2.7447,239.49
9.5802,502.92
12.799,611.08
11.5,1002
29.277,706.28
27.463,1154.7
46.809,1195.5
42.694,1068.2
43.056,1003.7
42.812,216.94
46.105,257.58
54.683,940.19
63.699,705.17
65.173,107.26
62.5,374
66.187,593.63
68.5,87.235
73.516,1177.1
74.932,118.95
76.459,1055.1
76.843,845.55
87.822,501.22
94.118,165.27
102.5,922
102.42,200.11
109.12,289.12
111.29,851.52
114.96,773.45
117.07,35.963
117.65,643.19
116.03,1230.9
129.6,342.97
132.47,101.89
136.24,388.49
140.95,892.08
141.16,1033.1
141.26,1128.2
142.42,260.11
144.42,190.89
159.08,1154.7
164.56,81.532
171.94,914.4
181.77,775.37
178.83,884.69
183.38,609.9
183.09,194.91
184.42,352.42
195.65,227.5
198.78,356
198.35,637.71
201.5,503
204.5,1214
205.91,620.91
206.77,807.09
211.71,1124.5
213.64,437.43
216.61,10.59
220.11,989.11
233.29,161.05
225.84,956.96
228.6,1166.4
233.46,765.94
234.81,584.07
241.57,413.09
244.64,601.19
247.82,1012.6
248.42,368.89
252.86,471.5
259.29,1128.3
259.28,273.74
269.97,809.56
277.59,273.48
276.21,396.54
281.15,1081
283.23,35.621
281.71,1165.6
290.65,612.18
292.37,530.81
291.42,188.11
296.21,890.12
299.22,291.89
312.62,490.11
319.99,428.79
324.86,809.43
324.14,638.5
325.42,137.55
325.43,159.39
334.92,938.12
335.07,1068
339.58,177.09
339.51,400.82
340.52,442.52
342.92,564.43
347.28,603.9
342.88,238.27
346.31,1154
353.99,136.56
356.02,977.41
358,244.88
360.94,477.31
366.16,376.82
362.83,30.067
367.57,1216.1
379.8,632.27
390.17,316.14
387.42,510.89
402.15,913.85
405.92,765.7
408.24,517.38
409.39,228.21
415.09,852.58
415.95,411.92
417.6,593.51
418.93,261.59
424.86,1146.4
428.83,623.59
441.24,262.81
444.61,731.33
442.94,497.97
445.54,1227.9
456.88,90.969
457.07,434.29
460.65,536.68
463.99,1190.2
461.08,183.92
472.89,131.09
484.94,953.85
485.93,324.93
486.11,1002.5
489.21,1106.9
495.41,208.16
493.12,263.69
492.43,372.8
494.38,189.9
497,442.04
503.43,1187.4
501.06,1205.5
503,333.75
510.48,507.19
509.53,755.55
514.74,116.24
522.22,1241.3
525.82,1084.1
526.35,316.12
528.46,31.239
543.5,1113.5
545.83,301.74
547.5,676.09
550.35,1136.8
550.5,985.13
551.74,764
556.06,625.22
555.82,385.4
567.11,485.46
573.47,284.34
579.43,929.65
587,628
589.55,28.355
601.89,1224.2
601.5,791
606.68,623.39
607.23,9.3274
613.68,573.95
617.9,162.4
619,367.5
622.66,1090.5
625,1239.5
625.94,640.74
629.74,549.98
630,978.75
632.64,823.06
631.93,472.59
635.98,80.598
633.25,616.17
643.14,434.14
642,1194.5
651.26,123.87
645.54,1233.2
649.47,446.21
648.5,1053
649.95,876.07
651.52,297.57
658.5,597.5
663.4,687.59
665.95,1232.3
669.34,880.89
672.5,190.14
671.86,1066.5
672.41,280.94
673.92,50.917
679.36,735.59
683.76,288.53
683.6,700.64
689.95,665.7
695.06,75.1
695.61,431.69
696.56,265.29
695.91,1208.7
704.86,814.84
712.06,153.83
706.15,127.46
707.06,1137.9
709.27,177.71
708.24,434.59
721.38,141.76
724.41,533.97
736.82,277.37
739.54,171.23
739.7,482.81
740.81,225.11
743.03,23.938
745.71,377.81
743.63,128.53
750.89,1010.8
753.14,221.82
757.87,173.62
764.91,281.07
765.28,335.92
769.03,791.13
770.62,393.4
772.53,807.45
779.98,382.03
786.11,866.58
787.33,1143.5
788.86,711
803.64,50.028
804.99,242.95
806.33,733
810.7,658.21
813.57,1005
815.42,103.58
822.64,133.85
821.99,272.75
821.94,603.65
823.39,886.56
827.09,1153.3
830.91,284.4
841.13,55.343
850.04,618.83
854.4,499.16
856.68,1053.7
853.5,1174
861.26,120
866.97,582.87
864.69,670.66
866.08,272.97
868.69,21.056
878.37,196
878.45,429.27
875.5,554.15
877.54,990.61
877.98,467.98
884.58,155.42
889.55,1204.5
895,285.83
896.45,692.29
897.94,573.25
898.57,167.61
900.93,318.78
903.66,144.85
906.37,23.693
908.77,240.23
907.84,656.48
909.9,1084
907.42,356.7
912.96,527.78
916.5,1141.5
919.46,1229.9
920.72,1214.5
920.22,985.32
921.69,511
930.24,779.11
928.57,843.84
928.5,2.8571
929.91,443.91
929.58,902.89
934.5,59.5
949.59,389.43
950.09,837.41
951.12,444.5
957.47,682.59
956.48,507.48
959.85,577.49
959.95,372.27
957.73,708.4
961.44,204.04
965.52,1099
964.5,297
967.39,414.29
971.91,93
986.52,1005.1
991.23,541.39
991.66,890.02
994.94,166.88
997.94,383.92
997.41,471
999.9,854.19
1005.4,908.83
1006.2,30.985
1008.4,306.73
1016.9,716.94
1012.1,255.41
1015.7,766.81
1017.7,524.08
1025.4,1009
1032.6,263.23
1031.7,973.45
1032.7,398.13
1029.5,58.5
1034.7,196.2
1034.9,365.17
1037.4,1216.1
1035.9,428.55
1049.2,673.2
1053.6,609
1057.9,127.85
1057.4,659.2
1060.3,530.25
1061.3,779.89
1065,217
1072.2,73.991
1068.9,1201.1
1071.9,488.45
1074.1,475.88
1074.5,1247.1
1076.6,1215.1
1093.5,1126.4
1095,549.14
1097,803.5
1098.1,269.09
1100.6,406.99
1110,716.6
1109.4,61.917
1115.1,969.22
1116.8,191.9
1117.5,306.35
1117.8,751.18
1121.5,688.12
1121.9,316.81
1126.1,550.25
1132.1,220.53
1137.5,181.67
1140.7,237.1
1148.3,738.52
1154.4,387.22
1164.6,901.27
1166,93.5
1176.1,70.475
1172.8,353.18
1181.9,819.58
1189.9,207.07
1186.5,589.5
1206.8,494.36
1208.1,917.19
1212.9,109.81
1212.3,443
1216.2,1194
1221.8,520.42
1227.2,715.98
1229.4,90.19
1235.3,1076.4
1237,487.83
1238.6,580.89
1239.1,983.59
1246.8,1238.6
