15.882,82.578
1.5,132
1.7143,144.93
6.0786,175.91
3.8483,219.06
2.7667,264.6
4.0519,318.36
26.702,345.08
7.1509,444.41
9.3073,636.06
4.7045,719.41
2.766,788.96
4.9296,851.89
3.6216,901.79
1.9268,1084.5
7.3286,1134.8
10.437,1188.8
13.813,1287.2
4.6267,1328.2
19.056,994.19
32.378,465.76
23.687,692.85
10.451,743.96
38.764,1221.6
17.079,242.16
28.429,1077.1
17.414,1161.4
19.101,900.13
36.833,602.36
20.36,827.58
30.27,752.96
21.42,1318.9
28.008,809.8
27,7.8209
23.895,785.42
29.306,863.48
26.385,1309.8
26,313
27,704
31.221,930.48
28.5,830.5
29.5,700
29,943
32,1039.4
31.667,886.17
32.5,880
34,1199.5
38.426,187.58
35.68,1084.2
40.425,35.95
42.226,1299.1
38,164.5
42.581,997.04
62.414,1029.9
50.178,1171.5
44.531,296.53
42.567,109.47
43.966,677.12
55.895,1117.1
56.142,66.495
45.308,92.923
49.229,803.67
46.56,156.72
55.69,915.3
48.341,284.39
59.843,140.26
54.392,846.15
50.125,114.75
53.087,8.6339
68.94,205.82
52,662.5
58.792,250.45
54,515.33
69.295,970.84
63.288,1257.1
73.695,1321.1
63.103,174.92
70.468,751.35
68.491,365.61
72.402,415.1
74.111,261.38
85.211,631.4
72.909,1286.4
74.467,521.23
74.956,806.97
74.097,889.1
90.274,1170.3
73.654,398.88
73.455,453.55
90.606,1142.3
75.75,495.83
87.828,1056.7
79.743,477.71
83.053,603.87
81.5,247.5
93.865,334.21
89.316,232.8
83.5,381.5
92.849,700.35
85.123,782.51
86.653,919.33
87.712,1205.8
96.174,167.07
88.259,275.19
88.167,445.07
106.34,17
98.804,573.03
98.024,665.93
95.103,503.26
98.753,929.94
94.075,1029.3
95.975,765.39
92.589,829.02
93.895,837.58
101.79,270.44
108.14,1069.4
100.5,1101.5
111.75,1259.1
118.27,225.17
101.64,727.71
105.41,904.77
110.63,89.207
107.13,1012.5
110.58,616.19
116.23,839.14
109.48,1187.2
114.98,1085.7
112.73,135.83
117.57,1021.6
127.58,557.74
122.18,395.83
129.9,896.75
118.66,1051.9
119.15,943.45
120.52,351
119.86,983.87
118.4,930.4
120.5,170
123.07,726.21
127.56,920.47
123.96,675.04
123.93,865.3
127.48,655.86
139.53,1090.4
128.44,1329.2
138.68,177.4
132.4,634.78
131.9,1192.9
136.31,1030.1
132.3,329.08
131.49,788.25
141.59,806.49
133.88,4.0625
158.08,728.17
139.88,441.99
143.37,986.52
143.07,39.363
141.63,124.81
151.01,692.81
144.89,304.85
149.73,646.25
143.56,197.75
141.5,1007.5
157.62,270.86
145.82,1130.4
146.53,389.69
148.68,348.62
154.37,1160.1
154.68,1210.8
149,1299
157.03,206.2
159.42,954.55
161.64,930.7
163.38,1019.2
157.78,233.78
161.29,1287.6
171.57,376.9
172.23,432.89
166.14,977.44
190.97,1081
172.94,1180.5
194.41,890.32
168.07,1041
170.89,814.21
175.82,78.582
176.49,120.73
185.49,947.9
173.8,1158.4
177.05,286.95
178.27,333.4
192.55,629.08
179.04,1117
177.08,68
160.38,247.72
183.19,35.59
187.76,1215.2
182.91,353.06
192.48,155.97
197.76,770.65
184.26,830.23
188.76,722.72
188.49,1021.7
186.5,713
189.77,980.46
191,187.76
194.69,595.23
202.31,463.25
193.35,358.85
196.75,330.09
196.28,37.472
196.66,242.97
199.66,1117.4
198.76,1203.8
209.2,816.34
202,1137
202.91,666.23
206.65,298.75
224.12,1320.8
208.24,128.24
216.11,966.19
221.3,72.74
221.7,845.71
208.36,441.82
211.36,1006.7
209.63,361.48
215.12,507.15
215.26,585.26
211.74,1229.9
220.79,218.91
215.46,247.32
217.23,672.65
261.54,266.67
222.46,132
221.54,728.67
221.1,367
234.01,454.41
232.17,316.07
226.33,407.31
225.5,709
227.74,1019.6
225.5,539
239.7,594.58
229.85,562.04
239.44,982.83
231.88,142.09
231.64,182.18
239.29,15.985
235.06,354.57
241.34,729.7
239.78,1044.4
238.27,649.67
236.5,946.5
243.16,109.64
240.55,682.68
244.28,914.38
249.07,165.43
243.52,956.69
250.92,511.82
241,710
255.43,1273.6
249.92,701.49
246.37,1095.3
253.16,48.144
247.85,358.61
248,536
252.34,1165.5
253.6,323.17
251.32,725.83
252.47,1223.1
263.08,1125
253.5,1004.4
261.19,601.81
280.52,652.37
258.93,750.46
258.66,863.75
254.83,1074.7
263.25,824.49
262.47,335.87
263.1,783.16
271.28,311.4
268.85,475.09
267.21,399.12
276.16,909.57
264.05,1004.3
264.58,283.89
266.38,1326
296.24,173
269.19,231.59
273.09,612.04
275.3,1211.2
272.84,163.44
272.58,703.55
283.44,1313.1
276.94,525.41
275.78,795.17
287.87,443.55
278.22,857.74
276.99,1062.8
279.07,1226.1
299.12,569.51
276.26,881.67
279.86,938.19
280.6,1288.8
288.56,338.83
282.6,592.6
298.89,239.41
290.14,610.65
295.48,1243.7
291.23,700.97
293.21,783.97
302.81,869.05
309.73,985.86
304.69,48.613
322.78,684.97
294.4,204.52
293.87,308.37
307.96,472.05
296.09,1031.5
296.38,1216.5
298.57,3.0714
295.6,805.6
297.5,743
303.99,1062.1
323.22,1163.6
314.39,102.7
318.85,386.31
311.92,758.22
313.39,1294.7
308.27,428.78
308.67,276.73
306.68,814.56
314.04,601.03
311.65,3.025
314.98,520.28
310.5,436.5
311.83,258.87
315.06,1241.4
335.34,1088.7
332.4,880.67
318.09,324.62
322.35,192.72
324.68,809.24
362.86,593.45
324,1232
330.86,539.04
328.44,948.32
327.58,1033.1
329,132
330.26,789.95
333.82,478.8
331,34
332.79,460.79
334.79,214.14
339.14,6.8326
337.95,440.58
339.94,1247.1
346.94,1326.5
371.08,42.671
350.38,926.39
358.84,539.23
340.43,565.61
348.38,1055.4
343,502.5
358.79,763.99
354.31,1225.3
355.42,87.71
349.29,529.74
351.09,991.16
352.06,352.89
350,442.5
354.1,553.54
352.33,610.79
352.5,858.5
354.76,1266.9
361.4,202.88
366.38,812.48
362.21,875.19
373.31,483.9
361,521
369.9,1092
369.37,1285.2
369.1,372.04
369.45,997.95
371.76,394.42
369.84,511.33
378.13,1207.3
373.81,416.25
398.39,1299.8
370.42,623.73
381.94,716.78
373,1171.5
405.76,161.3
398.67,1137.4
378.45,245.93
416.05,1022.4
377,292
379.44,1181.9
394.27,1096.8
380.68,287.22
388.6,438.18
391.77,857.26
389.74,1170.3
386.06,520.71
387.97,1026.5
428.04,255.93
390.21,937.04
413.22,911.54
403.97,1267.8
396.4,349.78
393.67,465.5
404,481.72
398.36,90.786
400.62,658.35
402.51,774.07
407.08,397.42
408.48,883.8
407.46,632.62
407.73,963.45
406,1082
430.78,1219.3
415.33,73.974
412.07,1162.1
408.44,300.8
411.88,807.83
438.35,456.95
416.03,495.29
443.5,509.23
424.78,561.36
430.22,609.11
421.69,21.205
423.77,328.82
436.68,683.47
432.68,1085.9
426.02,395.63
425.9,894.03
439.74,1188.2
430.2,853.65
429.47,941.72
436.54,94.212
429,1110
438.71,1153
440.21,70.539
438.16,282.12
431.5,589.5
455.12,23.828
448.44,178.63
439.01,625.05
439.13,875.13
451.86,783.99
444.9,411.59
447.56,746.96
469.08,345.78
452.83,880.94
463.33,719.79
458.82,70.931
469.15,648.53
465.99,910.34
458.47,604.8
458.96,93.89
483.4,274.89
465.06,105.19
465.29,148.45
474.44,859.85
485.82,955.45
478.01,1119.3
476.37,1069.6
471.05,1190.6
470.7,121.69
479.71,1224.8
474.45,587.94
493.91,766.63
492.36,541.77
482.86,607.26
508.17,346.13
477.09,821.6
483.65,44.912
489.61,877.51
482,1236
490.65,1083.2
495.77,1175
494.83,1199.7
496.62,706.23
494.71,42.217
499,84.566
496.09,986.39
507.12,223.49
494.61,648.43
507.13,1045.8
498.38,314.24
508.75,612.25
501.22,633.36
499.5,185
507.21,663.38
510.09,907.28
503.22,880.42
507.23,506.29
507.41,131.48
520.19,832.2
511.44,43.912
504.5,1074
515.37,1000.3
509,1216
512,565.5
513.94,575.16
514.25,89.156
512.5,316
534.52,389.52
526.66,10.765
517.4,561.4
526.44,755.35
525.92,169.88
531.78,467.12
521.87,684.06
525.25,786.75
521.66,140.44
525.61,202.59
529.94,1196.4
528.22,86.364
525.64,281.23
525.67,427.5
524.5,65.484
525.53,242.48
524,730.33
524.49,801.41
543.04,953.62
530.22,549.83
532.51,710.66
530.54,852.88
532.51,304.1
546.18,566.31
538.97,668.13
537.84,634.87
540.33,875.38
540.1,1099.7
546.85,358.53
541,844.43
548.51,39.695
544.91,158.58
546.02,102.36
546.35,414.1
544.35,136.88
545.06,437.09
550.77,777.15
551.08,891.92
557.35,1175.6
549.17,617.86
554.64,822.19
552.11,53.878
548,121
552.89,700.9
555.2,1056.7
578.11,72.938
556.25,303.62
570.87,204.66
560.59,147.52
577.58,822.5
580.07,537.08
564,179.14
565.65,268.36
570.63,695.42
568.03,419.23
572.54,1109.1
569.88,1189
580.36,1045.2
572.1,309.99
570.11,739.58
576.93,1086.3
578.27,1157.2
580.63,457.53
575.14,630.14
582.04,666.08
617.12,724.6
587.06,168.38
586.79,294.83
582.49,345.55
591.22,373.82
580.3,935.11
582.32,650.8
585.24,761.44
587.09,1132.7
600.4,422.76
591,99.5
594.24,1082.2
665.46,823.3
596.94,935.75
597.62,1147
595.9,141.56
597.29,42.696
596.44,107.8
597.53,1319
602.4,753.26
610.34,1053.2
601.55,466.17
600.76,1117.6
602.4,968.49
620.34,478.59
619.94,543.56
607.34,316.86
605.86,187.39
607.63,133.15
617.89,953.04
612.59,1087.9
609.06,92.123
626.65,990.9
626.98,1108.1
613.88,1151.9
616.14,1314
618.03,438.41
632.89,905.4
625.44,405.55
616.25,610.12
620.69,213.87
628.5,331.51
630.51,586.64
627.46,887.02
630.77,451.33
641.31,91.17
641.16,376.99
642.65,1142.3
636.2,627.04
637.86,1304.8
636.67,3.0392
643.78,313.17
635.5,130.5
677.98,998.98
637.35,1119
641.94,968.91
647.19,40.643
643.25,1057.8
648.38,459.1
646.61,348.89
652.23,726.89
685.45,1257.3
648.86,940.76
662.52,282.68
651.92,359.44
665.28,764.38
672.27,1068.7
678.86,577.39
660.89,515.12
659.23,961.22
656.5,610.5
673.91,706.67
657.44,634.59
667.47,551.75
661.17,865.36
660.27,313.45
664.88,797.52
663.13,430.33
667.61,7.4485
666.95,302.11
697.04,951.38
679.42,939.86
673.36,922.79
677.07,389.28
678.85,473.85
681.72,881.45
687.42,344.19
681.38,421.85
679.5,591.5
684.76,490.98
687.26,369.61
684.33,671
688.57,644.33
694.78,750.16
688.64,1323.1
690.58,433.13
700.85,542.8
692.31,910.81
689.5,1285
694.02,620.18
709.27,1294.9
700.6,862.04
706.13,484.15
712.93,1101.4
707.35,408.86
709.65,632.12
750.24,1321.6
716.65,558.27
714.51,909.23
715.98,380.47
711.42,603.11
727.71,622.49
748.21,690.64
724.04,356.25
713.42,1060.9
739,986.64
725.23,1075
742.62,510.56
737.42,430.84
748.39,845.39
743.27,101.88
745.63,561.44
735.46,1224.7
734.55,750.04
733.5,1059.5
742.64,19.193
742.21,950.72
756.81,1055.5
742.9,606.51
741.2,881.56
742.78,1181.6
751.41,1271.6
745.5,319.5
747.04,299.86
747.5,534.5
755.72,884.75
783.64,22.798
749,808
763.72,927.15
756.37,446.72
754,803.5
756.4,1196.7
774.21,609.04
759.05,1217.6
759.25,478.35
762.48,55.452
763.37,91.42
790.31,112.83
763.94,1263.4
767.47,574.35
764.5,434
768.53,464.82
770.23,314
767.6,421.6
785.09,720.62
770.98,981.48
770.87,764.97
786.12,292.31
780.1,407.58
787.45,1250
777.26,519.74
774.82,854.67
773.42,906.11
779.15,93.278
780.93,885.32
780.04,793.95
778.68,963.53
776.94,1216.4
782.08,1299.3
782.05,161.12
794.4,625.97
783.6,657.6
788.33,1031.7
794.87,991.48
807.06,40.662
791.94,452.15
797.66,915.11
794.25,1.875
796.95,556.19
805.88,1281.7
796.39,1319.3
819.76,422.3
801.25,1233.9
809.04,662.95
834.66,170.62
817.81,231.59
809.85,1314.5
891.35,480.83
808.62,583.09
811.55,404.49
810,481
837.63,723.07
812.27,288.43
830.92,1208.4
818.72,1328.1
816.86,135.78
814.42,462.11
838.2,835.04
849.42,61.934
829.99,761.33
823.3,535.16
861.6,891.36
838.04,383.89
865.19,937.02
827.47,1261.6
831.41,2.5366
830.91,668.91
833.06,12.812
837.44,324.02
835.41,586.07
840.09,640.33
839.18,691.85
842.43,34.068
841.01,459.24
854.75,549.43
879.33,1184.7
873.68,605.47
845,675
850.14,670.56
857.73,1134.5
852,427.67
851,764
852.96,183.58
859.19,400.97
854.69,640.67
857.08,325.14
854.38,683.42
882.73,228.57
874.84,845.42
856.6,1224.6
864.59,1289.5
862.15,19.598
861,1220
861.87,203.44
863.71,191.37
865.02,741.62
872.53,1108.2
867.12,302.28
869.74,347.08
873.19,176.9
879.35,1322.6
889.56,112.52
872.8,140.09
870.5,200.5
869,437.12
872.87,248.79
876.89,519.82
874.71,539.55
887.97,788.19
894.56,183.65
877.44,701.44
880.42,316.04
882.19,255.33
888.16,131.37
896.6,283.06
897.81,50.045
892.39,342.32
887.48,460.9
888.56,1124.1
891.36,31.146
907.06,620.87
888.54,747.83
905.05,143.24
890.87,316.42
889.56,699.55
895.74,1089.8
910.4,373.57
898.79,1124.1
910.71,1230.3
901.95,1074.3
903.04,434.95
901.97,1103.1
907.33,1269
903,158
917.47,663.63
904.65,326.57
904,338
906.31,839.06
909.86,311.27
919.61,853.05
918.21,19.615
917.16,337.4
936.74,793.5
911.74,1096.1
917.13,552.4
935.28,723.63
912,1070.3
918.81,829.5
927.9,113.5
948.65,206.26
922.8,1165.7
934.14,313.34
925.27,1321.6
920.32,694.36
932.96,1195.8
926.44,1295.8
950.62,1063.8
926,694
933.12,63.101
937,830.24
949.29,87.773
937.74,608.09
944.38,331.49
941.05,516.61
945.78,861.36
949.26,1144.5
943.5,1314
951.76,1238.8
968.98,836.42
951.33,294.36
951.2,743.74
950.92,1116.6
953.74,1310.8
989.52,1190.5
959.61,521.26
951.48,808.91
981.32,92.275
956.68,387.24
964.81,17.992
966.98,592.89
962.53,697.13
962.84,1259.6
970.05,717.04
973.58,287.38
966.11,1083.6
979.28,484.66
982.26,1233.8
973.45,37.931
978.01,381.34
975.11,1096.2
975.5,1200.5
979.13,54.604
976.71,514.71
1000,244.41
1002.3,346.84
995.98,159.68
986,417.12
982.58,701.23
983.02,1151
989.47,790.36
984.38,448.33
997.49,304.42
994.51,539.33
987.92,758.72
987.7,811.2
994.52,113.24
998.12,714.31
990.84,1156.9
993.54,1036.6
994.95,1164.1
1013,431.32
998.5,499.5
1034.8,799.56
1005.9,204.08
1006.5,547.5
1007.5,687
1013.6,731.22
1014.4,784.08
1028.3,88.562
1044.7,1022.5
1017.3,1308.8
1014.7,396.05
1020.5,657.14
1020.2,457.83
1020.5,678.9
1019.7,766
1021.6,123.19
1020.6,53.026
1023.1,20.303
1030.7,518.36
1021.5,216
1023.7,854
1031.9,246.13
1036.4,291.05
1031.1,684.12
1032.5,1208.5
1036.7,383.43
1032.2,1187.7
1039.5,59.933
1041.7,663.68
1041.5,742.77
1042.2,146.16
1043.8,452.04
1051.5,682.71
1040,1173.2
1043.6,634.45
1043.5,326.51
1048.6,432.78
1043,426
1045.6,201.97
1046.5,265.06
1070.7,383.18
1050.3,502.6
1048.8,174.65
1049.8,512.17
1052.6,583.78
1057.3,1218.9
1051,471.5
1054,27.125
1059.5,219.46
1072.6,701.87
1055.3,491.53
1062.9,1283.8
1063.4,1268.2
1071.2,301.29
1061.4,81.419
1061.1,151.59
1063.6,502.02
1063.2,526.81
1069.3,1327.4
1108.2,736.96
1083.3,1159.8
1063.5,420.5
1077.5,628.79
1076.5,259.91
1073.5,544.5
1070,1299.5
1080.6,463.36
1070.2,565.62
1089.3,1245
1077.8,29.293
1075,76.123
1085.4,93.627
1082.6,1046.2
1090.5,120
1079.8,520.27
1082.3,1019.4
1081.5,4.625
1083.9,1272.5
1084.1,214.23
1090.1,492.56
1086.1,792.91
1090.3,802.76
1097.5,832.48
1090,612.56
1091.3,18.769
1099.9,544.44
1098.2,154.15
1103.8,1306.9
1106.4,565.21
1097.1,8.7111
1099.2,30.31
1095.5,1021.5
1115.5,284.14
1100.5,887.63
1106.5,1191.5
1104.7,190.23
1101.5,374.19
1107,51.893
1109.1,614.06
1110.4,1210.7
1102.4,246.6
1104.1,668.19
1104.9,461.26
1116.9,585.98
1108.9,109.76
1113.1,504.41
1109,1169.5
1113.3,1045.2
1122.3,910.59
1111.8,1069.2
1138.2,468.18
1120.2,170.98
1119.1,429.47
1118.4,1169.5
1143.2,130.7
1118,443
1134,377.53
1123.3,451.71
1128.3,30.829
1134.1,542.08
1126.4,517.27
1123.6,791.06
1136.9,1252.9
1135.9,1286.1
1133,245.91
1126.8,1140.2
1134.2,866.21
1136,1178.6
1148,721.05
1138.4,2.7368
1140.7,795.14
1145.9,770.87
1144.2,1204.8
1142.5,85
1151.8,595.31
1152.8,415.64
1149.9,307.91
1152.4,815.01
1168.1,248.88
1149.3,294.07
1149,1054.4
1148.5,1.5
1148,85
1149.6,526.89
1158.5,670.49
1154.2,1130.7
1153.4,848.19
1156.1,898.69
1148.7,1013.7
1155.6,864.69
1161.4,47.817
1165.8,1039.8
1160.8,1197.7
1161.6,1161.1
1184.5,79.296
1164.5,539.11
1162.2,727.37
1162,838.5
1169.4,278.98
1165.7,791
1173.3,204.96
1166.7,370
1170.6,380.32
1178.2,483.03
1174.1,22.756
1170.1,299.05
1175.9,731.1
1170.4,154.4
1174.6,1176.2
1178.6,441.84
1171.6,716.89
1175.7,809.37
1172.4,879.43
1176.1,771.84
1174,824.33
1201.1,1214.4
1175,148.91
1194.7,790.26
1189.3,1142.5
1178.7,1105.5
1179,43.691
1182.6,149.38
1192.6,413.23
1189.9,253.78
1186.8,324.9
1191,166.56
1190,374.16
1212.9,192.54
1189,460
1230.1,46.13
1194.5,500.6
1210.6,346.25
1239.5,699.4
1194.7,887.64
1197.5,387.31
1260,427.39
1196.5,1035.4
1200.7,368.92
1203,283.82
1210.6,1086.9
1214.7,257.12
1207,324
1213.8,1016.9
1218.2,1147.6
1220.6,133.06
1214.8,893.97
1221,278.64
1222.9,1112.4
1221.2,319.37
1224.4,821.95
1220.5,1075.5
1226.1,65.8
1245.4,742.74
1222.4,1068.9
1227.1,1242.3
1228.6,500.72
1235,632.55
1237.4,1039.2
1230.9,770.32
1239.8,924.24
1231.9,986.54
1235.9,294.67
1239.2,328.17
1236,806.9
1260.4,1242
1240,1058.4
1250.1,1002.3
1257.4,1114.2
1254.2,202.95
1256.9,340.46
1258,131.77
1256.9,964.91
1254.4,837.14
1256.6,857.01
1261.1,643.82
1265.4,420.87
1258.2,890.19
1283.6,1043.9
1265.9,306.4
1266.8,389.89
1271.2,1290.8
1267.9,1011.2
1270.3,1173
1269.6,368.08
1280,788.96
1273.3,209.84
1281.6,828.25
1271.3,986.13
1271.3,950.57
1276,1100
1275.8,885.95
1273.5,105.5
1276.3,312.63
1280.1,2.5323
1305.8,269.56
1280.3,342.34
1278.7,30.429
1287.7,956.02
1285,1321.1
1283,96.65
1282.9,197.09
1289.2,364.44
1284.5,992.41
1285.3,143.69
1290.6,244.06
1293,1248.4
1294.5,1068.8
1294.3,109.98
1298.2,303.89
1291.7,1127.5
1292.4,1291.5
1296.9,3.3433
1294.6,615.24
1308.1,137.74
1309,1198
1296,98
1310.8,901.61
1301.7,861.19
1309.9,1306.4
1301,89
1303.3,1329.1
1318.4,1232.1
1308,440.72
1311.5,586.85
1306.9,732.42
1315.4,832.79
1315.7,232.46
1311.1,771.65
1314.6,966.45
1316,988.85
1317.8,1132.3
1326.6,471.22
1326.3,77.076
1319.9,1028.7
1320.2,933.6
1319.3,15.571
1325.2,1142.1
1327,435.99
1328.5,295.64
1327.7,996.05
1328.8,1106.3
1328.6,1270
1328.5,1312.7
1329,31.894
1330.3,359.47
1330,734.53
1329.7,1054.4
1330.4,956.34
