2.9851,52.194
20.551,177.5
1.8,221.3
30.823,267.24
10.115,331.23
2.7838,523.68
47.097,521.42
1.5,599.5
2.6538,652.54
24.263,665.16
4.75,1094
8.7849,612.81
9.5,106
19.634,134.63
22.115,479.95
17.879,1017
304.91,656.62
43.162,113.22
22.6,421.52
25.8,362.41
32.757,605.37
36.794,17.53
32.551,232.23
29,354
35.182,586.05
150.14,219.23
39.517,196.23
47.407,389.07
51.826,726.68
97.418,586.11
63.742,696.16
61.3,5.9
64.558,1156.7
66.944,190.11
124.76,428.56
79.513,80.286
97.598,1093.9
93.573,826.6
99.299,914.6
104.55,312.68
102.72,157.79
108.14,361.32
108.87,117.08
107.79,518.38
118.39,203.61
127.55,156.97
112.44,928.69
116.64,490.47
116.05,345.06
117.69,564.31
115.95,805.9
120.67,314.17
122.05,380.74
127.3,515.45
125.88,337.35
134.33,17.257
133.59,603.47
138.18,484.28
191,797.12
139,835
147.51,373.38
143.33,427.27
145.95,635.15
147,501
166.11,484.4
161.06,614.89
167.59,1171.9
161.12,1260.8
169.62,244.1
167.9,2.7
173.59,329.99
197.39,543.62
170.5,945.5
179.83,452.96
180.22,513.08
180.99,614.52
179.79,750.86
184.53,853.4
192.83,731.65
191.35,701
193.43,761.85
197.81,398.89
194.74,74.806
196.84,14.461
202.99,860.54
205.04,28.732
207.07,475.28
203.09,569.03
203.5,456.5
213.78,504.72
242.81,389
226.86,220.94
235.64,32.584
233.06,870.99
223.5,253
226.88,831.1
236.24,435.36
244.73,258.87
239.09,408.55
239,472.39
239.27,833.27
247.46,766.85
273.33,913.06
261.09,851.03
259.85,770.67
273.71,213.26
285.52,326.29
274.31,1272.3
307.88,857.63
276.13,417.32
276.38,816
346.33,79.104
278.69,245.69
279.37,300.93
286.75,586.89
277.92,794.92
286.52,886.42
290.11,945.57
280.95,266.41
282.81,826.69
282.42,726.89
288.07,6.4432
325.86,269.59
290.64,837.49
301.46,821.99
333,157.97
302.09,555.18
305.34,21.303
341.38,932.72
304.6,388.31
304.46,665.43
384.79,1272.3
307.71,122.39
310.02,721.16
317,439.67
433.61,850.21
324.79,486.03
327.13,750.26
344.29,732.06
332.32,534.42
332.06,1148.3
334.35,791.6
336.5,215.5
345.88,468.09
343.52,399.51
347.79,1006.4
352.7,862.53
347.01,220.3
353.08,7.5074
345,231.83
348.43,771.51
347.87,267.3
353.18,255.34
356.34,353.38
357.06,441.18
358.39,1039.5
352.96,1101.9
355.85,67.488
358.18,177.83
362.68,701.95
440.52,1158.9
356.9,577.25
357.94,477.44
358.6,36.095
362.46,127.82
369.67,419
444.38,120.81
370.04,610.42
400.03,260.32
385.72,754.82
374.61,855.09
384.24,204.35
383.7,1012.7
384.48,30.081
381.54,394.71
388.17,579.37
391.1,416.38
397,38.5
405.61,441.26
401.05,1247.4
401.87,709.63
410.55,724.77
422.2,175.32
465.45,413.75
422.53,573.45
424.03,1209.6
432.57,631.58
426.93,385.41
448,1035.7
431.5,1060.3
433.97,948.6
438.25,272.47
433.5,972
436.17,226.33
438,982.63
446.44,389.71
458.63,18.248
445.61,234.58
448.24,196.69
456.74,55.689
455.64,259.41
455.5,576.5
482.69,485.32
458.33,253
468.88,696.83
464.49,1104.3
469.83,577.34
487.78,63.158
478.89,728.43
489.61,1124.4
481.03,455.21
482,1019
487.88,997.96
487.36,23.622
488.47,1047.5
488.33,1076.9
487.75,764.12
504.17,718.3
514.06,43.286
501.28,511.49
502,2.7692
507.67,1291.7
523.95,414.98
506.62,1035.4
505.81,1173.9
506.12,1236.7
509.26,148.95
511.5,76
517.08,1324.7
515.67,468.11
557.49,1294.1
520.52,235.02
528.22,1118.7
520.44,85.8
524.6,1226.5
554.39,518.84
535.74,720.62
592.29,960.2
573.94,1159.8
547.02,775.18
552.2,864.64
571.01,159.54
567.32,314.64
555.61,563.13
558.24,241.36
613.47,254.97
555.67,1065.2
558.06,708.55
558.68,1074.5
547.18,114.07
562.6,1084.6
566.55,474.7
574.62,9.6203
569.71,499.29
578.8,898.15
584.73,815.73
574,864.5
582.99,1019.9
585.22,545.74
592.05,987.57
659.19,100.05
602.79,355.12
611.18,963.14
601.95,382.08
732.55,673.14
606.5,546
615.15,50.273
616.77,756.33
616.93,1188.5
622.76,993.47
623.78,92.388
636.27,541.9
626.94,13.562
627.67,593.78
630.65,1212
675.61,1043
638.19,1137.3
649.74,1093.5
654.18,31.659
647.93,101.17
662.96,869.68
653.94,161.12
656.77,300.77
663.44,1009
663.04,1132.5
670.27,220.35
672.34,1124.2
675.35,895.74
679.26,142.13
678.09,153.91
687.18,887.12
693.22,1299.3
693.16,138.91
702.12,1223.2
698.54,748.96
703.31,449.84
711.62,778.45
706,490.16
703,1331.5
707.93,15.833
712.31,903.06
758.4,905.71
718.64,1267.2
714.48,518.25
717.04,309.64
718,189.5
718.96,1139.5
717.22,1206.2
724.81,1172
734.7,365.46
732.53,969.92
734.19,178.99
738.21,452.9
734.38,64.984
733.65,810.19
734.71,25.714
747.22,194.17
747.03,512.76
734.12,1218.7
735.75,470.67
735,1206.5
736.19,1330.7
740.24,1174.3
755.74,86.924
749.55,280.55
751.71,31.076
752.56,1211.4
756.6,307.79
756.74,49.347
760.98,869.21
764.84,584.7
762.26,804.4
761.13,1175.2
759.88,1049.6
762,1106.5
773.18,1097.6
768.23,21.66
801.71,1282.2
773.89,231.73
775.98,71.857
775.34,355.24
783.69,529.41
807.58,4.7927
789.82,399.18
796.73,598.12
821.92,60.254
790.4,73.7
799.28,895.77
803.81,275.76
801.92,33.44
803.3,330.7
818.36,835.85
816.26,320.06
811.86,469.9
830.03,539.35
814.53,590.52
818.74,287.31
816.26,391.87
818.04,307.48
824.59,601.91
885.6,1027.2
838.34,836.55
831.96,433.87
841.85,1323.2
838.13,396.79
842.11,464.48
849.99,414.56
847.7,675.1
853.15,593.33
850.41,434.88
853.83,886.25
907.06,867.16
853.5,852
865.33,538.19
871.25,610.69
870.85,637.56
868.92,863.08
873,1184.7
881.9,3.8426
879.55,1250.6
885.63,379.44
878.86,389.5
887.37,727.47
881.89,762.43
885.29,25.429
893.68,27.6
906.41,789.22
902.84,1116
976.93,489.67
918.28,526.65
931.59,84.036
945.77,794.24
962.3,718.35
950.76,890.89
953.05,394.71
959.98,384.34
960.45,679.69
974.36,1129.3
982.16,1152.2
980.5,366.85
990.1,845.74
984.09,1170
989.05,9.5091
990.4,902.59
1076.9,650.37
993.93,339.81
1020.1,920.73
1000.1,394.82
995.88,613.07
1000.4,44.212
1001.8,1229.2
1010.4,359.36
999.89,823.58
1006.2,306.75
1019.7,13.333
1016.7,592.65
1008.5,1241
1009,273
1016.3,1040.6
1015.1,1137.9
1024.8,1244.5
1025.2,727.87
1029.6,566.75
1030.2,661.91
1041.8,1110.1
1040.1,992.34
1073.8,61.095
1036.4,285.67
1041,954.96
1043,1036.7
1060.8,375.45
1043.5,424.5
1043,1246.5
1052.2,275.53
1057.5,1321.4
1070.3,997.07
1089.4,1116.8
1064.6,891.96
1064.2,1262.4
1069.3,842.8
1070.5,1024.5
1076.1,981.59
1081.6,346.91
1080.1,959.35
1079.7,1011.2
1084.2,1273.4
1081.8,814.14
1084.8,1020.9
1139.3,980.81
1083.5,550.5
1093.3,402.41
1092.7,493.75
1096.5,516.08
1108.9,212.03
1104.2,136.92
1104.5,817.5
1113.4,366.5
1118.6,350.26
1118.6,872.34
1130.4,925.59
1119.8,322.09
1123.2,58.205
1172.5,1045.6
1122.6,341.11
1122.7,1088.6
1131,437.5
1136.6,1026.9
1138.8,633.5
1127.2,1233.1
1140.9,55.152
1143,110.62
1146.6,417.56
1158.6,42.348
1267.5,905.61
1159.1,813.85
1161,799.12
1164.8,898.11
1212.6,1138.4
1165.9,327.98
1170,910
1172.6,64.214
1215.1,528.19
1183.2,847.09
1177.2,1007.7
1178.3,2.2174
1191.7,644.25
1200.4,86.678
1188,172.62
1185.6,196.6
1187.4,1230.4
1190.2,119.72
1188.7,782.95
1187,863
1189.2,922.81
1196.3,554.06
1198,1299.5
1201.2,1226.9
1205.5,896
1220.7,25.085
1243.9,304.43
1214.2,896.19
1221,259.85
1222,357.66
1232.4,1324.6
1229.9,197.34
1237.7,239.86
1235.6,423.61
1238.8,160.6
1243.6,386.02
1241.5,647.5
1244.7,49.155
1266.5,465.83
1253.6,137
1260,1016.5
1269.5,1039.4
1286.9,67.407
1280.1,681.09
1288.1,513.47
1276.8,1330.4
1283.4,801.03
1284,1175.9
1286.5,1114.6
1289.8,1069.7
1284.3,1317.7
1287.8,574.34
1290.2,737.77
1288,1138.2
1291.5,1329.7
1296.4,1293.4
1294.4,1204.1
1292.5,484.51
1311.1,1234.8
1299.8,272.87
1301.5,438.21
1303.9,651.75
1310.2,769.89
1301.6,383.57
1305.4,756.74
1275.4,984.84
1317.2,730.74
1321.6,399.74
1309.9,689.47
1317.9,195.36
1317.4,708.73
1322.6,542.97
1317.4,1316.1
1325,1326.6
1327.2,139.4
1326.6,347.1
1328.8,214.46
1329.3,699.35
