13.354,284.29
9.6561,319.99
2.1111,392.78
12.905,549.12
7.25,579.07
85.986,772.06
3.2125,791.02
8.8182,879.13
23.449,924.88
3.3654,974.56
14.527,994.26
7.3722,1033.4
4.5155,1091.5
3.4404,1147.4
4.8367,1234.2
8.5922,814.67
12.21,508.94
11.417,1123.3
9.0755,728.04
14.224,850.85
14.138,1052.6
27.592,1202.7
28.247,794.23
40.637,725.01
33.595,621.09
24.906,830.62
41.474,447.46
48.45,882.5
44.849,834.49
51.169,560.94
41.327,1132.9
39.748,1039.5
37.6,1116.6
46.685,331.11
56.691,1172.7
60.61,702.03
68.908,1217.6
56.091,1043.8
60.719,1112.7
77.971,1034.2
63.97,310.83
62.333,782.17
67.091,800.05
85.455,640.34
72.07,554.23
70.444,748.22
71.13,836.17
87.59,244.93
86.055,1236
86.339,1191.1
104.42,610.43
85.526,717.46
98.729,284.3
87,965
87.459,1126.8
89.387,817.32
96.169,319.5
94.04,1056.5
99.08,1162.3
101.45,344.26
95.057,909.51
99.382,1122.1
99,1088.2
101.7,830.29
99.625,885.88
104.66,670.57
115.21,461.04
105.03,710.95
106.75,803.94
107.15,1214.5
115.74,889.08
117.67,972.13
109.48,1228.1
119.81,206.67
113.06,1182.5
121.59,659.84
137.13,813.21
115.11,700.56
129.45,262.62
123.41,524.28
97.393,942.45
118.41,324.51
120.37,1195.5
120.5,689
133.24,1123
120.93,1174
121.91,796.09
124.39,636.89
134.29,1152
133.75,310.84
141.04,373.75
134.05,946.49
136,1038
138.93,455.83
142.66,1180.7
142.08,470.39
143.55,1203.4
142,419
158.45,529.79
149.55,719.45
150.6,910.67
151.35,1023.5
148.13,839.1
149.76,1047.1
157.19,887.26
158.14,251.04
153.5,297
172.69,588.68
159.05,440.47
154.5,1001.5
161.27,1112.6
163.78,830.78
168.07,366.74
165.81,402.05
166.24,854.56
169.87,164.26
165.8,744.93
169.23,960.9
176.05,1044.9
186.55,345.12
177.66,1184.5
170.8,1009.7
172.65,720.91
180.83,499.92
178.51,985.19
176.44,1135.8
181.42,293.5
181.62,824.89
190.33,1111.9
181.48,254.48
191.28,686.25
201.56,752.35
205.16,1144
195.02,956.61
193,241.03
197.03,797.61
221.63,569.05
203.41,897.08
203.66,441.02
208.24,425.11
214.02,993.3
207.92,1197.4
216.75,645.47
214,878
230.25,394.77
222.92,495.32
221.59,797.07
235.92,874.37
223.37,423.37
227.99,1071.3
231.16,1184
236.87,951.61
239.81,659.63
233.5,961
266.94,983.25
242.2,729.15
247.4,4.8182
241,421.36
248.06,612.11
245.24,1015.2
276.05,317.26
298.68,794.34
286.9,944.34
259.46,729.41
273.64,744.92
262.99,848.85
263,890
262,545
265.74,551.38
275.26,871.42
266.91,302.09
279.56,387.11
272.42,445.11
273.31,1170.8
295.61,1007.2
275.9,458.02
283.2,667.2
293.3,472.01
285.58,409.11
294.66,355.31
290.5,1153.9
299.21,642.85
311.62,21.905
303.19,415.98
316.81,329.51
305.41,747.19
304.43,669.39
304.6,738.4
308,354
326.98,1092.8
309.36,873.16
313.95,735.46
318,683
324.3,1011.4
331.05,853.01
342.64,957.77
342.12,363.85
348.05,413.6
372.61,926.42
350.5,1011.4
345.08,1039.1
351.2,881.68
355.19,439.67
356.05,857
357,1144.5
362.04,446.88
366.65,835.64
368.12,422.06
371.42,859.44
375.7,248.91
377.49,1114.6
384.48,797.6
389.82,890.05
379.08,979.34
389.1,1012.5
413.48,1030
386.65,1132.4
386.4,447.6
390.88,306.89
395.79,288.92
391.54,521.95
393.23,853.5
411.97,1080.9
400.23,448.53
399.88,958.59
398.48,498.02
404.98,162.79
420.64,254
422.85,901.83
411,187.5
429.95,405.58
429.35,812.08
430.19,743.35
445.69,1125.5
428.16,92.774
447.73,63.977
441.88,474.2
440.77,989.44
443.68,848.25
440.17,404.07
450.98,281.3
447.34,637.25
444.09,716.23
448.61,188.69
444.6,491.4
472.2,1016.6
455.79,803.46
450.58,114.45
461.9,707.84
455.07,1057.2
474.83,162.32
454.9,761.08
467.13,982.27
458,315.5
457,756
457.6,830.4
472.34,100.43
480.59,422.7
463.6,235.22
460.91,836.81
460.55,1231.3
471.43,455.23
473.18,948.65
473.29,330.39
468.05,245.95
469.64,851.82
469.5,1088.5
479.91,313.09
485.59,139.76
496.34,646.11
502.57,950.3
490.24,235.36
516.74,193.08
491.86,1059.1
493.6,1070.5
495.17,462
496.68,898.11
515.4,1088.5
505.07,294.81
500.27,813.73
509.91,601.38
509.42,1144.4
518.47,462.82
519.35,332.08
522.42,762.25
510.12,442.35
510.42,739.55
511.64,270.11
512.82,494.32
518.7,86.135
523.91,857.26
520.92,1048.7
520.9,968.57
522.19,419.9
534.17,255.31
571.27,60.345
534.7,1129.3
539.89,991.4
552.02,1052.5
543.32,316.37
558.82,536.77
546.15,1022
548.09,568.38
556.56,916.64
558.18,820.43
563.13,199.81
557.09,974.68
565.25,1110.4
574,739.8
565.95,951.91
568.71,134.17
567,1025
572.78,1004.8
575.5,1069.8
577.27,245.27
594.42,931.31
578,951
577.8,966.44
579.18,1023.4
583.12,332.91
584.26,711.96
597.5,116.47
588.64,1119.2
591,615.9
590.39,169.32
592,629
609.36,1005
598.84,406.03
613.61,1088.7
601.52,905.4
625.76,970.36
635.68,248.24
618.43,625.46
606.75,869.64
635.54,99.539
609.13,534.79
614.37,431.89
625.87,943.81
622.27,897.35
624.71,914
632.04,35.905
635.8,818.87
639.36,449.81
646.29,891.49
632.83,344.93
640.68,314.09
642.39,411.73
648.8,329.12
643.26,1078.5
643.83,722.33
654.65,1014.8
660.18,1061.7
653.59,384.66
654.29,574.08
660.53,664.73
661.18,167.22
675.74,218.66
687.34,952.2
666.68,816.41
660.11,504.42
660.88,619.91
666.39,318.5
674.66,718.51
666.86,402.14
667.65,1002.4
671.91,536.83
671.84,1222.7
676.01,1244.8
703.52,152.57
672.91,916.7
681.21,346.95
678.66,1036
676.59,410.93
678.79,643.17
686.47,667.55
693.58,838.42
684.37,884.23
679.41,999.19
683.24,55.796
699.02,465.05
725.42,16.49
696.86,1010.1
688.5,205
705.7,392.25
699.29,870.14
710.56,52.41
704.1,205.26
711.6,229.45
712.23,436.94
704.5,188
717.53,1180.3
720.49,790.33
710.26,641.83
721.51,497.01
710.08,268.38
716.15,672.91
728.58,883.71
715.38,1039
733.21,698.66
726.49,1115.8
728,323.47
734.67,962.04
728.86,192.3
729.24,990.93
726.64,209.11
746.03,134.33
747.78,353.24
738.06,61.155
750.49,240.96
736.36,106.14
743.27,391.63
737.82,719.89
749.7,921.9
740.5,1038
740.1,118.03
751.5,1117.3
768.7,983.91
751.47,174.95
747,450
764.65,1027.4
755.77,736.41
797.02,315.71
762.21,21.358
770.68,847.44
767.33,576.15
781.05,661.71
772.09,167
777.95,550.41
773.6,335.4
777.89,893.15
781.65,242.53
780.78,12.341
784.8,916.49
782.05,151.68
817.12,205.79
784.93,71.488
784.07,349.41
793.06,4.6957
788.2,190.85
786,235
801.92,950.75
791.56,717.24
795.99,31.103
794.07,505.4
817.38,1012.1
797.28,379.91
796.5,1093.5
815.81,879.32
802.6,69.04
804.58,989.3
812.65,550.89
805.38,161
806,523.33
815.53,437.28
814.19,4.744
820.4,511.08
820.36,1175.8
819,933
829.72,988
827.18,692.3
825.44,728.24
830.77,163.79
834.42,63.9
871.05,263
832.27,91.233
836.33,471.39
838.85,143.47
840.59,639.66
843.25,521.99
848.92,1006.1
845.02,35.677
854.37,949.48
845.65,338.5
865.07,460.18
853.71,540.55
861.66,805.53
857.74,506.76
883.82,1080.2
867.96,225.22
865.28,200.64
865.17,524.13
876.25,905.62
872.91,150.93
913.68,977.27
876.8,33.241
876.89,773.08
879.41,66.2
877.47,512.76
880.4,877.44
882.83,8.4503
879,651.83
885.71,804.24
883.71,933.29
888.36,856.25
887.06,266.91
901.21,569.11
885.42,89.473
917.56,791.43
907.07,825.53
900.32,438.8
899.04,463.46
907.7,197.94
923.25,289.57
904.34,1100.6
912.55,25.496
910.61,134.12
920.46,475.97
921.79,1121.8
927.31,96.846
916.44,538.8
924.82,752.07
917,565
926.46,455.43
930.67,135.88
924.72,215.47
933.49,180.97
928.21,614.33
927.17,1060.3
933.06,511.47
927,993
927.88,1035.6
932.51,883.1
933.25,1104.3
936.34,676.81
944.58,330.31
938.58,1031.1
950.5,636.34
944.94,159.3
947.3,402.54
950.52,597.56
944.12,741.06
947.26,1094.2
944.5,824.63
953.48,870.11
955.05,549.49
946.33,1117.4
949.87,59.986
948.56,227.56
965.38,486.38
965.7,90.199
969.46,1114.5
962.19,820.67
988.2,916.9
959.45,1073.3
968.72,1014.1
964.57,933.73
971.78,251.04
984.08,281.18
1013.2,582.39
973.27,716.76
979.75,1197.8
979.71,186.35
981.1,946.31
979.92,1079.6
1000.6,209.1
1002.3,518.39
991.43,71.207
995.63,838.68
990.57,244.58
999.01,666.82
991.2,2.7
999.53,1183.9
1000.3,457.62
1004.9,126.43
1028.3,250.58
1021.7,1061.6
1013.6,990.86
1016.4,80.108
1027.3,871.91
1022.2,954.25
1020.1,1212.9
1025.6,271.85
1023,491.5
1027.1,531.2
1040,1163.3
1027.5,305.57
1041.7,70.647
1041.1,165.71
1058.2,108.61
1036.7,952.8
1055.2,519.81
1045.9,484.5
1047.9,891
1038,1046.5
1060.7,286.73
1052.5,219.33
1048.4,962.3
1053.3,835.79
1057,925.53
1051.5,1023.6
1056.2,690.12
1054.5,142
1057.7,635.19
1064.9,1049.7
1086.9,593.52
1074.1,955.66
1093.3,256.28
1069.5,932.5
1079.3,205.35
1079.9,1111.4
1109.2,920.92
1097.7,1022.1
1094.6,1074.4
1108.7,698.7
1129,870.31
1100.4,1080.3
1107.9,509.17
1112.2,16.626
1146.2,1079.6
1117.7,241.13
1132.6,551.01
1139.9,531.35
1154.4,323.59
1138.6,728.09
1148.3,943.36
1139.1,128.11
1132.9,971.6
1147.4,364.68
1150.3,263.47
1154.8,184.49
1158.1,155.84
1156,293.89
1160.3,390.83
1156.9,485.15
1175.5,80.411
1192.9,123.43
1172.5,714.42
1209.4,297.78
1169.7,488.14
1182.1,700.38
1173.5,251.39
1178.1,862.34
1179.8,599.49
1181.7,489.62
1186.6,1025
1198.3,1065
1185.2,1125.8
1187.9,374.91
1192.6,760.32
1195,853.32
1226.3,777.36
1199,725.65
1223.6,937.49
1208.5,713.98
1205.7,61.953
1213.2,336.72
1223.2,817.97
1209.6,1043.5
1219.1,1087.2
1221.3,153.93
1220.4,379.71
1223,1030.4
1221,750.33
1226.6,730.95
1223.1,28.933
1241.9,69.585
1236.9,109.44
1234,154
1238,621
1239.7,1067
1240.4,352.45
1246.1,860.17
1246.8,337.58
1246.8,350
