6.6286,53.537
9.4682,315.03
11.061,475.33
4.2857,1103.6
2.6842,1155.1
20.566,1200.8
1.5,1212.5
44.415,1103.4
42.194,535.73
24.5,906
47.379,807.01
33.357,391.09
36.841,420.11
41.039,440.29
45.443,1225.2
46.745,1186.7
56.958,352.39
45.944,400.29
50.303,762.72
92.374,718.34
54.246,883.04
56.188,1245.1
56.034,565.44
58.478,326.93
54.044,912.63
68.134,1120.9
57,488
73.036,1184.7
60.843,426.94
63.678,66.628
63.841,860.86
66.143,584.73
94.57,1229.3
66.859,385.79
83.82,549.65
75.56,840.35
76.059,902.63
73.5,625.5
87.846,613.91
76,340.21
87.435,420.48
77.5,400
79.324,376.91
91.203,349.18
79,631
98.772,1058
103.42,10.341
88.019,311.15
103.07,862.92
102.33,1146.5
101.91,464.62
112.17,155.51
97.627,586.88
135.79,1201.7
114.6,995.2
107.9,97.98
112.55,808.8
107.09,507.09
118.78,633.53
108.86,615.59
119.34,692.79
120.84,358.55
115.33,326.83
126.35,219.99
117.14,552.86
119.28,269.92
126.18,521.74
174.89,578.62
128.02,1142.7
127.4,1034.1
129.29,1058.7
132.7,404.75
154.66,856.47
143.96,77.056
147.59,689.06
148.43,727.29
166.78,1073.1
163.92,1237
156.62,1126.4
169.02,349.16
162.1,727.21
163.72,373.39
163.78,830.09
177.19,178.03
166.82,681.82
168.52,1207
171.68,982.34
172.64,1152.5
169.59,419.9
172.59,462.93
174.97,727.31
192.58,440.16
203.06,94.164
184.4,727.6
191.77,377.02
225.62,964.69
200.94,1141.8
197.8,345.95
205.36,1210.2
199.5,389.7
203.82,644.11
227.54,1114.5
202.83,372.57
217.93,907.41
215.34,607.14
221.21,249.93
220.69,406.83
229.57,1042
211.87,1169.9
214,1247.1
219.78,561.8
222.24,461.45
219.91,146.87
217.75,230.18
216.2,705.56
216.33,573.83
226.35,638.42
266.78,1233.3
244.49,1179.2
230.01,737.72
227.69,988.41
229.55,709.62
231.1,597.63
233.94,541.21
230.42,623.89
240.86,1075.1
247.19,5.1271
251.97,603.36
244.09,859.13
247.05,702.87
246.5,584.5
261.03,159.03
262.25,454.11
278.99,878.06
259.44,666.4
273.81,806.43
275.18,910.64
274.91,30.025
274.93,589.17
277.64,964.9
289.84,562.8
275.11,718.58
297.66,1095.4
286.74,170.32
281.6,663.4
285.09,713.91
282,5.5
285.4,78.455
285.15,782.9
286.73,1147.9
306.97,1186.6
297.63,47.339
297.43,120.06
290,1039.5
294.66,145.17
299.25,468.05
331.63,1031.9
299.33,1123.4
306.72,514.73
303.5,989.76
313.26,90.553
328.03,8.9014
343.08,674.44
329.63,119.86
322.58,692.55
321.5,730.54
331.35,189.13
325.38,957.52
323.11,652.58
430.79,1118.9
328.12,1225.4
328.42,574.38
334.62,171.27
335.9,1246.8
333.02,974.88
337.67,1069.2
351.05,95.145
359.55,1219.6
350.4,768.59
349.76,728.06
350.81,119.62
369.7,856
356,1175.5
365.95,14.086
360,121.62
359.92,813.08
370.31,1167.8
392.63,758.2
367.82,1139.8
380.78,814.74
374.15,74.488
384.92,5.1559
382.2,606.7
385.71,1140.1
393.46,710.38
401.51,1058.2
398.56,1168.2
390.43,541.61
409.23,1017.4
398.51,221.75
395.5,552.39
394.68,1186.1
395.33,881
410.96,508.45
413.27,594.77
414.2,930.13
435.4,20.514
429.46,716.83
438.25,372.23
453.66,986.42
444.47,1018.4
448.99,775.31
450.27,625.56
446.27,947.76
477.1,297.63
445.77,311.85
482.54,856.01
451.71,1240.4
471.94,1167.9
460.42,746.1
462.47,565.03
458.21,1009.5
509.86,368.05
480.59,63.029
473.51,135.96
462.23,765.3
472.23,724.52
475.59,541.32
512.8,794.82
504.84,685.44
472.68,501.91
471.36,612.5
482.1,342.33
486.94,607.17
485.36,985.35
498.54,1242.2
481.05,713.1
491.5,713
499.17,51.53
495.62,727.36
496.39,425.14
497.38,326.19
497.53,1196.3
508.71,490.3
501.42,880.94
500.4,1223.6
506.93,817.68
508.88,572.25
518.25,279.46
510.71,839.91
518.32,5.8973
521.63,547.74
515.78,306.28
519.34,984.1
529.39,1204.1
565.09,748.98
525.5,984.5
527.32,996.41
533.3,908.97
533.74,477.79
539.71,1142.4
555.03,236.17
533.55,837.58
543.11,25.579
547,203
549.86,376.46
552.23,51.67
558.09,1012.8
552.42,200.89
565.68,294.1
565.72,917.15
564.5,192.72
614.23,589.97
572.47,843.56
579.92,1243.5
574.78,35.72
581.06,142.04
584.93,924.26
607.25,805.28
583.65,998.44
593.31,153.11
598.81,102.48
592.93,945.86
593,160.5
593.5,195.5
602.35,875.35
608.16,260.13
604.36,979.9
601,856
609.67,937.76
608.97,281.27
609.41,837.58
617.9,1168.2
616.53,1229.6
614.58,716.11
618.83,887.87
624.85,716.75
635.62,968.74
623.44,1243.1
634.78,894.25
632.4,683.6
638.49,645.88
637.27,671.23
646.53,1082.6
641.89,907.49
643.36,850.66
672.35,274.01
642.89,876.31
643.4,929.77
658.29,679.03
647.85,121.65
652.35,657.69
654.93,859.47
660.99,921.96
655.5,875.88
654.86,885.86
669.76,700.13
658.08,971.71
661.09,736.8
660.12,848.62
712.58,981.32
670.89,871.78
669.31,859.69
677.78,882.35
679.56,1063.8
685.92,951.61
695.04,1240.6
694.27,1120.7
690,998
690,1002
699.8,721.26
705.18,833.04
703.5,1247.5
710,785.91
738.46,684.74
724.47,867.73
714.5,620.5
715.31,635.86
718.66,836.01
730.01,724.14
716.72,815.98
716,627
719.18,1231
723.65,937.67
749.27,642.02
726.87,1172.9
731.32,270.53
728.43,804.43
729.26,1208.3
734.74,1226.5
737.38,1094
746.21,778.05
736.28,897.92
747.66,599.45
741.57,422.56
743,704
756.8,1024.3
765.73,984.78
800.34,583
774.1,698.95
774.41,1183.1
779.88,977.17
780.19,1060.4
781.69,603.35
788.2,701.93
786.56,1010.5
791.94,1036.2
784.89,1167.3
785.33,633.79
800.74,864.23
800.17,651.95
791.79,1076.8
793.64,674.1
794.44,949.92
803.29,438.15
798,599
809.46,1247.2
807.48,936.6
819.41,750.79
826.91,1005.6
817.8,1076.8
833.23,1063
838.88,805.39
830.94,851.29
829.86,556.14
834.26,640.55
875.03,938.97
845.34,694.76
862.65,663.71
840.09,606.74
840.56,1101.9
842.95,844.92
846.48,563.01
853.76,1245.8
850.24,423.26
873.25,731.96
853.4,1049
852.42,738.11
853.84,1205.7
865.58,1176.9
859.61,575.54
861.53,613.2
864.55,805.95
871.85,863.85
867.84,628.4
867.67,902.33
875.98,1101.8
867.5,920
875.79,695.34
886.81,766.7
915.48,950.49
894.65,672.07
892.42,1098.4
903.74,1165.9
919.74,669.64
907.41,788.21
924.9,1038.6
924.76,745.46
918.99,794.54
919.22,1157.2
931.29,631.07
980.69,695.94
932.63,1191.1
939.69,908.18
947.34,1072.5
934.36,1173.8
940.51,832.91
939.09,649.05
941.41,1054.5
958.84,1114.5
945.87,871.07
966.91,967.82
947.4,1240.6
960.33,735.02
958.51,640.09
958.98,1040.5
964.25,898.04
967.06,949.44
969.41,1245.8
973.6,776.07
974.82,709.78
983.21,1029
972.3,4.5902
970.58,845.89
974.22,885.27
974.6,948.4
978.4,760.23
988.72,338.88
987,1245.5
1000.2,1120.8
996.59,128.7
1004.5,934.69
998,722.5
1015.1,1150.5
1006.7,403.54
1003.7,991
1011.4,973.57
1019.4,1243.7
1013.6,959.35
1024.8,456.91
1022.1,103.39
1022.5,743.77
1031.5,117.91
1039.1,64.187
1028,748
1029,812.83
1034,885.08
1032.4,729.68
1039.6,1231.7
1041.9,148.99
1035.8,393.22
1043.6,588.65
1036.4,801.09
1043,745.72
1057,276.58
1039.5,729.71
1038.5,1118.5
1042,811.92
1077.7,189.78
1041.9,1106.9
1057.7,1168.2
1058,328.8
1053.9,225.27
1062.2,820.73
1064.3,1128.1
1071.5,701.62
1068,426.5
1077.3,1100.2
1068.6,1135.4
1073.4,260.45
1088.7,1142.7
1092.2,93.12
1087.6,248.5
1090.9,806.4
1089,860.45
1107.7,1230.9
1082.4,730.89
1094.1,163.14
1083.6,1120.9
1114.6,1179.8
1106.2,139.4
1104.6,124.11
1120.5,1102.5
1116.9,491.28
1128.8,833.39
1121.9,105.59
1127.6,228.15
1121.7,693.71
1126.1,546.75
1127.6,517.61
1142.1,671
1134.6,1158.4
1141.3,489.98
1145.9,1019.4
1131.2,390.13
1151.1,1176.4
1145.3,467.6
1151.3,614.3
1157.5,643.1
1159.9,353.76
1161.1,820.83
1156.9,1130.4
1166,433.98
1164.7,377.8
1164.7,978.52
1182.3,742.55
1166.3,996
1169.1,554.35
1174.3,1014.9
1174.4,745.19
1186.6,511.25
1178.8,943.81
1177.4,1170.8
1177.4,919.81
1188,1082.3
1180.9,121.13
1190.3,1147.9
1180.5,544
1198.8,154.21
1194.2,1007.5
1203.7,573.54
1190.6,435.11
1194.7,1215.2
1192.5,904
1212.1,822.44
1215.8,885.9
1200.5,740.5
1201,854.5
1209.3,192.57
1208.4,702.67
1208.4,556.06
1222.8,1040.6
1212.1,1243.2
1216.4,1070
1211,1229.7
1214.4,755.24
1212.1,712
1216.7,165.09
1218.2,482.54
1234.6,947.11
1215.5,990.41
1217,702.5
1218.4,1189.4
1224.2,513.66
1226.8,977.62
1226.9,216.07
1231.4,629.12
1233.4,657.08
1235,366.23
1231.8,986.13
1233.5,793.5
1236.8,1168
1242.3,178.86
1243,740.97
1243.7,574.69
1240.5,985.69
1234.9,691.92
1243.9,875.71
1243,641
1244.7,1009.8
1246.1,311.58
1245.8,858.81
1246.1,549.32
1246.5,612.2
1246.4,654.15
1246.4,344.61
