2.1471,99.824
1.5,114
52.174,699
65.811,388.65
71.987,1013.1
73.101,346.46
74.577,735.32
77.511,456.2
83.254,849.03
107.57,795.5
125.32,1064
131.5,458.15
142.37,609.84
148.16,705.57
174.17,711.04
183.09,797.09
189.08,846.4
197,249
221.59,512.82
225.96,325.47
235.16,1091
243.42,425.8
260.16,86.927
262.33,1191.3
271.71,633.54
294.54,511.06
304.62,777
307.78,933.22
315.49,66.129
314,226
316.53,1085.3
317.18,145
324.55,53.159
326.68,318.53
324.62,1026.6
327.77,630.86
341.09,715.16
345.5,836.5
348.59,866
346.5,617.5
367.04,62.481
382.5,672
395.91,1166.7
399.34,258.05
403.68,1077.6
405.55,303.18
406.67,1114.9
414.44,995.29
415.42,446.55
423.61,517.18
423.9,597.5
464.77,478.78
471.78,1104
476.75,718.61
478.58,747.11
480.42,455.58
514.12,1165.5
517.58,572.45
548,573.67
557.21,990.58
570.78,188.87
575.93,826.8
586.74,647.48
588.52,116.81
604.38,601.04
612,130.5
617.2,37.8
625.92,369.41
626.58,855.09
648.15,737.85
650.4,1202.3
655.22,59.527
675.63,508.41
699.36,1151.4
717,68.5
745.62,535.64
769.5,554
768.76,577.33
784.74,163.9
782.93,943.41
802.75,1131.1
815.22,538.13
856,195.75
860.28,1116.5
868.19,44.929
869.02,733.75
883.72,1080.9
903.88,673.12
908.53,383
945.58,71.895
952.93,312.53
962.36,38.86
976.91,1071.1
986.05,209.09
987.31,839.08
993,910.5
1003.5,13.296
1005.3,387.65
1007.7,705.58
1030.4,212
1036.5,1054
1044,29.669
1041.9,497.62
1059.8,896.57
1073.2,835.36
1076.8,382.57
1081.6,131.64
1105.6,635.09
1119.2,735.27
1119.9,610.91
1130.1,673.8
1131.6,916.53
1135.2,586.76
1137.5,105.57
1143.7,141.21
1154,1069
1158.7,171.72
1160,70.075
1178,1035
1190,1002.4
1192.1,248.41
1196.8,1173.9
1196.9,495.08
1207.1,1216.3
1206.5,614.5
1217.5,684.45
1222.3,854.29
1227.5,192.58
1232.8,872.45
1230.3,166.91
1236.1,846.55
1244,47.208
1246.2,739.17
