14.249,71.207
18.35,882.85
41.353,1065.7
9.5789,11.105
38.777,412.88
20.473,807.96
27.61,50.52
70.184,108.78
36.563,923.08
36.729,277.29
33.734,371.85
39.833,304.33
46,63
64.2,268.6
81.835,627.48
96.011,280.17
98.038,214
160.6,713.32
102.5,801.62
108.02,517.56
173.12,355.41
167.33,321.6
170.08,470.56
178.82,998.78
183.76,1286
185.98,1304.7
203,671.82
223.7,314.03
226.23,748.12
219.67,613.67
235.69,573.72
230.72,187.74
240,128.5
246.5,553
256.6,1267.6
273.02,667.45
310.12,395.48
327.1,1067.3
343.79,387.09
342.23,239.51
350.26,1111.3
360.68,1054.8
354.05,1095.7
356.11,57.852
374.78,1130.6
380.93,304.72
372.84,851.22
388.48,225.3
380.31,1106.1
395.4,708.15
406.42,28.417
420.22,1218
424.3,40.436
428.69,1064.1
469.73,180
446.71,378.96
453.54,915.55
461.07,1082
466.82,392.01
457.12,929.06
472.23,915.37
485.01,7.6209
507.5,53.251
492.41,910.27
486.94,134.85
492,1075.5
506.29,94.146
516.5,648.5
522.93,1050.9
520.79,4.7183
523.91,924.57
534.05,1027.6
533,878
553.18,103.37
582.99,331.42
552.17,3.1731
570.45,979.12
564.43,16.279
596.15,111.39
586.93,98.883
597.17,7.0466
612.36,585.74
632.86,697.66
600.5,964
605.65,60.505
612.12,1116.6
619.42,1181.8
625.52,102.3
629.96,28.6
641.69,124.55
641.29,106.09
652.01,1177.3
648.02,28.961
659.42,7.2018
663.38,116.91
699.12,668.4
690.1,112.98
698.05,275.87
708.72,274.19
720.57,1215
721.1,262.59
764.71,185.39
760.59,95.037
778.96,1060.2
783.06,97.328
786.61,300.88
782.35,283.88
815.55,1171.5
793.89,1103.7
791,847.5
819.61,610.59
816.97,836.99
822.8,337.83
832.46,1100.7
832.44,29.689
833.34,321.67
836.76,920.96
866.59,967.78
848.18,903.17
902.18,552.56
910.16,79.431
966.05,283.27
915.5,371.5
916.41,818.94
948.92,25.739
956.84,3.5778
985.39,3.958
1002.5,770.03
1005.4,825.59
1015.3,239.67
1025.1,1158.4
1056.8,52.51
1034.2,631.46
1064.6,1273
1076,1216.3
1068.6,1047.6
1071.5,1180.9
1095.1,5.59
1092.3,137.98
1113.7,533.4
1113.2,624.93
1134.5,512.5
1136,660
1153.1,65.721
1156.8,685.97
1201.3,1059.7
1207.9,784.06
1244,469.1
1213.4,875.85
1234.1,895.11
1236.5,330.5
1316.7,516.61
1301.6,412.78
1310,420.31
