3.3333,873.56
8.6842,774.88
17,93.25
17.041,594.57
20.052,358.53
22.382,958.55
21.984,442.08
22.926,838.41
25.587,1072.8
26.286,763.48
28.597,184.69
27.952,503.13
29.36,997
30.633,261.63
34,113.32
49.909,194.91
59.122,733.33
65.386,772.47
73.405,1078
77.021,1119.1
106.01,295.38
112.64,278.81
109.92,336.44
115.82,253.67
116.26,1170
138.42,869.58
139.07,883.67
146.56,105.58
169.38,697
170.83,320
174.24,304
180.64,9.3208
184.83,1095.8
185.86,361.5
195.19,256.07
197.5,1195.9
208.86,571.69
216.88,1048.2
216.24,465.44
222.09,734.91
231.55,70.024
249,1182.5
251.69,727.09
254.7,71.72
256.81,198.6
266.48,1145.1
268.87,133.43
267,103
278.48,242.27
280.86,1099.4
288.18,1112.8
293.52,320.44
297,614.34
296,65.679
297.84,640.81
298.5,948.5
308.76,713
307.07,94.407
315.11,1043.3
315.46,446.09
315.5,811
329.07,115.77
330.74,917.97
332.65,417.12
338.28,1039.1
341.43,272.58
340.07,649.59
344.92,1028.9
357.13,226.64
367.9,425.12
368.35,3.7083
374.52,1056.3
378.5,987.5
398.83,793.53
387.97,305.94
386.62,775.5
395.16,546.38
399.54,106.92
405.86,42.5
407.53,978.84
409.85,424.65
421.95,752.48
418.55,75.424
424.42,5.1053
427.12,267
433.07,1044.1
433,667.68
438.91,783.09
442,546
443.44,1024.8
449.21,699.18
450.72,1179.1
453.65,742.11
460,238.5
467.15,774.65
468.44,663.92
474.65,983
476.29,1067.9
499,1089.5
509.09,576.45
512.64,65.209
515.5,158
515.58,1044.1
518.57,1062.2
520.51,911.65
520.84,311.15
518.5,1149.5
527.83,62
533.92,488.59
533,824.5
542.3,1045.5
544.95,1236.9
552.12,573.77
559.22,594.98
561.03,193.91
563.94,300.95
561.97,640.94
563.5,809
567.06,133.69
573.68,183.73
573.45,897.95
574,377.11
574.42,475.89
576.39,1058.9
582.32,670.77
591.11,674.58
592.91,35.868
596.42,952.58
597.5,170
601.93,1180.9
601.59,24.121
635.08,243.47
634.46,908.89
637.86,90.438
648.84,814.53
655.88,331.48
657.13,458.79
654.47,753.28
656.94,4.6935
657.83,809
669.61,503.98
673.66,899.78
676.5,629.5
676.89,1148.4
679.12,1247.1
680.06,654.45
684,8.5
690.09,305.94
697.76,123.03
703.5,919
710.07,931.07
714.07,304.48
710.33,740
713.75,988.09
717.23,169.09
726.53,548.54
730.67,577.94
733,57.679
740.94,1181
745.51,432.01
749.85,18.043
750.88,835.63
752.29,717.89
751.14,350.5
762,1055
773.3,774.39
775.09,487.91
800,482.5
813,51.5
828.93,965.4
828.3,1149.4
831.5,482
831.94,919.18
840.98,737.26
841.94,1202.7
848.61,22.139
855.99,789.09
863.01,1065.1
865.42,359.55
867.32,381.44
871.83,209.3
870.9,868.38
871.91,251.09
899.88,1094
902.76,939.54
915.42,390.55
929.07,966.41
933.12,859.83
940,694.5
944.77,271.6
945.2,310.07
949.65,425.89
962.11,461.82
961.94,663.91
964.67,1043.4
966.91,494.84
968.65,982.62
972.5,569.43
972.61,1133.4
974.41,760.1
979.12,112.36
992,613.5
1009.4,1043.4
1013.5,521.5
1019.1,624.31
1031.6,574.69
1035.1,763.11
1043.7,526.94
1043.2,571.6
1042.4,286.42
1047.2,371.5
1050.7,1080.5
1052.9,941.64
1060.9,1042.1
1062,286.12
1064,310.32
1069.7,509.06
1071.6,269.73
1072,333.23
1080.8,32.387
1082.8,1212.5
1101.6,446.76
1112.8,292.57
1120.9,1067
1121.1,50.38
1127,338.5
1129.1,1186.6
1143.8,531.07
1150.6,216.89
1154.9,1203.8
1154.6,936.79
1182.5,1042.5
1193.3,380.07
1192,525.68
1202.5,885.48
1205.1,53.39
1211.1,461.51
1212,255
1215,108.03
1215.8,311.29
1217,188.94
1223.3,1126
1228.2,65.09
1229,18
1237.7,822.36
1243.4,580.22
1243,1146.5
