3.9083,17.025
4.7021,46.809
26.049,213.77
8.676,271.22
5.0973,388.93
56.962,777.69
3.0588,1035.6
11.602,1099.3
31.78,1257.5
9.8621,1281.8
13.792,1000.2
42.866,45.103
8.3571,1053.8
102.43,1158.2
8,1018.5
12.278,979.17
17.828,318.25
38.475,657.03
81.577,1051.1
18.054,68.649
104.19,553.61
21.882,1272
31.763,71.224
27.056,1304.5
31.871,1145
35.213,1319
49.061,1090
33.885,1019.5
36.297,124.16
36.579,132.11
38.417,1201
43.354,253.23
41.905,985.88
69.938,496.21
40.5,1330.5
51.522,1021.5
51.449,164.61
61.21,600.99
81.643,1254.6
61.774,26.13
58.683,700.49
69.028,925.16
60.81,986.74
61.889,145.89
65.318,1330.5
64.5,312.5
88.463,158.89
72.3,229.37
72.237,68.632
74.336,612.25
79.344,19.098
79.107,77.786
81.747,1015.1
83.192,1104.6
127.88,1318.5
109.17,701.87
117.1,999.58
117.58,471.97
106.53,26.569
107.1,1238.7
106.04,1305.5
110.63,1277.2
110.07,496.17
109.5,1175.5
113.07,137.42
125.19,1210.6
116.54,394.52
119.78,1307.2
119,54
145.57,81.384
127.17,510.64
135.18,632.86
139.34,404.22
175.68,1281.5
145.8,116.94
154.1,317.43
171.4,363.93
153.43,444.66
162.71,1207.4
178,1067.4
172.51,645.05
159.87,808.5
161.56,450.7
162.33,70.648
187.83,816.35
177.38,72.768
174.41,227.59
193.63,495.68
211.55,77.208
194.28,940.96
208.7,1188.1
190.94,538.95
199.29,452.96
213.78,833.48
202.53,191.12
209.76,1024.9
204.15,577.3
216.18,741.84
200.41,1001.1
211.23,216.64
205.98,255.93
214.48,942.03
220.41,984.82
215.36,1331.1
248.33,552.55
223.41,40.432
230.55,1000.5
229.22,1207
229.57,1153
230.25,931.75
241.51,1044.4
237.85,1169.9
264.1,408.58
238.08,791.03
238.93,173.44
269.57,1189.3
265.95,289.63
245,973.5
245.41,27.941
249.39,754.15
248.69,20.276
284.02,69.397
250,1131.5
260.36,766.97
255.73,1082.5
257.25,1240
257.35,799.5
316.12,1005.5
294.17,781.47
269.36,1295.4
273.15,112.26
295.58,1327.8
281.09,578.99
294.72,1133.9
294.15,710.68
288.05,1278
294.72,946.34
299.07,257.17
329.86,1102.6
297.75,223.5
314.54,932.86
310.63,156.01
308.34,486.43
303,900.76
308.54,1231.1
312.78,647.74
323.54,1291.3
316.3,676.21
315.35,621.69
320.68,906.8
318,284.09
368.46,820.35
321.4,94.185
326.04,184.5
323.64,1211.6
331.06,1201.6
335.68,906.85
335.34,1223.8
370.92,574.66
349.02,930.31
344.64,37.551
350.98,56.288
349.93,729.42
351.89,197.94
351.06,451.18
351.04,207.42
374.44,212.93
364.96,925.92
368.91,918.49
367.5,797.27
397.41,259.42
394.26,359
387.31,175.29
398.4,1069.8
379.55,272.29
383,946.24
384.56,290.88
399.34,722.58
386.63,704.62
397.99,790.46
401.48,420.02
411.01,1102.5
397.91,198.09
401.21,1328.3
407.66,132.41
415.19,531.84
434.57,13.902
419.34,1027.3
413.9,145.57
420,904.82
421,545.5
433.22,656.12
430.4,987.73
430.65,148.99
451.35,104.71
534.4,947.42
453.1,287.81
435.62,700.96
437.93,542.21
468.49,1049.8
439,30.96
446.86,230.25
441.5,405.25
448.8,757.16
440.5,713.38
444.21,674.11
459.85,827.3
444.74,1020.2
477.52,565.13
453.78,610.41
460,1292.5
464.17,526.73
465.55,433.56
472.84,1326.2
473.09,743.31
472.75,991.04
470.85,266.4
564.27,192.53
472.42,204.11
491.02,684.12
481.26,504.3
528.23,317.25
493.67,256.41
522.39,451.74
480.46,383.11
483.64,136.45
507.72,523.35
487.49,344.65
501.73,618.46
495.42,739.42
498.54,119.73
499.4,95.073
514.36,785.71
515.05,282.01
509.55,359.18
510.92,1112.4
515.99,559.38
532.13,1013.9
521.22,1308.2
514.75,807.36
521.65,38.676
519.56,407.67
517,684
529.24,761.2
530.02,1133
534.25,273.67
531.79,344.38
534.42,840.07
544.25,1171.5
553.91,1128.5
547.79,869.66
562.1,71.55
549.02,743.14
563.28,844.31
567.39,712.07
635.81,1211
578.32,889.81
601.7,402.82
583.98,748.66
584.9,900.16
594.72,1148.7
591.38,718.03
617.39,839.52
597.57,1070.6
597.3,75.385
613.79,49.901
641.39,1099.7
640.42,1305.2
612.43,1260.8
663.03,972.31
648.46,63.276
628.09,337.91
618.59,1139
625.12,215.02
620.23,1111.8
623.4,1275.7
627.03,96.711
630,1285.7
632.94,375.76
660.73,544.7
643.01,1178.3
649.95,903.74
645.86,226.99
652.06,308.5
680.31,389.18
665.8,340.91
675.32,647.85
663.74,510.22
683.11,230.44
676.09,25.81
673.39,1253.6
674.69,1319
682.62,415.06
686.29,2.3571
690.47,1109.4
692.84,794.77
705.25,157.82
711.94,1134.7
703.44,854.6
751.78,1188.5
709.81,789.26
716.93,1057.3
720.94,360.94
724.43,57.21
724,26
744.14,776.05
731,1303.8
862.68,1019
803.25,164.22
735.32,61.48
740.76,425.24
760.36,402.41
744.43,1141.9
757.48,1294.9
749.46,75.154
767.6,1147.4
766.08,1222.4
778.07,1002.5
776.47,1099.9
781.6,825.83
794.49,753.9
790.28,1222.7
798.79,534.78
794.26,1092.4
832.81,753.1
797.5,825.5
801.62,1237.4
805.79,1214
809.31,978.34
804.14,388.58
810.21,552.96
813.68,1085.5
825.84,828.73
869.99,1101.4
824.84,1217.6
828.77,560.22
826.69,1090.1
844.86,688.07
833.56,619.11
853.29,1163.5
848.35,4.0761
839.6,391.67
839.5,1261
840.15,997.64
845.5,1193.9
854.59,603.41
854.37,1234.1
857.48,661.63
866.78,354.35
881.36,817.12
930.99,196.31
867.7,731.46
892.16,3.3798
873.16,113.61
884.86,69.873
886.66,946.28
879.62,546.84
919.59,1214.6
963.36,639.55
894,131.19
894.6,790.57
898.5,1297.3
899.67,823.72
936.27,615.73
901.03,1138.2
932.26,1055.7
920.33,88.953
906.4,900.89
917.36,738.24
932.7,876.45
925.84,1279
920.34,788.7
939.78,775.78
922.84,33.041
935.89,291.64
926,309
932.38,552.48
938.9,677.09
938.21,29.036
1006.3,243.34
950.77,37.347
970.87,781.11
953.79,106.03
956.15,643.62
957.23,543.9
973.29,520.47
970.58,990.23
976.31,5.6667
1000.3,1124.4
982.5,1002.9
994.47,81.056
1038.4,816.09
1007.1,191.85
1002.8,386.31
1010.5,714.68
1003.7,165.56
1015.9,1200.5
1009.3,19.395
1023.4,677.44
1027.7,136.11
1013.4,286.48
1021.8,754.74
1070,924.19
1020.9,797.55
1021,1247
1022.9,280.44
1030.7,358.48
1043.5,600.32
1034.5,296.84
1034,574.67
1045.5,1217.6
1041.6,100.61
1065.3,245.46
1040.6,41.459
1047.4,184.22
1051.2,337.13
1054.2,429.34
1075.4,1290.2
1100.4,473.44
1059,88.415
1061.6,155.54
1069.5,844.48
1073.3,316.01
1073.2,167.12
1164.9,244.88
1079.5,326.5
1100.3,741.35
1087.8,523.28
1086.8,576.06
1110.6,60.093
1094.6,340.8
1096.1,318.65
1100.8,180.86
1134.9,7.7193
1103.5,193.5
1111.6,518.75
1118,173
1145.8,495.78
1140.8,1313.2
1152.9,112.63
1149.4,446.01
1153.6,30.849
1167.6,347.23
1158.3,410.59
1171,300.78
1158.9,273.1
1228.2,1002.8
1168.9,49.859
1174.3,521.55
1170.3,255.63
1184.4,553.73
1182.6,205.07
1190.7,271.96
1194.5,133.5
1195.8,226.77
1203.2,84.585
1205.9,355.06
1235.5,502.07
1210.8,318.12
1213.3,281.16
1221.6,886.55
1215.1,445.4
1221.6,1025.6
1230.7,72.489
1248.1,347.59
1249.3,1059.7
1235,283
1240.4,433.77
1249.3,1157.8
1243.1,411.86
1253.2,323.9
1251.2,50.56
1291.9,536.55
1260.6,440.17
1257.4,39.818
1268.5,58.607
1263.9,94.171
1263.3,570.11
1294.2,1194.4
1276.9,336.9
1269,452
1291.6,389.24
1271.9,1242.4
1302,24.652
1309.3,403.9
1292.8,846.19
1281.5,1303.3
1287.4,371.47
1295.6,1321.4
1313.4,305.94
1295.4,84.27
1312.4,185.12
1307.3,1105
1308.1,348.08
1309.6,603.83
1328.3,821.38
1329.4,1328.3
1330.4,132.34
1330.8,1238.3
