1.95,420.85
5,893.5
11.068,653.53
11.122,34.976
14.119,75.134
11.116,105.88
18,477.5
23.128,717.22
32.136,592.34
32.439,341
29.183,359.53
35.034,516.58
31.5,659.5
37.381,457.41
38.5,414.5
42.145,636
49.377,802.34
53.813,437.6
57.007,892.97
54.5,340
54.576,362.58
53,383
58,117.1
60.75,264.24
57,403.22
65.318,386.86
59.822,54.667
62.725,833.02
63.926,216.41
65.897,499.1
66.917,315.92
68.553,453.78
69.163,435.57
70.091,540.91
72.367,689.51
70.891,964.73
73.24,59.18
79.226,361.45
81.645,339.08
78,1089
81.918,1115.7
82.248,427.61
82.719,583.83
84.65,1011.2
87.049,180.43
94.717,478.4
97.21,519.29
98.333,338.44
96.885,425.35
103.26,603.85
104.93,546.2
108.03,501.23
108.48,730.35
107.09,257.12
106,298.5
107.07,453
108.91,647.12
109.71,406.35
121.88,317.44
115.43,486.38
113.89,248.58
113.91,439.91
113.86,615.5
122.83,668
140.14,452.46
134.31,85.929
139.87,111.65
138,371.25
140,340.74
146.59,619.59
150.09,353.91
154,648.86
158.59,317.69
164.35,503.87
164.58,375.39
170.07,557.56
166.29,692.61
169.29,434.12
169.3,583.12
172.5,333.23
175.16,389.54
178.04,411.37
176.53,531.31
176.4,244.19
183.94,1042.8
185.89,160.95
193.38,585.59
192.45,494.14
193.86,411.78
195.25,426.05
196.78,476.59
202.77,291.27
199.94,29.429
207.12,422.35
207.98,516.88
210.57,501.85
216.34,80.62
215.49,690.35
221.12,576.02
218.09,145.91
222.27,455.7
218.42,719.11
228.6,120.11
229.87,836.65
233.6,488.62
231.92,426.92
264.37,573.92
259.47,383.34
263.62,173.31
265.07,480.26
269.22,703.88
266.94,521.45
270.08,36.205
270.54,685.95
276.1,467.43
283.7,743.32
285.73,264.51
289.16,834.13
291.49,1031.6
293.99,1015.1
298.89,263.47
301.5,403
300.59,530.93
303.83,38
313.46,188.78
327.58,615.69
323,247.83
325.76,758.99
333.81,28.242
340.5,12
344.14,316.05
342.5,834
356.96,11.301
365.41,768.07
368.66,949.47
382.9,19.882
387,65
388.8,737.06
391.54,330.92
396.43,9.1023
395.8,665.41
413.39,569.14
428,176
429.37,230.37
429,402.5
438.32,750.67
436.58,887.58
442.33,379.98
444.99,266.48
451.25,1016.2
453.84,587.91
458.92,864.92
482.84,638.89
484.07,791.07
492.96,473.56
496.89,545.03
493.44,398.08
498.27,751.65
501.56,724.97
506.54,893.32
505.98,244.13
507.47,942.28
512,689
516.5,280.06
517.6,910.11
525.56,507.67
529.52,1213
531.51,287.07
535.21,805.03
540.46,449.53
538.46,661.05
544.37,842.37
550.2,1171.7
549.81,675.37
553.13,117.57
549.5,68.5
552.12,1130.8
575.5,385.62
575,309.32
581,600.62
582.24,485.63
583.81,30.071
585.64,1246.5
600.47,973.07
607.55,512.31
610.08,569.2
611.5,640.83
613.03,116.22
614.07,69.407
615.4,361.22
614.5,550.5
615.89,1203.6
622.05,730.35
628.35,181.27
631.69,149.09
636.42,521.65
643.31,805.62
643.15,942.62
647.58,961.49
660.43,1042.2
665.73,437.83
673.04,1039.8
672.34,54.152
670,29.679
679.15,865.92
683.08,1210.7
687.25,718.15
688.47,792.07
690.57,537.46
691.24,581.09
700,299.5
708.26,973
717.59,852.6
718.74,453.68
722.22,1096.1
736.57,417.62
736.92,786.08
743.33,201.88
745.64,405.03
750.93,461.29
752.27,1206.2
760,883.5
760.5,917
767.4,38.397
775.53,1243.6
790.76,1114.4
792.5,1143.3
791.92,937.08
797,668
803.41,103.07
809.98,227.91
812.56,4.2697
815.57,831.5
816.59,1117.3
821.13,52.947
821.93,489.59
827.62,1196.3
828.88,1119.9
843.66,703.22
842.02,1164
849.58,18.303
852.03,735.87
860.34,915.53
867.54,89.229
864.22,971.38
870.93,515.53
874.38,1031.2
879.09,484.5
879.62,884.47
882.9,364.61
884.75,1229.9
885.07,788.59
916.2,783.38
917.62,693.27
918.89,952.42
927.49,583.91
928.33,1084.4
930.35,216.5
930.95,797.02
931.07,680.17
931.67,144.37
932.06,745.31
950.15,1054.6
948.58,895.45
952.34,958.38
957.3,483.33
969.11,548.21
971.13,740.52
972.73,325.61
972.17,424.3
977.59,1017.9
980.5,193
984.05,716.83
998.5,456
1004.7,242.3
1005.3,738
1008.1,434.17
1009.2,113.25
1010.4,973.17
1013,667.5
1014.5,374.5
1016,1048
1019.9,802.09
1030.4,1071.5
1037.3,76.989
1035.4,715.36
1044.6,1099.1
1047.6,699.89
1054.2,771.92
1060.3,535.38
1062.3,448.04
1066.1,836.96
1074.1,803.63
1103.3,450.4
1121.6,576.91
1119.3,348.35
1133.6,944.09
1134.6,1094.9
1133.4,443.11
1139.9,841.74
1140.8,275.31
1143.9,359.1
1146.2,1089
1153,149.5
1160.1,1219.6
1164.4,900.84
1163.9,759.09
1178.8,375.17
1184,17.578
1182.5,270
1186.2,838.82
1188.5,1133.1
1196.5,142.93
1212.6,280.27
1213.4,231.67
1216.6,536.15
1216.9,672.21
1215,1140.5
1219.5,728.55
1230.9,830.87
1244.2,104.41
