20.875,542.62
57.091,607.91
60.424,375.06
60.778,364.44
70.069,1092.1
74.735,639
77.879,609.97
125.15,740.54
129.52,559.19
141.5,818
146,1158.5
155.14,1089.8
171.41,1131.6
170.63,1058.8
200.91,300.09
206,877
263.5,1033
304.27,355.85
328.1,268.38
330.5,376.5
337.4,283.11
341,996.77
362.5,455.5
384.07,1135.2
395.75,702.36
416,256.5
419.13,1126.1
434.35,870.93
498.54,737.08
499.5,582.5
514,850
517.24,456
524.24,17.103
542.5,440
545.73,188.31
542.67,258
548.19,14.224
555.86,944.92
566.35,152.59
609.77,762.28
608.61,616.14
610.6,1002.4
616.45,362.23
620.38,315.4
623.31,47.051
626.49,906.55
628.95,122.65
635.66,864.62
639.76,992.52
662.57,636.68
674.52,723.55
684,14
686.85,1219.3
689,436.83
700.19,1232
702.28,71.532
707.5,766.5
707.87,347.87
712.44,46.376
711.4,677.67
712.5,7.8571
724.63,18.974
731.06,1246.2
733.5,815.6
743.09,701.09
753.5,851.88
765,37.941
768.59,1163.1
770,524
783.25,612.4
780.1,41.19
781.73,672.55
798,675
806.57,1223.2
818.5,91
832.16,639.95
841.5,82
849.79,1156.3
871.04,99.429
878.18,762
882,91
883.27,726.27
883.94,1106.3
884.83,105.12
896,590
908.86,637.5
930.93,234.41
950.77,84.964
980.5,711.5
1071.1,619.91
1130.3,62.689
1137.1,841.08
1143.7,262.71
1160.4,987.77
1182.9,264.92
1169.2,813.06
1185.1,649.74
1211,252.5
1216.5,615.42
