6,438
13.167,688.5
15.5,129.85
21.04,925.51
21.56,1208.6
28.892,474.66
27.843,765.79
28.312,1072
31.431,171.47
34,336
35.838,915.5
44.602,469.49
50.562,797
57.536,656.08
58.5,498
65.261,345.07
66.515,982.28
77.982,127.78
87.395,721.13
97.592,1202.7
97,602.5
99.967,755.36
103.61,619.61
105.51,658.21
107,350
108.06,291.57
110.78,982.48
113.66,163.52
117.91,26.937
117.63,866.57
122.47,247.58
138.23,464.67
131.84,850.37
140.24,1005.5
139.55,388.44
145.11,1062.4
148.41,973.82
152.55,345.52
163,520
163.18,1080.8
168.96,892.99
166.95,360.27
170.67,706.89
177.96,56.126
177.41,959.07
195.32,777.04
189.58,929.07
188,348
193.74,211.46
194.19,338.69
196.86,412.5
203.34,626.8
204.44,401.92
209.04,138.02
210.19,506.86
217.32,490.17
222.37,845.63
234.79,22.383
243.33,277.31
245.64,482.81
242.32,787.06
249.36,1000.5
252.87,530.24
252.63,161.63
256.37,30.367
265.77,924.72
269.6,557.6
275.43,771.91
281.01,655.1
282.34,1150.6
289.32,340.87
294.08,989.53
296.46,1205.7
309.57,146.39
313.2,710.48
315.88,606.88
323.44,107.34
324.59,21.857
324.06,143.69
325.71,981
332.58,411.78
341.69,320.57
340.8,655.39
341.91,7.0909
351.72,1102.3
350.6,991.6
352.08,706.92
357.59,249.41
363.33,602
364.96,1159.5
366.77,945.64
370.55,679.14
372,747.5
387.78,1240.1
385.92,111.56
387.65,829.21
389.89,672.11
400.98,252.63
398.84,735.95
408.64,643.28
408.5,52
412.64,269.37
418.99,985.62
423.39,870.02
424.92,432.92
427.63,286.37
439.52,228.02
441.33,1027
453.05,100.95
449.85,350.35
454.78,946.1
456.12,241.92
469.32,124.45
476,304
476.91,582.91
480.57,683.18
483.4,244.54
487,74.667
489.34,1175.2
490.41,92.686
497.82,1021.8
498.14,2.8571
499.65,1054.1
501.25,988.5
503.24,1201.7
510.09,223.99
511.69,726.17
517.49,965.98
516.24,192.11
515.27,687.38
520.34,4.439
527.53,714.55
532.92,829.97
536.93,444.79
534.34,1181.8
542.32,774.96
542.84,1121.1
539.99,628.08
547.85,119.38
549.5,327
560.12,1027.9
561.63,993.37
575.71,928.04
573.87,1185.5
576.4,187.11
589.35,205.53
587.29,977.64
589.9,507.29
592.5,730.5
595.89,175.32
598,228
609.7,797.42
610.15,197.31
612.92,31.795
614.37,162.63
624.75,472.9
633.1,674.57
637.06,192.83
642,477
645,656.23
659.88,284.88
661.02,943.16
664.38,409.89
672.95,977.77
685.79,1110.4
685.6,1182.1
694.74,230.01
694.72,111.57
698.22,898.06
694.5,1097.6
702.66,730.48
705.75,653.5
711.18,1206.5
715.82,557.28
717.46,1147.7
747.5,1119
751.32,1020.1
754.1,1197.5
761.6,465.19
755.85,70.096
770.83,1137.9
775.36,1020.8
792.4,1073.9
792.36,125.5
798.23,708.44
800.12,50.054
800.78,70.683
808.43,857.37
812.48,1071.4
814.41,575.86
831.17,924.65
833.21,1013.6
830.93,1073.4
833.43,1098.8
846.41,340.89
849.67,374.93
847.39,475.14
850.88,517.12
854.14,217.81
858.07,244.89
855.33,52.822
855.35,410.5
861.85,138.88
867.86,736.3
868.58,850.89
874.03,26.267
876.25,273.17
877.55,295.56
883.45,593.71
885.42,517.23
895.59,790.19
920.86,78.807
913.11,484.37
915.91,1227.9
918.91,947.88
921.18,974.4
927.79,584.48
937.81,1221.9
937,1193
937.07,380.09
939,712.87
948.89,562.6
949.96,940.21
950.94,189.88
949.83,1200
959.18,525.47
968.78,368.03
968.92,592.05
973.46,174.02
970.41,682.07
974.65,1118.4
973.95,632.04
979.78,503.22
985.3,489.8
990.85,264.27
1005.3,855.1
1009.7,633.75
1009.6,1.8889
1027,1044.6
1028.6,766.47
1028.8,849.61
1027.6,1112.1
1032.5,182
1034.6,341.41
1048.4,784.11
1052.7,1053.4
1060.6,127.35
1062.9,84.078
1063,315.32
1063.5,560.21
1062.5,1191.6
1082.2,640.81
1085.1,1040.5
1086.9,233.66
1091.9,900.03
1101.6,1079.8
1101.1,1229.6
1108,591
1117.6,3.0938
1116.5,1208
1125.6,476.15
1132.8,794.37
1138.6,599.72
1137,747.61
1149.1,1013.1
1155,434.73
1156.6,1086
1160.2,389.84
1175.7,161.94
1177,657.45
1176.5,931.5
1186.4,1198.6
1187.3,369.3
1196.2,1240.7
1210.5,121.83
1209.5,638.5
1222.4,557.53
1229.3,793.8
1236.5,980
