37.41,53.528
4.0972,113.75
15.187,198.05
3.2049,255.64
2.1429,288.57
3.1765,329.24
2.6286,363.74
12.216,402.22
1.7647,513.65
6.5772,524.17
3.375,653.54
8.7828,700.65
3,737.5
8.3119,771.28
1.5,788
4.3871,807.82
2.9302,872.56
14.719,960.34
5.4495,1061.1
3.125,1156.8
10,470.38
13.855,332.9
16.575,619.15
19.398,676.76
16.452,439
16.154,1100.5
23.208,824.69
35.366,85.441
20.067,1207
36.417,1258.1
50.272,455.64
21.317,661.98
21,221.5
29.822,718.76
23,641.5
31.228,1083.4
31.398,242.67
28.045,786.91
31.471,210.74
38.62,1311.9
33.776,912.16
46.509,1171.2
36.897,118.87
30,259
48.807,164.34
34,258
35.733,552.22
45.616,372.33
37.174,472
41.275,655.06
43.597,1230.1
40.824,637.84
44.478,686.17
41,589.5
43.696,886.18
46.475,1329.4
46.97,138.68
42.5,772
43.736,788.19
52.453,826.87
45.125,584.62
56.819,279.21
44.895,466.42
44.909,575.91
76.369,724.07
52.633,970.02
51.089,197.57
51.32,943.9
51.671,1242.8
51.84,504.04
55.651,521.06
49.588,981.94
54.352,911.41
66.22,931.27
55.769,492.38
57.093,547.76
55.684,585.55
58.83,661.04
105.96,935.9
56.579,699.89
60.184,1014.9
59.677,106.58
68.963,996.94
61.5,565
73.678,221.67
71.657,244.51
65.673,1253.5
89.979,155.1
65,178
66.4,746.6
77.853,61.351
72.38,803.03
81.786,1173.4
88.864,504.53
73,573
81.598,111.74
88.607,858.62
89.039,22.363
76.955,93.909
81.125,187.28
125.26,446.17
82.486,805.86
88.667,204.3
87.697,461.7
90.526,548.61
92.289,636.51
91.459,812.32
102.2,1141.8
106.63,601.65
100.62,260.16
107.53,114.52
106.99,67.737
98.909,197.05
103,1186.5
106.43,231.36
111.19,553.44
110.6,248.6
116.32,204.91
136.64,873.92
115.93,261.74
116.62,535.36
118.12,244.16
114.95,697.73
118.28,753.67
137.56,1105.1
126.98,514.15
120.72,1118.5
138.42,642.89
123.34,664.34
125.67,1175.5
129.94,486.88
126.94,223.69
142.76,192.55
153.64,252.39
134.59,1042.6
128.65,1135.2
134.5,620.22
167.13,676.44
137.93,422.53
145.28,752.09
135.75,820.25
137.63,940.73
145.76,1187
191.48,143.93
139,1016
149.81,721.36
148.19,467.63
144.5,1018
146.48,794.09
162.04,505.77
186.08,1150.2
151.09,915.54
160.27,615.01
150.33,809
167.95,1218.5
154,537
157.32,540.74
156.76,1033.8
168.54,1021.4
167.48,464.78
164.15,961.7
166.81,1257.2
164.71,580.98
163.39,1313.4
165.78,1185.8
171.55,924.17
198.64,1070.2
189.7,1324.3
168.44,630.97
171,288
173.88,782.75
180.8,791.08
181.35,200.2
182.33,517.23
193.45,176.25
184.86,464
195.44,1265.2
189.4,618.56
189,803.5
196.41,1002.5
192.83,286
209.79,491.99
203.05,557.4
196.67,197.67
195,813.5
207.2,442.63
201.53,426.92
202,410.5
210.33,1032
205.41,735.45
218.93,96.16
221.23,205.97
208.52,420.28
206.39,711.43
220.18,625.34
210.88,726.38
211.49,530.14
218.09,310.59
216.38,688.33
212.9,288.84
216.33,251.86
216.76,278.16
215.43,647.61
238.87,457.29
224.52,1213.2
220.06,555.59
262.69,690.55
227.1,291.4
228.01,669.94
245.38,174.3
240.59,509.21
227.9,1117.2
229.7,164.89
234.24,50.326
212.14,769.9
238.43,748.88
236.77,529.11
246.73,260.27
235,421
242.06,486.97
246.84,361.51
241.33,1151.8
241.54,1223.4
246.3,1165.9
254.5,1108.3
252.55,535.26
249.95,1133.9
261.63,590.87
255.13,836.57
255.62,26.414
252.16,797.22
256.53,85.19
254.5,192
266.78,436.46
269.09,740.31
260.58,987.77
258.4,187.6
264.71,1269
269.57,1012
320.67,244.41
280.61,551.7
266,1189.5
275.49,763.68
273.42,312.11
283.03,885.61
275.63,1200.5
290.69,279.57
304.23,1287.7
293.35,517.54
282.6,1130.2
282.3,1239.2
288.78,862.68
287.91,1071
290.31,151.66
292.38,336.7
292.96,1244
291.78,771.97
300.18,432.02
309,302.52
295.8,1048.6
292,1236
301.85,781.78
304.61,36.546
300.36,924.06
298.04,1139.4
306.4,65.624
301.86,384.41
301.65,374.4
325.52,766.3
306.9,190.16
314.49,663.9
307.39,855.01
321.3,162.85
308.42,393.5
324.44,881.21
310.24,357.84
319.9,543.16
311,792
318.26,95.315
325.44,505
345.31,1152.5
356.39,329.74
335.52,456.74
327.13,966.64
343.3,1263.2
330.85,47.504
330,268
332.76,979.11
342.46,186.01
351.61,1021.2
353.28,87.293
357.19,805.13
338.25,1306.2
341.8,1295.2
342.7,108.76
349.21,514.64
351.18,294.45
372.67,774.11
361.63,903.36
362.17,627.9
369.57,1063.8
361.27,664.05
358.09,747.09
357.91,861.48
361.62,974.29
365.55,468.53
363.09,883.27
389.83,1276.6
364.31,1004.2
367.71,1140.4
366.9,347.34
364.6,495.6
367.93,757.35
371.87,175.79
374.71,491.98
373.57,342.05
376.99,717.31
398.88,237.64
385.12,917.91
379.1,860.95
380.14,417.14
381.71,1198.2
388.69,74.52
384.9,88.405
388.42,737.86
384,1149.3
385.38,195.51
392.04,663.7
400.55,679.5
390.12,796.38
390.9,307.86
390.67,944
392,391
401.24,478.71
396.64,492.82
399.99,536.27
399.38,750.01
409.42,79.023
435.42,1174.7
400.2,1031.3
400.91,1065.4
405.41,314.07
401.89,385.62
400.5,1022
406.9,894.53
406.32,4.0541
410.43,1002.4
428.19,118.83
411.2,823.98
412.25,514.38
445.58,363.14
410.32,908.17
409,1235
418.87,1194
426.39,949.63
415,269.83
416.43,341.84
424.43,694.28
416.89,602.68
417.65,916.78
473.52,648.19
420.54,1071.5
426.86,1242.3
427.65,525.98
426.77,1290.8
425.36,925.5
503.94,212.12
434.76,763.1
429,800
434.64,810.59
433.01,295.69
432.5,507.5
440.61,534.67
437.69,1290.6
436,801
446.07,896.71
438.68,870.24
445.66,1306.2
449.7,1112.7
447.49,28.524
444.44,1143.6
443.11,1249.7
450.56,295.36
448.31,602.42
451.98,49.936
453.66,1280.3
453,325
442.24,996.75
470.32,762.03
458.5,326
458.42,1330.1
475.95,10.039
501.38,1287.1
467.37,1127.7
463.46,976.92
465.09,1189.1
470.83,1042.8
465.68,1177.6
471.88,588.4
472.43,863.88
474.61,295.05
473.43,1325.3
496.82,376.21
473,563
494.71,536.7
508.62,1199.2
497.8,58.595
485.22,134.21
478.68,989.8
490.88,1238.8
480,1133
490.6,889.36
484.24,958.76
484.16,816.03
486.04,1007.4
486.33,163.63
495.26,915.94
497.76,303.84
489.95,340.92
497.22,733.01
489.19,870.35
490.83,583.36
490.27,619.25
497.73,985.11
491.43,1125.8
496.02,804.32
499.33,568.94
501.13,848.87
501.8,126.7
514.08,161.68
507.9,3.32
521.46,819.15
513.67,1330.2
516.55,890.23
511,325
520.66,848.69
512,1002
524.69,1022.3
516.24,963.61
517.05,1249.8
531.55,292.48
528.21,347.26
543.07,961.85
519.76,1064.2
524.86,768.23
523.91,1229.2
545.89,559.01
527,538
532.73,872.86
532.18,20.928
532.3,110.92
531.65,171.22
533.83,1318
540.1,325.41
549.4,124.72
537.96,714.91
536.58,1263.9
539.46,601.28
564.35,1185
550.57,88.527
552.2,19.775
544.25,142.54
548.87,926.03
551.52,1295.8
582.95,608.55
550.07,751.02
553.5,375.12
551.7,778.8
556.15,946.94
553.61,69.105
556,359.77
579.31,317.96
561.98,102.46
563.27,1238.4
572.43,736.23
565.33,1277.5
576.11,224.05
569.67,274.76
567.52,333.07
632.18,390.69
569.55,960.38
569.96,889.6
578.62,871.85
576.04,1243.5
578.09,172.91
580.86,188.27
585.24,686.63
583.75,22.625
582.14,266
583.2,555.17
583.02,648.62
591.15,938.83
604.9,1110.7
601.02,366.85
589.1,852.04
592.14,1239.1
591.15,153.37
592.34,707.65
590.76,175.79
599.75,67.255
602.3,277.08
618.48,745.85
604,806.49
634.02,911.1
602.42,1261.9
611.8,636.43
643.28,103.56
627.51,210.6
609,940
620.51,659.02
622.41,26.751
620.42,773.66
670.45,583.85
617.09,982.09
620.56,799.09
628.38,257.5
627.87,940.6
630.55,552.06
634.5,65.364
639.89,697.02
650.23,832.47
636.95,319.91
640.18,712.17
648.99,1222.2
640.56,261.15
643.03,955.35
646.44,631.78
649.38,671.63
640,1260.7
643.7,1290.6
686.68,202.9
648.71,242.9
649,1143.2
662.36,3.86
709.49,411.45
655.34,235.24
655,748.5
654.8,1273
661.53,558.43
665.33,645.47
667.65,719.72
663.31,263.55
680.78,971.7
669.58,281.91
671.77,1157.4
673.39,318.06
673.42,780.52
679.66,1064.6
670.11,238.58
673.59,532.86
681.27,87.345
672.64,1316.2
675.35,261.58
674.5,1307.5
676,188
687.18,465.19
677.48,132.81
684.05,809.53
679.84,661.16
687.11,294.56
686.95,170.92
684.54,1035.2
685.12,275.5
701.79,371.61
697.4,881.35
704.63,331.01
688.4,237.4
693.5,1284.9
690.42,230.89
691,801
695.23,753.49
733.21,470.6
700.82,6.0426
696.5,140.5
699.95,304.27
704.35,1085.7
699.68,180.92
706.44,239.33
707.54,156.59
700.18,679.84
703.36,931.5
705.43,817.43
713.9,78.773
715.73,850.19
716.12,994.54
718.72,747.45
727.96,921.84
712.56,1330.8
723.24,533.86
711,905.5
713.91,718.09
725.42,46.538
718.72,347.67
729.03,1105
724.37,1233.4
728.64,607.76
729.8,1039.7
724.71,1060
725.2,146.99
725.02,214.85
724.57,298.95
733.85,878.01
736.07,81.128
728,324
764.18,947.22
734.13,1328.4
733.25,1256.8
732.33,791.33
733.92,655.44
737.17,728.94
734.81,1303.1
736.57,310.75
741.79,666.98
735.42,775.11
754.65,554.8
740.3,1270.1
753.6,524.07
741.21,336.58
744.45,690.39
743.29,820.51
757.27,497.6
744.31,1124.6
749.86,9.4724
743.69,1002.9
769.12,312.05
746.95,1014.4
753.81,1150.5
769.92,363.06
756.14,257.93
749.5,297
750.95,967.02
757.44,846.24
762.4,1075.9
758.2,903.7
754,31.5
765.14,731.39
756.82,767.24
758,684.67
761.42,1001.4
763.14,1041.3
764.91,1172.3
773.63,791.07
765,1030.5
770.06,1299.2
770.21,757.03
767.06,1021.6
769.04,664.48
773.61,894.82
774.78,290.8
779.48,974.17
775.5,284
786.19,390.27
778.64,433.91
776.4,584.6
788.64,634.98
798.35,720.84
781.77,836.59
795.16,872.58
809.44,471.12
788.71,682.31
786,1248.2
785,604.5
809.68,1087.1
791.69,1317.4
791.3,561.49
791.06,553.09
794.2,1005.2
796.02,801.29
815.93,304.88
799.12,22.192
811.82,345.75
801.57,535.57
802,420
807.77,575.56
805.89,773.39
806.5,565
805.5,809
811.85,416.89
818.03,676.31
807.5,1135.5
808,540
817.18,1291.7
845.58,506.17
832.45,48.626
817.67,481.85
829.71,817.78
825,1039.6
833.18,767.07
819.5,1278
822.56,19.074
826.68,699.29
823.22,975.2
827.33,589.03
823.5,486.5
824.68,1075.7
835.37,1150.9
809.38,936.25
827.19,366.15
843.71,254.23
834.41,2.4595
834.51,723.98
871.45,338.32
836.51,957.68
835.89,1216.7
838,659.18
861.46,1195.3
842.86,704.51
854.75,865.53
841.05,899.2
844.62,235.93
853.22,1114.4
864.26,736.71
847.4,70.546
852.87,557.03
861.15,584.16
852.07,643.25
849,1160
853.44,713.35
856.43,13.72
855.91,902.3
861.6,1087.9
861.64,108.09
864.57,819.63
860.53,325.6
860.69,757.96
859.93,523.04
861.02,799.37
859,1063.5
865.05,253.02
864.16,680.41
858.64,1252
866.9,939.68
867.68,283.55
863.07,1133.6
867.66,968.72
872.35,396.5
873.7,213.87
880.81,81.858
902.74,95.75
877.68,625.82
869,1073
914.06,1030.5
876.59,836.99
878.72,507.89
886.85,892.82
877,484
878.26,1150.1
882.5,432.8
887.9,1112.9
883.14,1159.9
887.16,590.86
886.43,542.57
893.48,854.8
888.92,840.92
907.58,731.11
891.4,1088.1
889,1211
899.71,173.12
892.94,1063.1
895.2,805.91
936.49,1262.1
894.73,204.85
896.5,629.78
906.55,484.95
906.66,363.71
898,645
897.41,670.93
899.24,444.08
905.36,833.17
901.65,1069.1
913.41,765.46
908.24,1187.6
904.96,1263.1
904.05,436.09
911.42,933.02
914.32,616.81
923.09,270.47
935.41,126.93
914.98,423.94
910.95,862.05
911.5,38.5
917.46,1051.2
913.67,874.67
943.11,924.34
915.5,850.5
920.36,44.472
919.33,1090.2
921.62,1268.4
922.62,1100.3
924.43,1202.3
925.39,437.18
923.43,1083.7
930.05,29.233
928.91,342.59
937.32,654.41
931.49,1119.1
952.08,1190.6
935.78,6.8765
943.98,304.16
959.31,726.44
954.17,32.538
947.58,162.08
943.74,356.48
939.09,1038.8
955.33,205.11
943.15,818.92
940,232.5
952.04,1064.8
944.38,1090.1
963.84,1135
947.52,761.48
965.33,238.43
947.27,397.73
970.99,768.84
950.36,966.32
969.24,908.41
960.09,747.72
958,1330.5
962.65,830.03
962.33,1100.9
959.73,802.35
971.97,1006.1
970.86,983.21
981.1,1033.3
967.88,213.87
968.49,259.76
972.48,1081.1
966.91,72.909
973.96,98.405
971.84,684.2
985.22,1257.6
977.31,637.53
974.58,1245.1
978.96,178.52
986.95,290.91
979.15,209.46
978,252
979.4,1114.6
994.5,967.84
985.5,883.34
987.94,1309
983.69,821.91
983.38,1055.6
986.68,828.19
997.51,250.25
997.1,703.41
1010.5,1159.6
992,118.76
994.23,143.34
1008.4,171.26
998.66,675.36
992.43,1052.6
1002.6,93.943
996.71,1239.2
997.17,732.72
997.87,805.75
1010,888.38
1001.5,1073.1
1025.5,837.59
1014.9,226.67
1006.8,742.06
1004.3,1294.8
1006.6,209.48
1006.1,388.87
1006.5,1088.1
1007,1330.3
1012.6,73.895
1006.6,1324.4
1014.6,788.29
1016.4,624.27
1009,1181
1013.3,123.99
1055.9,1126.7
1014,1137
1014.9,1295.4
1015.6,380.4
1038.6,1000.2
1020.9,135.41
1021,301
1025.3,1139.3
1022.2,1186.6
1026.8,426.38
1031.3,674.33
1023.3,1207
1045,571.86
1031.2,967.92
1025.8,1066.3
1027.7,1214.7
1027,306.5
1036.1,341.65
1036.3,734.79
1026,904.5
1035.3,1233.1
1030.4,1050.4
1071.2,40.382
1049.4,107.04
1030.9,261.18
1057.8,269.92
1033.4,1327.5
1032.9,204.25
1033.2,936.6
1034.6,19.175
1050.2,1180.2
1043.5,1271.4
1039.8,795.42
1038.5,103
1043.2,1151.6
1052.3,1035.5
1043.4,436.48
1042,982
1055.5,11.726
1049.9,224.38
1052,593
1057.8,611.86
1053.5,1079.2
1075.3,1315.3
1079.4,138.29
1081.6,927.94
1064.5,670.15
1062.5,917.42
1064.1,309.56
1063,911
1078.2,1238.2
1083.5,355.47
1069.5,626
1084.2,807.93
1072.9,854.86
1077.6,203.94
1080.7,690.61
1083.4,1184.8
1082.1,506.9
1078.5,263.5
1116.7,538.65
1089.5,708.83
1082.8,109.75
1101,64.692
1089.4,1292.5
1088.7,673.2
1086,758.01
1084.1,561
1083,1229
1086.1,1222.4
1095.5,1254.2
1103.9,217.1
1110.6,433.39
1090.6,1201.4
1110.7,266.59
1092.8,589.78
1095.9,503.54
1094.6,735.94
1094.3,157.43
1095.8,518.75
1099.9,978.81
1098.1,845.58
1102,31
1102.7,471.63
1104.8,627.16
1111.9,1231.7
1106.8,1211.8
1112.1,760.37
1105.9,851.14
1107.3,198.36
1108.3,814.67
1127.6,935.28
1108,190
1127.6,966.22
1114.8,347.27
1112,194
1113.3,368.56
1113.8,862.47
1114,403
1123.5,639.85
1116.5,1036
1137.7,135.49
1134.3,594.19
1132.4,1258.3
1121.3,1.8857
1121,670.09
1122,871.6
1138.2,376.87
1129.8,1179.8
1122,366
1124.3,680.79
1121.9,1087.4
1137.3,843.13
1129.2,309.73
1129,1001.2
1128.6,88.105
1132.7,704.37
1148.6,72.04
1143.9,235.18
1135.5,781.28
1136.7,1292.9
1137.2,1320
1135.4,402.92
1140,259.32
1141.7,656.32
1148.4,714.41
1143.7,319.71
1141,1208.7
1143.9,673
1156.1,1015.9
1147.4,171.74
1146.9,421.42
1174.6,1094.6
1160.1,1307.7
1148.6,1216
1157.4,23.523
1152.8,256.93
1153.4,621.72
1155.4,182.15
1171.5,289.39
1153.9,357.26
1155.9,944.22
1155,382
1155.4,487.71
1164.8,814
1163.5,969.92
1158.5,43.714
1158.2,460.7
1163.3,1330.3
1172.1,232.17
1165,500.11
1198.6,614.97
1162.6,414.6
1164.8,582.62
1167.1,784.38
1164,607
1165.6,692.36
1179.9,728.92
1169.5,846.75
1170.2,987.79
1170.1,265.75
1164,836.5
1167.1,869.38
1174.4,123.1
1193,1028.5
1167.6,1184.4
1181.9,31.404
1170.1,320.27
1178.9,1136.1
1177.4,176.88
1170.7,435.67
1179.4,1054.6
1187.9,1227.2
1175.8,697.59
1188.9,550.76
1184,670.67
1178.6,1190.6
1182.6,247.08
1197.3,488.35
1179,1255
1216.9,368.04
1183,1316.5
1265.4,125.04
1185.5,427.72
1187.9,1151.5
1198.9,99.349
1200.5,1180.4
1193.8,1060.9
1196.8,980.43
1197.1,249.6
1203.9,786.84
1198.2,194.44
1230.6,646.66
1203.1,691.24
1207,1121.3
1198,1315.5
1205.8,1096.2
1205.3,1259.9
1213.6,20.997
1208.3,1056.7
1210.3,282.18
1226.4,1312.7
1220.2,74.699
1209.3,1326.6
1212.6,224.71
1208.3,456.24
1226.6,924.61
1212.1,1167.1
1217.5,1101
1222.6,248.72
1218.5,1015
1218.7,1078.8
1219.6,1298.8
1217,1007
1223.6,1133.8
1227.9,1277.7
1225.4,201.57
1223.7,1064.3
1236.6,713.33
1238.9,1240.7
1225.8,234.75
1230.5,495.98
1227.8,1163.6
1229.8,1327.5
1227.5,481.5
1246,272.73
1240.3,459.17
1229,1007.5
1233,479
1234.5,366.84
1234.3,441.12
1234.4,115.6
1237.6,784.37
1253.3,33.967
1239.1,242.15
1250.5,533.16
1246.1,819.85
1238.5,226.5
1254.2,1161.7
1234.5,425.36
1241.5,1299.5
1249.2,957.79
1250.4,476.3
1248,1224.5
1253.5,619.78
1254.3,187.54
1257.2,418.43
1259.2,891.58
1266.4,1264
1266.3,340.15
1267.8,930.61
1268.2,218.09
1262.5,1000.3
1270.5,1327.1
1261.5,173.5
1278.3,573.11
1271.6,697.15
1304.2,43.134
1267,86.2
1266.4,246.11
1285,276.9
1283.6,736.89
1272.3,1180
1271.6,413.46
1270.2,483.38
1280.6,1075.9
1274.5,318.21
1284,448.18
1272.9,244.58
1276,823.7
1277.1,1136.9
1277.7,181.5
1276.4,401.88
1288.5,837.67
1287.2,968.45
1282.2,1223.2
1286.5,381.67
1288.5,885.68
1309.6,178.4
1297.6,238.13
1316.1,611.91
1299.1,657.49
1297.7,996.86
1300.9,779.31
1303.3,1191.5
1293.6,875.09
1292.9,1278.4
1298.3,1331.2
1295.1,356.44
1304.7,1151.3
1297.9,386.7
1300.8,1042.2
1309.1,697.49
1301,24
1301.1,77.588
1301,82
1317.4,1301.3
1319.2,358.76
1306,829.67
1319.4,869.12
1307.3,893.48
1316.1,1224
1312.1,295.9
1321,452.82
1311.9,246.86
1313,338
1317.6,761.49
1314,994
1321.4,1128.1
1319,400.79
1325.6,304.79
1324.9,58.404
1323.3,336.18
1324,564.81
1319.5,789.96
1325.3,992.61
1327.8,242.66
1322.3,916.47
1327.6,1277.1
1326,554
1329,745.93
1330,717.39
1330,782.12
1330.2,840.53
