7.3534,376.77
3.1905,398.5
2.65,920.5
7.925,114.03
11.939,76.333
25.282,820.72
33.206,535.92
41.292,1097.4
50.356,807.34
50.091,3.9091
65.993,789.11
65,743.35
64.231,930.54
70.485,631.82
84.33,859.06
84.093,460.24
85.382,747.04
86.818,215.14
92.612,43.881
103.19,904.71
108.43,516.28
106.93,412.05
120.29,38.5
123.07,211.59
137.87,1169.2
147.59,433.72
145.41,667.93
150.36,832.4
152.38,611.15
160.85,854.88
161.57,68.397
161.87,1150.4
168.84,517.13
168.65,324.94
170.64,633.96
180.1,419.46
194.5,1014.5
197,1092.5
211.16,699.24
224.83,930.73
223.92,1039
233.34,231.2
236,479.68
239.61,352.35
250.46,137.34
249.94,754.91
255.06,723.91
261.98,857.79
265.44,782.95
268.49,219.81
267.97,617.6
268.93,565.05
273.79,104.86
295,716.82
296.47,481.66
297.7,736.57
304.98,507.71
315.65,117.72
318.86,997
331.07,517.5
331.02,1225.8
340.93,333.41
344.74,697.28
351.26,894.57
354.81,193.64
353.07,461.41
355.2,711.03
376.41,537.95
378.91,500.09
382,284
391.13,79.705
402.05,849.43
404.89,229.58
415.43,1076.1
417.06,1030.7
419.61,797.86
425.51,632.22
422,346.5
429.9,734.68
444.82,81.148
444.59,1072.8
457.92,634.01
453.85,942.94
456.1,1080.6
458.93,503.77
457.56,576.38
457.38,774.98
472.31,521.23
473.43,391.33
474.62,254.89
478.92,660.31
481.59,804.83
480.5,108
482.13,503.57
487.16,545.37
493.84,1140
494.45,659.33
498.82,829.52
496.09,879.91
501.38,209.7
505.96,900.93
507,1169.4
510.91,223.09
517.7,867.58
518.4,1188.4
524.16,225.89
527.7,1081.2
537.85,340.62
542.05,476.18
543.73,952.53
544.2,1169.1
549.77,700.19
553.95,86.131
556.11,1244.4
561.61,709.17
564.93,467.5
568.42,1036.2
586.4,231.63
590.56,786.66
591.93,56.946
589.6,1180.1
594.29,392.78
596.94,565.42
608.96,377.43
614.57,222.61
615.17,625.38
614.06,1078.7
627.07,536.54
624.35,1142.7
628.34,1184.7
632.79,438.73
637.86,1170
644.23,1189.2
641,616.91
640.68,1230.7
649.12,1013.9
662.85,521
657.52,966.79
670.95,1216.3
675.7,457.24
682.57,506.52
685.58,52.959
683.53,333.58
689.37,774.63
690.1,1055.8
702.5,297
711.03,116.89
715.58,1109
720.67,401.98
720.44,1053.1
724.57,43.133
734.59,72.386
740.72,931.94
742.86,827.82
752.54,282.78
759.16,902.85
761.58,951.58
764,757
770.88,695.18
776.29,178.38
781.19,313.91
793.67,132.65
794.64,1109.3
793.92,483.92
805.09,724.53
809.63,588.74
810.65,327.48
814.71,804.45
821.44,46.327
831.18,655.7
831.69,479.71
836.64,91.411
833,249.5
835.91,232.51
841.45,1117.5
847.74,918.08
852.59,288.89
854.41,187.54
856.23,69.75
860.98,426.16
861.82,779.4
868.89,166.91
882.37,967.22
884.61,932.13
891.68,5.741
893.45,599.57
898.13,970.16
900.2,648.54
910.77,491.49
908.73,864.38
910.91,190.06
917.88,1219.1
920.48,722.87
927.89,909.58
939.72,361.64
954.36,1121.3
965.31,736.17
975.46,782.06
975.12,802.23
982,49
985.42,500.89
993.41,1152
995.5,858
1001,310.51
1019,1067.5
1022.5,197.5
1023,71
1030.5,919.87
1031.1,499.3
1031.4,276.59
1034.6,257.31
1037.1,154.09
1054.6,351.93
1056.6,653.34
1054,37.593
1064.9,90.516
1068.6,799.82
1083.4,526.89
1088.6,70.021
1100.2,330.32
1103.6,1036.1
1108.8,891.12
1109.6,1207.7
1118.5,670.73
1121.1,1178.6
1131,1223.5
1140.7,757.29
1142.6,688.67
1143.8,200.79
1146,874.27
1154.9,795.67
1154.5,507.39
1182.3,1233.2
1183.1,1196
1190.6,683.08
1195.9,857.77
1199.5,1020.2
1205.6,121.02
1205.5,310.78
1219.6,1065.5
1220.4,1135.2
1223.3,322.54
1226.3,286.71
1234.5,650.77
1241.6,233.89
1245.1,172.23
1247.1,497.88
