5.7917,770.5
19,492.93
21.083,299.08
27.686,983.09
31.5,469.5
34.538,911.22
34.5,850.5
44,490
54.884,1013.9
59.921,978.41
71,480.5
75.679,258.36
94.192,331.4
93.441,1028
116.68,892.22
119.91,1227.9
129.31,887.14
144.79,27.039
160.55,1105.3
185.15,1240.4
190.78,910.22
193.02,1103.1
193.31,1207.2
196.45,62.782
198.5,673.5
203.19,540.93
205,392.25
223.75,682.91
232.54,371.08
239.64,360.82
243.08,373.68
246.57,999.33
294.89,374.56
308.48,267.93
313.36,298.47
315.55,972.86
321.72,1171.5
324.27,345.01
324.09,317.91
332.11,1214.4
336.04,18.943
336,639.5
341.4,1237.6
346.16,991.41
346.65,335.93
349.11,183.66
349.76,318.64
357.5,246.09
361.3,304.78
358,1061
359.88,537.88
361.54,1112.3
370,596.16
378.86,841.5
389.16,1243
404.61,884.04
416.5,665
427.88,848.97
427.5,1133
464.5,530.93
466.21,622.79
488.36,566.68
492.48,465.57
494.07,958.8
523.59,721.6
523.39,1055.2
534.52,860.56
540.82,993.4
545.93,1196
548.24,138.95
550,218.5
550.33,1085.6
563.5,1059.6
565,743
585.82,112.34
589.91,1032.9
609,179.68
610.09,559.09
637.83,246.06
646.88,952.23
674.98,644.71
676.41,856.9
682.67,631.64
694.81,514.07
699.26,874
708.7,357.64
719.1,616.62
724.91,381.5
743.35,8.7941
751.05,707.23
752,388.5
759.54,1198.9
765.71,291.85
765.96,447.57
794.43,1087.7
798.42,644.61
811.45,838.45
811.5,587
813.5,520.5
835.5,1242.5
837.45,354.59
866.75,524.89
879.86,1229.9
892.5,441.5
908.53,937.7
915.53,858.86
918.68,1130.8
927.06,635.69
932,619.17
940.15,991.22
940.07,228.41
949.19,168.93
964,815.5
967.61,777.65
967.81,912.14
979.01,574.45
981.76,486.47
983.88,180.12
997.09,544.55
1017.1,1127.1
1019.5,784
1034.1,904
1046.2,224.68
1044.9,738.59
1050.1,1171.5
1066.4,1004.5
1109.4,411.02
1108.4,613.42
1111.9,97.091
1112.1,1221.1
1122,756.06
1126.4,478.8
1147.9,75.058
1155.1,1149.9
1197.5,47
1232.7,25.032
1236.7,830.8
1237,881.06
1241.8,1227.9
