7.6064,69.755
2.16,221.08
2.2917,246.79
33.993,316.81
2.9904,353.83
1.8333,392.33
36.03,617.53
2.6286,765.14
4.25,796.2
31.312,1025.7
1.5,1044.5
66.097,1099.7
12.455,1150.2
16.598,1204.4
5.5135,1330.7
13.567,122.14
8.4509,517.92
26.666,566.63
30.27,178.57
36.181,137.61
20.123,601.46
22.5,98.5
26.667,592.08
61.355,61.665
30.625,1152.9
28,216
28.333,221.17
56.634,282.38
32.12,2.72
50.575,722.71
44.219,1061.4
46.376,9.8728
40.412,1325.9
46.612,113.59
52.149,1175.8
52.723,797.28
65.819,443.22
58.143,171.14
61,1176
64.059,167.41
82.334,1279.6
67,175
102.56,1177
82.141,671.68
75.871,194.15
80,142.5
90,724.06
113.83,294.21
94.367,159.34
95.648,199.33
94.688,244.52
120.94,760.27
99,477.49
103.84,1227.7
99.907,255.21
117.67,1007.1
134.88,167.97
115.28,9.4894
113.07,535.1
118.84,694.49
120.75,732.8
115,1087.5
120.5,1291.1
119.64,1234.1
128.36,410
127.22,1063.3
129.17,1092.1
124,328
144.9,373.17
139.27,550.45
154.21,1299
136.85,42.489
133.68,13.636
132.58,156.11
137.09,4.4605
142.31,139.58
157.38,337.79
157.74,281.22
150.83,1066.6
151.53,1002.7
160.71,308.44
158.6,5.6
165.85,127.22
165.02,205.2
181.92,435.78
164,212.5
165.67,625
171.55,1182.6
171.89,583.42
172.5,1175
179.74,4.7357
185.25,352.53
178.5,489.68
181.09,476.52
183.67,503.43
221.84,526.63
190.82,1250.5
193.06,1191.4
205.92,13.821
211.48,254.18
189.87,150.17
194.5,49.5
233.94,749.12
205.65,315.15
220.1,456.85
220.25,493.54
219.64,1241.3
234.55,974.3
229.74,1205.7
287.66,1146.5
233.62,568.21
226,330
228,1261.5
275.56,604.12
238.62,1303
245.18,215.56
257.96,459.94
242.5,446
254.19,430.21
257.09,190.57
250.03,247.97
255.68,616.58
255.6,352.12
268.56,155.23
258.02,278.82
258.69,509.68
267.87,309.23
259.76,632.71
265.3,1009.7
261.88,395.4
260.5,550
272.42,565.06
274.52,950.12
273.22,981.76
272.5,1218.4
313.42,498.14
280.29,224
278.31,647.33
286.02,525.63
281.05,371.68
293.74,746.66
284,399
288.3,413.7
291.82,980.99
288,292
294.19,463.39
301.35,177.3
293,580
295.4,271.6
296.58,291.17
297.62,666.17
300.54,1000.2
309.21,522.65
302.5,1223.6
305.44,1095.8
306.89,1010.7
352.23,710.06
309.52,301.4
311.2,1053.5
323.86,578.92
318.84,971.05
330.03,743.21
329.59,991.52
332.74,550.31
331.17,1019.1
336.65,6.1442
335.81,475.74
339.92,590.11
348.21,526.07
339.41,560.55
348.59,351.27
353.1,751.66
347,212
349,228.4
351.08,545.81
423.18,1035.3
354,662.39
400.61,22.917
442.17,1206.3
367.84,355.8
363.25,498.75
370.79,332.26
369.96,522.51
368.42,320.47
377.26,4.3892
373.38,237.89
441.06,1113.4
373.52,502.75
396.69,568.1
399.98,956.29
385.71,1231.6
381.84,1144.9
385.11,88.622
392.11,735.91
397.99,262.18
394.42,758.6
398.12,378.35
405.67,39.888
404.52,359.98
426.84,676.56
404.09,461.5
416.06,645.4
422.7,598.6
412.87,1234.7
408.42,1177.6
416.4,447.6
419.51,1171.5
425.35,745.05
443.5,262.27
464.42,398.89
438.89,210.49
437.92,342.78
437.2,326.54
436.2,547.45
437.14,783.14
452.32,624.96
450.63,1132
452.94,570.39
445.41,1151.6
450.18,133.39
457.81,655.93
456.28,1248.4
460.09,531.92
454.96,431.24
494.07,146.32
461.59,245.29
461.96,513.67
463.33,686.01
466.96,471.15
479.56,323.29
477.23,224.88
485.6,535.38
481.77,489.77
493.69,640.93
490.81,600.18
487.66,961.55
489.22,679.05
498.49,477.03
515.31,691.3
509.23,258.75
500.5,299
507.47,921.35
512.04,658.72
509.89,722.82
512.82,877.45
513.43,817.88
548.78,298.54
514.63,376.14
517.16,443.69
520.86,581.39
526.87,85.733
528.69,468.38
539.17,551.38
624.47,727.97
550.6,604.02
560.37,450.76
578.12,507.6
559.62,535.33
562.22,900.36
559.86,170.78
572.27,657.77
563.68,270.12
563,410.5
567.11,563.58
568.33,324.83
582.29,178.92
583.18,371.01
577.36,726.82
580.97,899.92
611.86,92.442
623.02,142.06
592.07,257.59
583.92,573.12
591.17,1326.5
584,831
588.02,626.14
600.73,279.16
597.35,446.24
598.15,205.14
638.88,392.56
600.7,431.65
605.4,625.82
603.78,173.22
604.93,856.83
631.64,958.86
608.75,521.3
620.02,338.59
610.41,303.83
613.11,678.75
618.23,878.88
638.39,165.06
624.53,594.21
627.14,456.32
622.5,827.5
638.46,282.49
635.97,421.19
630.5,1019
635.74,747.96
636.55,849.32
636.88,304.35
645.38,753.23
645.5,374
663.1,239.97
653.81,588.7
773.49,962.63
656.89,734.66
656.15,320.87
674.35,850.09
663.9,1038.9
681.87,608.02
667.69,585.53
734.81,779.18
670.95,314.36
677.68,273.93
685.14,191.3
682.45,704.72
688.81,958.84
679,314
683.96,520.54
693.46,99.178
689.78,724.43
692.94,314.17
687.9,403.58
695.01,380.17
689,1033
692.86,493.19
695.02,1052.2
692.4,1037.6
713.11,542.55
705.77,1084.7
704.55,253.36
704.49,453.49
719.34,718.46
718.87,929.51
707.32,688
726.79,314.6
708.46,1000.6
744.95,480.82
715.52,392.84
725.16,649.59
742.32,983.9
747.86,1178.3
715,1071
727.39,359.19
724.28,1011.2
725,452.49
726,620
728.18,1187.9
730.59,557.07
748.82,1306.6
753.4,385.71
740,1009.5
742.74,597.77
758.12,115.35
744.35,298.35
756.36,33.952
750.95,73.231
771.37,528.4
782.39,231.36
801.82,281.5
753.81,442.57
775.02,840.32
756.32,1023.6
771.65,636.79
757.83,1071.7
778.84,343.81
765.39,590.36
771.58,802.57
766.51,1208.9
776.4,15.865
803.26,37.716
780.24,164.34
774.49,454.52
774.99,1089.1
776.22,555.72
775.37,1257.8
777.33,369.72
777.71,382.29
776.91,1309.9
800.94,103.35
786.22,135.97
787.28,786.69
821.47,430.88
806.64,133.46
805.34,159.56
818.78,553
808.65,599.57
815.13,820.97
815.29,487.75
816.68,1104
811,770
817.48,754.02
821.96,1329.2
848.54,664.96
814.4,1284.4
817.62,81.625
817.5,742
818,408.5
825.1,318.05
828.96,763.79
855.22,903.56
827.02,330.88
827.63,1207.9
833.49,367.81
832.16,1278.5
833.91,129.37
876.72,765.31
832.84,1309.5
844.24,45.26
851.07,460.26
886.28,54.16
840.42,1113.8
841,373
854.8,195.37
850.3,1056.4
851.27,268.73
862.65,601.46
875.77,156.07
854.03,489.5
860.2,888.83
865.36,1208.8
866.5,798.17
878.56,971.12
868.81,265.74
898.05,885.37
877.62,1131.6
873,243
874.6,719.6
889.36,301.58
889.27,219.71
914.67,397.89
905.75,644.18
892.03,1300.7
913.64,445.94
892.84,1156.8
901.83,328.21
896.93,600.41
908.02,945.73
910.17,699.49
905.6,1196.6
905.6,1202.6
908,1087.2
917.1,477.31
925.32,730.39
914.94,194.41
919.4,1138.8
926.34,528.13
923.12,282.05
938.71,680.79
924.44,293.93
928.15,1291.9
929.86,321.58
929.38,870.08
958.18,469.25
950.64,956.11
935.31,606.31
936.06,933.91
937.36,1317.7
938,1141.5
942.61,591.05
953.25,707.2
946.22,129.61
943.2,368.94
960.14,761.23
952.64,1078.5
943.42,882.89
948.37,54.678
947.86,315.05
976.69,1108.4
955.26,609.47
953.91,1034.4
953.11,890.36
962.44,907.17
955.1,65.871
958.03,524.28
967.88,1227.5
978.48,74.983
960.06,569.94
958,10
971.32,151.08
958,807.5
959.5,3
976.77,830.55
961.4,1206.4
964,29
1016.3,528.8
985.01,569.82
967,24
977.46,370.61
976.91,657.38
976.66,1084.5
978.56,691.56
999.14,195.49
978,446.5
1030,989.99
989.35,277.57
1020.6,630.23
992.65,716
996.97,619.62
995.52,676.96
1002.5,834.21
1006.8,29.894
1001.6,446.44
1007.9,47.375
1038.7,884.86
1051.4,1048.7
1024.7,403.11
1019.5,560.6
1027.5,596.32
1039.1,723.64
1018.9,106.38
1022.2,437.45
1031.5,282.71
1015,831
1021.2,1072.3
1018.5,375.19
1020.9,55.867
1048.5,466.85
1026.1,788.72
1041.3,1107.2
1027,31.537
1033.6,1082.8
1029,224
1040.3,367.48
1032.2,1156.5
1037.2,932.64
1037,229.14
1042.6,308.31
1042.3,114
1045.1,807.9
1063.6,34.161
1044.3,775
1049.6,1126
1066.4,583
1052.5,681.73
1048.9,953.59
1049.9,1258.8
1058.6,900.03
1088.4,1135.8
1056.5,1193.6
1061.5,86.638
1076.1,259.24
1070,6.2875
1062.3,597.78
1077.9,780.69
1064.1,421.08
1066.5,762.59
1075.5,1102.4
1083.8,1253.8
1096.3,189.79
1065.1,972.94
1067.2,237.79
1069.7,658.88
1085.9,68.449
1072.4,380.24
1225.2,1139.2
1078.8,914.22
1075,233.5
1079,499.64
1082.2,219.37
1088.3,535.36
1087.8,753.24
1116.1,729.23
1089,1322.8
1104.1,610.75
1088.8,1304.4
1089.6,418.63
1093,139.15
1110.4,28.92
1094.6,1008.7
1094.5,397.5
1100.8,594.14
1099.3,356.31
1133.4,888.46
1112.7,293.3
1112.1,1310.5
1108,267
1104,363
1145.7,405.11
1116.7,112.77
1108.8,574.28
1107.5,375
1116.7,928.63
1124.9,860.07
1114.7,1046.2
1118.9,444.98
1166.7,555.92
1132.2,63.539
1125.5,826.24
1127.4,148.7
1135.8,522.89
1128.3,941.66
1139.9,170.79
1131.7,329.88
1134.2,768.29
1134.8,192.43
1134.4,1068.1
1134,600
1150.9,1017.9
1138.7,292.18
1160,605.26
1149.5,125.05
1209,952.32
1146.5,82.5
1157.5,1310.1
1148.8,203.69
1152.7,495.19
1167.9,256.64
1150.8,296.67
1191.1,58.382
1158.5,166.6
1165.1,316.03
1172.2,233.73
1169.5,706
1183,869.09
1220.1,829.76
1185.2,706.31
1181.6,139.33
1199.4,302.76
1179,161.55
1190.7,742.78
1195.2,192.21
1187.3,487.78
1187.9,11.337
1196,100.76
1224.9,1232.7
1195.8,1134.8
1197.6,571.78
1199.6,550.09
1199.9,448.86
1201.8,1313.6
1203.5,1182.9
1224.4,1326.2
1221.2,105.5
1243.8,593.15
1211,171.36
1243,715.63
1208.9,787.42
1219.3,433.31
1214.1,28.455
1216,1295.5
1215.5,36
1221.4,86.517
1220.9,191.86
1232.5,1211.9
1222.5,811
1228.3,463.33
1245.6,1299.5
1229.4,518.35
1241.5,1253.7
1235.4,489.84
1227.7,868.17
1233.3,20.515
1234.5,1063.5
1259,655.21
1283.5,908.47
1249.4,440.59
1241.4,755
1250.3,125.16
1247.2,949.09
1252.3,1053
1277.3,756.04
1251.6,849.91
1257.7,54.251
1255.1,480.7
1298.1,465.66
1275.1,1271.8
1279.8,825.38
1273,866
1290.7,1278.3
1278.3,1252.3
1280.5,1013.1
1282.5,1.5
1289.9,845.45
1284,950.07
1297.8,282.63
1287,998.1
1289.4,1250.5
1292.3,166.63
1295.8,975.12
1301.9,807.6
1304.5,113.19
1295.2,687.5
1317.9,503.74
1304.3,143.4
1302.7,546.84
1308.9,1167.1
1317.2,651.28
1302,942
1306.2,349.37
1304,937
1316.4,176.45
1306,572.03
1320.5,1074.3
1310.2,990.16
1316.8,1250.3
1324.1,822.75
1323,552.87
1326.1,1215.1
1321.7,319.72
1327.8,723.95
1322.6,213.59
1329,976.03
1327.6,1308.3
1328.6,278.92
1331.3,954.94
