11.728,156.45
27.264,244.12
10.453,274.89
16.397,828.38
38.821,1268.8
3.2222,1315.7
18.958,10.539
21.118,1056.2
26.553,101.63
68.445,857.96
42.601,820.11
34.344,1235.7
52.491,145.25
41.951,997.17
43.083,844.48
46.333,63.315
56.846,268.18
51.538,96.65
57.195,198.64
62.03,611.97
70.08,677.06
73.495,784.47
78.701,58.002
74.879,243.35
110.61,1089.9
90.786,167.41
82.127,971.75
117.71,768.56
89,957.96
92.711,69.611
91.357,1051.4
103.45,993.33
113.9,936.42
104.2,20.69
118.27,87.834
105.1,919.9
106.17,183.41
105.14,648.34
126.79,6.8971
113,680.47
134.45,1148.9
110.5,1220
119,553.83
152.42,577.58
180.92,1030.8
126.13,505.04
147.42,724.74
133.84,810.21
162.27,675.49
172.74,458.78
143.82,626.76
142.81,551.92
147.76,958.53
154.96,927.63
147.95,48.595
156.54,798.49
152.48,1200.8
186.18,773.43
164.87,980.76
158.14,481.14
176.31,34.421
202.4,660.52
161.71,820.64
199.02,1247.8
166.11,908.53
180.91,1329.4
176.64,939.25
175.29,1114.7
157.43,1071
187.24,693.61
175,724
204.53,593.14
195.76,722.5
188.5,741.35
192.02,826.39
194.26,998.59
205.49,269.66
196.26,382.61
197.32,945.34
236.56,1159.2
203.85,333.19
203.2,1122.4
209.31,2.8136
204,382
205.96,1058.8
219.61,405.91
212.89,828.42
217.7,948.83
213.86,1210.4
215.1,43.95
222.75,1305.5
227,1131.8
232.89,739.75
229.85,477.21
235.71,4.871
242.42,619.75
245.5,945.68
246.28,1059.9
245.44,700.2
281.79,1122.1
253.42,76.608
258.67,372.23
263.19,1260.2
280.41,89.66
268.98,1071.6
300.34,941.26
270.19,795.19
300.89,524.79
274.5,424
281.39,610.5
279.08,686.68
364.2,781.8
276.88,1229.3
293.9,3.6556
280.5,342.5
290.12,221.65
299.19,894.45
308.93,313.03
297.2,807.28
304.78,282.48
302.02,1070.9
297.94,1171
313.77,1177.8
302.5,227
305.64,1279.2
306.66,607.61
306.98,430.85
314.42,1248.7
313.58,447.25
318.66,222.12
315.5,184.5
318.1,1.8
322.91,204.33
342.6,828.56
331.96,141.08
331.1,463.46
328.49,1219.7
326.5,1228
472.22,289.31
334.14,1025
363.57,384.04
350.42,481.7
346.56,1205.2
365.55,1307.1
348.62,961.43
401.37,1226.6
360.34,451.1
356.53,523.97
369.96,496.95
460.32,109.19
368.41,978.99
364.28,706.45
399.27,230.36
382.41,682.94
384.79,741.49
392.5,709.07
406.03,1311.6
457.68,813.74
398,1108.5
436.82,552.39
402.25,686.91
405.73,178.82
408.84,647.18
404,1124
408.39,1118.4
423.21,404.47
411.53,1049.3
411.44,1023.6
420.3,582.05
423.48,662.74
428.51,632
434.72,176.31
424.86,607.86
427.41,1175.5
431.14,89.279
468.76,485.55
431.85,1155.5
443.84,854.09
437.2,1135.2
439.31,520.14
459.94,725.27
450.72,1208.5
447.23,209.79
457.3,246.61
446.48,578.76
449.61,1282.4
447.62,1307.5
451.17,75.408
450.71,1094.2
461.12,1181.2
483.28,1279.3
471.17,379.43
495.22,73.446
534.63,991.23
476.75,599.59
502.93,1128.1
496.87,753.86
497.89,856.34
504.22,160.68
501.47,457.42
510.5,398.22
513.51,682.44
514.95,1161.9
526.51,231.66
518.03,1040.8
520.66,1250.4
527.15,454.59
542.91,728.51
527.58,1319.9
530.49,365.74
529.52,547.24
531.64,336.37
528.75,1108.6
530.5,1330.8
528,617
531.21,610.83
580.06,1206.9
546.52,1072.6
559.61,587.7
553.38,796.29
554.45,1197
588.3,886.34
557.01,4.9855
571.08,1313.4
591.49,383.38
560,15.5
600.77,1076.6
564.65,1278.2
566,428
581.04,1040.4
576.29,52.826
573.23,354.53
589.58,431.42
577.32,38.189
582.77,633.52
584.23,835.95
587.04,222.54
596.01,76.006
597.93,150.92
605.41,24.277
622.61,850.48
597.47,1115.2
596.64,410.23
604.65,1171.2
604.93,1298.3
604.5,333
610.95,1329.2
617.9,1299.6
615.56,208.49
622.52,983.32
622.62,1053.2
625.49,766.94
625.56,628.21
621.5,1154.7
626.18,930.03
632.87,1182.1
627.74,326.69
627.98,1236.1
630.22,944.61
657.31,1125.5
661.17,63.533
644.29,656.54
650.89,1055
655.01,370.15
645.68,1159.2
650.94,1317.6
658.06,466.55
686.29,1088.1
663.19,169.25
668.95,323.57
667.75,825.41
674.43,262.26
666.95,845.26
665.5,1004
676.88,1262.7
680.51,889.73
686.14,33.62
687.31,1318.5
699.82,308.46
700.21,592.27
690.15,1205.4
718.93,967.03
691,634
711.03,865.37
695.58,1230.8
700.17,238.97
690.2,1157.9
697.15,87.346
701.42,810.34
724.01,160.51
707.29,1116
721.37,210.91
715.81,1140.5
715.27,1218
716.56,1074.5
721.33,19.479
721.23,366.06
731.93,285.51
719.95,747.84
728.63,497.9
757.13,721.56
727.98,1133.6
727.56,1250.2
755.66,899.73
732,914.38
733.78,606.12
804.16,345.68
736.55,1018
736.81,623.3
736.81,1066.9
746.03,311.25
752.15,1090.7
749.18,819.48
751.56,937.22
761.41,639.22
758.26,608.89
808.52,852.56
768.88,274.69
778.17,441.97
761.28,1233
768.13,1053.6
764.56,1271.2
767.52,9.8889
767.87,157.96
772.7,1164.8
774.08,1212.7
772.42,1013.1
785.24,485.17
785.22,1195.4
787.18,10.831
786.9,185.88
788.09,280.05
798.02,752.47
795.23,1181.2
795.15,237.2
796.19,1200.1
809.35,8.3882
814.87,237.01
811.57,483.38
836.27,636.16
815.54,181.84
814,452.1
836.21,1094.7
838.88,986.37
817.43,1128.9
826.93,1022.1
829.16,1228.6
831.17,247.13
850.79,454.74
837.33,1215.2
854.63,598.93
842.99,1123.4
845.01,1290.5
845.5,1180.9
841.35,244.88
897.42,1141.2
845.42,324.89
872.84,648.26
855.54,1033.3
903.09,158.87
853.5,353
884.51,233.44
879.45,953.85
870.24,1111.9
879.63,918.96
885.58,470.96
878.74,1012.8
889.13,1255.4
893.5,180.89
934.38,391.95
902.05,1007.3
897.5,1107
908.88,1034.7
901.32,1264.8
906.15,907.08
909.94,130.19
915.29,629.89
909,1312.5
940.57,1235.7
921.5,118.5
936.41,449.63
936.69,1062.2
941.12,81.233
931.25,978.92
936.95,1322.4
946.26,21.417
953.83,1275.8
950.57,1007.2
953.46,1303.7
957.11,351.04
970.66,1151.2
973.48,930.59
971.03,446.03
973.42,1192.9
985.07,431.01
988.19,1091.1
1006.1,359.57
1006.2,1299.1
1001.9,790.97
989.32,1134.1
993.83,1243.4
1039.9,1238.2
1023.7,1154.7
1011.1,1272.5
1019.3,1107.9
1019.4,757.07
1032.2,526.09
1039.6,769.94
1072.1,912.53
1037,1179.4
1070,1074.4
1047.6,1313.5
1050.6,1201.2
1050.2,1110.6
1052.7,1055.3
1054.3,943.03
1065.9,539.6
1062.1,391.19
1076.7,1303.7
1072,357.24
1079.2,745.67
1107.1,760.1
1080.1,1207.5
1084.2,1028.2
1094.6,1258
1132.9,1097.6
1097.5,1130.8
1096.9,1230.1
1098.6,679.08
1100.5,628
1104.1,662.29
1116.1,607.37
1114.5,573.33
1116.4,973.6
1108.4,504.71
1137.5,1263.6
1119,641.57
1128.7,837.8
1137.9,381.82
1147,763.5
1134.4,970.05
1136.7,645.83
1156,673.67
1159.4,971.39
1150.6,1122
1160.5,631.28
1162.1,836.22
1180.6,923.74
1170.5,1131.9
1178.5,323.61
1169.5,557.38
1204.2,509.57
1174.1,871.71
1175.7,371.31
1175.3,590.01
1175.1,1164.4
1183.1,809.88
1179.3,713.59
1219.8,613.98
1186.5,1261.5
1195.8,760.46
1190.5,644
1219.6,756.45
1205.3,1054.1
1209.8,390.87
1231.9,1225.4
1228.5,1268.9
1214.8,850.21
1219,330.48
1229.9,490.16
1227.8,869.73
1236.4,444.13
1231.3,1142.1
1229.7,694.18
1228.5,928
1274,549.67
1241.9,1095.9
1232.8,900.58
1244.5,402.16
1247,922.2
1245,721.92
1262.4,960.62
1250.9,1245.4
1258,669.67
1294.8,1098.8
1286.7,424.72
1279.1,1253.3
1263,702.54
1301.4,910.49
1275.8,731.85
1279.4,1022.7
1278.9,796.93
1289.7,1190.6
1310.2,1125.9
1318.9,1329.3
1324.9,1157.3
1322,492.61
1319.2,444.9
1317.4,520.4
1322.7,1229.6
1325.9,1202.5
1323.6,267.63
1327.7,1107.2
1325.6,464.08
1329.4,1299.9
1329.9,712.54
