26.149,1082.5
15.5,123
27.852,1174.6
28.369,124.47
26.878,1219.5
25.29,229.45
38.04,764.22
40.341,1329.9
56.842,1206.5
95.851,547.04
53.402,84.505
57.716,1242.7
57.857,130.86
79.97,116.79
86.287,1247.5
98.343,167.41
138.79,132.15
93,1256
109.29,1031.5
112.11,1329.6
113.78,1250.2
142.24,184.21
124.21,1086.4
126.56,77.2
131.55,953.98
140.92,884.05
138.84,936.24
145.19,1082.5
169.72,1175.2
150.5,1066.5
156.53,1210.3
154.29,1323.5
157.68,803.18
167.27,845.49
170.4,94
181.25,1283.2
185.87,894.16
266.6,742.38
188.42,577.33
189.61,1330.4
197.98,1151.1
206.95,826.74
208.69,865.53
208.03,958.94
221.35,177.46
232.33,793.47
230.02,839.83
291.87,226.14
244.92,106.68
269.34,658.95
249.57,797.59
264,827
272.41,536.39
280.43,890.13
278.66,1162.4
276.64,1190.8
293.71,1084.3
293.48,773.95
302.53,476.7
288.21,816.97
287.93,1131.3
301.34,414.84
301.85,804.74
327.23,1011
306.16,1269.2
343.79,625.71
319.5,20.5
327.75,5.0448
332.22,406.6
334,614
347.87,499.08
358.5,709.17
366.12,510.48
364.06,789.9
365.78,909.9
388.59,535.98
391.85,793.76
383.55,835.45
382.19,510.84
392.14,1309.6
396.5,712.5
428.65,423.21
430.73,320.76
434.86,343.86
444.67,567.25
440.48,790.11
448.47,1273.7
451.43,460.03
469.68,337
464.12,1298.1
469.37,1316.2
481.82,496.84
470.97,639.13
505.08,75.824
518.12,516.95
520.89,635.01
527.3,717.38
561.73,673.78
569.18,287.29
566.78,655.46
570.23,411.8
583.45,421.22
603.5,782.12
641.52,452.66
633.02,803.95
623.21,739.29
670.57,692.56
630.57,102.08
652.41,72.084
654.79,752.93
647.12,503.3
657.93,406.17
753.44,768.32
695.27,44.826
700.18,382.63
716.41,411.58
753,550
756.77,653.8
795.04,1201.6
772.83,495.65
790.58,1088.3
778.47,792.53
776.89,430.58
777.34,818.62
779,505
792.91,680.61
792.41,1143.1
798.14,563.43
812.72,425.71
808.5,695.5
814.01,929.73
839.47,487.61
827.57,956.94
823.5,876
833.3,1009.5
846.74,1288.7
832.57,439.39
852.52,170.66
865.86,504.69
859.95,561.5
869.9,618.59
887.17,1037
896.26,886.1
895.29,605.2
908.06,535.81
892.5,1161.1
894.32,342.11
897.67,1301.2
918.88,924.37
933.84,1260.4
929.58,446.73
933.02,1008.1
927.83,577.04
924.38,402
925,412
931.06,370.83
932.05,336.93
936.5,308.88
939.47,946.91
942.93,291.78
947.35,514.52
944.44,1035.5
952.58,1218.3
988.3,629.81
959.04,820.92
973.87,193.89
965.97,1299.3
967.21,251.77
985.23,1016.3
967.44,1090.2
972.32,927.72
986.32,842.29
980.59,788.75
978.6,800.6
980,464.67
1046.7,784.67
1004.5,742.73
1020.3,881.09
1018,1074.1
1022.3,919.5
1028,1270.2
1048.2,976.71
1046.1,864.12
1034.6,1096.6
1039.6,1200.5
1039.1,1287.4
1038.9,1078.7
1039.4,707.93
1047.1,705.62
1064.3,928.88
1052.1,143.07
1053,1279.1
1083.3,184.96
1066.9,895.5
1067.9,448.52
1070,738.1
1074.5,774.4
1081.3,1181.3
1082.7,714.31
1090.3,1123.4
1101.9,1071
1103.5,988.32
1092.5,870.4
1102.8,892
1099.3,1165.8
1124.1,34.167
1165.6,690.69
1110.8,934.6
1109.7,1180
1117.5,1157
1121.6,1106
1129.3,713.78
1124.9,300.56
1125.6,1060.8
1128.4,1135.4
1153.2,750.05
1178.4,74.585
1158,5.8298
1160.8,1135.4
1172.1,102.56
1177.6,1141.8
1203.6,811.56
1216.5,851.11
1219.5,703
1233.9,249.86
1240.5,760.31
1260.5,29.485
1285.1,713.35
1291.9,653.7
1302.5,168.36
