18.218,489.18
6.0168,709.6
8.8494,845.9
2.1905,922.76
5.7754,1006.4
5.1229,1116.6
34.257,628.74
5.5,33.5
14.467,1257.7
14.4,1065.6
65.517,136.13
23.702,1001.1
21.968,567.19
21.564,1182.3
36.581,919.3
38.536,1202.3
135.71,1217.4
52.644,293.24
47.575,330.88
53.662,1262.5
54.779,34.953
54.429,1142.5
60.959,916.14
56.857,1319.9
82.438,333.65
94.034,363.7
77.544,1296.6
80.178,893.9
74.793,437.79
86.819,656.07
97.556,58.716
82.311,472.78
83.512,285.95
84.476,807.79
90.582,1228.9
83.167,422.67
84.516,308.84
93.873,1328
92.111,1000.6
118.98,801.49
110.45,1037.3
110.8,880.14
110.6,703.6
114.75,712.92
120.5,274.26
117.4,908.08
127.54,1317.9
128.59,880.46
130.82,923.51
182.83,354.89
135.76,788.22
132.61,1012.3
131.3,379.66
135.26,1330.7
139.09,351.93
141.9,1077
139.43,576.29
143.6,279.6
165.63,894.42
166.43,181.05
177.52,254.48
163.84,557.77
181.44,1049.8
174.23,591.78
172.79,280.36
173.14,856.86
175.14,153.35
177.29,908.14
182.59,1177.5
183.5,344.5
193.99,177.27
193.67,1157
198.07,1035.9
200.89,510.29
206.51,911
203.39,767.87
204.27,196.36
217.63,985.6
217.35,1167.8
271.27,1219.6
224.45,850.43
233.14,1083.5
229.15,1001.4
233.99,973.36
256.76,1035.9
241.84,1162.5
253.26,240.78
250.89,809.13
251.35,910.33
255.43,438.02
255.46,456.51
261.52,725.87
306.39,848.84
254.06,1268
259.47,1290.4
261.86,1068.4
264.71,378.38
275.24,309.4
278.6,1105.7
277.92,429.21
274.12,922.5
284.4,5.2478
281.07,335.94
283.82,973.76
282.75,799.01
282.85,370.09
286.6,477.68
279.09,1299
285.06,904.59
291.99,1056.5
292.31,950.51
288.75,1128.1
287.32,1317.7
290.29,514.45
297.83,376
299,289.39
297,462
299.87,401.15
298,466
317.23,486.46
307,1015.5
340.9,389.67
324.92,767.44
328.12,100.38
327.1,573.05
330.24,123.15
329.5,761.5
333.04,179.06
339.18,1007.7
341.36,304.75
338.25,701.64
349.65,210.51
350.43,919.51
346.57,820.38
353.04,342.33
355.04,483.83
365.78,774.06
361.62,537.4
358.21,250.36
363.6,525.6
397.95,853.77
370.19,476.62
371.69,605.33
373.98,566.65
371.83,158.93
375.57,388.98
377.5,616
382.9,1289.4
386.91,1014.5
391,1193.4
390.59,550.41
397.35,397.19
392.65,569.07
406.76,915.49
401.95,1160.2
396.05,872.17
402.12,957.85
400.63,178.35
426.62,214.04
405,738.67
409.07,1103.2
451.93,1157.9
412.36,968.45
418.33,1012.6
415,1219
426.55,1330.2
418,1215
427.28,533.66
425.62,389.91
424.25,1279.1
430.64,1027
424.88,748.5
427.12,1054.1
431.5,335
433.67,1211.2
435.32,401.36
447.07,843.75
440.5,950.29
439.88,293.35
440.46,1190.9
443.19,234.56
438.88,638.27
439.56,935.07
449.5,1274.7
445.62,406.43
447.39,824.22
459.99,761.79
454,823
461.4,185.77
474.41,296.49
464.42,228.07
464.5,1066
470.96,678.75
469.16,350.77
475.13,529.28
483.1,610.59
479.2,1095.5
499.08,399.62
490.13,587.08
494.78,966.78
503.89,1064.7
500.72,1300.6
514.68,359.84
512.34,909.71
519.05,7.4053
515.93,47.668
521.42,937.48
520.67,163.92
529.14,424.42
521.09,1043.5
524.48,1029.9
528.24,1277.3
535.69,536.3
531.67,74
540.12,569.63
552.41,1083.7
554.68,997.99
556.35,957.97
565.48,404.88
567.51,1319.5
571.21,503.39
574.27,221.69
574.47,417.66
592.58,923.92
589.48,20.487
582.3,200.68
606.4,1076.4
597.07,214.43
597.5,186.6
596,774.5
606.91,1284.6
624.39,1313.5
610.41,50.931
616.87,1031
620.77,665.4
613,1306
626.85,255.06
620.4,362
623.55,901.33
620.5,975
629.45,187.31
621.96,596.23
629.5,371.5
632.86,32.759
640.64,314.5
634.47,203.42
642.88,417.35
636.42,801.24
638,1133
647.27,556.5
650.15,1328.2
656.87,366.59
649.58,3.5484
651.21,786.71
657.76,228.84
654.78,732.72
658.94,1255.4
656.13,657.17
662.07,707.94
667.02,675.24
664.51,606.11
663,181.5
665,157.5
664.88,626.35
669,397
690.17,1307.5
681.3,334.86
678.3,39.375
678.17,366.35
683.09,667.52
766.85,687.51
688.92,258.66
687.17,184.33
692.98,228.1
689.68,141.05
691.5,206
694.5,120.4
695.11,304.35
704,384.26
694.95,1050.4
690.38,1197.1
698.29,436.9
703.48,984.75
709.17,47.241
699.17,581.03
705.18,738.32
711.85,618.17
719.06,189.49
713.43,337.43
733.52,242.36
722.26,940.08
734.28,1277.2
722.92,429.02
722,996
732.44,1172.5
738.32,719.75
737.04,794.86
749.1,1195.8
738.96,1221.3
737.33,380
742.83,162.5
740.11,438.68
742.99,629.62
744.81,608.06
757.69,413.21
748.45,470.71
756.37,115.5
753.48,457.21
760.1,487.42
756.57,436.91
758.49,149.93
759.88,64.346
764.09,1265.3
766.94,396.81
770.39,183.22
780.23,209.33
774.28,339.57
766.95,1201.3
769.86,139.41
786.06,1303.9
782.04,1215.8
774,830.5
776.99,964.52
785.21,125.99
791.94,97.667
784.55,143.62
786.33,1248.6
800.01,980.65
785.82,1274.1
790.92,234.44
790.56,383.62
785.59,727.06
786.14,1039.1
792.5,714.25
798.88,149.77
803.31,570.86
804.68,1330
801.62,413.42
810.02,199.67
813.5,1237.6
811.01,165.59
814.61,1129.4
820.78,574.42
827.32,1329.7
820.57,412.71
822.39,177.52
829,438.67
823.23,456.3
847.83,994.98
871.58,1058.5
835.48,161
836.56,91.527
839.19,701
839.7,470.13
841.42,115.28
848.9,129.85
875.58,1173.5
853.46,196.37
872.54,623.13
851.36,312.03
860.76,452.94
864.61,741.35
883.1,977.41
908.93,938.77
886.5,1307.1
1011.8,1225.5
891,1267.5
892.22,767.1
889.4,1299.4
892,668
894.5,316.5
895.7,724.12
903.98,750.53
897,735
906.36,1088.7
902,1010
914.75,819.5
919.11,218.09
924.25,1237
923,1018.8
922.5,451
923.81,997.91
960.17,708.26
928.02,260.04
938.38,741.18
934.42,1125.4
935.94,248.42
963.05,917.07
936.98,1251.4
944.92,67.964
937.55,494.37
935,1105
941.81,1262.6
945.5,1035
957.02,1143.6
952.62,1031.7
954.28,195.33
1007.7,249.5
958.7,648.15
954.5,1093
959.11,731.51
961,327
1012,988.37
977.52,1007.8
975.25,987.54
1029.6,781.07
949.26,440.14
989.38,646.39
988.2,571.17
995.18,579.29
1002.9,682.5
1007.4,557.38
1021.8,644.07
1023.5,516.88
1008.8,725.87
1030.1,750.59
1019.9,393.12
1014.1,444.14
1033.4,1328.3
1023.6,676.75
1019.8,327.5
1023.3,562.33
1040.5,215.88
1041.5,589.58
1067.6,627.07
1063.9,113.11
1078.7,1261
1076.7,320
1079.3,121.7
1087.1,340.36
1085.5,1209
1094.1,598
1096.8,778.06
1098.7,351.75
1098.8,688.42
1118.6,932.72
1119.8,740.5
1106.2,708.32
1112.3,1245.2
1120.2,989.58
1130.8,1089.4
1121.1,912.43
1122.3,1264.8
1129.5,659.09
1135.5,984.64
1155.8,842.85
1150.7,757.68
1144.9,1304.9
1143,967.98
1147.5,1164.2
1155.1,1272.8
1163.6,312.24
1157.1,106
1164.2,957.15
1162.5,1256.4
1180.2,620.49
1164.4,154.59
1165,674
1170.4,1281.9
1178,584.72
1178.3,1032.8
1195.3,1103.5
1182.3,121.63
1194.2,284.86
1183.1,984.12
1196.7,150.96
1224.9,839.58
1193.8,786.6
1200,566.39
1205.6,925.2
1183.7,1249.9
1199.3,1228.1
1256,162.51
1206.2,986.51
1222.6,1214
1216.6,545.85
1230.1,691.04
1229.7,1093.9
1229.6,667.96
1246.3,21.032
1237.6,615.99
1245.5,274.53
1238,129.2
1256.8,206.48
1279.4,1064.6
1240,651.5
1276.6,680.9
1296.7,37.328
1259,1331.5
1253.7,401.71
1266.9,445.83
1270,106.36
1270.7,410.6
1275.1,1241.7
1281.5,169.59
1288.5,325.92
1292,197.6
1302,174.71
1317,1234.6
1314,151.1
1329.4,1108.5
1329.7,80.853
