3.4521,421
7.2063,974.02
9.386,512.98
16.384,1034.1
17.233,642.11
24.192,1156.3
27.923,242.15
40.169,1005.7
46.891,940.37
77.074,89.407
89.292,959.9
98.622,924.63
96.057,106.43
99.419,202.45
111.71,727.14
118.5,384.5
126.77,345.48
126.04,763.26
127.29,1013.4
129.59,485.41
137,157.35
156.47,1157.7
158.38,865.5
163.13,919.07
161.78,82.89
164.5,1116
176.09,706.22
178.76,1023.7
185.89,600.36
199.28,881.92
206.82,659.77
205.86,624.51
214.68,696.15
222.63,958.37
224.03,674.18
228.84,647.42
232.95,165.83
244.24,372.9
240.85,426.65
245.97,45.242
249.82,474.65
256.6,1130.4
253.75,277.78
265.8,49.8
278.59,268.98
287.65,614.22
284.34,1169.8
288.4,138.07
294.06,324.12
309.8,422.59
316.18,1166.4
316.94,1033.1
322.26,811.23
321.93,216.41
329.1,1114.9
333.98,607.88
342.72,186.7
342.64,995.5
358.25,480.21
360.03,33
361.55,1093.3
362.5,1176.5
376.33,634.12
385.46,897.39
393.81,1009.6
396.6,918.4
410.02,414.94
404.15,483.12
412.02,853.81
418.51,333.21
416.5,373.5
425.31,120.88
425.09,373.09
427.66,723.92
443.05,285.76
454.86,1173.3
452.93,54.328
452,986.25
457.67,185.99
457.48,538
460.61,849.39
462.1,1198
467.38,1070.7
486,627
489.04,877.18
491.29,274.55
504.01,57.897
505.66,757.79
509,683.5
522.45,319.05
519.58,1242.4
523.63,507.87
543.33,1142
540,103.69
544.98,365.71
543.37,1199.2
549.03,647.88
548.95,1100.9
553.33,617.54
556,401
569.67,286.54
564.54,474.41
568.39,483.87
570.95,3.125
580.27,102.3
586.92,939.59
590.33,188.83
595.45,1138.8
599.62,401.14
602.21,588.01
602.44,624.28
604.16,12.497
610.5,852
621.58,1240.8
630.5,349.48
633.08,335.56
634.66,1210.1
634.54,107.3
632.88,214.69
637.29,408.66
643.69,127.91
646.33,448.3
646.09,1055
646.77,554.9
652.92,1128.5
655.58,30.904
665.26,323.8
671.97,386.68
680.74,291.45
680.19,703.69
682.13,100.31
690.5,683.53
693.06,1211.8
689.55,187.18
697.76,905.31
697.47,583.22
703.35,129.95
705.43,180.85
712.89,159.43
716,109.5
721.49,449.4
734.4,279.5
738.63,22.369
740.7,132.02
747.6,1013.4
747.41,694.53
751.42,1135.6
751.5,220.5
763,1231
764.72,80.138
766.77,845.97
769.22,470.84
769.46,270.52
770.5,1115.5
776.19,403.52
778.64,163.2
777.9,830.6
785.55,201.57
788.09,273.97
787.99,758.9
791.33,718.51
801.05,461.43
803.5,111.07
803.29,736.29
808.31,365.66
804.45,395.42
812.7,801.65
815,871
820.22,135.92
824.94,666.13
825,177
824.58,407.89
828.39,605.83
829.41,727.11
830.47,1116.3
840.52,900.48
846.47,607.03
850.65,1176.1
850.16,779.13
859.28,694.35
860.87,271.24
861.88,861.63
859.38,305.18
865.07,1008.4
867.64,164.44
872.95,557
869,676.5
879.12,202.21
875.2,431.91
877.5,1053.5
882.22,165.73
883.79,14.567
883.96,938.64
886.38,72.82
896.41,656.17
891.65,288.82
893.05,418.37
893.07,1005.4
898.45,163.34
900.05,29.324
918.09,344.23
916.59,1216
919.23,532.07
928.41,62.661
927.29,6.0725
930.78,563.82
932.67,662.1
940.38,755.92
940.63,149.03
947.65,446.86
942.08,542.08
952.38,677.26
951.24,704.97
954.25,498.39
958.49,1003.1
959.69,552.17
965.7,221.68
965.55,653.64
968.61,376.51
976.82,524.47
975.18,551.8
978.99,1099.1
981.81,413.4
985.93,1140.2
993.45,594.34
990.4,541.9
995.61,913.88
997.28,400.55
997.73,856.95
997.49,928.56
999.4,549.81
1001,99.75
1007.7,159.83
1010.9,544.12
1013.9,262.12
1014.5,714.88
1018.1,1215.1
1022.2,1010.7
1024.5,341.75
1028.9,193.48
1027.5,785.39
1032.7,431.19
1035,558.77
1031,1149.5
1033.5,503.5
1037.2,704.75
1049.9,611.91
1047.4,767.42
1052.5,939.43
1053,424
1055.5,129.36
1057.3,41.023
1057.9,1115.6
1063.8,891.69
1067.8,4.3077
1068.9,489.91
1072.4,88.748
1072.9,165.28
1073.1,1217.7
1074.8,1089.9
1074.4,221.65
1081.6,185.33
1080.5,781.87
1082,519.5
1090.1,1128.7
1088.9,34.421
1091,984.86
1095.2,271.39
1096,105.91
1096.8,401.7
1097.8,864.56
1102,956.53
1103.3,778.23
1104.7,500
1109.5,970
1115.6,189.2
1111.9,469.07
1117.1,690.63
1124.7,346.17
1128.4,222.16
1131.5,743.99
1136.1,243.87
1132.4,1191.6
1137.2,655.4
1139.5,555.5
1142.2,619.95
1145.5,637.02
1150.3,416.77
1152.6,450.4
1158.1,73.603
1154,387
1155.5,711.67
1156.8,1221.4
1163.2,132.62
1166,1150.5
1178.6,821.42
1183.2,592.88
1192.6,194.57
1202,111.21
1209,444.9
1204.1,665.41
1206.5,1190.4
1212.1,1147.1
1208.4,92.439
1213,590
1218.2,522.17
1220.5,1137.5
1233.4,269.11
1226,774.5
1234.4,22.469
1239.4,1164.8
1241,563.83
1245,124
1246.3,271.26
1246.1,1241.1
1246.6,258.6
