3.8204,40.094
2.8214,91.202
6.3043,115.46
19.297,155.53
4.7444,407.23
3.9855,456.93
11.033,648.91
33.628,721.97
2.7674,776.07
3.5648,810.62
6.7405,837.79
2,936
19.925,1062.3
6.2706,1099.1
8.7769,1114.6
14.003,1259.9
11.995,298.17
15.014,940.59
10.5,376.5
13.896,332.87
14.386,963.44
29.604,795.55
46.643,745.06
18,791.5
30.153,10.34
23.179,1096.3
115.84,815.36
40.154,942.41
41.171,121.05
178.89,989.53
36.309,975.04
37.636,779.68
43.537,1233.9
54.195,851.37
48.907,640.81
67.541,1092.1
63,157.38
70.706,1214.7
82.574,678.51
70.5,156
72.189,451.73
77.091,858.91
94.219,1317
90.513,759.53
90.947,454.51
100.14,1036.1
108.92,151.07
111.04,642.96
103.19,715.04
86,1331.5
92,1159.5
94.4,421.35
95.615,511
97,604.5
100.21,1054
102.83,250.12
105.82,571.12
105.08,1069.9
103.86,1152.9
105.22,411.95
113.07,285.48
111.01,526.96
112,1117.5
122.34,1189.2
140.28,220.54
116.85,1106.1
116,211
127.86,307.68
123.15,1134.3
121.14,959.14
127.37,1090.1
131.09,359.09
137.31,1040.6
131.17,199.28
136.66,1114.4
134.17,280.72
133.57,951.81
141.38,463.25
143.5,718.5
164.23,457.08
154.76,622.49
156.58,1154.2
152,129.41
152.95,689.06
150.59,1197.1
152.8,8.6667
154.41,178.73
169.26,759.07
161.11,301.18
177.28,1203.1
159.49,761.24
160.76,20.446
159.71,358.55
162.24,986.55
161.15,338.47
207.86,586.91
162,287
209.19,109.96
166.57,402.35
187.22,78.198
178.65,964.33
206.5,195.14
194.84,535.45
233.55,784.41
182.74,33.686
186.15,501.74
186.62,279.2
186.5,398.42
190.37,463.4
189.31,687.17
194.99,889.58
201.85,563.21
243.23,313.61
203.24,875.26
207.08,499.17
213.86,684.08
219.69,1136.9
227.59,550.44
220.59,1065.9
219.47,67.912
219.06,136.55
218,341
223.11,672.96
226.07,1.7143
231.86,696.96
238.13,821.23
244.2,631.89
250.02,238.9
239.41,173.97
269.92,23.384
243.09,1019.4
249.38,853.22
252.03,678.97
244.73,2.8636
251.39,408.87
272.48,810.3
256.22,1106.1
260.49,707.87
256.75,9.5098
256.99,541.71
255,186
258.5,147.5
259.5,181
269.35,604.82
261.67,508.83
269.73,551.06
299.97,757.86
272.13,657.44
275.28,236.28
287.54,173.6
281.91,640.72
292.73,667.47
278.05,631.05
282.15,698.53
294.72,1100
284.68,142.38
288.67,506.89
351.6,77.819
291.31,535.13
290.73,547.25
369.72,650.1
292.67,633.93
427.77,727.93
295.5,680.5
303.39,769.34
298.07,990.89
299,796.5
318.45,940.75
360.86,121.74
303.69,1072.5
316.98,196.16
306.58,612.42
315.61,733.31
317.77,1060.7
315.5,171.5
318.35,960.88
320,1.5
320.07,907.41
322.84,1095.5
324.46,701.45
329.86,42.157
325.97,629.07
354.8,868.24
344.36,16.84
343.97,1087.5
344.69,1017.7
341.35,954.56
352.08,604.85
347.84,1305.6
350.23,678.47
365.19,897.11
351.21,1040.2
364.98,172.95
349.72,981.79
355.3,700.05
359.94,724.49
360.17,1176.1
362.59,1071.1
451.31,1002.1
364.5,962
368.15,18.831
381.09,680.02
370.49,979.45
396.46,1168.3
450.42,912.8
384.78,710.51
395.84,24.357
371.3,1055.4
388.2,1112.3
391.21,1312.9
382.28,1270.5
383.18,531.93
383,4.5
385.51,149.18
393.59,585.89
412.01,1252.8
398.92,891.44
402.1,1220
429.03,858.47
404.1,1088.8
429.46,1195.9
412.97,754.8
413.68,685.49
454.58,126.75
418.26,563.81
420.22,1181.3
475.27,578.68
431.48,982.41
433.08,67.188
435.72,1107.4
442.1,26.008
434.73,1288
439.36,704.96
447.71,1271.6
455.39,1200.2
460.38,1148.3
454.94,777.41
463.54,25.1
484.99,50.6
470.72,15.594
460.35,1085.8
519.37,797.88
474.26,172.4
476.04,754.32
473.4,1179.4
502.08,1172
483.15,1059.6
482.96,1196.4
484.52,840.48
497.81,4.5041
499.27,138.88
534.56,897.95
510.98,485.98
508.53,541.37
532.15,1089.6
509.02,1329.1
511.33,995.33
526.49,183.93
516.61,982.87
536.74,513.01
514,1025.5
519.71,837.43
516,1323
518.44,998.95
519.84,947.76
521,939.83
523.51,156.7
554.7,551.87
525.38,1049.6
526.92,758.92
529,975.5
531.23,117.33
535.47,4.4623
535.02,844.31
534.06,194.59
559.22,973.33
537,1156.5
538.38,1014.1
606.18,633.66
541.05,1308.1
589.66,701.61
552.77,1065.8
583.35,767.11
579.71,927.78
565.1,857.39
566,874
570.36,248.33
575.76,841.88
594.6,994.63
580.65,295.89
583.97,1120.9
581.91,267.89
589.34,373.79
583.06,484.59
585.14,694.61
588.5,477
592.41,671.61
602.73,4.2189
592.67,838.11
684.44,1266.8
597.4,855.46
690.14,349.97
595.91,958.32
622.67,252.29
597,1076
611.73,801.57
600.5,942.5
609.62,327.96
603.77,280.91
586.42,175.16
604.5,745.5
608.79,292.92
607.16,354.56
606.06,667.59
607.67,1084.4
607.8,1033.9
619.65,391.74
624.05,573.57
613.52,830.37
607.42,880.89
635.97,1247
608.67,600.83
616.56,469.13
614.9,1156.2
617.6,744.04
622.92,1056.7
621.54,293.99
622,868.5
623.81,1199.3
623,126
661.65,971.6
627.67,1148.4
665.98,812.45
635,780.1
635.4,224.4
688.99,115.73
653.87,308.27
662.08,1084.4
667.62,1028.1
644.5,3
660.02,264.84
648.08,890.38
649.87,791.63
654.58,1310.7
650.85,738.8
671.4,1158.9
658.42,987.89
661.9,891.95
696,6.5571
667.61,772.02
664,848.82
662.7,1176.9
678.3,1289.5
664.77,624.77
664.5,1129
671.97,192.48
673.89,336.36
676.14,1311
672,890
677.71,262.79
676.6,448.6
682.53,683.96
795.85,1079.5
693.84,303.82
727.15,720.06
687,267
694.67,611.98
691.11,809.58
690.71,1144.4
697.07,273.12
700.31,828.89
699.69,1063.2
706,141.91
710.58,699.23
711.49,570.14
716.33,1125.1
714.26,642.04
727.65,812.44
716.62,975.4
726.65,198.66
724.89,229.96
725.45,955.45
721.86,370.24
728.08,1100.3
761.97,609.98
734.48,683.16
730.39,1021.7
736.09,896.2
769.23,526.11
734.89,241.42
735.15,837.46
809.32,33.511
843.07,78.304
749.32,414.54
744,1049.5
748.37,22.554
748.07,238.93
806.56,417.48
752.09,885.49
755.23,1198.3
752.85,756.22
753.78,858.81
771.01,1252.5
783.37,1311.6
756.52,935.41
799.01,957.54
756.09,1292.5
760,231
763,745.41
764.9,1069.2
766.67,317.88
766,225
767.38,647.38
766.48,687.16
769.29,41.667
770.17,1005.7
774.82,1055.9
773.35,943.64
805.2,705.24
777.14,185.86
799.86,207.64
784.06,680.3
783.46,1034
784.81,79.25
785.71,233.73
794.67,924.51
799.57,886.36
799.58,906.55
802.95,1291
815.54,510.78
808.89,1255.4
808.6,872.31
833.07,1246.1
812.1,1271.2
814.8,827.09
825.22,635.38
819.23,792.38
824,706.95
826.42,1325
868.34,753.4
830.95,886.34
831.23,597.29
856.87,168.98
833.5,449.39
843.05,609.34
881.02,534.26
926.4,621.13
838.94,729.41
844.05,1322.9
902.99,448.53
846.11,1042
850.74,1306.9
850.11,1114.9
847,196.5
849.41,1284
851.22,1078.1
874.75,1174.3
907.56,174.79
860.03,437.94
856,226
856.5,603.5
858.08,1025
864.55,904.09
861,1149
977.19,1024.9
865.2,999.46
867.08,1096.2
864.42,1328.5
873.42,576.78
870,981.11
873.9,1248.7
874.88,1125.4
875.21,867.26
880.89,929.8
874.16,1144.2
876.8,455.2
876.72,625.03
873,969
881.28,848.32
883.79,1330.7
940.09,342.72
891.14,702.14
892.83,1245
909.81,381.03
917.33,833.86
895.5,214
896.91,891.07
912.37,306.46
910.11,1239.5
904.79,902
940.3,687.85
912.71,570.94
913.77,596.12
914.71,1260.9
929.87,1318.6
918.38,1193.7
925.19,745.11
922.72,1214.2
927.69,262.91
932.46,557.34
926.71,723.97
925.63,522.63
923.5,763
930.85,903.27
924.5,253
932.53,480.07
937.02,1256.8
936.49,1158.7
936.08,294.57
939.43,709.87
935.93,242.26
935,665
937.93,937.86
946.19,373.58
942.73,806.65
950.7,868.25
939,668.5
973.8,1226.2
945.05,518.1
948.09,289.95
1071.8,725.21
948.59,244.06
955.29,1271.8
987.34,230.86
958.08,473.28
954.5,792.5
963.18,171.2
958.58,839.11
1013.2,1239.9
964.87,778.44
969.6,1198.6
971,876
974.44,354.92
988.25,308.71
1060.1,80.99
987.27,352.33
986.73,644.53
988.61,597
994.29,1298.6
1001.9,510.61
991,839
990.6,1313.6
994.22,1057.2
1043.9,364.85
998.84,808.98
1016.3,1068.8
1003,1033.1
1002.5,941.39
1009.1,668.22
1002,836.5
1012.8,843.23
1009.9,431.48
1016.4,955.68
1015.8,318.98
1011.1,1213.1
1011.7,1056.7
1012,642.5
1023.6,1299.8
1016,1095
1023.8,211.68
1040.2,404.33
1022,1112
1036.7,317.83
1024.6,582
1030.9,511.97
1035.3,604.53
1035.1,1091.9
1032.4,488.48
1032,614
1035.1,618.58
1037.5,201
1040.4,1230.4
1042.6,684.03
1107.6,1190
1043,669.35
1043.7,1066.8
1044.5,548.94
1043.6,1139.6
1054.6,19.37
1074,202.35
1047.5,887.64
1046.2,1305.8
1051,418
1054,588.11
1059.5,1114.6
1091.9,277.07
1065.7,704.33
1060.8,464.77
1063.5,1323.9
1073.8,610.23
1063.7,376.6
1068.9,795.09
1115.9,1041.2
1121.7,799.52
1082.9,518.93
1090.9,1105.3
1090.6,318.46
1084,136.57
1087.5,396.91
1083.8,1022.4
1084.7,2.2174
1087,620
1095.6,1124.5
1090.7,1164.2
1094.7,1281.8
1096.5,1.875
1208.2,87.1
1111.7,243.28
1110.5,128
1125.7,192.18
1152.7,376.59
1118.2,148.48
1120.7,1305
1131.7,1289.8
1128.2,753.7
1132.3,249.1
1128.3,1107.3
1131.5,1328.9
1133.3,506.43
1142.7,1110.6
1146.7,1183.1
1152.6,1129.4
1151.4,244.83
1146,531
1149.1,1087.8
1146,1272
1156.8,1272.5
1156.8,15.748
1151.2,45.532
1148,544.5
1171.5,516.3
1185.6,1293.5
1175.1,429.26
1194.1,21.372
1171.9,556
1182,763.83
1247,1013.9
1184.7,340.64
1182,300
1193.3,537.17
1191.4,952.11
1194.8,250.92
1213.9,1196.5
1200.2,971.73
1201,159.72
1204.5,296
1209,939.12
1207.5,351.7
1221.5,750.11
1209.1,563.8
1252,814.5
1220.2,517.22
1213,552
1216.2,1283.6
1282.2,208.18
1222.5,169.98
1227,576.36
1225.1,968.56
1235.4,501.44
1227.1,1302.3
1229.3,116.43
1231.1,155.01
1229.5,528.5
1237.3,1247.7
1232.9,193.32
1232.8,558.13
1236.4,359.22
1244.4,5.8563
1236,546
1240,1271.5
1243.7,941.7
1242.5,1280
1247.8,1169.6
1253,151.54
1283.3,1283.8
1266.4,733.85
1252.6,1303.6
1256.4,343.33
1265.4,284.15
1263,632.97
1267.1,247.86
1267.3,258.2
1278.2,576.15
1270.4,1026.1
1277.9,1165
1281,311.76
1274.3,648.77
1280.7,964.61
1279,1206.2
1278.4,114.57
1307.5,807.82
1295.4,698.8
1287.2,4.338
1286.6,249.11
1313.5,1231.5
1292.2,266.24
1291,552.09
1313.9,650.02
1298.5,293.22
1307.6,353.65
1299.3,541
1300.2,1317.4
1308.7,412.45
1313.9,1165.8
1304,343
1311,1126.1
1310.5,693.58
1318.4,1310
1323.1,5.716
1316.4,438.93
1317,447
1320.1,261.45
1317.6,432.6
1321,513
1327.6,369.07
1323.9,1134.6
1319.2,474.44
1328.4,99.167
1326,680.12
1326,1296
1330.5,1044
1330.5,1197.4
1330.9,330
1330.9,1074.4
1331.1,73
1331.2,1318.2
