2.2917,532.5
4.8333,833.76
5.4048,849.63
7.4819,1089.9
9.9231,498.89
12.139,679.43
12.017,1015.3
16.5,433.5
19.151,184.14
26.49,290.38
34.897,356.36
40.759,1045.4
37.946,741.8
42.232,212.28
42.81,342.41
54.579,160.11
59.2,342.54
58.765,229.68
78.493,243.18
77.289,261.39
78.074,1089.6
91.103,693.69
89.71,865.45
93.826,551
97.063,903.52
103.76,72.971
113.39,223.23
112.04,491.69
113.67,707.53
112.41,776.39
125.22,301.53
132.42,1051
133.88,501.98
136,333.5
141.93,742.59
150.01,846.23
162.26,737.07
169.63,636.58
170,541.5
177.24,1011.5
180.97,292.32
176.58,330.42
177.49,531.91
190.16,540.11
191.57,315.39
197.5,32.5
198.17,449
201.48,641.46
203,343
211.5,586
212.91,340.25
213.38,836.6
222.3,399.75
226.19,577.42
222.67,425
223.8,5.56
228.41,115.25
228.04,276.82
230.99,24.581
230.33,945.05
244.09,1028
251.84,405.65
252.89,289.3
259.12,777.35
266.5,1245.3
264.09,954.05
268.29,916.42
268.54,597.48
268.71,851.83
272.89,344.72
269.16,1218.1
268.5,681.5
271.12,5.3488
276,19.5
281.98,450.5
279.76,829.07
283.68,748.45
286.32,290.32
284.5,576.5
292.62,832.66
295.17,767.65
293.89,551.68
297.67,1068.1
295.96,441.35
307.47,731.47
306.42,695.89
311.24,534.62
310.79,901.5
316.58,61.371
315.32,877.64
317.72,942
316.62,151.66
322.25,625.04
325.83,468.12
326.57,1201.6
335.37,1044.5
339.5,58.642
337.93,90.444
338.45,704.54
343.08,882.21
344.9,904.19
346.58,824.11
349.44,556.63
351.76,360.41
351.9,459.71
359.39,746.49
360.09,36.909
361.96,405.93
372.14,1149.4
377.5,1102.5
377.83,304.67
380.64,504.83
381,176.83
384.69,914.45
384.5,306.5
390.68,369.13
388,396.81
386.9,704.38
393.51,296.39
396.63,925.79
400.87,742.03
424.93,42.898
413.31,278.45
416.02,602.62
426.74,778.98
424.18,1165.1
423.15,317.54
436.49,595.36
431.85,622.35
441.7,505.6
441.6,227.36
442.09,2.9375
453,171.5
460.47,955.21
462.61,803.56
463.84,387.5
464.23,563.4
467.5,265
470.44,751.25
472.03,34.354
470.61,486.86
477.32,54.25
477.67,513.38
485.42,467.58
489.96,697.47
494.34,59.886
497.33,319.43
504.35,365.44
507.81,129.74
510.17,1084.1
515.28,1007.5
515.97,1185.9
519.37,959.63
521,693
528.65,99.795
528.89,29.132
529.59,526.34
530.13,1221.1
530.08,870.6
527.68,1184.9
532.96,505.04
539,612.5
540.09,1037.1
549.5,642.5
553.72,272.12
556.18,569.66
561.76,705.56
560.1,790.38
565.31,619.04
564.11,500.91
567.09,157.63
568.12,569.04
571.1,990.62
576.49,508.49
581.93,107.41
588.6,993.4
590.97,670.33
590.09,616.95
605.65,969.72
607.53,30.333
610.32,219.83
613.73,640.77
611.85,1078.6
611.75,1126.2
613.93,435.95
615,825.5
620.5,584
621.85,673.75
622.57,749.95
623.5,1115.5
626.94,500.51
625,120.65
628,1244.2
630.05,1184.2
630.5,283
634.64,552.22
640.93,470.92
638.34,792.57
644.24,618.92
639.67,438.68
647.66,494.38
651.94,1161.1
656.89,865.32
657.6,1241.1
657.94,840.7
662.26,464.86
664.5,686
669.05,935.17
668.06,1127.5
674.29,14.5
674.19,527.55
672.41,1004
675.22,919.2
677.53,429.34
680.84,605.95
680.37,651.4
681.95,269.02
683.71,782.04
686.09,672.6
689.08,885.75
693.78,203.21
695.56,137.43
700.66,627.92
703.5,1086.5
714.28,104.16
713.5,867.5
718.52,1232.6
722.29,457.61
720.04,477.16
726.11,542.47
725.14,731.58
725.8,695.32
730.17,939.02
730.14,851.29
735.53,697.66
734.63,588.29
738.59,337.57
743.66,1160.1
750.32,524.59
754.99,606.32
758.45,323.12
753.42,341.89
761.91,1071.9
766.24,1022.8
768.43,333.65
768.49,509.26
770.48,1222.4
773.08,344.85
774,1030.4
775.25,323.92
780.76,700.63
781.25,437.04
779.58,197.42
780,597
796.72,846.05
786.42,85.548
786.71,1031.5
792.41,782.48
791.68,3.45
796.91,349.6
801.05,1055.3
801.46,628.91
811.42,353.58
817.54,317.74
824.52,985.73
831.83,827.07
828.82,1149
831.02,891.58
833.04,171.97
831.51,710.4
830.42,1218.1
835.37,508.85
833.93,1160.6
843.23,635.69
843.5,1022
844.08,94.083
853.46,681.98
856.31,883.09
853.91,843.09
859,990.5
865,537.11
863.08,249.08
869.64,62.679
865.94,638.91
867.46,796.62
870.26,674.96
872.57,1125.2
876.55,841.53
881.78,896.62
883.95,1058.8
883.2,488.77
886.5,256.38
883.52,1086.7
885.91,1008.1
888.53,792.07
891.5,24.6
898.78,412.87
901.89,772.55
900.08,588.92
903.69,948.38
902.43,1098.8
906.01,681.62
906.97,249.31
911.18,618.53
910.4,889.38
916.93,866.81
919.62,376.95
918.2,835.68
921.82,771.98
920.57,950.39
921.23,972.09
923.88,559.99
923.63,994.63
926.64,885.12
931.24,359.31
929.53,536.72
936.43,906.5
933.77,947.84
941.94,694.6
940.64,962.95
942.8,858.76
944.54,125.35
948.06,1119
954.19,944.27
969.92,474.73
975.75,778.68
976.35,880.74
977.11,904.75
982.78,488.53
987.91,1146.5
985.5,95.5
991.52,1100.4
989.16,694.9
995.31,1065.3
996.88,116.85
1001.8,808.04
1001.5,51.804
1004,878.2
1016.6,440.19
1007.5,490.15
1014.9,368.15
1020.9,959.98
1023.5,484.86
1026.9,733.5
1037.9,481.9
1042.8,1223.1
1043.6,1178.9
1046.1,538.04
1047.5,675.3
1050.4,757.42
1051.6,638.5
1056.5,68.652
1062.1,1030.2
1060.7,616.98
1060.5,230.5
1066.7,646.5
1072.8,662
1068.2,720
1082,869.41
1078,1049.7
1081.2,738.77
1086.3,665.44
1104.1,426.91
1112.9,766.13
1115.9,933.57
1132.6,1067.9
1125.6,92.531
1125.8,676.73
1127.4,730.49
1131.2,968.86
1132.7,765.43
1144.2,575.78
1138.4,325.62
1145.6,883.25
1146.3,1174.1
1147.4,1157.2
1150.4,374.56
1153.4,16.552
1152.5,715
1158.3,51.23
1156.8,469.02
1158,554.94
1164.3,702.47
1164.6,437
1165.1,890.19
1168.6,184.63
1177.3,406
1180.1,584.31
1179.3,816.96
1187.4,485.86
1183.5,1192.2
1186.1,279.61
1186.5,1056.9
1186.6,696.86
1186.5,718.33
1197.5,303.93
1202.9,854.16
1206.2,590.48
1206.7,639.2
1209.6,1150.5
1210.6,71.861
1210.3,320.38
1213.9,895.57
1213.6,675.92
1213.8,1223
1218.5,1051.5
1218.1,728.6
1225,211.33
1230,608.25
1231.1,302.42
1231.6,639.06
