7.5342,742.61
5.1443,850.12
8.4211,808.11
26.953,205.53
33.974,18.558
41.352,65.737
38.967,969.85
44.116,112.12
60.593,632.38
74.243,803.22
79.009,1051.2
83.947,502.98
90.5,979
103.91,113.09
119.03,762.89
122,563
123.4,586.4
127.87,984.87
141.56,693.73
157.67,286.56
158.5,87.714
162.62,1218.4
163.58,465.58
164.5,387.5
170.49,505.95
173.34,295.86
176.87,136.08
188.36,1093.6
208.77,476.16
209.63,1139.3
210.09,1190.7
230.78,189.53
249.61,93.139
257.67,718.33
259.56,137.19
268.93,708.85
269.7,51.5
283.26,265.98
284.71,80.5
288.39,805.14
300,23
306.58,284.22
321.65,778.91
321.13,562.87
323.9,414.62
331.66,751.64
353.17,58
351.5,524.5
367.48,383.14
379.1,194.96
393.3,861.74
395.3,283.95
393.42,35.105
397.21,1102
395.5,695
397.93,268.41
401.68,537.96
409.38,957.61
409,354.17
441,1235.7
443,422.65
442.47,1043.3
450.55,946.35
455.62,1103.1
461.44,839.45
463.1,981.38
470.5,566
484.34,321.75
485.66,570.94
491.73,835
517,672.68
551.33,760.49
558,616
560.65,1006.3
561.85,1224.6
588.08,1117.9
595.04,814.94
622.91,1083.9
625.96,180.75
628.58,846.94
638.1,433.91
636.61,349.16
649.09,1219.9
652.39,796.84
660,747.5
675.74,549.15
678,499
679.33,946
683.83,319.89
687.41,409.69
687,84.5
693.03,862.38
712.12,192.05
720.42,633.58
729.58,951.1
731.73,572.57
734.27,421.66
743.7,476.92
747.86,605.32
751.22,164.53
753.02,521.45
753.94,287.31
774.67,745.44
780.7,587.97
785.34,618.46
784.5,461.5
785,514.86
787.54,575.09
790.29,400.58
797.3,441.91
797.1,704.01
793.5,274.5
805.13,540.26
806.46,1018.8
809.08,467.86
812.51,725.77
813.65,170.47
814,577.5
812.63,859.37
828.09,490.19
820.85,435.06
826.69,711.35
825.4,248.95
825.16,614.1
827.58,393.4
828,475.83
833.58,268.25
861.1,528.05
832,503.5
844.22,825.38
853.36,742.91
853.57,508.08
863.06,485.4
860.4,291.64
862.48,577.03
871.3,635.37
878.21,1169.6
886.15,505.62
882.22,1054.5
884.21,585.5
885.5,1115.2
894.6,809.12
896.35,394.44
901.92,918.44
906.1,424.62
911,556.5
916.5,755.5
921.16,526.81
918.15,996.77
921.5,462.5
932.08,537.52
937.67,173.55
941.96,558.6
948.91,202.12
960.07,389.95
957,793.5
963.43,603.46
962.58,564.89
964.79,588.24
973.74,490.11
972.5,533.5
992.57,983.5
992.1,117.62
990,641
995.5,854.5
1018.9,465.12
1027.1,296.59
1031.5,261.94
1033.9,522.12
1036.8,565
1035.8,157.43
1046.2,453.34
1047,1060
1051.9,1090.1
1056,407.72
1064.5,1069.6
1074.8,649.8
1092.5,776.1
1090.5,544.5
1093.9,6.0362
1105.3,553.1
1108.4,1175.5
1120,633.5
1124.4,145.92
1130.5,699.34
1133.7,1134.5
1133.6,487.89
1142,1020.8
1152.6,703.45
1174.3,622.71
1178.5,883.5
1197.1,225.91
1204.2,1174.9
1202.9,53.81
1226.6,216.22
1243.4,186.75
1242.9,837.91
1245,394.5
