2.4348,334.39
5.9194,744.5
5.6111,1181.1
20.143,309.14
6.3143,352.03
10.397,325.11
11.647,518.72
10.471,846.43
11.33,1069.6
12.523,924.77
12,1104
16.969,370.27
23.943,899.13
18.92,535.44
21.5,352.5
26.667,334.78
28.565,828.39
32.5,1114
37.259,175.46
39.105,1136.4
49.309,396.09
47.789,1101.5
49,726.38
63.855,8.9019
60.311,888.21
60.595,277.36
62,1209
71.749,673.1
71.978,396.63
76.672,598.6
85.817,277.74
98.582,1134.1
92.621,1232.8
93.565,203.02
99.95,574.69
98.5,652.5
100.52,1155.4
101.42,1169.7
111.12,1106
113.6,398.6
127.01,792.97
121.39,869.5
125.14,1216.1
135.54,698.83
138.47,375.03
138,616
143.96,279.69
144.7,558.77
145.53,419.23
150.4,324.36
153.5,1054.5
156.87,265.19
160.96,1146.4
156.89,445
166.53,628.24
173.75,1121.5
165,1237
166.67,146
171.04,337.21
178.17,350.22
191.57,5.5776
189.5,711.5
195.29,753.25
193.39,887.86
195.29,779.5
199.56,213.16
196.5,292.5
195,361
197.55,1167.9
205,187.5
207.91,1224.6
221.18,728.98
219.82,1000.5
216.09,1026.1
225.86,278
225.72,413.47
229.77,1183.2
231.78,189.2
238.48,679.48
236,1242.2
238,495.5
244.59,1108.1
249.88,797.21
248.02,399.06
255.26,658.16
252.41,235.93
253.5,12.647
254.89,52.63
267.13,420.21
267,381
266.89,459.26
276,562.32
283.39,407.25
287.05,801.98
296.45,1151.2
301.69,981.9
302.24,830.3
307.24,377.97
311.87,614.02
333.43,1113.2
320.94,640.04
319.61,1078.1
330.22,39.088
347.37,1125.4
353.69,1075
355.61,682.21
374.98,346.81
389.31,483.47
391.58,720.11
393.2,731.91
395.5,935
397.75,513.75
398,885.17
409.58,508.08
415.21,1010.4
414.77,888.87
415.78,1055
413,1066
416.5,499.5
419.71,515.39
419.1,935.48
424.89,385.14
425.44,902.89
431.76,755.39
430,914.26
435.73,1100.8
437.14,138.5
439.33,657.56
441.89,808.57
446.96,621.43
450.43,782.72
452.31,842.03
453.51,800.06
461.77,514.57
461.17,176.89
474.67,855.73
472.91,201.95
480.15,115.01
479.89,628.81
479.21,1119.1
486.95,238.57
484.79,552.5
485.44,1077.1
490.09,1089.9
503.7,778.82
501.58,190.42
504.14,794.14
503.07,169.56
510.38,456.38
530.01,1112
515.37,266.63
525.23,652.36
528.71,939.5
526.63,874.63
539.02,1084.6
534.37,904.49
533.85,1136.4
547.42,1226.4
554.7,338.8
557.23,667.56
557.77,380.04
561.31,1070.9
561.85,796.45
563.4,1039.4
567.52,696.23
571.48,1006.9
569.35,621.73
581.5,1039.1
579.95,1105.4
584.74,872.51
584.2,891.36
593.82,551.34
591.5,1030
606.62,497.06
602.41,268.07
603.36,451.72
620.04,1194
621,399
623.5,1101.4
626.38,81.405
629.7,998.34
640,797.5
641.09,1067.1
641.41,477.93
650.39,471.24
650.89,593.4
652.85,703.73
650.33,350.51
652,302.74
664.2,987.91
660.94,1061.5
674.31,707.66
676.01,273.99
679.14,249.61
682.11,421.41
684.12,1040.7
688.07,429.59
691.68,806.36
693.41,723.07
698.34,609.53
699.73,906.41
699,997.5
709.73,174.59
720.5,1087.7
726.2,633.46
730.1,469.58
729.9,1134.4
733.75,737
740.42,1220.2
741.5,471.62
747.25,451.5
745.46,283.06
753.9,977.19
756.48,207.73
760.44,73.772
762.66,230.38
761.5,829.5
766.92,767.88
770.27,185.46
772,90.5
774.73,666.84
771.55,709.91
776.89,686.61
783.12,884.57
780.41,104.37
780.79,549.67
782.53,301.23
778.46,200.91
780.88,242.45
782.76,361.39
787.58,326.55
793.89,731.04
791.2,1029.6
790.28,134.35
789.61,682.43
797.26,1059.8
801.68,1188.9
804.65,1021
806.93,831.59
809.08,75.564
809.6,818.73
808.35,887.15
811.71,482.49
813.38,865.08
813.33,724.48
812.86,1165.6
811.51,992.43
819.01,212.08
816.76,532.05
837.46,757.28
833.86,1042.1
836.04,846.46
838.54,724.93
845.32,878.48
859.74,995.8
857.89,700.6
859.5,631
860.42,682.5
860.12,733.62
863.27,449.9
871.67,171.2
872.5,623
879.08,245.16
878.31,769.42
884.57,1186.1
884.92,900.08
889.77,801
891.23,411.83
892.69,1001.2
893,1196.5
895.91,553.91
907.98,1180.7
908.06,30.938
908.31,508.09
911.46,386.44
913.65,349.16
918.76,241.81
913.93,1139.4
922.63,1203.1
925.21,759.24
926.44,1129.4
930.07,629.41
940.4,780.57
945.25,744.24
941.36,348.23
946.21,1088.7
949.47,43.721
950.62,1048.3
952.18,851.96
959.77,531.19
954.5,14.5
954.92,1186.1
958.71,308.5
963,639
974.61,733.75
979.03,829.07
982.83,652.97
979.29,723
982.65,308.92
983.56,696.92
986.34,1178.8
1018.8,1211.7
996.65,1206
998.37,652.45
1010.3,55.263
1008.2,960.26
1008.1,29.091
1009.5,177.78
1010,780.5
1019.7,1114.7
1018.5,366
1023,766.42
1021.6,393.78
1023.7,705.62
1024.6,750.85
1025.2,1244.3
1029.9,1003.8
1029.7,86.71
1028.9,681.09
1032.4,428.55
1034.4,260.86
1046.2,1245.8
1041.7,510.97
1045.7,605.46
1046.1,1176.8
1045.6,569.36
1053.8,357.26
1059.7,595
1062.7,349.18
1064,326.5
1077.3,155.67
1079.2,651.75
1080.8,633.88
1079,388.86
1081.4,876.13
1083,1184.6
1081.5,965
1084.3,464.47
1085.7,568.38
1089.4,261.7
1098.4,796.79
1096.2,1159.8
1095.9,832.09
1099.4,407.43
1099.1,1179.6
1100.6,156.5
1101.7,516.16
1108.4,92.067
1107,921.49
1112.4,275.77
1109.2,388.45
1109.1,955.09
1111.2,181.13
1114.2,992.78
1114.9,43.739
1117.2,865.15
1117.9,662.2
1124.9,1200.8
1120,925.5
1123,226.32
1128,1014.6
1124.8,528.82
1124.7,819.45
1125.1,274.59
1128,314.94
1128.3,646.34
1126.5,926.78
1128.7,75.06
1129.6,389.67
1131.6,373.41
1135.2,255
1131.9,990.08
1144.8,88.687
1140.4,736.43
1142.6,236.39
1147.8,899.56
1143.5,1012
1147.5,682.15
1146.5,245.5
1150.1,480.67
1153.6,770.23
1152.9,326.07
1149.3,758.83
1152.9,747.04
1153.9,920.19
1154.1,220.14
1154.4,618.75
1156.2,416.44
1158.1,1170.3
1158.6,145.05
1163.9,1144.7
1163.9,705.36
1163.7,603.16
1165,317.71
1164.6,108.06
1165.5,209.49
1165.9,519.23
1167.8,916.05
1170.8,67.173
1170.6,173.12
1167.9,1185.5
1175,557.47
1173.8,361.89
1175.6,577.98
1188.8,653.55
1184.5,137.06
1184.5,322.22
1195.2,327.26
1189.6,1072.6
1188.9,679.91
1194.2,216
1191,30.5
1190.9,604.91
1195.1,798.02
1196.9,434.89
1194.8,531.85
1197.3,1031.7
1198,707.65
1207.4,385.53
1204.1,1232.2
1208.5,207.11
1205.5,344.5
1209.9,175.3
1207.9,541.91
1210.3,363.91
1213.2,663.13
1215.2,269.8
1219.4,50
1216.1,1111.8
1217,333.5
1217.2,714.93
1224.8,168.44
1221.9,605.71
1229.4,529.77
1228.6,69.596
1235.8,1180.3
1235.9,1013.9
1235.8,978.62
1239.7,171.9
1240.2,688.54
1243.9,3.8438
1244.1,216.63
1245.5,251.34
