6.4122,427.32
4.78,927.41
2.3958,994.56
2.6667,1130.1
11.738,690.09
9.9833,671.78
14.905,403.7
18.612,167.4
17.901,1098.9
17.581,614.55
24.651,265.86
26.359,355.5
28.074,334.41
35.429,709.09
43.263,524.92
48.044,955.46
45.5,851.23
45.481,1051.9
50.346,1150.7
47.174,185
53.516,516.12
54.947,835.48
56.889,854.47
71.611,457.86
75.674,840.62
79.065,1150.6
80.082,1112.3
80.393,2.6429
88.895,236.42
94.853,891.52
95.659,1134.3
105.96,592.38
113.08,149.87
106.44,457.92
109,197.67
108.92,307.08
112.5,1199
114.39,861.86
118.89,260.96
116.09,941.91
122.13,1029.8
120.34,232.53
120.84,840.13
124.44,818.44
129.16,988.07
130.62,1150.2
127.73,367.35
137.06,1097.7
140.62,130.11
138.84,378.87
149.62,924.97
146.5,938
152.28,1137
154.07,804.74
157.09,137.09
162.91,77.145
160.05,924.09
168.06,862.63
168.4,1109.5
171.22,426.53
179.61,971.14
182.2,133.67
182.03,695.41
186.65,844.21
188.91,471.09
191.24,648.12
200.88,178.99
197.51,783.62
204.6,758.6
212.5,194.63
214.08,310.56
219.4,355.83
221.5,645.06
222,1047.2
231.19,289.07
246.64,871.13
250.47,1184.9
250.74,13.107
262.64,920.92
265.16,498.64
262.37,803.93
263.74,176.75
268.14,38.5
269.63,329.44
274.88,617.17
276.53,139.63
274.39,688.48
280.91,827.91
280.12,302.35
290.53,799.68
290.86,144.61
306.12,70.123
307.43,346.07
307,820.32
311.47,786.91
316.93,1014.6
323.71,776.71
326.61,932.2
333.14,1011.4
335.04,321.23
346.85,57.895
341.08,1095.9
346.74,916.59
349.27,942.81
347.73,401.55
349.09,972.4
352.62,465.07
355.07,324.58
358.5,42
367.95,1101.1
375.44,282.1
379.61,960.86
390.83,856.62
392,265.43
391.85,1225.7
395.06,692.69
408,1008.7
410.62,598.6
418.44,267.06
417.32,1110.9
419.09,462.91
420.54,503.43
422.96,17.645
421.12,44.694
423.9,195.1
422,324.18
426.57,849.48
427.85,1088.5
427.65,383.5
443.5,606.5
445.49,646.62
450.74,142.81
458.95,871.05
457.83,286.28
461.3,213.38
460.44,264.33
464.82,601
462.67,1142.8
467.88,499
477.09,427.05
478.02,31.794
483.5,995.5
495.63,537.67
494.5,248
497.04,1133.6
497.68,1205.8
504.19,838.86
505.08,714.92
509.9,159.26
516.8,1143.9
518.47,99.656
530.03,859.31
536.43,650.12
541.42,601.45
543.36,803.44
543.95,15.155
551.98,517.49
552.16,949.35
559.58,908.25
560,1021.5
564.93,1093.5
561.5,264.5
567.27,818.75
565.89,4.5789
567.53,188.78
571.09,707.91
578.46,615.44
592.3,700.05
594.84,473.09
593.56,78.067
598.83,167.57
610.33,114.07
610.21,1151.1
616.99,250.97
619,746
621.54,490.71
627.2,135.1
631.04,786.61
628.87,459.98
628.47,1126.3
631.21,22.74
632,479.17
636,400.76
644.37,770.86
654.57,520.37
651.5,559.5
655.22,126.88
656.18,976.81
658.96,949.45
667.94,915.96
669.18,291.23
670.29,402.12
673.58,272.64
675.57,1032
683.73,352.13
683.04,410.59
694.88,41.705
699.28,1030.6
707.86,25.417
706.58,843.32
711.67,68.198
713,888.5
719.81,607.34
719.06,113.91
719.62,1062.1
725.34,966.39
728.49,394.05
729.5,450.2
738.03,113.16
734.55,352.06
739.33,325.4
740.09,459.09
743.42,90.424
743.83,724
747.62,685.12
756.23,1034.6
754.85,1139.5
758.14,67.881
760.24,138.5
759.93,150.59
763.96,756.79
769.99,412.01
766.42,803.12
785,103.57
781.21,1059.6
778.48,1123.3
780.36,222.97
789,886.85
791,1195.5
801.95,451.93
803.65,173.18
810.42,1155.5
811.46,1194.2
815.36,848.67
817.07,764.75
815,558
819.4,927.16
823.45,1002.5
828.03,1126.6
835.07,103.44
840.45,314.35
837.5,644
842.17,28.865
850.26,570.68
848.47,290.07
851.98,436.04
859.01,52.407
855.7,657.5
857.92,839.06
856.74,1068.2
865.4,1130.3
864,350.5
868.72,1048.8
869.35,1085.9
871.94,634.66
872.78,1206.2
874.74,755.21
879.67,437.7
882.03,687.44
878,1220
882.25,143.52
883,392.5
890.59,103.84
891.87,1002.2
900.63,246.13
903.31,471.91
906.86,1096.8
902.5,1112
909.12,1167.1
922.59,1127.5
922.06,848.5
922.33,431.76
920.69,674.91
921.07,1169.4
923.45,9.4507
923.81,1093.1
929.14,225.57
933,835.33
939.57,771.31
946.45,412.95
947.44,1055.7
944.93,562.41
945.41,733.93
956.12,1164.5
958.28,769.77
957.71,914.5
961.67,501.77
969.6,1098
972.74,23.074
974.59,923.93
974.93,862.59
976,500
981.1,879.28
985.56,1044.3
990.42,62.391
993.47,40.344
1006,332.5
1006.7,652.06
1011.1,852.72
1014.9,354.05
1016,952.13
1015.1,524.09
1021.4,813.61
1022.5,705.73
1022,458.34
1031.1,2.4706
1030.5,9
1039.8,1206.3
1043.2,601.6
1058.8,1073
1059.8,971.11
1064.7,106.92
1072.7,15.163
1072.1,1172.6
1091.9,673.2
1093.8,829.43
1105.3,2.8333
1110.6,236.89
1107.7,934.44
1112.2,634.7
1116.2,547.28
1114.5,785.86
1116.8,440.58
1131.1,1218.2
1129,235.68
1136.2,617.98
1142.3,331.19
1142.9,1015.5
1147.1,254.3
1143.7,236
1154.4,703.22
1155.5,1030.8
1159.2,38.812
1161.7,171.88
1165.6,271.29
1163.5,604.5
1172,49.557
1175.3,471.17
1179.9,927.17
1194.1,680.14
1193.7,505.97
1199,100.17
1213.4,351.38
1211.7,823.19
1215.5,150.92
1214.3,578.17
1219.5,460.76
1222,754.08
1234.7,1203.8
1245.9,460.37
1246.1,565.91
1246.2,698.1
