5.0308,47.262
9.3038,765.22
32.252,891.83
38,964.44
45.897,394.51
58.62,189.13
61.039,513.69
63.305,721.05
66.158,41.158
73.254,964.2
71,303.68
74.887,1056.1
79.105,311.42
96.589,715.73
101.58,563.37
114.98,479.43
112.96,969.95
125.25,876.75
131.71,629.54
130.1,495.62
133.41,259.12
151.91,993.91
164,896
165.07,638.5
173.82,403.28
177.81,833.96
179,138.83
183.5,1212.7
192,262.69
197.08,69.564
215.3,583.27
220.4,500.81
220.89,1218.8
223.03,972.26
234.53,1066.1
240.29,789.98
240.45,724.24
243.55,1112.8
251.45,1209
249.26,845.11
249.5,1056.9
253.46,566.14
253.97,235.31
259.29,507.95
256.24,685.96
261.07,391.25
271.76,676.77
277.19,1049.9
275.58,912.45
279,505.33
283.36,815.81
289.42,928.84
305.22,961.87
307.29,584.71
331.03,767.39
333.53,728.72
339.8,986.44
343.29,870
345.28,1032.4
349.5,363
351.5,1115
357.23,26.992
369.5,291
375.98,1178.7
376,483
379.5,182.5
386.68,611.07
385.14,859.61
395.32,917.58
396.5,553
396.8,937.3
408,325
437.53,252.43
442.86,999.09
452.45,677.84
468.47,179.76
468.95,706.48
476.93,887.86
477.85,728.81
487.77,563.99
487.21,1246
501.09,587.91
504.31,2.1923
512.63,758.8
517.52,306.51
524.42,1037.6
533.63,202.61
538.42,963.89
541.27,1236
543.93,1112.1
551,1002.4
550.94,717.1
556.56,618.16
563.4,1109.8
579.75,884.05
583.19,666.07
586.07,787.05
599.87,902
612.54,4.3615
618.77,955.13
622.07,637.19
623.84,1157.5
635.45,712.27
641.86,84.389
641.39,368.87
647.63,774.77
653.29,621.24
663.07,51.847
662.45,457.57
666.54,695.3
675.07,1228.9
677.86,435.96
679.28,609.64
685.95,31.214
689.51,833.82
690.02,463.67
688.58,392.45
692.22,1086
703.48,873.87
707.31,193.67
706.78,254.53
713.5,543
720.57,720.29
721.94,903.82
723.27,588.45
733.69,600.55
734.74,1200
739.33,63.146
743.11,370.63
752.79,177.31
750.6,494.4
754.51,212.14
752.53,449.93
766.88,149.78
768.98,534.38
774.21,3.193
774.18,1143
778.52,763.73
777.19,102.65
781,512.44
782.5,887
792.83,349.5
794.63,1246.7
815.38,250.8
817,679.5
823.17,328.15
822.09,478.91
828.22,39.149
830.84,645.63
851.15,749.31
850.63,1121.6
851.78,502.5
875.91,225.97
884.07,455.07
886.47,1033.5
885,1243.5
885.5,1219.5
913.55,332.14
909.42,461.58
912.3,697.04
921.23,933.09
937.94,513.9
934,657.31
938.32,632.37
938.44,1112.7
939.65,850.65
949,728
948.59,827.93
952.53,63.03
952.5,159.5
960.45,769.71
966.93,341.06
978.33,934.2
977.33,1093.5
982.92,1013
984.75,2.6389
986.67,299.97
993.23,1199.5
998.53,918.71
1001.4,77.895
1014.6,395.94
1035.6,641.95
1041.7,28.747
1053.5,193.13
1059,203.34
1078.9,824.12
1095,762
1101,38.569
1106,817.43
1112.1,1160.8
1113.4,504.55
1116.8,606.25
1121.7,753.07
1121.3,1076.3
1127.7,303.35
1135.6,384.55
1144.2,247.66
1145.2,575.92
1153.4,315.29
1173.3,1016.4
1181.8,867.69
1183.2,479.77
1230.5,703.49
1234.9,717.54
