4.4643,546.89
2.3429,1057.6
3.2143,1129.2
12.5,855
20.035,3.9647
17.93,910.47
23.876,795.72
22.171,93.6
21.595,190.36
24.597,680.89
26.517,713.41
26.714,977.76
31.421,33.105
34,965.5
43.087,910.4
41.933,352.07
48.931,2.2069
49.5,880
54.252,423.42
51.174,724
59.691,1240.1
61.433,904.13
63.645,708.3
66.08,128.56
68.583,1148.9
70.174,820
74.986,847.63
76.052,169.47
78,691.75
79.654,307.73
81.574,194.23
86.867,722.71
83.5,905.5
88.232,754.56
92.333,1039
103.9,1129.5
102.61,184.14
104.6,582.11
115.3,171.7
111.07,511.69
114.55,699.43
118.06,6.1102
118.87,501.98
122.03,277.44
127.15,918.83
137.3,947.91
131.84,670.97
143.67,688.63
141.95,1038.4
145.93,61.345
147.18,165.56
147.82,1075.1
157.43,468.53
162.65,258.95
159.5,702
167.99,14.802
163.59,820.78
166.6,245.54
167.03,712.32
172.57,721.43
178.31,539.07
177.42,518.42
180.5,758
182.58,481.11
196.41,674.22
188.6,520.11
194.29,460.46
194.93,24.065
201.17,174.76
196.41,636.44
198.95,315.53
201.94,495.96
208.12,243.88
208.29,415.52
210.43,8.0541
212.44,1061.1
216.68,652.64
219.15,63.857
221.9,786.05
222.66,746.51
229.01,452.85
237.16,213.27
238.87,577.27
238.33,482.64
238.58,652.89
244.95,843.24
249.57,469.33
245.33,498.56
253.23,448.79
255.91,430.82
260.68,943.51
265.33,276.31
260,1179.7
262.39,577.39
262.64,1218.3
268.55,639.71
272.85,1167.2
272.76,1016.3
273.67,195.04
273,532.57
275.66,136.28
279.72,603.42
280.62,677.63
288.96,262.6
287.09,132.09
289.27,354.69
293.09,579.44
305.29,18.628
294.5,9.5
299.66,956.86
312.82,579.56
314.59,55.553
317,723
321.25,1124.6
317.5,223
335.01,359.96
325.28,194.28
331.08,539.37
333.52,600.12
338.07,958.95
338.4,716.6
340.15,480.58
344.35,550.38
348,471
350.5,1238.5
363.99,893.16
386.11,183.77
382.47,242.86
388.58,717.23
389.64,642.66
399.25,1074.7
400.32,667.22
403.83,100.83
411.16,925.69
409.56,419.7
415.33,998
427.65,1088.5
428.09,293.87
430.5,68
430.37,369.63
433.3,337.92
438.97,1037.4
446.81,752.28
455.16,428.05
456,41
460.5,384.62
466.76,701.04
465.95,346.89
469.32,191.34
472.42,33.978
477.55,111.41
476.12,461.5
480.5,30
482.05,50.091
485.42,528.56
485.04,882.95
491.41,2.7458
493.69,504.55
497.78,549.46
507.21,41.581
505.85,86.156
504,584.25
505.27,634.14
506.06,948.63
506.75,418.25
509.24,1152.9
514.53,1122.9
521.32,498.56
524.2,1028.7
528.79,830.81
537.45,481.54
547.55,694.53
543.84,828.22
548.14,879.53
548.18,732.91
550.94,1163.5
553.1,765.66
559.18,559.89
559.05,215.93
564.01,199.56
565.93,798.21
568.16,104.25
571.16,504.93
575.17,972.43
576,246
582.69,1044.1
584.94,1178.6
593.85,1053.3
586,621
594.96,18.847
594.11,593.58
601.37,1207.4
606.94,296.47
609.85,1053.5
613.78,45.439
614.65,1096.9
613.9,288.12
627.45,1147
625.8,554.53
630.6,463.99
628,595.67
629,818
633.3,690.05
630.58,775.11
637.62,919.4
641.98,720.99
641.05,901.36
647.69,668.55
652.87,416
658,324.08
656.03,1235.5
661.58,611.03
664.18,854.33
672,5.1
683.02,207.06
685.31,550.82
687.14,694.44
696.76,707.43
714.77,236.26
710.82,946.02
716.68,1115.3
727.82,465.4
730.66,66.485
732.52,375.55
730.22,833.15
733,741.88
735.93,249.95
741.08,668.44
744.26,574.43
743.85,212.54
753.97,1151.7
754.35,665.39
754.94,556.64
757.12,747.5
761.81,935.7
766.98,602.72
766.07,455.59
773.13,434.54
773.56,818.03
777.91,1018.1
781.86,573
784.7,658.5
785.6,756.66
790.22,152.85
788.92,248.8
791.63,385.91
797.17,720.19
800.62,856.46
797.16,330.53
799.23,806.16
802.68,619.58
805.94,8.6009
805.39,649.52
807.93,426.93
809.63,577.37
817.57,333.97
814.5,1243
815.81,491.93
819.79,871.81
818.37,1134.3
819.68,221.36
820.71,444.29
829.17,295.89
833.07,1014.1
833.9,868.42
855.11,768.81
864.82,606.34
864.97,414.76
867.39,855.5
870.31,191.09
872.9,791.66
872.56,885.96
875.78,574.97
876.09,859.09
884.06,483.65
881.83,429
889.02,8.7969
898.26,945.41
887.44,419.58
900.45,533.42
900.32,1060.4
905.2,659.44
917.88,814.12
924.11,708.86
924.16,1153
929.56,691.86
929.44,747.46
938.76,150.6
939.77,525.46
944.22,289.88
954.27,999.83
959.5,571.5
962.87,1126.9
960.84,1216.1
966.94,868.96
969.52,186.55
972.89,407.14
972.42,497.45
971.5,1009
980.24,288.62
985.19,681.5
983.59,859.19
980.58,1038.3
983.52,571.18
982.6,809.4
993.42,1235.1
997.58,528.04
999.35,305.39
1005.4,922.51
1005.6,1218.5
1006.5,337.5
1005.4,1232.4
1014.7,698.12
1014.4,726.71
1015.5,856.36
1018.8,568.51
1019,773.57
1025.5,363.46
1036.5,873
1040.2,1180.5
1047.5,858.5
1053.5,572.44
1055.1,76.579
1057,326.23
1061.1,866.35
1065.4,698.24
1064.6,645.57
1078.7,638.55
1076.8,761.18
1083,344.64
1082.7,622.84
1093.6,232.36
1101.1,709.89
1103.3,731.44
1102.5,184
1106.7,1095.3
1106.1,392.97
1103.9,851.08
1108.9,723
1113.9,27.694
1118.1,887.05
1134,969.97
1139,1077.6
1141,801.6
1140.3,906.27
1162,876.18
1165.9,1042.4
1170.9,1160.2
1169.5,58.5
1177.6,700.08
1177.2,735.38
1178.4,839.14
1184.5,871.06
1188,915.65
1191.1,884.64
1201.8,758.08
1195.8,627
1202.3,1103.8
1216,833.14
1220.3,1082
1226,316.24
1221,58
1225.7,226.93
1224.6,938.89
1230.4,965.57
1241.5,831.5
1242.4,840.54
1244.9,1133.3
1243.3,217
1246.8,161.7
