5.5128,746.55
10.472,609.49
12.448,295.16
16.104,790.63
23.13,816.51
29.633,543.23
30.596,445.98
31.903,631.84
37,254.5
39.888,1083.3
42.266,939.5
52.659,1197.3
56.169,987.84
56.613,558.9
53.333,1102
56.696,699.61
64.692,176.95
68.456,333.5
68.779,853.33
79.015,1100.3
94.221,389.64
96.803,655.06
99.73,1062
99.724,504.41
106.64,903.11
111.85,531.38
112.5,1092.5
119.46,123.46
120.17,954.51
122.37,231.38
125.11,1062.4
129,274.89
133,608.83
136.62,1183.6
141.55,284.1
142.28,374.88
156,473.75
157.19,903.98
167.81,833.69
168,862.31
170.36,1085.9
173.78,1155.6
181.92,723.92
188.43,3.7302
194.25,968.62
193.68,912.8
200.26,558
209.32,368.05
211.5,419.5
214.5,474
215.89,193.42
220.75,593.65
220,392.17
220.22,1142.4
223.34,343.03
222.58,642.55
225.79,765.18
229.84,720.96
238.34,1125
241,859
243.94,1089.2
246.81,969.63
251.77,463.95
254.3,141.95
254.08,866.92
264.41,1102.5
270.91,636.32
277.2,1202.6
281.98,297.77
283,534.5
291.76,505.93
291,687.48
296.82,817.58
296.91,699.09
310.84,670.03
311.15,700.74
317.61,475.2
320.22,50.868
319.65,1212.4
322.29,989.77
323.8,151.15
326.53,357.94
326.76,721.94
327.75,137.92
327.96,273.07
330.62,489.22
336.94,1008.5
341.34,805.48
341.85,136.09
347.71,1030.8
348.37,702.46
347.27,559.92
346.42,443.42
348.5,487
353.12,30.692
352.67,1138
361.29,60.366
365.51,1160.2
362.69,547.46
369.5,339.6
374.82,929
375.24,459.82
384,952.5
389.09,725.91
393,488
394.97,782.88
395.11,55.579
403.93,286.97
402.27,616.34
407.16,107.86
403.86,567.24
404.9,1065.1
410.9,891.38
415.01,554.86
418.63,592.14
422.07,1115.3
421.46,1163.8
426.06,209.52
424.39,1186.9
431.08,719.72
442.74,554.1
450.28,308.18
452.65,1114
453.89,820.74
453.68,26.591
456.66,2.625
458.89,1001.6
472.61,1134.1
479.83,722.46
499.44,865.93
511.88,823.87
508.98,690.26
507.07,967.7
512.57,250.22
517.88,731.77
517.53,351.95
518.51,963
518.5,924.5
523.35,1088.9
522.15,51.582
521.22,953.5
525.94,450.47
530.65,752.94
544.57,970.69
550.72,1201.9
553.82,131.64
561.96,18.191
562.66,212.72
563.09,1016.9
564.12,856.65
564.67,255.17
567.9,409.36
568.91,1168.9
573.52,983.05
575.59,438.13
577.46,554.57
586.34,63.774
587.58,262.56
587.33,385.54
593.04,1126
594.72,1058.5
593.85,849.65
599.92,1151.9
597.05,1241.1
600.01,822.26
606.96,1097.7
608.02,588.96
610.12,1169.5
612.69,850.79
609.87,965.45
612.89,112.51
612.98,188.38
623.97,819.71
619.87,349.32
620.56,169.12
626.55,285.86
634.67,1195
642.66,253.18
639.28,716.45
641.06,1010.3
640.89,1202.6
652.47,67.503
647.91,226.09
652.71,1220.4
657.1,336.03
664.02,991.78
669.69,91.34
668.96,446.07
671.53,1006.6
678.82,547.11
679,957.35
683.06,53.647
685.1,802.16
685.06,674.8
689.65,101
693.62,760.69
694.52,1217.4
700.08,86.083
715.03,235.21
715.15,28.538
719.27,785.59
718.23,986.63
724.88,291.41
722.29,448.12
724.18,316.95
726.6,700.35
736.9,1062.9
738.88,30.455
742.9,169.3
756.58,260.55
763.48,146.91
763.92,975.95
767.95,378.22
767.5,451.5
773.59,6.4266
773.03,1211.2
776.77,1124.8
775.5,302.5
780.61,938.7
778.35,1091.7
785.96,236.41
783.5,914
787.5,415
813.11,733.23
814.5,160.31
814.89,932.11
815.69,486.91
820.17,344.69
819.06,547.91
822.9,818.89
828.5,1246.8
833.71,1225.3
835.91,66.091
842.18,1075.1
845.96,383.14
849,641.09
852.62,742.54
853.04,319.57
853.11,469.72
853.49,1181.2
854.16,677.59
855.43,1104.6
857.97,649.12
863.15,120.06
867.09,936.12
869.98,356.13
875.37,795.15
879.58,60.518
885,238.67
894.81,563.4
898.36,1032.5
898.68,680.87
898.6,174.34
907.08,293.6
907.86,1051.7
906.19,1163.6
904.14,1111.5
915.3,898.39
914.93,934.74
918.52,1064.9
927.63,814.44
932.98,574.48
948.08,353.56
949.55,844.55
956.67,249.35
958.69,431.67
955.7,376.5
963.8,286
968.39,228.39
967.7,271.09
975.75,853.38
974.16,794.65
976.14,1081.2
979.39,1010
982.57,718.94
991.64,760.15
998.49,511.25
1001.7,727.03
1003.3,654.85
1016.8,1183.4
1014.4,391.05
1021.2,307.13
1019,869.96
1020.9,196.02
1023.9,635.83
1025.3,132.91
1031.9,1231.9
1028.9,926.08
1046.6,931.89
1051.7,896.19
1055,762.26
1057.4,860.16
1058.5,11.5
1058,109
1062.3,85.833
1066.9,805.65
1071,533.54
1077.1,1234.3
1084.4,449.94
1084.4,1122.5
1089.5,288.53
1090,541.07
1091.4,555.26
1092.7,216.88
1096.2,1035.4
1093.6,72.585
1095.3,859.23
1094.6,1233.5
1098.6,135.21
1112.6,725.9
1108.9,498.35
1111.5,993.5
1117.4,1052.9
1128.6,598.07
1129.8,821.02
1131.4,372.61
1135.4,138.45
1138.8,435.07
1138.3,251
1141.7,1085
1154.7,385.34
1153.1,1006.9
1158.1,1134.7
1155.9,580.51
1158.5,540.71
1166.4,742
1166.6,761.6
1171.1,245.48
1177,84.826
1178.3,685.29
1181.8,780.41
1187.3,509.41
1192.2,940.65
1196.9,601.4
1202.8,255.06
1199.5,809.97
1208.6,684.78
1208,868.77
1209,66.5
1217.6,82.953
1219.1,21.417
1228,220.8
1230,820
1234,1040.5
1244.1,667.09
