5.371,252.81
2.5652,521.59
4.0833,618.84
16.94,12.96
21.89,345.19
21.205,385.33
21.104,762.4
26.892,720.32
26.97,1172.1
28.593,540.04
29.942,395.94
29.444,560.09
30.576,699.58
38.939,671.31
45.174,1147.8
45.941,517.35
50.5,1121
60.19,343.86
61,95.174
69.796,229.78
67.333,131
69.37,247.11
72.05,863.95
78.464,1028.2
78.131,910.04
75.167,1196.4
77.37,691.83
76.857,582.86
78.909,656.91
85.301,735.72
85.543,373.09
94.564,1235.7
102.34,1132.1
99.207,157.23
99.077,1154.4
107.22,1062.6
111.73,644.82
121.08,705.83
114.75,274.6
118.38,531.41
119.55,360.45
119.14,262.13
117.95,858.09
127.09,1138
131.42,1030.4
138.07,1215.9
139.67,582.65
147.85,915.06
142.74,629.01
146.62,452.06
148.17,729.09
152.41,852.61
157.38,5.9931
154.5,439.22
157.88,108.89
160.53,1144.7
158.74,813.68
171.82,1242.3
165.39,352.84
175.35,461.29
180.59,819.66
187.63,671.19
189.83,839.02
189.02,893.35
195.5,1008.5
200.7,1095.8
202.05,821.47
207.01,885.47
208.51,974.07
206.28,1225.9
209.99,606.82
214.95,858.1
215.51,1143.6
235.35,243.89
234.93,518.22
232.91,741.88
237.84,830.83
234,968.5
244.88,1243.4
244.83,293.24
245.52,1004.1
251.04,634.15
255.82,1226.6
263.66,1072.8
264.59,1118.4
269.42,461.25
276.19,725.51
280.95,499.03
279.45,902.02
283.8,81.264
277,579.5
278.17,926.67
283.23,287.4
285.08,865.24
285.75,514.22
297.84,1187.6
303.38,765.68
304.44,942.07
301.11,809.4
302.36,334.28
305.82,102.98
310.34,723.56
309.53,62.729
309.89,180.58
314.76,81.2
320.32,496.82
319.67,793.5
328.55,133.16
329.77,834.37
331.5,66.961
333.17,886
336.48,751.6
346.32,204.99
348.15,410.95
346.63,472.63
351.49,150.84
352.08,440.88
358.68,370.82
355.71,1050.3
355.5,487
362.25,196.11
374.17,645.05
374.71,266.87
377.66,232.85
386.08,331.86
390.47,872.36
392.24,411.38
396.2,347
394.07,184.06
401.05,574.1
400.58,995.38
413.57,157.1
412,512.53
416.35,1183.9
418.18,879.64
420.93,669.59
424.06,986.3
431.87,58.322
431.39,585.61
433.4,340.98
440.83,310.03
440.09,1037.8
440,1145.5
443,859.5
448.09,946.71
454.9,742.08
458.63,724.73
461.45,512.11
463.03,467.33
471.12,1203
469.5,3.2593
470.02,624.19
473.1,884.92
474.06,1099.3
478.69,802.67
479.24,847.41
479.92,939.36
481.22,350.31
485.85,135.05
481.11,762.65
481.81,403.27
483.74,1242.1
487.02,201.59
494.85,1094.3
489.59,1220.3
491.08,734.08
502.74,931.04
505.54,343.69
516.83,1168.8
516.68,297.44
522.21,531.37
526.52,202.12
525.82,225.38
535.65,407.3
538.5,1051
544.54,63.459
544.92,513.03
544.27,693.32
547.96,984.17
548.57,952.3
557.21,531.98
556.02,604.13
559.75,819.55
563.56,1064.8
568.81,939.16
576.65,468.38
573.5,1058.5
583,654.35
582.14,374.33
591.02,518.42
596.77,413.56
602.69,897.85
601,760.68
610.25,562.51
613.95,338.3
623.41,1092
626,1055
630.39,280.42
630.35,449.01
633.63,1124.3
640.56,393.95
645.68,876.8
645.93,683.5
656.5,960.5
660.03,1181.3
661.97,40.414
663.38,671.01
677.82,819.85
681.98,122.96
684.07,484.85
686.29,283.27
685.56,1135.4
690.78,757.82
698.98,998.44
696.38,677.85
699.74,936.9
706.27,76.605
704.61,195.55
704,813.75
707.81,1179.4
708.04,1118.3
709.41,1044.9
712.35,1078
716.58,370.35
717.26,857.8
720.56,885.15
719.96,1200.9
728.16,587.08
727.44,1220
731.98,72.39
737.66,374.22
742.22,482.48
744.44,208.39
745.29,560.52
758.1,1055.4
763.41,995.07
768.93,1012.3
773.15,500.35
773.17,129
773.06,762.06
780.53,9.6438
784.94,847.43
789.52,1081.7
790,620.5
787.93,931.59
792.3,69.944
803.9,743.22
805.61,709.14
803.07,781.41
808.9,990.66
808.32,1018.8
817.5,1226.1
823.15,1203.4
825.89,714.25
834.92,597.32
841.44,375.8
843,1214.5
850.25,646.14
846,533.68
853.9,829.91
856.45,229.36
857.1,544.42
856.21,1065.9
864.62,108.88
862,752
863.37,1217.5
865.78,428.84
869.97,264
869.8,390.29
870.31,962.74
873.67,461
881.18,303.22
878.65,501.65
884,807.18
888.77,1117
887.51,1152
913.27,504.67
907.79,894.12
908.24,1246.3
914.27,729.5
918.2,663.84
915.58,636.55
918.98,986.4
926.95,441.53
929,332.76
933.67,1122.4
935.83,633.14
935.86,487.79
937.45,931.34
939.76,566.68
943.61,1108.9
940.94,254.31
947.62,1026.4
958.3,537.36
961.43,37.3
966.25,826.05
970.59,411.23
972.11,376.29
971.57,1013.8
980.16,1002.6
989.46,1106.1
987.83,921
994,391.5
997.71,329.32
1001.1,1222.8
1005.7,612.22
1008.3,776.16
1012.9,794.45
1008.6,934.32
1024.3,900.28
1025.5,263.61
1029.1,670.8
1026.9,706.91
1028,598.5
1036.3,523.68
1045.6,315.9
1044.5,646.5
1060.1,1116.6
1063.1,55.021
1066.7,228.59
1064.9,1173.3
1076,996.51
1081.7,738.67
1085.4,316.72
1089.7,1013
1093.5,3.575
1090.7,96.642
1103.5,71.718
1101.5,457.42
1102.4,1020.5
1115.8,1018.5
1134.6,1012.6
1138.2,453.64
1139,1095
1147.3,476.27
1153.7,841.91
1151.6,255.92
1156,717.73
1160.7,875.76
1166.9,494.39
1166.9,1100.2
1171.9,576.42
1178.7,1218.4
1184.8,386.43
1191.9,435.52
1192.5,762.41
1197.3,624.44
1206.2,415.34
1214.5,721.2
1216.5,546.5
1218.4,1139.9
1221.9,827.65
1222.5,1011.3
1233.6,221.07
1233,506.5
1240,178.07
1239.5,587.36
1237,624.08
1237.4,670.08
1245.8,1089.8
