3,406.82
5.3721,633.45
1.8214,1186.9
12.05,261.27
31.932,277.05
34.573,775.08
42.376,27.805
45.579,532.89
55.121,1160.6
58.5,570
60.824,1109.4
67.649,281.07
66,511.5
77.533,554.61
83.452,726.71
85.232,1001.6
101.63,802.56
106.5,147.5
112.48,503.6
121.88,527.12
131.32,1246.2
136.32,386.04
138,723
143.89,509.42
149.72,220.86
148.02,296.13
153.62,330.02
158.12,725.97
167.07,27.725
170.64,388.33
174.6,900.86
179.64,820.66
179.72,784.53
187.94,28.615
188.06,197.47
200,471.17
203.74,400
210.41,746.1
216.83,561.55
216.47,931.05
215.58,1048.7
218.77,1017.1
222.44,207.03
222.17,284.38
226.98,314.02
223.93,787.56
227.4,175.64
225.61,220.86
230.2,84.102
229.77,249.37
231.7,974.62
237.23,1003
241.7,1209.2
240.52,423.9
243.41,277.52
244.91,403.09
246.62,205.34
254.73,118.88
256.07,76.95
263.56,358.41
268.34,154.21
274,110
273.91,549.09
280.11,572.75
280.53,680.73
282.2,882.48
282.15,1185.2
293.05,812.57
293.6,415.38
294.72,215.54
294.71,137.55
301.57,95.856
302.9,324.58
300.47,736.58
303.4,626.11
305.61,202.79
307.36,491.32
307.35,162.51
305.4,381.5
310,56.5
317.5,10
322.71,124.53
324.5,598
330.2,346.48
329.61,949.14
334.72,1017.1
339.5,833.6
339.98,916.48
336.5,1009.5
341.04,445.94
342.96,41.871
361.87,547.76
363.79,1115.3
366.97,340.21
372.72,14.954
370.09,1037.1
390.8,1201.2
388.82,46.95
390.43,748.94
398.88,1175.2
394.94,894.94
397.17,329.51
399.54,425.45
407.35,1106.5
425.44,1142.5
436.43,1203.5
460.42,142.45
460.29,898.55
461.65,1015
463.24,668
468.15,758.65
466.92,554.08
475.98,194.94
481.21,627.37
481.18,1010.6
484.77,397.47
480.42,1144.1
485.55,1049.4
495.44,2.16
497.39,847.87
504.95,1182.8
505.43,536.41
505.22,871.44
510.5,122.5
515.41,509.86
515.88,1096.1
521.13,526.52
522.29,440.71
532.06,653.55
533.45,541.45
541.15,1198.1
542.68,794.75
542.43,1167.8
540.5,525.5
544.84,660.81
546.42,759.89
547.93,686.59
549.5,96
556.52,1166.4
557.01,366.15
556.83,1087
560.44,69.825
563.66,1180.7
567.96,739.57
571.64,313.82
569.94,1221.9
579.52,133.88
587.5,1097.5
594.03,838.43
594.09,635.09
601.62,704.54
604.72,560.69
608.12,183.65
609.45,856.94
616.52,701.71
617.56,534.92
627.19,898.39
628.54,973.98
627.64,1204.2
636.96,1176.6
637.54,318.07
637,1149.5
649.56,125.16
648.22,947.47
650.5,984
650.91,528.09
656.13,499.73
655.8,715.95
656.5,230
658.88,74.928
660.39,131.14
671.43,1243.7
666.5,216.5
683.41,1068.8
696.5,355
698.42,634.55
707.1,356.1
712.33,897.9
715.14,503.57
716.5,746.26
718.1,759.09
723,1159.7
730.91,81.761
740.5,1023.6
743.27,1165.9
743.75,972.06
752.06,321.47
750.94,790.45
756.99,110.29
759.84,1000.5
761.36,783.99
770.94,581.57
771.5,131
774.95,790.05
782.88,500.15
785.47,1190.2
787.21,1119.3
790.93,433.5
792.64,541.74
792.42,745.42
804.57,23.391
809.11,818.58
813.5,1133
819.05,979.74
821.82,461.01
822.91,896.6
826.24,20.659
828.63,737.37
841.37,360.56
843.46,957.52
849.5,1228
857.46,173.95
862.59,675.57
866.58,476.35
871.75,119.75
873.78,214.47
879.5,189
883.09,277.91
883.91,917.91
885,736.17
894,637.5
904.29,895.82
907.23,261.49
903.33,241
913.5,106.78
913.93,763.41
917.96,69.923
920.06,149.48
923.04,416.54
923.54,1066.4
922.08,630.92
929.5,545
935.34,1222
941.38,97.853
944.52,538.34
959.91,364.13
962.93,1108.8
970.69,534
970,876.17
970.58,416.11
972.95,681.26
976.27,270.59
980.34,428.27
983.11,312.41
992.28,188.52
998.53,89.373
1003.5,977.11
1007.8,576.41
1016.9,110.66
1019.5,160.5
1025.6,492.87
1033.8,1065
1036.4,637.45
1046.8,753.34
1052.9,399.4
1051,1202
1056,1056
1057.5,449.35
1066.7,818.3
1071.4,382.74
1077.5,893.22
1079.3,781.99
1080,937.5
1086.5,517.09
1103.9,723.65
1102.6,948.58
1106.1,518.13
1111.3,1066.4
1115.9,824.33
1114,181
1114.4,263.11
1117.5,554.57
1119.5,655.67
1124.9,519.92
1134.2,448.83
1133.5,484.86
1132.3,881.22
1140.8,32.244
1141.8,322.53
1143.5,851.71
1152.7,271.14
1148.1,190
1149,797
1150.3,1057.5
1153.5,512.81
1155.9,1076.8
1155.6,214.11
1156.6,203.89
1167.2,648.08
1167.3,51.114
1170,143.52
1176.2,187.47
1173.4,1086.6
1173.6,780.78
1173,1187
1181.9,1030.7
1187.3,289.5
1191.9,140.5
1189.9,758.56
1193.7,449.41
1190.4,683.54
1198.7,407.79
1198.6,211.87
1199.9,152.65
1199.3,383
1208.3,923.85
1211.8,211
1210,1152.5
1229.4,299.82
1240.9,823.09
1244.3,779.58
1246.1,161.25
