6.2353,1079.4
21.928,7.9245
70.755,862.37
76.69,737.15
89.965,48.206
94.5,1119
168.06,202.06
145.09,618.04
135.7,1141.8
155.06,1197.1
152.94,1169.6
164.49,776.62
192.04,799.01
185.77,573.69
220.86,380.35
179.14,66.744
197.37,28.129
200.42,140.67
197.43,169.28
246.2,1290.4
199.92,321.05
223.17,566.42
251.16,152.5
236.19,663.97
233.83,584.57
259.84,37.67
255.41,573.26
285.18,490.93
284.29,901.55
304.7,147.67
314.22,836.37
308.96,398.5
319.31,1031
334.91,962.43
341.55,139.97
342.95,343.73
358.52,649.53
360.57,1161.1
371.86,693.93
381.53,1077.7
377.41,275.36
383,1094
392.85,1174.4
403.62,232.39
398.8,1330.7
408.18,265.64
423.12,423.71
437.13,1312.9
466.62,12.407
474.84,290.69
467.79,701.13
457.33,1288.6
473.62,350.68
468.91,797.5
505.99,195.36
517.01,85.209
517.08,558.91
528.5,252.5
584.86,481.91
541.93,89.556
542.81,1105.3
546.07,794.47
548.95,95.59
572.84,798.64
564.63,134.63
581.12,185.8
595.98,882.92
589.88,277.69
600.32,1220.9
618.96,1196.4
618.78,896.04
630.9,859.35
627.78,1149
635.62,921.62
641.48,1148.6
652.09,1209.5
649.11,769.58
657.55,844.66
688.1,516.9
672.53,777.5
707.77,834.76
720.93,880
742.32,928.64
727,893
740.64,856.51
737.74,504.07
745.88,952.26
778.29,901.6
802.84,927.92
818.12,303.27
821.29,781.45
852.08,271.47
873.15,1079.1
856.61,946.86
894.67,1182.3
971.67,1071.3
1032.4,529.28
1036.9,480.33
1053.1,1197.7
1055.2,148.84
1074.2,931.43
1060.5,830.71
1066.8,529.34
1074.7,802.1
1073.8,167.54
1078.1,844.38
1087.5,149.79
1080,176.5
1088.8,1060.5
1099.8,1312.2
1120.5,584.12
1123,130.74
1123.5,1328.5
1134.5,389.96
1158.5,576.75
1160.7,1065.7
1172.4,538.41
1176.9,273.01
1174.5,78
1206.4,469.47
1241.1,726.86
1208.7,1233.5
1207.8,37.684
1215.9,1219.1
1229.9,1196.3
1227.3,1247.1
1229.7,674.86
1229,1239
1235.2,446.29
1247.4,1231.3
1255.5,125.41
1255.8,600.92
1273,1297.8
1267.9,157.87
1262.9,1209.1
1282,546.49
1282.7,493.31
1279.6,965.31
1276.5,675
1284,921.4
1285.5,124.5
1313.6,450.57
1320.6,385.9
1328.5,667.81
1330.1,960.66
1330.5,223.98
1330.1,651.51
1331,354.29
1331.2,259.7
