25.954,10.447
3.2632,31.237
4.4705,120.21
3.5067,585.21
3.6296,615.58
6.7143,675.68
6.321,694.83
3.6019,823.62
5.2127,945.92
3,994.32
12.067,1109.9
5.1221,1151.3
5.9091,628.68
8.375,804.67
10.236,1209
10.045,1023.1
14.673,717.6
10.786,749.64
12.272,872.9
52.337,614.78
14,1128.5
20.18,302.18
18.915,667.29
17.286,909.25
19.111,899.78
84.58,28.169
24,1127
33.187,817.44
30.355,667.71
51.031,775.51
33.981,1009.8
30.5,1147
34.736,1130.5
41.6,1190.8
37.05,833.92
36.045,1144.9
37.909,314.11
58.635,906.63
45.371,1000.6
41.857,81.571
42.143,844.5
43.391,695.43
52.605,64.026
45.136,837.41
46.279,1221.3
46.795,970.5
51.771,322.4
57.915,827.93
48.5,863.5
62.601,941.87
50.564,579.79
51.531,872.33
59.689,1037.6
62.156,985
60.073,564.07
65,1052
66.882,1065.3
68.53,4
75.076,865.4
67.377,548.31
75.102,678.87
70.305,1134.6
88.324,43.698
69.105,760.58
88.978,1022.6
94.105,1117.5
81.061,1046.6
74,1167
77.32,571.92
81.778,2.3889
82.174,79.87
82.333,630.33
86.985,232.72
97.659,807.8
90.833,892.52
84,1077
93.486,70.397
96.062,626.56
98.965,684.68
100.66,795.57
109.76,600.68
106.12,1205.9
113.77,926.55
109.4,81.4
122.01,980.14
123,1196
125.4,92.933
124.6,1058.6
134.71,324.28
132.68,927.64
131.6,234.6
148.05,302.75
131.42,1049.1
133.91,55.909
135.23,1070.8
137.21,1186
135.46,89.436
136.14,965
136.26,1081.1
139.58,233.05
136.33,708
155.23,920.72
140.25,999.37
141.42,405.89
143.67,1121.3
184.46,56.559
146.18,118.61
149.7,975.17
146.29,1068.3
170.82,694.76
148.5,108.5
151.92,1013.9
156.75,1235.8
176.08,636.65
160.4,1012.4
161.33,1036
161,1161
165.74,175.85
172.78,1107.7
207.44,171.09
168.33,1155.4
170.98,83.118
172.35,99.554
173.54,1010.7
170.97,134.61
171.04,799.91
174.4,1056.1
169.5,987
172.12,17.265
171,65
175.93,982.74
178.04,12.478
182.48,801.84
182.5,972.5
184.5,1046.5
187.68,1019.3
194.59,1243.3
189.32,810.05
191.56,865.93
219.68,944.98
202.43,1042.5
200.1,1083.1
195.58,95.895
205.07,1127
199.77,90.846
220.04,771.45
199.5,914.5
202.44,713
215.91,688.36
205.18,876.41
207.65,96.731
206.5,984.5
210.93,1230.2
216.4,605.43
211,881.5
214.69,997.93
214.91,191.77
222.05,1020.5
219.06,1215
217,915
225.91,100.87
227.86,905.1
232.38,3.1094
227,935
235.2,708.78
248.01,688.12
235,311.84
235,290
249.87,1010.6
239.95,298.44
252.33,965.07
245.33,739.18
247.73,1192.5
240.5,863
243.46,29.564
243.5,872
251.12,881.39
247,822.5
250.12,176.6
253.39,825.73
252.24,902.06
251.98,48.836
252.33,1161.2
268.96,125.94
261.4,301.4
262.58,170.11
264.19,807.74
269.41,364.05
267.5,1102
272.6,844.97
276.63,770.74
288.71,367.51
284.85,701.16
283.74,496.15
285.04,1097.3
288.29,1246.4
288,752
289.41,1122.1
290.58,732.11
298.39,956.81
297.93,76.03
300.5,93.5
300.88,1121.7
304.19,86.838
309.38,1206.9
310.08,742.32
309.42,1135.9
318.89,1140
315.33,135
320.41,1176.6
318.01,1192.8
318.11,147.58
323.72,134.21
326.06,74.402
336.41,111.95
325.96,494.67
374.79,53.092
330.14,349.14
336.94,918.02
340.12,22.137
342.24,1132.5
340.7,273.14
344,883
373.68,272.74
377.01,1145
371.87,113.11
391.57,848.57
369.96,1190.7
370.44,1230.1
369.4,57.6
380.42,167.47
376.83,1244.1
388.3,738.94
378.36,916.14
378.5,1219.5
387.18,654.9
386.27,1199.7
381,194
386.02,693.17
410.06,896.64
393.95,825.19
395.5,815.5
400.34,317.46
405.29,251.96
402.11,1166.8
405.76,115.21
401.33,215.17
404.43,1108.6
414.72,1211.2
420.05,406.11
446.82,1128.5
412.42,98.105
429.63,304.5
418,247.5
427.17,510.76
423.52,228.48
423.64,170.95
426.07,204.37
432.55,265.78
432.13,1241.7
425.75,563.05
427.5,329.5
428,237.5
431.38,182.69
429.44,218.2
428.5,820
441.09,816.8
436.45,891.49
435.09,243.91
453.46,334.5
443.54,442.17
468.25,211.22
446.39,546.42
444.53,939.96
468.19,136.06
456.65,401.22
446.92,536.08
464.95,841.93
453.14,978.1
456.33,1168.4
457.5,900
466.6,519.13
462.41,897.04
464.17,1221.7
472.01,1179.1
466.06,1234.5
465.42,1215.1
467.92,1151.2
471.62,1219.1
475.61,186.43
477.11,829.96
478.89,945.42
480.24,1072.7
485.1,1238.7
483.67,1160
488.5,307.1
487.58,1041.7
518.94,178.07
488.21,987.32
488.73,485
487.57,1077.6
489.68,778.38
492.89,1202.6
506.75,999.17
494.65,1069
493.89,807.58
495.96,832.59
502.99,1051.9
500.97,479.34
500.12,1151.4
507.27,866.48
512.01,237.62
503.5,360
503,368.5
507.02,411.4
511.01,804.42
504.68,1105.9
506.76,352.71
516.86,281.5
517.91,441
509.83,140.67
510,363.25
512.57,1166.6
514.73,1139.2
513,373.5
513,1039
513,1045
513,1049
541.36,944.73
534.41,1199.2
518,254.5
529.99,1174.3
525.41,1242.9
523.19,216.26
524.78,909.64
524.89,1113
548.36,1047.6
535.61,358.45
540.16,1138
537.5,134.5
547.84,389.75
547.43,778.25
551.64,477.75
548,203
550.67,154.83
559.09,227.9
573.43,309.2
554,789.5
569.28,1145.8
568.46,1210.9
566.03,753.68
562,822
567.72,491.75
565.88,263.29
565.5,1197
584.9,396.92
570.56,801.04
577.85,953.23
573,367.86
573,156
576.63,1058.7
590.78,179.76
578.14,931.06
577,159.5
584.85,1120.5
579.65,1024.4
583.59,902.97
585.17,158.42
585.75,938.33
590.35,1031.5
588.9,1184.4
597.36,983.92
590.39,787.45
591.85,867.01
592.49,916.8
590.56,955.2
610.47,31.567
595.94,883.8
595,123.5
620.32,151.02
596.17,714.87
599.34,952.31
597.7,1069.2
596.94,1167.6
598.5,847.5
598.6,1193.4
599.9,93.9
601.87,726.35
600.5,780.5
600.33,451.17
602.13,999.76
602.77,514.05
603.15,672.08
605.57,1195.9
605.75,489.57
607.42,69.129
605.67,554.17
607.43,591
608.39,657.2
612.87,1179.7
704.86,197.92
607.69,682.89
611.09,777.16
612.2,930.15
608,1069
613.88,743.78
613.94,622.31
614,96
617.7,972.71
624.81,1217.1
622.88,1102.7
621.21,951.05
618,1197
642.68,703.06
622.59,343.2
620.22,912.33
641.36,1125.8
623.12,1167.4
624.91,260.81
623.43,730.39
632.66,808.27
627,22.778
625.73,561.27
626.6,737.4
627.5,1043.5
627,1164
641.36,941.19
634.76,763.62
632.77,285.72
633.64,1049.6
634.8,337.71
639.26,13.322
634.4,432.4
646.46,599.67
635.23,895.77
643.15,1014
638.22,577.46
638.26,1241.2
637.41,447.06
646.81,1159.3
640.41,360.34
640.78,965.62
642.11,305.41
646.77,1233.3
653.05,1065
645.72,841.14
649.59,920.2
644.42,334.89
646,380.5
652.76,85.764
653.03,265.06
648.4,750.4
654.37,818.57
650.5,517.5
657.15,337.95
658.36,140.37
655.35,389.68
668.33,746.54
658.61,853.39
654.37,1214.6
655.05,307.09
658.02,536.68
689.06,486.56
658,611
662.19,886.35
665.44,669.39
661.83,426.32
664.61,320.98
664.67,592.26
690.96,932.78
664,264
666.89,375.39
668.82,1232.2
666.5,129.5
690.65,780.86
667.5,806
668,996.5
670,431
681.8,612.07
671.7,980.98
671.26,218.29
670.5,532
678.19,1185
672.59,234.94
674,107.9
674.89,1141
678.58,652.55
681.05,322.38
682.67,128.17
678.89,402.13
679.48,720.45
701.99,566.56
689.15,1117.7
709.98,864.42
685.92,1022.7
681.47,358.71
687.54,1244.1
684.76,264.22
683.47,986.26
684.11,890.42
688.17,226.33
688.49,397.69
703.94,1150.4
700.23,112.71
689.58,887.89
697.46,757.68
694.92,1203.5
697.9,1220.2
704.21,641.45
707.78,690.09
713.75,304.14
700.23,520.23
701.88,18.694
702.47,655.29
706.65,1100.1
710.79,1209.9
712.48,258.56
720.55,379.03
708.28,242.28
719.93,9.1905
709,748.5
712.18,1055.7
709.69,758.28
709,881
712,279
713.5,188.5
720.14,652.92
715.14,500.3
730.47,58.097
725.79,1235.9
717,279
727.47,993.74
720.95,799.08
725.48,1097.4
721.67,588
721.54,1212.4
737.33,550.05
736.94,511.68
729.25,334.46
728.3,626.9
738.32,121.92
729.35,771.27
730.82,920.45
738.99,1167.9
735.03,1048.2
735,351
736.09,778.09
737.92,825.42
737.32,769.8
737.5,623.5
737.5,745
742.07,1198.2
746.61,1243.7
742.24,663.15
740.9,1096
753.75,269.66
742.5,731
749.13,875.35
743.81,1216.8
745,593
745.5,637
746.72,738.46
747.72,1028.5
747.55,1047.7
750.41,405.91
756.29,596.7
789.68,750.79
770.91,637.68
752.6,751.6
753.67,130
761.3,430.55
759.19,768.47
754,819
756,620
769.79,811.45
758.33,1210.6
759.88,1041.7
764.14,614.78
764.94,529.59
767.05,1222.3
766.46,553.69
807.18,1158.4
768.5,1247.5
768.21,161.65
766.67,711.83
770.05,206.4
770.49,594.18
772.67,693.24
777.61,131.06
782.56,1049.2
776.27,175.85
772.4,582.4
774.84,842.59
773.53,1132.3
779.86,952.71
797.43,570.08
790.02,247.23
813.92,474.14
778.4,527.4
779.14,1227.9
786.68,381.46
781.79,651.71
791.19,298.2
782,508
785.58,533.61
786.3,914.26
791.24,1239.3
813.07,644.12
788.65,850.4
795.83,99.683
797.1,936.02
792,842
792.5,908
790.81,1193
796,173.5
796.98,592.81
799.2,854.87
796.94,1167.6
796.62,842
798.52,195.41
804.35,509.24
799,642.79
802.18,125.32
801.22,601.22
802.42,66.958
824.05,159.85
807,194.77
809.7,433.95
830.92,881.5
806.52,706.61
806.08,842.68
809.15,917.28
807.04,1012.6
818.67,302.18
817.93,1063.6
810.83,362.05
809.71,806.43
813,220
815,1114.8
818.62,194.66
816.83,1104.2
834.94,41.019
817.94,604.41
829.43,665.6
825.11,743.02
826.46,338.01
829.91,553.24
846.65,926.27
838.39,1010.8
826.3,1208.4
825,608
830.02,710.74
827.4,776.6
829.64,1232.2
828.95,810.1
830,787
829.4,847.4
837.46,103.4
840.03,200.63
833.63,598.14
832,627.5
873.23,999.32
872.87,614.36
847.46,1159.2
840.05,298.21
838,367.67
839.56,716.26
840.38,842.23
844.8,1070.1
841.43,117.92
841.43,378.4
844,733.5
850.54,259.28
846,583.35
848.42,973.18
847.6,835.65
847,721
856.4,727.96
848,186
850.67,821.7
852.48,988.94
857.21,533.23
854.61,187.57
858.9,672.43
859.52,750.37
855.59,597.94
859.33,1067.1
866.31,79.731
873.6,871.01
861.3,952.3
864.9,149.55
868.24,1143.7
873.76,502.15
871.68,832.95
886.1,244.33
868.07,180.61
885.82,925.9
868.75,1062.7
869.5,1015
870,1242.5
875.11,413.97
876.69,162.77
903.24,536.05
873.58,1088.1
874,180
874.93,186.96
894.07,653.87
886.68,713.75
894.02,781.21
875.92,818.44
878.29,857.57
895.8,738.76
879.42,809.11
888.58,66.467
887.25,370.18
889.25,1137.6
887.35,122.19
942.91,362.07
885.6,471.6
893.07,1167.2
897.33,1203.6
887.83,423
890.74,827.65
888.59,1223.9
892.68,12.2
896.07,166.58
893.59,409.96
914.36,439.11
907.44,851.13
897.59,323.31
895.6,905.4
899.69,801.79
897,723.5
897.58,1190.9
914.44,1174.2
901.5,1128.5
902.59,725.94
913.61,244.51
908.26,819.23
905.75,477.75
922.64,101.28
908.71,1124
910.28,7.4085
908.79,421.11
926.78,156
913.4,686.4
916.47,809.6
925.68,1037.2
916.83,310.72
915,591
916.6,550.4
916,1142
918,786.5
918.15,1113.5
921.96,875.34
929.71,1016.3
921,1194
925.13,457.65
922.35,1136.4
924.1,779.97
938.99,755.18
925.61,1079.4
925.5,1234.5
931.16,1148.4
929.67,19.109
928.62,378.58
930.73,367.76
933.06,1005.2
932.05,1167.3
931,1236
943.96,921.61
935.89,1244.9
941.01,1179
938.09,193.91
937.58,1119.1
938.93,25.259
939.52,964.52
940.4,1092.7
941.64,424.69
939,819
941,71
952.33,964.38
942,813.5
957.66,876.14
943.5,194.5
949.01,614.05
953.7,1214.3
946,199
950.66,212.35
976.64,727.14
947,806
970.05,1159
952.5,801.5
960.04,548.99
957.3,681.09
964.45,667.62
959.96,812.74
959.14,88.326
956.5,154.5
957.5,226.64
957.14,938.29
957.03,1003.4
960.26,272.62
965.09,769.78
961.78,1023.7
962.5,1040.7
966.6,1082.5
960,405
964,644
970.43,499.69
968.8,112.06
967.78,691.72
967.58,1208.1
972.41,821.22
973.03,847.73
971.36,983.07
1015.3,345.13
970.58,535.11
980.35,91.23
977.87,248.51
981.18,686.35
972.18,1129.9
978.68,577.57
973.83,1012.4
980.27,1202.2
1020.2,275.19
986.46,704.44
980.75,759.84
998.64,787.76
984.64,516.05
990.32,1011.7
987.07,1182.1
993.5,543.12
987.17,940.25
1012.1,31.339
989.02,53.714
991.58,464.61
989,589
1029.4,453.23
993.98,382.02
994.35,604.93
996.99,1067
994.36,1145.3
1000.4,934.97
1008.7,1100.6
1001,1132.5
1032.2,92.067
1000,465
1009.3,408.63
1027.8,695.55
1006.5,70.586
1006,566.95
1010,1195.7
1008,605
1008,910.5
1010.6,1176.4
1011.1,997.36
1011.5,905.5
1012.6,565.19
1049.1,820.58
1018,957.35
1021.9,223.04
1022.2,386.13
1047,588.74
1021,1021
1024,1095.7
1036.3,754.13
1023,1016
1026,1139.3
1043,1205.1
1069.3,967.89
1029.4,563.3
1032.6,979.54
1036.1,331.14
1046.4,517.11
1039.1,208.47
1037.1,301.42
1051,22.059
1052.4,833.26
1041.7,964.84
1046.4,54.5
1045,553
1047.6,691.6
1051.9,1134.3
1056.2,1173.4
1057.4,184.7
1051.1,552.12
1052.2,805.28
1069.1,1113.8
1055.3,963.6
1056.9,941.36
1055.3,340.17
1056.6,387.31
1061.6,677.09
1062,132.51
1063.5,13.143
1073.3,295.09
1065.8,659.43
1066.1,378.87
1066.3,141.41
1069.7,471.21
1074.9,153.86
1070.5,942.69
1070,409
1086.8,167.52
1072.6,491.54
1082.1,1216.3
1079.7,359.02
1074.4,706.07
1074,479
1077.1,845.64
1076.5,854
1078.4,341.2
1078,722.9
1080.5,261.38
1079.1,1040.2
1079,630
1100.2,395.36
1090.8,531.79
1112.5,1104.3
1085.4,448.78
1092.5,1017.9
1085,344
1093.3,557.84
1097.1,969.88
1089.3,6.8485
1094.9,1183.6
1092,863.5
1096.6,703.43
1097.3,326.91
1097.6,514.57
1098.9,480.91
1103.5,723.76
1100.6,686.6
1105.3,1190.7
1108.8,1212.1
1109.2,825.93
1111.5,695.81
1114.7,144.65
1123.1,210.41
1109.9,776.67
1114.9,9.5789
1116.5,365.76
1116,811.35
1117,544.28
1117.2,706.84
1142.9,694.62
1121,1245.5
1119.7,119.11
1119,940.9
1121.8,269.98
1121,105.14
1128.2,845.46
1123.2,1203.8
1125.5,434.17
1129.3,930.02
1126.4,1230.9
1132.5,376
1131.7,97.72
1141.4,914.22
1131.5,1045.5
1134.3,249.43
1134.9,820.58
1140.2,310.35
1141.1,1005
1154.1,74.624
1144.4,41.951
1164.9,223.07
1160,429.09
1157.1,1133.7
1148,477.74
1151,743.95
1151,856.89
1148.4,867.89
1150,386.95
1154.2,884.65
1149,1001.5
1158.2,1200
1166,507.3
1157.6,1026.2
1163.6,941.92
1168.6,970.64
1160.6,907.4
1162,880
1174.2,1051.9
1166,470
1171.8,649.37
1181.6,451.9
1172.5,1184
1176.4,59.876
1184.7,1081
1179,819.98
1186.5,749.36
1184.7,1008.2
1184,1215
1210.1,1167.8
1191.4,954.89
1190.5,1136.5
1197.8,409.5
1195.5,1106.6
1200.7,1224
1199.5,918
1202.2,578.42
1200.9,822.58
1204.4,747.53
1204.4,1056
1202.9,82.156
1205.7,714.83
1208.7,857.34
1216.4,1108
1217.3,136.57
1210.3,1126.1
1211.2,71.25
1212,668
1214,218.05
1224.2,738.17
1214.6,1082.1
1217,19.6
1217.6,694.19
1222,84.5
1233.4,1237.9
1225.2,197.36
1229.4,1088.4
1229,82
1231.4,52.955
1232.6,75.318
1237.3,1018.1
1236.5,1071
1235.5,934
1235.7,1052.7
1238,1222
1242.7,1042
1240.2,958.25
1244.3,7.5349
1244.7,45.247
1242.7,1133.6
1245.7,1124.7
1246.8,965.98
1246.7,1176.3
1247,1024.8
1247.5,1167
