7.4451,37.683
117.85,111.39
6.4964,161.5
2.9558,439.82
56.104,671.76
4.8636,765.14
37.288,848
2.6,898.2
13.176,974.78
12.737,1014.7
4.4,1143.9
12.081,940.06
106.78,1017.1
14.448,537.52
19.9,150.4
31.75,5.1951
27.857,216.16
29.217,17.652
47.358,391.69
40.452,918.47
47.785,295.3
43.567,158.33
86.867,185.16
43.141,1117.4
77.2,278.12
48.5,938.5
56.026,753.77
58.373,1116.8
55.805,415.07
77.706,227.12
62.31,358.55
75.687,742.46
69.571,679.57
69,469
80.656,339.95
72.414,99.483
73.809,374.96
72.5,465
78.803,880.62
73.909,614.95
94.927,1325.8
235.76,603.85
103.5,536
118.26,810.15
112.66,8.094
114.5,547.5
115.16,1313.7
127.5,351.86
149.55,260.84
130.8,1308.8
140.37,201.37
220.38,813.63
148.24,910.72
145.95,297.57
131.34,368.62
161.65,705.5
151,597
167.38,759.62
164.46,206.29
198.02,396.53
168.45,600.42
180.21,99.375
176.7,330.13
190.77,258.84
193,541
195.59,102.06
200.89,1023.7
199.54,211.36
203.11,370.14
220.97,514.26
212.23,105.67
227.33,268.51
223.31,763.23
217.82,72.611
224.48,158.41
248.14,69.431
223.55,462.68
222.42,714.89
235.74,442.74
255.22,587.48
249.4,371.52
285.11,142.9
250.92,457.09
266.55,552.51
257.56,882.67
260.81,173.85
262.76,188.7
314.92,884.69
269.17,360.59
267.33,533.83
274.14,432.84
275.05,251.98
280,709.57
318.9,1057.3
284.6,285.74
286.37,296.68
286.77,325.77
288.5,944.5
289,65
349.1,185.15
303.57,314.21
305,300.5
316.68,537.37
312.64,567.75
322.5,686.54
314.82,66.754
315.89,517.43
350.09,285.34
327.2,371.14
327.34,393.86
330.06,488.41
355.71,587.28
347.25,1093.6
369.26,83.851
343.81,537.85
346.53,736.6
359.64,958.55
432.96,678.95
354.81,823.38
353.26,395.5
358.69,486.97
404.13,499.02
368.78,126.91
364.13,235.76
367.63,669.94
378.52,1120.3
368.31,700.9
376.48,437.15
397.81,459.16
384.95,320.7
394.16,247.55
397.81,377.33
383.68,1228
390.96,1208
397.93,416.69
399.8,1241
398.5,4.1316
429.8,265.65
403,291
412.29,1065.9
430.41,402.63
425.63,568.67
413.63,335.11
424.1,1221.6
415.77,297.23
421.56,1326
420,596.5
422.5,807.48
424.59,166.52
491.84,67.61
470.22,740.33
456.44,346.06
437.5,371.5
451.43,554.36
455.23,461.08
456.81,1201.6
478.34,388.47
611.63,174.49
502.05,1115.9
561.51,456.32
473.57,673
491.02,249.12
483.88,673.5
490.3,306.49
490.36,1197.9
490.78,891.18
496.96,830.64
504.19,398.83
498.44,1081.2
495,776
508.56,1011.6
529.33,1052
503.54,254.61
513.73,327.29
506.86,363.41
508,375.83
524.21,235.07
573.25,752.93
513.37,369.4
532.78,1222.4
517.02,565.13
534,203.28
537.2,623.75
539.39,1328.9
524.83,904.56
533.74,980.85
529.51,551.08
537.44,335.53
541.28,746.39
534.5,498
570.98,664.73
545.57,719.64
540.17,807
552.16,921.05
543.49,855.41
554.05,148.92
559.82,1145.3
596.59,584.19
562.32,363.69
627.61,617.39
585.84,333.25
572.15,518.48
578.34,795.43
577,898
585.8,882.66
604.67,810.98
587.41,146.07
611.9,993.99
600.13,18.663
606.47,1242.4
599.48,1255.4
678,1144.2
615.34,1328.4
624.63,904.78
620.93,848.83
631.7,503.37
622.28,1276.1
633.11,304.3
637.79,1068.9
628,1002.5
631.55,514.08
637.55,205.84
654.72,809.88
640.6,675.4
640.42,21.504
666.89,1004.6
650.26,3.3962
649.2,382.34
648.21,738.31
649.69,104.11
674.95,371.82
665.75,1253.4
668.7,776.4
659.17,420.13
664.7,212.21
665.31,867.86
672.02,708.54
675.09,847.99
672.83,584.93
676,397.86
677.73,1283.9
680.37,166.27
692.67,765.08
686.58,717.69
687.61,571.04
763.45,985.61
694.48,406.9
692.7,254.57
689,598
691,282.33
696.3,530.8
694.81,590.08
703.54,604.69
756.29,660.91
705.4,570.75
713.68,895.52
698.89,31.421
706.52,312.51
706.08,1052.2
707.43,1040.4
707.29,1065.6
714.5,395.5
717.19,817.61
761.63,268.6
719.71,935.11
719.42,401.11
723.74,414.52
723.86,806.9
723.4,436.4
745.18,840.54
735.66,276.37
751.33,405.52
736.86,762.16
749.02,434.26
745.45,717.08
752.24,1156.3
755.09,208.75
755.63,645.67
754,197.5
762.27,68.422
769.12,464.17
803.43,519.54
806.71,349.39
775.97,737.93
782.43,831.16
833.71,734.4
805.13,1107.6
817.37,13.243
811.94,816.64
802.29,653.61
824.66,185.11
840.31,617.39
835.23,963.28
830.74,471.63
825.73,836.79
826.62,548.61
830.85,1322
929.93,827.97
836.99,433.87
839.34,1102
859.49,576.63
858.64,244.55
864.98,669.01
853.42,367.34
950.26,261.17
854,322
859.35,433.73
864.14,143.78
862.25,422.13
876.43,370.25
871.97,757.97
877.06,328.31
909.06,15.671
883.46,227.06
885.21,730.36
882.23,516.13
883.29,617.83
925.69,553.33
902.78,703.11
893.99,554.8
891.88,380.21
894.94,627.14
893.72,853.67
904.78,465.55
906.51,206.38
911.26,662.1
919.68,42.636
921.15,486.06
920.57,718.51
924.32,1052.1
929.18,194.25
965.32,283.47
1137.1,720.11
927.38,826.68
927.5,753
929.13,761.87
964.14,456.74
946.66,1056.4
945,938
951.94,636.06
957.86,701.73
962.59,165.38
968.9,1026.8
988.2,425.31
991.4,790.45
1003.5,1025.4
997.36,535.91
1005.7,1094.7
1124.1,329.73
1000.5,280.5
1001.5,784.5
1001.4,834.5
1004.8,486.93
1010.5,858
1017.9,942.49
1093.7,149.58
1060.8,558.2
1016.7,744.67
1037.9,470.96
1042.3,534.87
1036,1127.5
1036.3,1080.5
1044.3,894.19
1043,794.83
1109.9,264.36
1057.1,247.85
1064.8,331.17
1081,1034
1069.5,1168
1076,886.12
1079.6,990.44
1082.5,680.83
1083.6,167.04
1100.7,1095.2
1093.7,15.033
1093,663.42
1204.1,918.21
1104.3,1049.2
1107,649
1113.7,222.67
1112.6,3.3913
1115.5,651.61
1118.2,474.05
1119.3,1283.4
1118.5,32.5
1122.2,436.31
1127.2,15.415
1126,1323.5
1132.7,1018.8
1146.9,845.26
1171.9,66.538
1152.4,649.94
1158.5,183.39
1155,857
1174,538.05
1170.6,1110.8
1163.5,37.125
1165.4,749.36
1168.4,171.19
1187.6,1250.9
1178,542
1184.5,685.71
1181.5,27.114
1235.7,985.34
1196.5,5.4567
1197.3,826.64
1194,345.46
1210.4,315.29
1204.1,1234.6
1210.3,121.14
1212.4,597.48
1264.7,107.27
1226.7,857.35
1232.3,455.16
1231.5,213.09
1238.2,582.99
1240.7,203.29
1250.3,541.33
1249.7,169.55
1246.5,607.09
1249.5,637.48
1250.1,623.03
1249.5,1017.5
1255.8,1027.6
1260.6,261.16
1260.6,524.11
1277.5,1043.9
1265.2,79.072
1276.2,1074.9
1296.9,1296.8
1285,778.41
1289.9,2.8444
1294.3,233.91
1304.7,1106.4
1294.5,22.808
1298.7,775.87
1316.3,44.549
1311,1021
1305.3,647.66
1308,902.94
1311.6,335.02
1310.3,875
1315.4,755.71
1319.7,1195.1
1326.5,226.69
1321.2,743.88
1326.8,1215.3
1327.5,333.68
1327.9,1033.8
1328.8,900.87
1330.7,712.12
