2.9167,753.92
5.4833,521.78
5.5789,938.11
19.569,785.47
21.942,552.54
21.115,583.5
22,1100.5
28.091,1024.9
39.405,455.57
42.455,1082.4
42.091,68.091
51,812
53.417,276.51
59.248,1077.3
61.815,396.97
72,791.18
73,459
78.702,242.41
76.091,393.09
78.296,1033.1
88.474,226.31
94.12,561.42
97.09,524.25
103.05,63.653
108.5,452.39
123.47,408.93
123.92,176.77
125.21,929.16
126.92,977.41
132.09,87.039
132.7,20.352
129.09,192.91
131,576.68
134.88,380.01
135.09,533.91
138.3,413
140.98,142.31
142.3,1138.5
148.65,374
147.5,38
151.39,189.32
153.88,405.92
148.42,762.89
151.08,1049.1
161.4,217.5
162.92,461.26
171.04,871.65
174.4,155.6
175.5,172.5
176.5,1152.5
180.37,156.37
185.07,837.41
191.07,119.55
196.73,1094.6
189.37,365.63
197.02,679.11
196.34,1031.7
201.45,693.82
203.17,235.93
208.17,904.84
207.77,317.1
209.04,946.42
218.02,732.13
219.73,245.59
221,73.5
224,1094.3
224.74,873.37
223.95,953.14
223.93,1070.4
227.81,855.48
229,1021
236.85,943.7
238.84,979.24
242.43,385.56
243.39,1051.1
244.08,150.92
262.84,884.45
260.5,1234.1
271.78,812.89
268.59,968.93
275.52,792.41
278.11,996.19
282.63,121.48
281.55,548.29
281.4,1085.6
285.54,1163.8
287.04,760.13
288.46,43.103
287.5,732
290.3,164.5
291.74,602
295.79,932.58
296.72,957.42
297.97,1134.5
299.9,890.62
305.58,919.32
304.24,172.33
305.06,1115.5
311.22,1181.9
320.5,1110.6
329.53,600.42
331.65,703.67
334.7,686.5
337.39,1068.1
338.47,1223
346.58,1156.6
346.59,757.1
350.12,1122
349.11,1005.4
350.54,933.02
349.6,796.4
351.69,1146
352.5,38.5
353.14,836.48
356.91,1098
356.13,983.52
357.39,509.86
359.07,758.59
362.71,400.65
363.09,816.06
365.2,924.9
366.76,987.39
371.12,1210.3
371.07,740.59
376.87,95.44
375.2,360.44
382.92,1109.9
384.13,602.97
388.13,1133.1
390.04,709.51
386.57,1242.4
399.66,355.38
400.91,1221.1
405.43,878.05
406.08,965.92
409.46,50.919
409.91,1191.5
419.54,910.3
423.57,1176
428.18,735.27
426.43,805.39
426.5,1127
429.07,782.59
439.36,840.7
442.17,515.36
440.05,386.07
439.95,1143.4
441.52,477.93
446.19,449.27
451.45,431.45
460.1,1136.6
467.22,1025.5
470.53,252.93
475.06,40.731
480.46,198.11
486.57,1178.7
490.67,322.69
493.96,414.3
494.96,925.28
494.5,551
500.2,1077
503.5,378.5
507.55,622.6
507.25,526.52
513.08,262.88
512.96,487.75
508.77,514.33
513.25,971.5
517.04,160.56
520.51,106.5
516.3,744.5
520.17,926.97
528.74,116.33
528.54,626.24
530.94,168.79
533.43,1047.4
542.94,822.09
558.5,276.14
574.47,1091.7
578.24,459.6
581.94,181.7
582,313
587.22,204.3
588.89,1044.6
587.31,1104
596.29,746.98
597.67,803.74
599.15,717.71
606.57,952.79
603.91,1132.9
609.89,1099
610.61,66.871
616.33,613.67
611.58,1082.4
619.65,1037.8
622.56,848.27
623.92,1209.3
632.37,94.665
627.98,646.61
628.68,1097.3
630.36,812.29
628.09,993.09
636.78,1134.9
628.08,1185.1
631.05,1117.1
635.18,333.95
637.53,683.24
640.48,438.86
636.5,1060.5
639.44,174.82
644.1,366.53
641.6,729.4
645.12,1085.7
641.92,1104.1
647.48,740.31
651.86,591.85
647.95,13.182
654.43,946.34
659.33,673.74
662.42,1148.9
667.7,807.64
673.16,858.53
677.56,315.38
686.39,588.62
679,425.32
678.95,572.9
689.18,676.92
698.66,450.59
700.76,1193.6
707.54,635.32
706.66,1145.6
713.92,356.44
721.16,274.38
725.2,790.8
729.95,653.67
732,1180
735.64,1079
739.07,837.41
741.14,1112
744.84,65.421
748.24,402.68
750.28,468.9
756.19,824.56
754.37,1186.3
770.31,1192.6
774.58,447.89
777.16,465.21
774.4,488.3
775.5,434
779.5,770
784.71,618.85
787.78,4.8764
790.8,437.51
785.93,1175.6
788.02,781.27
793.4,548.51
795.55,1161.3
801.57,475.63
803.07,931.66
803,1201
807.5,775
818.87,742.65
822.19,425.85
828.72,717.77
832.96,1154.9
834.2,765.43
839.93,1180.1
837.8,27.56
838,1124
845.4,907.59
841.05,680.1
847.81,478.38
847.75,58.765
852.67,633.14
860.24,15.682
865.93,1175
858.36,531.82
860.83,1194
869.56,483.08
881.49,831.49
876.63,522.37
880.57,970.81
878.9,156.88
885.37,1136.8
885.9,94.38
886.6,521.04
889,484.7
889.2,899.44
890.72,629.14
892.54,619.22
898.91,699.09
900.17,1222.6
903.35,422.63
911.38,1110.5
911.34,1165.4
910.92,340.08
918.97,502.35
927,616
932.79,1125.4
937.34,365.57
937.05,452.17
939.24,642.91
946.83,931.09
949.28,625.36
947.07,545.41
952.9,280.38
954.56,431.25
961.84,247.59
955.73,716.27
960.46,1245
958.94,552.43
963.04,30.795
961.27,625.65
963.57,696.18
967.93,788.42
970.28,917.7
969.66,436.09
976.61,553.8
983.46,675.06
982.26,330.14
983.5,706
984.95,14.091
991.28,563.87
996.08,1050.2
994.3,546.78
997.09,1235
993.5,307
996.46,698.66
996,1182.9
998.77,878.73
997.43,240.43
998.39,684.86
1000.5,984
1009.9,551.66
1014.5,1015.7
1015.4,428.07
1013.6,452.05
1014.2,674.31
1015.6,484.41
1015,1108.5
1017.3,1120.7
1035.6,813.5
1042,422.67
1038.8,591.56
1039.5,805.61
1056.4,137
1051.9,442.85
1049.7,831.29
1048.6,753.39
1054.3,276.23
1061.4,1207.4
1059.9,344.23
1062.9,93.306
1066.5,393.25
1067.8,838.32
1070.7,513.21
1072.9,651.82
1068.4,1229.6
1072.4,230.45
1085.2,534.58
1092.1,547.12
1095.4,613.5
1096.4,1206.1
1096.2,444.06
1099.7,917.63
1103.1,811.93
1103.7,544.67
1104.4,337.39
1109.7,948.98
1108.6,254.36
1107.1,576.41
1110.6,351.91
1113.9,304.05
1111.4,486.46
1111.9,832.21
1112.6,725.2
1118.3,1196.6
1123.4,365.86
1119.9,423.92
1136.6,449.54
1141.9,336
1141.9,843.75
1144.4,1041.6
1146.6,1001.5
1149.5,440
1159.3,188.47
1159.5,302.69
1154.6,689.89
1161.7,986.78
1167.4,349.99
1176.8,538.49
1173.4,652.6
1175.5,91.5
1188.8,1144.6
1186.9,742.24
1184.7,19.162
1184.5,277.28
1186.1,353.91
1187.5,704.51
1195.6,178.46
1199.6,1113.1
1207,1160.5
1210.4,14.074
1213,33
1213.5,332.23
1216.7,1139.3
1215.5,913
1231.1,713.5
1233.5,161.71
1232.5,353.5
1237.7,733.23
1238.8,1244.7
1245,855.53
1245.8,288.87
1245.9,613.8
1246.2,332.94
1246.1,910.5
