3.4156,160.62
3.2955,356.64
9.1884,96.014
17.614,432.64
32.565,8.4516
36.372,567.95
42.19,689.52
44.327,535.04
56.415,722.32
60.22,439.55
56,1224.5
57,900.65
62,796
66.365,829.16
67.5,1014.6
69.414,591.39
75.446,241.46
75.128,380.87
79.917,583.92
90,820.58
94.11,221.21
94.962,766.36
95.931,1014.4
106.21,930.98
111.5,957
111.58,1187.1
131.66,165.53
133.56,347.97
134.35,1017.5
140.34,1121.6
143.8,506.7
146.74,1218.8
145.38,376.64
146.45,950.96
149.54,713.83
149.56,173.08
162.34,712.74
166.25,772.84
182.22,403.8
179.7,914.5
185.5,942.5
191.6,273.7
195.14,309.14
214.39,786.14
222.97,1025.8
224.03,1129.7
229,669.5
235.49,998.86
237.41,273.07
249.77,617.97
258.69,220
257.67,162.33
255.91,545.91
265.03,965.54
265.09,270.09
272.69,695.68
271,924.25
274.68,131.6
273.63,458.37
283.35,1139.9
283.36,707.68
288.15,1002.5
297.16,585.83
298.4,863.62
301.55,365.02
301.49,1185.3
304.31,555.52
304,401.72
311.09,286.51
309.2,663.52
310.09,165.91
316.06,890.75
316.68,35.216
320.82,1064
323.93,589.91
326.01,665.51
325.69,89.966
326.27,468.59
335.02,794.71
335.5,760.5
338.31,1009.7
344.41,5.0741
350.65,312.81
353.3,854.61
353.42,608.58
357.73,945.39
369.66,153.37
369.3,842.63
375.57,287.06
383.86,542.39
389.42,574.43
391.81,713.84
396.1,63.72
406.45,1141.3
409.45,1177.8
411.69,23.742
425.03,1054.9
422.05,636.62
423.43,712.95
428.22,481.85
436.1,660.64
442.75,969.04
449.39,204.61
452.7,991.23
455.64,314.25
463.41,831
463.57,970.24
466.07,469.31
467.27,873.41
484.7,158.18
482.3,977.94
487.22,1094.7
484.5,859
487.58,80.105
492.06,418.91
493.29,6.5429
500.16,684.93
501,803.5
507.05,1011.5
522.47,636.28
520.17,1039
526.5,50.5
528.22,350.96
530.48,1110.4
530.46,312.87
531.56,286.71
564.59,1084.2
565,1061.4
566.31,952.25
568.66,1023.5
570.14,390.82
573.53,244.61
573.91,513.09
581.72,1222
583.55,128.69
588.06,165.18
592.28,208.28
594,23.171
594.45,791.3
600.84,566.12
595.83,830
602.21,1192.5
606.91,884.2
609.89,543.45
616.47,236.96
622.14,81.701
622.34,971.04
623.33,594
634.39,111.86
642.09,673.79
650.5,1162.5
665.47,327.47
664.36,770.5
664.99,888.36
668.05,1025.1
682.6,4.3966
684.11,533.37
698.17,516.89
704.54,645.16
708.99,995.98
713.6,409.24
718.85,564.17
716.5,785.5
728.97,629.53
733.51,254.1
743.46,982.78
744.06,186.55
745.4,143.36
746.82,94.333
756.14,420.5
765.46,745.2
771.29,1097.1
772.47,972.2
776.27,32.143
777.47,106.64
776,271.63
775,795
783.17,714
786.04,1131.4
799.59,908.12
798.94,405.75
798.15,809.35
810.19,103.59
814.33,800.22
818.51,998.62
817.56,281.47
819.08,410.02
819.77,356.93
828.38,1094.3
827,1019
831.71,1110.3
838.55,178.83
847.17,6
848.59,830.52
859.04,749.2
860.16,61.157
868.96,35.952
880.34,754.85
884.03,144.41
882.08,269.08
884.43,772.83
891.56,83.923
898.57,724.71
900.04,509.13
902.45,1030.3
908.09,29.013
908.11,865.86
906.5,1173.5
917.44,14.207
919.01,560.1
917,235
923.43,392.61
930.37,1061.9
928.82,542.33
936.68,312.84
935.35,617.94
938.52,578.6
940.95,776.39
940.29,181.5
945.78,865.12
947.55,195.59
948.5,89
957.13,111.33
958,955
962.72,713.11
971.11,158.78
967.1,403.14
969.49,279.82
968.26,524.08
969.37,745.39
976.12,99.217
982.06,411.81
984.35,1135.2
993.12,656.35
1002.2,162
1003.3,622.55
1007.6,278.32
1010.6,343.59
1010.9,948.46
1013.8,195.15
1015,532.64
1015.9,658.06
1026.1,466.39
1030,154.27
1035.4,22.139
1038,466
1041,195.82
1042.9,749.83
1046.6,845.72
1046.9,931.56
1054.3,1087.5
1057.4,99.135
1058.4,618.47
1064.4,733.24
1062.4,435.58
1076.7,1010.8
1077.3,417.61
1077.7,243.17
1081.7,772.92
1083.6,948.86
1087.2,493.82
1088.2,794.48
1087.2,186.33
1088.9,1092.1
1095.1,904.72
1097.3,1179.4
1100,5.3462
1104.2,1074.4
1101.4,773.93
1103.4,675.31
1104.1,287.42
1108.6,633.47
1108.8,81.468
1106.5,232.5
1110,736.94
1112.8,135.12
1117.1,430.59
1119.9,212.91
1122.9,1174.6
1128.5,842.08
1130.9,877.14
1129.6,927.11
1135.1,458.17
1133.9,402.91
1137.3,584
1144,282.17
1143,868
1144.2,1018.5
1147,1174.7
1149.6,84.917
1147.4,928.42
1149.9,553.13
1154.5,1036.5
1159,410.17
1160.9,424.7
1159.9,455.38
1161.8,82.071
1163.9,915.13
1164.4,47
1169.3,250.53
1169.4,621.52
1171,329
1173.4,878.38
1173.9,168.31
1172.1,283.91
1176.8,348.42
1176.9,712.5
1176.4,917.36
1181.5,277.65
1183.4,449.45
1185.8,381.72
1185,141.21
1188.6,418.56
1194.1,667.06
1208.5,1027.6
1205.9,1111.1
1212.7,520.05
1208.3,973.62
1211.1,47.825
1214.9,115.71
1215.6,1013.6
1218.7,178.24
1225.3,459.96
1226.5,1235.4
1231.8,906.02
1236.7,840.62
1239.1,446.7
1243.5,1089.5
1241.7,218.62
1245.9,932.1
1246.4,426.17
