6.017,162.18
1.8333,1075.1
10.319,76.057
3.5,804
10.174,459
15.961,1013.7
15.143,753.5
17,843.5
19,299.75
19.361,1074
22.2,165.09
26.62,277.45
30.5,1219.9
41.701,361.45
36.54,495.18
36.672,471.31
41.545,259.81
50.438,579.14
42.823,670.25
42.242,602.31
44.299,124.9
46,390
50.457,194.02
49.69,325.93
50.218,682.47
57.147,468.28
53.459,651.08
55.548,113.29
55,928
62.115,628.17
66.119,1117.1
67.283,478.67
67.441,916.38
70.396,751.7
68,542.25
70.571,569.78
70.574,846.99
74.458,675.55
76.272,726.72
77.398,426.67
83.31,913.64
85.663,565.53
84.452,246.06
90.932,67.464
93.481,547.38
89.8,29.086
89,1044.8
95.054,244.11
92.174,673
99.018,777.33
103.29,363.18
102.12,718.31
101.41,399.61
101.15,874.85
104.01,240.45
109.69,438.14
108.59,126.63
110.27,1052.6
109.67,1092.5
112.68,1137
119.31,3.75
122.09,246.02
126.9,604.95
123.14,630.26
121.25,669.08
126.29,724.56
129.74,419.43
130.87,1100
128.69,578.66
131.63,166.68
136.12,696.26
134.43,978.69
142,293.71
140.09,481.36
151.81,164
154.04,832.79
151.08,447.44
150.71,1119.7
164.35,911.02
159.55,805.5
161.21,481.53
170.43,1114.1
186.2,181.29
187.82,1072.9
188.6,34.009
192.9,446.02
190.35,521.5
195.22,658
194.18,279.3
191.88,962.35
200.95,410.68
205.37,827.69
205.52,159.05
206.09,51.091
214.23,1025.4
218.96,781.56
216.46,1239.5
214.42,429.89
216.59,854.39
217.9,919.77
223.4,296.6
229.1,501.84
228.14,544.15
229.41,287.93
231.64,1181.1
240.38,723.32
244.63,749.56
246.13,883.26
249.29,1050.5
253.56,262.02
257.09,1234.9
254,461.17
254.5,983.5
255.47,547.53
269.16,253.9
264.45,1137.2
269.96,598.61
265.59,520.93
273.52,918.93
270.29,503.65
277.73,1017.4
278.2,147.63
275.69,1038.9
275.5,1222.5
278.91,963.74
283.4,429.6
281.5,180
288,810.55
296.23,558.84
294.41,417
296.32,302.94
296.05,1131.4
295.93,661.44
303.99,15.128
301.52,240.48
306.18,1201.1
307.15,429.5
309.22,589.29
305,605.41
310.61,301.57
317,87.5
317.03,338.9
319.83,404.03
319.78,862.56
326,756.3
325.11,436.33
326.27,155.99
337.69,628.32
340.79,887.02
336.5,397.5
336.73,39.346
343.32,1092.8
340.23,1231.6
346.94,255.73
359.09,520.13
352.61,102.88
355.48,121.14
357.09,797.96
358.11,572.22
359.44,603.24
357.5,876.09
362.33,49.144
362.94,384.07
366.4,10.373
366.73,979.73
381.82,75.264
367.37,873.99
367,1017.4
369.49,661.07
371.37,120.41
377.4,97.039
371.12,771.5
374.58,889.01
374,734
375.47,170.57
380.26,185.48
380.79,1102.3
381.79,1172.2
382.06,606.57
387.84,168.51
389.09,826.42
385.44,1008.9
386.13,702.97
387.74,230.31
401.3,997.18
390.37,182.21
391.75,452.72
392.85,550.42
393,358.5
398.24,340.59
399.58,1241
398.46,620.98
397.33,1176.3
417.14,702.67
404.09,762.73
407.42,350.22
405.44,491.04
406.73,1182.3
408.91,455.75
404.57,792.43
408.39,1103.1
411.61,163.93
411.28,646.4
408.93,1067.3
411.73,101.97
418.14,329.91
418.21,54.14
419.96,1070.7
425.42,735.42
424.74,1209.7
421.11,211.89
425.3,130.34
422.2,200.67
424.95,245.56
428.57,861.14
431.22,37.069
434.77,517.05
437.72,1053.1
433.29,1064.6
436.44,10.164
440.55,51.47
443.79,576.67
447.71,742.72
442.53,986.06
443,795.5
451.12,397.3
450,682.5
450.5,963
454.77,388.84
457.38,472.43
461.67,1104.5
459.9,1238.5
462.39,558.02
459.08,742.56
467.05,262.22
464.2,446.32
472.01,359.79
470.24,1069.2
477.88,978.18
477.67,859.07
476.94,191.94
477.92,1042.4
480.94,40.535
483.3,429.24
480.09,320.56
480.68,1078
485.52,453.66
488.6,162.14
490.68,1217.7
489.85,801.53
498.54,34.454
494,57.5
498.3,125.36
497,469.5
498.08,1030.1
509.22,91.676
508.61,234.61
508.03,1132.6
511.4,268.64
519.46,393.31
516.58,1162.4
518.5,278
522.9,202.28
521.41,430.06
531.06,348.94
527,543
534.62,241.93
534.32,220.09
537.77,514.23
541.22,608.76
541.39,370.9
549.71,855.75
552.38,78.523
549.53,988.74
556.47,447.5
554,431.83
556.84,807.73
558.87,1076.2
563.12,755.46
565.65,228.49
564.52,194.85
574.53,676.14
567.85,604.17
568.5,85.5
571.04,205.93
569.4,739.4
577.42,641.66
579.29,1111.9
579.5,941.5
580.92,1070.2
582.45,972.35
582.56,444.8
583.41,183.93
593.54,805.87
596.74,1147.9
600.21,213.22
607.3,429.52
608.66,971.96
605.08,1229.6
617.85,12.327
617.89,317.59
613.5,44.5
622.44,758.6
621.23,524.06
614.42,1078.1
616.58,175.58
615.42,701.11
618.27,680.17
618.58,1060.8
617.43,280.61
623.39,962.41
621.61,552.43
627.14,1184.6
626.39,38.62
624,24
627.08,1052.4
634.76,848.18
635.61,718.86
637.58,46.895
639.9,1152
642.52,84.025
640.5,361.29
643.15,1132.2
642.39,421.08
644.08,643.96
640.91,729.09
652.58,269.23
647.56,180.61
649.9,810.7
650.43,291.61
652.91,939.57
652.63,139.54
652.13,1238.8
660.83,594.35
659.42,627.91
660,1122.5
663.13,188.5
664.91,377.31
670.53,233.76
664.56,758.46
669.61,121.61
667,387.5
671.21,1244.4
672.45,253.91
672.66,406.47
671.34,936.26
672.43,78.609
674.96,1212.3
674,26.5
675,672
683.04,425.73
679.12,652.88
682.5,294
684.27,100.28
685.27,277.55
687.23,402.92
687.17,669.93
704.08,903.65
693.62,1236.4
694.56,203.77
695.29,752.12
696.62,1212.9
693.28,1222.5
693.42,1167.1
696.63,803.3
704.67,260.67
702.31,599.2
700.57,141.61
706.15,1184.6
709.33,189.38
706.42,210.68
707.22,693.14
710.57,365.07
715.86,328.88
712.09,311.09
714.55,957.66
713.41,1242.1
714.68,775.84
716.77,468.4
719.49,834.63
724.73,223.12
723.96,47.157
722.58,7.1053
725.17,132.88
730.21,699.04
729.29,567.43
730.36,741.42
735.89,190.46
733.95,549.82
737.47,24.293
740.78,751.81
738.11,112.93
739.24,147.33
744.78,205.1
756.55,547.2
751.19,1020.7
759.31,807.85
755.93,35.593
756.81,647.35
757.85,1054.4
763.52,135.62
763.34,1225.4
767.46,772.79
771.48,39.2
772.57,1045.1
776.27,211.2
785.01,44.454
785.09,81.336
786.32,240.83
789.87,624.32
791.88,679.5
790.58,1046.9
793.23,217.27
796.37,116.24
798.26,736.94
801.02,1116.8
805.74,572.74
806.6,1074.6
812.49,816.25
811.55,502.97
813.76,1188.8
815.75,41.306
824.21,166.54
819.44,627.96
819.54,1075.1
825.24,140.17
829.51,84.92
830.89,1183.7
834.63,154.44
838.49,573.76
836.2,941.8
834.8,1128.6
838.69,822.07
841.6,747.6
849.56,71.269
847.16,143.25
845.39,785.89
848.43,1191.5
855.61,1233.1
852.56,842.8
855.24,370.18
855.02,772.62
859.12,116.19
854.58,224.89
858.4,750.99
873.36,997.49
880.29,1153.2
875.5,1193
879.5,352
884.52,1051.5
886.87,78.027
891.52,568.37
887.91,923.91
891.6,959.18
889.89,104
898.81,90.757
898.59,897.44
902.37,674.39
908.28,119.13
907.41,233.59
911.43,12.054
917.8,629.45
912.4,705.64
913.84,220.35
914.65,527.14
915.41,684.07
915.84,1052.4
918.5,246.5
923.44,904.03
921.16,556.07
931.21,932.48
924.01,997.42
933.85,739.91
926.41,390.06
932.4,1093.8
929.31,526.16
943.78,406.82
939.91,994.27
938.28,588.12
940.5,357
944.82,200.4
952.47,236.09
952.19,179
951.67,1114.8
955.41,357.59
956.09,716.91
961.29,669.76
961.84,555.25
961.32,858.65
960.85,1032.1
962.45,1160
964.45,7.2586
974.41,902.31
971.5,723
978.39,483.1
973.91,984.91
974.57,1002.4
979.76,179.7
983.07,1226.4
981.65,136
984.81,1157.1
990.29,88.655
990.92,396.08
993.19,756.76
994.84,932.96
993.87,661.72
1000.1,501.79
1002.3,674.06
1007.7,963.61
1010,429.26
1011.5,532.97
1011.4,1040.8
1014.5,492.64
1011.4,789.85
1014.8,583.37
1017.8,558.39
1015.6,1175.6
1025.4,320.3
1020.6,754.93
1028.9,529.31
1028.7,1030.9
1031.3,53.655
1030.8,153.93
1030.6,355.07
1029,565
1033,109.42
1031,556.5
1040.9,684.91
1044.6,14.724
1040.1,487.05
1042.6,157.11
1044.8,1241.2
1044.9,741.63
1048.2,1046.4
1046.2,1101.1
1052.4,457.09
1047.4,542.11
1057.7,395.81
1061.3,903.91
1051,815.5
1053.6,374.05
1053.6,993.44
1054,217.88
1054.6,1129.9
1058.9,183.5
1060.8,267.68
1059.3,337.03
1062.4,1035.5
1065.9,430.87
1068.8,195.12
1073.3,1235.4
1086.2,476.4
1074.2,521
1075.1,702.91
1084.3,1058.2
1077.1,1178.7
1080.2,1015.6
1085.1,301.05
1084,914
1089.2,82.393
1088.3,848.23
1089.1,363.01
1092,397.39
1089.4,922.86
1093.3,1102.6
1096.6,104.56
1091.1,499.91
1098.3,31.214
1100.9,418.85
1097.7,185.89
1101,715.72
1099.6,455.75
1100.3,158.45
1109.5,602.49
1101.5,967
1104,739.71
1103.6,17.895
1108.1,935.6
1110.6,876.52
1112.5,1048.4
1107.4,999.89
1109.4,118.06
1115,189.83
1112.9,285.06
1118.8,1212.4
1119.5,389.53
1124.5,356.83
1124.3,977.17
1122.5,292.88
1122.6,548.89
1131,99.741
1128.7,130.74
1128,464.5
1134,1136.8
1137.7,222.52
1140.6,318.52
1136.6,920.51
1138.6,37.442
1140.1,81.461
1140.2,870.58
1141.6,659.5
1139.4,714.11
1142.7,994.37
1142.3,21.869
1141.5,333.25
1143.6,1077.2
1167.3,483.1
1144.1,803.09
1144.1,1097.1
1148,272.93
1147.5,894.38
1147.1,344.82
1150.5,392.72
1153.8,32.451
1156.3,1141.8
1159.8,186.11
1156.9,203.52
1164.4,584.83
1159.7,616.8
1162.5,978.5
1170.5,385.72
1169.5,29.707
1174.8,1193.1
1175.5,661.69
1175.8,770.1
1178,52.356
1177.7,336.46
1187.9,105.4
1182.8,170.58
1176.8,569.56
1190.5,229.69
1184.9,437.56
1191.7,817.09
1198.8,1048.2
1188.3,11.286
1201.9,56.925
1197.9,265.13
1199.8,177.19
1211.4,997.86
1199.5,1218.5
1205.1,20.28
1202.8,756.03
1206.4,635.53
1204.5,589.73
1209.5,829.1
1212,543.55
1216.9,586.19
1216.8,1049.6
1221.1,596.14
1221.6,318.11
1225.2,710.2
1228.3,182.47
1224.1,848.59
1226,933.24
1226.6,258.94
1230.1,781.58
1228.4,997.12
1239,143.72
1230.5,278
1234.9,315.2
1238.6,690.5
1232.9,622.08
1235.4,129.54
1234.2,216.74
1240.6,527.93
1240.1,1027.7
1243.9,326.98
1243.3,1187.3
1242.5,759.5
1245,403.12
1245.4,917.85
