27.313,135.45
1.5,213.5
3.5045,256.33
4.1688,292.9
10.618,402.69
37.827,474.68
1.5,594.5
1.5,602.5
4.2162,714.54
5.5056,743.58
24.408,773.4
12.923,936.73
7.4925,581.7
7.759,1017.9
6.0476,1037
25.6,1037.9
14.136,62.644
12,627.88
22.113,800.94
35.008,3.576
31.213,265.04
32.865,811.6
31.852,572.66
30,724
32.429,718.95
39.654,930
43.818,268.27
74.635,188.56
129.6,572.35
48.695,971.25
62.092,737.87
60.257,894.15
74.322,559.21
61,959
67.667,273.25
67.484,346.16
46.881,41.617
74.306,864.86
83.192,105.62
101.61,292.62
102.2,455.08
98.993,821.94
93.181,848.21
94.067,962.68
100.25,2.2917
109.32,64.545
101.35,550.8
108.31,666.12
104.62,160.58
101.57,177.33
102.32,969.8
106.51,884.34
110.33,104.84
130.85,172.55
112.46,866.88
157.92,1028.7
120.5,287
214.49,847.13
125.7,99.2
136.9,291.6
136.51,835.74
130.63,30.085
130.29,425.97
128,440.5
130.36,279.5
133.13,122.11
133.95,366.91
169.99,383.11
147.37,434.85
150.44,184.38
149.67,83
167.95,202.67
155.35,15.731
161.58,4.2436
172.82,112.09
173.72,703.99
171.65,344.12
174.83,651.33
172.87,438.68
174.78,149.65
180.61,723.7
208.93,1110.5
235.43,949.6
194.71,675.13
190.65,1099.5
196.48,217.52
191.54,647.46
203.69,793.03
195.28,488.58
229.65,406.05
208.42,179.7
215.27,368.96
207.75,152.83
213.35,497.65
221.47,210.84
216.14,107.05
213.87,682.23
225.64,46.16
229.8,739.24
231,378
235.66,183.02
242.73,585.99
240.47,1011.5
298.86,82.949
246.16,555.84
250.6,371.39
245.18,712.14
248,1.5
254.21,215.71
291.86,645.19
257.29,302.37
260.79,608.29
265.09,561.12
271.44,498.66
283.91,727.67
276.58,1036.4
298.83,564.41
296.37,689.79
286.6,1200.6
292.12,943.91
305.46,216.75
294.87,1171
293.76,195
298.88,1050.5
314.52,892.5
349.75,725.26
313.74,816.31
319.18,487.71
320.02,360.55
396.2,83.825
325.4,1141.6
329.2,263.03
324.18,892.55
339.28,290.92
338.69,463.9
339,281
355.86,865.73
349.94,906.11
347.67,687.25
347.5,319
351.78,547.09
351.67,562.17
352,64
355.02,1205.2
362.66,349.54
358,617.5
394.19,1184.4
369.92,71.15
361.53,1327.9
359.57,82.609
361.6,229.6
372.33,462.32
363,942.14
380.5,971.98
373.33,2.0962
369.84,506.78
385.28,817.4
430.33,241.41
386.43,753.45
382.13,680.11
396.01,1308.4
394.1,691.42
395.58,899.97
382.91,24.909
383,858
393.58,1027.4
388,503
390.58,512.5
390.05,386.26
390,495.33
391.5,483
394.83,3.7667
399.35,713.49
405.01,1245.4
401.51,589.2
406.3,464.58
409.96,648.69
422.08,809.75
403.89,769.42
406.15,411.48
407.09,560.16
415.94,499.59
413.41,440.07
551.26,1009.3
430.91,942.24
424.24,167.81
428.52,344.73
436.98,455.86
430.08,723.05
431.08,859.33
591.3,679.79
440.17,421.56
439.61,612.12
441.18,1012.3
443.21,117.21
452.96,498.73
450.29,1043.8
453.79,1122.3
450.92,60.918
510.2,317.64
450.52,1283.6
455.53,1088.4
458.52,807.31
454.5,642.5
473.21,526.49
482.2,49.951
472.24,1287.6
472.45,564.29
478.88,482.4
477.74,3.2131
486.13,1132.9
476,87
482.35,650.97
513.59,581.66
486.47,1229.5
507.3,17.533
550.53,167.03
492.56,1085.4
498.61,738.5
504.26,145.26
550.9,507.66
505.57,1028.7
512.75,1052.9
506,159.65
508.95,1176.4
511.94,102.86
519.69,840.5
521.85,1090.7
516.7,458.72
512.09,337.12
517.48,645.91
514.4,1136
515.58,435.45
521.2,54.16
523.27,40.451
535.13,1177.5
533.88,962.5
536.94,846.74
534.68,1052.3
539.84,1211.6
536.74,459.95
553.64,274.06
546.78,643.11
543.05,1036.6
545.47,248.48
546.33,868.68
544.69,350.26
546.04,942.76
562.85,821.86
548.6,471.4
550.67,1121.2
567.81,286.79
555.58,250.42
558.5,1.8
561.94,659.49
572.23,1207.7
588,445.22
577.13,735.23
639.5,157.1
586.27,877.28
575.94,853.81
586.03,413.38
587,898.5
634.65,1292.5
592,1129.5
599.82,83.863
613.93,42.262
602.26,803.58
607.97,373.96
612.97,474.92
608.5,1095.1
635.05,1108.5
608.29,134.54
605.73,949.24
606.5,457.5
620.9,811.83
612.44,300.16
625.04,881.17
622.42,105.98
633.8,376.66
629.1,293.21
736.19,851.79
633.1,1058
640.51,535.08
643.68,242.51
642.17,1053.3
642,254
648.31,462.78
646.12,221.93
661.32,517.65
660.84,489.98
663.44,481.51
679.24,1059.1
684.12,1103.5
680.5,1254
690.74,351.76
690.61,1224.4
689,1279.5
688.18,2.9487
686.96,419.92
692.55,671.82
709.81,605.8
700.59,216.7
697.74,547.35
700.87,791.31
701.22,1077.3
701.54,533.85
754.7,685.23
708.51,1064.9
716.6,744.16
714.41,1118.6
720.89,950.26
718.83,420.25
721.71,1205.6
727.89,13.425
726.53,989.16
728.6,87.891
722.72,154.22
726.76,620.27
727.62,1105.2
727.41,519.48
731.19,1034
747.31,843.3
814.42,1237.4
739.95,1194.3
739.4,827.6
752.19,71.64
754.81,489.72
748.01,588.67
755.24,549.48
747.62,449.42
745.91,950.05
746.56,990.2
749.86,791.07
753.11,352.58
756.14,768.14
762.54,802.4
764.95,1066.9
760.37,1229.9
764.73,757.74
758.6,1200.9
769.14,584
773.96,351.59
798.17,39.542
777.57,245.11
794.72,1211.1
806.71,307.29
802.53,375.34
806.24,382.29
814.29,715.04
812.17,617.56
814.64,1182.5
812.67,396.38
822.34,284.52
820.11,735.87
842.79,1306.1
820.32,359.92
823.51,599.66
881.57,565.26
840.32,432.62
838.72,401.09
847.34,701.58
844.24,1034.5
852.76,288.4
845.46,392.79
854.24,909.42
885.7,812.08
881.78,446.19
856.06,66.645
864.43,3.4333
866.69,1251.8
874.34,964.09
876.87,1231.9
906.95,630.55
875.05,654.09
884.45,1098.4
880.16,267.59
898.14,1080.9
890.51,861.44
889.09,1192.8
888,1198.5
919.9,697.4
952.22,71.432
894.92,908.08
898.96,936.82
926.8,425.29
908.21,1199.5
921.36,940.87
943.55,449.56
934.15,1068.8
934.61,907.35
934,1239.4
941.64,1090.2
949.72,907.59
952.38,1115.9
954.33,385.17
954.88,649.77
1021.2,1139.3
965.55,16.582
970.76,451.73
973,1140.5
994.61,1250.5
986.01,683.78
981.97,1153.9
1003.9,820.17
990.16,416.59
989.05,451.35
998.38,915.56
1105.7,988.42
1003.2,625.87
1006.5,479
1034.6,454.81
1015,597.53
1019.2,1241.7
1019.9,285.73
1023.4,606.69
1019.5,1212
1028,259.73
1020,460
1022.5,1090
1044.3,867.46
1046.2,1296.4
1025.3,641.4
1026,1060.5
1032.8,241.04
1040.9,804.76
1033,593
1038.1,68.8
1040.6,1097.1
1042,1262.6
1044.9,1055.4
1046,89.923
1078.7,532.25
1061.7,675.57
1048,1273
1053.5,232
1057.1,250.21
1061.2,147
1063.8,90.514
1067.6,60.436
1071.3,874.35
1079.5,341.77
1081.9,615.04
1078,413.12
1077.1,1003.6
1111.5,60.512
1102.1,126.82
1113.9,188.37
1120.6,253.28
1106,1156.5
1107,152
1109.8,864.79
1120.8,534.45
1118.4,137.83
1133.5,704.96
1122,1220.8
1121.5,1143
1144.8,1156.6
1133.2,1130.2
1135.7,506.58
1135.2,325.53
1137.9,121.66
1135.4,403.6
1142.9,230.52
1143.6,1117.1
1149.7,1107.7
1186.7,68.874
1154,499.81
1158.6,131.11
1162.4,1228.8
1170.7,96.91
1166.4,711.5
1181.2,676.46
1197.5,1045
1179.6,280.08
1183,418.33
1192.8,829.13
1196.5,616.66
1209,436.86
1196.9,295.53
1194.1,145.86
1204.3,1159.1
1219.6,186.34
1214.7,311.55
1211.6,919.01
1217,561.42
1215.2,1136
1250.5,980.13
1230.3,518.8
1236.8,590.56
1282.1,893.1
1236.4,1089.1
1236.1,231.74
1268.9,479.93
1243.2,1097.9
1245.5,498.36
1261.7,432.21
1266.5,1061.6
1274,653.41
1305.9,321.83
1295.9,85.982
1302.2,1299.6
1298.8,1003.1
1302.7,961.71
1308.8,672.57
1305,634.5
1319.6,618
1318.7,718.29
1322.6,2.78
1327.3,973.84
1324.7,657.22
1329.9,109.04
1329.9,45.58
1330.5,592.38
1330.7,210.54
1331.5,814
