4.9545,526.81
6.7273,983.55
27,427
31.897,384.08
31.659,1009.4
38.22,937.85
38.774,588.34
39.109,793.63
42.304,1025.6
47.799,67.317
48.628,202.29
51.835,245.46
48.367,654.53
52.329,381.48
58.056,1239.3
54.075,1031
60.503,323.52
58.778,971.56
77.133,487.45
80.227,465.77
86.5,806.5
90.267,1173
92.146,269.27
99.657,474.07
101.6,593.12
114.34,405
119.31,128.52
119.52,730.44
121.82,213.47
123.54,369.93
125.71,444.96
130.45,41.506
130.18,228.71
136.46,570.99
144.03,1083
151.5,1105
163.22,921.39
166.89,1159.4
166.1,284.1
171.58,981.55
174.44,681.35
173.93,634.73
174.78,218.14
180.89,337.09
181.5,264.5
186.92,424.08
194.07,204.68
196.2,857.89
198.5,470.16
199.83,83.289
196.69,24
201.55,561.47
204.73,500.29
205.81,995.99
209.32,1244.7
215.52,416.45
216.65,1185.5
224.91,634.69
224.29,818.25
228.12,850
235.48,1091.8
238.54,267.95
246.43,786.47
254.08,563.9
256.07,460.11
259.37,205.63
263.33,305.74
260,1168
262.79,871.42
275.57,1246.2
280.92,136.13
283.31,481.06
283.41,658.81
285.43,264.95
286.58,219.89
290.47,242.72
291.07,816.07
314.27,919.4
313.5,275.14
317.5,61
321.44,1093.2
325.1,326.22
327.62,129.02
327.06,240.67
341.68,1187.9
345.13,219.33
354.65,395.96
357.12,760.6
355.94,790.91
370.23,115.23
361.5,130
366.98,479.81
371.6,292.68
378.69,727.06
381.03,79.939
386.8,200.03
386.43,442.55
389.51,1030.8
389,240.25
392.91,614.09
395.09,1000.3
395.73,595.73
398.53,1204.5
404.65,910.65
416.91,202.25
416,704
420,1107.5
425.65,514.69
424.44,807.54
428.94,576.12
429.85,381.22
428.08,543.08
432.5,748.64
436.62,907.38
437.21,442.4
437.84,718.31
433.42,1123.1
441.41,775.45
439,1121
444.37,591.17
450.84,743.65
454,376.74
457.14,1245.9
456.39,756.01
463.64,105.77
466.71,228.3
466.86,643.36
470.23,663.63
472.76,1109.6
474.1,713.82
478.86,613.5
480.09,765.91
487.15,802.35
492.33,1220
492.42,27.312
493.14,880.07
499,353
504.64,66.553
503.39,1075.9
521.5,689.5
522.97,858.63
525,405.12
524.79,449.03
528.57,503.82
530.62,1185.2
527.4,57.625
527,330.5
541.74,184.75
546.27,295.21
558.7,38.256
561.02,938.25
564.71,717.02
566.43,923.68
578.72,354.12
587.92,869.95
584.58,1018.6
590.56,271.27
595.11,203.45
593.91,353.05
609.92,462.96
610.32,792.96
614.42,436.11
620.94,768.23
619.95,517.08
627.42,1054.3
645.76,1057.8
649.5,195.5
651.45,931.23
657.46,30.52
654.72,720.95
659.15,481.53
657.25,229.5
661.43,665.38
664.01,690.17
667.47,93.888
675.76,127.76
675.94,567.69
677.58,299.45
682.12,339.58
684.13,267.67
694,1133.1
694.48,808.29
694.65,699.5
697.62,1164.2
701.38,389.66
697.09,486.09
707.54,269.92
708.04,667.66
710.44,439.9
708.31,486.91
715.63,706.42
719.44,1186.9
726.42,99.105
734.2,630.55
734,924.53
732.05,1173.1
734.77,1043.7
735.05,1098.4
740.67,501.09
744.87,286.33
746.31,1147
749.07,997.98
749.58,417.05
749.09,887.09
775.87,1008.5
778.2,252.07
782.7,628.93
778.43,1234.3
784.22,968.88
784.68,234.38
802.09,409.13
806.19,1126
812.5,471.5
814.95,788.07
819,377
822.57,144.94
821.89,1054.4
833.6,610.11
835.91,1035.1
845.17,459.46
847.14,650.5
852.41,16.402
850.7,734.54
851.72,849.86
853.43,1011.4
858.2,415.84
855.5,709
858.5,988
866.14,1058.9
865.5,400
869.71,871.5
870.97,185.07
880.41,596.37
879.74,1206
884.69,200.93
894.56,148.76
893.5,495
899.48,1054
900.96,1009.8
902.78,490.97
905.13,838.87
906.73,1075
910.62,386.25
915.32,20.986
909.57,589.04
912.09,203.91
915.44,681.72
918.58,1102.5
925.3,202.17
926.58,173.11
940.29,490.29
943.09,766.88
945.16,877.65
947.67,158
953.92,343.73
952.02,1237
953.64,506.95
954.42,446.39
958.23,1097.8
958.94,899.59
959.09,1202.5
967.94,436.85
966.37,556.63
968.39,1144.1
975,746.5
981.96,175.63
976.91,1158.9
985.33,1133.6
988.42,546.24
993.5,92.5
994.07,184.41
1000.3,660.23
1004.8,334.07
1006.6,687.26
1008.1,461.07
1011.8,245.08
1014.7,62.664
1016.4,865.15
1015.2,809
1023.6,502.28
1025.2,602.3
1024.5,1062.5
1028.3,15.059
1039.4,407.07
1049,25.429
1045.5,717.64
1047.7,1095.1
1056.5,1158.2
1057.1,809.41
1061.6,713.4
1065.1,1116.4
1066.9,672.1
1074.7,367.67
1078.9,177.21
1082.8,630.06
1087.2,1085
1087.1,148.74
1094.8,1218.6
1096.9,970
1094,228.57
1102,500.87
1107.6,1033.4
1111.8,826.93
1124.6,613.27
1126.5,645
1128.4,912.76
1130.4,661.95
1133.2,1205.9
1135,270.5
1138.5,864.29
1139.4,636.37
1140.1,734.5
1144.2,424.59
1151.7,347.73
1155.1,563.87
1158,221.06
1158.9,68.593
1166.2,521.57
1175.1,737.37
1171.8,629.93
1173.9,970.54
1177.2,4.4
1182.7,606.5
1189.6,968.34
1189.1,989
1195.8,1069.3
1208.2,125.94
1209.4,169.95
1206.2,721.77
1213.1,839.53
1212.4,689.92
1218.5,1185.3
1220.9,289.04
1243.4,931.63
1246.3,238.59
1246.7,851.09
1247.2,511.89
