1.9091,233.5
4.7959,898.31
9.2899,147.33
22.67,164.28
27.63,343.7
32.515,59.041
32.525,465.73
45.952,542.48
51.588,1057.9
55.233,614.37
54.471,210.15
56.125,338.5
68.581,651.24
74.442,531.67
78.772,885
83.99,1186.8
83.31,1045.1
83.891,645.63
90.579,1102.9
92.421,541.89
103.5,1119
105,547.5
109.98,997.87
110.33,1231.5
118.66,841
137,1068.3
135.33,454.62
138.5,522.14
146.61,81.893
146.12,508.61
145.45,979.03
149.53,660.87
150.89,829.01
154.6,19.083
152.76,902.74
156.65,1029.5
170.88,974.33
168.01,845.86
179.21,435.1
174,1227
174.67,362.06
179.71,505.71
182,993
182.5,836.5
197.33,646.1
196.5,518
199.14,622.57
205.39,1021.4
211.31,966.42
213.33,1074
223.9,493.38
236.98,1093.9
242.6,974.6
267.17,771
270,990
279.52,598.04
289.14,351.5
299.9,296.98
298.5,311.5
303.05,905.85
302.26,542
303.09,780.91
306.15,86.061
322.21,600.41
320,338.67
322.99,700.8
327.59,963.93
333.5,188.59
334,350.17
337.18,234.34
344.46,325.46
363.94,304.17
378.03,1083.5
379.09,288.91
380.61,451.86
393.28,572.53
397.16,734.95
413.94,306.48
415.95,284.17
415.8,765.91
427.15,405.07
435.1,611.74
435.61,523.16
447.28,880
456.68,1045.6
468.46,386.53
475.82,86.469
474.31,1122.6
477.71,1182.1
479.29,818.29
482.76,363.03
486.66,1121
494.13,946.4
489.42,1101.3
498.81,263.5
498.31,888
508.12,185.55
522.57,1054
523.5,1147
532.71,271.55
531.93,1129.6
535.2,185.99
536.35,639.67
534.42,418.89
546.88,305.94
551.5,1113.5
557.44,732.67
571,352
577,898
576.45,995.41
579.48,796.8
586,1105.5
597.58,227.94
601.6,125.5
598.93,323.41
602.78,620.45
608.76,533.54
609.42,651.62
614.34,33.531
613.94,1080.9
618.32,290.2
621.25,816.84
623.14,380.5
636.37,123.43
635.64,922.79
634.5,331
644.09,1044
647.31,278.46
666.35,232.04
668.87,38.554
675.42,435.48
681.06,256.45
689.44,23.048
688.96,642.81
693.78,1185.5
694.36,269.3
702.58,799.23
697.25,316.54
704.08,1214.9
703.37,409.13
709.91,297.91
718.46,714.91
727.87,757.71
732.7,273.05
739.83,673.81
747.85,551.8
752.18,192.05
756.43,1185
759.57,747.83
765.5,581.5
773.06,780.19
769.07,357.41
770.86,955.75
776.09,340.91
777,394.24
781.96,1073.5
788.6,728.89
790.88,791.18
791.09,1136.1
797,438.5
798.55,1224.4
817.57,956.47
820.21,163.86
821.77,817.45
822.42,473.85
826.68,316.74
824.5,1155
838.95,429.16
840.89,964.68
844.17,134.75
848,1051.5
850.23,1242.8
853.92,489.56
864.46,600.96
865.88,287.88
868.46,302.26
869.47,816.84
872.61,139.19
874.25,749.75
875,722
881.85,1065.4
880.52,787.09
882.68,184.05
890.81,498.07
895.45,666.41
898.67,37.167
900.97,286.95
901.79,958.84
904.37,853.38
903.56,263.92
906.8,1185.8
907.42,177.89
909.14,221.5
939.63,249.37
939.07,913.59
946.39,197.48
946,756
947.78,458.62
958.58,337.8
953.37,1117.4
959.58,759.12
954.58,707.89
961.28,153.2
961,810
961.07,1141
961.41,11.074
965.84,683.11
964.5,792.5
969.79,697.76
970.07,579.69
974.59,510.02
976.6,7.7444
978.31,905.04
980.88,635.37
984.81,468.6
984.59,606.22
984.04,678.6
986.6,807.4
989.13,1082
994.56,311.08
1005.2,709.87
1003.8,129.14
1012,248.36
1015.4,745.5
1014.1,432.59
1018.2,715.27
1018.5,993.66
1032,584.36
1021.1,770.41
1035.8,69.423
1044.5,94
1046,1187
1049.6,438.03
1046.4,481.86
1051.6,908.83
1057.5,24.734
1064.9,850.91
1082.1,994.5
1084.4,909.05
1085.7,312
1092.1,1164.3
1093,746
1095.5,287.58
1102.8,444.34
1103.5,501.22
1108.4,634.89
1118.2,56.436
1133.5,206.5
1147.2,1208.3
1146.9,807.41
1160.9,795.2
1172.3,388.15
1170.8,754
1176.4,214.14
1182.2,844.07
1189.8,255.43
1193.9,658.96
1192.7,500.74
1205,1099.9
1232.7,652.47
1234.7,972.22
1245.3,700.47
