12.128,348.57
4.3882,728.71
29.762,825.9
15.032,1000.6
3.1071,1212.4
2.7736,1240.1
9.2414,382.17
11.141,241.78
21.739,950.5
25.149,1261.3
31.548,372.03
26,1227.5
27.08,752.72
32.632,1150.1
78.613,200.18
99.627,823.14
44,310
122.01,124.31
52.366,260
56.662,329.21
62.088,1299.7
56.545,282.09
86.102,353.39
78.094,1316
64.564,238.44
65.556,254.78
82.784,930.89
85.556,475.11
105.21,753.07
102.11,455.59
121.38,1288.2
121.02,1266.4
132.9,233.98
149.95,157.91
159.4,139.36
186.27,46.744
187.39,3.75
214.97,103.13
247.77,1277.3
302.38,487.31
324.05,430.55
356.72,30.618
462.74,292.64
347.88,524.38
348.5,513
384.41,446.89
383.28,64.185
376.57,755.38
407.73,32.57
402.5,398
408.98,699.7
434.87,569.49
413.79,47.843
422.9,3.5333
448.36,309.99
447.98,678.62
464.05,698.77
472.12,23.75
481.3,1279.7
498.33,432.31
507.36,716.62
553.63,760.8
531.4,56.04
544.47,111.86
553.38,362.57
548.79,711.13
551.61,182.69
553.18,1118.5
553.72,222.37
572.42,1246.1
597.2,288.14
601.25,159.4
622.57,792.64
644.31,335.11
645.13,810.54
640.16,431.04
687.92,367.34
686.57,487.61
711.2,1321.6
696.27,1308.7
696.9,1293.8
708.48,565.51
712.81,1196.5
716.48,520.16
716.81,1215.2
722.93,1082.6
745.43,175.43
727.98,556.31
745.31,805.37
732.86,568.86
746.23,1329.2
757.88,630.63
742.92,284.65
782.2,1127.6
752.78,558.94
759.69,370.38
757.58,403.53
780.33,405.68
780.45,336.5
781.24,349.71
785.56,364.63
840.75,724.26
792.63,603.9
789.1,1006.9
798.02,973.4
811.31,1012.7
817.44,1087.6
821.65,381.32
820.42,910.47
836.03,1136.7
854.73,912.9
888.73,951.91
861.25,976.23
906.61,819.85
950.82,773.39
923.89,1052.8
924.3,1093.5
925.57,1303.7
928.86,915.16
937.97,397.84
933.94,514.95
938.18,1045.9
945.59,1104.8
951.89,535.74
952.17,1024.2
949.15,1330.4
959.9,1186.9
957.09,1085.4
960.45,1106.4
967.06,1308.6
969.43,806.44
965.09,1009.2
987.53,1119.9
981.44,1232.8
996.29,1279.7
971.92,1329.6
995.35,1086.1
991.06,1207.1
1064.7,872.04
1002.8,753.57
1021.3,495.42
1017,917.56
1019.6,745.41
1023.5,715
1059.4,1119.5
1062.2,158.81
1057,963.56
1068.1,1156.8
1074.6,948.19
1090.2,1252.7
1102.9,1185
1106.5,164.47
1096.3,241.64
1103.8,1004.3
1109.2,1087.8
1215.4,1125.9
1123.5,878.4
1154.6,803.79
1122.7,589.9
1130.2,59.626
1132.7,605.48
1146.1,1027.4
1148.3,1047.7
1146,1330.8
1150,634.14
1155.1,887.52
1163.6,1060
1218,696.73
1178.6,652.1
1220.1,556.49
1219.2,58.023
1216.9,1324.6
1221.2,928.2
1219.6,955.87
1221.5,806
1258.6,1103
1243.3,1210.8
1245.6,1159.2
1243.2,1137.8
1248.7,991.53
1263.5,1221.4
1273.1,79.138
1299.8,1242.5
1308.1,1251.7
1318.6,5.108
1311,745.52
1327,1260.9
1330.3,1182.4
1329.3,84.569
1331.1,882
