4.8977,64.045
2.5714,436.71
3.1739,728
5.4808,1004.6
23.896,802.62
23.783,1212.9
27.912,864.12
30,478
30.886,1143.2
34,1039.2
41.947,62.174
54.837,907.57
57.474,725.95
69.195,340.04
69.905,689.94
79,340.83
87.972,1148
88,1220.2
89.05,1167.3
93.255,964.25
99.946,991.31
98.5,382.5
102.58,1018.6
103.05,316.3
108.19,331.07
103,502.5
107.62,232.31
108.58,391.58
114.19,1071.8
119.09,1113.9
126.14,461.87
127.11,788.63
127.45,1127.7
137.82,50.736
141.96,252.75
145.02,604.06
149.57,1126.5
156.43,34.705
156.1,762.35
170.34,191.15
169.29,293.29
172.25,725.93
178.71,401.45
181.29,700.5
197.17,572.57
202.27,965.69
201,1092.5
207.39,36.532
211.34,1042.7
211.53,376.42
219.93,794.41
232.07,78.407
240.86,161.21
239.17,66.298
240.84,1122.6
245.04,711.29
244.07,239.59
251.45,519.54
256.8,43.055
259.63,476.55
262.41,295.35
269.61,5.1389
275.5,133
280.61,1044.4
283.98,6.2717
287.4,333.03
290.5,146.5
297.14,407.43
295.91,175.09
303.72,540.29
312.42,128.83
321.32,1182
322.1,428.62
325.63,111.46
331.59,84.103
337.68,38.944
341.97,616.58
344.26,676.95
342.5,944
350.3,1117.8
349,46
355.06,1082.4
353.37,695.37
375.11,1239.2
377.01,379.82
388,54.756
388.5,898.5
390.08,810.92
394.86,131.58
394.68,555.78
398.81,311.98
396.42,914.89
405.39,1234.2
403.8,967.72
412.14,71.933
420.54,52.386
422.13,394.13
425.5,1237
431.5,492.5
436.84,25.774
452.06,10.913
474.64,752.41
483.16,89.633
485,234.76
490.27,947.23
494.57,865.47
505.55,815.71
509.89,301.68
512.91,496.35
510.85,604.42
522.61,1074.6
525.44,352.08
530.5,507
538.61,11.139
542.55,72.636
545.14,304.23
559.34,623.08
560.93,1164
567.08,15.44
574.63,234.18
576.2,728.7
579.44,814.03
581.13,1065
586.39,9.5422
594.35,62.636
604.63,330.16
615.02,189.59
630.5,1201.5
642.5,361.86
640.67,68
655.58,782.06
661.09,171.09
662.6,626.89
662.42,746.42
664.83,343
667.39,65.861
670.82,131.39
670.56,1006.9
676.16,634.86
680.36,800.72
687.26,521.97
697.7,913.39
697.07,1071
698.78,167.54
712.1,1054.3
712.91,206.1
716.74,883.14
720.17,356
733.91,281.91
747.65,301.98
746.24,201.51
753.35,329.06
756.47,392.16
770.56,1163.9
770.42,1020.9
784.58,1210.1
793.86,178.54
794.92,117.8
805.4,845.54
807.42,380.55
810.74,460
816.38,121.62
825.67,1224.3
823.09,1106.9
835.33,879.44
843.43,368.72
839.93,1081.4
846.05,1194.5
849,1157
847,1223.3
861.71,492
864.15,179.97
866.43,1085.4
870.13,3.3944
887.58,279.11
892.83,1098
906.15,376.98
907.23,131.88
908.93,1212.6
927.36,933.11
927,1054.8
929.48,904.37
939.57,1237.9
945.46,319.84
946.58,675.58
949.81,931.65
947.96,1216.5
953.01,190.86
959.98,91.094
959.33,1235.4
967.39,767.5
966.19,895.35
973.47,501.32
977.34,1153.1
978.61,337.68
984.67,749.73
990,507.66
990.46,1048.1
992.9,902.78
998.74,295.19
998.97,1150.6
1014.1,125.62
1031.1,450.88
1038.2,841.42
1035.5,1030
1042,404.62
1049.4,1092.6
1052.9,432.11
1056.2,38.972
1063.3,1162.5
1063.2,176.93
1065.2,704.7
1070.7,667.34
1071.2,807.87
1077.4,566.53
1078.2,735.57
1076.6,485.61
1088.6,975.45
1092.1,93.096
1101.3,616.71
1107.6,510.83
1117.1,1090.6
1124.4,419.39
1128.7,449.32
1128.9,1232
1133.4,859.11
1136,1190
1164.1,879.65
1181.2,953.05
1181.2,1075
1184.3,113.47
1184.9,793.58
1196.7,792.33
1191.3,569
1198,750.81
1198.5,772.5
1205.5,691.68
1204.7,953.78
1206.1,1070.6
1210.9,428.94
1231.2,717.51
1233,574.43
1233.6,497.63
1243.3,746
1246.2,634.83
1246.2,938.67
