9.65,690.23
6.3333,1106
7.5,959
16,62.873
15,1099.7
14.93,615.53
21.863,1181.9
22.936,266.3
26.734,333.56
25.5,356.5
33.14,709.53
35.344,107.15
38.353,16.667
42.539,529.8
46.161,954.51
42.679,1053
50.817,517
51.462,837.87
51.817,723.66
51.868,1018.6
54.083,853.92
59.667,773
72.5,842.31
78.145,3.6909
86.541,269.93
87.961,1123.6
92.554,1137.7
109.19,573.02
113.32,942.95
116.61,260.96
117.55,233.91
119.01,43.204
119.37,1027.5
119.36,831.2
121.93,101.02
125.51,367.83
126,988.5
129.34,1151.4
135.65,1099.1
139.67,477.99
146.28,926.08
156.52,1136.5
149.84,452.35
154.78,137.42
160.6,77.526
158.02,56.426
165.97,863.32
163.83,1041.6
170.94,441.68
167.7,744.08
169.45,985.55
175.42,727.58
180.07,696.81
179.91,259.09
183.26,844.86
186.72,471.58
185.37,365.37
188.66,258.62
194.35,55.625
204.16,186.2
202.96,1055.6
212.5,1190.1
219.57,646.28
220.28,1048.3
229.28,289.95
227.35,524.53
224.5,1094.5
229.65,701.06
233.69,1172.2
229.5,445.5
240.18,688.14
241.74,131.5
245.98,871.28
248.66,1186.6
256,807.5
256.68,1151.7
261.3,177.48
262.97,499.38
265.76,38.301
261.61,110.86
265.68,387.36
269.42,338.74
274.43,138.6
286.93,145.51
290.45,1187.1
287.94,1224.7
293.39,280.13
303.22,342.83
302.71,842.75
301.06,674.09
303.85,755.65
303.63,821.63
306.42,1080.1
309.76,787.23
307.42,951.11
315.46,1015.6
326.25,673.36
332.94,322.34
344.91,58.462
343.72,190.4
342.68,353.78
345.5,402.5
351.07,465.59
353.5,145.5
352.82,325.18
362.57,150.39
366.01,1100.6
369.06,107.97
373.34,283.15
376.36,960.95
380.45,15.115
388.4,856.94
385.63,797.63
385.5,555
389.79,175
392.85,693.75
406.18,1009.6
415.14,1111.6
417,266.65
421.06,17.826
418.58,503.42
425.47,384.37
425.92,851.08
429.92,306.11
450.37,973.89
453.1,496.75
458.17,349.03
458.5,264
465.09,500.01
463.45,601.33
476.72,32.252
474.53,285.07
478.59,1179.1
477.55,501.06
480.2,995.59
482.03,1110.9
484.83,539
492.07,1030.4
494.5,981.5
502.5,839
508.64,160.17
504.42,716.55
515.15,131.37
516.57,100.83
517.56,294.03
527.97,860.13
534.35,649.47
539.41,601.99
541.93,803.87
542.07,16.444
541,756
544,96
544.5,544
550.11,950.37
549.06,450.09
559.05,908.82
564.94,818.72
563.73,5.6
565.84,189.92
571.56,614.17
573.74,845.1
569.67,1062
578.22,739.32
576.2,1044.9
578.92,666.92
581.45,1232.2
585.58,427.89
590.66,700.28
595.5,457
599.29,479.11
596.91,1158.1
608.26,115.4
614.33,1148.3
614.56,252.23
612.23,1194.5
620.11,301.58
627,135.5
628.42,460.58
633.88,643.79
634.74,401
633.5,478.5
643.06,728.91
647.75,291.95
652.52,520.85
649.19,559.53
652.64,127.57
652,424.5
652.88,914.98
657.23,949.29
665.25,917.1
662.07,899.41
665.54,291.95
668.67,402.54
671.33,274.12
666.79,1048.5
671.4,1029.8
675.82,783.33
676.85,306.46
685.5,814.5
686.08,349.92
692.11,696.68
695.26,184
701.75,171.17
707.81,703.7
710.42,889.11
716.79,114.56
723.54,967.25
730.25,1064.7
727,451
728.83,828
732.03,353.29
737.71,459.74
737.43,326.57
741.06,75.353
741.06,91.674
742.02,724.57
744.89,685.81
758.45,148
765.5,117.5
767,412
774.46,819.08
778.67,1060.9
786.32,887.52
788.5,1196.5
794.14,700.3
795.59,281.59
800.67,452.86
801.69,174.15
799.15,219.46
809.53,767.89
804,1242.5
809.42,1194.5
812.35,558.8
813.15,847.47
816.5,510.5
818,928.5
820.47,407.06
823.41,971.25
828.42,1182.1
835.33,645.34
838.19,314.38
843.38,572.11
853.59,932.39
857.59,53.173
855.04,541.94
855.91,1066.1
863.21,1133
859.14,499.6
863.64,1047.9
862.41,351.24
867.54,1087.1
867,936.5
872.9,1212.3
872.81,756.16
875.01,201.33
880.18,144.09
881.1,435.74
879.94,687.45
882,635.6
888.23,103.95
887.05,744.2
888.95,1003.1
891.76,1185.9
890.29,1240.2
894.32,71.66
894.14,262.5
898.05,1207
898.94,1112.9
904.11,972.31
903.42,1096.7
920.17,433.05
917.29,730.45
918.96,1170.4
919,676
921.13,1126.8
920.07,192.59
928.93,147.41
930.58,758.55
932.66,621.15
935.94,496.37
935.88,770.65
942.97,563.3
945.55,1057
944.13,513.87
946.56,853.44
947.08,100.08
950.5,32.5
949.39,1232.1
955.16,1164.5
959.26,503.15
955.7,1180.2
958.56,91.327
961.28,536.88
961.29,798.55
964.53,973.93
983.5,1046.5
984,1063.2
988.28,63.455
1005.6,334.66
1004.6,652.37
1016.2,460.4
1013.5,90.215
1013.1,354.43
1013.1,524.58
1019.6,814.77
1019.7,705.14
1017,829.82
1022.5,1202.3
1027.3,10.955
1030.8,585.45
1056.9,1073.5
1075.9,383.07
1089,674.98
1091.3,830.57
1098.4,605.89
1107.1,585.29
1112.1,421.94
1110.9,631.33
1116.3,542.34
1127,236.42
1127,584.06
1134.9,172.57
1136.2,617.29
1136.8,316.87
1141.1,331.39
1149.9,710.73
1153.5,1032
1157.5,39.607
1163.6,271.2
1163.4,477.86
1168.4,1209.4
1167.6,369.43
1170.1,50.557
1172.4,469.5
1179.5,876.07
1186.5,570
1192.1,681.2
1189.9,754.88
1192.4,507.19
1192.8,1234.2
1193,171.17
1196.5,270.07
1202.7,1009
1211.4,351.94
1209.6,824.02
1212.9,391.34
1218.4,459
1230,566.88
1238.4,880.21
1244.1,567.43
1244.4,443.14
1245.9,461.59
