10.209,308.48
34.685,450.23
4.5942,601.19
11.719,690.24
6.3736,829.48
15.378,935.36
5.6203,1036
21.4,1115
6.256,1171.2
2.5714,1305.4
4.5455,1327.9
5.7222,1151.1
21.668,1081.6
11.369,1251.5
11.17,399.37
19.152,869.2
20.97,1287.3
17.068,1019.8
39.695,964.3
44.255,1137.5
20.895,794.29
22.093,1184.9
20.571,155.57
26.546,577.34
23.411,1330.3
25.677,500.42
38.466,697.02
26.045,1199.4
34.019,740.91
42.595,549.23
40.493,889.79
44.033,842.62
38.568,923.62
45.469,153.43
51.183,903.47
43.828,1006
50.826,638.55
43.4,814.4
46.5,581
48.062,1110
65.931,772.54
66.606,240.32
66.153,1296.9
71.208,1162.6
58.097,1071.2
56.5,1238.2
66.941,1320.4
60.522,729.31
62.283,1042
62.909,837.48
73.686,711.47
67,805.5
88.586,1106
66.5,986.5
70.443,168.11
94.995,497.78
79.095,829.33
76.267,1032.9
78.81,868.4
77.341,45.317
83,664.5
84.429,188.05
87.507,966.85
93.315,568.88
89.019,1024.9
127.85,1047.4
88.421,776.11
90.588,1191.1
93.241,1281.1
102.73,200.68
98.6,1215.9
98.617,391.94
100.13,1238.3
106.08,1250.5
107.87,423.13
106.2,84.645
102.18,401.56
107.53,589.61
103.4,629.4
112.35,123.55
117.31,623.4
141.37,860.2
116.36,1303.1
113.4,1329.9
114.79,68.154
115,877
135.13,157.26
135.71,942.72
123.5,442
129.07,592.98
133.29,1319.7
128,57
130.84,65.579
155.33,376.26
179.55,763.72
136.52,1093.7
133,75
144.42,1208.9
143.78,599.4
141.65,451.48
144.59,485.8
148.46,1323.7
187.33,1049.9
152.81,1286
152.79,506.47
151.62,1013
149.5,1104.5
152.5,829.5
161.56,758.95
191.14,896.86
172.29,1003.8
169.15,579.98
182.82,959.46
171.61,502.83
168,822.5
187.95,1160.5
169.71,1327.7
170.73,1303.3
207.14,634.73
174.31,1114.2
197.88,411.08
187.72,786.56
181.09,214.86
194.65,1126
188.27,106.93
201.57,856.29
195.21,1204.1
217.53,1299.2
192,224.5
194.38,568.19
193.76,931.11
195.25,986.31
196,878.5
202.08,816.11
211.35,1106.3
200.92,497.48
207.45,967.27
224.63,240.64
209.62,664.89
209.84,829.87
209,950.5
217.05,440.52
215.6,1202.8
218.27,1187.1
217.56,773.4
221.99,1130.5
219.61,1328.9
221.21,149.73
227.9,951.2
222.28,1216.8
241.59,666.8
230.51,1058.2
239.39,347.01
238.5,718.36
241.45,999.29
260.21,1095.7
240.68,733.28
244.64,931.83
248.19,1118.6
247.92,757.08
260.09,1045.2
261.96,426.12
270.52,684.74
252.2,708.85
258.91,1304.1
263.55,715.86
265.14,1123.2
263.47,1285.4
270.72,485.03
270.19,837.41
270.93,520.59
272,1331.5
273.97,344.43
273,970.86
281.42,1139.2
281.46,997.16
279.08,1165.9
279.08,1303
280.58,1280.2
283.35,1190.8
285.61,698.5
296.29,34.575
268.05,211.48
297.26,556.58
289,1022
290.81,1279.3
298.93,1043.3
301.65,1148.7
321.81,1268.9
322.09,764.6
305.93,920.59
314.3,1177.6
313.73,294.06
309.8,329.94
310.23,515.68
317,1082
336.16,707.86
322.4,919.34
359.73,184.23
330.82,1270.4
333.54,828.41
336.91,673.95
364.58,1269
345.46,340.25
341.64,863.23
343.25,586.75
345,1206.5
354.53,738.46
353.04,899.76
372.58,674.63
354.17,592.67
362.92,981.45
367.19,1328.4
367.48,924.76
368.39,1042.4
376.45,485.45
373.26,719.47
382.55,787.36
378.93,993.26
385.7,1026.4
388.44,719.75
385.06,940.9
392.91,1322.5
393.4,322.38
392,1227.1
396.24,192.1
393.77,1235.1
399.09,813.4
398.25,953.34
430,185.78
411.36,728.1
406.35,962.71
416.79,1061.2
415.23,602.05
414.06,672.59
431.74,800.54
435.35,1285.2
445.83,544.23
434.26,5.1383
440.81,918.62
440.54,584.29
444.4,1220.6
452.52,962.44
460.17,1224.9
451.73,761.42
463.43,703.72
487.96,924.36
466.28,510.57
465.49,836.32
474.84,198.35
477.56,531.84
481,487.46
476.61,176.36
481.76,632.59
496.5,738.25
497.81,1270.5
498.25,578.58
498.44,664.5
504.56,507.25
507.32,522.95
514.08,656.83
513.12,983.91
515.96,537.75
513.83,692
514.06,36.412
544.01,762.73
525.99,597.3
518.87,1257.6
543.38,437.45
524.17,902.33
530.29,557.62
526.57,994.39
527.81,484.59
544.69,511.81
535.68,633.35
536.6,666.1
535.64,1005.5
553.46,11.328
539.04,1244.2
548.15,472.91
541,659
546.88,616.11
550.64,1046.4
553.72,114.27
553,1266.5
562.41,598
554.95,1010.7
604.71,888.93
560.63,1303
570.95,1140.4
562.84,458.72
558.8,1249.2
565.26,1188
576.58,219.76
599.7,480.76
572.34,1215.1
574.88,1279.5
596.41,693.68
594.51,1042.2
600.29,239.77
610.44,711.72
608.77,1204.2
617.01,836.49
640.53,806.18
651.78,701.56
632.13,218.68
624.01,1219.5
657.05,1021.1
637.41,1234.5
644.13,6.4577
666.21,471.22
646.94,1274.2
657.98,1250.5
657.2,344.32
712.4,1112
676.57,807.04
690.95,928.13
677.71,288.19
705.23,661.58
681.25,901.16
683.59,1316.4
685.22,985.7
695.17,329.13
697.56,837.67
689.08,1172.2
739.22,75.591
693.94,860.99
704.48,1067.6
699.61,12.333
706.34,884.59
703.88,694.03
713.98,802.07
705,985.5
715.82,46.865
714.3,1013.7
723.19,115.71
721.42,780.09
720.57,1168.6
722.26,1331.3
771.93,979.42
735.87,1185
730.99,10.829
740.38,456.57
747.86,1024.1
763.07,391.94
752.64,1078.6
752.84,1152.2
748.93,1217.3
750,690.67
750.33,860.17
776.94,789.27
794.15,848.85
763.33,707.19
761.76,1229.2
781.08,16.26
765.17,547.85
765.5,1242.6
771.18,1094.9
777.14,1326
782.89,1201.7
779.5,1100.5
784.5,1302.8
787.49,1005.4
790.51,879.18
827.44,1142.4
805.34,115.41
811.19,399.31
803.71,217.01
799.58,1209.3
798.19,1279.7
800.39,1218.5
800.61,784.03
803.61,2.1613
815.61,1186.9
817.39,241.96
815.54,22.899
823.68,154.16
822.4,869.6
838.09,455.91
887.94,192.64
840.38,89.679
827.73,279.74
837.12,14.533
839.11,959.37
834.56,924.16
837.9,893.62
836.6,990.6
837,137
839.92,663.28
845.78,158.92
844,214
858.99,884.86
849.42,1161
861.3,1310.8
852.48,251.93
886.19,992.19
864.44,657.47
893.63,1029.6
863,1082
863.42,63.944
869.16,237.24
875.58,367.32
866,1262.2
887.43,1284
890.62,1082.6
888.99,22.498
917.11,381.08
917.78,407.17
935.47,1101.7
943.63,1322.1
932.86,1068.6
932.04,988.07
965.55,66.005
965.47,877.9
943.04,1024.7
946.92,1052.9
963.84,490.08
945.65,448.22
997.58,1102.4
949.43,1202.4
969.66,602.43
955.6,188.66
954.24,1038.1
976.53,1196.2
965.79,31
973.67,406.08
985.44,1035.3
980.6,979.02
984.99,1329.4
977.21,562.69
986.89,141.84
1011.4,349.32
1016.7,646.14
991.61,995
1001.8,1150.2
1001.4,34.881
993.82,1225.5
995.84,564.88
1017.1,102.45
1009.8,253.39
1025.4,1330.8
1025.3,1142.6
1031.4,254.16
1031.2,1236.6
1038.4,1024
1045.5,393.46
1042,233
1054.9,1171.1
1046.3,462.35
1050.1,3.1207
1046.5,233
1067.2,466.27
1063.5,201.25
1066,362.45
1065.4,185.4
1089,902.72
1075.6,1035.2
1072.6,238.43
1072.5,248.91
1078.4,410.83
1086.7,1156.2
1091,92.322
1092.7,199.9
1092.9,35.36
1101.5,457.82
1096.6,684.03
1096.4,395.01
1096,582
1100.2,950.98
1100.4,150.6
1125.7,623.85
1119.9,851.06
1108.3,253.28
1181.8,142.45
1120.8,333.07
1154,539.3
1154.4,475.4
1158.3,573.25
1162.2,801.25
1180,885.91
1175.4,458.35
1197.3,1078.8
1168.6,620.68
1172.8,639.94
1179.9,981.91
1194.4,742.42
1189.5,1022.5
1190.9,310.6
1201.1,216.28
1209.3,360.87
1219.1,515.98
1216.3,742.99
1214.5,973.5
1226.3,887.6
1228.3,660.33
1226.1,708.45
1229.1,462.24
1238.5,1011.4
1238,438.99
1238.9,406.58
1238,829.07
1256.6,1052.4
1257.7,847.09
1256.6,233
1270.8,812.74
1269,289.28
1263.8,792.32
1265,1098.8
1274.9,882.38
1272,1118.7
1272,847
1281.4,211.09
1276.7,1151.8
1276.2,967.38
1283.3,21.918
1284.8,827.2
1305.6,1010.4
1289.7,841.77
1293.2,864.82
1300.5,146.94
1302.7,27.016
1309.2,687.35
1310.1,98.421
1312.2,324
1321.7,38.282
1316,73.424
1328.6,161.57
