4.1628,360.35
16.964,539.24
1.7143,585
4.581,920.5
11,727
21.615,559.66
29.274,862.56
43.828,340.19
44.941,491.86
53.141,559.78
53.839,868.55
71.863,1023.8
77.337,457.91
75.814,571.49
77.438,357.52
80.766,877.16
80.407,587.55
85.37,305.93
85.5,601
98.803,613
108.35,651.92
101.75,880.62
112.56,88.151
143.08,785.76
104.73,936.17
113.07,620.87
113.89,26.579
116.23,303
123.81,432.54
123.85,530.01
134.43,388.41
173.65,805.15
173.2,815.66
180.56,824.07
188.68,669.92
202.33,136.56
193,183.5
194.37,193.53
197.34,620.62
208.75,780.31
203.99,323.02
210.15,682.61
216.32,841.46
228.18,327.41
240.89,811.3
235.82,503.61
251.26,678.45
247.11,508.89
285.18,639.78
248.42,373.11
258.77,563.51
255.46,424.78
255.88,443.35
269.57,521.6
264.88,923.69
261.5,454.65
266.61,857.68
266.9,332
275.67,879.69
267.58,546.47
273.91,585.48
287.68,909.2
287.38,547.8
305.1,859.45
305.38,899.09
315.54,95.108
309.45,706.48
317.93,875.95
332.47,641.77
333.86,756.51
325.5,907
345.36,524.17
347.26,767.79
347.75,906.08
349.12,846.02
375.47,552.08
356.78,602.51
360.39,511.3
375.62,1134.2
365.4,72.087
364.5,895.5
367.13,620.44
376.48,635.25
391.58,415.79
400.65,497.98
388.41,451.48
400.93,749.44
408.1,631.71
415.52,1323.2
408.32,832.84
414.64,229.12
445.57,981.7
432.1,1091.4
435.32,855.42
436.5,606.5
439.5,1331.2
448.51,293.67
474.3,627.15
620.82,416.28
451.06,600.59
445.65,399.93
467.87,1314.2
465.44,317.01
475.46,697.29
480.46,1028.8
476.65,926.8
478,935.5
492.86,986.86
507.11,302.16
525.57,4.9568
504.94,1062.4
509.65,755.33
520.89,585.04
532.54,1070.1
527.91,593.36
528,454
529.82,877.62
529,994
532.83,672.28
533.56,1219.6
552.12,290.12
545.91,790.05
553.47,197.36
558.29,256.17
577.9,8.2086
564.06,220.66
569.06,615.75
562.67,828.9
577.56,1269.8
581.62,961.21
599.77,1095
668.59,50.785
621.94,579.66
622.21,24.25
622.44,521.84
625.32,446.57
636.1,839.68
642.11,172.57
645.53,334.09
644.41,50.28
656.61,497.09
651.25,214.12
676.13,787.21
685.42,420.31
663.67,516.5
672.92,176.79
689.56,74.042
690.9,620.24
685.94,326.39
692.4,737.12
690.4,1181.8
686.91,313.91
695.33,175.02
701.8,192.09
709.98,220.95
712.89,1177.3
709.42,66.911
711.27,758.71
725.07,176.05
725.38,676.1
744.2,325.96
740.32,1282
745.07,37.845
751.61,174.5
752.96,62.745
758.75,675.85
758.89,1266.1
759.5,306.62
761.59,1286.5
783.88,512.82
773.05,1296.3
797.49,61.146
776.84,316.96
784.9,388.18
789.09,272.39
785.06,871.8
783.5,304
793.79,225.86
802.35,430.64
806.5,841.5
808.79,506.21
834.28,471.82
815.89,451.41
825.4,890.09
840.12,1321.5
861.03,565.2
835.39,842.46
839.38,821.81
853.32,674.02
855.16,641.1
855.87,492.22
946.16,719.11
862.4,1284
864.69,1304.8
879.33,954.08
870.52,1245
890.75,650.77
889.24,320.79
892.18,336.33
891.24,576.79
893.69,302.86
893.15,633.31
894.73,1008.9
897.42,262.47
897.67,286.59
897.34,805.84
908.54,695.86
966.12,273
908.52,681.06
913.38,1179.6
916.17,1215.8
915.42,248.49
924.5,454.38
929.42,1235.1
937.12,1019.8
939.84,822.77
944.83,515.7
951.44,840.43
978.35,206.42
984.67,916.77
1010.6,1036.5
1017.2,900.56
1031,179
1066,380.31
1043.1,507.01
1055.5,632.47
1059.2,1289.2
1052.9,1065.4
1062,10.945
1056.5,532.59
1059.4,881.44
1057.1,414.38
1071.2,470.27
1061.2,656.44
1093.8,779.4
1075,884.53
1074.9,715.17
1082.9,35.22
1076.6,610.52
1078.1,640.76
1086.7,449.91
1122.7,723.7
1095.3,5.8592
1096.5,1310.8
1121.8,40.056
1099.9,554.52
1114.2,482.97
1109.6,629.96
1117.9,1298.5
1124.3,608.34
1120.9,874.39
1119.3,351.24
1135.1,534.84
1139.4,563.1
1141.1,677.59
1158.6,390.95
1154.8,168.43
1147.4,1326.5
1149.1,674.05
1159.4,591.94
1189.6,1296.7
1165.7,613.96
1169.3,942.76
1174.4,633.12
1184.7,987.54
1184.4,648.79
1189.4,303.19
1187.3,249.75
1183.9,675.06
1190.5,1053.2
1189.1,399.32
1191.6,898.89
1194.1,411.53
1227.2,28.666
1207.3,374.79
1206.2,390
1208.1,916.6
1217.9,1319.1
1216.1,344.61
1224.4,852.96
1224.5,1289.5
1230.2,833.27
1233.2,917.6
1259.8,239.7
1236,305.16
1241.7,784.47
1247.1,211.44
1251.1,883.97
1263.5,804.5
1274.7,103.97
1305.4,1160.8
1312.5,1186.1
1320,437.97
1327.7,1206
