6.186,362.5
3.1159,867.59
8.0714,1061.5
10.677,968.73
14.946,954.34
30.97,498.25
35,299.5
45,871.32
55.857,895.5
59.891,930.63
65.9,429.38
83.037,11.049
81.154,323.35
92.136,1239
95.31,65
99.186,624.12
98.346,1127.6
98.348,1247
115.74,1175.7
115.85,6.6538
122.35,364.89
124.95,164.93
129.52,140.53
138.73,705.35
149.72,1105.2
151.04,471.81
156.38,723.22
161,625.76
163.86,984.81
170.24,48.403
173.93,1071.4
177.09,1169.1
180.26,1042.7
188.54,276.97
198.92,1087.6
196.21,868.05
200.39,212.75
204.5,1227.3
207.79,800.41
209.72,355.94
216.07,775.91
216.62,813.04
218.5,222.09
229.78,858.67
235.12,946.64
238.41,564.61
242.58,1092.1
244.96,812.43
249,545.69
251.66,6.375
253.62,427.15
260.07,107.41
259.43,486.47
261.28,883.12
261.67,474
264.5,865
271.33,448.98
271.82,1195.8
282.09,819.21
290.76,976.5
289.83,263
290.5,1071.5
306.85,80.939
315.56,1191.9
320.32,427.22
325,727
324.56,798.92
339.07,529.11
343.49,1222.6
349.78,1088
354.54,787.78
357.91,95.091
362.33,446.32
364.02,133.45
363.61,1104.9
367.15,4.4615
369.07,362.95
382.48,673.22
393.61,90.608
404.86,395.7
410.39,1111.1
416.39,231.03
416.87,914.03
422.56,983.33
423.87,955.97
428.56,1161.9
434.46,405.59
435.25,809.05
438.43,1052.1
453.44,136.03
456.03,43.059
458.6,642.89
461.43,248.53
461.98,577.89
470.55,323.43
471.63,1230.6
477.94,385.48
477.37,870.84
480.86,68.948
482.02,1184.1
488.62,615.45
495.58,82.576
502.31,265.09
507.04,340.56
512.13,416.72
515.09,652.91
525.33,223.83
531.09,572.87
531,413
535,984.5
545.41,174.93
550.92,602.2
550.63,1051
550.79,1218.5
562.94,421.86
559.83,733
563.27,690.51
562,461.5
567.37,1068.3
571.22,253.72
580.63,163.63
582.68,1070.2
587.01,555.32
586.99,75.913
588.53,1041.2
596.42,794.45
599.13,25.72
600.54,903.09
603.09,882.91
605.5,554.88
610.78,318.65
608.65,1013.2
612.61,358.79
620.92,532.44
632.91,171.48
633.82,106.39
634.95,886.95
647.49,368.42
646.11,1066.4
650.12,1183.7
655.17,612.05
664.93,258.63
666.41,1197.3
664,604.5
663.91,902.09
668.18,1151
668.63,405.63
671.52,132.91
671.25,205.17
680.71,342.81
683.32,44.52
688.85,635.89
691.12,1018.4
694.07,96.407
703.22,319.02
702.04,1031.9
705.04,1245.3
706.86,498.5
707.5,1005.5
716.16,488.13
718.45,1115.3
720.07,701.02
722.07,236.85
723.32,471.78
727.66,159.68
729,810
730.73,887.02
736.1,255.62
734.91,381.09
745.58,914.58
751.95,977.66
755.08,680.54
768.28,175.58
769,897.25
774.54,1134.9
775.93,548.95
775.53,858.66
781.57,323.74
790.63,1127.6
807.1,169.38
813.5,310
815,25.679
815.63,177.63
821.08,693.8
824.78,1147.5
824.5,862.5
829.53,963.32
832,357.5
837.6,242.22
841.58,888.55
849.89,1155
850,838
865.07,512.32
866.15,606.67
868.72,323.47
882.04,466.57
888.44,1129.3
891.2,610.93
895.22,1193.1
894.91,432.91
901.63,992.39
900.19,817.07
909.96,250.07
913.15,300.62
916.58,131.02
918.5,1161.5
929.93,828.47
944.79,457.34
952.57,972.6
959,201
966.12,220.73
975.27,1070.6
978.06,11.535
976.5,1216.5
980.55,1174.1
989.04,512.45
993,668.93
1006,1180
1012.2,139.31
1016,1040.2
1019.6,170.61
1018.2,1186.5
1021.9,351.65
1025.5,133.78
1027.6,976.03
1028.9,882.7
1033,215.97
1043.2,295
1050,766.77
1056.1,329.91
1053.5,1092.2
1056.5,921.93
1065.2,610.26
1071,951.42
1073.3,681.26
1080.7,439.73
1080,80
1087.5,782.47
1091.6,574.09
1106,209.02
1104.7,521.24
1105.7,1012.4
1106.6,684.37
1115.6,914.36
1115,494.94
1124.5,418.81
1143,368.74
1146.1,269.75
1146.5,618.16
1150,1072.5
1149.5,158
1156.6,587.39
1160.1,1083.9
1164.9,796
1164.5,1231.5
1176.9,1186.7
1192,30
1194.4,342.4
1198.2,443.13
1195.6,1167.4
1203.6,1197.7
1209.5,548.02
1207.1,919.56
1211.1,66.338
1211.5,639.5
1214.4,869.94
1219,183.5
1229.8,986.09
1235.2,545.45
1235.6,689.11
1235.6,860.21
1238.2,649.27
1235.8,1134.4
1239.5,1064
1240.5,929.5
1245.7,64.86
1245.6,861.89
