7.2444,31.704
2,54.043
10.816,107.29
9.6507,152.32
5.2391,178.85
3.4746,252.62
2.6452,287.58
6.1925,316.96
16.861,401.65
15.208,442.38
4.128,487.66
2.2593,529.07
10.677,613.75
21.794,635.53
3.6716,767.04
5.5743,865.53
7.5756,952.09
21.544,1120.4
7.3276,1300.7
4.5263,207.42
14.059,198.94
15.322,540.61
12.686,518.47
14.961,777.32
26.9,1063.2
15,1104.4
18.013,1328.7
15.862,68.458
19.426,708.72
16,861.5
17,722.5
10.857,367.88
20.31,683.79
23.648,882.18
79.132,131.81
22.633,292.5
22.091,865.91
32.589,79.566
32.471,601.9
28.182,869.67
27.759,1299.8
29.773,962.77
37.457,898.24
37.667,908.6
46.026,958.9
40.839,441.14
40.48,369.6
44.771,719.53
41.673,769.33
50.455,582.95
47.309,683.84
47.616,943.6
49.111,1263.4
56.484,76.884
49,1270
52.886,373.16
53.086,625.57
59.935,437.98
65,535.51
55.897,749.69
66.175,605.36
77.089,995.47
60.5,529.5
68.913,732.88
67.061,403.59
65.5,2.3636
70.85,245.03
67.52,65.4
70.765,967.1
69.136,812.71
78.904,221.23
70.105,77.579
72.586,381.45
76.552,1098.8
79.78,1170.1
77.5,608
103.56,436.88
85.979,528.4
82.367,613.97
86.052,88.32
88.257,598.72
98.68,894.56
98.364,51.368
84,609
92.065,625.69
88.732,820.09
90.538,1148.3
93.021,701.64
92.459,1067.8
102.39,10.696
95.085,1120.7
111.24,156.36
106.25,543.72
109.76,666.89
99.167,1152.3
100.5,71.5
103.43,481.02
107.81,1051.1
112.63,246.34
114.61,1088.6
117.42,1322.6
118.53,727.38
117.57,413.64
119.66,568.82
117.36,687.61
119.18,476.46
142.2,518.47
125.12,1214.2
127.97,705.26
125.17,224.21
128.21,989.25
132.92,1029.1
145.12,1109.3
132.5,583.5
133.23,812.23
151.44,246.61
142.23,419.44
138.12,58.092
140.61,631.66
141.22,151.46
140.64,899.65
149.11,185.75
140.6,868.49
138.89,1000.2
141.73,592.78
144.53,1314.5
145.48,74.913
149.49,725.95
148.8,12.44
149.16,1186.3
149.5,1208
157.27,1160.6
157.55,1037.6
163.12,50.297
159.4,1188.6
168.06,26.107
188.08,445.71
164.4,1247.1
170.06,132.07
164.5,1321.4
190.99,10.174
166,472.5
166.96,695.38
184.1,667.45
168.35,58.115
192.41,575.72
176.03,532.1
178.98,488.77
175.26,77.352
189.59,198.89
172.5,1135
186.64,1205.2
178.17,719.07
178.5,92
178.95,115.09
178,1263
185.09,257.44
192.66,1136.6
198.96,58.744
198.66,144.44
191.4,549.55
203.03,530.03
236.34,632.64
198.14,742.77
212.76,492.57
196,263
199,1230.2
201.52,170.1
207.93,763.64
212.13,93.707
207.05,46.909
219,917.77
209,25
216.03,653.19
210.6,1221.6
215.75,171.55
218.39,1072.8
218.41,190.76
222.58,113.24
219.5,270
224.27,747.8
233.84,132.82
238.75,251.16
253.49,193.54
238.61,511.47
238.02,1088.4
244.2,1162
241.68,1224.3
246.04,538.04
259.18,787.38
246.5,467.5
249.92,835.08
258.46,286.04
255.43,547.29
261.77,1110.2
302.48,456.83
266.4,688.49
260.14,844.1
266.22,728.52
265,839
267.42,210.89
273.32,850
281.15,557.42
275.55,602.51
284.69,947.83
294.03,289.92
282,612
287.88,885.22
284.96,336.04
295.24,705.58
300.9,1238.4
305.54,543.59
300.3,72.468
293.6,319.21
292.52,829.09
292,565
293.5,247
293,763
314.19,779.31
299.21,1137.2
302.86,1020.9
322.86,243.43
306.67,501.12
310.98,567.02
308.38,31.532
299.65,731.28
321.38,97.54
312.86,181.93
314.11,632.15
315.42,710.65
322.46,296.23
324.37,960.07
322.61,1224
340.2,680.26
329.57,158.79
326.27,1106.4
330.5,278.82
335.96,815.82
331.51,1207.7
331.41,587.45
332,595
339.38,1146.9
338.43,592.48
341.31,769.57
341.09,1010.4
347.51,856.64
353.53,85.312
351.54,593.27
354.68,793.92
359.52,283.4
366.05,1213.7
359.33,716.04
353.11,844.11
354.3,1027.2
351.94,1118.6
380.45,231.21
356.55,1063.5
356,851
361.28,324.13
397.41,897.54
362.73,592.77
363.9,1016.3
371.82,500.16
366.06,850.44
364.58,1128.1
371.16,1169.9
370.7,543.27
384.95,565.52
357,751.19
377.55,1030.8
399.24,298.01
385.12,627.49
380.97,184.1
381.03,519.73
376.11,818.42
386.79,253.28
378.32,1223.6
381.5,64.882
393.23,815.38
388.8,538.88
385.5,861
396.51,751.31
391.97,158.91
391.69,842.39
391.55,864.52
395.98,1232.1
408.74,1213.3
399.87,1037.2
400.09,534.47
411.06,602.34
408.01,270.67
410.2,179.35
407.68,338.35
405.33,1160.2
403.06,216.41
403.43,707.69
411.1,495.27
409.53,774.25
429.94,240.45
408.6,1270.4
411.55,516.75
423.34,1173.1
417.13,1274
427.73,124.38
425.75,646.43
417.6,784.6
422.82,524.8
443.89,1238.8
423.69,505.03
435.96,26.083
434.42,289.95
429.93,561.83
426.92,83.41
424.92,1283.9
427.5,731.5
440.05,956.17
447.4,807.19
458.13,55.29
440.74,195.14
450.24,511.35
451.95,169.82
446.66,747.92
445.94,211.09
451.47,530.3
446.11,1310.6
450.68,594.11
449.52,305.66
470.31,682.65
468.66,1293.8
459.32,615.98
454.5,8.5
457.41,873.66
459.97,772.21
464.07,4.1395
475.14,365.99
467.36,287.09
464.83,909.98
520.46,220.88
468,515
470.63,585.73
474.35,200.88
477.37,302.29
476.5,513.88
479.98,960.3
476.5,217.5
478.5,588.36
481.63,861.99
505.53,100.37
481.13,181.44
493.26,1238.7
482.36,1.9091
493.75,713.76
500.83,333.34
488.96,910.16
489.68,813.78
503.51,989.33
493.12,823.93
496.88,515.5
497.42,605.08
501.01,733.77
497.5,529.64
498.54,872.46
498.76,806.68
499.5,365
507.37,644.38
507.13,805.22
501.91,191.95
504.03,564.61
506.43,301.39
507.32,516.64
509.29,7.697
508.78,846.62
508,923.5
510.59,1047.4
511.34,537.8
527.11,763.15
512,889.67
537.06,191.22
524.06,923.29
515,1258.2
522.29,288.17
515,852.5
515,427.5
519.85,1275.7
520.3,274.2
518,821
519,1329.5
525.73,841.74
534.85,535.37
525,256.5
540.11,111.5
528.96,550.57
529.07,632.26
532.19,563.17
536.74,358.65
535.82,55.798
555.07,319.02
539.46,675.8
538.25,402.05
536.59,635.94
538.33,389
547.97,1265.1
543.11,622.84
542.87,689.83
552.25,791.58
556.83,943.72
549.43,644.43
556.14,1058.7
554.28,21.466
557.83,738.7
553.56,436.83
552.11,670.58
564.24,543.58
555.41,655.01
552.4,664.4
561.42,55.152
560.37,371.47
573.56,1250.1
567.13,141.69
557.5,97
564.67,587.16
565.96,93.362
567.08,274.97
565.22,78.375
565.36,350.82
567,621
595.99,210.81
576.73,600.72
583.62,1076.1
575.5,406.5
579.74,481.39
578.1,630.59
586.48,690.85
581.02,736.92
580.45,755.16
585,321.77
579.5,354.5
586.9,429.45
586.8,533.21
579,768.5
589.77,68.409
582,570
588.61,4.5505
587.33,18.431
585.75,48.413
590.98,981.92
586.32,343.8
586,140
586,145
594.39,554.95
586.5,843
590.65,379.88
590.58,1087.8
591.45,253.57
592.07,337.04
602.36,793.01
601.17,1111.9
594.4,274.4
595.5,745
599.66,847.12
597.87,324.33
601.35,598.91
601.3,267.86
608.94,106.19
598.86,351.86
604.61,418.32
607.57,746.91
618.79,376.52
624.52,71.15
613.5,43
616.03,497.95
626.71,571.42
633.79,163.05
634.21,259.43
620.05,32.795
619.71,340.87
625.56,485.21
626.36,4.0769
622.57,21.571
626.4,45.44
625.02,290.65
625.55,936.08
631.84,771.75
640.62,885.03
631.19,191.38
631.08,908.23
627,12
630.95,212.09
635.2,725.84
628.43,759.05
629.64,30.857
631.4,115.46
646.66,643.73
641.43,136.94
635.42,443.47
639.65,951.26
636.6,575.6
641.3,527.74
640.94,1194.7
638,58
647.05,1225.2
646.26,280.6
665.01,359.82
703.72,210.31
651.76,1283.2
647.64,421.05
648.49,820.65
648,828.5
652.84,6.4198
655.76,800.09
655.1,1066.5
673.85,462.58
665.11,115.83
665.42,1206.7
658.5,409
662.53,573.97
668.24,382.97
665.8,826.71
666.61,912.18
675.56,896.33
672.34,1163.3
674.21,41.339
688.44,386.96
673.97,545.67
682.88,945.29
678.16,966.59
677.83,323.48
679.59,1062.1
681.7,691.14
681.03,1326.6
706.79,569.97
697.04,293.91
686,840.5
692.5,1178.8
688.23,145.28
687.76,278.47
704.12,982.24
705.12,510.87
691.45,884.31
697.34,622.73
696.91,678.62
694,1288
747.74,379.38
699.92,909.55
696,1284
697.5,317.5
703.68,33.977
708.62,160.08
720.42,604.21
702.3,13.233
704.03,796.33
703.54,709.68
731.19,822.02
709.3,1191.6
718.1,269.61
710.93,1155.1
708.3,647.22
718.34,465.31
716.31,1031.4
714.5,54.5
716.02,365.65
719.31,742.23
722.66,298.11
725.11,1248.2
717.89,378.42
724.28,753.64
736.46,920.19
725.15,64.126
721,146
734.05,774.58
727,1044.5
727.89,1054.4
733.87,28.309
731.5,122
743.49,463.25
734.95,953.64
738.39,1016.6
748.03,183.54
745.92,802.22
745.61,141.87
742.4,109.6
746.76,301.15
747.31,1094.8
750.86,97.513
747.45,660.45
748.18,1252.9
750.7,742.19
752.59,4.7248
749,962
757.54,1050.2
754.11,30.591
778.83,483.74
763.63,620.75
755.94,496.41
764.44,574.52
758.2,726.54
759.39,968.24
762,668.55
762,80.121
765.93,1071.7
763.34,763.99
767.09,1283.4
765.79,897
765.12,1144.6
778.01,179.94
778.95,1122.5
753.16,519.11
769.17,703.86
768.05,866.16
770.5,845.89
786.85,945.19
777.79,12.636
791.6,918.55
775.78,590.65
776.76,722.29
783.85,453.91
779.17,1042
788.25,131.33
778.44,401.67
792.93,638.23
783.03,750.28
780.71,98.548
788.21,578.89
791.88,827.84
786.87,244.3
802.78,1261.7
787.08,252.56
804.31,1079.9
792,755
807.45,270.06
794.7,408.13
800.09,855.74
797.06,167.57
800.49,368.7
836.09,1155.6
804.37,1034.1
807.57,673
815.08,313.45
812.15,405.75
804,1109
814.6,52.473
807.9,774.97
806,992.5
807,64
809.6,224.58
816.6,438.07
807.5,458.5
815.31,987.74
815.16,122.81
820.6,528.73
815.84,1289.4
815.42,864.04
816,786.62
820.15,641.35
816.87,802.83
820.92,238.24
826.22,1068
821.9,341.78
834.77,464.84
824.13,495.06
825.06,87.812
825.75,681.87
823.49,1189.8
823.83,16.333
829.13,291.18
839.66,757.76
835.33,261.09
825.9,1100.2
836.6,42.359
833.45,214.21
843.4,603.48
840.48,833.92
840.08,951.3
832.53,139.38
832.72,1216.2
834.04,581.18
835,382.5
837.09,735.94
836.41,485.94
839.6,354.55
850.6,66.878
841.34,150.91
847.1,636.06
844.84,97.132
847.7,179.4
849.1,506.94
854.23,546.35
848.58,685.25
849.12,899.53
843.11,217.58
845.49,778.56
871.81,1078.1
843.41,478.94
856.25,23.724
849.81,322.09
845,942
865.2,343.04
850.37,660.97
856.1,719.87
854.01,1121.7
858.89,213.69
851.5,416.5
862.07,248.96
851,653
855.3,572.71
861.36,107.18
866.85,967.44
880.27,435.2
863.36,48.436
872.06,750.12
865.24,494.76
868.91,278.91
866.58,142.75
871.42,395.01
873.03,940.81
869.68,222.1
869.12,804
869.37,878.09
870.47,728.34
875.98,786.06
871.85,811.7
884.47,912.77
872.69,67.203
886.34,621.66
874,702
874.19,607.65
886.09,29.401
878.5,204.64
887.53,541.35
885.03,849.03
887.12,468.66
889.83,889.02
893.55,1202.8
889.05,76.9
931.21,171.39
900.64,346.68
910.71,1256.4
898.02,947.1
901.58,80.692
906.61,92.622
900.3,838.7
909.54,1132.8
900,30
906.11,727.43
903.79,1050.5
912.69,5.0429
906,204.5
912.26,868.23
908.34,114.47
911.74,189.12
907.5,19
913.11,670.61
917.68,613.19
916.37,892.9
914.73,42.862
927.79,270.3
920.46,577.28
912.57,637.59
911.9,650.05
920.62,760.13
914.5,79.5
916.34,208.55
922.49,1017.8
916,825.5
921.02,133.47
925.07,488.27
917.86,1222.1
921.33,843.48
922.56,1058.4
954.07,108.96
923.77,534.91
922.27,790.69
922.52,427.09
933.68,546.01
925.16,445.61
955.2,220.22
930.66,804.05
945.26,923.36
933.99,458.07
928.5,423
935.76,135.03
932.71,362.11
934.68,629.78
936.55,320.87
958.63,29.502
939.69,1283.9
935.44,413.51
935.88,1158
935,82.5
935.43,650.39
938.76,1075
936.58,1242.9
942.74,838.73
948.03,722.08
942.71,433.74
959.97,360.43
948.26,139.84
952.7,467.47
946,71
961.35,306.87
968.65,1092.6
950.6,678.48
952.62,1047
953.31,4.6
961.52,570.11
954.28,1260.7
964.6,1297.4
963.52,389.64
972.76,633.71
958.11,497.26
962.32,794.04
959,134.5
965.08,260.53
960.57,85.736
961.5,699.5
963.86,440.54
974.61,530.36
981.91,745.73
963,128.5
967.36,1020.5
969.76,175.02
970.57,1242.4
969.51,56.475
971.21,652.19
969.44,917.49
970.46,1006.9
971.12,41.5
971.91,811.38
967.17,1165.4
988.73,980.78
977.22,888.85
975,430.65
977.61,1262.2
977.52,820.76
980.36,425.23
980,1127.2
979.57,1067.8
979,227
988.15,840.69
986,1308.9
984.92,499.44
984,505.5
985.34,1328.9
995.95,137.53
985,221
986,1220.5
995.1,1001.4
1000.7,457.32
1003.1,72.315
992.57,1247.6
993.5,603.5
997.12,1235.3
1002.5,243.19
996.24,591.76
997.51,900.26
1007.1,45.92
1003.5,344.1
1000.1,1046.5
1015.5,840.75
1001,471
1001,1114
1008.8,376.42
1004.5,387.16
1002.5,1175
1003.5,550.5
1006.9,649.09
1009.4,1150.4
1013.2,1024.5
1010,1226
1026.8,228.29
1019.3,656.77
1031.2,1316.6
1015.5,620.31
1015.3,957.19
1016.3,602.05
1053.7,132.27
1022.3,993.21
1026.9,418.45
1038.4,340.9
1023.7,738.12
1029.6,969.46
1022,1213.5
1024.8,563.77
1024.9,927.06
1028.9,1028.6
1035.8,449.07
1028,745
1030.3,1013.9
1029.9,1157.4
1034.7,690.76
1031.2,1213.4
1036.8,860.79
1032,1220
1038.3,1230.6
1048.1,278.87
1044.1,1167.4
1039.2,49.328
1057.7,1017.5
1052,407.06
1045.3,615.36
1044.2,1209.8
1043.7,1271.2
1058.3,1115.6
1034.6,1070.2
1047.9,717.22
1043.3,903.6
1049.6,951.65
1063.5,566.11
1053.5,848.14
1050.7,807.55
1052.1,749.13
1054.3,246.94
1056.9,896.03
1069.2,41.824
1055.5,880.5
1060.4,915.71
1065.5,456.8
1063.2,684
1083.1,817.27
1064.6,1072.5
1070.6,1299.5
1087.7,1328
1077.5,620.49
1065.2,1228.3
1068.1,260.51
1068,1269.7
1069.2,320.95
1072.4,382.01
1081.5,1158
1068.5,1251
1097.6,533.8
1078.7,927.72
1071.4,1276.8
1076.8,856.49
1080.3,1186.1
1077.5,350.5
1085.4,900.99
1079.4,16.4
1084.3,257.28
1081,341.9
1081.5,246.5
1082.8,966.86
1080.5,1098.5
1084,1079.5
1091,718.46
1103.3,682.98
1084,337
1085.1,1055
1107.2,434.92
1091.8,356.02
1094.9,147.97
1094.9,942.37
1113.7,365.13
1094.5,788.71
1140.1,160.34
1101.9,305.4
1098.3,245.72
1100.9,135.04
1098,346.91
1106.3,1232.1
1099.1,932.41
1114.2,1105.6
1101.7,1252.1
1106.7,266.38
1107.6,867.92
1108.5,987.14
1127.9,1069.5
1103.5,1067.5
1107.3,1205.1
1120.4,1280.3
1112,77.994
1116.3,4.8785
1106.6,875.4
1124.1,943.75
1121.4,640.19
1111,671.5
1110.6,789.61
1110.6,1031.9
1114.1,1323
1113,258
1115.9,747.64
1134.6,609.95
1128.1,833.8
1126.4,477.77
1122,565.44
1120.3,728.03
1124.2,298.72
1132.8,776.42
1152.8,500.17
1126.1,1216.2
1138.5,550.13
1124,1234
1130.7,28.793
1129.5,660
1130,44
1133.6,673.48
1137.5,1232.6
1133.4,590.43
1135.1,696.99
1142,968.58
1136.1,1189
1137.1,1312.1
1147.8,381.98
1134.1,905.42
1135.9,1166.6
1143.7,315.16
1137,330.5
1139.6,926.03
1140.2,230.26
1142.2,293.47
1140,713.67
1143.8,1124.1
1158.3,18.102
1144.8,1004.6
1143,698
1144.3,1277.6
1146.6,50.52
1146.7,439.59
1146,1016.7
1170.7,1304.6
1150.5,1173
1159.1,242.38
1151,797.5
1152.3,449.75
1151.4,790.4
1158,805.81
1156,984
1151.7,1257.3
1156.8,212.71
1156.8,760.32
1157,967
1173.1,1130.8
1170.1,618.19
1181.4,724.16
1179.7,540.26
1169.1,304.18
1171.2,1003.2
1171.7,467.44
1166.1,986.14
1170.7,1041.9
1178.6,816.22
1190.2,1098.9
1176,434.88
1177.3,154.28
1192.7,21.966
1186,193.81
1186,230.13
1184.2,482.44
1186.5,965.11
1184.9,579.72
1182.1,852.77
1183,871.32
1186.1,393.4
1182.5,370.5
1185.1,62.51
1184,591
1199.7,996.82
1200.9,683.89
1199.1,277.47
1198.1,117.85
1196.2,356.44
1200.6,819.92
1198.7,86.583
1198.2,315.99
1206,408.28
1202.2,488.78
1249.5,1033.2
1201.7,1324.9
1216.1,782.66
1216.9,1276.8
1219.2,624.8
1208.8,1130.8
1206,190
1222.3,344.26
1206.5,1306
1232,159.01
1210.8,907.77
1210,189
1232,654.15
1239.2,948.15
1215.6,425.09
1224.6,722.89
1221.5,1081.6
1227.5,1205.1
1219.7,285.46
1214,765.5
1220,223.68
1230.5,479.3
1218,1312
1220.7,199.65
1226.6,235.44
1220,299
1267.5,1176.8
1230.6,862.58
1231.6,2.5833
1263.2,46.935
1230.9,275.82
1230,1097.1
1233.6,92.015
1236.3,1238.8
1233.3,226.23
1235.8,382.25
1233.4,1304.6
1243,808.69
1236.5,591.5
1236.6,609.06
1240.9,772.72
1243.5,178.24
1241.1,240.91
1253.7,415.68
1247.5,122.33
1270.2,512.06
1251.4,363.77
1245,130
1247,344.46
1251.5,705.58
1247.4,557.4
1258.3,608.61
1249.2,98.156
1262.1,232.38
1254.2,1327.5
1265.7,75.969
1253.8,1086.2
1257.4,735.24
1272.6,1224.2
1255.7,1246.8
1257.4,105.3
1258,172.83
1263.4,803.7
1258,1257.3
1265.4,919.38
1283.2,338.27
1263.7,696.1
1302.5,117.19
1264,571.68
1268.3,742.46
1268.6,785.28
1270.9,565.48
1270.5,1331.5
1274.6,412.16
1272.9,94.412
1279.7,625.74
1277.1,162.82
1283,449.13
1277.1,1284.8
1276.7,686.29
1292,700.68
1288.5,730.24
1305.2,1102.6
1283.2,311.07
1280.6,1252.9
1301.9,545.27
1282.3,947.2
1282.3,797.69
1284.2,923.63
1300.2,1067.1
1282.5,14.5
1285.5,837.77
1282.5,1260
1286.5,3.6444
1294.3,772.97
1288.3,178
1290.5,666.62
1290.9,383.98
1293.9,924.63
1305.2,254.62
1295.6,600.77
1296.8,1015.4
1316.9,37.341
1318.4,790.87
1298,228.5
1301.3,818.49
1303.1,38.053
1300,224
1300.6,1238.4
1308,454.9
1312.9,66.435
1315.7,183.25
1321,1262.9
1313.1,491.46
1310,991.5
1311.4,226.96
1318.4,555.38
1321.4,940.64
1324.1,747.78
1325,360.63
1315,770
1315.5,350
1324.1,607.04
1321.9,336.04
1319.8,1327.7
1319.9,161.5
1325.5,272.78
1327.7,680.33
1328.9,698.93
1328.7,1132.9
1327.6,314
1328.7,983.23
1329.3,1050.8
1328.6,233
1330.2,839.54
1329.4,898.39
1329.1,919.33
1329.4,1188.3
1326.3,411.09
1330.4,1009.7
1330.7,4.2143
1330.6,1228.8
1331.1,320.86
1331.1,1152.6
1331.5,708.5
