5.3248,1190.1
2.2927,1239.4
6.3043,1223.1
15.186,423.34
14,175.5
16.924,1000.4
21.13,949.13
39.718,363.52
40.733,282.42
42.551,1152.2
39.367,1191.4
46.11,193.94
50.837,316.43
78.732,1245.5
78.091,877.91
103.2,732.26
115.31,22.914
130.4,1198.1
154.16,1238.7
158.07,226.16
155.6,405.4
161.22,1215
163.5,501
167.07,47.407
175.5,516.39
183.29,92.827
185.06,866.19
191.27,503.88
188.5,1027
195.78,537.84
202.34,559.38
199.14,1114.5
204.59,1195.7
212.17,863.13
214.92,306.44
213.58,413.58
220.3,687.68
218.14,1245.8
218.05,506.35
233.78,1062.6
236.5,1138.6
246.43,455.81
250.07,891.34
252.57,1050.9
260.72,215.53
267.25,572.06
266.75,1055.5
268.5,998.86
283.69,1175.5
284,410.85
285.69,956
293.95,130.83
293.5,110
301.98,404.14
300.2,469.91
304.76,533.11
307.41,439.07
310.32,209.78
311.8,228.15
311.39,1223.3
316,1043
325.25,126.92
327.5,459.5
331.96,950.12
335,284.35
338.34,393.38
343,234.7
344.5,1101
351.5,64
358.37,100.37
368,251.89
370.09,231.91
381.57,755.53
382.53,158.75
385,121.32
397.8,1078.1
402.14,673.5
405.54,483.72
412.25,300.78
413.3,529.08
416.44,558.67
419,1094.3
420.5,454.5
427.37,461.68
435.47,443.42
439.47,680.22
439.87,327.13
439.17,1006
456.83,660
458,1081.5
460,587.86
461.58,571.11
462,627
461.42,842.89
468.96,519.41
473.66,345.06
489.15,155.54
487,806.17
489.51,379.37
495.91,122.34
496.1,548.31
500.02,564.46
499.84,419.26
508.44,492.72
510.98,308.42
510.88,321.96
520.53,343.19
524.92,103.59
523.89,546.35
523.64,475.67
530.88,388.04
528.42,1013.1
537.41,18.106
539.58,134.45
546,126.5
562.04,204.43
563.17,80.8
566.52,595.95
566.5,483.65
573.25,192.56
572.42,32.105
575.36,16.723
579.96,764.69
581.57,157.83
580.9,40
587.09,1229.5
598.48,140.74
593.7,900.12
598.64,96.748
596.5,476.5
597.17,831
603.39,671.14
604.5,274.5
606.29,1029.5
608.56,154.53
611.53,791.16
609.09,419.91
611.14,183.5
612.5,248
616.2,8.7174
617.77,277.85
617,112
621.73,162.75
621.07,475.07
626.59,195.91
630.76,110.51
628.93,249.95
629.86,481.61
631.66,858.85
632.81,644.97
633.27,175.65
638.5,270
639.66,452.41
642.66,477.38
644.83,194.37
647.24,744.99
645.11,599.58
646.09,588.5
646.92,444.92
650.11,256.18
659.25,100.18
657.99,1243.9
661,729.24
666.73,545.37
669.9,1246.3
674.55,1062.5
672.79,633.29
682.86,533.03
684.35,97.187
687.24,464.57
694.83,509
695.58,485.11
706.53,812.28
705.94,521.01
705.96,436.43
722.43,1128.9
728.62,102.62
739.39,258.39
739.68,157.95
739,632.5
738.78,1045.4
745.72,490.01
746.03,1208.9
751.71,334.93
759.08,774.52
760.32,732.05
761.08,336.92
761.92,153.56
773.54,28.544
769.55,872.23
774.68,212.95
774,902
776.88,760.88
780.55,188.54
778.58,1205.9
780.58,273.89
783.11,997.37
805.05,88.261
821.55,728.61
822.63,936.83
823,1179.1
823.94,1163.4
830.9,1001.6
834.8,569.03
835.59,221.93
838.62,896.34
840.98,26.122
843.18,83.266
843.26,39.743
851.45,676.16
850.23,810.54
852.23,348.46
856.22,241.59
861.88,1145.1
864.63,964.55
866.57,1042.5
876.5,422
880.57,646.3
878.76,1227
883.34,661.66
881.11,791.15
881.09,79.955
885.57,1246.2
887,727.25
892.5,1159
891.66,93.683
894.2,4.44
896.36,806.61
899,83.5
900.69,730.56
900.83,381.05
905.56,956.52
905,157.5
909.79,689.17
913.72,973.7
914.66,358.47
917.34,5.7206
919.58,56.397
917.93,553.07
918.65,865.32
922,22.5
927.04,808.98
927.3,785.38
941.73,897.51
937.62,1053.4
938.61,76.316
939.95,585.3
950.41,247.24
949.32,292.72
955.58,706.28
951.72,864.48
951.38,603.36
948.42,686.11
951.33,527.83
955.42,1003.6
962.88,294.16
961.5,1022.5
967.08,1143.2
965.5,364.5
970.09,1160.5
970.39,69.514
971.9,267.98
972.59,565.92
970.11,1184.8
971.08,690.92
979.92,940.85
975.39,41.114
974.26,292.65
976.24,522.74
975.5,647.5
976.47,311.86
976.61,1245.1
979.5,330.5
980.5,871
986.96,1104.1
985.68,699.78
987.34,1217.9
989.58,200.58
995.28,1145
995.14,32.078
997.14,359.32
995.79,891.5
998.59,1200.9
999.59,1056
999.32,1239.3
1002.2,285.17
1021.9,937.61
1018.4,410.79
1019.3,981.22
1020.4,344.64
1032.5,366
1036.4,340.57
1036.3,305.32
1036.6,480.78
1043.2,983
1047.7,1161.4
1057.8,1037.2
1066.2,1207.1
1066.6,1072.7
1068.9,1164.4
1078.1,1187.8
1076.5,581
1077.5,55
1081.2,729.7
1084.9,5.6032
1085.9,1097.7
1090.3,881.41
1090.2,758
1095.1,691.81
1103.2,1134.2
1102.1,717.91
1103.6,1008.9
1106.6,1097.8
1105.6,860.46
1112.8,101.35
1115.4,393.39
1119.1,502.41
1120.5,52.5
1126.6,1147.6
1130.8,23.439
1131.2,569.62
1131.6,689.19
1133.3,1111.5
1135.8,939.07
1136.7,704.09
1139.9,486.87
1138.6,993.89
1148.6,725.98
1148.1,1076.3
1160.1,690.37
1159.3,720.71
1170.4,1203.8
1176.7,143.95
1177.5,551
1182.3,1137.4
1188,252.08
1200.7,244.45
1208.9,809.51
1209.4,1177
1209.5,724.93
1213.8,771.47
1216.6,879.62
1219.4,1200.6
1227.8,213.56
1223.8,382.69
1225.1,372.91
1228.1,1095.1
1235.6,329.42
1241,1069.9
1244.3,1197.2
1246.4,277.5
