7.1898,17.769
5.8209,538.17
10.566,710.6
14.707,431.26
24.068,402.15
30.484,167.91
37.603,877.77
36.369,835.46
42.88,1185.5
47.353,432.39
54.5,448.5
55.913,491.95
64,965
77.774,584.34
78.667,454.83
84,730.26
90.827,744.07
88.333,573.83
89.824,625.64
91.183,334.18
89.075,513.98
98.989,77.122
106.27,583.92
104.83,536.67
111.89,752.5
112.71,644.96
114.15,142.62
111,573.5
121.7,777.13
120.64,1154.1
128.08,163.46
139.48,75.303
142.2,627.38
139.91,863.91
145.33,728.58
147.95,272.24
151.06,643.68
159.52,1020.8
162.4,575
172.92,498.2
172.8,756.08
183.23,217.38
190.86,705.61
207.91,623.42
213.45,198.62
225.37,1083.4
245.44,98.03
232.69,634.73
233.13,1193
242.42,517.23
243.61,757.89
252.38,930.78
259.79,1190.9
260.68,637.44
262.7,124.04
267.45,859.58
296.06,770.47
303.44,135.9
313.35,1105.5
312.8,863.7
321.59,1046.6
338.29,587.19
343.99,834.4
345.76,512.42
346.48,303.32
352.4,1185.8
356.01,567.87
361.82,942.34
362.91,359.73
391.69,149.68
397.79,169.63
406.47,555.96
406.14,62
421.53,326.15
423.57,257.67
425.32,461.91
435.18,242
459.29,76.548
475.53,689.57
478.85,382.87
483.58,167.06
487.52,599.28
503.02,521.08
502.66,676.53
518.49,1005.3
539.77,841.77
536.17,478
548.29,1145.5
556.91,237.85
566.9,543.31
568.16,859.03
571.96,929.27
572.78,5.0561
569.23,1221.7
574.71,608.55
578.67,1228.3
598.48,287.29
603.02,431.37
613.8,457.09
610.86,203.39
612,799.5
624.24,699.9
636.84,283.84
640.03,851.11
638.94,589.09
644.59,221.07
645.44,743.62
652.29,964.98
653.7,1200.4
656.79,1160.5
659.34,1113.7
663.12,21.263
663.77,1050.5
665.93,883.19
670.96,29.578
691.24,265.36
690.59,206.72
699.1,312
702.94,227.68
704.64,489.93
708.84,1015.1
708.38,372.2
710.58,623.29
720.07,1101.9
724.23,246.04
736.69,509.44
739.54,4.2069
738.33,787
744.61,592.47
748.21,1144.2
750.14,1181.4
752.21,346.38
753.69,795
759.21,626.74
762.91,983.09
767.1,685.46
779.95,818.27
780.38,927.85
788.36,306.01
797.87,113.98
800.89,370.55
808.01,411.71
810.52,473.24
818.94,380.99
818.34,129.38
824.88,773.67
822.82,1133.3
826.28,747
827.71,1109.5
829.93,585.05
831,337.17
835.27,132.57
834.87,684.96
838.87,651.3
839.84,978.07
844.66,772.32
855.03,421.79
855.86,903.86
856.65,743.56
858.05,382.18
858.23,1056.5
873.91,765.22
876.5,94
881.4,793.36
888.51,617.74
887.45,219.29
896.17,563.56
897.8,455.9
911.17,1021.5
912.59,850.24
916,785.5
916.99,231.92
922.32,114.56
929.51,1018.3
939.21,846.67
942.17,782.47
941.68,514.45
955.26,449.36
955.52,472.13
960.79,741.11
956.95,971.84
963.5,133.5
967.72,241.76
981.17,211.62
981.79,281.82
982.39,824.14
988.77,806.41
997.29,1241.7
1002.7,635.82
1005.1,428.84
1025.1,650.78
1036.9,126.56
1035.4,1219.1
1037,221.5
1036.7,1244.9
1045.6,186.98
1050.1,485.11
1048.1,831.91
1052.6,740.3
1064.7,1083.5
1068.8,543.34
1071.1,732.35
1074.1,1134
1072.4,1042.7
1073.6,1207.8
1073.4,795.14
1080.6,72.946
1102.9,1162.9
1100.4,318.45
1111.5,987.1
1112.5,628.07
1118.9,563.09
1120.5,402.5
1123.2,905.72
1132,122.99
1135.7,1117.3
1131,352
1142.5,858.68
1141.8,161.48
1164.4,751.13
1169.8,466.79
1170.8,1214.2
1180.1,248.58
1183.3,802
1188.5,375.5
1192.5,712.91
1195.4,242.89
1216.2,599.54
1225.1,808.59
1236.3,639.03
1242.4,846.11
1242.6,510.51
1245.6,1027.5
