7.4722,16.977
6.3529,536.78
10.856,710.03
7.5789,290.89
16.197,277.85
15.654,434.77
25.123,400.9
23.414,417.34
31.312,167.11
38.586,877.33
36.854,834.7
42.557,124.69
43.347,1185.1
43,237.5
56.68,490.73
64.367,964.37
80.145,455.58
84,137.36
90.037,624.81
92.806,878
91.725,512.73
91.792,742.49
95.074,126.41
99.929,75.929
108.78,751.14
104.34,789.41
105.86,535.5
113.18,644.32
120.32,253.02
122.56,776.31
121.43,1153.9
126.15,529.54
132.63,130.84
139.84,71.143
139.17,688.06
145.8,875.44
148.86,271.37
151.2,643.87
155.11,1181.4
155.99,662.2
163,573.5
165.93,185.7
173.14,498.22
171.02,656.13
176.06,576.09
184.01,216.51
186.9,397.82
186.4,1212.9
190.89,705.03
189.41,659.93
195.41,887.96
197,765.65
202.46,653.56
208.87,622.49
206.44,723.77
214.36,197.68
226.07,1082.9
235.03,90.844
230.5,485.64
233.06,633.77
236.49,689.21
243.38,515.18
245.71,751.27
248.16,101.85
252.66,931.27
260,1190.3
257.9,236.29
261.89,636.89
265.07,101.47
265.26,689
295.85,767.9
304.15,135.54
308.46,166.92
313.51,862.01
314.44,1105.6
322.58,1046.3
338.7,586.53
344.54,833.6
347.05,302.45
346.48,511.45
344.05,451.44
352.95,1185.2
356.96,566.46
362.34,941.22
363.29,358.93
378.5,1056.5
385.1,16
384.53,1189.8
384.57,207.39
389.52,218.97
402.03,172.39
394.06,1068.9
406.62,60.404
405.44,211.21
407.85,555.23
418.22,927.61
421.78,325.51
425.93,461.2
435.56,240.93
443,1100
458.67,76.808
466,1164
479.11,376.42
489.93,322.15
501.8,849.44
504,520.5
508,180.5
515.74,118.93
520,1004.5
522.26,988.2
527.5,405.62
529.38,1076.7
540.47,840.88
549.44,1144.9
557.52,237.2
555.6,396.6
568.63,858.59
566.93,542.69
574.27,1224.8
572.28,928.7
573.62,4.5222
574.6,608.46
599.73,286.5
597.42,728.58
601.61,818.52
604,430.68
608.35,365.5
607.67,1115.9
614.69,456.65
619.92,287.58
617.55,885.59
624.06,698.55
637.5,283.2
640.83,850.55
639.42,202.42
645.16,220.72
645.09,742.09
657.68,861.07
663.44,1050.9
664.84,457.29
691.9,264.42
691.48,205.87
700.19,311.12
701.25,230.01
708.15,1014.6
708.57,370.39
710.99,623.12
720.09,1101.6
721,1166.2
724.57,244.55
729.51,545.07
737.26,508.47
740.67,2.8056
739.5,710.5
745.97,591.55
750.21,1180.5
748.69,118.09
749.06,1143.6
752.62,346
754.39,793.29
760.2,625.37
768.74,684.8
776.39,970.28
780.94,817.71
780.89,927.34
789.33,305.18
796.83,113.46
801.5,370.05
808.88,410.74
819.05,379.77
818.94,1015.3
825.73,772.65
823.5,1132.9
827.48,744.6
836,131.5
838.75,653.54
835.5,684
839.56,318.97
856.02,421.24
852.8,34.914
854.03,735.44
858.97,384.16
858.95,694.38
876.19,766.7
889.1,616.85
884.96,909.08
896.28,562.58
898.14,455.74
906.76,678.5
913.5,850.5
916.16,784.77
918.07,232.99
922.5,10.392
922.78,112.78
931.4,1018.5
937,102
942.29,782.5
939.1,845.48
941.56,513.53
948.32,727.78
954.83,448.7
955.96,471.19
957.95,971.37
963.28,738.41
964.94,328.45
968.08,240.8
982.28,211.71
982.22,281.12
985.59,746.72
989.34,805.31
992.06,293.78
991.82,583.05
997.11,1241.3
1003.4,635.08
1000.5,197.5
1006,428.39
1025.5,650.3
1037.6,126.4
1046.8,186.12
1051.4,484.34
1054.5,739.08
1053.4,868.19
1065.1,1083
1064.6,375.2
1069.5,542.06
1071.1,921.75
1072.9,1125.5
1071.9,731.69
1073.2,1238.4
1074.1,459.82
1073.1,1041.9
1073.8,1207.5
1077.6,1141.2
1077,492
1081.7,72.153
1088.5,580.75
1093.3,545.66
1103.8,1162.2
1100.4,317.89
1108.2,572.81
1112,986.45
1113.5,626.92
1117.5,1208.5
1124,904.5
1136.7,1117
1133,122.76
1138.2,154.43
1134.3,758.44
1143.3,858.48
1147.5,824.86
1165.6,751.05
1170.9,465.94
1171.8,1212.7
1177.4,157.14
1180.6,246.8
1185.1,799.41
1187.7,376.12
1189.9,931.41
1217.2,598.94
1216,164.06
1216,870.75
1218.6,561.38
1226.2,807.71
1236.3,638.92
1240.4,346.07
1243,509.61
1243.2,845.4
1246.6,610.6
1246.6,1028.9
