6.1053,711.42
9.1389,1143.6
11.459,494.08
22.65,216.1
21.745,708.68
28.962,275.31
26.178,26.4
26.389,496.61
31.925,877.2
42.109,648.56
46.299,884.51
49.459,131.78
59.389,890.93
61.252,527.3
60.878,119.98
63.29,256.55
67.73,478.24
78.933,269.26
77.123,564.58
79.034,710.17
78.5,2.2308
98.056,286.04
105.72,505.12
103.5,897.5
122.55,233.67
127.15,356.35
128.19,126.41
140.6,284.11
140.42,316.15
142.58,442.58
153.58,90.343
153.34,434.85
172.4,765.4
174.35,29.837
176.15,283.63
174,210.17
185.21,487.96
192.06,190.34
190.12,389.65
193.93,1060
198.68,110.61
196.91,42.091
202.17,355.66
199.89,506.42
217,160.17
225.92,174.38
246.29,968.8
253.03,858.05
253.86,359.7
255.18,162.4
257.26,237.69
262.17,494.63
279.37,927.5
271.81,485.43
271.93,375.59
274.27,755
281,1159
286.5,659.79
296.44,1224.1
298.08,881.56
315.24,1210
330.09,57.556
335.61,787.29
336.93,277.69
341.4,1177.4
341.57,1227.5
346.13,965.98
348.12,467.18
350.85,181.4
354.4,123.89
356.5,243
356.58,1026.5
357,1187
361,528.33
369.42,371.31
369.61,153.14
372.1,996.33
373.58,107.85
381.41,848.72
387.5,1096
389.61,1008.7
388.5,247.63
390.08,273.44
403,346.5
403.43,452.02
405.26,807.91
401.91,1154.1
407.43,235.31
414.63,109.54
421.39,1192.4
443.25,1225.5
444.44,1142.1
449.27,120.86
447.15,152.46
449.74,795.79
454.39,817
456.16,1028.9
470.61,163.67
468,1109.5
475.77,102.54
477,92.826
486.13,600.31
490.58,271.18
490.23,677.56
489.06,1047.4
492.45,1118.5
497.55,465.02
514.07,929.58
523.93,171.59
538.28,497.46
533.55,1105.3
538.67,52.1
539.73,518.11
537.93,125.86
549.86,907
554.14,510.14
559.63,484.48
560.36,500.61
560.5,810.5
567,1135.8
575.29,812.12
586.23,972.63
592.62,639.99
610.96,565.06
612.32,499.61
621,60.667
630.01,121.06
633,877.25
636.18,175.37
636.07,1189.6
637.69,361.08
640.4,68.78
647.45,140.39
644.77,1245.9
646.64,804.97
647.85,294.58
652.07,575.83
653.14,885.68
651.43,124.47
653.82,48.529
661.09,1240.8
660.6,169.11
664.84,131.18
662.04,9.549
668.31,732.93
669.42,521.42
693.01,768.82
697.05,592.59
702.56,1008.5
700.42,163.11
703.63,1247.1
705.54,278.65
705.35,312.4
710.78,508.95
707.94,324.57
709.62,575.18
710.76,1236.9
712.5,849.24
714,227.5
725.14,262.2
723,146.74
723.22,75.625
726.81,314.68
728.73,871.28
730.87,228.99
737.44,1246.8
742.54,68.606
742.18,35.818
746.44,605.83
747.97,1006
755.5,935.5
766.59,318.9
769.13,7.5556
770.06,978.09
776.86,720.7
781.41,72.076
788.87,476.08
795.58,1053.4
817,625.25
817.29,1147.3
832.79,1029.8
844.1,309
843.5,624.5
851.33,64.561
857.46,1125.7
860.71,104.5
863.92,1088.7
863.62,713.6
876.57,712.85
873.5,311.5
879.67,544.96
879.11,746.58
886.97,863.64
894.59,647.9
894.89,282.63
899.12,1014.5
926.53,664.83
937.29,7.1104
933.63,23.062
937.58,557.42
939.32,872.59
949.3,750.96
946.61,23.523
945.93,927.59
956.41,278.76
958.52,1128.3
964.05,18.946
967.61,35.212
976.63,184.37
978.5,1066
985.51,556.16
985.37,53.78
993.59,79.541
994.91,19.412
1001.9,796.1
1003,56.5
1009.2,912.92
1015.6,433.53
1016.3,69.611
1022.6,922.45
1032.9,1087.8
1033.6,637.97
1043.2,54.559
1050,1104.2
1068.3,82
1069.7,544.06
1080.8,59.757
1096,1187.2
1102.6,174.07
1102.9,10.346
1111.6,63.543
1114.8,1082.6
1116.3,740
1119.9,707.91
1125,464.5
1125.4,785.55
1134.8,18.809
1148.4,29.213
1146.8,213.11
1149,1112
1155.8,370.45
1156,205.56
1155.5,347
1156.6,62.711
1160.6,73.199
1167.8,218.78
1162.9,48.964
1161.8,1227
1163.8,90.913
1168.2,745.66
1176.6,41.986
1184.4,1230.7
1183.4,485.37
1188.8,170
1204.2,392.03
1204.1,1116
1206.1,310.38
1211.3,30.357
1216.4,867.38
1219.9,399.29
1221.9,905.5
1224.4,709.14
1227,829.45
1229.5,962.67
1234.7,547.47
1235.4,776.77
1244.7,997.13
1243.7,1036.5
