1.9355,140
2.3793,368.62
12.388,874.02
10.871,356.67
12,159.15
14.621,509.95
19.735,101.57
20.333,713
27.975,195.44
30.557,1080.6
41.795,306.52
45.586,1140.9
54.905,672.03
60.991,1000.6
60.956,163.33
72.683,1078.9
82.162,657.21
93.989,823.65
92.556,158.25
91.595,273.64
96.575,28.116
93.571,627.04
98.369,570.43
101.39,1136.9
110.09,505.91
114.14,150.96
122.55,631.14
122.88,895.6
122,70
128.59,59.674
134,90.425
141.87,304.57
141.32,704
148.63,461.14
151,1160.3
157.68,25.054
160.99,571.42
160.8,1243.3
166.82,14.6
168.97,307.53
170.41,192.37
172.93,67.593
184.99,48.521
178.53,30.452
180.41,988.9
196.41,824.37
201.07,22.779
213.45,234.83
205.71,97.388
221,54.916
221.42,353.19
226.29,142.26
227.06,197.5
228,1119
229.57,1027.9
232.38,711.33
238.38,780.96
241.22,684.68
241.71,362.1
241.28,504.83
245.5,618.62
250.5,737
253.83,1159.5
254.34,792.4
255.79,824.73
254.2,1044.6
256.55,28.71
263.01,611.88
263.71,306.55
264.92,386.48
268,138.5
276.2,709.56
279.15,444.94
277.5,1023.5
284.77,69.213
287.07,687.13
285.59,923.41
287.88,93.884
288.97,1023.3
291.88,48.453
291.31,755.19
293.09,862.91
299.39,1246.8
302.96,1234.7
304.09,241.2
307.55,669.91
311.2,1102.2
315.5,24
318.11,1220
314.08,977.08
322.28,810.14
329.32,676
327.78,531.52
334.55,222.46
342.77,1129.7
349.74,589.69
341.5,291
343.57,952.05
343.5,1176.5
349.41,817.42
350.06,603.06
358.11,185.78
356.47,1088.8
377.09,409.91
378.92,1167.8
377.93,444.93
383.13,670.31
380.5,765.5
385.57,365.35
393.46,834.25
396.09,322.87
408.62,961.46
412.43,596.47
410.83,871
414.29,840.05
429.44,216.45
428.88,4.8269
428,19.5
434.5,458.28
445,1052
446.78,348.43
448.86,925.02
450.08,717.56
447.74,780.13
451.8,767.64
451.3,427.46
451.93,956.95
454.5,1020.7
459.85,668.4
459.5,824
465.16,639.59
475.42,874.67
475.74,345.97
478.91,1091.4
483,1215.1
489.23,677.91
485.12,1184.1
485.94,1233.4
488.04,915.69
490.27,819.16
489.93,1092.1
502.82,716.85
505.94,442.09
508,320.5
511.16,487.72
516.49,168.15
517.48,861.91
517.88,290.8
517.51,1172.7
521.39,1143.1
520.59,829.55
522.92,471.46
541.33,411.94
544.04,523.88
549.19,81.071
549,683.9
551.71,615.01
552.59,423.38
557.5,733.78
563.07,1032.4
570.52,111.34
571,213.75
576.55,383.89
573.98,717.4
572.62,858.85
577.7,672.96
587.12,196.38
589.18,1135.7
590.93,1188.1
592.4,110.59
589.92,363.33
592.86,1051.3
594.79,6.2442
595.43,266.04
601.68,822.19
605.69,92.589
621.66,1107.9
621.86,480.91
622.05,425.59
623.52,1070.7
625.17,711.37
624.47,913.05
637.24,688.95
630.6,759.36
635.62,246.79
639.81,420.89
638.26,504.66
645.81,5.8469
644.74,469.93
660.37,74.456
663.82,856.09
665.56,944.14
670.66,576.57
671.73,1070.7
674.14,835.72
676.33,371
678.07,1096.9
681.02,643.05
687.78,1172.8
686.91,552.95
693.67,804.66
692.54,115.87
698.54,1197.7
697.03,497.57
695,1079
697.43,1062
698.06,877.94
708.23,736.14
711.88,438.64
717.81,383.5
714.64,1027.8
717,544.5
722.1,133.01
719.53,929.73
722.38,575.38
742.24,270.98
747.91,307.09
751,1237.5
756.23,1173.2
755.55,1155.6
764.1,647.84
767.09,171.06
767.38,572.66
768.29,354.07
770.89,608.89
770.07,893.62
775.73,677.01
783.71,352.75
789.09,77.909
795.81,217.71
795.61,620.88
795.59,728.47
794.92,1164.1
801.1,474.41
801.5,585
805.35,1221.1
810.17,1234.8
817.9,492.57
819.89,754.63
819.07,1006.4
838.86,839.98
837,648.5
839.04,781.63
837.5,1127
842.38,870.56
842.11,1026.1
849.56,337.43
846.89,26.421
850.25,213.03
856.32,94.908
855.3,240.04
869.62,804.55
871.09,194.91
873.5,45
876.79,617.03
879.7,518.57
877.63,262.34
881.62,575.19
885.14,952.28
883.23,120.73
885.89,351.11
883.13,1201
896.05,692.57
897.25,184.92
923.38,765.88
933.19,989.1
931.06,1122.5
932.5,940.26
930.94,502.09
937.83,1101
941.08,1030.5
940,882
947.79,1105.5
949.5,588.5
955.95,38.516
960.42,757.76
959.07,910.93
962.3,1205.3
968.42,1081.3
979.32,145.43
979.78,914.92
985.5,1033
989.54,711.47
989.08,1196.6
992.06,47.462
993.95,181.08
1002,641.56
1002.2,943.59
1015.6,944.95
1026.1,769.65
1031.5,1071.2
1041.5,860.94
1042.8,1109.4
1043,1198
1044.6,436.92
1048.3,1226.6
1056.6,182.1
1056.9,382.11
1056.6,100.91
1060.4,56.911
1063.4,1230.5
1064.6,589.94
1063.9,1200.6
1066.6,1210.6
1071,1071
1072.6,1015.9
1076.5,379.5
1076.1,581.09
1076.1,1167.6
1077.1,838.08
1092.8,1172.2
1098.1,293.07
1101,47.147
1104,288
1108.6,932.58
1116.2,298.18
1110.9,530
1111.6,542.41
1112.7,337.77
1115.2,1057.1
1114.7,425.52
1120.7,697.17
1126.8,171.07
1135.1,63.444
1137.6,524.58
1147.2,112.21
1152,1246.7
1155.9,1111.5
1158,289.65
1162.3,677.63
1166.6,868.36
1167,191.27
1168.5,264.79
1170.7,1046.9
1171.6,648.48
1178.2,898.74
1176.4,823.33
1181.2,1136.7
1183.1,726.39
1185.2,77
1192.7,929.33
1204.9,302.13
1202.5,743.77
1201.9,223.09
1202.5,664.71
1206.9,404.71
1207,1210.7
1210.1,1164.9
1212.3,532
1221.1,380.62
1219.9,1012.4
1243.1,777.89
1242.4,115.47
1246.8,595.3
