2.3846,109
3.6575,1095.2
7.8611,375.61
11.056,426.74
11.402,1177.7
17.126,256.24
19.43,1208.6
34.963,147.03
34.5,921.66
35.51,185.16
51.659,1134.1
55.581,919.16
50.463,1081.5
58.143,1023.5
64.701,45.569
66.949,553.91
65.576,738.42
81.062,347.91
88.529,1055.9
86.854,790.85
92.383,760.91
95.561,395.75
94.475,1143.5
96.769,423.58
94.533,1115.4
103.72,740.6
111.44,218.95
116.45,982.31
120.5,873
122.67,596.98
130.77,996.75
130.39,538.86
146.66,695.46
144.45,138.77
149.82,1196.8
150.5,992.35
155.53,822.06
158.33,770.97
160.86,901.63
165.46,76.48
171.78,456.51
169.73,1155.4
173.42,610.7
170.96,753.56
177.37,291.95
197.24,565.45
201.18,805.37
202.05,241.16
209.42,263.52
213.41,671.5
216.41,1144.4
224.23,422.6
226.44,1059
233.68,743.68
226.8,136.44
231.91,1110.1
234.3,4.803
236.94,886.03
245.43,1027.9
247.15,1232.2
249.29,1064.5
268.74,941.27
267.65,770.44
270.46,839.08
273.5,1240.5
286.12,1107.2
287.83,777
289.27,1206.3
297.31,955.75
299.14,1000.5
305.33,380.06
310.56,614.19
315.63,141.83
317.72,756.15
316.93,1007.1
322.49,712.34
325.16,1116.9
329.89,408.92
329.46,646.84
341.33,1246.9
344.65,699.47
343.12,599.97
348.9,348.5
356.45,916.44
357.15,46.974
367.31,560.61
377.9,55.919
383.43,1152.2
391.1,752.58
410,729.88
413.87,715.87
412,742
425.3,668.25
428.77,108.23
425.18,743.24
425.25,719.75
429.84,935.12
432.59,802.68
437.45,1168.9
441.67,628.53
444.09,534.91
451.5,1209.7
455.54,222.84
457.75,738.94
457.5,859.35
467.28,797.59
468.4,1197.6
469.48,915.62
478.9,742.82
487.16,525.85
492.16,900.98
491.81,308.14
501.14,190.86
504.62,758.45
505.12,206.52
517.35,708.63
528.99,969.15
527.58,157.39
527.83,821.34
540.59,722.47
549.54,231.63
552.26,2.2174
553.25,1101.9
558.7,715.88
557.86,1236.4
565.3,83.759
562.01,984.25
568.12,1054.2
567.58,371.42
575.04,291.05
581.12,1143.9
582.83,145.73
584.5,251.5
586.25,757.54
600.66,377.38
599.97,877.79
601.2,440.2
612.15,660.22
616.21,735.97
616.43,620.57
617.24,786.41
615.42,1075.9
633.5,161.5
633.75,598
635.6,26.92
645.44,417.63
645.5,238.5
651.52,268.85
657.04,1179
668.36,765.51
673.88,806.53
678.76,1111
681.08,63.459
684.32,789.47
686.86,704.55
688.88,981
696.85,1205.4
703.27,806.04
712.57,1105.6
716.81,1205.3
720.37,111.54
730.96,316.48
749.12,680.87
748,1031.3
751.65,319.5
763.54,1177.3
763.68,631.95
782.49,3.6056
793.27,245.61
792.03,524.03
792,816
803.57,708.95
806.69,317.17
808.95,1127.3
811.13,780.33
818.14,246.26
820.91,183.7
826.34,475.3
825.71,1170.4
825.56,1054.9
826.71,86.29
828.5,834.5
838.24,322.45
836.07,292.44
842.7,97.116
840.93,509.41
852.15,1216.7
875.44,959.45
870.5,1033.5
881.42,607.65
884.71,750.38
887.29,831.51
891.25,537.96
892.64,679.07
924.13,181.77
924.63,1145.8
926.01,808.44
932.61,543.26
931.04,901.43
942.55,802.55
940.47,1243.8
948.43,260.91
951.2,505.44
976.5,1244.5
985.66,147.42
989.2,756.07
996.15,1068.1
996.54,602.78
998.83,359.4
1004.9,109.46
1004.2,421.46
1004.1,741.91
1016.9,48.354
1017.1,941.88
1020.2,140.54
1029.9,1224
1033.1,512.5
1046.6,91.357
1056.2,1213.9
1075.4,920.16
1077.2,394.9
1087.4,777.02
1082,1188.5
1096.4,787.66
1104.3,708.93
1105.6,826.4
1104.4,1065.1
1120.3,795.16
1119.3,686.33
1121.7,746.91
1128.4,254.89
1135.2,339.11
1132.8,874.71
1133.5,789.63
1145.3,604.26
1143,820.59
1146,87
1153.7,743.3
1148.5,1245.1
1148,514
1148.9,350.23
1154.6,658.68
1152.3,115.81
1160.4,813.89
1163.6,920.31
1166.8,678.77
1171.4,31.292
1170.2,546.44
1175.6,947.95
1177.5,508.37
1176,564.65
1177,1164.3
1178.2,152.85
1176.7,646.4
1182.1,878.48
1188.3,994.39
1177.7,1091.1
1185.7,716.27
1185.5,435.94
1189.5,896.95
1187.8,1077.9
1188,634.5
1195.4,760.65
1192.5,231.38
1201.8,562.59
1201.1,616.72
1201.7,692.86
1205.8,390.99
1210.5,808.68
1214.2,871.33
1227.9,902.14
1221.2,853.34
1220,606.49
1226.3,677.28
1222.9,782.79
1221,332.31
1223.9,283.11
1236.1,799
1240.8,416.26
1244.5,853.48
1246,703.47
1246.2,836
1246.7,682.29
