2.569,958.83
7.5,1129.5
24.014,606.09
29.818,163.18
30.116,981.12
35.939,1094.3
38.369,394.43
51.074,252.59
58.656,1130.4
67.425,94.037
69.133,1200
70.315,774.33
78.315,256.44
77.278,915.72
82.333,1051
95.66,1025.9
104.1,78.783
135.98,976.7
134,286
164.78,968.32
176.47,739.05
192.56,908.08
195.02,1206.1
195.44,1100.9
199.48,61.025
206.21,842.84
210.43,861.53
219.13,948.98
226.12,680.59
229.5,828
240.63,1171.4
251.42,746.39
257.5,132
266.06,1189.7
269.6,1163.9
281.09,433.68
283.29,98.464
286.46,339.53
312.31,695.49
313.42,1128.5
314,106
316.44,468.7
327.02,1170.2
328.32,397.82
341.54,1237.7
351,435.24
359.38,1210.8
366.02,1099
373.52,197.95
380.5,108
393.22,1242.2
388.09,469.91
428.4,305.4
433.62,843.66
435.72,434.64
438.62,711.39
439.22,1239.5
454.5,603
466.78,529.13
468.5,620.29
475.76,30.566
472.5,68.5
475.93,576.75
474.26,927
473.67,1235.2
493.93,463.59
496.26,577.35
515.73,573.44
527,160.52
536.1,858.62
542.8,991.62
558.88,780.88
559.74,503
577.11,669.72
586,134
596.03,103.26
595.89,1243.1
609.05,950.42
609.94,284.94
613,557.5
616.74,427
616.07,519.59
617,692
631.9,3.6567
640.6,242.96
644.89,468.51
649.94,946.09
677.67,642.89
677.83,757
679,854.76
692.96,207.78
702.91,651.5
704.66,1245.6
721,568
721.32,639.87
727.24,801.02
736.72,492.5
734.42,73.576
742.5,693.74
743.86,731.5
746,1219.8
745.42,573.42
747,617.75
751.36,398.32
767.59,291.1
768,446.5
774.22,363.24
783.79,353.67
783.93,1013.4
800.06,797.15
800.38,945.02
805.44,1243.8
813.9,835.39
811,1227.8
839.67,352.4
840.62,693.2
852.88,531.12
854.67,1230.4
855.42,937.45
860.39,1246.3
864.16,999.94
874.62,12
880.12,804.36
894.83,166.9
894.15,570.95
903.46,1186.9
908.83,965.85
911.73,659.61
911.84,1085.6
915.44,607.76
915.92,227.08
920.76,1128.8
927.43,1218.2
933.11,282.39
935.47,475.79
965.88,765.76
972.5,74
983.09,484
992.94,287.69
999.11,543.37
1003.5,819.5
1005.1,882.88
1005.4,1234.9
1009.3,991.88
1024.4,99.5
1033,238.62
1029,874.75
1049,222.79
1051.3,595.81
1053.2,711
1070.1,816.92
1081.2,364.38
1079,668.17
1081.1,804.91
1083,1156.9
1085.6,737
1086.7,478.23
1090.9,611.75
1121.8,749.28
1121.8,409.5
1125.9,1209.8
1128.7,478.18
1140.2,736.02
1142.3,1236.5
1143,327
1148.1,998.53
1156.7,647
1157,1189
1169.6,867.4
1187.7,531
1199,82
1201.3,918.71
1230.4,329.35
1231,348.39
1234.7,23.038
1243.6,1221.3
