3.6282,37.744
13.103,74.906
1.7586,107.24
2.0889,149.44
23.899,153.13
31.597,338.37
2.7606,431.13
1.8,484.5
3.5875,498.55
7.2221,698.4
1.5,783
1.875,814.5
2.075,833.25
3.7442,851.26
45.235,864.99
2.8462,1145
18.191,1227.9
3.875,1288
8.4424,536.18
18.744,595.15
9,93.5
10.242,100.09
12.653,320.98
16.081,2.1622
47.774,66.481
13.615,958.81
21.712,782.31
42.064,1042.5
31.484,252.16
26,1.5
32.987,9.2368
35.287,371.92
31.105,825.42
44.871,519.79
49.905,614.88
42.335,353.51
40.122,1166.3
46.633,559.63
50.351,229.61
60.099,1243.2
50,149.4
49.769,1279.3
53.896,370.93
89.617,14.499
82.153,1320
58.102,189.86
58.316,940.14
59.529,1166.6
61.5,968.36
66.038,361.17
64.963,977.11
70,166.5
71.5,373.5
78.159,899.93
77.091,132.09
87.305,361.34
84.421,142.89
89.573,580.5
99.023,1165.7
101.25,260.89
95.863,393.2
94.286,385.43
96,155.5
100.81,162.75
100.21,654.38
101.67,1209.6
106.28,680.79
103.33,403.46
105.09,343.05
107.4,578.2
140.56,486.16
108.26,829.96
127.24,929.69
112.07,160.56
130.33,440.02
124.59,845.97
121.03,1089.1
125.61,714.29
125.07,694.48
148.72,1053.3
183.67,1296.3
131.1,222.32
130.45,260.33
135.29,581
143.42,598.94
143.79,730.56
141.62,1017.2
141.57,553.37
153.72,42.114
140.56,686.22
151.94,304.27
148.6,689.4
155.31,561.5
158.74,854.3
153,584
157,14.5
182.72,1029.1
165.71,74.558
175.35,8.0888
178.29,760.63
167,890
171.7,900.41
170.67,969.33
174.5,811
339.26,139.94
183.06,439.74
177.03,714.08
194.61,1189.9
181.18,725.63
180.41,792.41
242.14,515.14
239.54,691.4
193.59,894.06
195.45,904.82
201.86,20.409
214.89,1033.6
204,691.12
207.09,435.52
212.02,953.29
210.78,1129
208.5,664.5
216.7,433.6
217.52,180.17
220.7,999.09
231.62,1276.1
229.23,321.93
229,895
229.86,1008.1
247.79,1043.2
233.82,1235.8
257.93,1170.9
235.04,1224.1
241.07,1019.7
237.79,1113.6
243.2,345.98
246.68,1082.4
243.38,562.41
254.66,1223
255.12,321.94
256.54,999.54
260.1,1014.3
287.29,1272.2
266.56,86.8
275.93,1068.3
274.03,1004.6
274.14,1139.5
307.17,969.45
286.3,396.79
289.57,1023.5
294.45,1173
312.5,34.262
321.21,514.26
296.51,140.96
305.31,375.12
301.86,926.55
330.36,1142.9
398.08,673.42
303.91,1264.5
308.34,416.74
311.44,1053.2
311.58,187.42
314.61,1073.5
311.1,1254.8
314.52,64.481
322.55,627.93
321.1,1023.2
324.01,1237.4
323.58,4.0417
335.23,1255.8
329.04,897.44
328.59,1187.9
335.24,730.09
335.57,530.57
358.02,620.36
346.08,188.08
348.43,922.83
352.53,1.7812
353.39,1302.8
361.52,89.095
356.29,207.01
357.62,511.38
363.87,1239.4
361.62,1023.6
361.5,51
365.22,1.8261
369.41,1290.9
380.48,1309
450.41,297.69
371,567
377.73,1065.8
376.97,92.042
397.6,1112.5
383.21,437.07
393.27,112.87
400.5,425.53
403.93,1309.7
408.16,1267.9
436.56,527.36
409.4,32.96
420.47,143.04
421.85,1231.9
410,1258.5
434.76,1139.2
420.19,1157.6
418.73,1296.9
425.74,663.09
425.52,1182.1
430.26,595.24
465.36,985.94
459.33,28.545
435.4,312.6
441.64,63.234
451.12,570.34
449.41,408.94
451.42,71.895
451.9,715
453.61,89.75
466.2,566.16
530.81,1133.2
472.34,771.02
467.04,1064.4
469.42,688.2
472.57,1146.6
476.09,483.49
473.96,821.85
491.32,706.7
479.5,809.12
484.45,934.43
482,616.5
485.65,511.61
487.77,1151.7
492.75,1314.6
491.84,801.87
490.95,757.6
500.39,413.47
502.12,428.9
504.16,402.7
514.59,844.89
514.71,478.47
507,543.5
508.5,390
520.2,1289.1
515.37,463.23
519.67,78.818
557.22,142.51
522.08,116.08
527.33,377.3
523.86,28.857
527.52,355.55
622.6,541.91
533.5,268
535.32,980.73
533.37,1325.9
534.42,302.45
534.4,247.4
535.86,1280
542.02,1272.6
544.05,287.95
552.85,1322.5
549.84,17.365
557.22,189.64
554.62,379.86
553.35,602.63
553.46,865.57
552,1279.3
564.92,65.137
562.76,534.79
555.08,225.08
563.66,258.35
560.77,617.27
569.53,429.03
568.74,1202.5
567.83,714.39
569.08,1139.1
607.34,184.53
572.49,903.96
577.18,5.344
618.67,1290.1
578.69,1239.6
591.45,1212.5
582.73,488.64
581.95,514.69
577.5,1159.5
580.71,869.57
585.14,26.643
586.48,385.32
586.11,875.42
597.97,71.054
568.16,1262.3
598.14,164.24
591,1249
594.04,964.6
596.13,946.71
599.57,298.57
604.47,1046.9
656.58,735.97
617.51,336.88
619.91,1090.8
621.17,825.87
617,1070.3
620.51,251.3
633.24,1237.2
622.89,13.889
645.03,779.57
628.19,285.64
630.72,270.55
636.56,218.11
639.04,675.05
634.67,935.24
643.53,392.94
675.76,268.69
634.4,851.18
636.17,965.81
635.38,810.5
638.29,995.08
644.89,1209.2
643.9,919.55
643.19,1015.9
645.77,885.17
647.69,1159.1
651.06,518.59
658.43,622.5
662.18,174.26
655.32,468.91
654.89,820.42
702.5,63.118
662.8,683.23
659.58,324.89
671.19,435.9
666.58,1074.1
678.03,1252.1
679.63,359.32
673.49,320.48
673.14,422.77
673.5,117
678.65,129.88
676.08,331.5
683.67,192.8
687.09,162.52
688.26,842.53
689.5,1047.3
690.37,519.76
691.5,1063
698.36,1033.9
693,1055.5
695.94,892.09
766.44,1131
697.47,905.07
709,226.76
709.68,265.11
701.68,307.9
703.61,1140.3
721.71,605.01
705.52,542.96
714.41,815.61
706.68,159.97
711.75,322.33
710.61,493.5
715.72,1160.9
718.87,928.02
715.96,954.06
723.25,369.07
727.55,1304.8
751.61,354.45
721,1173
726.22,1189.9
729.95,1000.4
754.97,544.76
728.32,719.03
728.5,1216
735.87,1232.8
731.73,214.38
734.42,879.24
754.34,162.43
741.46,288.55
740.7,129.43
744.59,969.33
755.82,222.42
755.25,921.77
752,619
757.98,887.76
753.75,1007.1
758.95,114.68
768.15,684.43
772.96,620.46
763.1,1252.2
760.74,1020.6
763.08,12.455
769.13,1292.3
763.11,403.28
771.19,853.13
782.6,236.02
771.84,465.48
769,205.5
772.51,816.39
783.79,963.62
773,735
774,1058
779.05,923.1
787.92,151.59
818.13,502.51
788.4,1229.6
801.12,1316.2
789.15,642.73
798.95,833.6
792.7,77.826
800.63,396.39
808.03,559.37
804.65,705.04
832.24,31.146
806.23,379.53
802.68,582.19
803.34,1050.4
824.43,252.6
809.46,431.46
811.79,603.34
810.37,206.95
809.5,883.36
869.85,974.6
814.85,94.464
815.21,876.21
817.5,1077.5
822.81,1061.6
826.09,1257
830.74,627.19
866.32,108.33
831.21,820.43
835.66,305.64
831.48,351.19
831.49,975.56
830,1049
835.55,1109.2
835.5,214
836.77,956.92
837.49,228.42
837.95,608.05
871.35,829.51
844.77,430.77
856.41,231.52
847.87,459.4
847.31,1077
848.34,771.17
863.68,1266
850.42,1241.6
851.62,67.552
854.04,929.02
852.37,332.5
861.6,796.8
855.12,527.35
868.79,1308.7
856.9,255.86
862,1068.9
860,944
866.36,539.01
863.71,939.43
867.5,355.17
890.52,392.92
870.58,463.99
902.64,207.79
876.75,486.96
883.5,984.35
879.5,350.77
888.07,538.64
880.67,527.67
880,87
918.92,437.81
895.06,9.209
918.24,1309.7
904.04,548.53
918.11,335.32
934.37,938.26
898,25
899.66,614.02
900.5,66
905.46,597.36
969.95,729.96
907.17,587.31
906.5,67.5
910,1263.5
940.55,52.731
919.23,806.23
921.05,298.37
921.91,962.09
927.82,639.92
926.4,781.5
932.76,651.59
934.88,104.04
933.6,80.4
966.03,898.66
938.48,600.21
940.66,28.128
988.87,535.68
940.86,570.91
945.4,620.6
949.5,546.49
955.58,636.95
966.19,571.66
963.73,9.6188
968.64,253.28
975.67,231.21
1012.5,329.47
978.04,622.67
980.76,32.292
983.07,256.24
991.39,834.14
983,44.5
986.39,7.6348
984.5,152
1001.3,87.85
998.98,613.09
1006.2,15.812
1006.2,884.99
1004.2,730
1005.2,844.3
1018.5,111.99
1005.5,362.36
1005.7,714.67
1014.7,382.36
1096.3,352.77
1142.4,841.78
1041.9,967.41
1018.7,217.59
1016.1,583.74
1039.7,823.19
1014.5,571
1020.4,136.28
1022.4,684.31
1021,174
1035.9,13.296
1032.4,855.4
1027.6,277.12
1029.4,80.294
1045.9,1087
1039.1,253.79
1064.9,472.58
1034.2,880
1033.3,998.85
1039.6,683.07
1060.3,1027
1044.9,1248.6
1055.3,95.979
1077.5,1257.7
1053.4,873.1
1061.1,220.34
1062.6,543.83
1061.7,1194.1
1095.2,219.12
1075.1,816.33
1064.5,1068.6
1073.7,743.29
1072.4,730.35
1083.6,989.31
1072.6,1099.9
1080.6,1142.5
1081.3,69.416
1075.9,97.421
1075.6,481.11
1109.8,685.99
1081.5,1.5
1092.9,1066.3
1114.3,476.06
1090.4,1026
1084.3,93.674
1090.9,1039.3
1091,613.68
1093.2,115.93
1095.5,584.36
1085.9,647.42
1092.8,1331.2
1220.5,931.15
1096.4,31.429
1105.6,523.72
1143.8,1227.3
1104.2,509.17
1111.2,1219.4
1136.2,1022.1
1111.6,1261.7
1125.9,1078.6
1119.1,783.71
1121.9,222.38
1156,421.27
1118.8,1247
1125,1235.8
1129.3,395.33
1127.6,491.11
1126.8,904.83
1166.6,597.49
1145.7,707.45
1137.8,884.25
1137.6,289.12
1148.6,366.83
1141.9,795.82
1146.9,159.42
1171.1,45.371
1149,347
1160.5,748.95
1154.6,726.27
1163.5,871.97
1168.1,374.5
1166.2,761.99
1167.2,120.8
1165.9,680.67
1175.5,294.04
1180.7,320.28
1175.1,1327.7
1174.7,499.06
1176.1,642.26
1176,862.5
1183.3,1212
1180.4,1313
1187.4,450.07
1182,550
1185,1143.5
1201.4,6.2749
1185.6,857.57
1192.7,822.06
1189.6,733.7
1195.5,713.72
1228.8,108
1207,478.81
1191,740.5
1196,952.17
1194.2,412.73
1196.4,1260.2
1201.6,173.98
1199.6,384.22
1204.8,364.76
1210,1324.6
1202.5,694.5
1204,577.37
1207.7,837.36
1217.9,393.71
1209,91
1216,693.46
1213.6,55.5
1219.1,425.52
1215.4,637.07
1215,39
1218.3,735.12
1225.4,820.64
1271.7,341.58
1224.3,661.32
1235.9,950.69
1223.1,382.48
1277.4,1238.7
1237.2,1320.3
1259.1,712.84
1242.5,739.33
1230.8,1206.5
1236.2,585.53
1237,639.55
1242.3,279.73
1269.5,300.4
1281.7,487.21
1246,851
1249.2,1201.7
1254.5,115.71
1252.2,686.49
1272.9,753.16
1273.8,1306.2
1292.7,37.308
1303.5,214.38
1264.5,870
1269,1156.9
1270.8,85.871
1282.8,407.22
1303.4,688.75
1276.7,798.94
1285.1,115.98
1310.4,1106.5
1289.2,1025.9
1296.3,147.7
1292.9,754.81
1291,1039
1297.3,366.49
1298.5,85.5
1313.9,811.38
1304,926.09
1309.3,91.233
1310.1,743.5
1313.9,978.6
1310.6,1293.1
1324.2,364.53
1314.7,932.15
1319.5,858.63
1321.5,1279.7
1317.4,1034.8
1320.1,178.57
1320.9,721.34
1327.1,960.39
1327.7,1238.8
1327.5,1165.6
1330.4,943.53
1331.5,55
1331.5,1033.5
1331.5,1039.5
