4.0833,624.92
7.3725,842.45
9.3556,417.28
12.941,781.97
13.404,854.27
22.323,469.88
27.659,985.73
36.528,1067.7
34.991,1128.4
37.649,303.91
42.909,488.91
51.649,627.25
58.104,213.48
58.469,483.66
61.273,814.91
64.301,510.95
69,974.32
78.054,361.14
85.169,298.08
81.929,387.81
80.8,623.56
85.895,590.58
88.014,1237.1
92.849,574.43
98.762,1176.6
100.05,222
112.12,815.88
114,945.17
115.5,853
116.41,500.07
129.58,232.89
136.81,735.73
145.18,872.64
147.76,945
150.88,792.11
151.89,383.42
157.5,1064
173.02,71.065
173.38,1060.5
171.58,945.89
179.99,360.93
182.07,195.05
187.7,328.9
187,1073.3
194.63,1107.5
200.11,547.09
211.77,520.19
208.37,606.84
219.44,450.91
217.06,661.56
212.2,748.91
218.89,1188.6
229.48,202.43
232.6,916.24
231.62,555.45
238.65,172.44
244.73,602.07
243.91,666.98
245.1,1018.1
247.9,464.02
248.84,800.54
255.27,426.46
262.78,701.4
259.42,108.45
259.08,520.92
261.7,598.23
265.93,742.58
265.26,425.32
274.55,861.04
286.5,728.5
290.12,474.9
295.82,427.86
294.39,353.86
297.66,956.56
298.55,1015.8
296.91,322.13
296.87,898.26
300.52,654.7
301.66,96.625
301.09,488.09
302,734.68
308.29,30.118
315.64,268
319.71,5.8315
318.43,553.47
318.43,904.82
318.39,520.57
326.44,548.08
338.24,229.2
335.22,506.44
341.65,1245.6
343.09,284.17
343.64,441.82
342.11,690.06
353.95,224.46
352.56,886.08
361.36,107.45
362,540.5
365.91,577.88
370.73,438.18
375.07,976.56
381.59,911
382.63,992.92
386.47,51.989
393,1063.6
397.93,462.56
402.71,501.54
407.12,545.59
416.88,435.33
416.76,350.8
419.68,764.57
418,732.83
428.93,718.95
432.13,38.538
431,194.5
433.07,1120.6
435.33,491.18
436.69,48.208
448.33,629.21
443,385
446.55,43.247
449.45,466.29
447.65,480.25
451.06,379.31
454.92,409.08
461,697.24
470.25,356.79
472.02,344.85
477.02,929.95
484.91,860.33
492.78,490.53
499.05,576.56
498.91,1154.3
507.72,889.21
503.65,930.94
521.99,536.26
524.54,1137.5
527,605.83
530.04,649.56
536.02,1221.9
545.93,765.59
548.5,947
553.88,501.88
555.64,1219
565.56,423.71
557.46,688.59
559.45,380.45
563.1,298.54
571.05,705.03
567.68,366.66
569.83,649.75
574.31,514.9
577.19,680.09
577.39,869.14
585.48,594.06
585.95,1232.9
591.2,1043.4
597.47,169.22
595.81,601.54
600,661.25
598.85,875.93
612.58,258.06
616.23,377.6
615.6,612.93
618.07,728.59
625.08,820.87
620,899.5
631.39,958.06
630.85,259.78
632.5,843.5
637,210.94
636.91,598.48
640.73,608.41
647.58,720.82
642.92,494.08
643.09,863.95
645.58,924.89
651,360
652.58,619.45
658.18,13.415
655.13,291.51
652.5,374.5
656.03,274.56
655.59,639.81
660.95,486.17
660.56,672.92
662.34,258.62
663.74,840.86
667.64,918.09
676.84,1046.7
679.93,795.53
680.07,614.41
686.77,77.215
683.59,233.07
688.7,215.12
687.42,728.58
695.22,64.135
697.04,301.86
703,761.5
703.62,897.62
709.05,574.32
710.4,712.5
711.5,533.5
713.06,80.553
720.44,625.04
718.58,555.18
718.89,781.63
720.08,964.8
724,1067.5
729.44,202.92
730.42,171.42
732.37,913.9
732.54,761.62
731,985
748.2,131.94
747.5,12
754.8,424.52
760.74,331.8
763.58,796.58
768.15,822.34
773.41,198.7
774.58,513.89
777.74,839.41
778.95,86.467
783.87,569.02
785,690.75
787.92,1033.4
788.54,450.86
791.54,607.08
805.42,479.09
806.67,704
814.04,352.56
813.35,22.207
815.97,1157.9
818.87,489.89
824.74,260.72
829,563
828.42,1093.9
835.48,923.4
838,504.85
839.83,491.07
841.66,846.66
843.94,612.82
848.13,368.68
848,413.5
849.25,210.07
857.16,970.02
861.83,660
867.86,1010.8
867.07,240.42
868.32,541
874.77,218.4
879.72,120.85
880.68,386.33
881.07,861.41
883.92,774.44
886.66,293.47
891.83,89.982
889.43,257.61
893.42,64.424
901.52,427.7
905.5,75.5
911.64,520.67
910.5,442
912.53,757.84
921.34,129.41
920.09,616.91
925.25,895.97
930.06,501.57
936.75,464.18
934.5,594
935.44,834.17
940.31,317.47
941.58,219.58
948.91,721.99
949.58,556.85
951.22,688.15
950.88,530.12
964.13,272.35
972.58,556.69
975.63,485.36
978.13,18.739
980.21,597.67
984.03,690.72
985,415.07
988.46,489.88
991.87,621.85
995.55,646.91
997.37,1076.5
1005.9,193.59
1019,629.32
1027.4,1001.5
1028.1,1086.7
1028.4,592.07
1032.3,204.89
1043.5,1147.5
1049.8,7.3468
1047.3,637.07
1056.7,76.344
1057.5,295.3
1069.9,533.64
1072.8,708.4
1071.3,121.17
1080,650
1085.7,4.6211
1086.1,184.53
1086.4,537.51
1097.4,387.08
1098.1,1125.5
1103,655.18
1105.2,44.05
1106.4,676.76
1105,982.75
1105.2,132
1108.9,636.42
1109.6,826.38
1109.1,939.62
1113.4,709.84
1116.9,534.09
1116.3,129.75
1119.6,319.95
1127.7,687.12
1128.2,122.46
1130.8,506.56
1133.1,275.29
1130.5,786.44
1131.4,1043.4
1134.5,481.77
1136.9,383.37
1140.8,568.95
1144.9,525.07
1146.1,803.66
1148.6,443.95
1152.3,1047.7
1154.7,1244.1
1160.3,874.93
1166.7,1093.5
1168,695.03
1175.2,982.52
1176.6,476.37
1178.4,1066.3
1185.6,591.03
1195.2,1035.5
1199.1,104.67
1197.5,190.07
1199,336.24
1201.1,843.08
1202.9,1134.2
1203,140
1202,163.83
1205.8,417.41
1208.7,85.346
1209.1,492.09
1217.9,996
1220,196.64
1224.1,28.872
1223.9,578.38
1226.1,920.42
1233.3,872.5
1235.3,1091.9
1237.5,179.53
1241.6,1021.9
