2.2917,247.79
4.887,676.52
2.2667,1048.6
5.5588,887.85
8.7021,322.83
10.26,869.6
9.4906,1121.6
10.895,275.58
14.288,235.71
15.109,481.63
22.44,423.14
24,1090.6
26.34,877.77
28.404,244.29
28.329,295.79
31.335,795.73
27.935,914.07
36.31,905.32
36.612,1156.2
36.39,316.93
38.579,760.11
41.883,369.17
43,642
49.364,1221.7
47.895,1187.6
55.037,521.76
57.1,808.05
58.549,1142.9
59.659,163.89
63.265,1165.4
75.575,495.32
76.145,579.68
69.058,340.85
66.333,7.1667
73.895,289.3
67.067,841.07
72.474,176.88
70.424,448.58
72.5,18
79.132,356.07
76.314,541.17
80.587,272.05
78.909,1197.1
80.611,373.14
83.698,685.42
84.421,809.89
88.604,1080.7
88.466,261.56
90.969,299.84
88.2,984.56
94.108,493.76
95.405,195.36
95.083,575.08
99.86,678.14
102,372
102.33,226
105.51,650.81
104.94,1217
105.33,42.353
110.21,430.52
106.34,578.47
112.17,686.46
110.59,820.82
112.9,1233.8
110.5,189.64
112.46,520.83
111.23,475.91
113.34,110.82
115.26,758.34
118.47,164.61
122.29,722.99
117.09,1107.1
123.24,471.1
129.88,417.49
128.36,767.63
128.91,360.55
130.5,1207.5
131.5,488.5
136.16,1041.8
134.14,694.99
143.67,224.21
135.6,472.64
137.43,571.14
140.41,716.07
143.05,1210.3
139.86,512.14
148.27,356.64
143.17,461.87
145.48,316.22
149.1,1000.5
151.47,405.83
150.74,673.61
156.06,151.74
157.14,431.84
159.5,115
167.05,1067.8
172.58,498.19
163.5,1005.9
163.5,538.62
169.34,917.72
168.42,745.55
171.91,786.91
173.34,945.32
177.64,1017.9
175.17,1141
186.31,621.07
179.26,1056.6
179.58,1245.8
180.97,888.48
182.5,934.5
188.94,984.88
187.66,420.12
185.29,1000.5
195.19,1025.2
191.33,1008
195.56,967.44
196.91,56.091
197.6,650.36
196.36,1192.7
200.25,411.25
205.44,340.45
207.55,847.89
209.06,503.75
211.78,1062.7
214.35,788.42
214,1163.5
221.91,1175.9
226.5,592.05
224.94,319.59
227.15,662.08
230.58,1243.8
230,645.74
234.93,499.97
231.93,1232.4
239.67,649.94
245.43,597.96
251.69,2.3333
251.84,540.07
253.19,1153.3
251.17,1228.1
262.42,1205
259.08,318.08
267.53,826.88
272.11,1176.3
271.83,1234.3
279.7,905.28
286.37,406.19
281.19,1186.3
285.83,589.36
282.71,779.39
281.88,1133.3
285.8,492.44
287.83,282.8
289.95,9.3488
290,1012.5
295,917
307.86,725.38
303.04,553.49
311.93,924.75
300,796
309.42,50.06
306.52,840.43
311.56,1036.9
314.92,201.65
322.26,1231.7
318.39,310.81
324.29,455.57
327.17,1158
326.22,1114.2
324.07,629.59
340.12,727.34
334.5,1233
338.29,377.96
339.48,1016.4
340.52,580.95
345.25,843.06
345.5,369
349.17,979.97
351.41,254.21
353.56,152.08
356.78,352.25
359.91,501.78
358.95,529.82
361.5,295
361.29,476.71
366.17,1120
368.16,218.18
367.52,994.12
365.17,193
369.34,84.723
369.09,1246.1
369.91,307.13
380.39,333.44
374.7,33.046
381.61,617.33
383.18,371.94
391.09,1023.1
385.82,672.23
387.86,974.99
386.57,520.77
391.06,270.92
392.95,791.59
392.54,563.17
402.43,756.23
396.93,1111.4
400.56,1006.1
402.43,1057.6
402.09,334.09
404,729.17
416.65,754.66
414.5,419.5
429.09,526.79
422.93,933.53
424.63,422.71
420,547
428.11,976.59
423.5,842.5
431.38,310.39
432.8,1220.4
430.8,1181.9
433.15,1029.6
432,116.5
438.25,889.24
439,950.62
444.62,997.03
441.96,491.66
445.6,781.32
446.91,1226.7
444.97,429.93
445.5,1022
457.4,627.66
447.91,983.05
452.42,932.89
466,893.21
458.8,834.91
461.75,252.17
462.5,814.5
465.41,1003.4
464.54,223.22
471.12,586.95
470.19,1217
472.88,130.19
484.51,421.34
475.84,657.65
474.57,1056.4
477.89,237.55
479.06,262.09
483.4,152.59
486.93,901.61
488.13,670.83
487.51,942.74
493.13,342.17
493.82,1120.5
500.56,511.87
501.18,1074
503.32,1115.5
505.52,730.52
506.56,972.61
506.84,551.97
510.18,1039.3
511.5,28
511.45,379.29
513.07,1222.4
523.97,1086.1
522.75,645.99
522.37,868.97
527.14,1037.1
524.24,634.12
527.14,507.81
528.86,382.86
530.68,853.07
531,616.5
534.04,1197.6
533,365.5
554.23,674.82
544.37,767.12
551.67,1133.3
552.7,1203.1
553.91,610.91
561.18,727.95
565.02,1015
562.96,1031.2
565.73,583.27
569.5,222
576.3,482.32
572.38,682.35
583.38,324.98
578,493.5
584.29,1101.8
596,813
610.52,534.11
605.44,734.93
610.48,1053.8
608.26,1244.9
610.42,366.55
615.11,507.42
611,54
614.87,6.5429
614.69,777.12
617.62,923.47
622.71,554.52
620.84,380.13
619,730.5
622.33,765.51
625.58,1064.8
623.5,482.5
629.63,784.61
625.39,726.61
634.5,448.5
634.91,576.2
638.65,1223.1
644.89,672.66
644.65,727.11
641.3,317.55
642.94,235.47
643.92,536.95
645.33,172.73
646.36,1161.8
646.05,1020.1
646.99,1047.5
653.15,322.21
661.67,708.25
659.07,756.59
659.5,737.5
662.78,769.42
662.96,1013.2
668.32,421.23
665.94,895.91
671.75,380.2
670.5,514.5
674.27,737.73
673.07,796.59
674.5,889
680.1,24.662
678.56,1100.3
684.9,410.18
689.18,601.08
694.39,667.28
691.5,933
705.02,720.59
708.43,312.04
709.84,341.76
709.91,274.09
709.85,912.35
712,369
715.32,851.74
719.89,1029.9
715.38,332.09
720.77,1148.6
723.44,9.7455
726.2,460.56
736.31,560.62
740.21,342.63
741.58,674.48
743.33,19.645
741.33,918.68
743.18,252.02
742.88,399.82
745.5,859.5
745.69,891.55
745.43,93.609
749.81,52.512
749.82,308.33
756.49,402.72
751.65,778.71
750.5,658.5
754.49,553.26
756.22,528.56
761.98,726.03
765.87,33.544
765.37,264.87
767.71,19.729
767.5,1103
772.59,904.41
773.19,1120.7
777.62,283.29
776,1001
777.93,351.49
779.57,1101.8
786.36,3.3333
788.03,894.41
788.77,41.083
787.77,338.56
788.83,400.95
791.6,352.84
793.89,1127.8
801.41,229.1
802.33,397.43
802.21,1067.8
803.06,1243.2
807.06,86.446
812.83,992.27
814,295.77
813,257.4
816.88,318.95
818.29,2.8627
821.32,82.38
821.06,955.2
827.68,307.48
835.9,911.23
837.24,286.51
831.92,228.56
839.95,692.57
836.39,1135.4
838.95,675.68
838.5,600
843.36,48.276
842.16,11.686
841.21,405.65
845.65,1227.4
847.09,374.94
853.09,1001.2
849.57,850.61
852.18,419.12
851.63,1051.4
856.15,319.26
856.34,740.5
860.74,26.176
861.33,1187
869.61,448.44
865.5,1009.8
867.15,798.73
868.5,31.5
870.5,337.5
880.03,278.63
882,1208
888.11,237.3
885.3,1225.1
887.91,453.09
889.5,266.5
892.19,1028.1
895.15,286.93
904.03,250.22
894.5,655.5
900.32,860.35
897.5,368.5
899.19,954
899.09,680.91
904,1144
905.93,40.933
912.24,309.22
910.28,1026
917.85,134.01
915.37,705.23
917.54,674.89
914.5,548
917.94,214.45
927.74,477.81
918.74,991.79
921.19,285.41
923.89,1216.6
926.12,25.791
929.45,186.41
926.98,240.94
930.87,790.51
930.66,1047.5
931.5,175
938.15,892.65
940.52,257.1
943,317.5
947.44,359.16
947.91,762.77
948.63,852.87
953.37,344.12
953.62,891.31
955.22,508.46
956,185.33
961.42,646.95
967.59,479.79
964.73,917.7
964.17,1027.7
966.69,120.55
966.13,200.78
969.4,506.56
977.72,248
973.8,770.56
976.03,290.33
978.39,1138
983.76,400.64
981.5,595
991.58,852.38
984.14,343.51
987.1,716.97
988.75,81.032
992.39,1147.9
995,166.79
995.29,1237.2
1000.1,709.68
1001.1,300.22
1003.5,313.75
1002.5,1203.7
1004.6,119.86
1009.3,180.54
1006.6,868.39
1008.8,898.44
1014.1,998.2
1018.1,1165.2
1018.3,408.05
1015.9,425.2
1014.5,778.5
1019.3,672.86
1019.7,147.35
1019.8,195.78
1020.7,810.28
1022.8,208
1022,482.5
1022.5,232.5
1024,136.48
1025.6,473.78
1027.8,795.3
1026.8,846
1039.9,959.96
1032.8,521.27
1028.9,897.84
1035,741.07
1036.3,11.545
1033.2,1088
1037.6,438.59
1042.2,576.52
1040.4,429.89
1040,1098.5
1043.5,761.22
1055,366.59
1049.9,400.2
1044.6,1025.1
1053.9,1057
1052.4,263.66
1056.1,544.04
1060,619.16
1062.5,928.93
1073.7,213.2
1071.1,812.92
1079.4,433.97
1075,1041.5
1078.4,978.55
1078.8,411
1079.1,191.82
1078.2,867.29
1085.3,363.88
1086,311.68
1090.9,389.23
1089.1,767.81
1095.9,271.35
1093.9,849.35
1094,505.32
1098.4,810.7
1096.8,256.32
1097.2,1093.2
1105.9,287.85
1109.8,1084.2
1110.6,514.98
1104.9,551.09
1109.7,900.61
1115.3,366.8
1117.7,884.31
1119.9,846.58
1120.8,429.46
1125,227.64
1122.6,382.62
1122.6,1212.9
1122.9,247.44
1142.4,652.31
1142,292.83
1140.9,331.91
1140.8,362
1146.3,793.85
1148.4,196.03
1148.8,245.43
1153.4,1149.8
1149.4,387.34
1153.6,837.6
1156.1,805.13
1157.3,408.16
1159.1,89.81
1164.1,1200.4
1163.1,1172.1
1166,363.69
1167.9,413.62
1170.3,752.12
1169,1237.5
1177,1245.4
1176.9,1228.3
1178.7,891.79
1182.4,708.11
1187.1,958.8
1187.7,104.94
1190,812.18
1192.3,310.97
1191.8,993.1
1191.6,274.4
1193.1,893.9
1195.1,907.77
1194.1,1243.4
1200.1,1223.8
1201.3,478.56
1204.6,692.81
1203.5,109.5
1208.7,173.79
1213,873.31
1210.2,262
1212,672.5
1220.3,1244.5
1215.1,747.59
1220.7,176.1
1224.5,745.77
1223.6,636.11
1231.5,804.97
1231.3,1028.4
1232.5,918.22
1233.5,1243.5
1238.4,377.92
1236.1,996.58
1237.9,1205.1
1238.1,776.44
1240.3,1088
1244.4,302.84
1243,760.46
1243.8,921.94
1246.7,774.21
