8.5432,1049.3
16.344,663.92
18.252,995.31
35.732,685.6
35.139,282.61
39,210.68
39,792.17
39.857,997.5
47.111,84.867
48.5,829.5
53.929,945.01
54.663,367
72.614,842.72
75.179,1076.4
78.633,1016.4
80.174,14
86.843,539.05
85.723,35.877
87.052,1101.5
91.882,946.14
98.292,598.72
104.03,5.2893
106.6,858.78
106.39,876.35
114.23,347.63
115.08,1073.8
118.92,532.78
120.13,38.839
124.15,1000.2
127.06,900.44
124.5,1145.5
138.39,88.012
141.26,699.68
142.1,1002.9
145.49,281.55
144.95,306.08
152.68,174.64
160.5,869.5
162.06,1142
207.93,158.95
226.91,204.86
238.82,553.33
239.91,84.955
243.31,572.94
251.11,1211.9
251.92,446.54
253.81,929.07
258.9,1047.8
259.57,789.21
260.07,240.41
271.33,103.15
270.67,875.9
282,477.75
286.15,269.54
296.26,491
297.96,410.37
297.6,1004.6
300.11,979.59
306.68,1192.2
309.93,160.8
312.42,979.89
327.4,1088
328.52,916.42
331.93,1004.1
339.46,1196.6
344.88,563.64
347,736.73
349.08,361
351.99,198.38
350.58,27.105
355.5,1127
358.62,828.92
359.56,101.66
362.48,1067.1
361.5,248.5
371.93,337.59
379.76,1111.2
384.06,988.65
386.16,478.35
396.27,1148.7
402.28,1239.4
404.38,402.66
406.47,335.06
404.87,474.26
410.39,115.69
410.45,244.59
417.42,427.11
421,180.17
426,242.5
439.57,857.82
444.93,95.694
458.15,289.94
467.17,756.59
468.22,238.86
478.73,984.8
476.91,1046.9
483.61,499.32
489.52,276.02
484.38,927.38
489.76,72
496.15,1128.6
498.92,753.33
501.13,966.39
503.93,672.42
506.01,814.81
506.07,160.41
505.88,323.53
506.91,6.9091
507.91,201.09
516.15,368.55
520.34,872.93
526.8,328.54
531.46,138.91
545.3,525.4
543.58,1028.2
544.47,58.032
545.5,475
554.09,1057.6
560.77,1109
567.91,283.19
563.93,396.59
574.93,819.56
585.46,94.169
588.97,800.75
587,1005
590.18,1208.8
594.92,478.08
610.04,31.805
616.28,663.66
618.12,139.04
622.29,1047.8
626.07,789.68
626.41,992.98
627.81,893.72
627.97,951.47
630.94,407.9
635.65,1177.8
635.93,74.955
641.91,996.91
644.61,555.39
655.3,307.38
654.43,925.95
660.47,894.66
670.61,115.94
671.53,604.62
669,902.24
671.09,1183.6
669.59,367.07
684.21,520.79
685.16,226.03
696,624.68
705.11,32.472
708.13,851.72
711.5,905.39
714.4,1015.1
716.42,161.42
721.08,1234.2
723.95,574.85
729.67,894.11
733.03,697.29
731,264.17
739.3,788.24
744.33,170
755.82,1002.9
756,161.18
756.46,1093.1
770.02,418.02
762.6,852.3
762,914.7
765,1087.5
783,1084.5
788,242.17
790,854
802.17,647.79
803.58,148.69
810.61,762.86
812,216.83
821.58,628.58
831.11,570.31
835.42,201.42
839.37,595.19
839.42,254.89
845.7,240.12
857.67,820.57
862.95,104.15
872.9,1040.1
874.42,332.58
879.58,189.52
886.91,53.909
886.67,1145
889,948.5
894.44,233.22
897.76,1007.5
903.1,380.26
903.93,635.41
917,90.207
919.74,385.6
921,283
926.77,1002.3
924.17,1017.7
927.61,695.27
940.08,568.92
944.34,1009.9
948.57,734.47
947.58,846.89
953.5,987.5
959.38,943.64
967.24,14.227
970.4,650.71
967,35.5
991,760.14
994.86,43.989
993.61,98.611
992.42,492.89
1000.6,1046.1
1009.5,638.09
1007.2,880.11
1010.2,471.95
1009.4,139.42
1012.2,570.31
1013.7,918.47
1018.2,381.3
1024.4,900.89
1030.2,836
1036.2,263
1043.1,478.33
1045.3,324.31
1055.1,990.88
1056.5,133.5
1061.6,633.11
1068.5,152.05
1069.6,375.4
1078.9,1198.5
1089,122.45
1100,156
1104.1,911.8
1104.2,401.57
1103.1,840.5
1111.1,339.15
1112.1,971.7
1119.1,50.826
1132.1,1184
1151.3,332.78
1157.1,1004.6
1159.8,726.1
1166.6,1049.9
1172.1,481.92
1176.1,400.17
1184.8,1044.4
1185.5,273
1185.5,349.5
1192.3,1216.5
1212.8,291.88
1203,542
1208.8,1050.4
1209,1213.7
1209,762
1212.2,355.4
1224.6,271.52
1231.9,440.92
1235.5,1167.7
1242.8,433.64
