1.5,233.5
1.5,257
3.0312,384.47
1.8,431.5
5.5381,478.45
4.8174,694.58
4.4234,729.25
1.9091,802.23
4.3723,901.48
9.8851,502.82
18.556,606.5
16.74,1117.6
11.11,452.7
17.734,1265.1
21.527,1325.1
39.827,912.53
24.262,999.97
31.456,386.93
20.465,269.81
31.129,330.87
48.161,1073.9
24.69,893.66
37.861,819.22
35.08,1110.4
63.168,1183.1
33.885,503.86
46.326,1029.5
42.518,696.19
48.832,870.05
33.346,19.154
32.421,27.105
43.065,535.41
50.219,54.714
61.172,1306.4
51.214,616.38
58.02,712.82
81.268,393.97
65.506,511.22
62.211,551.74
57.421,1213.1
58,741
84.089,184.79
62.325,649.65
102.25,115.23
94.521,1257.8
69.882,335.83
67.362,670.36
77.815,681.65
91.999,558
98.501,951.97
86.529,455.71
91.867,1147.3
100.8,1085.4
89.854,1213.1
134.32,1315.1
102.1,311.74
101.93,648.59
144.79,83.755
117.35,1116.4
111.18,404.32
109.96,592.79
108.48,1198.2
105.5,254
120.5,1026.3
127.72,883.84
127.02,832.27
138.82,416.44
125.64,987.44
125.65,1195.1
129.69,595.27
143.64,1256.9
143.17,481.12
138.45,948.59
136.5,778.74
156.1,637.83
145.39,1051.7
146,846.54
166.71,977.78
149.11,1225
159.84,1328.1
147.53,777.45
150.96,794.65
158.26,800.16
172.06,424.27
192.47,1064.4
163.59,928.06
167.52,824.91
168.29,948.29
169.55,560.6
169,527.5
172.54,696.51
187.84,650.57
171.06,171.94
182.61,769.01
179,483.5
179.58,582.11
186.83,1293.4
183.55,984.95
188.2,108.86
185.5,595.2
184.77,1275.1
184,1280
197.31,1099.5
255.97,1279.3
270.91,66.879
237.73,814.19
218.69,906.34
215.06,1065.5
198,1304
204.1,411.16
206.78,800.1
238.46,1322.2
215.83,1184
215.5,531.39
217.65,579.74
220.36,799.95
217.09,1210.1
221.04,349.12
218.89,572.42
222.02,140
223.53,151.77
228.68,754.69
226.27,1299.4
281.45,342.39
243.99,639.65
232,462
233.57,467.43
241.77,194.24
238.43,542.12
242.05,482.63
245.27,1189.1
243,1008
246.09,1014
249.5,1023
255.6,543.4
251.2,779.31
271.12,982.33
259.26,1038.3
265.46,419.35
279.61,685.9
262.47,729.85
291.55,1051.6
302.99,272.28
298.42,750.29
277.39,1296.8
278.47,706.43
317.55,580.63
288.99,771.82
288.21,1089.6
289.28,661.87
291,784.14
300.66,463.39
297.5,832
334.72,170.14
306.35,499.12
302.8,848.32
304.93,665.17
312.05,632.52
308.71,229.4
315.3,99.024
312.46,1182.8
313.9,1131.2
316.38,1139.2
349.62,1249.6
321.9,528.02
323.09,920.69
337.6,1301
353.48,1183.3
339.29,409.88
341.65,360.18
343.74,764.98
369.64,352.31
343.61,515.39
346.76,1118.5
344.4,894.4
349.49,705.34
353.44,534.97
358.3,561.7
375.76,745.3
371.41,439.84
371.28,779.86
426.79,865.62
363.5,914
366.8,1329.5
386.83,1017.3
407.92,162.38
375.61,591.88
376.5,688.5
386.16,712.29
381.76,630.31
410.73,210.36
381,788
392.71,1303.3
387.73,1272.1
393.33,485.92
392.81,1195.2
419.03,929.79
405.44,557.93
402.52,961.19
425.61,1153.4
401.7,234.13
412.2,762.42
401,791
412.54,100.38
412.49,668.52
415.08,421.92
421.11,951.28
424.37,590.29
426.64,1020.5
460.21,505.13
445.86,716.89
432.34,1323.1
430.57,154.71
464.86,1101.8
433.1,1123.9
432.6,996.6
435.82,242.36
439.71,262.63
441.57,956.9
452.23,452.14
451.33,254.78
448.45,1018.2
467.53,964.82
480.34,1156.3
451.89,768.58
513.45,232.35
463.41,696.94
468.61,1177.9
465.5,992.5
476.17,195.09
487.77,1295.1
497.08,873.8
532.39,765.41
479.4,834.6
485.2,522.08
486.84,811.56
487.23,979.86
489.25,1131
491.86,1049.6
495.65,534.32
494.93,454.17
504.74,808.89
538.86,1088.6
522.64,1210.3
507.31,937.96
504.88,1068.5
525.77,6.1536
512.49,29.649
507.6,179.6
520.81,711.71
513.15,150.58
514.76,202.79
526.24,966.18
533.96,100.62
522.77,49.286
527.77,566
521.14,1190.1
524.11,903.51
528.98,807.29
527,1144
537.41,500.24
530.4,604.4
541.19,708.04
553.69,915.56
542,1237
548.48,805.34
549.73,843.85
571.06,653.73
554.72,1013.3
570.04,1302.5
555.93,825.59
558.75,1322
564.43,1251.9
563.72,172.16
567.99,964.62
566.06,827.21
569.35,483.15
571.61,116.57
599.18,840.31
573.68,1184.4
574.32,1203.3
577.58,732.93
686.86,1047.9
592.51,975.74
583.64,127.37
609.6,176.78
597.18,609.27
598.13,776.05
600.24,882.37
642.7,663.59
657.86,559.43
679.76,96.949
614.98,750.02
649.54,703.12
661.86,31.728
634.65,1288
638.11,1072.1
632.64,1133
649.07,447.09
659.23,846.28
646.96,989.57
651.13,1294.4
657.27,383.13
653.83,765.85
666.7,931.09
655.8,1274.7
694.15,814.92
688.98,882.25
686.8,1002.5
719.45,17.511
680.15,398.81
712.88,1180.9
716.72,474.52
699.9,660.68
722.37,363.29
698,1216
719.02,1124.5
725.76,76.994
720,632.65
727.75,1231.4
730.71,140.89
733.93,843.13
730.39,858.96
740.5,1231
760.42,947.95
759.96,545.53
753.88,876.5
765.47,885.95
761.56,1010.9
833.21,191.34
758.71,497.43
766.1,792.94
765.55,839.45
782.42,90.592
776,988.41
762.67,509
766.06,917.41
777.15,25.308
815.6,1257.7
813.79,450.25
792.91,568.01
787.88,1186.3
794.61,895.81
802.61,1126.9
788,69
795.89,58.778
792.91,127.38
799.97,5.03
802.7,980.15
807.77,80.434
804.95,1292.1
814.72,1186.5
824.8,384.02
821.08,743.48
819.2,874.34
836.78,47.761
820.24,19.893
831.84,958.42
828.67,1309.9
865.65,1032.7
844.47,1326.4
856.39,891.8
858.59,1052.1
859.7,1305
862.28,918.66
929.49,594.93
883.04,373.15
869.28,61.958
867.98,955.34
868.44,1136.2
891.56,405.42
882.08,984.41
890.79,441.12
954.35,1090.3
928.45,1326.8
895.5,18.393
919.73,493.34
930.79,1286.8
920.3,902.52
908.5,513.5
914.03,1146.9
971.7,156.69
932.24,1142.3
961.24,1183.4
945.88,1307
969.92,258.41
967.84,226.41
959.8,388.25
962.62,556.23
1036.6,903.87
971.21,38.298
979.06,1062.8
975.4,117.84
1050.8,262.81
1009.2,191.9
1004.5,62.45
1044.5,529.51
1015.5,597.33
1022.4,230.91
1031.7,20.143
1032.3,393.29
1022,645
1036.5,257.72
1046,1190.6
1042.8,992.54
1069.6,354.73
1069.6,1036.5
1069.9,1304.2
1075.6,1323.1
1083,559.81
1071.6,690.61
1076.8,413.08
1090.2,678.9
1102,24.361
1110.5,927.35
1107.3,342.65
1116.8,791.12
1104,552.24
1116.9,327.8
1157.6,1111.4
1158.5,1021.4
1151.2,1236.2
1168.7,553.05
1175.5,107.68
1173.1,817.57
1171.5,534.5
1186.2,512.21
1217.7,795.87
1207.2,642.21
1212.6,610.28
1208.5,661.5
1208.9,690.97
1214.5,975.5
1227.7,887.38
1218.9,430.73
1219.9,583.99
1223.5,558.51
1223.3,1023.5
1226,1064.2
1226.9,1037.1
1227,12.839
1240,993.85
1228.6,654.57
1248.9,376.61
1241.9,432.37
1287.1,45.731
1255.9,196.65
1243.8,1294.2
1244,864
1298.7,815.39
1288.5,695.43
1276.6,181.76
1297.1,1230.4
1310.2,1068
1319.1,162.7
1320.3,327.26
1319.5,1189.1
1315.6,64.031
1328.4,118.72
1328.5,256.57
1329.7,200.9
1328.1,1286.5
