2.5,375
4.3556,400.33
1.8571,1121.4
14.957,486.39
12.787,347.87
15.1,700.62
15.962,916.63
21.793,223.03
19.682,390.76
25.064,902.84
21.391,151
35.929,251.66
33.462,472.85
38.139,727.39
40,210
42.4,1100.2
46,419.42
53.204,609.61
53.868,717.82
59.492,1209.4
57.156,183.25
61.878,841.02
66.667,1101.4
70.375,155.22
72.473,957.78
71.105,983.58
81.587,1178.6
80.357,432.14
81.864,885.15
87.099,838.1
90.828,664.6
97.368,574.88
93.92,686.44
100.5,328.5
107.89,39.032
108.78,10.175
110.25,492.24
110.19,887.87
115.31,969.97
116.54,466.02
124.56,848.91
126.25,82.612
136.28,812.62
135.68,952.5
137.3,1222.3
141.7,437.1
142.42,1142.6
143.2,783.1
148.05,697.74
150.09,629.6
153.5,1101
159.12,659.69
157.64,722.6
157.13,914.7
157.64,1176.2
162.43,801.53
169.56,811.17
174.18,641.32
182.4,370.12
178.44,563.79
183.19,1236.1
189.14,654.5
190.8,1178.5
197.79,238.46
202.02,1016.7
197.44,932.08
193.58,1218.1
206.07,1129.7
200.5,185
203.72,336.22
204.44,980.23
202.83,795.13
204,996.17
213.57,1093.5
218.02,122.58
213,1171.5
227.02,392.39
228.61,9.7481
229.04,696.54
234.89,676.48
236.22,1163.8
243.56,946.83
245.08,637.92
251,802.14
258,229.5
268,665.38
269.45,455.2
269.4,1211.9
269.5,443.91
283,630.5
284.11,788.37
286.24,1184.8
290.63,469.69
290.83,175.92
289.71,758.71
300.46,573.49
301.37,942.63
308.72,829.66
306.47,552.33
310.15,1133.5
314.5,169.5
318.37,117.63
317.4,152.27
330.65,593.53
329.5,922
338.39,437.88
339.39,676.79
339.29,851.09
342.21,240.97
338.41,1076.6
344.42,347.08
342.38,1050.8
344.4,154.11
347.09,602.16
346.83,588
349.73,65.346
351.59,633.93
357.79,245.23
358.66,668.44
361.55,522.42
361.6,774.64
362.73,1056.1
365.07,266.05
365.93,860.26
371.89,948.21
369.85,1153
374.17,685.49
374.7,1135.4
376.82,712.13
389.01,1224.2
380,963.5
390.97,903.07
398.94,1151.4
404.2,1109.9
402.3,111.47
403.46,990.22
410.36,270.55
414.92,768.46
418.95,468.66
424.79,729.05
430.42,153.61
427.86,819
431,776
434.97,1110.5
454.81,214.07
459.08,882.27
458.2,612.73
461.08,680.89
463.17,409.46
464.14,1212.4
468.58,862.3
472.12,71.387
472.31,97.552
478.48,339.06
475.03,1179.4
476.1,971.85
484.25,176.37
486.1,1035.4
491.74,780.97
500.69,614.59
508.09,934.42
511.23,463.54
514.59,805.07
518.4,289.49
524.11,1080.6
526.97,15.189
524.78,228.04
528.3,870.93
527.26,263.5
527.83,779.52
540.66,337.47
544.83,947
549.94,744.67
558.78,146.25
554,1245.6
553.91,664.09
557.89,1030.9
564.16,1224.1
565.09,307.46
576.93,378.08
575.92,756.08
581,492.5
585.62,449.59
587.63,94.14
589.52,254.05
588.59,1208.2
595.07,1093.2
597.83,1162.8
600.49,640.08
597.6,736.36
599.78,159.22
602.14,1121.5
602.99,1210.7
604.83,80
610.24,730
620.56,58.069
622.55,427.9
623.21,547.27
621.81,1002.3
626.34,882.04
631.42,512.77
637.5,938.5
634.5,404.1
638,276.68
639.35,347
651.53,88.916
652.73,116.65
658.02,266.75
659.31,226.38
658.78,981.5
663.26,25.403
662.61,961.39
665,1183
665.41,931.93
673.37,791.2
680.69,679.22
689.46,874.31
692.3,957.08
700.16,626.73
699.08,6.9167
705.63,805.34
711.35,121.74
713.5,847
712.3,1208.1
716.08,160.42
716.32,977.11
715.75,753.97
724.09,1156.1
729.79,560.27
727.5,1042.8
729.58,1140.4
735.02,693.43
743.44,165.72
742.75,449.83
748.46,641.02
753.21,257.75
757.34,772.07
752.86,922.5
755,421.65
766,1084
770.81,998.72
770.47,434.96
770.08,1142.3
773.02,300.53
772.14,58.611
781.65,394.39
781.38,1185.3
788.9,1128.4
792.72,861.92
794.5,560
795.16,683.06
806.01,1029.4
804.54,990.94
808.72,1081.3
804,168.5
806.34,562.46
807.59,405.07
813.36,376.69
811.83,82
820.01,981.88
822.07,1181.9
821.86,420.61
821.83,540.93
826.91,1134.3
826.06,35.094
835.03,129.48
829.52,311.78
829.34,708.15
827.5,1081.5
841.85,436.19
843.75,359.84
843.7,697.79
845.51,217.28
848.09,633.27
847.33,505.56
853.16,549.25
854.92,1152.8
857.34,698.43
858.62,953.33
858.3,897.87
856.8,400.93
864.15,273.88
863.46,914.44
863.41,847.59
866.35,292.77
876.94,369.94
876.36,277.32
879.98,461.64
889.62,1110.1
892.56,752.59
895.53,453.66
904.5,507.96
911.33,762.63
912.5,339.5
928.98,561.28
935.89,454.86
949,865.72
957.94,829.53
957.61,1077
959,1008
970,374.5
974.22,718.42
976.53,578.56
975.93,416.32
980,812
980.61,1217.9
985.42,994.57
983.42,826.11
987.79,914.01
992.41,30.857
993.17,113.98
994.32,170.25
992.69,586.91
996.61,230.05
997.93,447.59
1003.4,557.56
1010.5,1181.4
1010.5,408.5
1012,319
1017.9,1165.9
1023.7,378.94
1023.3,645.91
1028.7,275.01
1035.4,188.16
1034.3,58.14
1042.7,767.23
1039.3,943.38
1042.1,1232.1
1048.5,79.642
1048.1,999.9
1047.5,232.11
1048.4,245.84
1050.9,382.65
1052.6,935.11
1058.1,169.76
1056.6,696.98
1061.2,795
1060.9,238.44
1063.6,525.39
1067.3,1074.2
1068,328.56
1073.7,855.94
1076.1,872.73
1076.8,85.411
1079,386.34
1079.5,1092.4
1081.6,948.02
1086.4,571.63
1080,608
1083.5,1040.8
1084.6,1182.3
1090.6,350.44
1092.1,1204
1098.1,477.88
1112.3,655.9
1105.1,1163.6
1110.4,638.95
1115,1079.5
1113.9,243.43
1114.1,354.09
1122.3,448.73
1122.4,1100.6
1125.8,70
1123.4,312.22
1127.4,81.857
1128.5,693.38
1134.6,520.99
1135.9,902.54
1141.5,286.11
1146.1,1196.4
1148.9,721.69
1159.2,835.9
1147.5,905
1159.6,1014.8
1168.8,795.43
1170.5,363.54
1168.3,1000.1
1171,202.08
1170,951.5
1175.7,69.833
1179.5,1236.7
1181.2,480.6
1186.8,1065.8
1190,1180.3
1187.9,416.09
1190.6,1243.1
1202.3,9.2029
1199.5,187.13
1201.5,244.84
1203.4,374.56
1206.4,1152.8
1207.5,904.5
1216.3,508.5
1217.2,914.02
1219,14.244
1221.5,616.76
1220.2,1083.4
1228.6,489.32
1228,139
1230.1,965.59
1233.1,417.8
1236.9,647.54
1237.4,1007.9
1240.1,586.09
1243.6,1072.9
1246.4,95.95
