2.7719,22.719
9.1683,67.965
3.4466,97.893
1.9091,110.64
3.9286,124.3
17.386,189.23
5.1656,206.42
7.8083,235.41
42.464,453.55
7.8866,506.77
2.4211,610.11
5.7044,651.74
3.75,681.81
6.7284,735.18
12.418,815.62
33.543,973.16
5.4271,1030.3
3.1379,1255.9
2,1308.1
14.541,1327.6
15.698,575.82
19.404,1293.7
17.355,405.85
9.4468,1061
9.2273,556.77
15.513,355.26
25.243,136.69
12.946,697.54
16.426,49.383
28.954,272.05
60.386,923.64
19.625,1047.6
21.979,667.71
27.326,1159.6
34.622,374.19
31.934,4.7018
22.167,522.33
21.571,557.57
29.505,79.192
26,634
29.773,48.227
31.268,612.8
70.44,520.25
31,667
43.948,1258.9
42.899,704.89
37.989,1041.2
34.735,556.75
35,464
44.27,185.91
40.486,842.47
41.766,109.41
38,1227
50.708,808.12
48.497,21.164
49.892,418.09
52.699,609.73
62.632,147.47
80.706,222.65
48.257,1308.5
60.484,347.08
48.65,162.15
52.372,1057.6
53.833,56.942
61.195,286.8
75.479,720.19
74.253,860.6
51.333,1277.8
54.5,484
60.552,1175.1
58.981,254.87
60.705,67.318
58.5,779.5
67.963,835.01
74.247,641.03
68.052,1047.8
79.23,5.0321
108.71,785.8
72.914,1233.1
77.034,1291.9
93.181,36.986
76.527,1208.7
81.473,585.82
82.727,370.43
84.847,738.15
90.516,303.16
86.681,332.35
82,1189
82.5,103.5
82.643,1049.6
95.437,1226.3
112.78,891.15
82.595,1099.9
97.715,827.63
89.105,350.58
103.94,1153.8
97.639,605.48
102.77,657.2
96.372,1189.7
95.097,672.16
97.667,408.29
99.281,261.22
106.85,149.76
98.5,172
119.1,282.55
98,1072
100.71,250.17
100.41,500.96
101.24,386.9
114.43,475.01
101.58,82.895
115.14,20.33
129.85,942.21
115.21,1060.6
110.25,698.86
108.24,181.68
108.76,341.84
109,1243
114.88,392.85
144.46,407.78
113.81,492
135.85,554.41
158.04,458.95
129.18,519.77
132.75,745.92
137.47,1103.6
136.17,1201.2
119.88,322.35
169.96,859.08
122,624
124,628
135.54,993.55
129.66,8.625
128.5,874
136.64,257.41
135.52,109.18
133.34,138.93
162.05,24.416
141.34,384.05
134.53,627.56
142.59,1169.7
169.33,301.43
143.86,1252.1
142.06,1302.3
157.48,670.54
163.59,720.09
166.43,1276.1
153.46,1052.7
205.23,1298.7
150.6,500.04
154.96,174.6
154.9,1082.1
159.64,1142.4
164.73,57.73
159.24,758.46
161.27,87.905
157,954.5
160.23,604.74
179.08,911.99
161,957
185.11,1222
176.77,184.96
166.17,592.94
164.92,873.65
166.39,258.43
188.2,662.88
170.83,1052
179.56,1115.4
172.34,506.04
176.32,76.164
173.94,377.56
181.3,347.43
181.93,971.96
178.23,791.28
188.25,242.21
177.43,828.94
199.92,1071.6
178.55,484.69
185.17,837.37
183.94,420.49
183.17,1167.6
204.96,586.38
212.19,1019.9
192.98,59.277
209.75,123.13
186.93,208.41
197.59,952.58
191.27,381.86
188,1175.5
192.49,501.46
227.68,489.77
194.75,411.63
193.6,626.23
193,1279
208.15,1172.9
269.87,831.27
212.05,171.99
201.9,985.66
221.1,853.96
208.02,1137.5
271.36,677.35
209.22,1113.3
244.58,283.49
211,1125
228.45,411.53
212.48,971.48
212,225
214.44,20.444
237.07,222.76
213.92,442.92
245.12,751.27
218.5,1038
232.1,31.584
226.68,200.63
223.12,703.64
245.28,1003.6
231.97,3.9934
228.37,560.09
233.23,1218.1
228.19,908.17
229.45,632.04
242.4,1064
228.83,1140
228.6,451.07
259.84,360.65
230,1257
254.88,167.55
237.5,358.57
232.93,1150.5
233.7,1113.6
234.5,138
239,55
269.65,90.341
251.49,530.83
244.58,909.87
255.58,562.94
251.28,1329
245.57,183.61
258.25,1099.8
248.86,1113.4
252.86,1168.8
253.59,386.83
254.51,498.98
262.17,121.29
261.94,1044.2
263.84,1159
262,205.33
262.65,648.27
264,1185.1
263.48,1227.9
264.12,578.92
266,425.35
265.5,612
267.23,904.05
323.98,1003.1
367.14,1111.3
274.51,1144.7
274.55,1321.4
284.07,464.6
282.77,509.86
279.55,915.65
279.48,130.31
290.44,1226.4
279.9,168.51
284.99,725.52
297.12,268.47
299.98,613.5
284.94,439.25
289.15,422.76
288.12,341.33
309.06,307.43
292,566.5
300.86,1156.2
297,114.5
303.63,1043
398.01,1258.1
308.81,19.025
304.41,196.07
311.82,559.83
303.86,1296
327.69,242.29
323.13,380.21
331.38,1179.3
311.09,463.08
311.14,779.86
309,134
312,1211.3
313,1203.5
322.78,514.13
337.75,771.14
315.5,814
328.2,5.4229
320.14,142.8
326.29,165.44
318.58,797.11
325.47,1060
330.87,1320.1
343.05,890.15
320.85,815.35
329.53,1156.8
386.88,61.701
327.73,712.98
338.4,559.95
337.48,1044.8
329.5,650.5
333.47,135.47
342.51,23.389
341.48,190.01
335,292
338.61,273.11
347.6,821.18
346.35,1278.8
341.84,633.99
340,672
342.81,855.97
352.68,702.54
356.49,305.95
351.62,980.08
358.64,1142.1
355.04,1314.8
359.74,146.25
353.19,656.43
382.55,583.58
352.88,1051.3
353.23,1075.1
358.27,618.75
391.71,247.41
369.71,1276.7
383,4.4517
381.61,288.04
379.15,789.15
376.81,920.62
389.57,672.37
377.06,156.41
377.5,1011.5
383.58,1079.5
386.05,1308.8
407.05,872.97
389.34,1160.8
393.44,354.11
396.15,910.23
402.87,984.42
397.57,147.43
400.4,967.4
430.95,372.05
406.87,550.62
437.66,158.79
410.95,457.44
415.05,473.75
413.34,1185
410.74,939.21
426.48,1326.8
414.43,1307.9
420.69,913.34
415.5,998.5
417.58,217.11
418,936
420.5,438.88
425.05,1071.6
424.82,1004.4
458.86,973
427.52,108.37
426,382.5
439.77,64.739
430.5,1086.5
446.91,119
432.72,317.66
443.51,471.2
435.53,199.56
435.14,1201.1
454.27,909
441.3,271.91
473.3,253.15
444.35,38.885
453.26,521.96
446,1099
450.32,299.36
452.42,431
457,189.77
455.5,895.5
453,1191
457.52,1227.8
469.88,342.52
461.77,1331.1
462.07,1165.4
470.92,821.37
470.74,1244.6
478.05,135.35
553.52,1197.6
470.83,1145.3
480.02,174.36
474,1131.5
495.52,1266.1
477.65,979.73
479.17,1147.3
479,765.5
481.5,385
504.14,958.58
515.56,298.11
508.91,733.45
524.45,1023.3
521.17,897.11
501,315.5
501.64,400.21
501.6,1137.6
506.42,111.5
509.15,1090.7
523.23,189.81
504.76,1070.6
510.9,44.161
512.81,1311.5
514.48,250.86
534.9,37.883
522.95,527.29
517.39,1127
529.42,573.05
521,1155.3
522.61,115.57
562.35,789.46
524.5,1306
546.73,858.79
546.07,1089.7
531.05,1159.1
538.51,492.3
536.88,276.89
539.01,368.68
536.29,892.02
564.09,137.07
562.32,330.33
545.62,226.17
551.51,986.33
544.68,969.22
545.74,95.702
565.01,396.54
548,1.5
554.16,548.1
555.45,518.2
564.69,830.45
560.51,735.13
555,200.5
572.5,601.37
560,656.38
571.51,888.62
556.5,1313
562.66,413.45
561.08,445.42
567.12,1319.6
575.83,993.07
562.5,490
598.67,523.97
567.32,553.24
567.59,305.07
575.51,367.93
586.68,641.44
574.03,174.57
589.34,1055.8
603.63,1314.4
590.11,478.14
597.65,686.26
600.66,831.72
592.21,500.7
625.77,55.542
585.5,75
600.64,941.14
598.05,1276.1
599.58,20.695
607.7,732.7
596.64,329.4
602.95,660.45
618.51,313.57
594.77,161.11
597.27,413.45
603.6,138.96
633.58,1008.4
604.63,1078.5
608.54,568.26
597.33,620.83
605.62,345.54
603.5,123
631.19,1123.1
608.47,861.61
609.72,896.38
607.69,117.31
610.86,621.79
635.49,95.809
612.35,362.27
624.91,1242.9
613,706
617.27,9.7143
628.65,589.41
656.27,673.22
618.27,1205.3
616,470
617.8,500.57
639.63,800.49
636.21,130.3
620.89,1090.4
623.42,634.89
624.64,992.57
630.76,371.01
630.96,1148.6
627.74,790.96
641.19,1092.7
629.11,480.95
630.57,393.06
634.87,1031.2
670.59,618.35
633.43,842.34
635.14,1068.3
636.08,868.32
639.61,1280.9
670.12,764.24
642.79,828
643.04,986.6
641.5,331.5
647.64,647.1
646.27,895.12
648.78,4.58
647,509
650,283.08
650.67,383.51
649.37,948.5
652.29,1317.3
656.08,209.3
654.31,350.02
675.42,546.43
674.07,1026
654.22,842.11
687.9,725.44
675.13,1071.2
655.23,492.73
661.62,23.029
659.08,175.28
690.03,826.58
659,2
676.39,192.51
683.12,1266.6
687.31,118.59
665.49,960.12
659,446.36
708.01,891.16
679.31,1108
667.46,86.714
674.26,1313.6
680.37,495.32
673.83,386.67
680.34,926.09
683.43,5.1525
679.09,354.19
680.86,805.84
679.57,56.571
682.7,311.02
693.35,972.91
699.65,90.298
689.14,334.49
683.69,387.69
684,863.5
688.57,1288.6
690.09,649.09
690.5,598.5
693.57,24.849
694.6,866.83
709.53,294.88
712.04,268.27
704.76,394.5
701.22,243.64
700.2,657.07
707.38,751.3
713.48,1327.2
708.42,640.47
702.12,1299
720.68,344.41
705.86,911.25
705.59,52.414
717.71,688.18
715.04,572.71
710.4,225.6
724.51,431.73
714.73,3.6
713.69,832.55
738.26,1142.5
720.61,49.835
718.09,962.85
717.37,1081.6
812.15,925.22
737.78,108.79
739.65,647.16
739.99,1018.2
728.27,554.93
770.97,806.35
730.82,176.69
754.64,595.38
730,402.33
737.64,473.65
761.99,511.36
758.79,257.3
777.93,718.96
740.41,204.84
742.6,1296.4
741.58,678.47
741.5,853.5
751.16,1098.7
742,778
743.42,995.11
745.71,439.64
744,551
774.68,314.43
746.52,623.91
757.66,829.14
753.73,876.24
748.8,41.157
770.73,19.352
770.59,61.735
777.41,211.57
761.04,856.4
759.66,1304
777.13,366.55
764.37,429.22
761.46,1131.9
766.18,1290.9
782.82,663.18
768.36,1065
790.99,161.83
781.48,635.53
765.79,948.64
788.06,878.81
769.4,135.6
776.35,1043.7
773.07,469.14
772,394.5
802.49,569.11
782.7,942.22
775.94,1329.6
780.22,401.78
778.41,754.93
796.39,1145.6
789.12,839.13
785.21,436.85
782.87,1185.7
785.55,957.07
787.3,750.27
818.68,990.43
810.47,481.24
806.78,293.45
808.47,1037.3
797.45,760.68
802.28,443.39
801,1008.3
804.29,524.86
811.51,641.26
816.89,73.348
806,946
808.85,1205.2
821.4,873.23
813.51,203.23
810.95,778.1
811.5,950
812.5,611
813.8,931.3
814.5,1235
816.6,737
897.41,233.36
818,1213
821.68,1272.1
819.73,1313.2
821.63,1077.1
888.65,823.54
824.81,856.18
822.02,1015.9
827.08,628.13
831.48,518.62
827.84,951.28
825.5,431.5
823.04,770.22
827.33,1149.3
827.5,1306
832.18,1318.5
846.09,663.71
842.05,968.24
837.24,69.66
834.79,334.74
886.17,555.92
837.18,1286.6
852.16,40.725
847.27,112.08
843.97,88.075
864.74,360.85
848.1,487.96
846.67,142.81
845.5,470.5
873.56,783.61
846.23,954.13
858.99,1063.4
848.25,136.25
847.5,429
850,623.88
851.14,224.14
854.05,516.64
899.02,704.69
858.1,1106.3
861.89,307.09
854,757
857.21,1307.4
857.5,1020.5
905.13,413.31
859.68,750.64
865.21,602.97
861.64,1271.6
865.84,73.986
865.14,971.82
871.75,1188.5
873.9,998.88
868.61,1088.3
892.22,163.43
874.82,475.13
872.24,1216
871.4,1141.4
876.96,33.929
884.4,886.8
877,76
883.67,11.716
880.76,97.5
879,1070
880.17,1107.3
880.06,1288.4
893.37,305.29
899.82,1204.9
894.47,1325.2
885.64,41.5
887.98,646.45
947.79,748.51
891.31,859.21
936,1009.6
909.52,1084.9
908.73,19.82
902.78,66.772
894.5,291.5
903.72,967.56
900.83,235.83
933.39,628.39
914.15,1132.8
910.54,1230.6
931.78,1244.2
943.94,307.11
918.7,1268.7
921.04,983.6
919.91,1067.5
922.56,863.12
922.98,50.417
921.5,284.64
922.95,776.05
947.49,465.74
932.18,1096.7
933.96,111.48
962.41,1134.3
928.67,176.67
939.95,167.48
937.73,926.98
937.11,1056.3
932.78,800.56
1007.6,62.488
939.28,39.306
935.86,813
999.48,540.25
957.83,896.88
939.77,1321.1
942.2,656.35
943.48,803.39
949.6,333.73
964.65,126.68
1124.5,1208.6
950.37,1079.2
953.63,17.517
953.42,673.62
953.09,483.7
955.16,1151.6
958.01,384.55
960.95,39.361
954.72,359.91
954.6,193.6
957.56,403.54
956.95,850.22
956,409.5
986.09,1294.9
992.54,594.05
966.87,1256.4
960.46,346.77
965.41,370.25
1023,841.74
963.29,2.6452
961,357.5
984.75,442.17
970.17,1070.5
969.23,12.213
972.79,261.32
980.7,752.03
972,798.5
972.68,804.56
972.5,811.5
974,572
979.9,1054.4
982.67,103.57
981.22,665.77
982.03,309.04
982.3,1226.1
982.17,703
1007.2,934.25
983.5,338
1002.5,1041.8
984.57,58.609
989.7,682.37
998.46,335.67
1010.3,675.01
992.56,975.43
994.11,122.25
994.79,365.02
992.76,619.69
992.27,1112.8
991.4,157.6
994.47,1011.6
1039.8,199.11
1000.1,418.64
1011.6,477.98
997.31,914.55
1002.2,949.37
1011.3,777.46
999,573
1018.4,1272
1003.9,614.75
1007.8,4.987
1003.1,1129
1003.5,980.36
1006.7,91.304
1006.7,104.64
1018.2,966.71
1014.6,349.94
996.56,1097.7
1010.9,301.09
1013.1,1020.6
1022.1,383.97
1027.9,257.47
1016.3,1139.6
1015.1,125.45
1025.7,1327.3
1043.1,330.21
1031.4,1082.6
1042.3,439.06
1021.8,1007.6
1027.9,290.93
1025.1,486.44
1031.5,156.2
1032,3.5574
1031.3,901.69
1040.8,103.2
1030.9,421.58
1030,814
1031,114
1044.9,406.51
1032.9,126.42
1044.6,785.21
1054.6,815.35
1040.5,1104.7
1042.1,471.11
1051,727.94
1046.3,1094.8
1070.3,527.38
1053.9,131.18
1060.4,1120.2
1059.7,243.54
1059.8,18.05
1066.1,166.89
1087.7,1291.4
1057.1,467.91
1066,630.87
1068,886.51
1062.1,1013.2
1090.8,352.53
1067.6,735.24
1063.3,1321.7
1062.9,228.84
1064.8,418.66
1064,78
1068.5,97.894
1067,253
1068,804.5
1076.1,1103.2
1071.1,794.94
1087.7,678.15
1071,751.86
1080.2,456.36
1075.6,2.8571
1102.8,118.7
1111.3,828.98
1079.5,1078.8
1081.3,1129.1
1092.9,952.56
1080.5,417.05
1105.5,893.23
1077.5,1115.5
1085.8,379.93
1080,21.333
1084.6,71.931
1085.5,984
1091.7,1002.1
1087.7,706.68
1088,652.5
1088.9,285
1108.3,412.17
1088,784
1110.3,597.16
1091.4,1240.9
1102.5,4.1139
1096.3,25.65
1107.2,261.63
1103.2,1327.2
1101.8,489.45
1104.2,178.95
1103.6,1118.4
1103,719.27
1115.6,783.59
1128.3,546.43
1101,1096.4
1111.1,317.48
1107.9,1005
1116.4,740.09
1108.4,1250
1114.5,469.16
1109.5,992.12
1116.9,661.07
1117,680.28
1133.5,34.377
1127.1,1306.8
1119.5,493.88
1125.1,337.65
1123.3,621.18
1128,1242.1
1124.4,914.08
1128.4,1133.9
1130.5,5.9458
1135,226.82
1131.4,384.74
1176.6,662.71
1129.3,754.72
1149,1278.7
1150.8,491.6
1133.7,159.5
1148.2,1321
1165.4,588.19
1134.1,73.579
1144.1,426.09
1147.9,918.5
1135.9,644.58
1135.5,791.5
1151.2,192.77
1141.4,636.37
1144.4,1066.4
1139.9,437.11
1140.8,1016.7
1147,738.81
1147.7,1242.3
1127.7,1098.4
1148.9,564.14
1148.1,703.58
1156.3,872.31
1147,985.5
1150.9,524.21
1153.8,787.82
1151.2,1017.8
1158.1,96.402
1150.5,246
1155.3,1259
1158,47.356
1168.9,273.26
1153.7,1044.9
1157.6,402.85
1156,722
1170.6,157.84
1157,1231
1157.5,28
1167,1051.4
1161.5,242
1180.4,801.53
1184.7,395.69
1167.6,972.16
1173,561.37
1178.5,2.6629
1185,1034
1172.9,21.857
1208.5,709.38
1179.4,234.05
1190.6,944.47
1188.5,479.92
1180.5,616.02
1190.8,87.844
1180.1,864.68
1180,178
1179.6,691.11
1180.5,1295.5
1181.1,549.05
1191.6,749.13
1190.4,895.79
1188,1166.3
1187.9,1013.4
1207,319.52
1189.9,436.04
1186,461
1188.9,769.54
1197.4,1062.8
1191,1305.5
1212.9,24.639
1194.6,565.62
1219.8,874.48
1206.3,1326.6
1205.8,167.47
1225.3,610.68
1243.6,1014.1
1205,816.6
1249.9,244.5
1212.3,6.7727
1209.4,1167.7
1215.6,564.36
1212.7,111.46
1217,492.95
1222.6,797.11
1228.7,1311.2
1225,731.88
1231.7,1082.3
1227.1,1153.3
1219.5,187.54
1219,476
1221.5,220.65
1222,1275.8
1260,121.63
1223,1.5
1257.5,431.33
1229.1,75.433
1228.9,681.81
1234.5,1181.3
1229,1266
1231.4,822.02
1236.1,187.75
1240.2,369.8
1241.4,784.42
1242.8,90.564
1262.8,480.66
1252.3,391.45
1291.5,1150.9
1283.2,338.52
1249.6,573.13
1255.9,671.18
1238,1069
1241.1,1187.9
1264.7,1101.5
1255.4,727.45
1244.5,1183
1250.7,1148.8
1252.4,186.21
1250.5,11.5
1278.5,284.35
1275,945.91
1257.6,40.3
1263.3,169.05
1259.1,593.42
1264.2,702.64
1279.8,845.88
1259.8,80.964
1288.4,644.63
1278.4,793.59
1275.2,194.34
1269.5,1331.5
1290,734.34
1288.7,610.8
1288.3,683.18
1283.2,1074.8
1282,1283
1294.1,5.6257
1292,1310.7
1286.5,1265.5
1299.9,70.052
1289.6,1287.7
1292,21.091
1294.2,138.18
1309.7,428.2
1295.9,388.14
1301.9,156.4
1310,816.31
1311.3,1214
1303.7,834.59
1305.9,892.71
1305.7,1061.3
1315.5,1276.2
1319.2,115.69
1306.7,252.32
1312.1,229.53
1305,693.5
1311.3,189.13
1306,980.5
1319.9,797.53
1308.4,975.6
1317.2,354.64
1316.1,4.9
1319.1,137.92
1322.8,605.41
1312.9,963.46
1316.7,1175.5
1317.1,492.02
1324.4,943.56
1317.8,174.69
1325.3,717.65
1325.4,772.41
1320.9,833.66
1326.4,62.357
1327.2,90.211
1328.3,1007
1326.6,1075.8
1329,189.71
1327.4,371.15
1329.4,869.94
1330.2,338.23
1330.9,272.8
1331.5,665.5
1331.5,810
