5.5775,304.13
13.022,207.8
20.087,827.4
26.909,92.909
51.344,189.92
57.257,228.61
64.138,909.09
62.862,825.84
70.892,437.38
73.324,14.784
75.067,788.07
79,264.5
82.368,68.158
84.5,797.74
89.652,331.57
92,733.5
94.436,665.92
109.63,345.37
116.83,540.01
123.4,842.73
125.92,97.918
134.53,111.94
147.83,221.3
147.63,398.88
148,202.5
151.5,946.86
157.82,718.78
166.73,45.633
164.93,108.77
174.4,349.75
176.08,706.51
177.68,107.22
185.66,789.26
186.32,285.08
188.52,887.78
191.25,500.56
196.48,832.4
200.83,481.05
203.5,59.877
201.42,32.424
202.52,381.27
202.62,740.6
204.44,780.45
205.85,930.85
205.24,104.59
205.44,291.96
205.51,393.23
209.55,271.44
213.84,183.76
212.08,248.08
220.15,136.28
222.91,73.091
227.16,83.621
230.86,347.56
229.67,386.17
238,754.5
237.85,78.346
245.19,716.86
249.99,393.4
244.76,893.53
243,1014
252.35,680.74
258.5,15.181
254.86,531.61
260.57,461.21
259.22,474.75
269.03,120.42
281.29,1059.4
291.7,401.88
293.65,305.94
290.44,564.97
293.1,882.02
299.06,679.72
293.8,484.68
297.94,793.43
302.33,29.233
304.97,454.26
310.05,567.57
308.86,139
326,492.29
329.94,245.15
328.17,1024
330.1,86.62
336,781.5
340.22,1047.5
342.46,560.26
344,229.83
346.63,131.37
351.73,480.65
357.09,4.8333
356.43,222.39
359.44,838.48
356.42,1120.9
361.56,374.47
361,13
367.73,214.72
365.69,919.17
368.4,548.4
372.32,668.94
371.3,75.609
375.21,270.5
378.57,682.04
379.39,310.45
385.4,624.67
385.5,394.5
385.09,143.91
386.18,758.98
395.91,478.83
396.98,512.04
397.98,439.12
400.88,1077
404,367.32
407.45,900.52
412.06,23.574
411.34,296.36
412.05,763.07
418.63,1241.3
423.18,737.23
421.93,1022.4
428.55,546.71
436.41,430.66
435.89,570.37
443.92,343.61
443.17,632.47
442,1105
444.85,1211.5
457.42,67.445
457.18,185.4
466.62,1008
469.34,336.03
470.35,492
473.73,630.13
475.12,427.88
495.95,901.42
496.4,237.54
507.5,419.59
509.19,639.19
515.1,37.901
514.29,1137.3
520.39,560.39
528.41,613.11
532.18,1024.9
533.17,1001
543.58,1023.9
549.84,267.97
548.82,981.88
549.07,1143
552.51,537.24
553.33,968.35
558.34,308
563.4,497.89
562.37,559.37
567.28,737.76
569.17,1183.4
578.21,1065.1
584.88,974.63
591.37,25.012
594.72,155.6
594,336.32
597,191
600.62,245
603.38,690.34
610.94,1222.6
614.85,739.94
619.33,384
627.28,94.54
629.64,1085.6
635.05,839.02
635.5,102.5
638.88,290.2
645.83,1036.9
647,444
654.69,668.48
660.23,617.37
664.9,848.48
673.73,1060.5
676.79,405.21
678.42,307.55
681.5,1089.6
684.54,552.14
687.4,934.11
689.74,279.71
706.55,53.914
702.52,99.63
703.54,122.96
705.45,1020.8
709.14,146
712.67,569.89
718.9,102.94
729.13,283.56
739.64,753.98
751.32,529.71
748,620.5
745.6,907.6
747.91,342.91
749.81,704.03
748.69,849.09
749.83,746.61
759.67,304.31
755.39,386.86
769.67,1236.5
779.64,1204.5
793,821.87
793.66,649.78
794.01,152.34
799.28,333.47
799.89,869.13
803.29,62.065
806.63,586.22
804.72,23.386
807,361.75
808.07,227.69
820.16,823.31
824.72,1219.9
823.94,333.97
826,215.63
828,54.5
828.5,424.5
831.83,670
839.5,933
846.57,526.13
840.29,263.29
843.7,405.23
843,664.5
844.61,1127.1
847.15,247.73
850.81,21.136
855.63,687.37
859.7,884.95
867.22,1005.2
866.29,151.93
874.37,91.108
872.07,1072.4
876.45,263.44
878.04,882.74
876.95,1243.2
883.43,39.646
882.1,187.62
883.43,108.83
887.92,781.92
885,947.33
893.1,645.9
895.5,963
902.67,1104
900.42,1055.1
902.07,707.59
911.58,62.545
911.93,364.21
911.91,298.72
913.69,918.98
912.82,1182.4
912,482
918.3,1121.2
920.95,1029.2
924.31,939.49
932.81,31.929
933,1033
940.95,638.18
941.05,1111.9
943.32,62.2
944.5,28.5
949.03,347.26
952.15,416.06
952.41,432.45
962.29,603.12
961.91,483.09
964.46,919.91
966.69,786.09
971.09,856.28
969.5,963.5
972.69,36.647
977.42,536.34
977.21,183.24
978.54,401.2
983.75,1078.8
984.5,429
990.05,449.44
987.12,345.88
989.38,46.189
991.21,363.5
999.89,984.81
996.94,1230.3
1000.9,41.722
1003.8,1135
1008.8,67.333
1006.4,920.89
1008.5,1245.2
1015.4,643.86
1027.9,1025.1
1028.8,1189.2
1030.8,57.216
1033.4,690.63
1032.4,836.33
1042.8,23.99
1041,957
1043.1,40.662
1040,52.5
1045,551.32
1049.5,810.83
1049.2,223.91
1055,64.767
1059.2,494.23
1054.9,982.59
1060,667.95
1060.5,1124.5
1058.5,839.77
1075.2,1136.2
1072,45.043
1074.8,624.54
1078.9,731.11
1078.9,1220.5
1075.4,7.6333
1080.7,228.02
1080.9,851.59
1083.4,892.55
1095.7,78.043
1089.8,470.46
1093.6,34.247
1095.4,1182.6
1104.9,130.64
1102.1,112.51
1108.6,86.057
1108,675.5
1109,1093.5
1115.3,846.12
1116.6,810.55
1122.2,348.14
1121.2,737.58
1120.9,79
1122.9,640.18
1123.4,681
1125.1,656.08
1132.9,160.09
1133.1,20.319
1135.5,1106.7
1140.8,110.14
1150,15.711
1142,550.32
1145.8,994.86
1148.1,89.37
1149,126.17
1151.9,869.69
1155,39.87
1162.3,733.52
1164.2,105.86
1165.9,270.7
1167.9,1154
1171.2,697.55
1176.1,103.87
1177.9,930.41
1181.7,958.38
1191.2,112.07
1194,31.591
1193.8,91.938
1203.4,42.305
1202,135.33
1204.7,82.121
1201.4,550.61
1202,779
1204.8,11.864
1214,951.77
1214.7,129.06
1215.3,352.27
1216.9,428.68
1221.6,714.39
1225,1151.3
1228.9,996.21
1235.3,42.368
1230,1201.5
1230,475
1231.6,1102.5
1232.2,506.05
1235,84.278
1235.9,627
1235.8,204.93
1236.1,752.93
1239.2,65.425
1239.1,13.091
1241.1,30.444
1245.4,116.91
1246.7,96.781
