5.1417,818.77
5.5687,1186
12.682,358.32
22.889,1015.2
26.244,953.93
29.208,1211.5
31.579,204.11
34.88,99.5
35.723,470.53
38.868,1108.4
41.186,198.79
45.888,853.72
48.704,563.79
53.739,894.87
61.922,63.026
57,595.11
61.29,1187.7
64.69,600.45
73.199,944.25
74.457,1039.9
83.5,612.5
82.429,1003.1
100.71,205.25
104.3,542.23
106.46,144.25
108.82,612.4
119.3,790.17
117.5,906
127.7,478.04
131.55,1047
148.46,85.148
153.3,302.14
164.36,525.76
163.07,370.1
170.77,151.23
181.84,1145.2
194.96,1033.1
205.18,879.74
207.02,1225.7
207.97,960.31
206.22,157.44
208,1065.7
211.58,213.9
224.57,380.34
224.59,309.59
230.53,630.87
232.8,72.373
237.76,868.47
239.07,1150.4
243.62,708.48
245.06,1014.9
244.44,1092.3
245.94,416.35
248.72,113.68
251.14,280
253.39,858.61
262.56,412.47
268.39,739.48
275.19,598.46
274.41,73.406
284.47,925.09
296.42,69.895
297.23,850.54
303.07,521.59
315.06,1145.2
313.09,544.91
321.09,561.89
323.34,600.99
324.5,291.81
326.3,233.72
332.42,105.48
332.52,739.63
332.89,518.42
340.3,189.48
347.58,1221.5
357.32,404.13
357.94,948.67
357,330.5
359.07,733.41
360,1042.5
366.1,916.47
370.24,287.52
372.85,1242.6
381.02,1022.7
380.93,462.59
386.18,834.52
384.69,301.78
387.92,235.89
389,550
388.2,647.32
394.5,312
394.47,902
396.3,2.625
407.12,871.77
405.83,291.09
411.94,153.38
414.28,719.83
412.58,281.58
414.5,355.29
427.3,81.069
423.35,344.44
431.41,1041.2
435.07,432.61
440.61,789.15
447.93,700.17
460.1,729.59
463.07,425.04
463.4,219.71
462.5,1242
468,943
471.78,104.12
470.93,474.56
476.95,460.93
481.49,1205.5
484.1,867.43
493.87,655.03
500.5,1092.5
502,866.5
505.5,348.39
507.5,523.14
508.14,806.5
512.22,931.68
514.93,1148.2
528.05,364.74
531.33,653
534.14,549.61
543.32,50.917
542.53,86.229
550.9,353.93
559.01,597.9
560.66,263.02
568.43,849.94
569.02,934.64
582.47,544.69
583.21,1102.8
589.02,621.64
590.97,690.63
589.42,764.11
605.08,53.95
607.03,1182
608.92,614.94
619.77,194.92
617.61,678.89
627.55,586.33
631.52,212.05
637.97,928.39
643.11,812.58
646.57,228.47
650.97,342.23
659.83,969.83
670.81,1233.8
672.59,43.074
674.07,889.53
675.48,184
688.57,65.889
703.87,187.95
699.46,626.08
699.92,1064.9
705.67,16.922
704.07,732.93
708.07,33.833
707.43,786.05
716.08,965.08
719,996.32
722,1145
724.5,788.5
730.14,668.43
736.15,909.15
733.64,629
745.93,657.42
747.19,441.14
751.12,772.72
752.72,1124.6
754.93,387.35
758.61,570.99
761.81,1064.2
762.83,715.46
780.54,935.92
793.98,870.88
794.44,128.92
805.28,919.89
808.26,147.83
809.69,707.17
810.89,673.42
812.43,863.39
814,118
821.08,240.95
828.02,739.9
843.47,415.03
851.4,616.96
855.41,135.07
857.07,1223.1
859.91,418.95
863.78,598.98
877.96,226.86
882.43,351.32
882.43,1154.8
891.21,920.8
889.93,951.93
901.21,1056.2
902.07,631.59
904.15,1124.9
912.31,171.91
910.5,325.35
913.06,51.906
917.16,841.32
921.3,673.7
924.07,596.46
929.13,1149.1
933.79,499.22
936,1090.5
966.38,1061.4
967.96,582.28
969.47,962.94
981.36,409.41
976.7,1139.1
980.42,784.56
989,1080.4
994.05,963.28
998.79,177.13
1001.8,1194.3
1006,972
1011.2,1017
1010.1,68.242
1015,653.85
1020.9,1241.9
1023.4,922.95
1027.3,800.21
1032.8,518.59
1031.5,1014.1
1045,957
1050.4,868.12
1049.1,950.53
1049.1,842.93
1049.6,1015.4
1052,1042.2
1067.5,317.74
1065.8,417.5
1069.3,459.9
1076.4,187.21
1073.8,352.59
1071.1,553.09
1080.1,80.716
1085.3,1232.7
1094.3,215
1099.8,794
1102.2,536.65
1108.9,513.2
1109.5,975.3
1120.3,1187.9
1124,1047
1134.5,21.162
1132.1,426.89
1132.3,1240.2
1135.5,1170.3
1138.3,890.67
1147,526.56
1149.4,22.368
1150.8,842.05
1160.2,1138
1156.4,322.19
1158.7,655.97
1159.2,1164.6
1159,765.07
1166.6,503.61
1165.7,257.85
1169.6,883.19
1170.2,131.78
1172.1,1163.4
1175,851.5
1177.7,34.545
1178.4,468.51
1181.4,401.62
1186.9,310.48
1187.9,534.13
1187.4,637.57
1192.6,116.73
1193,574.58
1194.2,1061.3
1204,432.22
1209.6,206.81
1210.9,1107.4
1217,672
1224,798.04
1228.5,577.05
1245.5,708.91
1245.3,1055.3
1246,991.49
1246.4,792.11
