3.9512,283.15
3.6034,881.6
11.548,91.71
11.581,159.45
14.29,974.03
22.5,258.36
28.735,212.82
28.833,834.44
36.58,418.49
36.071,1155.1
43.538,672.62
49.423,104.86
47,1051.3
49.395,1089.2
51.593,147.07
52.091,200.91
57,827.33
66.241,382.03
65.591,686.14
66.633,294.37
69,1199.5
74.938,924.91
75,1054.5
82,210.5
85.403,407.1
85.5,370
94.806,59
96.083,846.92
102.08,835.31
108.56,744.33
106,1083
114.33,374.47
115.1,402
120.34,663.38
126.91,858.91
130.45,1191.9
130.27,729.94
132,632
133.96,945.93
134.44,913.93
132.42,929.89
137.11,406.58
138.78,606.03
139.88,1153.2
144.84,78.133
144.53,814.16
147.16,381.34
151.32,25.137
152.04,1036.4
151.59,844.93
151.93,778.59
154,908
156.32,1143.6
158.12,520.2
160.66,717.92
164.37,676.37
168,378.68
174.82,654.04
177.63,810.24
182.23,112.1
182.62,758.6
186,92.321
192.12,958.12
196.15,720.92
191.5,794
199.42,905.81
204.73,99.146
207.13,354.13
213.87,692.64
208.83,589
213.69,667.38
212.42,1119.1
219.21,537.54
222.34,808.8
220,1062
226,1068.5
229.97,444.42
232.61,128.14
233.04,542.67
235.4,695.4
242.3,683.52
246.31,601.19
249.92,163.56
253.54,382.94
252.4,986.64
260.37,719.83
259.45,781.95
255.46,1208.1
259,979.83
265.14,401.69
269.76,475
270.68,1078.2
272.39,427.29
277.42,1010
281.92,362.92
294.49,1011.3
292.33,328.02
289.2,598
291.09,883.91
296.73,256.34
294.83,118.31
296,555.14
301.27,474.7
296.06,895.91
300.04,713.04
304.08,184.56
305.46,278.31
308.53,843.9
307.18,331.87
311.63,1060
310.1,312.08
311.89,490.42
316.77,361.5
316.63,691.47
323.62,1060
331.17,764
339.3,652.26
340.31,383.19
342.5,146.5
347.04,1205.3
348.32,1096.3
347.74,246.81
346.95,1084.2
358.34,1246.1
358.69,779.17
366.68,1053.2
370.44,157.83
371.79,502.63
368.4,1176.4
374.6,482.65
373.46,435.05
375.84,1044.5
379.97,289.32
385.38,237.76
393.68,112.31
392.11,447.83
397.3,354.99
400.27,556.82
405.64,684.68
407.21,1048.2
404.5,137
406.39,178.79
412.42,771.56
427.5,782.31
420.36,958.66
418.88,160.48
419.5,489.5
420.61,859.86
433.87,119.28
432.42,728.54
433,275.29
437.64,155.56
436,558
439.92,713.89
445.93,278.16
448.34,349.04
447.61,128.84
448.22,67.459
449.09,304.87
451.31,1070.9
450.17,48
457.58,105.69
461.72,943.93
470.15,750.55
477.9,36.693
474.37,500.37
474.39,704.43
477.53,717.31
483.12,433.58
506.32,733.52
485.61,698.43
493.5,465
496.57,1197.1
499.1,283.91
505.62,704.23
510.35,349.8
509.41,650.12
511.5,21
512.93,818.68
521.08,1116.4
523,679.17
527.14,807.5
533.81,797.81
540.45,341.45
539.07,985.41
545.06,736.39
545.04,326.37
548.07,496.41
548.75,1029.8
550.66,523.56
557.02,547.94
562.91,35.593
561.32,953.78
564.14,875
566.58,554.58
565.93,1023.4
566.89,656.58
573.02,513.46
574.39,332.14
577.58,657.09
579,554.5
584.59,221.65
586.5,162
592.55,556.6
590.91,927.09
595.22,62.589
595.86,959.86
605.29,541.08
604.28,815.48
606.75,517.77
610.11,703.83
609.54,622.2
613.69,570.91
614.41,409.93
617.58,612.64
622.03,906.69
626.01,993.81
635.68,539.42
636.65,1146
637.38,1047.4
635.5,428
638.62,319.62
643.23,241.83
646.87,42.161
652.33,725.87
653.81,457.75
657.59,480.55
659.38,95
662.24,1103.1
663.88,912.12
673.57,43.704
684.31,619.86
692.36,56.885
693,1080.5
695.95,1130.5
702.63,200.25
706.08,829.52
703.44,1104.9
711.1,6.1304
712.21,697.96
722.5,415
725.5,120
741.03,982.37
741.33,19.939
745.56,66.912
747.97,882.27
752.22,558.8
751.07,1082.6
754.57,4.3913
766.24,1047.3
772.28,16.883
772.97,896.07
774.25,40.968
776.94,456.57
790.75,707.49
786.56,1002.1
794.58,735.61
796.08,1015.4
801.09,571.91
811.5,1064.5
813,528
814.91,548.13
816.05,669.07
820.67,496
823.5,788
828.02,483.14
832.52,34.451
829.92,498.92
833.6,948.4
842.14,1187.5
843.39,1238.9
846.69,805.44
861.17,690.08
860.19,115.41
861,337.16
871.02,133.33
870,648.5
874,956.82
882.7,614.48
881.09,666.09
882.07,589.41
885.48,989.57
886.91,52.909
895,814
900.87,560.06
901.23,75.533
909.26,1069
910.62,906.9
911,316.9
931.59,779.54
943.66,4.2297
943.4,583.05
941.33,117
944.76,1134.7
946.05,748.83
953.41,185.59
962.09,124.99
961.48,609.81
971.39,393.86
979.08,769.89
989.72,1153.8
997.11,955.63
1004.6,779.82
1008.7,176.47
1016.5,905.43
1015.4,232.89
1028.6,224.97
1029.8,165.5
1046.2,875.3
1049.5,3.3913
1055.5,276.5
1057.3,639.8
1073.7,1043.7
1095.2,467.14
1100.3,609.43
1099.1,447.57
1099.3,484.88
1102.6,526.55
1105.9,25.694
1110.9,1243.5
1118.6,886.11
1125,836.54
1134.9,798.55
1139.8,158.89
1152.1,262.18
1163.2,404.86
1167.2,1070.8
1170.5,506.84
1175.5,1026.4
1179.5,554.14
1181,109.14
1185,947.5
1191.1,72.872
1192.7,560.48
1206.8,714.68
1207.6,480.37
1212.1,970.31
1213.6,1177.9
1221.4,656.06
1228.9,320.52
1230.7,597.5
1244.6,864
1246.2,713.16
1246.3,882.95
