2.7368,680.11
5.7326,742.88
3.9767,851.14
9.3667,692.63
23.336,207.09
20.943,615.66
32.423,18.546
41.844,64.75
47.5,302
53.881,355
59.414,632.95
72.987,803.71
77.678,1051.9
79,450.05
83.122,388.98
93.376,45.376
102.47,566.56
105.61,1008.1
122.44,587.59
127.57,10.368
130.57,403.95
134.15,379.65
140.59,694.65
143.5,14.5
151.35,863.65
155.93,287.13
162.38,466.49
167.02,831.48
172.33,296.79
175.1,136.13
182,1246.8
187.6,1094.4
207.66,477.67
206.82,368.33
217.84,410.29
229.85,190.19
250.94,228.09
258.48,138.34
267.6,709.89
268.39,51.868
281.88,267.44
283.92,81.083
317.87,816.87
349.45,525.44
377.86,195.85
383.92,595.44
394.27,284.54
394.27,696.01
397.03,270.06
397.83,1121
408.52,958.62
408.13,354.86
414.63,823.63
422.4,925.5
440.58,1044.6
441.77,423.54
449.83,946.72
461.46,981.92
471.53,1100.1
474.59,1067.1
479.25,838.75
481.34,122.38
482.06,329.91
484.37,682.19
484.41,571.89
485.78,527.54
488.4,63.113
490.54,835.91
504.58,1172.5
537,979
549.73,761.48
545.93,936.59
549.78,1141.8
552.54,523.78
559.48,1006.7
572.56,647.05
586.29,76.29
586.56,1118.1
593.86,1034.9
601.13,697.16
623.24,8.7647
624.1,181.74
635.73,433.85
674.11,549.5
676.87,946.72
677.45,501.15
683.23,320.44
686.1,410.62
691.94,862.77
698.4,764.5
701.47,630.65
705.12,100.12
718.98,634.54
720.5,1069.4
729.99,572.92
727.71,862.71
743.81,733.32
746.46,605.95
751.66,519.79
751.36,497.61
755.66,541.61
776.3,65.905
778.5,587.5
784.36,621.76
782.9,461.16
784.09,522.79
783.6,533.6
788.77,439.93
786.87,575.3
795.98,704.53
795.5,553.5
805.34,1020
808.76,44
812.44,578.49
810.29,726.55
811.38,859.78
819.82,435.65
816.55,536.59
825.62,711.96
823.92,248.97
829.81,486.57
850.15,746.34
849.05,602.93
849.58,524.11
852,460.24
853.88,1194.9
858.06,59.213
863.72,532.97
875.61,703.14
877.36,1170.7
879.94,500.45
884.3,1115.8
889,564.39
893.91,503.63
893.91,809.91
903.62,72.24
909.57,167.06
919.56,463.08
921.66,346.1
942,561.5
951.06,469.08
955.92,794.71
961.57,591.77
964.08,1201.1
973,266
974.58,1054.9
987.29,642.48
991.18,984.73
991.15,117.59
994.12,854.97
994.59,1161.4
1002.9,153.8
1017.5,466.08
1022.5,738.76
1025.7,780.59
1046.1,1060.5
1045.3,454.22
1051.1,1090.4
1049.3,872.83
1063.2,1070.2
1085.6,658.3
1089.4,545.49
1091.3,777.23
1103.9,554.26
1118,1126.4
1123.1,146.59
1121.7,1155.3
1128.7,700.55
1132.2,488.23
1135.5,201.73
1148.2,738.29
1151.5,704
1155.6,1185.6
1169.8,33.933
1177.6,884.63
1175.4,634.5
1199.7,577.39
1201.4,54.389
1203.5,1174.9
1203.5,1015.6
1234.2,1047.1
1233.5,1101
1242,838
1243.1,396.09
1244.1,656.42
