2.2308,902.5
5.8831,153.65
37.344,174.47
47.375,1016.7
51.12,936.8
62.939,1191.6
64.08,1171.6
112.12,1002.4
127.5,904.5
129.22,549.86
140.46,513.43
143.19,85.809
151.1,22.625
153.7,1031.2
167.93,977.08
178,429.66
180.58,544.42
193.45,622.58
198.84,39.686
243,806.5
277.54,312.22
290.91,283.89
300.82,784.82
303.46,89.934
314.5,327
333,887.97
338.49,207.88
338.55,618.29
362.59,308.65
370,407.24
371.58,846.45
392.5,299.5
421.29,295.04
404.5,966.14
414.02,344.48
419,269
425.09,408.91
441.5,2.2308
451.06,1083.7
457.33,319
466.6,172.89
472.48,90.129
475.23,1187
485.5,385
493.07,269.83
492.37,1145.9
496.05,952.38
505.18,189.52
510.95,328.93
544.22,1062
560.91,163.09
570.89,38.579
578.5,1202.5
584.88,32.209
591.17,924.36
604.95,641.4
621.12,609.88
625.35,868.45
633.94,126.85
655,499
655.58,315.11
662.81,1243.1
690.91,296.06
683.68,27.958
685.6,351.57
686,648
690.94,1190.2
695.54,447.85
699.28,804.29
696,345
699.64,415.14
698,339.5
705,441.5
713.83,692.05
720.08,284.95
722.66,1002.1
730.5,544
739.5,501
738.71,680.06
742.95,1229.4
751,50.244
752,364
753.36,1188.9
755.11,85.421
757.41,146.93
759.45,4.6308
766.61,19.551
770.17,784.9
769.03,366.29
768.58,428.11
778.92,1130.1
788.06,1140.8
790.24,96.378
794.07,443.41
803.69,301.91
818.4,821.64
823.1,321.03
826.5,229.5
830.66,465.62
832.29,878
837.98,969.24
841.08,94.8
842.82,137.83
840.9,766.05
845.63,790.63
866,412
872.65,758
877.06,792.28
877.19,917.09
890.27,674.43
890.91,46.091
893.09,874.09
901.93,857.42
901.1,1023.1
903.49,42.137
918.35,601.64
918.5,845.5
948.88,628.43
949.88,610.38
956.34,762.87
953.64,343.23
955.39,1053.9
956.93,158.53
958.96,601.8
957.5,1031
959.28,817.22
965.91,617.54
965.83,702.74
967.32,586.66
971.7,513.79
977.09,593.91
980.84,609.22
981.5,98.5
984.22,810.51
1003.9,715.46
996.81,600.1
1003.2,427.73
1008.9,252.5
1010.5,696.5
1017.4,142.89
1039.1,982.98
1031.5,979
1039.1,230.14
1059,351.77
1064.3,324.45
1068.1,1237.4
1068.6,1104.1
1083.1,317.13
1083.4,1015.5
1099.9,448.97
1118.4,832.58
1117,604.86
1119.4,712.68
1122.2,620.25
1121.1,678.91
1128.8,496.01
1148.7,620.91
1132.6,795.43
1143.4,812.07
1148.7,636.9
1147.9,649.94
1155.5,252.33
1153.5,727
1158.3,644.89
1168.3,656.86
1170.1,640.42
1178.8,944.34
1178.5,1141.9
1181.2,920.28
1185.9,262.12
1202.2,873.62
1202.9,1104.7
1225.8,519.04
1228.9,656.56
1241.2,1147.4
1245.7,459.56
