3.7938,327.7
3.3115,652.2
2.75,1178.1
5.52,174.88
8.9091,671.96
23.59,497.59
28.791,251.53
28.543,827.46
30.467,743.6
34.814,56.657
37.729,1006.3
38.448,311.41
39.105,945.58
43.88,4.1205
44.446,294.27
44.2,1200.8
44.439,1166.4
50.396,196.76
50.723,245.58
53.255,1066.6
55.403,373.66
65.367,82.367
67.577,476.68
74.75,783.4
70.5,1158
70.926,251.59
73.785,1188.3
83.744,95.802
85.413,455.21
88.718,439.95
93.969,703.19
105.98,18.244
96,427
104.14,101.51
103.99,226.44
108.01,727.42
105.24,411
108.39,1086.6
116.52,1047.1
116.57,178.36
118.76,477.88
122.5,918.5
125.75,411.92
129.09,964.67
128.66,1221.9
130.56,686.79
133.77,177.68
135.5,1038.5
138.56,832.33
141.5,955.5
146.77,1106.8
146.5,447.36
150.98,862.02
150.15,472.38
150.5,189
161.36,194.82
163.5,298.5
166.35,741.65
167.14,1060.1
175.61,1219
177.45,356.74
172.26,672.5
174.17,311.57
172.83,385.05
176.4,23.113
178.09,731.91
180.7,439
182.89,1174.9
183.13,161.76
185.14,499.84
190.64,419.71
192.64,1164.8
205.47,378.25
204.33,568.8
203.63,680.8
202.94,226.45
201.5,317.5
203.86,430.5
203.93,1220.6
206.92,502.33
210.47,2.3611
219.35,226.52
218.32,792.49
222.32,394.21
222.41,525.05
223.97,1127.4
223.86,1184.3
227.85,1218.3
226.84,1245.2
226.85,696.6
233.52,1200.7
235.89,826.5
239.09,661.81
245.4,624.38
247.07,1214.4
249.14,593.25
249.06,706.91
260.26,159.38
253,1204
257.95,58.532
257.05,85.167
261.27,697.73
266.12,489.49
264.79,805.86
269.61,221.14
273.2,1091.1
278.38,886.22
276.29,155.93
276.17,351.8
278.88,577.17
281.16,198.13
282.9,377.23
286,592.57
294.16,4.626
294.58,454.1
293.63,513.8
289.92,418.08
295.74,1071.6
302.06,494.35
305.25,967.17
309.74,1171.9
311.37,775.92
312.67,1119.9
322.4,519.61
317.51,895.67
321.49,576.69
322.12,826.87
324.8,1181.6
325.94,843.26
323.56,117.08
329.79,257.99
328.34,1003.2
334.11,1086.3
328.51,1243.3
337.71,1245.6
342.07,1102.3
343,1238
344.54,811.92
348.89,1245.1
349.5,71
353.65,216.55
352.94,1174.2
356.43,1220.6
362.52,92.28
377.18,846.85
368.1,681.5
371.5,484.5
379.37,338.33
375.57,956.09
391.01,390.71
393.44,124.54
396.04,225.45
400.66,296.18
400.78,769.11
399.9,1100
400.38,1043.6
405.44,655.51
401.62,789.38
414.03,254.87
407.55,497.58
408.08,1160.1
410.61,10.843
409.06,454.65
408.67,965
412.03,76.442
414.56,327.92
415.12,827.14
415.19,839.86
418.82,702.69
423.17,38.272
425.68,627.83
424.66,815.98
425.22,1184.6
423.89,1196.4
426.92,828.56
428.07,744.41
429.88,1206.9
432.5,592
439.16,870.17
435.14,1190
442.64,953.53
443.33,351
447.29,62.132
452.03,576.07
453.37,1119.6
453.01,615.96
463.35,199.51
456.7,277.02
462.57,964.93
468.79,1031.8
470.09,686.09
475.39,1242.4
471.11,704.33
472,1054.5
472.37,1119.4
478.09,274.78
478.71,958.88
476.59,736.94
486.7,1227.7
483.75,345.54
489.09,1008.7
487.75,226.45
490.26,130.4
491.98,637.41
487.5,982
492.73,3.3906
492.96,851.93
494,789.67
498.5,606
499.58,863.45
505.31,1093.9
506.52,900.28
504.62,799.15
503.05,1188.4
504.37,552.63
505.53,667.07
509.25,1067.4
514,51.74
517.52,1232.4
517.04,34.944
519.22,153.56
519.05,900.26
521.88,6.2151
522.58,247.28
528.16,725.48
530.26,1026.5
527.25,1213.5
530.23,833.53
539.63,894.82
538.58,1205.2
539,694.17
540.44,1232
541,841.83
545.08,66.76
549.61,974.98
552.94,721.03
555.97,1220.4
550.39,358.36
557.72,620.91
554.8,1091.7
557.53,1017
561.5,750.5
569.88,5.726
567.52,1002.1
567.5,1246.8
572.08,868.17
576.74,1060.2
576.09,265.47
577.97,704.01
577.31,955.07
582.54,219.82
587.13,1170.9
583.5,461
600.04,1208.4
590.11,170.63
591.5,236.5
595.35,955.05
598.25,637.12
595,742
600.39,57
600.93,936.59
602.73,1186.3
608.92,995.82
612.39,104.37
606.64,956.5
609.87,1146.6
610.54,908.6
612.09,1172.9
614.2,62.075
618.33,1111.7
620.42,258.35
618.95,209.85
619.29,589.28
617.94,940.91
626.3,635.7
623.58,1230.6
632.94,1245.8
631.52,688.43
632,1042
633.85,1198.1
641,139.5
643.4,471.82
642.91,678.09
644.58,305.42
644.4,353.64
648.7,1204.1
647.96,268.42
649.8,1237.9
648.6,129.4
652.27,146.25
655.38,689.97
652.69,554.13
651.63,1176.4
656.76,454.76
658,1153.5
659.27,1214.2
659.25,1225.2
661.38,580.05
665.68,80.068
677.57,677.45
672.18,361.62
673.21,1135.1
682.52,558.32
680.24,1206.9
675.5,1242.5
681.64,536.38
682.56,1160.7
687.15,436.99
684.91,586.88
682.17,794
686.4,198.7
692.97,1218.8
686.08,1030.9
691.93,1091.2
694.13,733.35
697.23,623.66
709.03,292.2
703.33,644.44
705.46,881.52
704,135.5
705.61,718.13
704.47,590.72
711.27,162.88
707.5,389.57
711.35,605.12
710.58,406.89
713.59,939.46
713,1216.9
722.15,956.57
723.07,1212.3
728.93,649.81
733,627.5
735.65,922.15
738.42,400.6
739.18,164.34
742.18,367.14
742.18,1108.5
742.08,1235.5
746.24,902.04
747.16,475.62
758.93,255.42
756.77,589.92
758.33,1028.4
761.28,484.6
762.44,1086.2
764.95,941.09
764.07,1217.6
768.43,497.58
772.29,844.56
773.2,182.73
773.65,59.875
773.57,90.946
775.5,1221.5
776.5,484.5
783,231.5
786.06,1216
794,664.5
801.22,441.59
801.23,949.9
805.69,153.45
803.76,289.05
811.58,872.27
806.52,312.67
806.5,850.5
808.91,50.892
813.57,429.43
811.85,937.47
810.08,1027.1
824.11,936.3
831.8,931.11
824.88,315.9
829.35,1069.3
834.58,677.89
839.51,715.92
835.78,1202.5
839.56,1052.8
837.44,131.92
842.55,613.67
839,523.17
846.23,743.64
847.7,1148.6
853.5,524.5
862.93,374.34
861.79,185.91
858.86,1170
870.82,1214.8
870.43,300.91
874.57,872.99
876.68,763.72
876,348
878.94,988.18
876.31,223.09
877.75,361.07
878.08,967.32
882.84,595.95
886.02,252.47
885.16,425.83
886.28,854.07
881.22,1135.6
888.73,766.44
891.57,545.78
893.34,1121.1
900.79,779.16
901.87,654.16
904.17,228
908,1062.5
911.24,952.21
910.69,63.557
909.43,1171
914.86,794.96
915.41,930.21
915.38,771.22
917.56,1074.2
922.28,1112.3
929,353.01
923.85,888.73
927.97,644.14
931.41,224.67
932.69,93.705
931.74,978.14
934.5,522.5
938.43,954.21
943.75,1124.4
941.87,1207.2
944.58,801.45
946.53,1236.1
947.89,515.57
958.6,703.99
958.81,605.59
951,769.5
961.4,1021.4
962.5,891.57
962.58,407.42
967.5,872.5
969.61,634.14
973.43,459.19
976.88,741.05
981.43,1198.5
993.29,1214.9
990.48,807.26
984.5,1154
991.58,292.65
987.07,682.59
987.14,702.86
993.03,753.33
995.34,1196.3
992.35,606.24
991.09,772.09
995.41,885.22
994.42,471.3
995.46,990.47
993.91,954.91
1003.2,920.43
1001.5,976
1004.2,1128
1007.3,637.55
1008,607.83
1011.3,657.55
1013.5,1069.1
1015.7,380.63
1015.1,166.88
1017.2,210.5
1023.9,482.96
1027.6,750.47
1030,991.3
1031,119.31
1035,195.85
1034,765
1034.1,637.41
1038.4,623.31
1041.4,1021.1
1041.4,486.87
1044.9,840.29
1043.5,337.5
1044.6,1207.4
1050.8,775.28
1054.2,539.25
1056.3,439.09
1055.4,1138
1053.9,624.65
1058.6,997.29
1056.1,1028.2
1059.9,596.08
1062,465.84
1058.8,680
1060.6,1095.1
1061,740.14
1061,1041.5
1063.8,664.06
1064.7,584
1071.3,1118.1
1072.5,74.822
1071.6,1053.6
1073.4,549.6
1090,782.17
1094.4,288.41
1092.8,552.25
1100.8,1223.7
1095.3,656
1100.8,846.45
1097.2,1024.6
1101.3,1153.5
1103.6,89.344
1103.4,798.5
1106.4,436.04
1107.9,1181.4
1110.6,405.09
1110,868.32
1110.5,300.5
1114.5,617.27
1116,489.42
1116.1,851.4
1116.7,358.89
1115.4,1079.8
1115,745
1120.7,922.46
1120.3,888.12
1125.1,100.58
1131.8,984.1
1136.1,1018.8
1130.8,891.04
1130.5,673.76
1132.1,540.88
1131.5,767.5
1138,785.97
1136.3,953.34
1138.1,510.59
1142.6,930.58
1145.8,294.91
1154.4,788.9
1159,724.89
1161.5,963.5
1160.9,907.5
1165.7,687.69
1166.8,309.93
1168.9,892.96
1177.3,453.32
1175.3,638.15
1175.6,1151.5
1183.1,397.12
1184.3,717.17
1186.2,763.03
1188.6,903.68
1184.5,1129.1
1193.2,215.07
1189.9,428.78
1193.7,576.86
1188.3,631.44
1193.2,334.78
1195.2,655.48
1196.9,1092.5
1202.5,1046.5
1202,291.36
1207.2,246.25
1203.5,835.09
1204.9,960.11
1204.1,1112.1
1210.8,60.582
1208,912.07
1210.1,584.74
1212.9,1120.9
1218.6,829.84
1217.4,1022.2
1219.7,658.42
1225.9,681.2
1225.7,504.38
1228.9,935.83
1230.3,978.19
1238.9,1032.9
1236.2,1046.8
1239.4,136.08
1245.4,495.71
