4.4286,27.649
3.2333,256.07
4.7578,336.43
5.2333,428.52
4.4783,551.8
5.1273,631.09
6.9254,672.75
3.8605,869.98
4.5,242
8.5185,367.73
10.465,477.19
10.284,132.19
10,231.66
13.114,502.09
10.5,724.5
10,853.5
13.143,302.14
17.536,712.95
30.625,808.32
19,619.86
29.898,895.1
22.409,929.59
20.5,597
21.412,298.94
34.225,949.82
24.238,533.4
23,194
29.194,573.26
27.6,587.4
35.348,184.35
32.466,355.92
39.946,623.94
59.519,653.2
33.895,732.58
39.193,341.73
40.987,273.78
37.5,720
39.705,51.727
40,571.11
39,614
41.414,662
41.682,735.64
50.459,855.65
43.392,683.69
44.929,292.29
45.68,900.44
46.421,581.11
47.5,723.88
57.95,42.389
48.95,190.93
49,255.17
56.641,230.45
49.588,770.06
50.667,776.83
57.737,603.88
54.311,277.68
52,765
68.453,911.08
55.091,960.64
57.767,199.19
61.817,724.12
56.5,789
61.432,278.3
62.879,213
78.722,252.21
67.265,349.84
85.049,300.13
67.091,736.05
71,65.333
78.233,47.633
77,354
83.425,638.52
80.901,985.13
86.318,112.32
86.359,131.84
87,831
92.156,385.61
91.5,613.64
95.95,1006.9
96.5,784
96.5,835
98.741,3.9259
106.73,130.06
99.87,263.17
112.58,655.63
110,1046.2
107.56,48.037
110.88,918.25
114.28,155.61
120.78,704.82
124.28,235.25
127.88,691.2
134.63,783.8
134.48,805.24
135.04,943.04
135.58,369.61
137.45,425.45
137.42,219.89
144,675.18
139.87,158.29
142.35,877.8
143.22,21.065
147.76,49.329
149.3,953.23
153.94,113.86
152.61,637.88
149.29,806.71
153.55,775.93
155.37,290.7
168.75,367.26
155.65,988
156,231
156.36,14.5
161.85,150.22
164.32,231.36
164.06,748.41
167.44,851.05
165.96,640.58
165.59,778.94
173.89,157.55
178.26,261.61
170.24,915.65
171.43,644.61
175.29,121.91
172.33,1020.2
178.55,51.383
176.93,12.414
177,241
177.37,415.34
182.71,892.54
180,30
190.29,809.91
181.5,103.5
188.6,391.6
192.5,699
213.5,1008.7
194.82,737.14
205.24,861.82
204.24,84.945
202.06,129.5
199.58,1144.9
202.98,598.39
204.75,781.66
205.31,1082.7
221.62,152.98
203.4,669.6
207.35,428.88
208.97,372.76
216.23,666.39
212.5,196.14
215.02,748.75
214.97,925.34
221.53,1088
219,59.927
218,1047
219,1102.5
220.05,85.091
220.83,50
220,380.5
223.9,767.91
221.4,193.6
223.05,370.77
225.36,33.955
226,414.29
229.59,872.89
228.43,228.2
227.6,639.6
227.92,984.32
229.6,658.4
229.86,1123.1
238.07,927.82
235.35,411.97
239.33,987.94
233.83,1195
240.06,828.46
240.6,873.4
246.64,436.79
252.42,389.93
246.29,410.29
247.35,1063
250.5,189.5
257.63,115.65
252.05,932.9
253.61,1021.3
258.91,883.32
258.31,293.85
257.43,657.77
261.05,468.48
260.63,801.14
261,642
262,700
263,940
265.67,69.673
273.67,142.67
274,237.99
267.5,769.5
274.61,665.06
276,716.09
276.73,183.23
278.43,380.93
276.4,1004.4
277,813.5
282.92,945.12
279.89,1042.6
287.33,825.56
285,913.5
285.4,1045.6
292.88,183.85
304.45,708.91
298.58,243.44
295.15,362.92
294,824
297.66,414.93
319.74,161.48
302.27,144.11
304.92,563.52
303.12,174.35
307.3,390.66
304.48,796.89
308,919.68
309.09,235.61
308.45,87.387
309.89,311.42
324.29,37.856
310.8,594.44
311.49,930.05
315.72,763.66
317.75,948.7
320.5,1016.6
336.67,366.96
319.79,643.55
318.83,902.15
319.5,698
320.61,820.75
322,294.5
329.49,211.7
326.67,238.67
333.58,565.01
324,779
340.51,86.028
327.23,610.7
329.41,4.413
338.44,599.39
348.26,118.4
335.74,1039.2
336.68,719.38
334,38.5
346.92,1019
337.28,304.62
343.38,547.06
336,891.5
338.08,873.08
339,242
350.73,1202.6
351.39,189.95
350.78,309.34
344.4,530.6
345.57,572.61
350.24,15.97
383.93,240.36
353.69,1141.1
354.68,1083.5
374.83,475.84
352.04,519.79
354.42,68.105
359.56,142.3
357,378.2
360.68,965.64
359,1150.5
376.58,321.51
367.78,364.85
369.95,350.18
369.91,66.686
371.94,413.28
375.39,977.44
376.85,187.38
390.12,169.91
375,200
385.51,44.905
378.44,133.11
379.96,357.56
382.63,610.58
383.06,1013.8
399.41,1127.8
397.86,665.27
388,1246.4
389.74,840.92
399.57,990.15
390.89,721.11
392.9,916.58
390.8,974.44
390.66,132.34
392.5,1148.5
395.8,1169.2
395.5,749
399,338.5
405.35,505.58
399,603
409.97,950.33
400.97,1246.1
405.81,1064.4
401.99,1158.1
408.73,71.945
404.09,611.12
408.32,91.06
411.81,1187.7
413,36.346
432.62,324.37
422.51,912.12
419.05,152.28
415.74,1155.9
421.86,53.738
420.16,719.23
421.4,763.55
422.98,1095.5
428.97,117.41
420.85,270.05
427.49,211.96
427.05,871.72
427.76,600.15
428.57,383.36
431.38,957.92
429.5,677.5
436.46,342.99
441.18,231.22
436.56,689.05
437.43,88.723
444.17,190.89
434.5,590.5
437.47,641.99
437.05,31.909
436.5,214
438.35,783.4
441.33,1019.4
452.22,1043
445.13,774.35
450.54,131.95
444.54,404.91
443,628
444.97,1079
445.22,1243.7
448.69,49.923
446.09,1125.1
449.2,1196.1
448.82,622.95
460.94,858.83
455.6,1160.6
453.64,535.66
460.42,948.12
449,995
451.16,1221.4
454,997.5
454.6,231.6
461.14,1131
460.77,412.24
462.25,451.35
460.48,319.99
459.41,1088
475.47,344.88
459.63,341.37
487.9,278.1
460.71,1000
470.89,170.51
460.5,1106.5
461.5,47.5
465.5,208
466.71,818.57
467.09,845.48
480.2,47.369
468.5,82
473.78,1070.8
471,701.5
481.69,231.73
472.75,767.5
471.6,823.6
472.5,810
474.95,267.1
477,814
488.55,868.87
479.35,1004.9
493.44,409.19
482.52,14.913
482.65,31
482.6,432.6
484.6,988.6
485.95,768.9
488.08,170.08
518.1,63.222
491.84,1134.5
493.52,1070.8
493.15,204.19
491,1223
493.06,1018.9
495.14,1149.7
495.62,1246.6
493.5,414.5
503.98,178.21
497.55,610.21
510.74,133.95
502.83,319.48
505.6,734.94
504.07,1163.9
504.98,1230.2
507.53,1246.4
512.96,347.11
508.22,603.89
512.78,882.13
512.42,1170.9
516.73,571.62
521.6,95.436
514.5,606
526.9,738.62
528.3,234.68
521.56,309.6
529.09,1180.6
526.05,1238.5
519.89,614.42
521.17,207.33
522.55,299.79
525.03,1054.7
524.5,330.5
530.43,209.51
528.36,255.45
533.1,778.82
529,296.5
529.6,1210.7
530,1247
532.22,1010.4
534.43,1029.1
534.5,817.5
535.67,288.83
544.13,820.65
544.42,869.28
539.25,392.72
561.65,211.15
541.44,805.08
542.5,135.5
542.53,1198.4
543,81.5
544.84,242.08
544.42,150.11
554.96,262.08
550.83,1244.7
555.54,45.271
556.63,598.2
565.98,418.06
557.79,762.31
554,365.35
557.89,334.38
557.79,963.75
567.16,231.89
571.93,311.57
572.55,113.64
579.07,16.196
575.57,624.71
571.97,1115.4
575.32,751.72
574.31,47.385
574.59,1100.5
581.4,34.834
575.29,926.43
577.73,1092
577.39,850.57
579.32,1218.9
593.38,345.44
586.24,497.86
591.82,979.31
582.63,804.5
586.34,743.94
589.3,544.61
585.2,882.44
589.03,718.24
590.78,907.16
597.09,427.85
590.88,284.35
591.11,378.58
594.38,1064.3
606.7,797.16
603.59,635.1
594,1016
597.1,1082.4
596.9,869.81
598.17,45.95
600.6,836.09
597,572
597.5,898.5
603.71,943.98
604.95,1033.2
606.89,227.26
601.09,265.09
601.71,682.57
606.96,314.67
611.07,1084.4
605,1227
608.67,1055.2
617.61,40.404
611.97,394.47
610.65,850.87
619.27,454.39
618.17,1014.9
621.68,667.27
622.66,902.65
622.73,975.31
622.79,311.15
617.65,917.9
619.11,853.42
620.38,1110.3
626.2,619.86
620.93,751.68
622.49,287.19
625.36,391.05
623.8,656.92
624.5,81
628.96,1109.5
635.12,1017.3
632.71,135.34
631,1188
631.65,1196.4
634.04,958.92
641.76,226.72
635,651.5
636.9,807.85
641.3,887.57
634.66,1126.9
634,129
638.98,382.31
642.18,575.09
643.72,798.2
635,303
637.42,1230.3
650.7,1204.3
637.58,595.89
646.09,172.76
640.44,667.89
640.5,964
646.14,678.75
643.96,1228.7
645.09,743.91
655.62,763.51
646,109.72
650.77,408.92
646.43,1003.6
648.86,430.1
649,585.59
646.84,846.25
653.58,639.44
650.23,509.91
659.86,707.55
653,134.5
657.62,314.09
667.78,505.02
660.79,1232.2
656.44,373.89
665.43,970.9
657,305
657,896
658.4,170.6
664.99,908
670.37,103.97
667,124.33
672.58,245.25
668.97,308.91
670.19,325.21
669.27,742.64
683.36,1167.4
677.51,153.28
669,878
673,126
674,350
676,313.5
676,318
681.34,639.57
678.77,322.77
679.5,619.5
682.26,575.09
679.59,743.94
682.3,397.9
682.1,1104
686.96,358.02
689.41,74.203
692.92,184.03
685,329
685,405
688.7,902.65
689.49,106.46
688.96,1069.1
689.31,963.55
701.89,1118.6
691,927.5
696.45,749.71
697.34,1063.5
694.98,384.51
695.61,403.45
693.73,431.65
700.18,226.17
697.46,315.74
698.75,993.9
695.33,700
708.56,725.11
708.03,798.29
703.73,62.346
705.13,407.3
705.11,243.58
706.95,1229.9
705,336
712.7,113.38
706.78,183.44
706,1024
710.16,1194
708.55,749.42
710.28,967.46
717.59,1056.7
711.21,1032.3
712.17,135.25
712.13,524.22
711,63.5
714.05,630.5
730.65,201.79
715.91,235.95
723.65,75.586
718.71,158.55
722.94,948.79
719.4,326.6
741.95,842.39
725.37,495.47
724.79,232.34
734.03,903.82
731.8,777.08
726.82,1070.3
732.02,327.06
726.97,787.79
737.54,166.33
727,1094
733.32,1217.1
733.76,1047.6
729.09,1121.1
730.5,648
739.14,371.51
732.29,527.55
732.96,78.609
732,215
735.27,300.71
733.42,538.11
743.41,673.23
740.71,964.44
738,240.33
745.96,887.75
742.5,82.5
746.16,311.71
744.41,570.89
745.63,744.87
745,620
748.33,1244.3
755.02,72.399
754.12,1012.8
752.05,188.03
751.53,606.26
769.56,1225.8
750.5,385
752.63,808.77
754.06,1067.8
753,174.71
752,294
754.62,377.88
755,390
772.52,138.47
761.04,1147.2
764.76,824.89
767.11,961.15
761.84,1088.1
765.13,909.47
763.67,1138.8
767.06,1203.3
769.21,614.5
767.19,1097.1
770.49,418.65
768,798.5
768.93,992.57
768.57,1026.3
769.48,1138.1
770.17,239.33
777.87,397.49
770,971
771.03,1179.6
772.45,693.62
785.59,214.28
776.65,438.14
773.23,473.77
772.46,481.89
772.6,626.4
774.5,1155
785.8,243.61
778.6,852.3
779.42,385.46
796.59,1189.1
786.77,778.13
783.05,301.49
786.13,547.86
795.19,684.72
785,513.5
791.43,377.84
786.42,93.105
788.5,184.5
789.03,507.79
789.42,521.58
792.08,851.77
800.21,989.81
805.72,720.57
794.03,1023
794.31,594.04
798.69,1167
798.25,543.95
797.48,118.09
822.4,191.32
801.61,236.72
800.34,436
798.45,290.45
802,428.33
808.58,1022.7
812.89,594.97
807.29,1155.3
805,122
805.91,553.95
811.04,766.34
808.52,899.74
809.5,699
809,884
835.81,125.85
811.45,433.71
812.92,535.58
819.16,1042.9
811.5,494.5
813.35,572.73
813,580
817.24,164.89
814.5,284.5
819.86,913.25
826.62,393.45
817.03,1205.4
824.01,242.23
820.07,561.97
822.77,948.92
823.03,1142.9
822.98,420.43
830.94,301.8
830.1,585.42
836.79,760.33
829.01,847.12
832.19,373.81
832.26,864.98
828.89,427.58
836.95,509.48
837.14,699.36
831,579
833.09,711.09
836.15,651.87
852.49,243.66
837,477
837,580
838.58,149.1
842.6,1155.2
846.46,629.36
841.5,969.9
848.97,325.7
846.06,568.54
844,494
849.11,1238.8
846.5,550.74
848.53,874.42
849.82,480.66
852.6,1165.8
858.05,199.89
856.93,447.43
856.3,917.5
851.5,371
854.3,595.28
854.26,1087
854.79,823.42
857.76,258.96
857,878
864.07,551.42
861.76,1199.4
861,1144
860,1210
861.89,1220.5
862.09,928.77
865.8,1088.6
888.05,103.87
863.5,169.5
869.2,323.93
876.76,596.57
883.69,764.98
871.96,1246.6
869.69,352.08
869.44,798.98
874.36,727.82
872.54,907.62
881.66,1056.6
871.42,811.89
871,898
878.64,883.64
880.99,220.08
883.06,308.23
875,336
907.9,463.54
878.48,843.16
876.7,250.7
883.05,194.64
878,835
883.37,526.9
882.52,723.61
886.26,1106.9
884.6,256.4
895.66,359.58
895.45,931.74
892.08,254.32
898.78,574.12
893.9,230.95
895.5,241.5
898.71,987.13
903.41,421
901.5,812.5
902,825.5
907.88,1182.2
922.98,1109.6
912.52,551.78
913.98,1010.9
910.06,164.91
912.36,302.79
916.34,286.9
911,1132.5
918.37,697.68
914.24,108.03
914.14,400.5
915.5,408.5
916.56,428.85
915.61,735.04
924.33,237.66
919.03,966.72
919.5,481
920.62,636
935.91,916.92
922.76,1163.2
922,365
924.29,709.71
934.21,600.07
927.09,758.66
934.55,846.21
925,1174.5
934.73,371.53
946.83,673.76
930.24,1200.7
933.63,145.21
929.93,300.59
929.5,694.5
930.05,898.91
935.04,714.95
935.7,510.23
943.9,103.27
955,991.04
935,1143.3
936.72,357.94
935.58,497.11
942.54,479.21
943.45,168.63
939.79,1192.7
963.15,400.17
956.78,641.54
958.37,449.67
947.52,962.73
943.29,282.57
946,1154.7
963.12,143.2
948.5,571.5
948,1149
952.8,507.04
953.79,1197
958.09,757.81
954.19,1175.4
958.41,767.93
961.23,861.54
961.6,908.77
961.59,361.06
977.27,817.95
962.83,710.13
965.45,595.26
963.77,659.73
969,575.19
966.81,606.45
967.17,541
977.55,1062.7
968.3,1146.8
971.76,622.24
967.5,654
970.16,890.7
970.07,319.8
969.42,534.89
976.1,720.86
980.91,565.52
986.77,1234.9
976.52,212.65
977.37,533.66
997.98,679.11
1001,469.6
977.6,1139.6
979.94,899.5
981.32,942.54
991.26,108.27
988.61,214.27
981,1186
986.39,519.75
986.26,837.7
983.5,987
985.49,419.87
987.17,444.88
984,735
987.11,1129.1
990.04,1143.4
987.5,597
988.09,785.32
996.81,918.27
988.89,732.58
999.29,1184.2
1001.2,575.85
995.13,1151.9
996,771.5
1016.5,294.8
1000.7,710.76
1000.2,346.89
997.5,702
1000.2,788.35
998.63,1069.7
1000.2,235.3
1009.3,839.39
1003.3,1010.8
1009.9,213.36
1011.4,998.72
1012.7,387.85
1009,1245.5
1010.9,772.95
1013.2,549.23
1012,647.5
1012,966.5
1014.2,377.33
1013,640
1015.5,694.28
1020.5,1194.6
1014.7,124.71
1018.3,921.27
1015,1238.9
1026.7,524.63
1019.4,581.88
1033.5,1029.8
1029.9,460.39
1018.7,1120.9
1019,449
1020.4,777
1020.4,726.15
1020.1,885.07
1020.9,972.2
1020,360
1027.1,1222.2
1025.4,146.93
1029.7,1149.8
1045.2,325.52
1030,1006.5
1032.9,348.48
1032.9,592.77
1028,999.5
1035.9,1128.4
1041.4,543.97
1036,910.56
1037.6,164.5
1036.4,472.4
1045.5,1066.3
1041.5,371.63
1054.4,134.97
1040.5,1094
1042.5,212.97
1048.6,238.9
1044.6,742.88
1043.1,1200
1047.4,1209.5
1046.8,587.78
1043.5,640.5
1051,346.51
1045.3,1137.7
1046,484.5
1049.2,1111
1045.4,1143.6
1068.1,1176.3
1068.6,452.02
1048.5,635.5
1056.5,900.79
1056.5,942.92
1055,478.44
1054.7,1135.9
1054.6,695.43
1055.9,726.84
1059,1050.2
1073.2,177.47
1061.6,561.98
1061.5,848.32
1065.6,821.49
1069.4,243.93
1073,348.11
1065.3,470.8
1076.5,880.29
1070.6,1127.4
1069.8,386.03
1072.9,761.58
1072.6,843
1074.5,1040.5
1073,914
1085.7,318.72
1075.9,861.42
1082,1152.4
1081.4,911.71
1083.3,437.64
1085.8,696.27
1082.3,722
1086.5,200
1084.7,290.43
1093.6,491.54
1085.2,829.16
1093.9,1210.6
1092.7,538.06
1087,728
1088,721
1090.7,834.53
1093.2,770.02
1093.2,882.77
1103.6,257.21
1094.4,921.2
1093,1199
1095.7,1108.9
1095.4,522.89
1097.5,242.35
1096,275
1101.1,201.86
1099.5,864.97
1103,887.4
1115.5,330.89
1100.5,449.5
1101.1,612.68
1114.4,406.55
1109.7,1185.6
1111.4,301.4
1108.6,449.15
1142.3,189.53
1115.1,523.3
1114.2,759.05
1109,478
1114.3,1112.8
1114.6,440.4
1115.8,1046.6
1132.3,713.89
1117.5,900.61
1139.1,960.6
1126.6,448.14
1120.2,463.87
1119,893.5
1141.6,217.68
1123.6,1018.6
1127.8,820.54
1146.3,1137.9
1123.4,1178.5
1150.5,495.44
1124.6,700.64
1123,712
1126.8,882.59
1128.4,563.23
1126.6,968.13
1126.3,860.6
1130.2,999.05
1130.5,669.11
1136.9,912.22
1131.5,578.39
1133.4,1209.4
1132.5,309
1136.1,558.6
1140.8,602.36
1141.1,1201.4
1141.5,315.51
1138,308
1143.6,639.52
1138.5,680
1145.9,794.52
1142.1,1247.1
1165.8,439.31
1143.5,332.15
1141.5,1033.6
1142.4,853.89
1146.5,675.79
1149.4,561.7
1145,440
1149.4,226.73
1150.4,359.96
1151.2,660.63
1176.5,395.14
1154.1,996.72
1157.6,1054.2
1167.2,1244.2
1157.2,533.29
1159.8,1011.4
1162.8,1172.2
1161.4,304.92
1161.9,1206.9
1167.2,325.21
1178.8,874.7
1161.9,288.64
1164.1,635.59
1166.8,716.41
1164.1,1037.5
1166.8,897.81
1175.8,756.31
1166,906.9
1172.6,456.03
1170.2,916.29
1171.2,359.45
1178.4,1042.8
1173.8,726.33
1184,614.8
1181.7,180.92
1189.1,578.48
1179.4,1017.9
1180,1152.4
1178,361
1180.7,698.93
1182,277
1185.7,525.55
1185.3,541.61
1185.8,807.45
1187.3,1004.5
1199.7,283.96
1188,1170.6
1192.1,229.02
1198.7,758.47
1193.7,949.02
1191.1,975.52
1195.1,677.64
1197.5,212.79
1193,1012.5
1193.8,1151.4
1194.1,1166.8
1195.5,834.09
1206.5,1245.5
1205.1,1044.9
1206.4,432.43
1208.5,511.24
1197.9,1217.1
1200.3,458.7
1204,739.16
1209.2,183.17
1200.9,1014.6
1205.2,621.04
1200.6,696.6
1207,1224.5
1209.6,477.17
1213.1,451.67
1215,150.61
1217.5,794.24
1217.7,492.44
1216.5,654.85
1214,930.5
1218.4,814.07
1216.7,959.16
1226.1,680.58
1219.4,611.11
1219.5,893.5
1222,1087.6
1222.7,1004.8
1232.2,634.85
1235.5,524.95
1225.2,434.86
1226.6,422.4
1227.4,723.11
1230.4,293.57
1239.4,474.78
1230.6,897.11
1235.1,1057.4
1231.2,1079.8
1233.6,1157.5
1235.4,1245.5
1232,421.5
1233,891
1237.6,335.21
1242.5,842.08
1238.1,200.41
1238.8,251.69
1240.6,875.15
1241.3,955.71
1242.2,402.04
1240.9,418.14
1243.2,140.75
1241,853
1244.7,1157
1244.5,342.5
1245.5,382.88
1246,560.64
1245.1,1070.2
1246,178.92
1246,289.17
1246.2,601.98
1246.8,201.67
1246.9,447.4
1246.7,631.87
1247.1,585.5
