2.2667,161
10.593,723.07
27.65,787.33
33.206,570.36
29.922,904.8
41.165,691.2
48.664,288.13
48.244,418.19
56.558,1221.2
55.571,596.43
60.225,440.26
66.323,1016
72.415,586.9
73.472,381.74
78.935,597.48
86.411,930.01
94.351,866.07
99.146,1177
101.93,463.59
105,1003
105.89,1129
123.69,723.42
120.1,532.22
119.93,707.41
134.92,169.91
131.5,924
132.09,348.87
139.07,1122.8
137.08,36.568
141.11,373.7
143.71,509.43
156.15,1240.5
160.79,972.29
163,677.4
164.96,774.58
180.98,404.8
182.76,943.03
193,553
195.24,434.86
196.66,310.38
198.43,516.47
206.67,210.46
209.09,77.686
213.41,787
215.48,911.43
218.92,459.92
224,781
230.94,1125.7
234.31,997.31
233.5,1047.5
236.89,537.37
248.61,618
257.88,221.15
256.21,1038.5
263,706.09
263.4,685.4
272.07,459.42
271.09,696.55
272.75,132.45
277.2,685.05
278.57,706.56
282.19,1139.9
288.41,518.61
295.09,586.91
298.27,287.28
300.8,366.63
302.68,402.36
302.26,258.93
310.14,844.55
313.52,892.34
316.33,36.437
318.82,691.61
325.04,666.52
324.41,90.573
322.5,195
323.85,483.1
326.59,558.5
330.89,1191.6
331.17,832
337.77,467.38
343,6.6667
349.46,314.14
351.33,609.31
356.35,946.29
358.29,107.5
366.8,351.8
368.19,844.12
372.63,595.84
381.77,61.437
383.51,543.61
384.08,404.92
387.41,389.59
392.8,720.18
403.09,825.91
406.5,219.15
408.75,1177.2
419.07,379.95
424.05,1055.8
420.56,104.08
430.14,1109.8
430.95,1233.2
434.14,565.35
439.05,767.5
443.39,371.41
445.14,632
449.42,1244.9
462.31,832.44
462.23,971.44
467,873
473.54,759.65
481.77,161.03
485.84,420.34
482.69,63.952
482.83,860.11
486.06,1095.6
491.73,8.4878
495.23,88.792
499,686
499.47,804.42
506.39,1012.7
505.37,475.07
520.32,633.3
520.93,437.41
528.77,1111.5
529.54,313.62
534.07,1132.4
537.5,1015
557.91,79.282
560.82,459.39
564.09,1061.9
570.42,389.75
572.98,513.62
574,667.5
592.88,791.76
590.97,208.1
594.3,831.23
592.09,1198
600.75,426.16
608.96,544.11
603.91,707.91
605.5,884.71
607.83,443.13
615.7,236.7
622.26,914.96
621.39,1051.1
623.61,86.139
635.67,1164.2
638.14,736.5
640.54,673.77
640.92,356.56
646,73.5
650.22,340.52
649.56,971.08
652.99,295.59
651.63,375.63
664.64,328.11
663.29,771.29
672.27,122.43
682.87,534.56
702.93,397.07
707.71,997.7
710.32,1113.7
712.85,409.67
715.5,562.88
718.58,1197.4
730.73,911.41
734,206.64
736.82,155.65
742.31,983.83
739.38,870.5
743.7,143.44
746.38,588.01
747.1,1244.5
754.95,421.97
753.5,737.5
773.93,825.42
771.93,242.59
776.52,272.87
777.06,107.48
780.68,1093.7
785.64,576.08
785.92,1132.4
787.5,220
796.28,911.88
804.2,1032.9
803,905
813.08,801.58
810.53,85.147
812.44,634.83
813.95,754.54
814.5,1128.6
824.65,359.52
817.94,919.34
817.09,999.09
825.58,1021.6
827.05,456.76
827.05,858.08
838.63,210.59
842.09,612.32
845.46,25.841
858.11,750.07
864.1,462.16
867.44,36.034
883.34,145.09
888.12,353.12
891.83,760.43
894.94,549.31
902.48,1031.1
904.8,1174.1
916.58,15.214
917.74,561.49
915.9,235.65
922.46,394.27
920.5,916.5
920.94,150.09
926.09,260.29
929.83,1063.2
927.77,349.57
934.12,310.76
934.22,1081.9
933.58,617.89
936.32,50.216
939.7,776.94
938.74,182.42
937.4,580.6
944.82,866.29
943.71,1038.7
950.58,752.45
956.46,444.47
953.5,524.5
959.63,81.633
960.83,714.23
968.19,159.4
973.47,99.705
968.51,280.84
967.09,525.09
968,1147.5
970,1113
971,994
974.9,19.099
975.55,499.97
974.29,1004.6
984.91,905.09
996.63,163.93
1004.2,658.79
1006.3,279.79
1009.6,345.24
1010.2,133.86
1007.5,506
1013.9,533.06
1012.4,1029.6
1016,626.5
1020.5,197.95
1025.7,733.4
1025.3,989.35
1032.8,25.117
1033.9,149.67
1031,330.18
1036.8,468.47
1039.9,196.77
1046,932.22
1045.6,569.64
1053,1088.4
1050.5,66
1056.1,100.87
1057.9,625.17
1059.8,433.18
1060.5,20.782
1065.1,732.46
1066.1,814.09
1067.4,1102.4
1077,1011.1
1080.5,772.91
1085.6,187.38
1087.9,796.47
1087.5,1093.3
1096.1,1180.8
1098.5,5.9438
1101.2,677.62
1106,34
1112.2,14.81
1113.9,303.83
1116.1,432
1118.1,815.69
1119.5,1004.8
1121.2,71.857
1124.3,11.939
1126.3,842.67
1129.4,546.47
1128,929
1132.6,23.265
1133.9,459.1
1135,879.79
1142.4,869.28
1148.6,85.837
1145,1175
1148.6,529.02
1147.9,420.4
1159.5,412.96
1158,456.43
1159.1,425.29
1159.5,210.56
1161.8,491.71
1169.7,329.76
1169,621.5
1169.6,1222.4
1174,168.89
1172.5,879
1174.6,918.52
1175.2,713.59
1181,449.31
1184,358.07
1186.4,269.44
1193.5,668.26
1194.2,28.821
1195.1,811.04
1202.6,991.02
1207.8,1028.5
1213,523.16
1221,1141
1225.4,1236.9
1226.3,458.39
1231.8,789.37
1230.5,906.37
1235.6,840.74
1234.9,265.38
1238.1,447.53
1238.1,45.651
1242,118.12
1241,219.38
1241,1021.8
1245.8,933
1245.6,1093.9
1246.4,427.81
