3.1639,297.43
2.7209,349.44
2.4444,668.11
5.6923,1191.5
4.0909,444.09
12.466,906.34
12.656,390.53
19.5,292.15
20.067,1071.1
21.792,979.92
22.611,532.14
22.633,1097.4
26.207,78.759
28.642,1215.3
29.598,306.62
34.105,82.421
33.5,582.5
37.278,653.25
37.4,1135.4
40.725,1077.2
47.257,594.32
46.458,460.07
55.361,1148.3
55.154,212.1
54.846,935.54
67.609,535.21
60.541,895.78
66.522,475.43
66.932,1076.3
68.255,225.32
76.788,104.97
74.917,706.92
77.541,1154.2
82.123,447.31
78.944,658.04
78.917,916.08
84.397,773.41
87.362,862.63
89.678,617.41
92.694,359.54
89.8,932.7
94.681,58.85
93.623,328.38
94.359,261.44
95.872,146.87
100.46,345.45
95.5,1075.5
102.11,748.28
106.47,2.9825
106.54,1124.6
108.42,1166.6
111.08,798.01
114.82,971.56
118.34,226.47
118.84,581.05
120.35,1095.1
118,863.32
122.63,923.14
122.11,1139.6
123.95,937.54
126.58,1061.6
132.25,1027.7
134.52,430.48
138.14,723.26
135.65,233.29
138.67,301.5
140.57,571.44
140.49,1158.4
142.39,1188.4
150.48,50.417
154.17,1029.7
164.31,797.61
169.22,607.89
164.32,886.67
165.74,273.03
169.93,208.47
170.55,953.06
171.12,1112.9
174.11,840.17
173.67,666.55
174.42,330.45
181.39,457.36
182.95,170.53
181,744.5
185.99,897.34
183.17,923.14
188.82,27.435
185.81,1183.9
187.38,113.22
187.58,1145.9
193.26,882.04
192.56,1016.8
197.31,1108.9
195.07,618.59
195.91,992.09
196,972.5
199.83,713.93
199.98,828.39
203.22,338.56
203.67,314
204.15,1000.5
212.36,344.77
214.05,656.54
224.21,980.25
217.53,1067.8
229.69,1171.8
231.73,1244.3
227.65,119.54
229.92,631.92
235.46,254.22
245.67,237.4
249.17,1209
256.12,495.69
257,994.85
262.42,899.7
266.5,1245.3
265.93,127.59
268.62,806.62
266.47,1041.8
266.92,989.08
276.83,134.57
278,109
279.56,515.5
287.36,162.94
284.6,361.76
285.88,198.12
292.7,942.64
297.93,1163.1
306.81,263.51
309.7,446.98
309.36,959.77
311.96,919.06
318.27,282.63
321.89,19.37
323.68,385.9
325.12,126.88
328.93,476.56
328.69,1140.8
333.57,980.39
337.64,408.28
340.54,53.689
341.05,370.48
341.04,197.92
340.67,541
344.54,982.09
346.17,548
356.62,91.932
357.25,633.92
360.28,1062.6
369.31,845.81
368.98,1035.3
367.85,444.76
372.83,162.01
380.57,26.845
404.11,248.24
385.31,443.15
385.5,545
384,1230
386.95,101.17
388.77,886.25
391.39,356.14
397.03,278.08
394.28,794.29
392.5,432
396.28,986.03
402.38,168.8
402.82,1191.8
400.5,198
408.94,305.53
408.5,212.5
411.89,609.66
410.72,1230.6
413.98,893.71
412.04,939.38
414.2,191.48
415.94,276.02
416.5,956.5
427.75,597.59
422.42,155.74
421.02,1017.2
422.88,809.64
430.62,271.03
426.77,309.62
422.91,462.91
431,1040.6
430.48,380.57
432.34,1174.5
436,880.5
437.06,353.69
440.09,1237.6
440.83,291.93
444.59,167.78
447.09,906.87
447.42,528.58
452.56,741.59
458.32,420.78
457.33,532
460.06,639.87
461.28,907.88
461.06,384.7
461.07,863.41
471.99,1168.6
473.43,969.7
478.58,267.89
484.58,17.257
483.36,42.114
493.83,413.73
498.07,766.69
506.33,238.89
504.21,432.47
515.73,1044.7
518.29,1079.6
516.98,757.36
523.91,881.11
523.13,867.13
524.5,252
527.91,530.89
530.87,7.6235
529.66,823.18
548.27,640.89
533.16,1202.1
535.88,482.64
531.33,872
536,1161
535.5,728.5
543.75,495.25
548.2,1130.6
545.58,799.89
548,262.83
548.17,473
548.09,1097.9
553,1064.3
557.29,197.36
559.31,429.92
562.73,992
560.94,64.094
562.43,939.95
567.96,577.87
568.46,298.44
569.33,689.57
570.16,269.64
572.61,867.61
575.46,779.06
572,1123
576.02,1230.9
576.37,915.56
578.75,1044.1
575.5,282.37
581.69,833.27
592.05,288.05
592.07,1118.4
597.76,409.16
602.51,1180
600.84,928.42
609.58,327.67
610.04,1225.5
621.64,340.77
615.53,590.34
619.52,7.9504
618.66,550.1
620.56,733.84
616.91,145.09
621.17,411
623.08,397.95
625.97,1196.6
627.21,189.31
628.12,516.31
629.44,972.16
634.12,50.567
633.88,1114
633.86,1159.1
638.26,345.72
649.48,676.45
650.04,1241.9
650.56,29.923
654.16,193.95
663.77,900.94
663.61,24.389
663.55,942.89
665.47,1064.3
669.72,1012
671.18,759.4
672.93,962.83
674.14,689.7
684.64,537.87
691.7,1124
701.8,270.38
702.79,755.89
708.16,999.09
710.74,900.25
715.18,974.86
718.22,847.69
715.22,1111.6
720.06,1154.3
724.29,1058.3
726.38,49.508
724.55,384.33
728.97,108.09
731.16,1073.6
727.92,578.08
727.5,1238
740.9,962.84
741.39,860.32
742.74,412.46
746.94,224.07
747.57,997.68
760,287
762.4,345.77
784.29,1115.2
786.42,561.58
787.08,145.8
806.08,892.01
789.85,1230.7
789.85,341.65
795.25,915.83
801.18,628.3
813.86,990.39
819.01,387.86
817.03,1173.1
824.22,1081.6
825.92,494.8
829.5,57
829.65,883.91
833.16,903.03
828.5,916.5
829.78,986.56
833.44,1001.8
833.47,1245
837.93,917.59
843.36,132.63
848.43,673.84
848.45,1013.6
847.91,919.95
847.5,1003
858.22,895.13
855.65,705.72
856.09,1007.9
861.19,505.07
867.01,164.56
864.94,304.31
864.53,728.16
866.56,560.08
874.91,839.49
875.49,257.7
873.71,454.45
879.58,810.09
879.92,140.3
902.2,1191.8
902.32,1140.5
912.31,330.49
912.54,654.98
914.38,1040.5
915.08,1221.9
918.44,578.74
927.08,331.41
930.26,1013.1
930.5,620.5
935.09,960.09
949.08,174.94
954.3,865.7
955.18,520.6
965.37,511.85
971.07,630.84
979.72,205.3
982,1131
988.02,531.48
1004.2,77.165
1000.7,116.18
998.5,529
1003.9,1242.4
1007,1182.6
1009.6,336.33
1008.5,748.68
1019,718.53
1022.3,98.936
1026,662.32
1027.4,1149
1032,69.919
1028.1,361.09
1047.5,42.475
1052,80
1056.6,766.39
1060.6,91.088
1061.2,182.5
1062.2,640.24
1065.6,57.548
1085.7,238.83
1090.5,322.2
1098.8,115.83
1102.2,142.54
1104.4,437.1
1104.4,899.7
1112.6,186.96
1109.5,831
1113.8,38.071
1113.1,252.92
1115.3,997
1120.9,230.3
1128.6,145.92
1132.8,49.686
1145,757.92
1144.9,253.12
1150.9,969.77
1149.7,825.79
1154.8,80.445
1153.5,1247.1
1152.1,877.08
1159.6,264.56
1173.8,771.12
1176.9,478.15
1186.5,693.62
1197.4,1068.1
1189.7,332.56
1189.1,1223
1189.6,178.64
1192.1,943.41
1196,465.81
1197.9,634.36
1207.9,1205.1
1213.5,439.29
1220.6,217.21
1222.4,82.711
1233.3,53.148
1232.3,1237
1238.2,927.13
1242.9,1039.7
1246.8,98.258
