7,171.76
7,464
11.71,552.39
12.667,95.167
41.5,845.62
57.361,1209
60.074,951.44
76.472,1080.8
84.367,1061.4
85.324,30.784
88.143,1116.5
114.5,1005
118.7,41.444
119.17,639.68
120.09,162.23
128.93,1163.6
133.82,923.13
148,257
156.82,188.8
176.12,610.65
179.5,140.5
189.52,1070.3
196.08,211.37
208.66,27.353
216.12,56.854
216,448.86
222,1242
227.78,1228.3
270.98,797.34
268.9,131.19
270.04,1198.6
280.5,1071
295,1159
329.6,922.89
359.19,464.67
362.84,580.92
363.67,1120
372,766.83
375.09,550.09
376.99,1234.1
381.37,631.92
389.22,369.78
393.82,407.83
395.7,177.09
397.42,533.58
408.07,1182
414.65,789.62
413.5,508
432.1,605.14
430.94,1246.2
459.05,655.47
457.42,924.89
475.5,495
489.73,767.38
488.94,557.04
491.92,654.92
500.34,514.69
501.87,764.83
526.07,786.33
533.13,875.89
580.6,121.4
592.98,1024.3
598.94,14.058
604.73,506.6
614.12,286.95
618.34,954.39
621.64,803.67
626.05,968.07
651.57,651.76
655.09,1226.9
670.24,1042.7
692.92,450.08
698,1240.1
705.48,65.63
710.61,913.64
729.49,128.82
736.87,233.84
742.29,922.77
746.78,343.56
756.42,30.895
768.31,982.98
770.75,341.16
772.07,310.59
778.91,516.43
796.91,861.91
808.6,1178.6
834.71,898.71
853,213
928.56,614.03
934.72,303.15
942.07,171.41
952.78,1171.6
965.55,852.22
983,127
989.32,280.42
1000.1,980.6
1034.5,345.5
1050.9,294.09
1065.6,199.31
1076,41.957
1085.2,296.57
1090.9,1072.6
1107.2,1171.3
1130.1,454.86
1136.1,409.85
1144.5,696.19
1143.4,1007.5
1163.3,447.85
1162.8,786.52
1167.6,428.23
1180.6,222.39
1185.3,543.13
1186,164.33
1237.1,835.12
