5.6023,779.73
2.7736,1239.6
15.301,1223.7
15.174,797
15.846,508.35
27.952,72.608
38.399,624
45.679,950.36
69.779,673.69
72,200.18
79.096,1080
75.074,1195.6
78.519,686.52
81.12,612.36
81.557,332.48
99,1214
119.81,515.75
119.94,1127.7
123.07,435.9
130.26,918.38
151.42,629.77
166.46,1223.5
170.55,1103.2
175.53,1135.1
189.71,864.5
195.5,422.5
200.59,936.1
200.91,856.41
201.7,1031.6
209.65,579.55
222.09,634.09
232.14,392.04
232.96,797.62
236.04,918.21
236.42,547.42
238.36,1227
242.11,1105.8
244.5,1196.5
252.36,605.52
251.93,5.8
259.91,1069.9
264.47,445.14
265.58,764.74
274.45,252.24
276.96,561.48
272.85,602.54
277.39,1009.1
289.05,112.18
293.6,1140.5
311.91,876.28
313.41,203.35
316.64,411.4
328.6,548.49
330,820.14
341.4,185.26
347.1,445.76
348.87,776.16
360.94,690.79
365.07,600.24
371.8,239.8
371.93,440.05
372.89,1091.5
387.74,613
392.14,109.08
397.24,518.85
393.58,605.11
401.03,1186.9
401.51,1144.9
408.1,93.448
417.67,169.94
418.62,364.1
421.45,74.578
426.9,712.9
430.81,1129.7
426.92,146.44
427.77,321.77
434.25,741.16
442.31,308.31
442.29,1230.2
453,1063
473.05,986.32
481.91,853.44
483.37,235.87
487,294
505.2,566.62
510.43,314.97
509.91,903.6
520.08,673.46
523.59,867.36
524.61,566.39
534,378.15
534.47,1095.2
541.77,966.67
542.59,10.386
543.9,251.62
546.45,999.36
547.38,395.62
562.21,47.467
569.08,95.676
565.55,790.03
576,47.667
577.2,852.7
576.29,8.2903
579.35,286.75
596.5,1195
606.25,546.91
608.72,181.22
606.32,501.58
623.34,845.52
626.4,896.72
626.39,588.16
629,125
633.14,657.18
629.91,1006.1
639.7,261.84
649.39,287.61
650.45,448.69
662.73,362.15
658.95,671.83
662.5,1046.3
667.75,617.51
671.4,714.73
685.55,1222.9
698.82,475.13
695.86,879.86
705.21,771.98
707.54,222.46
709.54,907.44
712.23,243.42
711.87,859.98
717.96,417.47
720.6,1017.7
721.54,3.6557
723.91,478.76
725.39,796.88
732.08,374.8
736.5,1091.2
738.22,132.85
744,35
744.49,381.64
747.19,847.85
746.81,571.93
747.83,352.87
754.74,477.84
758.57,552.8
761.84,876.59
768.12,911.08
788.38,181.69
789.82,526.89
801.76,1152
805.5,141.92
804.58,306.42
808.54,293
810.08,325.78
808.27,655.85
811.66,409.58
809.5,1179.7
816.86,163.31
816.4,1082.9
825.7,256.93
826,803.2
830.08,73.733
829.06,913.15
831.07,444.49
850.93,904.41
855.42,704.73
857.67,1067
863.22,279.1
866.91,973.66
865.12,1083.5
870.22,218.19
872.69,1122.9
876.34,122.92
880.36,1185.1
891.58,143.02
891.91,917.09
899.87,988.04
899,243
905.87,55.712
904.75,359.23
906.55,527
906.17,505.09
911.46,872.27
912.66,846.2
913.85,442.12
911.83,1037
915.6,398.18
916.5,464.5
919.45,799.56
920.42,981.89
922.2,1046.4
929.41,459.31
928.68,771.65
933.77,210.13
933.53,528.26
932,686.76
941.32,1039
953.3,150.15
953.27,873.85
954.92,89.917
959,1177.2
959.56,326.08
987.92,593.2
997.72,982.51
998.74,659.63
1019.1,1236.6
1017,999.76
1031,978.12
1033.7,1008.4
1032.9,517.58
1040.7,744.18
1041.4,1132.2
1040.8,42.451
1054.2,32.789
1063.3,292.61
1059.2,21.868
1064.3,553.53
1067.9,964.32
1072.6,766.85
1074.6,196.02
1082.6,647.41
1085,353.12
1091.8,609.11
1087.4,574.03
1090.8,319.21
1091.7,790.34
1091.3,1133
1103,469.11
1101.1,1190.1
1106.2,560.56
1118.4,784.26
1118.7,544.15
1118.1,980.98
1120.8,1172.7
1128.2,859.89
1127.8,412.39
1145.1,236.04
1140,1188.5
1148,174.89
1149.2,1022.8
1149.3,50.358
1148,701
1158.7,1182.4
1157,1196
1159.4,531.89
1168.5,643.97
1168.5,660
1180.6,1135.9
1183.8,354
1189.7,1089.4
1205,267
1213.3,1100.1
1220.5,639
1236.4,379.56
1233.4,880.91
1239,320.35
1241.2,401.19
1242.9,543.47
1245.2,1009.1
1245.7,562.42
