6.4015,939.1
2.2941,985.5
6.8077,63.423
6.9024,544.01
5,1021
7.0909,6.9091
13.263,1097.3
12.283,748.59
15.273,377.53
16.346,108.4
20.479,712.57
22.457,24.239
21.174,399
34.765,1128.4
32.965,230.6
29.565,1046.4
38.087,748.59
43.022,398.45
48.911,99.536
48.798,1160.6
49.53,1032.3
50.5,329.73
53.551,762.93
59.873,1044.7
56.75,940.85
62.484,831.02
64.343,1033.1
72.892,164.63
68.565,277.61
72.475,370.07
73,1066
77.385,1127.1
80.485,1026.8
78.909,1002.1
89.355,810.97
85.421,866.77
84.421,394.89
87.915,650.72
88.908,836.01
92.919,747.99
92.516,519.81
96.4,132.9
98.693,1150.9
100,414.31
100.51,181.86
99,143
103.4,977.51
102.88,629.64
106.13,227.47
105.9,704.63
105.63,599.48
108.5,1237.5
109.5,166.5
111.64,722.05
111.39,872.71
113.46,1027.9
115.22,925.9
115.04,121.94
115.58,1042.7
117,894.67
118.37,241.37
119.83,153.13
123.88,168
124.56,430.08
131.34,728.31
129,1067.5
133,1091
137.2,1171.9
135.68,132.78
136.78,63.64
136.86,1077.5
142.79,186.97
147.49,809.08
147.72,870.98
151.25,915.8
157.5,677.62
154.92,165.56
160.68,1220.5
159.8,56.125
162.83,177.69
155.5,252
160.9,576.13
161.06,841.44
161.95,372.95
162.9,323.39
160.46,440.78
162.29,475.5
162.89,703.24
166.17,941.01
167.17,276.12
167.58,540.12
171.55,309.58
174.09,687.09
179.37,525.5
180.5,189
185.56,342.03
184.91,1156.9
187.94,777.54
188.09,1171.9
191.63,1243.4
191.06,220.91
193.43,857.19
194.35,806.03
204.61,984.61
206.88,738.22
210.19,1127
208.94,888
209.41,345
216.06,503.98
215.52,1106
217.06,274.18
219.93,449.41
221,47
230.57,247.13
226.13,558.64
226.19,778.48
225.31,798.52
225.47,1082.2
226.5,453.5
231.33,387.28
234.55,405.27
234.58,152.42
234,930.5
243.63,885.91
242.17,471.01
241.39,1111.1
244.88,1140.6
244.83,604.78
249.3,1079.1
250.27,565.53
248.96,733.43
251.03,795.44
254.59,277.76
251.83,435
251.89,690.58
256.89,482.23
268.93,913.74
268.41,506.78
267.24,700.07
269.89,620.8
269.69,776.94
275.22,411.77
275,397.75
276.71,750.32
281.52,148.85
287.49,695.44
289.37,1089.4
296.78,469.18
305.8,1245.5
302.83,85
303.35,237.12
305.23,396.65
304.72,643.48
306.76,325.62
308.52,33.007
309.52,585.3
312.5,788.7
311.93,1112.4
318.75,891.29
320,403.11
323.86,436.58
324.08,661.97
333.43,94.75
331.33,881
330,888.5
334.66,681.62
339,47.244
339,159.24
338.6,879.6
344.58,232.22
348.05,333.07
353,576
353.5,611.5
354,722.68
356.73,668.56
357.46,742.77
356.48,431.24
357.93,246.76
357.5,486.5
364.26,389.43
363.92,20.115
365.06,76.298
368.71,747.77
370.45,1186.8
370.99,465.33
379.93,776.79
382.75,660.74
379.33,827.64
388.86,824.86
396.59,758.93
398.59,864.15
400.66,367.94
401.88,1243.1
405.09,320.09
409.72,598.11
411.02,66.494
410.45,918.46
417.38,1207.6
417.17,1192
417,1236.3
419,755.5
424.64,281.19
425.97,545.12
431.54,876.44
433.03,1198.6
439.07,950.07
440,1096.5
445.55,312.71
445.81,577.35
446.85,832.94
450.77,666.19
449.61,542.89
448,593.5
448.84,680.75
458.09,561.3
456.2,1240.3
459.47,451.12
461.07,248.26
459.5,142.5
459.91,80.091
460.8,1120.6
463,220.83
464.65,512.93
469.12,708.83
468,2.1429
468.92,483.08
476.07,31.833
479.45,275.42
477.33,688
480.63,767.8
481.77,1125.6
488.93,1232.4
489.42,466.55
492.08,592.89
494.68,86.448
496,577.28
494.5,1115.5
497.55,1154
496.79,680.04
503.54,425.01
501,1048
502.42,667.89
505.63,1060.4
514.33,613.86
513.97,1047.9
514.12,9.5
516.5,1233
517.71,1063.4
521,830.5
524.34,965.53
528.23,14.435
529.09,586.51
531.63,169.51
531.65,1184.5
535.41,740
542.8,500.48
537,879.5
542.68,990.64
549.29,857.27
553.93,453.99
553.32,161.66
554.07,1166.4
561.76,566.34
564.38,490.98
565.96,1085.1
569.14,171.87
566.56,930.92
569,50
575.35,1222.4
573.24,858
575.33,190.6
573.7,534.23
577.73,1120.7
577.29,502.43
579.53,620.24
579.4,873.4
585.51,1036.8
590.46,132.55
586.09,969.09
594.96,1045.7
589.58,528.68
590.76,598.39
591.52,693.4
589.23,1060.7
590.14,454.1
594.9,402.9
592.4,1211.6
601.05,944.25
602.84,975.59
607.87,501.26
610.18,770.49
611.89,460.46
612.43,66.979
617.51,817.2
620.81,245.35
622.12,36.517
627.94,1166.6
629.4,274.2
630.15,850.47
632.66,585.94
634.4,180.77
648.5,11.376
639,1140
647.33,101.11
641.29,39.29
642.56,216.87
642.91,621.42
646.5,633.81
645.14,876.21
646.96,598.19
652.91,179.27
648.43,516.05
650.55,291.82
653.93,202.76
653.69,1136.1
657.71,350.61
658.43,1011.1
661.87,1207.5
665.82,312.11
665.85,34.3
665.5,776
668.36,399.49
667.98,437.47
673.56,15.873
669.83,595.7
670.15,898.46
680.02,803.55
681.88,282.23
682.48,1126.6
682.03,587.03
684.13,232.26
686.33,899.33
686.85,831.22
687.58,1177.6
688.92,847.49
694.94,460.73
701.3,565.23
700.63,591.16
703.15,879.94
704.03,765
706.43,1074.1
714.62,383.34
714.5,1156
717.49,696.81
722.49,810.22
726.71,745.4
722.76,219.6
732,321.9
725.06,728.31
729.1,341.58
732.74,468.94
731.13,717.37
734,518.85
739.1,667.21
735.6,958.26
735.8,1133.8
738.46,1220.2
743.5,55.5
745.61,859.52
745,838.68
748.23,923.37
747.43,762.39
750.07,683.59
750.03,1136.1
752.42,1196
755.88,18.771
757.21,1128.6
758.79,236.5
761.42,446.67
760.41,789.89
761.61,1141.2
764.68,720.66
763,736
766.98,1179.1
766.5,301
772.57,741.11
771.85,1235.5
774.7,1246.2
784.15,730.45
779.09,1016.6
783.92,687.33
786.35,960.48
788.12,274.64
789.24,792.42
791.5,208.5
791.5,88.5
794.06,476.06
792.5,850
800.46,422.92
807.39,228.11
807.76,1129.4
805.5,852.5
811.86,80.651
815.7,469.13
829.25,835.89
818.5,1154
822.46,1188.4
821,881.33
833.64,542.42
827.54,661.44
829.39,280.38
828.64,848.5
833.5,187.5
834.93,876.41
842.56,454.21
844.02,1175.1
840.14,490.5
844.73,1027.6
847.26,482.07
847.66,830.1
850.11,761.01
851.27,135.65
860.3,454.43
863.32,637.33
866.93,165.52
868.11,768.46
874.33,1107.5
873,868
872.5,856.5
879.61,307.91
875.02,997.72
879.11,786.58
882.47,476.88
885.95,359.24
887.95,1044.4
888.43,1175
892.77,289.3
893.94,1223.8
897.1,1133.9
897,665
900.11,966.19
898.35,276.94
897.08,427.08
901.63,1179.4
904.7,867.83
907,500.55
910,1017.3
914.42,773.64
921.03,956.03
918.27,158.27
922.64,1180.5
925.53,537.84
926.98,842.06
931.3,172.62
928.5,925
931.93,1159.1
934.19,1130.9
936.93,554.91
943.21,808.6
943.85,118.02
947.11,1182.8
946.43,405.57
947.71,480.43
947.89,930.58
948.73,490.35
951.71,158.45
953.07,1053.4
955.03,967.44
956.55,1135.8
956.5,81
957,357.5
964.33,708.55
968.89,1000.4
977.2,482.1
977.92,301.56
986.63,419.72
983.54,556.93
986.34,898.71
985.92,988.41
986.2,165.87
987.92,840.56
991.45,1153
992.74,189.54
998.01,110.19
999.66,551.91
998.14,1131.1
1002,523.93
1005.5,1032.7
1005.4,1233.9
1002.8,1074.4
1007,326.12
1005,754.46
1008.7,1010.9
1011.1,909.41
1013,1064.5
1021.7,1078.8
1020.1,1146
1020.5,352.15
1023.3,330.55
1027.7,598.46
1031.4,819.28
1035.3,494.98
1036,946.5
1041.5,928.35
1042.5,883
1044.3,1221.6
1045.4,230.66
1051.4,717.83
1048.9,1016.1
1053.3,209.64
1058.3,1197.5
1058.6,596.46
1061.8,47.274
1061.1,339.08
1064.9,675.66
1062.6,728.04
1071.9,457.24
1069.9,990.98
1068.6,1063.8
1070.2,63.538
1075.7,862.53
1080.4,741.64
1081,829
1085.3,618.69
1081.5,900.88
1089.1,497.68
1089.8,877.83
1088.1,1053.9
1092.1,70.377
1094.1,636.4
1092.3,1035.7
1101.5,408.6
1103.4,161
1105.8,739.56
1106.3,1229.1
1107.7,692.07
1109.8,140.68
1111.7,1184.6
1114.8,576.81
1114.5,1044.7
1113.1,444
1121,756.5
1121.3,955.74
1128.4,429.05
1130.3,114.75
1129.5,795.83
1131,1.92
1132.5,639.02
1131,689
1133.8,314.46
1141.3,1166.8
1138.8,222.61
1141.1,411.78
1142.9,521.29
1142.5,1228
1148.9,951.5
1151.9,1022.1
1159.3,784.97
1160.5,408.08
1157.6,606.68
1166.1,650.04
1173.8,716.66
1180.7,568.65
1169.5,922.88
1169.9,977.39
1173.1,602.95
1173.3,873.65
1178.2,850.56
1177.6,1145.2
1179.6,752.75
1180.8,951.8
1179.7,515.22
1180.6,695.73
1183.7,474.81
1182.9,1124.5
1189.3,1112.8
1187.5,120.5
1189.4,201.58
1193.7,326.57
1190,879
1193.1,964.55
1189.9,1172.6
1195.4,164.89
1200.2,201.81
1204.1,607.54
1216.1,979.36
1210.8,377.4
1215.9,211.63
1225.4,714.44
1224.8,492.39
1223.8,800.56
1228.3,1133.7
1228.5,1082
1234,1091.6
1235.9,46.068
1238,97.9
1240.1,362.7
1242.4,667.93
