3.631,318.62
3,600.36
2.8,714.23
11,468.5
18.896,100.55
14.436,570.08
14.074,1074.6
19.122,525.98
39.538,532.69
40.042,303.61
40.344,676.53
43.2,804.33
44.42,1012.5
47.717,166.68
44.792,377.04
46.839,2.7742
53.805,203.43
60.175,431.11
61.832,25.076
67.545,672.48
70.074,1044.4
77.391,226.63
80.211,633.98
80.021,177.68
81,321.5
80.909,811.91
100.08,50.56
101.15,289.46
106.09,762.91
106.95,352.92
109.7,735.3
108.41,382.07
109.98,811.37
111.82,1023.6
111.3,1180.9
114.37,629.07
118.18,771.54
122.65,522.89
127.24,158.49
128.71,620.12
127.91,1092
127.39,1230.9
128.9,178.38
135.04,1178.6
134,512.17
142.6,381.63
144.54,291
144.28,201.28
146,832.75
152.07,641.58
149.61,696.14
161.75,210.95
162.5,1197
168.83,777.6
176.9,120.92
174.72,1029
182.08,370.2
183.85,1106.9
189.93,560.05
191.49,581.68
193.5,253.5
195.71,942.71
195,1164.5
201.1,497.12
201.96,888.9
206.4,126.73
204.92,74.56
210.85,380.32
216.93,225.43
218.98,618.61
227.68,825.62
228.06,701.5
227.48,1127.6
234.88,42.841
237.96,869.15
242.17,1015.9
245.65,336.31
247.9,653.41
249.42,763.77
249.3,1080.4
253.54,701.12
257.25,359.22
255.07,790.56
260.28,88.156
257.68,850.86
256.62,872.9
266.48,984.96
267.75,784.25
268.5,105
269.06,1069.5
278.63,341.48
280.68,1230.6
279.58,817.42
285.36,295.26
281.58,1245.9
284.09,885.91
287.73,574.39
288.74,635.69
292.54,96.849
296.65,1219.5
294.5,856.5
307.5,1130.5
307.94,1190.9
312.26,656.14
316.74,1056.9
317.5,349
319.15,407.73
325.59,47.074
335.98,791.02
334.17,897.45
337.25,628.35
339.07,383.42
338.85,1197.8
350.52,998.56
349.5,1147.5
353.78,286.61
353,118.5
356.55,1191.9
358.6,573.46
361.81,73.231
360.11,590
363.27,19.536
368.44,249.13
368.59,992.38
371.73,706.85
370.08,812.92
375,749.1
377.27,115.44
373.5,238.5
380.38,249.81
382,1016
388.8,1011.3
390.87,273.91
392.19,781.48
394.26,891.5
393.08,977.08
395.57,229.78
398.16,716.44
397.65,689.41
409.89,123.54
400,867
405.7,540.45
404.94,738.08
406.16,466.02
408.78,988.67
421.46,676.65
421.85,420.35
423.68,1095.6
427.7,1223.2
423.58,966.03
425.76,287.32
428.46,530.54
429.88,714.12
431.07,823.68
431.21,1163.5
441.39,473.77
441.51,728.62
439,1097.3
444.82,357.95
452.59,230.14
449.09,539.54
451.83,742.04
457.06,1238.9
459.84,93.826
458,836.5
461.62,709.46
463.88,1118.1
469.45,779.94
467.92,1088.1
472.14,933.86
482.75,735.6
482,95.5
485.61,1163.2
489.11,622.65
483.93,933.41
487.84,1054.5
489.72,1221.5
489.38,996.89
487.43,866.61
497.5,698.16
489.5,886.5
496.08,218.98
496.16,520.56
495,472.5
497.74,546.93
496.69,811.1
502.28,110.56
503.5,471.5
509.71,1121.3
506.38,509
508.07,1204.2
511.94,460.19
508,708
511.6,1061.8
516,426
519.27,942.65
524.73,898.82
531.39,1034.8
528.5,63.5
532.48,737.22
530.22,974.46
530.89,1080.8
532.65,438.4
530,567.5
538.34,375.85
539.98,811.98
541.66,294.9
547.87,710.69
539.42,726.11
546.7,1100.3
541.91,1140.1
544.84,762.55
545,1162
549.05,973.21
548.34,261.32
548.58,827.11
554.04,688.03
553.89,54.062
554.15,1238.4
564.61,32.881
563,184.75
566.22,588.82
564.44,533.2
565.99,1163.5
567.85,506.1
569.2,464.44
576.51,190.04
579.49,305.43
577.95,3.8621
582.38,1175.7
580.6,154.68
579.5,1022.5
584.89,902.25
586.95,1008.4
588.8,390.62
591.86,916.58
593.25,1210.9
591.77,1231
595.58,114.32
595.42,836.11
598.82,1161.5
601.62,348.81
601.17,883.3
607.9,369.77
605.91,247.91
611.45,144.87
614.72,1064.2
613.56,849.8
618.74,333.23
622.86,908.88
632.64,852.21
624.06,30.037
624.4,810.6
624.5,964
627.54,59.919
631.89,588.5
631.04,668.43
632,728.3
636.59,475.49
631.5,652
632.27,1116.3
637.62,935.77
639,1246.8
640,286.5
651.24,1050.5
654.66,341.37
655.12,225.99
661.3,253.54
656.73,1072.6
663.81,196.17
664.26,696.94
665.15,1037
663,303
667.64,318.72
669.33,92.785
673.09,571.56
673.08,759.4
683.32,1138.6
691.63,250.05
689.88,652
701.44,538.47
702.98,625.4
698.31,609.83
700.75,412.11
705.58,516.32
706.37,1200.1
709.61,79.319
720.09,249.91
725.46,441.8
727.43,1119.1
729.57,485.32
732.91,714.07
734.35,320.95
739.77,890.98
745.07,630.17
748.18,1170.1
749,354.5
752.18,5.5156
748.07,946.59
753.03,560.26
759.57,530.22
755.54,627.77
760.2,982.88
761.24,258.22
757.5,1036.5
763,115.89
767.71,318.03
772.48,238.47
769,282.68
775.03,1110.7
772.48,1131.6
780.79,1013.4
780.92,396.95
788.65,141.84
792.79,428.81
805.04,1241.6
806.99,1150.7
807.17,539.93
809.6,1072.7
815.94,742.14
809.05,712.82
814.67,1012.3
816.46,461.44
817.5,837
820.76,63.156
831.02,506.81
822.5,431
827.83,619.86
826.78,673.32
824.94,700.94
825.63,537.63
828.22,961.1
828.58,802.55
836.94,182.9
840.3,881.28
841.88,50.232
837.86,211.81
841.43,1142.8
844.35,960.15
846.72,83.369
852.29,571.82
849.42,937.55
857.25,771.92
853.5,922
850.06,706.13
859.67,8.5614
868.06,332.02
865.44,485.08
869.41,208.41
870.17,371.23
868.92,1126.4
869.41,12.941
871.5,844
872.07,224.41
875.84,717.12
873.55,751
875.78,254.8
877.47,1082.9
878.12,1133.9
880.42,511.15
884.76,1124.8
883.05,298.07
885.74,398.83
885.5,1034
890.01,610.72
890.3,968.26
891.55,465.58
893.7,831.39
904.91,158.71
898,27
902.87,799.23
903.91,724.91
906.64,885.62
908.18,1240
915.01,550.12
916.67,778.77
918.6,920.34
915.09,64.909
916.5,657.5
918.48,165.94
920.48,1130.3
926.22,77.6
929.68,964.69
927,1146
930.42,323.78
929.37,1080.6
933.45,162.34
941.51,503.26
936.07,690.59
940.24,245.08
939,356.5
942.22,455.53
943.61,844.25
944.2,895.95
948.9,518.61
952.66,624.93
951.62,718.06
950.4,594.64
955.1,1103.9
961.08,586.37
958.57,47.391
963.26,1184.5
966.61,240.4
966.92,1088.2
966.07,256.59
967.65,793.45
967.59,393.5
971.6,124
973.32,908.01
972,351
976.67,441.29
982.14,553.77
979.5,1246
981.95,412.92
985.53,992.05
987.27,1231.1
994.09,252.82
994.45,934.72
994.47,276.18
995.65,510.06
999.27,370.87
998.1,534.96
998.19,661.7
997.91,732.91
1007.2,1009.3
1009.7,232
1007.1,943.91
1012.9,559.16
1009.1,597
1011.8,1244.3
1018.6,731.33
1017.7,372.2
1014.4,638.11
1019.7,813.59
1016.6,1106.1
1021.1,778.08
1020.6,691.88
1029.9,993.43
1026.7,106.05
1024.8,259.38
1025.4,428.15
1025,119
1027.4,748.54
1028,1098.3
1028,292.9
1029.5,557.07
1032,510.78
1034.7,863.61
1037.9,186.46
1036.3,244.39
1037.9,5.2703
1041.4,452.92
1037.8,487
1038.6,897.15
1040.2,912.86
1040,733.5
1043.6,1163.1
1042.4,556.57
1046.7,788.82
1054,146.68
1049.9,519.3
1050.2,662.85
1050,974.38
1060.2,549.43
1060.6,263.04
1059.1,1170.9
1062.5,697.1
1070.4,1061.1
1075.7,410.35
1072.7,123.04
1071.6,168.07
1074.4,1084.6
1081.5,649.17
1084.9,1139.6
1089.2,135.37
1086.3,669.71
1089.4,445.41
1100,328.37
1100.6,706.56
1100.1,1141.9
1110.8,62.033
1105.4,303.76
1105.4,588.42
1106.5,945
1107.9,464.56
1119.9,647.61
1110.3,932
1112.8,1126.7
1115.8,1184.1
1116.2,476.81
1115.8,766.75
1119.3,104.97
1118.8,144.17
1117.9,539.59
1125.2,698.89
1124.5,123.07
1124.9,780.42
1128.5,2.8571
1132.5,450.84
1133.6,185.43
1134.2,1127.2
1132.4,789.69
1135,892.22
1142,496.18
1137,253.61
1138.6,216.66
1141.5,797.14
1141.7,657.53
1145.7,1026.2
1146.4,867.11
1160.1,553.08
1160.4,511.11
1163.3,938.78
1168.9,1079.6
1169.8,45.694
1170.6,211.11
1177.2,812.4
1176.8,481.97
1179.5,748.79
1177.7,1244.7
1177,313.56
1183.3,938.26
1178,2.7742
1184.4,197.12
1179.6,1098.9
1182.5,774.71
1182.5,908.78
1197.3,532.99
1196.9,1075.8
1197.8,1020.5
1201.7,240.26
1199.7,1172.3
1205.6,386
1206.6,85.745
1209.3,224.24
1208.5,1218.4
1213.1,178.33
1213.3,604.95
1214.7,873.66
1214.2,454.84
1214.7,967.19
1217.5,1058.2
1217.4,713.06
1221.6,658.19
1221.3,799.32
1225.9,307.06
1222.8,720.61
1226.4,465.98
1225.5,134
1229.5,210.13
1227.6,1229.5
1232.9,521.64
1236.1,685.27
1232.5,128.22
1236.6,486.07
1234.9,779.62
1240.4,1141.1
1239.6,445.91
1245.5,571.69
1245.8,148.02
1246.5,176.53
