4.3462,705.88
5.0741,1184.4
9.8919,454.81
10.229,1036.4
14.5,871.5
21.341,336.2
21.593,202.5
26.981,1135
25.532,1157.2
36.941,858.46
34.842,1208.8
38.722,969.18
40.213,689.76
40.644,587.53
44.822,899.6
48.729,437.97
53.268,273.76
52.257,868.57
56.842,192.6
56.421,1100.9
58,1213.5
63.275,733.91
67.854,599.59
70.909,343.24
68.6,589.4
70.389,28.139
76.586,1080.4
80.701,275.54
83,119.32
87.652,599.18
87.633,529.37
92.5,334.5
94.9,1043
103.42,53.105
106.5,159
122.16,796.54
120.95,473.2
136.15,98.315
136.62,223.95
139.21,951.72
147.5,587
145.48,1057.4
149.74,152.92
169.56,34.75
169.57,348.11
172.3,719.56
173.98,968.29
182.99,481.1
184.28,806.46
184,205.32
186.77,1108.5
199.11,217.67
198.89,1179.6
212.23,541.86
209.51,994.27
215.03,1035.5
224.41,988.18
225.5,334.5
225.95,141.82
234.58,61.895
236.97,1160.4
249.98,627.41
246.27,1242.7
251.35,1103.9
251.38,140.1
258.35,1202.5
257.57,764.09
261.18,692.18
274.98,1090.1
264.91,329.91
266.78,86.04
279.91,407.55
287.61,1195.1
295.7,189.12
298.29,115.49
297.06,380.43
309.61,931.62
302.68,1053
303.88,478.88
306.38,1108
316.83,478.38
319.41,1207.8
321.13,386.87
322.42,239.32
326.53,967.84
330.07,1037.8
328.58,1088.4
351.84,1219.2
349.9,608.96
358.25,204.56
356.09,1246
368.97,716.7
375.08,803.08
385.93,965.53
387.38,1161.6
395.4,590.6
395.4,668.64
403.39,739.11
404.5,843.5
419.09,1123.9
428.73,101.39
433.37,173.2
432.23,687.03
437.93,18.586
449.18,52.046
450.5,90
457.78,789.78
465.08,173.41
465.42,679.11
506.87,1156
508.48,663.25
517.88,1241.9
522.26,147.79
526.76,1191.8
528.07,209.31
552.17,864.46
550.77,16.839
559.41,115.07
563.85,55.073
567.89,706.78
568.57,633.04
574.03,10.823
572.48,466.65
577.03,510.73
582.21,697.6
582,115.39
607.86,695.86
630.03,748.88
632.5,326.5
636.91,960.87
659.18,588.32
694.61,400.58
710,1094.1
709.5,640
718.16,994.09
713.83,1213
725.45,456.91
726.27,718.92
726.82,883.95
728.58,976.89
730.8,1022.4
739.16,793.19
761.61,34.389
762.67,81.467
768.41,649.85
770.28,392.6
770.16,421.08
784.31,667.58
786.07,1149.4
790.14,12
793.67,78.264
804.63,47.633
813.53,1194.3
826.25,287.37
829.1,616.87
845.22,1010.3
853.86,520.77
859.23,907.12
863.04,452.68
864.42,84.895
877.15,790.56
873.43,224.83
882.31,687.24
895.87,633.03
900.58,403.15
898.88,290.12
899.39,452.86
912.5,416
914.41,1047.8
923.76,206.77
924.99,126.45
928.55,960.74
938.5,221.5
943.16,455.07
945.5,906.5
960.2,959.39
971.81,1095.7
971.58,484.89
979.85,617.65
989.75,507.65
990.11,1008.3
994.17,803
1002.8,108.77
1004.6,455.88
1012.1,340.33
1014.3,390.79
1017.3,1003.1
1013.9,730.98
1019.2,55.538
1022.5,1204
1031.8,444.36
1029.9,190.59
1047.6,586.29
1050.8,88.012
1055.7,372.45
1053,427.5
1064,89.63
1062.9,466.87
1067.6,868.79
1072.1,502.78
1077.7,311.29
1088,129.29
1087.4,573.81
1116.5,424.93
1118.5,613
1120.8,750.76
1121.9,280.84
1157.9,335.52
1159.1,847.53
1163.9,733.27
1173.6,85.902
1175.5,1219.2
1194.9,784.42
1196.4,523.69
1204.4,490.69
1200.6,641.57
1202.4,762.37
1210.1,271.59
1215.3,96.982
1226.9,517.53
1235.8,548.83
1241.9,742.72
1246.7,1079.9
