13.639,176.36
63.049,296.18
7.4676,1225.1
2.8257,1281.8
7.0455,271.09
15.371,228.99
31.568,127
15.565,923.61
30.825,884.77
26,215
29,157.5
32.545,206.47
33.581,829.55
42,256.5
48.318,194.64
55,173.01
103.33,889.51
54.875,1265.2
53.913,1283.5
57.345,314.02
68.556,132.56
69.217,328.67
70.4,181.89
82.67,199.88
69.548,599.71
73.5,1043.5
106.86,228.12
114.05,411.77
121.79,233.59
125.38,764.74
128.17,217.33
201.74,404.83
137.14,262.93
132.07,520.15
139.15,133.88
154.12,203.61
171.56,751.94
159.65,49.318
153.47,1025.8
164.51,284.46
195.96,275.9
200.66,1232.9
226.42,554.94
256.55,729.31
274.19,658.57
260.48,12.133
286.8,409.56
288.74,374.99
299.61,124.12
322.56,267.06
319.51,769.89
315.33,359.21
328,358.5
357.89,331.62
336.14,758.14
385.68,116.73
341.67,625.2
405.32,610.51
389.01,439.45
372.19,221.74
372.23,384.47
381.26,232.55
380.92,256.56
402.5,564.5
412.91,235
438.9,764.55
417.46,138.22
425.67,544.31
424.63,287.39
425.94,145.59
431.32,317.07
441.48,160.56
436.4,205.8
435,295.14
456.36,437.16
434.5,1195.4
449.51,231.89
442.44,1296.4
448.14,323.08
524.91,578.17
447.27,1289.7
475.48,1301.4
455.12,549.65
458.09,697.91
469.96,739.48
470.59,679.85
466.71,533.76
466.11,555.58
477.59,543.27
477,354.5
480.89,573.58
485.24,699.21
520.61,471.07
488.04,683.6
490.03,716.31
503.43,166.94
501.96,784.96
495.59,661.12
497.31,240.93
507.21,723.24
510.19,736.69
549.49,342.8
513.46,754.66
519.57,639.19
534.81,684.29
536.92,497.55
541.46,657.56
548.28,1105.2
604.15,734.79
558.71,1278.4
552.93,617.83
581.46,295.73
564.32,625.71
578.48,928.93
584.08,487.42
577,641
582.5,968.13
585.19,637.65
585.22,992.69
594.99,437.87
608.97,294.75
599.46,668.31
605.72,386.12
615.93,448.33
619.62,508.19
625.52,211.13
625.4,480.18
638.34,185.19
645.84,302.12
636.14,377.86
637.75,219.25
642.91,728.98
643.79,496.73
642,1219.5
644,933
645.88,315.38
655.46,178.78
670.05,752.64
656.38,1182.9
673.48,1055.6
671.25,228.37
678,445.07
682.48,160.9
681.5,522.14
687.68,1317.8
693.38,711.98
688.08,795.22
691.71,1023.5
688.26,498.72
699.1,833.65
701.5,477.33
703.49,1187.4
702.52,1146.3
701,264.5
707.46,1299.3
710.05,593.79
722.7,684.49
714.98,176.25
713.59,1093.9
729.66,1271.8
726.31,934.71
731.29,318.43
750.02,402.95
734.68,1189.2
738.64,507.65
753.52,986.94
739.82,519.87
757.92,721.69
749.48,1317.9
749.67,860.17
759.41,1225.5
828.24,722.76
822.57,812.6
759.52,1042.1
763.02,1171.4
767.18,1139.8
780.86,1231.9
780,1000.5
782.9,750.85
788.72,1204.7
784.43,1068.4
787.79,630.55
789.88,1132.4
788.5,994.5
793.24,765.11
799.06,930.53
793,1012
797.61,1051.1
795,608
808.48,1268.3
804.66,1001.7
799.09,615.71
804.4,777.62
802.42,1032.7
802.64,1081.4
877.73,1169.8
808.92,1112.4
811.95,1221.2
813.74,111.82
826.67,764.89
837.68,1289.3
842,126.59
842.75,1117.2
836.68,662.48
827.67,1215.1
828.62,996.65
835.16,153.95
835.26,142.39
838.97,97.743
856.1,993.48
845.07,782.86
851.21,92.438
851,105.5
861.65,1310.5
866.03,675.57
870.34,1196.2
864.82,96.822
864.97,110.33
886.85,848.76
881.88,1041.8
882.54,1088.9
886.49,1254.7
888.66,1317.3
894.11,882.36
907.8,989.39
896.77,963.75
962.22,925.37
925.42,1021.4
906.89,645.63
917.21,715.42
915.78,233.61
912.4,1131.4
933.83,104.49
929.02,1274.7
935.67,743.78
937.11,1036.4
945.46,691.88
964.34,1317.2
940.91,1042.1
948.11,803.17
962.98,1066.4
954.6,1156.2
954.04,902.75
955.92,815.79
959.55,773.45
991.94,1111
977.59,1199.6
975.11,815.42
1061.6,1320.3
981.82,1002.1
994.71,1076.8
1003.1,843.44
1000.8,1009.6
1023.3,548.09
1018,755.5
1025.5,1028.4
1026.5,1198.2
1039.3,1124.4
1025.5,1190
1038.2,1191.7
1047.6,576.93
1059.9,539.59
1062.1,1231.3
1062.9,1130.1
1158.3,1208.5
1082.6,1216.4
1087.5,1013.2
1098.9,190.51
1094.1,1153.9
1097.5,1219.2
1106.2,620.1
1111.5,634.98
1110.2,1056.5
1116.6,207.67
1141.2,7.6753
1136.9,664.12
1123.9,1009.4
1129.2,1048.3
1130.4,986.43
1134.3,1328
1137,204.5
1153,1274.8
1152.8,1057.9
1175.1,122.9
1159.1,1300.9
1171.4,642.78
1169.2,1129.8
1176.8,691.39
1180.1,310.96
1183.4,709.08
1183.4,1293.3
1186.3,1127.7
1191.3,1084.2
1204.3,1318
1200.7,1111.4
1200.8,741.46
1235.9,1171.8
1211.9,1099.8
1217,1066.7
1220.9,252.35
1273.9,840.98
1244,589.79
1254.3,6.4048
1256.4,1075.9
1269.8,1319.8
1263.8,961.68
1264.5,1146
1273.1,1121
1278.5,1295.5
1300.4,32.342
1307,948.77
1298,1320.1
1310.3,606.04
1307.1,721.24
1312.8,699.66
1321.5,887.99
1313.6,575.28
1323.6,4.0641
1321.2,558
1327.9,1321.5
1329.7,998.43
1330.8,1246.8
