3.5,153.5
3.7442,528.7
4.5641,553
3.4444,778.42
7.5263,704.79
13.9,861.23
12.419,811.65
36.811,502.97
20.373,175.9
22.6,526.4
26.686,188.91
31.932,480.99
41.744,260
44.444,1180
47.083,33.167
51.962,887.44
56.766,745.66
65.455,259.11
68.079,126.78
68.765,643.24
72.667,354
80.857,851.05
86.479,434.13
81.565,151.39
88.878,369.81
89.257,1197.6
99.148,632.08
87.931,126.59
93.694,531.94
98.596,410.03
96.5,250.5
100.09,1186.2
106.33,372.94
104.11,148.98
111.89,212.5
111.07,1183.6
128.5,422.73
116.04,257.35
120.16,1192
120.24,379.93
127.24,371.22
131.31,987
130.83,207.05
136.63,107.05
137.47,585.45
141.55,454.3
139.44,534.11
144.65,410.85
146.62,979.94
148.5,824
150.66,846.28
151.6,630.18
151.13,776.94
154,462.32
162.07,475.41
163.51,537.57
169.06,24.717
170.81,692.41
169.53,956.66
175.05,881.78
182.49,732.81
183,815
193.67,699.27
193.05,225.93
193.11,738.55
193.84,464.45
196,416
200.59,456.88
203.69,903.87
208.9,300.36
211.83,419.63
219.9,151.46
210.88,773.88
213.6,273.25
221.99,192.09
219.97,449.58
223.57,390.78
225.42,1171.9
234.78,276.32
236.25,1244.4
239.84,795.83
243.21,1048.6
244.41,484.34
249.9,225.21
249.87,454.74
256.66,630.43
258.19,482.16
264.74,138.28
268.58,414.55
271.91,495.52
279.64,174.93
285.29,430.33
290.51,54.721
296.68,1241.8
302.98,36.375
304.97,837.87
309,650.32
309.88,622
314.86,388.39
315.41,404.07
318.5,172.5
322.63,400.73
334.2,73.979
341.69,249.53
339.32,581.04
346.23,403.73
347.55,498.79
355.11,291.35
352.5,1043.6
361.44,204.18
358.66,380.22
360.14,1069
365.6,1179.9
367.5,127
369.06,148.09
379.07,9.2593
380.48,441.41
386.64,243.87
382.42,309.89
404.99,495.75
398.44,351.88
401.95,269.56
405.97,220.67
406.61,156.14
410.78,459.24
412.77,13.938
418.21,112.44
418.89,511.67
425.5,444.5
436.29,466.71
439.98,26.259
440.5,78
444.91,364.25
446,1017
448.43,475.91
451.35,107
467.59,1032.5
458.5,203.5
463.72,105.75
462.15,943.78
461.06,1007.1
463.38,71.9
467,504.25
486.5,519.5
488.15,1243.1
492.45,98.898
497.4,274.6
497.23,584.56
502.62,111.9
516.69,1240.2
513.7,79.196
514.14,992.99
517.23,40.238
517.82,494.67
533.17,416.07
534.44,22.479
538.95,557.85
542.36,1010.6
542.2,41.696
541.61,220
561.45,217.43
564.89,38.97
559.74,495.51
558.43,1196.6
575.42,1236.7
578.9,763.32
583.3,1014.1
587.96,83.516
587.77,576.6
594.69,781.67
596.4,685.4
604.46,366.65
603.88,683.26
624.5,557.15
624.17,581.87
633.91,1167.1
640.86,310.86
646.88,49.024
653.13,844.43
655.17,736.42
655.63,812.37
656.42,494.03
665.45,786.53
665,645.5
669.45,476.58
671.5,391
678.78,406.48
678.44,564.44
680.5,364
691.1,768.1
693.32,61.025
700.31,463.8
704.43,691.36
715.74,167.61
720.5,661.21
725.06,639.89
726.97,397.64
740.23,379.86
745.13,568.69
748.48,548.89
750.94,281.04
750,464
763,466.17
765.68,5.1167
768.86,314.21
768.31,1236.9
783.94,973.55
795.69,57.443
805.47,295.57
810.06,589.91
821.66,23.642
820,336.17
826.31,378.92
830.2,357.74
839.95,414.47
853.42,74.535
856.4,335
855.89,46.579
869.59,81.448
871.52,119.02
874.43,294.94
887,835
908.45,155.43
916.46,1117.6
917.8,213.56
930.58,248.49
943,291.35
944,974.5
955.44,293.64
977.08,114
994.55,218.43
1002.4,232.55
1014.8,145.81
1016.8,227.95
1019.2,244.66
1048.9,178.07
1052.1,32.094
1059.1,1155.9
1065.9,1062.5
1085.6,480.42
1096.9,703.31
1105.5,351.27
1143.9,744.42
1153,213.94
1183.2,721.57
