2.2174,27.739
16.246,43.202
3.9754,105.7
3.7049,139.9
3.114,204.18
5.2634,343.97
2.2273,439.32
3.6,696.33
2.1562,770.12
1.7143,789.86
3,817.5
1.5,893
2.0357,932.36
4.3718,1137.7
5.0606,1178
1.5,1255
1.8182,1289.2
6.263,1317.8
6.5217,291.09
5.5,1211.5
18.347,838.42
10.5,1048
9.8,75.32
9.5789,120.11
25.847,385.83
13.091,582.72
32.261,214.62
15,477.5
15.95,483.1
16,701
22.1,1280.1
36.768,1306.6
22.258,814.45
27.97,150.28
50.813,490.94
38.32,772.65
32.441,87.284
33.777,693.38
31.776,722.11
34.585,28.114
62.917,48.032
37.371,6.0309
35.057,818.74
47.677,311.11
44.849,342.51
45.411,1273.1
43.491,38.636
54.153,115.79
49.914,591.91
49.333,649
49.857,1137
52.898,429.68
59.197,190.27
59.355,777.56
62.625,607.06
69.525,225.61
65.353,668.85
61.846,323.15
59.074,442.59
71.16,1211.7
72.241,265.82
76.901,548.79
62,353
66.929,127.95
71.935,996.28
85.416,319.3
70.02,1148.5
67.773,294.77
79.284,176.88
69.964,307.48
72.56,202.79
77.222,343.32
75.906,73.477
77.065,130.45
102.99,413.29
104.08,281.01
79.712,639.14
82.59,237.93
80.423,507.35
83.005,923.78
81.446,621.46
110.65,949.24
87.12,687.82
82.491,825.07
82.435,860.61
94.678,583.27
85.52,1035.9
88.761,731.09
109.69,495.99
88.5,65
98.777,215.87
98.923,768.26
103.75,1265.5
122.43,71.738
92.54,1062.7
96.5,454.12
95.43,810.03
94.87,1329.4
96.009,54.852
99.968,1303.3
103.68,145.18
96,154
100.62,699.28
102.19,1105.9
100.5,357.27
102.74,18.588
107.18,654.38
117.22,241.73
105.89,726.87
106.66,1281.3
106.59,314.06
109.52,965.48
137.05,20.394
109.87,337.63
108.41,363.94
109.9,300.95
110.75,1042.8
119.47,1208.7
116.12,821.26
119.8,855.87
124.99,1030.1
120.58,585.44
123.27,352.97
119.4,1058.4
120,1073
126.52,1314.3
131.54,196.84
152.67,626.95
148.79,390.97
124,1074
185.73,515.43
134.13,648.09
161.74,459.41
159.6,261.37
136.16,242.84
139.64,35.347
136.49,981.51
142.88,1262.6
138.57,419.57
143.59,494.01
151.08,1098
151.38,847.7
153.93,215.51
144.07,438.63
150.76,1140.4
151.51,667.31
148.94,424.31
148.42,1232.3
158.89,330.91
151.18,698.88
149.87,764.36
157.63,1020.5
149.97,748.87
169.07,47.237
153,86
165.57,109.61
186.26,402.75
158.58,287.11
170.53,308.87
167.18,1316.9
168.72,1329.4
166.5,1290.5
166.74,1281.3
172.24,164.34
174.41,1137.9
181.89,84.644
179.57,185.39
175.91,595.42
189.53,290.43
185.19,975.33
238.08,1005.6
187.18,332.94
212.54,637.39
183,125
186.88,141.25
192.22,1098.3
190.82,1196.3
188.22,364.5
209.87,244.96
192,436
200.51,44.733
208.19,547.73
199.91,945.87
215.28,450.21
208.88,349.27
217.44,125.63
206.14,771.94
209.62,1035.3
244.52,62.749
291.59,332.32
207.37,1197.3
210.36,1258.8
209.02,301.09
213.25,902.76
219.7,1147.8
222.3,322.71
225,804.96
219.18,947.06
240.2,856.61
223.01,99.506
221,1194
222,744
227.52,1183.6
227.18,1303.2
227.14,530.08
241.29,281.94
243.91,414.66
231.03,955.64
243.22,235.03
263.66,214.55
233.09,1081.9
245.47,109.55
242.5,697.98
259.65,1122.4
262.73,880.45
243.52,1099
247.67,168.82
268.71,646.86
258.69,549.38
249.86,592.86
254.22,471.73
253.04,1251.8
283.84,477.3
254.43,1238.6
258.5,1.5
268.59,756.2
255.89,1038.4
260.93,1289.4
263.49,1313.6
260.44,1230.6
267.18,912.75
263.95,1217.3
264.37,258.18
265.53,818.66
265.6,798.6
270.57,1270.6
283.78,256.34
274.21,1205.5
281.76,10.648
278.77,720.21
277.13,546.87
280.99,407.17
278.65,733.45
280.05,314.1
296.75,1105.5
282,149.09
322.48,568.51
285.58,661.52
290.15,801.38
271.93,437.06
285.93,678.98
287.1,172.6
289.49,283.38
292,17.5
294.5,207.21
292.5,857.5
302.56,956
315.49,1328.8
279.52,121.49
335.91,483.02
297.81,626.9
314.04,1061.4
300.54,72.718
309.33,815.64
303.52,754.8
302.59,184.06
314.96,926.61
306.06,995.12
305.11,19.579
304.5,444
309.12,659.31
325.05,635.35
311.56,243.09
311.57,1283.8
309.5,832
312.91,1267.6
317.34,360.15
325.69,716.67
317.25,83.423
324.33,184.09
318.25,999
320.13,1135.3
326.81,676.74
323.19,583.74
341.36,1269.5
357.09,942.97
323.94,452.54
340.66,369.58
331.05,418.09
337.65,455.63
356.75,1035.3
337.95,1161.1
352.19,175.82
370.7,895.67
339.29,1120.6
343.35,560.5
344.3,1112.8
349.66,521.85
356.31,688.9
349.28,1202.1
347.29,1322.6
350.4,634.93
354.4,803.62
376.46,351.52
421.97,586.16
353.5,1100.5
366.43,851.95
358.6,314.65
362.95,585.96
362.45,654.82
370.37,231
393.5,504.67
363.82,449.36
364.32,870.11
388.03,797.6
368.47,839.71
369.06,773.59
372.59,1114
374.61,1243.9
371.43,270.43
387.36,1326.8
373,167
393.68,286.57
379.94,1310.3
387.48,146.78
391.51,1048
383.5,257.54
383.11,712.83
386.03,970.81
393.12,1280.5
388.3,647.59
406.2,426.18
400.67,174.41
402.48,1144.4
397.5,1105.5
412.99,832.1
399,806
390.84,1208.7
405.56,952.33
406.08,655.56
413.5,1320.4
435.85,906.69
416.77,1285.7
414.83,808.04
411.5,1165.5
425.64,1029.8
419.09,83.342
420.41,382.79
419.01,1056.2
422.23,1200.9
422.16,1182.9
426.81,1087.2
437.7,266.57
450.89,334.35
429.05,153.1
431.25,484.9
430.74,786.93
436.23,851.13
435.11,1135.2
430.69,362.05
434,1299.7
436.12,623.6
429.27,968.73
433.5,636.14
439.77,1189.9
489.46,1191.8
435,676
461.34,357.52
441.91,989.28
440.05,753.32
459.56,505.66
452.31,932.25
443.2,69.68
449.96,166.67
444.19,814.62
456.81,461.63
444,801.5
445.35,681.4
448.55,874.95
446,1280.5
446.41,304.94
448.13,651.36
475.57,1058.6
450.43,242.57
474.05,721.37
476.25,611.45
454.57,721.07
458.87,1093.9
463.47,850.72
454.12,1307.7
512.08,265.61
462.57,159.22
461.34,1130.1
467.43,1263.5
495.22,931.45
465,1240.3
465.89,371.32
472.83,36.44
474.96,66.571
476.11,786.34
480.68,954.54
493.73,1245.1
483.74,478.22
515.26,1098.9
481.52,675.78
484.81,2.2143
486.46,767.12
485.07,299.28
486.11,739.43
486.89,910.16
485.45,1124
485.4,1028.8
497.19,630.8
488,1286.2
488,241
492.27,832.13
494.85,887.07
496.57,351.65
495.95,458.67
499.54,998.42
496.36,494.3
536,150.25
499.24,224.41
500.88,428.25
512.55,295
510.71,207.52
513.9,400.36
528.95,458.29
508.88,811.85
510.13,551.48
510.74,1322.6
510.76,1026.4
515.64,826.37
513,694.66
516.39,247.1
513.76,280.29
519.22,375.21
519.8,320.26
567.92,861.26
520.25,642.16
521.41,617.59
527.68,797.79
522.52,929.05
525.22,501.56
532.5,1053
521.5,1003.5
541.66,1174
557.74,581.44
528.64,1306.3
529.65,341.88
533.09,959.16
537.17,208.83
533.5,110
535.1,390.03
534.91,1268
550.81,311.97
540.1,369.55
540.5,1252.7
562.08,977.42
547.17,934.76
549.24,566.87
546.42,970.89
553.15,522.86
555.23,226.34
552.5,1029.5
557.45,742.49
556.44,87.508
567.78,396.1
556.62,799.12
571.67,1202.2
598.12,56.251
585.45,1124.3
573.17,786.14
568.68,112
579.83,315.35
576.34,437.17
578.05,675.23
577.51,1060.1
575.6,274.6
579.65,984.65
581.36,917.11
580.89,204.42
583.21,762.93
586.97,340.11
590.02,130.47
591.16,651.74
587.43,117.43
590.84,743.65
604.57,1065.8
601.28,969.88
596.86,1300.8
602.44,103.81
606.51,936.91
608.4,1004.9
606.94,485.07
610.34,658.8
603,426.5
602.75,850.73
611.18,698.11
606.5,119
612.07,1182.7
613.08,1263.1
613.93,1221.3
615.89,131.13
620.65,200.78
614.44,628.28
627.43,429.52
616.08,753.85
620.76,866.56
615.48,1162.8
616.04,292.37
620.57,395.71
615.6,777.65
617.5,616
644.07,881.28
621.1,1195.5
633.55,152.01
625.72,576.84
623.93,1106.1
624.55,99.95
632.96,1080.8
630.26,956.19
637.82,238.44
627.05,1302
635.75,5.5821
629,671.19
659.44,996.14
634.88,285.2
636.66,198.53
635.48,703.55
636.08,765.02
637.47,778.57
644.74,714.92
640.64,991.54
655.11,1223
646.35,339.31
642.54,548.74
644.5,671
645.58,269.11
646.5,1276
648.71,627.43
659.44,118.65
650.45,1100.1
663.15,459.04
655.18,190.88
652.89,250.44
654.18,964.03
655.51,5.5122
660.52,609.09
656.76,776.54
671.07,736.03
660.67,950.04
671.77,1068.9
660.35,343.98
671.38,216.61
662.5,141.12
662.5,2
664.75,314.07
675.16,1287.4
670.34,173.88
675.01,1257.8
679.78,1121
671.05,833.44
671.51,587.77
670.49,1038.4
677.1,2.8765
679.02,701.11
675.69,963.45
683.95,1203.7
679.94,1042.4
679.44,1136.9
680.43,1224.4
701.63,382.85
689.64,579.42
688.21,99.804
688.19,174.79
691.7,288.47
687.34,1100.8
698.43,780.12
688.88,1273
708.11,1309.6
692.47,1141.2
713.63,84.959
692.56,109.93
713.66,958.61
695.85,996.91
697.07,82.9
699.28,151.65
697.85,319.62
697.51,306.15
704.08,351.42
726.94,924.59
707.94,1106.4
702.37,1061.7
701,1281.5
708.56,827
707.33,404.96
717.25,1208.1
714.67,268.17
716.75,1151.4
717.01,202.13
721.5,229.77
722.77,605.54
718.78,748.77
720.84,1285.8
722,40.826
731.49,176.73
750.76,675.15
733.77,861.92
732.83,1190.5
728.21,489.17
729.08,7.0833
729.22,829.38
730,1.5
738.91,837.09
761.85,769.71
734.5,977.12
735.23,466.77
739.84,27.779
743.76,533.44
738.57,157.42
743.34,576.11
749.52,1079.1
769.29,407.48
742,1289
755.8,359.96
753.37,808.12
745.57,888.46
764.42,228.42
754.53,995.71
751.93,273.91
754.02,461.64
751.5,593.5
756.56,11.678
761.24,34.607
765.09,1323.9
762.03,606
768.97,52.4
792.26,299.18
770.21,528.54
762.94,1157.1
762.88,1258.3
773.13,628.22
780.67,1130
774.34,937.39
786.59,188.5
771.71,586.32
786.08,992.78
776.84,109.58
789.19,5.3362
787.47,833.27
777.34,1155.2
779.71,1259.8
779,968.38
780.39,1285.8
797.18,1165.2
780.91,61.227
807.67,107.82
785.1,1221.6
785.8,1318.4
789.69,796.52
790.28,1293
775,1237.9
809.27,704.59
796.5,566
817.36,142.06
800.65,391.12
796.23,908.04
807.52,569.85
804.5,1325.5
814.38,785.33
896.24,790.62
810.41,962.73
869.48,1256.4
818.64,217.49
811.92,500.97
814.4,620.78
822.67,281.74
816.29,1073.6
812.4,1290.4
817.97,1324.2
825.45,991.34
817.03,3.8485
829.72,180.78
827.7,51.031
834.82,1058.4
828.11,323.56
828.18,1091.5
830.51,1209.2
830.57,205.57
832.66,390.45
839.32,1299.9
886.64,199.8
834.5,694.37
835.95,1172.4
839.61,402.04
839.1,1019.8
864.26,130.47
846.74,608.46
840.89,1160.8
853.19,1140.1
841.52,1326.6
845.66,634.05
868.42,740.65
848.06,348.51
843,706.5
848.57,85.791
852.11,964.19
876.85,905.52
859.31,553.1
850.23,34.533
851.51,206.04
853.57,20.774
851.41,154.59
862.39,255.51
862.93,590.9
863.48,769.69
867.78,1323.2
860.69,4.0156
867.91,324.85
864.49,1064.4
880.46,875.45
866.95,857.91
869,1008.4
885.19,1198.3
875,1066
885.12,246.51
882.51,659.95
900.15,1111.1
882.83,1042.6
887.17,1225.6
883.5,724.5
877.59,821.3
895,970.2
902.44,838.79
890.86,111.86
892.68,1005.8
911.42,545
897.31,705.48
898.57,1072
922.65,91.583
910.53,681.3
899.5,879.5
930.05,725.14
908.78,1232.1
908.11,1047.1
913.9,455.61
917.77,856.44
917.85,1036
928.27,1018.9
924.92,1171.1
925.13,58.049
943.32,1031.2
933.82,1286.4
949.97,178.97
933.92,403.46
935.5,60
937.73,226.82
936,805
955.88,748.33
966.86,1298.4
956.26,842.86
954.26,998.09
956.1,101.58
968.16,76.083
957.03,800.03
967.65,140.95
963.55,28.843
963.76,1200.5
967.85,671.69
972.63,579.18
968.82,819.21
971.08,1023.6
989.43,727.29
978.51,386.82
988.73,99.283
986.62,1214.1
984.63,1020.1
985.11,422.76
985.55,1248.5
1000.3,176.82
991.24,819.82
1004.2,384.83
982.29,1051.4
995.25,1178.2
1012.7,885.73
1012.5,282.8
1024.7,697.11
1012.6,1065.7
1011.2,1111.2
1019.3,764.42
1016.2,827.76
1025.4,1194.5
1015.9,1204.9
1020.2,991.17
1025.2,1012
1041.2,72.01
1026.8,945.51
1022.9,1090.9
1037.5,140.91
1029.4,434.94
1028.5,973.29
1027,1031.4
1030.5,192.35
1047.4,826.2
1036,354.33
1037.3,1065.3
1040.2,311.79
1041.7,636.18
1053,734.91
1048.7,576.98
1050.1,782.03
1057.7,670.74
1056.7,766.96
1049.2,332.65
1048.9,940.53
1050,965.88
1050.8,279.05
1061.5,337.58
1065.4,224.88
1126.4,83.334
1071.4,919.84
1075.7,25.857
1076.5,625
1078.1,780.05
1081.8,973.18
1086.9,218.18
1091,669.6
1090.1,486.5
1093.9,801.56
1093.8,884.7
1100.1,47.726
1107.8,861.68
1103.9,270.82
1108.3,74.036
1123,434.48
1114.1,776.27
1112.5,791
1121.7,299.61
1121.7,877.12
1121.6,976.5
1131.6,636.33
1136.2,445.1
1137.2,711.76
1155.5,755.82
1144.7,690.56
1153.8,600.44
1157.6,886.06
1155.4,1000.1
1157.8,356.11
1159.4,904.95
1164.9,789.21
1180,699.83
1181.1,651.43
1169.5,775.85
1170.9,810.76
1169.5,2.25
1182.6,245.27
1195.3,266.59
1196.7,84.462
1195.3,1245
1204.4,224.27
1202.3,767.81
1225.7,744.56
1203.1,111.4
1217.1,5.352
1201.7,238.98
1213.6,306.1
1215.9,702.33
1211.1,14.5
1220.4,55.333
1222.8,500.96
1230.3,929.21
1225.6,123.55
1229.2,250.03
1230.5,951.95
1232,24.362
1276.3,730.5
1235.1,37.457
1235,536.93
1244.4,1116.9
1246.7,185.33
1241,216.13
1241.3,275.66
1239.4,1178.9
1241,512.09
1239.5,658.85
1266.7,56.909
1247.7,1153.6
1249.1,1011.7
1252.9,1030.4
1250.6,1214.6
1261.4,301.18
1260.1,650.92
1260,1065.4
1262.5,905
1272.3,505.78
1263.6,204.64
1278.9,793.67
1264.7,987.22
1267.9,275.57
1271.4,1009.5
1272.4,1055.2
1281.9,217.72
1279,676.56
1278.8,698.76
1281.2,664.65
1305.9,779.05
1283.2,239.36
1284.2,9.1761
1286.1,1029.1
1281,1041
1303,167.45
1295.2,1054.4
1286.3,313.55
1296.7,1001
1302.7,10.679
1308,817.43
1314.5,268.73
1312.9,240.59
1321.8,61.356
1318,1003.2
1322.7,978.56
1322.3,837.29
1326.9,963.95
1327.9,141.92
1330.1,14.079
1329.3,185.45
1330,820.69
