5.043,144.21
13.029,407.93
1.9091,731.36
4.7619,797.43
1.8485,824.03
2.7262,902.52
5.4762,958.28
2.5824,1278.3
21.349,645.98
23.696,746.55
91.505,237.98
25.333,3.7011
32.518,893.94
24.127,1246.7
22,1238.5
26,1014
29,725
45.473,1017.2
53.391,1299
56.911,810.77
163.44,738.9
83.78,1115.8
61.846,1153.7
95.537,1189
68.239,286.9
68.5,303
70.273,636.36
78.978,1330.8
84.247,613.19
82.579,1275.9
118.42,1319.5
103.41,655.25
102.57,624.57
107.78,265.45
112.4,821.68
115.06,807.01
145.53,292.67
135.53,1106.9
138.96,1067.3
145.43,944.04
153.27,37.422
156.45,979.82
148.62,1136.7
155.47,1328.9
158.91,1217.3
211.92,25.67
171.17,878.04
168.58,1229.9
180.05,558.85
185.61,1310.9
182.37,1124.3
202.65,1021.1
188.22,326.09
206.82,1143.1
191.49,1206.4
197.51,690.49
197.79,866.46
198.75,898.37
200.98,174.47
210.13,1235
200,1186.5
220,946.22
220.83,1267.5
220.97,918.86
221.8,1314.1
246.82,354.6
249.2,1318.6
237.91,1291.7
241.44,903.83
239,681
239,914
240.5,556
241,881
251.14,1212.7
256.19,620
252.28,1076.1
254.28,980.14
247.42,856.44
249.74,170.87
256.6,689.78
257.68,484.55
260,460
279.83,1163.9
266.5,1254.5
271.29,1050.2
281.37,952.25
274.15,1007.4
280.38,1027.2
299.56,9.7992
315.1,140.95
282.06,1112.7
288.85,553.83
292.11,65.874
287.24,1075.1
294.66,1318.1
295.46,930.83
307.33,1027.4
302,1124.7
312.58,582.67
304.48,1224
304.77,1254.8
307.92,950.58
310.43,1130.3
324.04,508.98
311.23,854.23
313.1,1061.7
315.42,1119.5
313.84,1321.8
313.33,435.17
321.15,1095.6
325.37,1184.8
326.67,918.33
369.06,535.19
328.67,1121.8
329.7,1152.2
330.39,61.378
342.57,596.7
334.99,27.928
343.35,705.95
345.78,1169.3
341.33,352.83
364.85,1289
349.44,1136
355.67,297.41
369.34,1177.7
390.37,40.625
384.31,1330.5
384.6,649.6
396.51,1246.8
413.99,337.11
397.16,1039
403.58,872.93
397.66,524.48
409.63,1304.5
401.84,507.45
399,774
411.74,155.94
403.41,199.06
408.45,548.94
453.87,1276.2
410.52,503.09
414.56,1101.5
430.55,1094.6
478.28,585.19
424.64,497.22
433.34,450.93
482.5,495.02
454.96,1176.4
457.94,69.933
477.84,36.305
467.26,651.49
463.05,1330.3
490.27,943.25
486.3,1168.7
488.52,188.2
487.26,1194.9
488.5,114.14
504.55,1020.7
503.71,1062.5
495,703
514.48,665.1
510.54,959.74
520.5,839.24
516.65,998.69
526.29,109
525.62,900.89
533.11,424.37
530.73,587.51
540.37,509.87
541.33,1324.6
574.18,1237.7
557.24,1104.1
548.89,15.201
544.5,365.5
546.6,648.6
563.43,63.421
556.63,489.08
555.96,1026.4
552.43,119.57
552.89,447.42
567.05,420.77
567.56,1283.8
634.6,1083.9
566.15,532.97
564.42,1317.9
582.43,527.06
609.94,863.68
577.46,107.37
573,135.5
587.08,572.96
583.69,1265.1
583.54,1185.2
583.23,1313.4
590.13,998.18
601.44,618.23
590.28,31.504
595,665.67
604.57,1263
604.44,1283.4
614.56,650.64
617.99,219.98
611.69,1181.3
616.34,274.59
639.39,630.47
624.34,591.72
619.65,1175.7
625.23,1024.2
625.26,1067.6
642.3,428.19
656.75,1259.9
634.53,123.19
645.69,20.449
653.49,143.46
643.5,949.65
658.38,182.3
651.38,494.99
650.77,632.48
648.42,1210.7
648.55,319.71
779.51,1092.8
660.71,452.54
661.25,248.2
691.69,231.89
663.4,609.4
670.69,845.96
666.17,217.33
670.27,100.18
707.38,579.89
836.24,163.53
678.46,433.81
703.35,59.044
684.04,163.04
683.4,871.6
689,1045
691.41,841.59
690.57,855.57
692.41,847.94
696.2,108.86
702.59,912.44
699.96,154.4
707.18,486.79
704.6,841.92
711.03,843.23
713.5,465
719.39,445.97
723.83,111.22
718.5,1038
730.03,1254.7
763.65,568.39
725.43,918.57
751.49,115.45
765.14,473.2
736.06,1010.8
738.99,541.36
734.58,1285.5
742.56,828.64
743.64,361.62
754.16,26.605
748.29,1078.2
753.41,1257.8
757.24,889.58
759.56,1074.4
759.93,356.42
769.61,935.67
773.1,822.6
778.54,801.09
787.36,669.91
781.92,51.5
785.51,85.714
812.78,421.27
791.95,728.36
791.98,787.98
799.64,692.52
861.42,525.3
798.27,767.74
811.47,1327.8
807.06,836.57
851.68,1252.2
824.09,459.2
827.89,384.02
836.64,203.09
838.09,265.22
840.3,599.3
859.96,256.87
856.68,692.16
870.31,610.09
863.52,1326.5
872.5,655.02
879.76,362.08
887.48,270.53
890.83,615.02
895.46,340.43
899.73,1274
937.28,681.51
920.61,742.07
902.5,580.5
911.4,253.73
915.46,372.9
914.83,458.75
915.34,640.63
925.63,445.42
924.99,293.43
945.64,27.742
948.82,785.94
930,215
971.66,849.67
965.77,191.31
943.68,643.07
953.96,316.65
944.22,419.38
944,242.5
946.22,277.3
945.5,237.5
946.92,919.44
947,391
954.33,1285.1
949.28,1315.2
959.08,447.08
953,493.5
983.72,780.1
956.88,834.52
976.65,672.76
956,716
937.86,607.92
965.49,497.84
962.7,723.87
966.65,236.4
969.4,726.98
973.02,931.58
982.1,645.81
991.8,476.24
981.28,523.22
988.97,342.2
988.22,437.85
1011.6,1315.5
989.31,89.06
990.92,538.08
990.14,632.14
1039.8,925.12
995,527
1013.1,486.37
996,521
998.5,609.5
1012.4,1280.4
1002.7,2.1667
1012.6,855.76
1023.3,79.349
1012.1,426.26
1011.4,823.39
1014,683.02
1018.1,796.27
1030.8,330.39
1026.9,515.91
1036.2,448.5
1049.4,25.623
1040,807.38
1036.4,637.84
1040.6,679.74
1040.8,314.88
1174.2,565.21
1055.8,1085.7
1042.2,629.85
1046.8,200.38
1068,1323.6
1053.1,871.72
1091,958.1
1053,1297.3
1052.5,321.77
1055.5,98.77
1056.9,838.34
1125.9,1145.9
1056.1,310.71
1067.5,416.78
1059.2,999.59
1069,630.73
1060,800
1063.4,1305.7
1200.1,801.38
1066,464
1066.6,469.57
1067,507.5
1073.6,1021
1072.1,106.17
1072.7,455.7
1081.4,46.225
1146.3,376.13
1081.3,254.02
1080.1,275.72
1079.2,286.93
1080.5,810
1093.9,3.8144
1091.9,999.97
1088.8,18.144
1091.6,694.7
1110,201.23
1111.7,792.19
1094.3,1252.3
1095.4,458.38
1097.4,1033.6
1100.5,1063.6
1107.5,1042.6
1105.2,262.48
1102.1,514.15
1133.8,1314.5
1109.4,494.99
1113.8,1028
1116.5,1074
1138.6,1239.1
1118.5,30.074
1123,767.73
1129.6,1212
1117.2,512.8
1119.5,247.14
1130.6,914.82
1127.5,5.976
1124.7,999
1131.9,138.41
1137,1065
1138,1268.5
1140.9,307.36
1143,727.51
1171.7,920.43
1153.3,1154.6
1151.5,139.5
1155.4,5.98
1157.2,360.73
1154.3,1170
1167.9,42.913
1174,296.84
1217.6,716.08
1194,1291.4
1171,891.55
1176.8,1172.9
1182.5,248.72
1177.8,1082.5
1188.3,996.02
1182.6,1036.8
1185.1,1060.2
1195.4,447.64
1229.5,910.21
1236.1,1179.7
1209.9,312.59
1204.7,467.2
1218.5,239.39
1216.2,55.815
1209.4,200.68
1205.9,123.95
1204.9,273.13
1206.1,289.1
1207.8,495.39
1207.6,905.46
1207.5,703
1213,1084.1
1211.7,734.98
1214.2,868.66
1213,1022.8
1219.3,422.84
1223.7,1262.4
1221.5,661.92
1224,25
1225.8,378.69
1237.7,988.16
1231.8,117.93
1235.1,1286.9
1250.6,298.72
1261.1,210.95
1248.5,238.7
1248.1,29.528
1245.4,95.244
1249,860.97
1249.4,1105
1254.7,1093.4
1256.6,926.97
1257.1,69.08
1259.1,142.26
1257,749
1297.8,1288.1
1269.1,1264.7
1265.4,617.74
1265.2,106.56
1265.5,556
1267.5,854.67
1280.3,58.983
1272.6,179.88
1268.6,1331.3
1269.1,475.28
1285,1203.1
1271.7,492.78
1269.5,902.52
1269.5,538.5
1278.9,151.47
1279.7,676.82
1280.1,4.5571
1289.6,887.88
1283.6,406.11
1291,790.86
1310.3,1109.8
1301.1,765.58
1314.1,680.39
1309.7,855.88
1317.4,39.007
1321.4,878.23
1312,1201.2
1309,995.23
1319.6,1143
1314.4,288.75
1311,306.65
1323.5,791.61
1323.1,1052.7
1327.9,824.72
1328.3,906.47
1325.5,1000.3
1330.8,246.45
1331.5,278
