8.0566,206
12.946,631.66
23.667,428.04
29.591,385.49
31.082,241.89
38.341,1209.9
40.95,301.14
51.496,1032
51.053,248.21
82.885,612.94
87.46,1173.8
89.818,78.652
100.42,270.93
100.48,153.33
101.04,473.33
102.14,523
104.63,455.63
117.07,129.26
117.14,731.61
128.9,42.457
128.77,573.83
148.26,1106.5
151.11,193.63
158.5,310.12
161.05,1162.6
181.11,636.63
184.45,1073.7
185.17,35.375
194.35,25.325
194.37,207.57
201.47,476.94
202.64,500.53
207.21,417.5
228.27,637.38
226.45,851.71
248.38,197.15
251.45,1024.2
254.13,459.67
255.97,1168.4
255.28,99.316
276.1,428.37
271.71,633.71
274,1246.8
278.11,890.79
284.77,780.05
288.64,1150.1
301.5,324.5
305.55,236.44
307.33,384.78
310.56,318.25
314.34,1115.2
322.58,821.11
322.25,326.52
322.02,144.57
323.03,218.05
325.1,954.9
324.9,129.38
331.97,1127.4
334.1,284
333.91,249.09
339.08,1188.2
343.32,876.6
350.03,698.45
349.8,677.54
354.02,791.68
356.38,757.14
356.5,1028.5
363.48,190.82
363.23,343
368.54,293.15
380.52,1009.3
378.65,1095
388.94,614.94
393.54,598.63
391.58,562.11
402.07,910.97
402.8,275.29
406.47,487.53
411.03,585.5
413.21,704.43
417.18,1108.7
430.04,910.44
434.46,444.08
441.86,599.04
433.85,780.71
441.02,527.86
441.5,712.5
445.02,876.89
447.58,744.44
450.19,81.226
452.06,499.66
453.26,1227.6
457.66,716.98
461.11,1147.1
467.74,663.61
465.82,518.34
466.52,704.71
478.99,730.25
480,89.826
490.52,26.609
492.41,294.96
496.5,41.5
499.42,525.94
502.23,977.97
503.04,1143.5
506.26,557.71
514.2,618.2
518.98,389.14
522.95,1089.8
534.11,1191.6
538.02,209.23
538.37,702.2
539.66,185.41
548.08,61.694
549.27,912.66
558.75,939.86
563.44,4.5645
562.58,323.43
577.67,635.79
583.04,194.57
589.14,963.04
588,427.83
595.03,547.08
595.9,747.9
597.34,101.12
599.31,376.62
607.38,793.61
608.05,220.38
608.37,80.431
611.69,437.25
620.81,638.11
620.14,177.86
625.1,1054.1
627.48,341.15
636,558.31
642.93,807.47
654.62,231.22
654.06,497.45
662.3,32.513
662.08,1072.4
665.4,95
675.03,300.39
675.55,226.97
676.43,1026.4
678.92,54.917
689.6,423.03
693.77,486.94
694.8,801.32
702.91,447.62
706.29,258.97
708.03,1200.1
722.96,571.63
723,628
733.07,1099.1
735.95,685.24
736.03,211.41
733.46,924.8
739.76,644
742.18,286.85
743.56,524.46
746.16,156.22
745,838.17
747.57,1139.8
747.92,999.08
773.12,749.5
776.04,563.54
778.05,650.95
777.86,1134.5
782.33,1044.4
788.34,27.57
795.13,819
802.59,29.341
804.91,908.06
804.09,830.86
818.14,555.5
823,127.75
830.44,613.43
834.6,1037.2
840.27,796.98
843.9,651.79
847.6,121.89
879.25,593.05
877.42,1205.9
881.26,201.68
883.44,448.07
888.31,332.16
893.1,140.75
897.23,1203.7
904,525
905.37,18.149
915.06,1103.5
925,132.86
923.95,508.18
927.68,485.64
934.8,196.9
929.17,831.13
954,134.72
955.72,1099.5
959.81,746.93
959.07,873.59
961.44,1068.3
965.87,1144.5
963.14,557.92
966.31,274.77
968.52,21.333
970.56,54.368
974.3,1159.5
980.31,175.31
981.42,657.45
990.67,93.954
986.63,761.54
998.14,661.61
998.54,1052
1007.4,251.62
1014,822.98
1025.6,613.98
1040.2,857.17
1046.9,25.539
1044.8,668.88
1043.4,1172.4
1052.6,1143.7
1052.8,952.22
1054.6,810.81
1059.3,715.37
1070.9,656.56
1071.2,874.05
1073.7,889.42
1084.9,1086.9
1085.3,482.43
1092,644.11
1085.5,675
1092.5,1219.5
1095,675.5
1095.6,450.5
1107.1,761.73
1108.7,827.97
1107.9,42.405
1107.5,634.29
1111.9,540.17
1122.6,614.85
1123.2,105.01
1123.9,285.68
1127,662.67
1131.7,271.57
1130.1,912.93
1136.5,844.73
1136.8,323.8
1137,735.64
1150.4,343.54
1154.6,458.58
1152.4,183.89
1157,1217.4
1163.1,520.37
1161.9,90.065
1163.4,127.23
1167.5,560.73
1164.7,711.76
1173.6,60.429
1176.7,594.31
1177.2,832
1180.1,607.39
1178.4,989.92
1196,1168.5
1193.8,1077.1
1198,165
1204.1,987.64
1207.3,126.52
1211.3,839.41
1209.4,690.89
1212.9,1150.9
1216.3,66.671
1219.5,526.42
1227.1,303.57
1233.3,744.36
1234.4,276.08
1238,582.17
1243.6,853.37
1247.1,493.63
