4.973,832.96
17.489,1166.4
27.481,1231.5
54.708,944.78
59.061,731.03
64.19,218.07
69.208,882.96
70.5,528.5
76.5,159
77.452,693.62
82.257,1087.5
89.926,111.59
92.973,525.55
94.414,219.1
98.525,802.68
109,279.88
110.92,375.46
115,473.5
118.74,243.28
132.69,29.086
148.24,796.5
150.09,510.4
149.95,212.08
149.42,321.89
157.65,692.3
160.97,93.939
162.21,674.45
169.72,638.36
174.99,1012.7
180.19,601.19
183.9,5.0463
181,889.68
185.5,360.5
199,441.5
204.58,567.55
206.64,730.28
223.54,899.36
242.4,129.89
243.43,78.429
245.52,358.65
266.19,643.93
276.89,908.42
283.96,463.07
286.5,222.5
293.45,804.82
298.91,574.5
303.85,1214.2
316.89,361.37
336.42,648.53
341.5,619.83
339.68,875.22
349.37,860.84
354.93,699.41
358.88,324.64
361.11,825.79
361.54,412.94
367.03,272.86
377.09,810.7
380.34,1240.6
396.5,1186.5
405.58,170.92
405.78,330.62
408.42,664.42
410.33,736.63
418.63,1150.2
424.15,55.601
427.82,486.04
427.91,336.09
432.56,1149.6
439.79,131.55
442.79,545.23
459.18,1233.4
464.98,969.6
473.66,6.4024
472.31,479.09
480.63,1005.2
480.51,642.16
488.44,119.71
488.63,696.49
492.68,993.05
490.93,662.59
494.14,537.05
495.88,440.88
505.63,320.63
511.38,360.38
520.39,758.86
526.86,295.26
530.72,257.53
550.98,452.65
550.74,1145
553.07,243.41
558,136.5
560.98,865.28
562.16,271.58
578,170.27
577.73,237.43
577,1033
583.57,465.99
587.1,797.8
585.08,40.56
587,374
586.23,915.23
594.68,815
598.09,979.09
604.42,6.375
626.76,1017.5
619,865
625.06,1140.3
637.48,450.07
636.14,647.3
657.5,223.71
663.9,273.22
666.05,124.15
682.5,644.41
685.26,75.14
686.87,3.1522
689.63,398.16
690.75,828.42
695.57,309.88
702.33,761
703.09,941.45
708.4,510.36
710.67,69
719.26,436.18
730.96,933.46
738.01,628.89
738.91,555.09
745.62,533.66
747.64,150.47
750.08,130.48
759.48,1013.4
770.17,978.95
773.45,549.23
772.09,1160.1
777.58,9.8248
789.04,1038.2
794.26,662.92
792.93,884.95
810.41,633.99
818.11,305.37
821.23,890.14
822.91,17.175
822.68,422.58
834.34,75.074
849.08,1214.6
850,427.32
863.4,969.11
864.92,392.92
868.6,1045.6
871.13,498.22
878.83,137.17
878.39,334.71
883.5,579.22
902,197.5
906.32,880.22
912.61,574.14
915.87,951.54
918.99,167.6
939.34,863.04
944.22,767.62
948.63,38.974
964.93,751.81
968,253
973.31,48.914
989.18,796.97
989.94,80.549
997.5,412.5
1002.4,1050.8
1008.1,941.01
1011,94.2
1021.5,450.8
1021.5,13.5
1027.6,980.9
1056.4,2.5745
1072.4,666.04
1069.9,1124.4
1079.2,303.8
1090.1,414.32
1096.6,735.17
1103.9,516.03
1107.1,466.63
1107.8,1069.6
1112.9,698.47
1114.5,907.5
1114.9,251.5
1115.5,627.5
1120.9,98.574
1123.8,728.49
1130.6,620.6
1179.5,1074
1181.9,14.732
1195.7,699.06
1197.4,335.93
1200,494.68
1204.8,1035.5
1206.1,238.2
1216.6,491.32
1217.3,901.32
1219.1,111.59
1221,333.32
1226.4,917.84
1237.5,485.68
1241,212.91
