16.174,149
22.521,636.12
28.288,524.83
31.579,812.89
44.717,686.88
45.633,451.63
49.809,1232.3
65.091,587.09
82.5,1129
85.988,227.24
97.483,464.3
89.432,436.95
96.433,521.52
98.636,210.32
108.65,486.06
110.4,508.6
113.09,819.91
116.61,1028.1
131.36,822.6
134.34,1134.1
137.07,259.2
140.18,50
152.62,691.85
159.54,308.07
191.99,358.47
189,756
199.3,640.08
212.88,1001.8
224.97,745.05
225.16,872.59
226.14,409.92
225.54,1051.4
232.62,341.99
231.57,112.39
243.28,573.02
241.71,224.71
245.21,300.04
254.53,521.62
254.78,622.47
264.79,902.53
275.12,320.44
276.25,1083.9
276.82,1104.5
277.13,766.56
276.91,671.09
278.5,1183
287.09,466.5
286,864.25
289,724
290.93,511.39
289.37,694.63
295,269
299.81,815.61
299.81,171.31
301.29,437.38
299.35,612.55
300.42,34.424
301.81,298.14
301.69,68.914
308.78,1118.9
307.05,998.2
307.56,134.93
320.42,705.11
332.36,1201.7
331.5,837.5
333,452
340.33,702
346.87,333.13
348.5,483.5
351.4,855.37
357,1044
359.63,42.367
364.84,392.84
365.89,153.6
365.33,985
374.13,526.13
375.9,1077.6
382.46,67.077
384.91,735.6
384.8,198.57
388.83,674.23
390.24,284.86
393.17,959.56
395.65,1246.3
398.7,950.1
412.83,880
415,197.17
422.59,1027.5
434.45,500.67
436.85,62.268
434.83,147
443.5,756.5
447.63,65.325
445.57,204.36
446.91,1170.1
453.26,842.94
450.62,384.34
469.09,484.13
474.89,1215.5
476.3,1093.6
475,854.68
483.06,27.906
491.68,170.93
493.25,205.94
491.92,917.92
492.83,308
497.73,1035.2
495.5,24.5
499.55,267.69
522.68,255.71
524.03,373.63
522.65,176.5
522.42,981.42
524.56,1175.1
527.17,137
547.82,32.338
560.66,1002.9
571.59,940.58
579.09,545.6
578.16,1000
592.71,262.37
609.24,263
619.93,363.53
634.93,211.41
643.05,18.237
645.22,654.22
656.19,966.15
654.73,1198.9
656.44,827.92
658.14,212.86
669.06,180.97
676,334.5
678.5,96.5
682.28,586
687.41,963.63
692.58,153.42
694,1237
701.11,46.63
701.94,160.2
706.73,526.17
708.91,121.09
711.68,766.58
715.21,816.36
717.17,716.27
715.75,1019.7
717.54,96.565
725.5,633
729.44,656.08
730.55,288.71
733.92,44.872
733.5,795
737.71,639.29
737.33,779.41
740.84,570.2
768.67,762.34
765.72,957.14
773.35,474.29
775.6,255.64
782.28,217.8
802.5,1223.5
819,11.5
844.37,1202.9
825.67,427.55
827.34,1022.4
828.36,980.81
828.41,871.36
829.5,926
834.65,1067.3
835.6,1245.8
835.37,54.026
841.29,1006.1
844,361
853.35,1066.3
862.55,404.71
860.71,1019.4
866.14,338.55
864,1244
865.5,305.5
867.52,1155.1
870.9,879.62
873.3,1244.1
878.76,262.67
878,1202
884.35,1163.3
886,455.93
884.42,1130.1
885.68,1147.7
889.18,731.12
892.5,1114.3
892.11,789.5
890.14,1087.5
897,1245.4
912.55,845.47
910.5,337
914.89,426.92
919.44,1159.5
921.93,994.44
928.2,387.5
943.02,723.07
952.5,927.5
957.58,748.83
958.91,574.69
961.14,782.93
972.97,136.17
969.74,768.07
980.38,772.31
980,42.346
982.27,792.35
985.66,862.52
984.58,56.97
986.9,75.55
996,1084
1000.5,47.5
1002.6,232.31
1004.5,70
1014,702.36
1019.5,862.08
1027.8,769.4
1033.9,818.88
1036.6,728.85
1040.3,562.07
1059.6,554.42
1063.4,136.05
1066.8,440.19
1069,220
1071.1,754.05
1076,149.5
1082.7,404.44
1089.9,1127.1
1105.7,870.29
1108.2,595.57
1108.4,733.3
1112,448
1114,928.44
1125.4,13.789
1122.1,150.88
1125.7,494.41
1125.5,583.5
1132.4,871.96
1137.7,725.99
1137.6,66.643
1145.2,628.15
1145.5,1125.4
1145.5,828.49
1152.5,659.34
1159.6,867.48
1167.2,193.47
1170.8,835.5
1174.9,268.86
1180.6,523.63
1189.8,313.91
1197.4,792.26
1209.5,586.5
1210.5,229.5
1226.3,1141.8
1226.4,211.87
1228.6,473.54
1229.5,1030
1239.2,3.9
1246,288.13
1245.8,822.88
