21.574,371.22
2.7308,414.65
6.08,452.6
5.4948,472.45
5,509.56
4.5,552.99
14.649,661.97
8.3529,771.49
1.6552,829.31
4.4,843.47
23.609,882.44
2.8,901.9
19.673,946.53
1.9615,1046.8
16.452,1228.2
4.9388,1095.3
10.13,706.97
11.288,800.56
8.5,587.5
31.594,130.88
13.455,1090.4
19.128,848.37
13.714,857.71
14.468,588.35
13.857,686
16.773,567.77
16,763
20.479,1196.2
25.071,1081.7
26.597,618.52
23,764.5
29.04,840.1
28.391,861.57
61.411,417.38
37.898,710.8
34.469,639.88
40.199,1067
35,830.5
42.524,657.83
37.328,808.86
55.292,31.854
39.435,764.61
40.644,1102.5
44.625,1033.5
49.667,902.54
46,592.5
48.385,1001
55.598,583.76
57.308,653.38
60.942,644.38
61.188,228.71
63.792,854.04
76.483,346.74
60.667,783.83
89.198,894.53
64.492,137.8
61,494
62,663
70.977,559.92
70.982,635.47
66.6,842.6
75.729,452.57
69.179,899.04
69.795,708.61
70.576,656.94
96.425,789.27
71.848,1058.8
78.021,55.021
74.5,322
88.529,1244.4
77,335
83.23,1045.1
90.329,12.463
90.43,178.54
95.413,151.36
82.125,595.7
82.175,1024
81.4,625.4
84.897,522.09
83.114,658.6
95.722,119.98
93.393,637
87.167,229.67
91.126,448.75
89.625,609.5
90.714,1027.6
91.429,704.43
99.292,63.085
96.236,1152.2
92.5,1235.5
96.275,654.04
96.707,852.07
98.868,458.51
98.42,1221
98.083,549.57
121.1,700.41
112.63,1030
99.579,310.89
101.09,387.23
100.57,616.39
100,986.5
101.33,1107.9
104.28,1168
101,847
102,962
105.77,973.82
103.5,495.5
104.55,652.05
110.2,1072.7
103.5,1099.5
105.55,374.45
105.42,264.53
121.37,400.03
107,323.5
107,453
107,485.5
116.71,8.3673
111.56,249.4
111.31,498.39
110.05,257.91
135.76,569.46
114.54,611.45
109.64,723.32
110,786.5
111.4,456.6
111,482
115.36,214.61
112.86,328
113.77,371.92
113,962
121.28,347.14
117.81,658.25
161.66,915.44
119,78
118.5,288.5
119.27,438.55
128.95,315.94
129.78,544.26
209.51,153.43
125.88,435.03
125.42,219.88
159.56,637.46
126.05,597.1
126.11,789.58
129.21,1066.1
131.9,31.349
133.38,981.85
131.05,736.1
147.89,249.46
135.16,600.91
141.76,764.27
138,443.33
145.77,181.39
152.23,1148.2
144.72,322.91
144.76,470.11
143.91,799.48
150.38,1066.4
151.11,116.43
159.86,360.02
150,128
149.4,877.4
156.71,969.01
159.15,391.54
154.24,744.02
154.52,621.34
154.75,19.5
153.58,220.47
159.65,1028.8
155.42,9.1053
155.5,94.5
160.82,127.84
161.89,291.26
156,327
157,284.5
158.09,1091.9
163.09,5.2838
160.68,698.92
162.5,323.5
165,431
186.98,773.64
168.03,318.97
173.84,853.86
173.27,993.98
174.24,199.25
175.67,685.8
188.03,421.87
173.95,500.91
174.97,978.26
178.73,1063.7
174.33,138
176.99,373.56
175.62,675.48
182.05,476.86
187.06,551.2
177.09,579.41
182.87,188.34
186.03,216.24
177.5,601
187.69,698.45
178,620
179,1046
182.26,881.43
183.89,28.579
183,599
189.49,1040.2
186,293
187.88,440.15
197.28,605.51
206.56,371.6
189.62,664
192.12,846.5
196.87,1067.2
200.31,121.93
208.86,290.65
190.5,645
192.08,491.08
192.5,529
200.4,1020.9
214.48,459.68
195.95,3.0909
203.86,256.18
204.35,347.71
198,200.67
198.68,337.22
197.95,653.1
203.4,860.66
203.58,43.861
206.34,544.76
198,1000.5
200.09,218.09
206.95,400.62
199.6,727.4
214.53,236.66
200.96,694.4
210.41,580.47
206.09,723.05
206,1165.5
231.56,884.92
213.76,1002.1
210.8,688.93
207.43,805.39
207.5,1073.5
210,30.5
218.57,328.84
218.15,741.57
212.54,210.26
210.71,622.43
213.46,1180.3
213.36,1190.6
222.7,1208.2
219.93,1079.8
215.06,641.52
218.33,628
220.62,425.85
234.33,573.32
220.6,686.4
238.52,707
228.97,801.46
221,828.5
241.47,406.41
250.04,633.35
229.2,1186.2
231.5,954.03
230.64,1100.3
231.1,614.98
241.75,1026
267.47,206.38
232.43,605.57
233,15
260.38,480.91
234,352
234.67,1048.8
238.49,732.57
245.85,670.85
240.76,783.29
240.42,18.105
241.59,794.97
247.31,238.79
245.77,817.77
246.45,1226.9
245.71,274.71
249.53,361.69
253.95,587.62
250.81,989.16
247.95,102.1
249.18,262.5
269.01,964.53
251.72,1143.2
252.76,334.41
255.61,826.73
267.61,565.42
257.86,25.644
258.67,276.32
259.42,402.62
266.32,751.99
255.67,1213.8
256,1030.5
260.87,7.6746
257,985
259.42,317.86
264.46,1080.6
266.97,1162.2
268.25,1194.6
261,614.86
264.74,533.2
261.43,859.57
274.82,887.28
261,1184.5
265.12,290.65
262.93,325.07
271.91,1048.5
264,721.5
268.49,1144.8
266.39,382.04
284.97,462.03
267.42,696.72
286.87,798.43
267.11,848.42
270.86,27.214
267.6,399.6
285.96,669.44
268.5,681.5
279.07,312.74
270.58,688.89
272.91,286.23
272.59,332.06
277.57,368.04
289.4,421.53
282.6,24.262
304.16,623.73
280.4,714.38
282.09,942.66
313.22,589.91
282.3,1174.6
311.76,1224.5
282.29,765.68
283.37,860.13
287.24,1244.8
284.4,7.6
337.45,366.41
289.71,696.36
295.68,81.673
287,123.5
288,852
299.98,33.342
292.73,933.47
292.86,1163.6
293,331
293.5,903.5
334.86,321.66
294.98,1129.7
304.03,837.74
296.94,1005.2
297.59,241.14
297.5,813.5
298.5,1189.5
309.33,746.5
312.74,16.354
302,276.5
307.62,537.44
304.02,961.15
304.7,641.75
307.27,689.59
304.9,668.95
307.89,660.79
317.79,1025.6
306,1178
366.96,223.99
307,386.5
309.44,866.44
312.32,389.25
309.65,1094.6
314.22,108.08
314.47,648.49
315.04,520.4
324.54,300.05
341.21,271.06
319.86,1001.3
317,292.5
374.12,764.54
319,1082
321,1088
342.02,715.82
349.83,447.42
329.51,1072.9
329.06,1171.1
332.48,6.2632
329.87,111.71
329.62,387.07
331.5,104.5
333,795.5
334,784.86
333.33,1000
335,618.86
338.21,680.39
337.28,661.21
338.08,1026.6
337.5,897
337,1061
341.82,783.35
343.04,630.75
347.98,1000.8
352.4,959.08
355.91,1083
351.62,653.08
348.14,919.68
350.33,137.14
348.32,1232.7
357.88,177.97
348.5,205.5
370.02,562.22
369.47,1013.9
351.2,636.56
352.4,645.6
358,1050
359,116
361,1225.5
363,1057
364.36,500.32
369.55,511.72
370.16,616.44
367.37,461
365.6,755.6
366.27,1230.7
370.84,475.02
368.5,641
367,749
369.07,115.59
369.23,1219.8
375.88,497.34
370.39,841.32
374.85,85.872
374.65,347.5
375.56,944.81
390.42,1216.3
374.67,877
375,849
400.03,918.22
375.5,1075
378.41,321.07
379.75,1045
390.13,523.11
383.65,273.89
385.3,876.53
382.5,14
387.94,1033.7
382.51,1169
387.09,189.64
383,390
420.58,618.11
384.86,859.64
385,7.5
386.51,71.93
403.85,316.16
388.33,632.08
389.99,1097.7
445.1,403.75
389,715
407.29,859.1
392.85,592.98
391,922
391.89,1132.4
405.22,1150.7
394.6,1184.5
405.96,82.33
393.05,741.9
393.5,1226.5
396.49,346.29
394.6,501.6
397.39,972.08
397.28,1242.2
399.29,885.6
448.77,213.55
403.8,557.25
410.3,122.33
401.36,1059.2
400.83,285
411.17,39.639
407.99,955.54
403,165.5
425.04,260.76
404.75,449.25
406.5,1020
409.8,1237.4
407,515.5
407.67,888.83
410.42,279.89
417.3,685.22
416.21,1066.5
412,93.5
423.96,353.55
415.12,776.35
416.72,1122.2
421.8,167.77
430.09,1080.7
422.03,521.04
426.07,899.96
426.9,1005.1
429.92,1048
431.2,992.11
454.29,1210.7
438.03,66.553
435.37,711.41
437.87,866.68
441.51,297.46
434.97,812.49
433,455
437.59,531.9
435.73,926.97
445.53,130.7
435,151
438.41,515.34
437.46,966.31
437,460
437,1064
447.31,783.48
438.95,1120.9
440.78,361.78
496.69,597.69
445.06,739.56
443.34,1021.2
450.76,31.269
454.22,312.78
447.76,811.11
449.72,1052.8
455.65,907.54
446.78,1151.7
447.4,494.4
458.3,525.46
449,750
450.05,943.09
455.3,481.9
465.24,1116.3
452,19
452.5,1144
487.57,1016.2
457.18,843.74
459.26,1136.1
457.5,810.64
461.98,827.64
481.53,955.66
457,466
461.27,561.23
458.14,772.5
462.24,974.1
458.4,1048.4
464.78,1088.7
466.33,12.151
480.09,374.71
474.12,886.79
462,1108
465.89,774
479.42,563.73
475.42,1243.8
473.38,482.75
473.76,840.72
472,746
472.7,792.85
476.45,345.91
475.8,460.37
479.75,287.82
477,217.33
476.5,246
484.78,496.55
481.43,41.1
488.29,744.85
485.82,916.1
498.07,646.3
482.91,949.09
485.67,853.67
488.94,987.37
485.58,1133.1
521.26,128.78
489,435.13
486.73,469.15
487.64,302.32
490,1124
509.16,1093.8
493.85,293.12
495,488
499.47,868.04
494.91,1201.2
501.12,68.721
501.23,1184.2
498,85.5
500.05,467.32
501.57,884.37
500.07,498.59
499,1240.5
502.42,302.47
508.64,381.46
502.5,1215.5
510.37,26.039
515.98,748.56
505.07,960.31
504.06,1234.9
514.44,215.04
508.76,481.42
506,875
508,1.8462
508.5,150.12
508,144
511.97,466.5
523.87,958.73
512.73,764.65
526.68,865.3
517.4,1246.9
517.64,65.409
526.6,541.76
515.84,992.64
527.57,87.758
527.25,511.84
521.21,898.97
541.14,254.62
520.04,288.08
520,526
535.44,1179.2
521,1194
523,280.5
535.18,709.5
532.7,376.2
531.5,464.5
538.87,220.89
539.56,813.43
534.06,1117
534.77,429.57
535.79,760.73
547.32,43.928
549.49,7.625
546.49,919.66
540.04,206.57
542.49,1091.5
554.54,165.06
539.5,700
544.26,405.21
539.64,732.52
543.26,332.71
552.24,999.31
556.52,1060.1
545.38,379.84
554.12,773.02
545,547
547.43,783.77
551.31,1128.7
552.74,597.5
548.85,393.26
553.92,285.22
561.98,470.94
555.53,654.21
554.27,1098.7
572.76,302
603.58,516.44
555.75,1032.6
569.12,370.2
560.32,698.88
558.56,725.33
560.56,1086
562.67,733.7
568.88,435.78
577.17,861.2
561,942
563.71,811.25
562.4,906.6
587.49,1021.2
565.88,717.21
572.15,753.37
565,703
572.75,955.4
568.59,640.06
569.27,801.65
569.71,1074.5
591.92,220.88
572.02,1126.7
571,603.5
571.08,776.6
598.06,975.3
578.61,597.36
572.5,130.5
573.56,80.111
575.14,138.5
573.29,1142.4
578.73,63.345
580.15,1052.2
579.18,11.25
581.83,407.61
577,131.5
578.07,918.41
590.37,184.12
602.35,723.34
579,767.5
602.29,829.63
581.97,908.63
583.89,690.32
586.59,40.729
591.97,1171.4
585.71,435.71
585,353.5
589.67,451.15
587.5,48
603.44,896.54
589.68,1068.4
596.39,341.34
591,615
592.22,311.59
599.6,1213.9
601.93,572.27
593,991
595.35,484.71
595.77,384.77
600.19,438.61
596.5,996.5
600.44,24.529
609.34,377.52
599,1003
611.5,1040.3
602.94,1092.9
603.22,1117.9
606.47,410.26
603.33,656.61
610.26,870.99
614.8,935.68
614.51,166.7
617.66,917.25
616.92,989.05
615.6,231.32
614.32,817.22
624.39,1064.8
615.31,126.35
613.2,287.56
612.4,909.4
614.42,279.89
614,1225.5
619.52,7.7131
624.58,1146.2
617,271
618.26,1105.1
621.52,437.43
622.08,1240.6
621.12,174.5
645.27,307.42
626.38,662.57
647.4,374.49
625,1110.5
625.7,1190.5
635.56,228.19
624.5,337
633.96,416.78
627.72,29.93
626.5,650
639.75,980.02
638.45,753.32
632.51,451.2
632,398
636.6,1121.6
637.92,167.84
639.22,441.11
638.04,832.08
649.17,821.85
643.72,866.89
640.02,1104.3
643.59,150.98
674.8,889.88
641.3,598.86
641,707.5
644.03,1057.1
654.39,574.94
646.21,356.03
648.52,1195.5
648.74,1162.4
645,170
659.48,105.03
655.53,159.17
647.23,702.47
650.84,180.37
650.11,999.58
651.53,280.65
652.71,1211.5
653,69
654,1221.5
692.7,976.62
658.31,211.81
661.95,476.55
668.39,433.59
661.47,277.05
661.58,759.23
690.25,781.91
663.29,251.58
662.54,533.13
663.15,395.62
694.79,486.75
667.42,59.281
672.47,706.12
681.04,161.41
671.35,336.19
673.93,560.44
681.56,1193.1
671.61,46.391
671.15,935.21
673.43,32.286
672.7,205.6
688,239.9
672.17,471.3
673.49,539.59
672.33,967.22
672.95,278.1
693.01,302.06
673,256
691.25,927.94
677.71,4.6275
676.84,15.511
675.5,395
676,633
677.67,718.33
701.4,174.59
680.32,679.36
681.94,93.853
691.97,376.67
681,648.5
682.74,206.19
688.01,546.42
682.85,1222.9
684.57,842.86
689.65,457.52
688.09,743.71
731.37,114.66
693.06,415
689.23,693.59
691.06,717.65
689.72,262.04
692,467
695.12,843.42
694,172
733.47,512.09
716.54,421.1
706.78,2.3514
705.45,223.91
711.08,689.08
707.5,144.5
716.92,757.1
723.47,384.82
720.52,907.87
715.8,185.5
714.04,562.12
716.05,139.57
721.58,712.68
718.64,451.08
715,958
717.33,58.471
723.04,325.16
722.39,1243.4
728.03,735.99
723.29,27.268
721,37
724.87,1020.4
723.76,9.2647
729.31,959.18
727.49,148.18
726.91,1180.3
724.58,206.11
739.63,828.71
742.52,870.2
734.7,278.62
731.02,1193.8
731.33,623.06
738.79,684.37
737.98,1228.4
739.79,84.776
736.36,1159.8
737.4,236.4
741.49,402.22
740.79,590.85
755.33,650.62
753.41,169.57
743.4,10.5
752.07,755.4
743.91,37.909
743,250
744.54,908.59
746.95,62.184
747.39,384.93
751.87,565.77
754.35,1177
750.5,342.5
750.36,550.5
755.24,604.22
750.5,904
759.01,1245.5
759.75,86.009
753.57,432.13
756.97,400.46
760.15,261.69
755,345
763.71,858.94
758.09,673.45
759.5,6.5
760,343.5
760.09,700.95
760.76,1227
779,285.02
763,429
763.42,435.11
767.55,809.63
784.4,559.63
765,76
767.45,620.31
766,345
766,791.5
767.89,767.11
768.86,912.14
780.65,25.223
792.68,107.47
769.5,1031.5
771.57,633.43
773.37,392.37
773.89,420.72
773,768.5
777.14,814.07
780,403.8
777.33,438.05
776.75,837.09
782.65,462.95
780.04,658.83
775,710.5
779.07,886.53
789.82,1200.7
778.4,828.4
780.94,614.71
781.91,844.95
783.36,421.68
791.59,230.43
787.29,376
787.09,987.44
801.09,661.14
795.43,1243.3
790.02,853.86
788.27,974.63
789.03,763.92
801.5,1124.6
790.14,754.36
790.78,863.68
794.02,877.58
794.26,423.19
793.31,784.25
792.48,813.48
791.5,1227
800.42,988.24
795.56,77.756
795.5,698.71
802.68,720.57
795.82,891.02
796.23,1178.1
796.47,55.656
797,911.5
798.83,903.83
800.49,356.67
820.61,846.18
801.64,166.68
802,71
804.12,492.31
811.91,443
814.47,897.31
807.42,168.89
809.97,394.63
815.53,1234.8
837.56,456.25
829.18,538.64
808,1185
833.86,366.75
817.18,697.13
813.52,743.67
822.33,492.47
816.29,1102.9
819.07,519.28
816.91,401.09
822.46,304.97
822.31,326.34
833.75,785.15
820,1182
823.35,1216.6
831.6,674.09
824.44,387.35
827.27,633.79
851.14,1150
827.31,597.03
830.53,654.23
834.67,145.01
828.32,1142.1
844.61,105.73
833.45,1093.8
835.88,82.583
832,742
843.66,986.15
836.05,128.1
836.23,646.87
840.26,279.34
837.42,304.89
838,599
850.28,701.2
838.09,823.52
878.17,1006.8
840.21,155.79
840.48,322.85
843.77,891.61
845.56,1241.5
840.6,55.4
845.55,651.45
848.51,762.44
848.72,161.46
845.92,1229.3
847.23,587.27
848.41,1020.5
850.53,1211.5
847.97,349.07
848.5,732.12
851.14,608.03
849.22,1090.1
858.3,561.57
857.25,836.99
849.33,1004
860.52,68.061
851.91,20.091
864.47,1186.7
852,1052.5
853.94,643.41
875.75,337.74
876.01,597.8
872.09,757.1
856.19,1108
856,373
937.48,336.75
856.82,506.91
869.3,446.67
864.06,44.812
861.6,668.89
859.67,759.83
860.43,294.43
863.63,1100.8
880.53,706.9
879.64,905.49
865.64,22.318
876.51,864.73
880.17,1225.8
877.73,1156.4
867.29,359.29
871.61,376.15
871.14,223
878.73,523.36
872.85,543.24
903.4,829.88
871,1119
871.5,648
879.08,284.36
880.33,397.08
880.8,503.46
889.96,55.92
879.99,663.12
879.33,268
921.49,945.47
884,271
887.92,640.92
886.89,381.58
886.58,491.89
891.13,729.14
887.29,213.79
905.39,479.29
910.98,538.59
890.5,226.5
889.42,484.89
902.2,654.51
891,6.5
892.5,32
895.38,355.12
892,314
893.79,1210.4
893.65,17.4
895.49,25.979
900.55,755.21
896.35,873.58
910.04,332.74
897.91,595.52
899.53,619.51
899.09,1123.1
899.5,208
900.5,275
907.7,193.93
903.62,247.03
910.51,582.83
913.92,711.38
904.56,1157
913.87,449.64
922.63,1238.6
915.93,291.61
904,677
904.86,1217.1
907.96,36.578
909.99,802.78
908.33,1121.3
913.42,506.8
922.73,13.281
913.84,907.02
922.34,1155.9
921.59,100.58
913.23,667.73
913.36,1086.9
914.62,463.97
916.8,1162.1
915.58,1007.1
927.27,1055.1
917,1126
924.33,1212.4
919.27,1073.2
920.42,167.92
935.52,186.01
919.58,430.11
929.59,633.3
921.24,1039.9
920.58,68.895
921.76,745.68
926.2,1016
929.83,670.22
928.53,891.7
925.64,228.18
927.07,1194.3
925.7,264.3
942.07,782.31
927.75,1106.2
934.16,156.14
928.19,500.86
926.77,972.89
928.7,86.186
933.71,217.24
931.18,610.86
933,395
935.1,374.19
935.28,484.11
935.58,956.89
982.72,497.83
946.05,442.33
938.89,502.79
938.59,1089.9
941.36,81.78
946.6,1107.6
940.86,598.16
939.5,997
942.95,1144.3
946.12,643.62
993.5,45.796
945.27,374.51
944,873.49
944,1085
945.27,567.35
945.46,750.1
945.5,128
958.57,1039.8
953.94,1225.8
947.86,1003.1
948.68,1150.6
948,65
957.33,80.152
964.04,398.12
950.4,552.4
953.75,625.43
953.88,118.51
958.17,875.14
954.58,65.895
955.21,235.72
954.81,593.19
963.77,811.72
959.89,166.94
955.23,1245.1
957.06,364.41
959.04,552.74
957.91,1151.1
968.09,579.49
960.49,614.07
972.47,697.98
961,7
962.65,958.4
966.18,967.93
976.3,3.1286
981.06,1245.5
964,795
965.23,1150.2
966.09,1200
966.42,845.89
978.13,901.12
996.64,1046.4
967.5,419
967.33,438
968.08,455.44
971.8,553.64
973.48,1136.4
982.06,1191.5
1012.8,627.72
989.48,794.27
976.24,373.18
1000,1119.7
994.07,422.46
979.6,1136.4
982.61,838.95
983.58,395.7
984,283
985.38,375.62
984.5,1166.5
986.54,130.26
997.62,341.83
989,201
994.22,142.78
995.2,191.84
1000.8,819.57
1015.7,548.67
1003.3,672.33
1019.7,233.05
998.6,258.4
1006.9,453.54
1000.3,987.13
1018.1,389.66
1004.4,1164.8
1003.4,95.125
1006.5,434.38
1004.6,1218.4
1008.6,741.95
1010,710.38
1009.8,1073.4
1007.5,373
1013,930.83
1020.6,151.79
1016,2.4419
1022.5,976.27
1026.2,1180.9
1036.5,346.08
1018.2,846.21
1052.4,1155.3
1015.3,93.397
1015.6,356.62
1015.6,1242.6
1019.3,285.9
1022.7,304.09
1020.2,569.72
1032.2,1073.5
1026.4,423.54
1022.5,518.5
1030.6,1042.1
1030.3,1245.4
1024.2,724.56
1027.3,746.98
1023,749.5
1024.9,1236.4
1047.8,899.24
1031.5,293.06
1033.1,1208.4
1031.5,1226.6
1039,516.18
1048.6,447.81
1047.4,812.19
1038.7,730.53
1036,841.32
1038.4,259.38
1056.4,991.3
1038.5,76.087
1039.4,1235.2
1039.4,560.65
1044.7,9.8824
1041.7,941.23
1040.8,1109.7
1044.1,65.78
1044.9,534.5
1044,138.82
1043.7,479.71
1048.8,861.51
1045,1222.5
1051.6,80.374
1052.3,956.81
1057.5,1088.8
1058.7,112.3
1097.5,487.27
1058.4,696
1055.6,751.32
1076.9,1023.8
1063.4,171.12
1054.5,483.47
1084.5,292.66
1075.1,413.51
1056,378.04
1058.5,212.86
1059.2,250.25
1057.2,790.66
1058.4,937.39
1059.5,227.5
1061,470
1064.1,485.45
1131.4,1135.7
1079.4,374.19
1063.3,146
1067.3,714.11
1071.4,1184.3
1076.9,1246.7
1078.6,929.44
1077.5,133.23
1067.5,758.5
1075.9,1052.3
1072.4,771.31
1076.3,546.55
1081.2,452.11
1077.6,604.5
1080.8,21.699
1084.5,692.23
1079.6,42.571
1083.9,782.68
1085.6,825.05
1080,883
1081,1080.2
1082.3,800.52
1086.1,89.719
1090.6,333.85
1087.2,892.73
1085.5,979.4
1085.1,903.58
1088.6,1201.4
1090.3,916.95
1108.2,236.04
1092.6,812.47
1094,386.98
1091,471
1091,1140
1095.7,1245.8
1095.4,442.8
1101.6,774.43
1100.5,5.0769
1095.9,149.92
1100.5,456.07
1097.9,880.95
1097.7,1217.8
1103.1,431.6
1105.5,517.38
1101.6,574.67
1101,62
1116.2,656.38
1100,890
1104.1,205.89
1106.7,393.15
1104.1,936.78
1104,343.8
1103.4,363.96
1117.6,597.02
1111.2,869.23
1105.6,996.98
1107.7,976.07
1119.1,1095.2
1109.6,36.581
1106,134
1106,138
1132,167.27
1116.4,123.6
1108.9,12.741
1108,70
1108.5,880
1110,339
1127.9,768.02
1135.8,914.34
1166.2,42.539
1113,79.429
1114.5,369.21
1133.6,409.19
1115.7,740
1114.5,88
1131.8,436.65
1139.8,1213.8
1130.8,958.58
1118,830.04
1123,625.69
1122.6,863.72
1121.6,1077.4
1130,4.6148
1126.7,539.73
1124,1175
1130.4,996.94
1130.3,1153.6
1137.1,706.13
1158.8,856.08
1133.4,94.167
1132.4,549.75
1148.9,375.12
1137.6,937.9
1137.9,1102.8
1143.2,796.35
1167,109.25
1141.2,544.7
1143.9,592.7
1158.7,473.21
1144.8,1246.8
1144.7,215.12
1146.6,922.6
1150.2,987.05
1150.1,1086.9
1151.7,1100.5
1152.6,1193.1
1177.4,559.66
1153.1,735.09
1154.7,435.26
1155,975.5
1155.4,801.97
1155,80
1164.5,184.81
1161.5,1069.1
1158.2,921.33
1163.3,955.5
1166.4,708.9
1158,1165
1159.6,1174.1
1162.4,989.73
1180.3,1103.7
1167.5,1241.3
1169,636.04
1183.8,888.38
1169,63
1191.6,501.76
1171,810.5
1172,1179.7
1181.8,81.397
1174.4,148.9
1173,806
1184.3,994.48
1176.6,200.69
1175.9,971.42
1177.3,693.43
1178.4,1010.7
1211.6,816.34
1180.4,635.13
1181.2,745.63
1196.7,943.72
1184,595.61
1184.2,791.39
1204.8,677.61
1193.6,1036.3
1203,434.79
1206.2,1060.9
1200.1,745.12
1197.9,100.14
1193.8,536.45
1194.6,230.37
1200.1,246.38
1196.3,121
1221,1196.4
1198.6,1241.2
1199.9,402.09
1213,477.71
1209.8,391.84
1209.8,975.28
1204.3,10.965
1204.8,560.88
1219.9,79.818
1209.5,409.5
1218.2,1128.2
1212.9,521.97
1216.4,1226.9
1213.6,847.39
1213,459.46
1216.4,541.12
1214.4,3.4
1228.5,581.21
1221.2,898.21
1220.5,869.76
1226.2,57.302
1219,155
1219.3,724.4
1221.5,1181.5
1231.9,622.19
1238.8,521.13
1225,713
1228.9,949.05
1229.1,773.06
1229.4,854.43
1237.2,1013.5
1231.2,841.8
1234.7,742.62
1232.9,1041
1237.7,10.519
1235,90.611
1238.2,1066.2
1235.6,37.594
1234.5,412
1234.9,708.9
1242.7,76.357
1242.3,603.04
1239.2,1031.8
1244.1,108.56
1242.9,664.69
1244.7,496.41
1244.7,442.83
1242.6,794.6
1244.9,637.17
1246.2,43.609
1244.6,411.41
1246.9,771.07
