7.608,20.892
2.6444,40.067
6.733,61.426
15.476,307.61
3.87,500.45
6.3066,648.9
6.5963,737.13
2.2381,781.24
2,891
13.082,210.68
8.1775,819.7
12.612,373.44
66.038,704.59
38.387,152.51
30.679,792.18
29.423,617.01
38.08,493.55
30.676,718.59
32.136,817.59
54.944,913.04
35.7,108.68
40.131,569.06
37.852,759.02
37.938,886.31
37.229,896.91
57.158,731.4
69.644,837.68
42.917,468.69
50.808,936.68
41.129,352.65
47.173,612.91
47.52,632.4
44.5,881.5
55.401,398.82
47.846,894.92
49.388,785.9
55.123,318.67
49.422,24.956
48.75,366.25
49,39.5
63.681,222.07
50,657
55.058,1171
57.614,664.39
53.817,1245.1
53.423,537.15
53,356
53,371
58.99,1236.4
61.328,508.79
58,476.39
58.34,609.42
58.365,118.46
60.138,354.29
59.913,7.4783
59,344
61.875,105.62
71.13,332.74
71.45,595.01
69.405,791.02
75.44,955.71
78.064,646.76
66.4,892.4
82.114,290.17
72.182,1220.1
72.798,76.236
70.5,169.5
71.5,411.36
72.961,1141.6
77.924,364.32
76.467,681.31
80.343,8.3217
80.648,1199.9
81.091,466.91
89.738,309.42
84.186,600.05
83.045,794.09
91.442,676.05
101.63,171.2
85.588,352.94
89.131,370.56
88,977
95.5,1119.4
90.227,1191.1
91.13,791.17
103.76,525.96
94.115,146.35
119.47,958.2
100.5,411.98
118.71,897.38
98.564,1091.2
112.73,341.15
105.68,6.7864
99.5,529.61
103.53,842.45
105.89,1243.7
102.7,914.3
106.64,750.81
105.3,1020.2
117.49,1036.1
105.64,290.5
106,586
106.6,645.6
108.77,679.35
109.97,67.029
112.68,308.68
110.36,248.68
110,641
116.44,1225
115.14,419.57
116.63,786.34
115.04,121.12
114.33,328
128.72,1088.4
120.19,989.66
117.32,443.81
125.84,874.11
120.5,63.68
123,673.6
155.5,846.51
125.33,614.63
118.51,769.86
141.11,1182.3
139.77,717.71
122.12,856.62
126,461.5
127.2,188.6
126.89,1246.6
127,69
129.56,779.22
130.4,340.96
131,490
134,738.25
132,759.75
161.04,40.49
147.34,205.2
159.17,581.12
136.17,1236.7
137.87,284.22
140.16,495.76
136.34,675.89
151.93,478.1
152.1,764.82
144.33,974.83
140.86,783.82
166.1,143.27
140.5,597
140.43,1155.4
146.52,462
149.6,361.19
146.65,536.49
148.01,395.22
145.19,418.31
146.91,1013.8
145.19,512.51
190.15,705.54
146.94,224.59
156.19,431.97
264.27,809.17
151.49,1135.3
150.5,1194.5
157.68,1206.5
154,553
159.61,618.29
167.76,1120.1
156.74,270.28
159,246.41
158.49,983.47
158.5,371.1
162.52,541.91
159.53,455.15
164.19,192.94
169.13,749.74
161.23,1039.2
167.53,1076.8
165.26,173.3
165.78,1215.2
166.59,641.57
167.87,266.7
167.1,351.14
169.17,418.99
171.57,512.19
184.36,985
169.05,453.34
168.33,653.17
171.2,1142.4
173.5,1211
181.38,440.95
175.75,531
174,580
188.58,198.27
177.41,935.12
186.21,298.07
194.42,915.89
179.81,336.58
198.81,1044.3
207.96,521.6
182.95,949.09
187.35,768.99
197.97,262.72
194.76,580.84
190.91,858.71
188,1025
244.14,1185.6
194.02,112.29
194.59,892.13
198,762.52
202.61,411.42
198.6,316.6
197,513
201.14,122.32
215.47,854.84
213.03,1158.2
205.29,641.69
212.16,480.19
205.17,1083.7
206.69,626.33
214.16,933.2
210.4,1100.4
214.55,355.13
215.41,972.73
212.74,1085.2
223.42,207.68
214.4,582.6
246.87,71.43
217.33,365.87
217.33,374.33
218.5,950
227.64,1114.4
219.5,1143
222.11,912.56
224.53,996.42
228.91,313.73
223.73,370.77
225.05,748.05
226.35,1005.4
230.93,142.18
227.78,1018.4
235.04,920.92
231.23,1042.3
229,1220.9
231.58,4.8939
230.76,537.02
230.88,965.38
234.48,709.29
231.21,1146.8
231.6,280.6
241.65,395.78
248.4,672.14
234.17,751
234.71,997.65
233,1136
234,716
240.99,1010.6
237.71,1058.5
247.29,544.72
271.27,235.55
238,511
243.21,1034.1
293.72,510.56
241,661.32
242.56,951.91
243.6,442.4
243.5,509
245.11,1246.6
245.58,1087.1
247.87,1102.3
247.64,585.79
257.96,351.65
255.95,602.58
248,1125
253.74,62.487
251,49
251,325
257.85,171.47
252,304
254.11,950
279.16,1007.5
252.64,1079.5
253.65,317.4
256.75,1115.5
254.41,922.94
263.42,863.43
259.99,964.18
256.57,1005.4
267.42,712.73
263.61,995.24
297.36,602.94
258,1024.5
261.38,30.113
266.77,1077.9
262.41,77.069
261.5,577.5
276.65,548
264.22,1216.4
276.23,921.28
276.75,1103
265.91,1125.1
287.42,371.87
273.09,856.09
277.1,129.37
282.61,1233.3
283.26,1048.4
279.83,117.42
278.97,427.37
286.45,37.691
282.5,10.5
283.32,802.36
285.13,1068.1
284.58,745.11
285,445
286.79,759.44
288.56,257.23
289.13,71.605
329.33,674.18
295.06,1075.2
312.65,111.48
300.05,1195.9
327.06,459.55
340.76,1086.2
306.43,988.66
304.1,1019.2
306.75,1168.7
332.74,843.74
320.87,935.76
309.6,948.4
317.7,213.91
310.5,1247.5
335.98,44.575
314.36,1054.6
312.09,1215
318.04,309.66
322.34,638.72
313.81,1240
327.24,1144.5
328.37,259.95
325.62,816.42
336.57,986.82
321.4,1200.6
325.89,897.31
327.82,1229.4
331.81,7.4074
327,135
327.68,220.92
329.42,213.89
331.73,137.93
339.26,183.35
350.76,504.43
335.2,691.19
337.58,903.73
334,811.5
337.32,405.89
349.44,82.663
340.91,135.09
339.96,231.07
384.66,1195.1
346.1,922.56
351.6,622.86
347.68,874.64
341.79,799.62
357.32,578.02
342,1030
343,1140.5
342.42,1154.1
360.59,706.89
345.62,738.12
347.88,1021.6
348.74,732.32
348,560
348,607
348.5,1128.5
351.4,316.4
357.05,745.4
359.71,797.36
363.05,942.45
357.45,1006.7
356.52,912.1
357.93,954.25
357.42,154.89
365.08,1147.4
358.5,190
365.59,878.48
360.17,1031.5
363.66,228.26
362.7,931.35
362.77,1184.8
364.29,243
390.85,489.88
364.42,976.89
367.66,648.71
365.94,1050.4
407.77,929.94
368,123
378.2,983.43
372.35,34.623
371.68,764.45
373.24,243.03
394.4,713.38
374.24,1061.3
373.5,124.5
374,527
373,823
377.97,208.85
374,226
377.03,21.429
383.54,426.52
387.8,639.19
376.1,1024.6
379.29,71.587
383.05,959.51
377,1247.2
381.09,188.21
379.02,588.41
378.42,816.89
378.5,830.5
381.44,1003.1
379.86,672.14
393.43,1093.2
388.47,682.71
383,879.5
395.22,802.74
387.21,1246.7
395.24,353.61
389.57,209.57
391.24,847.9
400.94,980.38
400.46,1007.5
392.31,688.38
395.69,5.17
399.87,121.2
450.28,713.4
411.32,66.665
402.38,275.35
402.92,1243.1
405.04,676.69
404,1184
406.5,37
407.62,838.88
416.56,863.37
409.62,20.375
409.32,885.74
410.5,108.5
410.9,277.95
410.42,347.89
447.93,1175.5
416.97,608.77
419.61,1137.5
416.17,99.087
415.15,820.58
417.61,983.57
420.05,1001.1
417.93,1159.2
451.34,309.43
421.43,191.57
431.87,438.69
431.81,894.79
423.29,681.71
423.5,776
428.04,590.57
556.74,837.7
430.64,18.318
433.65,991.12
435.5,1089.5
435.5,643
438.38,964.25
439.58,20.231
449.25,1243.1
441.86,73.244
440.08,234.6
439.5,927
443.85,1046.9
454.91,4.1176
452.09,592.23
444.32,942.32
449.86,973.31
449.65,405.28
445,1029.1
446.82,1106.5
445.5,1146
447.4,930.83
450.65,381.56
454.94,452.69
449.45,1095.1
453.33,1208.3
453.47,541.38
476.7,1016.7
454.94,65.429
452.5,179.5
452.5,243.5
454.95,512.83
458.68,923.77
454.18,1069.8
456.83,632.22
457.43,572.04
457.11,910.04
461.83,946.25
466.9,757.59
458.38,38.794
458,75.5
469.78,863.36
460,340.33
461.02,1120.9
464.91,236.66
465.07,1196.2
465.21,375.41
462,1053
467.7,845.14
465.93,1235.8
466.98,75.259
477.7,648.77
486.63,408.08
474.43,1136.8
469.38,897.12
473.13,26.209
477.88,1056.1
476.05,341.75
478.58,533.08
481.95,564.6
478.2,606.39
475.09,351.05
475.74,888.88
480.76,944.51
480.52,122.36
475.93,224.04
480.31,264.2
492.62,1236.8
484.41,70.824
481,463
483.79,91.523
484,230
491.42,475.74
486.88,4.9808
486.2,337.44
488.48,494.36
499.28,736.87
522.49,295.54
489.47,777.45
488.71,921.57
492.36,29.098
498.53,197.1
491.86,40.857
494.57,533.95
496.93,985.4
501.18,874.85
524.3,1121.5
502.78,673.48
497.58,917.89
501.51,1013.5
500.13,35.467
504.99,507.47
506.37,8.6486
501.5,1037
508.11,1195.7
503.17,890.66
511.22,848.19
508.15,1219.1
505.23,50.535
519.77,578.15
508.41,252.14
508.59,344.73
519.75,648.34
509.71,472.29
510.55,991.1
509.94,1062.6
510.43,1095.3
513.7,112.54
513.5,60.5
513.42,453.11
514.52,1108.9
520.34,1207.3
516.25,1219.2
521.84,163.68
519.45,68.273
519.4,264.6
520.5,49
520,142.5
520.94,1064.4
523.28,202.89
522,147
523.79,156.84
522.93,666.48
536.32,525.91
524.5,991
524.5,557
529.82,141.61
541.31,632.33
530.86,876.12
532,1051.6
530.33,338.83
541.74,674.42
541.82,1201.2
532.42,72.154
534.28,165.69
533.72,691.18
532.62,345.81
532.64,1128.7
540.58,5.4545
540.85,969.12
537.74,1240.9
538.29,237.97
544.05,706.64
544.13,362.75
541.55,173.26
541.83,444.96
540.42,791.89
541,1047
545.5,606
544.65,657.73
544.91,162.09
550.34,767.89
548.17,64.333
547.33,664.17
547.43,691.39
589.55,554.33
556.74,1240.8
576.51,223.26
556.12,1062.3
577.54,607.02
557.65,977.42
571.69,590.87
558.88,811.35
563.57,1017.4
560.5,169.5
565.19,268.12
566.59,436.22
565.02,484.41
568.37,403.69
562,524
570.37,1181.6
564.03,89.069
565,661
578.03,304.39
571.72,176.84
566.97,1101.2
573.55,473.37
570.12,988.78
569,416
573.77,1197.5
582.36,1039.7
576.35,1072.6
580.23,1242.5
577.92,1152.3
578.02,1090.4
574.5,526.5
574.4,726.4
590.9,933.48
587.6,260.01
575.73,1100.7
603.13,1113.5
584.96,450.85
582.68,149.09
592.52,337.99
583.52,1192.9
606.25,1186.3
583.58,9.8947
593.5,383.3
585,1082
595.48,92.37
588.17,575.58
587,745
587.44,1090.1
588.93,466.07
591.33,1099.8
593.85,430.95
594,43.5
595.5,421.5
598.29,451.78
602.36,804.73
598.25,28.083
597.93,406.83
604.65,648.82
629.62,738.79
597.58,588.89
609.9,968.7
601,416.5
615.53,246.98
618.69,585.52
612.26,951.8
642.06,37.564
625.58,141.49
609.75,1220.1
614.14,358.62
616.99,1027.5
613.5,930
616,1219
641.91,1151.6
617.42,1245.8
617.41,392.94
622.36,894.14
635.52,980.51
622.84,1052.1
630.03,231.34
624.71,355.29
623,401.5
626,913.1
630.47,167.46
642.12,189.82
631.11,625.13
646.92,1213.2
633.22,459.13
633.58,345.11
636.67,665.35
654.32,1070.5
639.2,290.96
653.22,476.98
635.09,1111.5
635.23,1233.8
641.58,371.39
644.72,100.95
637.79,579.4
636,1056
638.63,1024.9
641.09,651.19
639.95,1041.9
642.65,904.88
641.56,1055.7
644.74,618.04
642.66,705.33
644.09,593.09
652.73,864.07
647.26,1024.5
646.92,273.46
649.46,147.52
646.8,632.2
647.6,989.6
650.98,53.403
655.22,599.66
650.05,1106
649.5,1164
673.44,615.89
653.56,295.59
652.59,821.94
660.81,992.38
672.19,157.92
678.48,52.058
660.91,315.74
662.57,837.29
662.5,971.86
663.92,644.44
664.2,915.8
689.45,1230.8
666,433.09
664,177.5
665.06,283.41
667.19,874.87
667.94,534.59
670.93,98.214
668.33,662.17
674.81,824.53
669.3,904.67
676.13,967.71
672.89,333.16
669.5,894
669.33,1202
674.2,548.8
672.09,1074.9
694.36,233.81
672,353
675.8,1199.8
677.6,407.4
693.15,887.32
679.71,945.5
677.96,1110.6
678.4,299.4
681.25,425.45
690.95,1192.9
680.26,1134.1
681.41,190.93
682.41,308.61
683.54,1103.4
682.43,401.57
689.56,1075.3
689.42,672.35
683.6,1115.4
684.4,352.6
684,957
685,484
690.93,616.47
693.5,922.75
697.33,290.86
688.83,527.81
687.09,985.05
687.4,457.4
687.4,1150.6
692.06,566.01
747.78,642.56
709.05,164.61
738.84,464.27
692,827
698.12,1038.9
692,719.5
696.47,1151
694.41,578.06
707.93,71.86
696,628
700.49,715.62
699,622.5
698.5,1114
699,838.5
702.33,594.78
710.91,1069.2
702.83,360.87
705.46,660.51
709.41,1184.6
759.52,535
706.5,623.5
706,1131.3
706.94,265.29
708.24,304.7
711.44,786.37
715.25,228.02
712.31,115.05
726.86,847.28
709.4,1106.4
710.5,145
710.33,193
726.43,951.31
715,193
723.97,422.18
721.42,910.37
718.59,1098.9
738.62,1170
721.59,1007.5
730.46,94.354
729.42,252.52
727.96,216.5
727.94,997.36
729.3,815.13
748.11,1069.9
732.74,1049
736.33,930.28
732.06,551.09
733.14,896.43
734.75,774.25
737,1.5
735,226.5
738.84,1024.6
734.76,1246.2
735,126
735,999
737,343.5
758.48,794.17
737.4,763.4
748.29,183
741.87,742.04
740.4,904.4
752.84,1244.3
751.54,397.07
736.97,696.21
757.89,912.75
747.23,1213.7
746.9,3.7143
750.48,242.06
748.63,1036.1
765.3,125.4
765.8,351.17
750.28,731.41
770.07,1014.4
753.65,819.87
750.83,416.6
750.25,900
752.38,580.48
757.25,323.99
757.66,703.72
765.76,876.02
756.08,959.67
755.96,1225.6
762.19,1187
760.85,513.58
765.94,966.91
766,585
766,833
776.26,933.77
773.69,244.31
796.05,336.82
773.28,716.71
782,1223.3
787.7,665.51
772.78,1243.1
781.84,18.256
777.18,193.33
773.42,885.7
782.22,742.8
774.12,953
773,1207
778.61,695.11
778.12,775.65
782.25,232.38
782.12,1164
781,768.5
784.78,687.67
783.91,206.09
797.32,104.45
784,721
788.02,642.02
787.98,856.74
795.07,494.42
786,835
788.98,89.431
795.56,53.905
804.37,1128.5
790.14,72.143
792.92,260.19
798.38,780.11
798.34,921.86
791.23,1152.2
792.5,120.5
791.33,902.17
793.71,1000.2
798.74,1186
796.93,35.716
796,636
801.92,1215.1
806.13,706.62
800.29,796.71
805.76,162.95
802.52,196.48
809.83,16.285
849.56,549.14
811.9,230.85
812.43,978.62
808.14,674
807,826
810.5,758
852.35,187.35
815.14,529.14
821.98,677.25
815.93,1164.6
833.03,872.77
817,256
820,1213
818,599
824.77,802.08
822.44,22.976
820.8,741.36
823.63,945.13
860.22,379.55
823.51,12.226
829.5,913.23
826.71,255.51
846.63,317.35
826.65,152.2
827.52,470.44
828.43,770.86
824.5,1021
830.07,1145.7
829.77,356.63
837.78,120.31
832.6,929.6
838,3.2909
835.14,217.86
835.38,755.91
850.45,643.79
846.96,691.81
840.16,959.19
837,810.5
838.42,1196.1
839,1045.5
840.05,1103.5
851.59,268.64
851.35,839.77
844.05,479.1
843.5,985
853.94,1206.4
859.03,713.04
851.56,67.361
859.95,811.55
854.33,439.95
906.63,735.08
855,340.14
854.91,423.23
858.64,17.383
857.86,928
868.46,940.14
858.96,1064.3
871.73,879.35
871.39,467.93
859,791
860,1018
860.75,862.25
861,65.5
865.09,280.45
875.68,1185.7
865.5,830
927.48,1060.2
889.54,1026.1
872,1126.5
880.26,132.42
874.64,609.63
873,284.5
885.23,10.081
884.86,302.82
874,327
877.69,382.23
879.59,406.92
885.1,638.53
878.45,699.4
879.37,846
880.36,815.71
892.85,662.06
882,513.5
892.01,849.1
888.05,108.25
883.67,964.93
888.08,792.44
891.21,1042.8
889.92,200.67
896.01,781.39
895.5,438.5
899.99,979.57
906.42,1182.4
918.72,241.78
972.19,390.35
903.31,679.53
902.76,923.75
917.93,79.206
901.57,636.39
909.35,421.48
903.88,948.41
904,277.5
908.65,491.89
907.33,271
915.95,1012.5
908,218
920.05,288.9
908.5,511
908,1127
912.1,181.92
911.81,209.4
912.94,265.65
911,596
910.5,680
914.93,967.15
924,144.47
919.17,7.0917
915.8,575.77
916.81,1126.3
914.58,982.89
917.81,57.907
916.21,871.69
925.66,117.82
916,762
922.9,856.11
924.12,690.6
934.24,178.38
922.1,1179.8
921.61,169.64
922.33,564
923.22,37.667
1036.6,416
921,669
922.55,884.62
922.77,988.48
932.51,658.22
929.85,1103.4
941.51,610.9
970.14,1239.2
929.4,534.6
930,158
996.38,269.82
932.93,352.22
935,1177.1
935,410
937.66,792.71
938.44,403.7
943.26,1105.1
985.19,70.297
943.39,897.43
945.68,789.17
954.5,26.308
946.65,267.73
945.85,534.44
944.81,1179.6
947.81,979.24
950.73,387.95
950.06,69.471
952.52,39.716
952.09,5.7273
951.44,15.562
950.5,528.5
952.86,812
951.32,968.08
954.79,369.18
952.19,406.41
951.5,896.5
996.92,1079.2
959.89,452.46
954.47,1177.5
960.96,542.97
966.73,679.8
980.6,925.17
973.33,225.74
958.59,269.14
962.31,554.79
980.82,797.48
965.94,68.513
965.65,972
963.59,754.07
963,926.5
963.33,498
968.77,508.88
965.84,204.91
967.34,1034.8
966.6,162.6
971.38,890.25
967,517
968.39,1023
984.63,768.4
969.5,50
969.5,746
972.27,1016
971.5,1141.5
994.8,1181.8
1013.6,609.22
979.71,722.21
975,174.91
976.65,1115.7
976.5,168.5
984,500.33
995.74,504.43
982.92,1112.2
984.09,836.5
987.18,328.2
986.6,844.6
996.4,848.61
991,8.5
993.9,741.14
1009.5,154.94
995,223.5
999.5,206
1000.8,385.7
1001.8,396.35
1002.5,749.42
1020.9,930.52
1012.3,99.281
1011.2,463.39
1016.5,719.79
1027.1,522.53
1012,312
1015.4,688.27
1023.5,869.37
1016.8,298.74
1043.9,1195.1
1040.8,459.94
1015.5,957.67
1016,276.33
1016.5,496
1018.6,1147.2
1040.9,111.24
1082.1,972.54
1021.8,1230.5
1021.5,1121.5
1024.6,692.1
1026.7,448.21
1025.8,762.42
1025.5,833.5
1030.4,42.577
1095.1,103.11
1029.5,755
1035.6,302.25
1059.5,699.11
1091.1,1230.8
1038.3,197.24
1037,894.9
1039.7,35.615
1042.4,402.02
1042.1,389.67
1042,903.62
1042,432
1046.2,1155.8
1046.8,783.08
1062.6,945.05
1045,526
1055.2,58.814
1050.1,800.63
1057.3,368.65
1049.5,494.31
1048.5,764
1052.7,284.12
1050.4,1034.3
1050.5,1144.5
1056.9,522.2
1058,333.88
1052.6,1137.5
1055.9,651.28
1053.4,821.11
1064.8,1068.6
1059.5,1094.5
1056.6,1154.8
1057.3,316.29
1098.7,559.19
1059.6,814.29
1059,20.4
1058.3,232.08
1061.4,1122.4
1062.9,186.98
1061.5,920.5
1080.2,212.96
1065.8,1101.8
1064.1,1144.2
1075.8,309.14
1068.5,638.02
1065,341.5
1067,1134.5
1072.2,288.59
1072.3,1017.8
1082.2,1033.1
1072,1083
1075.8,180.73
1082.6,604.85
1080,1132.2
1081,363
1087.6,662.47
1086.7,1094
1087.6,146.45
1085,1016
1093.6,22.432
1087.3,132.57
1096.9,289.28
1089,705.32
1094.1,633.17
1099.1,1120.4
1092,985.5
1099.8,243.63
1094,547.67
1095.1,644.03
1096.6,469.5
1098,1172.9
1110.9,159.53
1098,722.33
1099.4,1004.1
1101.6,499.51
1101.9,144.98
1101.8,1043.8
1102.9,1156.3
1105.5,991.06
1105.6,906.5
1110.6,631.04
1107.7,733.22
1110.8,268.88
1125.6,1245
1131.6,220.38
1117.9,443.06
1114.7,548.21
1116.1,593.64
1128.3,1025.5
1126.6,1061
1119,178
1132.7,1147
1123.5,1196.1
1126.8,317.1
1134.5,369.39
1129.9,704.5
1123,1093.9
1124,1101
1133.3,262.85
1127.3,671.83
1127.4,917.68
1133.9,1079.6
1130,97
1133.7,628.07
1134,283.57
1143.8,99.241
1137.6,878.4
1135.5,158.5
1136,189.05
1142.5,663.97
1138.2,82.265
1141.6,640.23
1173.7,920.63
1141.7,984.23
1149.5,1180.1
1147.9,145.87
1181.1,1193.9
1145.8,1005.9
1172.1,1116.5
1147.8,174.33
1152.4,603.08
1148.7,73.806
1147.5,256
1147,978.5
1171.7,188.42
1194.3,219.39
1151.6,274.34
1155.5,687.83
1151,240.5
1156.9,396.69
1181.5,519.96
1152.7,562.17
1152.8,637.77
1158.5,110.47
1155.6,217.68
1153,480
1158.5,64.633
1156.5,1005.5
1162.7,570.05
1160,667.5
1161,20
1173.8,641.47
1164,25
1164.5,336.5
1165.9,1043.3
1165.4,345.94
1165.5,1146.5
1169.3,127.51
1168,1057
1174.5,688.29
1169,1067
1171,1036
1174.6,61.784
1178,985.2
1175.5,45.889
1174.4,1246.6
1210.7,117.51
1175.4,1018.9
1186.3,1220.1
1180.7,12.2
1187.4,432.11
1182,123
1188.3,52.682
1185.3,666.67
1186.6,18.609
1203.9,30.738
1187.7,1071.8
1205.9,644.56
1194,84.5
1195,654.5
1199.8,1047.3
1196,1193
1212.5,670.72
1198.4,686.12
1216.3,1007.7
1200.9,3.3077
1204.9,552.09
1204.3,577.48
1208.8,843
1208.9,1139.4
1213.6,398.03
1213.3,1112.3
1220,1234.3
1223.5,140.14
1226.2,880.42
1210.5,1194.5
1212,446
1214.5,243.5
1215.5,545
1223.7,829.19
1218,447.5
1223.6,955.14
1220.8,1034.6
1221.4,1198.1
1230.9,244.59
1224.7,38.206
1223.9,388.58
1229.4,285.19
1237.5,633
1228.5,205
1230.3,348.83
1233.9,1165
1229.8,1192.5
1237.3,11.502
1234,378.08
1240.1,419.34
1231,504.5
1233.1,469.12
1233.1,1137.7
1234.5,334.35
1235.1,206.09
1243,114.54
1243.5,305.08
1237.5,837.5
1244.3,723.73
1238.6,846
1238.5,1102.5
1244.1,154.62
1241.7,497.03
1239.6,1208
1242.5,49.13
1243.9,770.87
1244.6,954.09
1245.1,908.01
1245.8,35.884
1245.1,683.83
1245.9,1075.7
1246.8,457
1246.9,1036.4
1247.5,332.5
1247.5,339.5
1247.5,736
