41.868,688.36
51.757,518.86
83.283,228.88
101.75,458.86
104.86,397.5
110.98,362.43
113.5,1030.5
117.64,1112
135.39,413.68
142.28,446.79
149.91,866.09
150.83,1224.9
157.1,293.91
206.27,825.45
208.29,348.29
210.5,1004.6
218.74,722.86
221.98,747.55
251.04,832.85
249.91,787.91
255.49,524.6
274.41,1083.3
274.58,321.42
278.31,1106.9
285.69,948.09
297.42,818.49
307.48,1116.9
304.17,1001
317.88,707.88
330.18,454.6
349.08,717.44
369.16,491.65
372.76,538
373,1077.5
386.93,374.59
412.68,199.58
414,1023
422.39,1032.9
432.44,503.92
440.97,210.13
443.77,836.86
445.59,67.111
443.79,1172.5
452.6,492.55
451.59,222.07
450.4,977.4
458.42,848.36
464.28,225.22
470.68,486.22
473.35,1096
485.21,24.231
482.5,1084.5
487.34,502.92
489.14,919
491.5,868.76
494.37,1037.9
494.13,566.77
513.71,4.5094
517.08,16.275
520,257.38
545.23,34.769
547.42,286.11
555.62,862.66
562.42,1020.4
573.52,962.87
582.58,598.55
583,825
584.54,54.8
587.46,1240.9
593.99,96.654
592.22,251.44
599.5,687
610.55,71.901
614.39,305.04
616.96,420.88
629.65,164.66
635.32,279.4
646.4,774.67
646.05,549.91
657.71,286.55
670.92,563.92
679.5,754.92
686.15,885.35
690.14,155.88
690.44,871.19
689.71,918.57
703.43,528.39
703.5,930
713.89,89.772
705.42,791.89
713.6,718.6
731.43,798.18
733.85,782.54
740.53,70.655
744.5,790
750.42,925.42
762.99,959.43
763.35,765.88
767,180
774.94,251.09
778.26,750.69
779.39,220.16
782.83,392
785.95,723.08
840.48,1199.5
826.67,928
831.23,1125.5
833.8,787.33
835.93,797.59
842.42,1245.5
850.45,1069.1
850.29,66.571
860.85,1210.9
857.07,1133.2
863.86,403.96
864.02,1245.5
865,1167
887.11,734.54
889.5,1114.5
894.5,1246.8
899.04,321.96
907.5,201
910.19,847.88
911.75,433
916.93,1161.7
928.9,85.38
931.59,903.93
934.27,728.63
944.92,682.6
946.46,15.063
959.08,254.08
965.68,769
964.86,170.5
979.54,794.77
982.05,865.54
988,898.77
1004.6,508.25
1004.6,24.5
1005.9,142.2
1017.1,356.73
1016.9,1010.1
1039.9,87.909
1043.6,59
1057.6,102.91
1059.9,138.56
1065.5,216.06
1066.1,611.41
1073.2,59.451
1080.6,486.85
1078.9,635.14
1087.3,1129.6
1093.5,1062.7
1102,63.244
1109.2,114.14
1112,638
1117.5,509.6
1117,961
1156.1,871.12
1163.3,197.72
1168.5,838
1171.5,469.5
1206.3,697
1223.7,1144
1226.4,1032.5
1229.9,805.09
1236,60.583
1239.6,904.5
