24.32,117.21
1.8571,149.62
2.0194,178.91
3.7107,252.54
3.7544,1083.5
6.5683,1132.4
11.817,1179.7
15.458,863.16
10.339,700.1
6.5,1062.5
11.938,817.06
25.359,317.8
23.552,788.03
32.081,665.36
64.114,481.41
66.421,1235.1
78.529,233.12
78.726,486.27
73.062,455.92
75.621,1275.4
83.75,1293
94.533,1324.7
97.424,1247
107.33,1282.6
117.69,1311.4
137.25,1187.2
115.43,238.43
121.5,89
133.75,257.23
134.59,130.78
131.9,1109.3
145.96,87.609
133.46,289.77
134.76,1125.6
175.81,1268.7
139.86,1027.5
142,757
143,751
144.37,997.13
152.46,1118.7
149.75,142.75
183.53,820.22
159.32,434.05
167.1,31.769
170.64,528.91
173.45,292.78
194.84,769.18
191.42,533.47
192.9,805.68
209.53,496.53
204.54,212.66
230.59,401.35
238.19,161.26
208.23,1179.6
216.14,803.66
208.76,1164.7
212.87,418.12
216.25,656.22
214.66,785.73
224.81,765.33
255.93,107.75
227.79,619
236.41,1156.8
227.29,534.29
230.89,738.32
239.63,540.21
249.2,361.55
245.26,444.28
245.65,767.84
246.4,976.4
250.63,332.28
251.71,939.71
271.25,1090.3
261.24,850.35
258.03,813.17
257.5,1157
265.04,797.59
271.87,680.15
280.29,802.7
282.13,1005.2
293.5,7.8717
292.21,558.41
293.47,887.11
296.26,905.37
302.12,1317.1
298.9,1236.3
298.66,119.22
296.46,157.46
297,696
298.17,142
314.44,789.23
300.5,819
304.98,425.98
305.76,645.31
305.91,183
308.89,1087.8
313,200.9
315.06,691.97
319.53,714.57
325.6,885.63
321.88,1189
319.89,1215.7
326.06,1256.4
332.26,18.309
327.18,761.23
337.53,858.96
327.44,1162.5
327,349
329,781
340.28,1054.3
335.41,136.45
367.3,596.19
345.28,619.02
349.16,1321.2
347.18,879.34
368.63,277.66
355.36,936.53
368.59,855.67
425.39,884.81
366.68,1180.6
374.48,999.42
433.67,216.13
383.13,260.15
389.37,1102.7
438.91,758.36
388.92,1048.9
397,783.79
400.52,860.85
407.03,1173.2
419.01,584.57
414.94,839.55
414.18,787.57
417.67,615.17
443.87,622.3
433.52,956.49
465.67,424.97
448.83,225.67
456.12,343.73
468.85,713.4
458.52,313.12
479.46,620.95
487.17,641.52
524.36,611.73
487.6,209.52
486.98,363.18
503.16,758.93
486.37,290.37
485.93,298.41
493,260.88
528.21,671.81
527.09,336.25
503.58,706.23
510.77,399.64
510.67,637.56
515.7,435
516.97,504.67
559.08,100.45
518.8,242.44
521.28,472.8
553.69,757.39
534.25,406.59
539.32,789.5
540,433
550.58,443.11
589.61,223.38
563.43,6.3934
567.72,775.11
565.81,448.49
566,502
567.5,496.5
639.18,626.37
579.92,727
596.03,744.53
598.32,641.36
605.8,733.12
604.5,637.5
637.64,830.73
743.53,395.44
650.34,328.1
647.76,618.42
669.14,450.59
660.26,802.38
682.35,431.35
706.84,346.86
697.87,860.53
683.84,399.61
684.2,412.7
691.92,654.53
715.66,529.96
720.57,677.16
728.73,574.83
731.75,552.18
730.25,644.29
743.1,680.04
746.85,620.01
764.39,101.14
769.36,716.3
756.45,796.89
763.05,624.36
776.83,662.24
765.08,1218.5
770.83,1324.1
772.38,545.84
787.7,878.19
814.04,1109.2
798.08,1305.3
822.34,788.99
796.86,969.83
798.32,1250.9
807.24,913.42
798.29,1269.5
863.62,589.86
806.96,635.58
811.21,741.86
823.57,488.39
822.37,255.2
838.01,462.21
836.29,1016.3
836.64,947.45
848.34,862.74
846.09,1330.7
859.95,1185.9
850.41,1120.3
873.53,786.87
857.7,1129.8
861.29,722.48
863,677.61
882.08,1148
882.58,1080.9
896.17,511.51
888.88,1093.4
891.39,701.21
893.99,475.04
892.84,1005.8
905.94,455.96
901.58,842.56
906.12,634.65
914.67,988.13
916.49,1282.5
912.59,796.42
951.8,365.72
925.15,1030.6
939.53,1066.2
940.46,615.37
970.25,794.84
960.86,1193
961.15,986.28
946,1090.5
950.86,1118.9
962.47,1250
963.76,902.28
984.31,676.4
979.9,895.27
985.4,1330.6
984.87,918.97
1022.4,787.21
1006.5,1204
1010,1081.8
1026.5,934.98
1026.7,1114.2
1028.2,1224.3
1030.5,983.82
1035.8,181.7
1044.3,84.553
1040.9,734.84
1039.4,851.03
1040.8,1251.1
1042.6,819.87
1044.3,1330.8
1053.3,939.52
1070.3,807.68
1051.5,1062.5
1068.8,1111.2
1069.2,1134.9
1072.7,846.83
1071.5,898.92
1074.4,750.66
1094.2,727.06
1084,1022
1095.8,1102.8
1093.9,910.72
1094.2,949.88
1099.7,918
1107.8,1162
1119.3,808.13
1120.4,1129.6
1114.2,919.52
1113.4,1071.1
1123.1,1100.2
1128.6,915.32
1138.2,695.57
1147.2,1059.3
1143.5,889.64
1149.8,761.12
1207.8,807.44
1185.5,31.051
1181.1,124.57
1182.5,696
1196.8,140.91
1193.4,826.94
1215.6,145.41
1228.2,318.13
1234,1100
1242.3,84.464
1250,458.98
1249.5,5.6349
1249.4,139.22
1252.7,37.607
1259.5,363.07
1256.3,1097.5
1262.1,341.37
1264.1,644.01
1278.7,604.26
1280.5,1080.5
1280.4,366.99
1286.6,589.86
1294.7,99.66
1298.9,674.74
1296.6,751.95
1312.2,1084.9
1326.4,522.93
