4.9106,410.54
2.6406,762.25
5.541,1192.2
7.4848,15.556
7.2903,535.29
17.605,276.86
16.585,217.63
26.516,399.96
32.19,1107
32,166
39.202,876.2
44.973,124.6
50.906,315.81
52.351,413.18
62.38,274.64
68.573,633.34
77.182,408.87
81.673,454.62
90.448,623.26
93.338,874.5
89.174,1135
93,848
108.37,748.38
106.62,35.56
107.75,534.61
120.26,251.76
122.38,27.662
123.54,103.24
120.92,301.08
127.09,325.12
137.58,678.92
131,1131.7
133.5,129.5
140.5,70.18
141.54,738.46
148.25,816.55
146.4,886.36
154.19,659.34
155.34,1180.5
166.48,184.62
171.69,653.7
173.28,497.45
173.14,955.14
188.29,397.81
190.54,703.9
188.82,660.87
187.09,1211.1
195,888
199.26,43.198
200.91,164.61
202.05,653.02
204.26,286.23
206.66,722.33
209.5,621.41
213.43,326.94
229.15,484.04
235.61,89.863
237.43,688.04
234.86,632.5
247.32,745.85
247.26,98.686
249.42,1211.5
253.59,930.89
258.13,235.1
260.67,1189.4
278,7.094
276.09,844.54
287.85,827.41
290.91,1155.3
289,881.5
296.29,767.18
293.45,1067.7
304.82,134.08
309,166
313,1036.3
315.91,859.91
325.43,792.09
323.58,1045.6
333.46,1051.3
338.62,1162.7
339.42,585.81
344.88,450.94
347.86,301.41
344.81,832.93
348.5,100.5
347.22,510.62
357.78,373.31
357.86,560.91
363.29,939.71
379.4,338.67
383.76,908.41
385.63,14.933
384.72,1188.5
389.55,217.97
393.72,423.61
395,1068.8
396.71,672.71
404.5,172.81
407.35,211.74
422.7,324.74
426.85,459.65
431.59,141.93
435.48,1033.8
436.58,239.55
442.13,202.09
443.1,18.371
445.24,677.99
446.63,346.84
470.02,1034.7
475.84,194.57
482.75,516.12
483.37,374.88
489.5,320.98
487.61,1154.6
496.47,908.11
502.61,1058.8
503.5,816.5
508.26,177.55
516.35,117.11
518.66,602.19
522.88,987.36
529.93,1076
537.8,231.9
534.74,453.47
541.49,1020.5
542.48,381.2
557.29,235.37
556.48,395.22
559.06,928.91
562.24,1186.3
569.02,856.93
569.49,1219.9
570.33,1246.2
571.68,838.98
573.11,927.63
580.44,1227.9
590.5,4.8
597.94,727.6
600.3,817.75
599,377.5
604.29,1022.3
603.88,1186.9
608.37,1114.6
608.06,363.03
614.81,455.43
613.98,759.95
616.42,930.19
615.56,803.54
617.77,88.787
620.21,286.57
631.93,916.37
641,848.68
645.54,220.21
641.5,258.5
651.83,415.99
654.09,919.43
657.61,170.78
660.05,859.95
654,963.5
664.07,1050.6
665.5,455.71
665.5,1171
679.17,264.89
691.62,262.87
698.01,230.43
698.29,35.367
700.46,309.22
703.38,730.35
708.34,470.63
708.13,1013.9
711.93,119.09
714.78,481.56
719.69,1166.4
720.35,1100.1
730.77,543.85
734.25,600.12
737.29,508.07
742.24,812.88
746.9,590.62
748.62,117.4
750.66,1179.9
755.59,793.1
762.68,913.75
770.56,679.8
777.37,924.89
776.63,969.63
777.92,726.77
780.76,816
781,1128.5
790.91,810.08
797.78,113.2
795.3,218.62
815.56,531.93
812.44,609.41
814.35,579.5
820.43,782.57
825.79,1110.6
826.28,772.69
826.05,746.09
833.43,287.74
840.68,656.55
836,259.83
839.5,318
846.31,435.23
856.37,419.92
859.99,383.9
858.89,694.28
860.69,819.4
872.63,508.89
871.03,555.9
879.34,766.7
877.45,1023.5
879.35,132.83
879.98,290.22
889.66,615.61
896.98,561.94
898.78,454.58
907,676.93
914.94,239.38
922.41,9.0948
927.22,1014.1
930.5,977.5
931.24,208.4
937.06,100.47
943.06,781.91
947.58,449.58
948.88,726.35
952.72,1193.5
958.5,970
961.7,496.52
965.47,461.47
965.71,914.02
966.29,327.25
968.16,733.96
966.56,711.93
983.35,210.38
985.58,746.32
984.5,353.5
989.61,177.14
992.92,292.43
1007.7,427.88
1014.6,850.73
1025.9,649.02
1026,78.857
1033,331.85
1038.3,123.96
1045.6,113.65
1046.9,184.97
1053.4,866.8
1055,737.65
1061.2,620.22
1062.7,509.91
1064.6,373.76
1065.5,1081.8
1069.9,541.39
1072,920.09
1073.1,1237.1
1074.9,458.72
1075.4,1191.2
1077,491.16
1078.3,1140.7
1083.1,1225.4
1087.6,119.97
1093.7,544.19
1105.6,1204.6
1102.8,1245.9
1107.7,571.59
1105.2,654.74
1104.9,1161.1
1114,625.85
1117,469.85
1117.8,314.57
1131,762.44
1139,152.8
1134.9,1046
1137.3,1115.5
1143.4,857.05
1148,823.78
1153,844.08
1166.4,749.89
1170,910.21
1171.5,36.147
1173.1,1211.6
1171,466
1178.5,246.88
1177.3,155.5
1188.1,374.88
1185.2,798.47
1183.6,977.39
1211.6,701.89
1217.5,794.3
1218.7,560.89
1216.6,162.86
1218.2,823.49
1223.2,716.02
1222.6,969.55
1226.4,806.24
1227.5,753.99
1232,1124.1
1236.8,637.84
1240.9,741.37
1241.3,606.86
1240.4,344.07
1245.6,763.6
1246.8,885.76
