4.0704,5.0845
6.0413,196.2
1.5,220.5
67.391,310.54
4.2737,349.25
7.2701,383.71
3.6163,538.01
5.2786,718.22
1.8947,850
25.902,870.47
4.325,928.17
13.678,121.96
10,1162.2
11.217,447.22
11.05,697.12
12.417,428.04
13.6,1312.7
18.376,65.308
14.857,1017.9
16.038,94.462
18.414,224.59
41.348,533.46
90.592,182.38
25.623,345.38
25.091,549.05
95.504,734.52
44.152,22.551
49.778,453.49
31,208
38,2.25
61.091,86.493
42,636
49.388,660.97
44.852,617.89
64.534,891.6
58.014,991.84
91.858,579.33
58.274,605.36
58.974,160.63
58.945,1011.2
70.68,19.618
74.231,459.59
79.315,285.38
85.358,493.47
96.426,531.99
77,33
95.31,4.8613
92.252,863.45
88.761,313.16
116.16,1062.6
105.12,113.29
115.51,1169.7
110.13,613.31
108,665
112.97,688.35
110,876
121.26,892.31
123.78,967.98
115.72,492.45
147.14,830.45
149.14,875.9
133.13,375.41
131.72,9.7586
133.78,654.48
133.07,505.41
137.26,27.532
137.06,200.06
137.76,398.93
139.58,1181.8
190.68,1105
146.3,144.82
145.66,7.2203
154.76,1262.2
146.46,212.97
148.88,466.12
147.55,923.88
156.38,162.62
191.75,149.05
177.41,338.85
161.76,588.71
162.33,373.4
176.21,1301.8
157,385
160.2,955.3
188.81,797.98
174.66,3.401
176.55,425.47
176.8,281.6
183.44,63.444
298.59,38.383
187,57
194.53,696.51
199.19,602.93
193.5,379.5
202.72,530
215.86,1238.9
210.11,472.22
207.42,646.59
206.02,426.31
225.39,560.64
218.36,1318.6
221.95,743.87
216.29,821.87
227.12,422.21
258.97,693.93
252.77,324.9
234.13,830.35
232.84,377.86
236.59,481.39
270.54,818.55
235,240.5
238.37,249.84
267.33,434.51
236.6,845.6
274.54,1265.9
256.9,246.43
247.76,853.18
279.82,1128.7
249,502
258.85,466.12
271.17,665.6
265.58,499.22
258.02,920.41
258.3,173.57
262.12,35.219
269,53
295.04,590.56
280.4,277.43
283.72,355.1
283.51,374.02
292.25,757.95
285.25,253.3
282.47,472.28
288.55,38.636
288.4,647.6
294.5,345.5
296.9,501.16
295.5,883
301.53,655.35
296.4,554.4
320.16,366.86
311.44,512.53
312.04,233.03
326.37,978.07
330.73,156.75
343.38,1091.7
322.41,404.6
321.59,211.34
318.64,593.91
337.32,441.63
323.49,1232.1
329.65,707.88
419.97,332.23
326.91,283.48
332.13,772.06
330.26,663.93
333.91,572.28
337.13,514.16
338.12,227.24
355.61,197
352.32,222.93
358.55,572.57
355.7,763.17
360.33,657.4
354,177
371.92,172.35
365.01,1034.4
404,1158.7
407.95,634.31
395.68,877.51
379.1,1057.1
378.25,339.22
382.28,228.57
383.23,735.08
387.44,296.39
390.54,565.34
393.47,420.84
395.35,742.26
584.2,690.03
406.01,314.64
399.81,468.82
405.5,705.63
404.91,65.976
405.72,1006.9
413.2,241.39
414.14,153.07
405.5,421.5
429.77,25.274
407.56,106.05
408.33,127
424.98,279
420.85,1271.5
416.55,729.03
421.71,97.412
491.79,893.09
443.66,159.05
438.14,986.76
449.9,1015.1
449.02,71.417
440.86,658.86
460.1,392.4
450.18,1175.8
446.5,489.5
449.49,1046.1
453.69,673.69
463.97,612.68
471.73,1141.8
468.74,251.98
460.08,272.62
498.96,231.51
467.68,19.364
466.66,135.24
481.84,1227.3
481.28,457.64
475.82,765.51
482.1,85.362
481.33,488.05
479.16,633.3
481.65,155.42
483.26,370.9
487.86,769.77
488.56,416.04
523.09,523.93
516.82,152.12
495.91,36.955
538.37,578.73
512.3,756.4
516.76,792.85
511.78,413.78
540.94,379.31
534.52,1154.4
514.95,456.32
527.2,307
521.29,472.76
523.05,720.1
538.9,36.831
525.97,488.57
531.49,239.35
528.17,733.58
531.24,266.24
533.61,77.132
537.42,416.9
536.31,713.67
540.58,448.13
542.13,213.74
541.16,256.23
542.08,941.85
540.86,157.84
544.19,14.625
549.1,1264.9
548.29,985.16
558.87,501.27
559.29,330.5
559.13,944.34
562.62,1131.4
559,653
572.24,1270.3
571.19,126.1
562,658
565.91,401.27
573.92,1047.8
613.68,480.51
592.25,357.83
583.77,872.86
597.03,81.457
587.34,785.06
600.23,136.57
599.06,752.08
597,722
601.69,543.94
609.12,556.88
630.34,436.67
621.7,318.94
610.5,287
640.89,187.27
611.91,270.09
623.42,766.93
615.91,603.95
620.5,110
623.89,613.48
628.73,998.71
627.85,233.82
627.54,101.54
633.39,382.66
628.24,35.132
637.58,69.969
632.97,800.39
630,569.86
636.54,352.94
634.07,165.41
639.04,109.23
651.22,586.66
651.81,399.16
648.68,746.33
650.66,367.77
647.7,19.022
649.5,117
651.5,91.5
670.15,870.74
667.96,962.1
675.66,338.2
673.68,1017.2
673.09,266.34
679.43,553
677.84,506.25
688.92,214.32
698.31,304.83
701.92,486.9
703.51,957.54
698.86,195.86
702.69,316.63
709.54,375.7
706.98,608.73
708.87,418.05
716.66,795.27
746.56,292.17
720,236.69
720.7,818.57
721,137
721.89,953.58
723.87,216.5
729.07,540.32
737.8,680.46
735.62,790.44
736.05,841.17
739.76,45.284
737.46,758.62
741.21,171.61
747.73,89.631
746.72,138.97
746.73,2.7667
753.08,317.75
775.41,402.9
758.5,167
766.09,766.91
770.6,188.08
769.56,209.89
769.96,225.61
773.44,591.8
791.41,4.6667
782.22,217.56
786.65,197.75
786.06,136.44
787.19,285.59
789.8,306.06
794.06,1280.7
791.86,221.9
797.42,130.49
796.35,150.93
808.65,637.71
800.93,170.52
807.7,364.52
811.26,250.63
805.91,750.91
821.98,110.27
868.53,91.911
827.69,1030.6
857.65,803.9
830.01,1058
910.93,605.77
851.3,936.36
825.27,593.38
837.54,608.27
848.96,572.85
859.47,358.45
855.02,26.978
1038.8,600.61
864.02,855.15
886.54,406.62
871.38,1.8571
872.5,546.5
878.36,868.98
880.1,531.37
877.5,838.5
890.85,291.63
884.66,826.85
901.77,1019.9
891.59,879.52
897.33,985.77
961.79,252.8
919.14,640.97
907.33,800.6
906.56,827.04
905.42,906.89
914.89,822.53
923.62,146.29
928.8,123.61
957.03,900.94
933.48,71.179
936.44,166.88
983.63,60.104
978.97,1246.2
985.77,412.71
991.1,343.67
1009.8,1065
1010.2,66.302
1034,974.97
1017.2,272.86
1018.5,63
1044.6,766.86
1046.9,485.25
1049.6,104.6
1040.2,18.75
1059.2,13.138
1069.2,986.62
1067.5,562.38
1068.6,505.64
1066.9,914.35
1073.1,597.58
1088.1,1322.3
1090.1,567.48
1091,44.509
1091.1,84.156
1126.7,35.972
1100.2,475.43
1097.6,11.189
1107.8,841.31
1102.9,581.92
1119.3,450.3
1121.7,571.8
1122.5,794.33
1125.9,82.435
1131.9,549.86
1170.1,587.89
1138.9,214.92
1145.8,798.27
1149.8,67.335
1148,152.1
1181.6,199.16
1195.7,805.78
1203.1,958.4
1191.1,170.67
1208.5,1023.9
1206.2,119.71
1200.4,1113.8
1222.3,1246.1
1208.2,428.21
1211.1,83.237
1209.7,1316.1
1219.4,570.72
1264.1,185.07
1226.6,812.14
1215.3,708
1232.1,19.782
1226.7,908.43
1248.8,424.03
1243.5,701
1251.4,442.18
1298.6,1028.6
1252.4,939.59
1260,796.01
1255,909.89
1280.1,401.42
1266,759
1269.2,1244.2
1273,1217.8
1270.5,1090
1292,705.16
1286.9,798.87
1286.5,197.61
1281.1,643.59
1284.4,899.83
1286.3,1100
1297.2,622.96
1284,843.95
1287.1,886.26
1286.2,554.37
1285,560
1291.6,186.65
1297.6,36.082
1293,874
1301.2,108.76
1297.5,69.423
1297.4,809.32
1301.2,576.67
1302.1,1280.4
1316.3,1223.3
1316.6,878.89
1313.2,230.88
1322.6,138.07
1322.7,545.84
1323,825.35
1325,258.47
1320.5,576.72
1325.7,490.39
1327,165.52
1327.4,607.16
1327.3,52.516
1327.2,191
1327.8,212.43
1329.4,567.74
1330.1,678.57
1329.8,790.13
1330.7,638.29
