3.2368,666
2.4773,745.39
4,881.5
9.974,168.44
12.95,140.04
36.289,54.96
41.049,817.42
41.391,1231.4
49.067,538.38
49.5,1211.7
50.719,847.4
55.6,153.32
54.909,1054.1
58.068,611.05
67.573,931.11
65.074,876.41
70.517,1166.5
72.415,438.32
78.038,527.97
87.008,1184.4
86.299,642.25
88.052,1210.5
95.079,929.1
96.597,717.89
101.08,1204.1
113.95,992.35
114.08,1227.6
122.04,836.48
124.54,1046.1
123.09,1183.1
123.84,2.7742
130.41,164.5
139.77,321.04
138.57,938.16
140.26,1064.7
148.85,975.24
146.08,1171.9
153.14,826.42
152.03,657.12
151.07,703.59
159.39,1031.4
155.69,899.03
157.71,15.118
160,1204.2
172.65,970.02
180.92,432.05
181.91,549.96
178.5,358.78
181.2,1041.1
183.57,501.34
190,305.5
197.62,917.75
214.32,962.35
214.29,845
220.64,231.68
220.09,917.13
227.18,1192
230,720.22
234.6,107.64
236.35,353.65
235.95,899.05
240.4,1090.3
238.42,294.11
239.58,868.89
248.64,884.65
258.91,828.91
263.45,47.521
266.69,289.16
267.94,357.62
273.97,1125.9
282.59,594.12
281.75,1034.6
285.6,487.6
297.1,245.31
306.17,902
310.81,875.33
317.32,776.15
317.12,527.65
324.65,597.5
324.69,95
323,693
328,360.19
329.64,444.12
330.41,960.31
330.12,838.83
333.62,1074.7
336.25,186.55
334.16,765.07
335.96,505.21
336.32,998.78
338.54,263.08
340.95,230.93
341.82,114.4
353,489
357.92,197.08
366.9,735.2
373.45,774.47
381.47,1079.5
379.54,3.9189
385.07,1120.8
383.43,284.39
384.93,1166.4
387.07,667.59
401,470
406.45,660.29
414.58,297.89
415.83,726
420.24,280.75
417.92,338.08
422.93,27.407
424.14,255.8
424.65,1171.8
438.83,607
446.56,871.53
449.89,884.82
454.8,107.45
459,226
473.32,734.95
477.65,698.74
479.07,321.41
482.43,306.04
489.38,11
490.67,941.17
493.18,1097.6
493.89,362.75
503.66,257.92
505.93,1197.5
517.59,573.52
525.27,1050
525.01,467.31
529.48,352.33
530.5,736.5
533.04,1133.4
539.78,72.022
540,635.5
557.61,1184.3
554.58,1109.1
557.58,346.58
560.4,729.27
563.2,74.108
565.34,200.73
571.94,313.09
574.81,1147.1
577.38,135.2
575.42,105.42
587.33,243.95
584.5,284
589.4,1101.1
596.5,1114.3
602.3,322.17
600.15,660.46
605.46,616.43
604.39,68.139
604.5,122
606.45,642.54
606.09,51.909
606.91,950.09
617.14,714.82
615.5,96.5
624.03,1045.1
623.9,448.35
624.2,812.92
638.26,118.01
639.22,919.89
641,419
646.74,1040.9
650.21,274.49
648.55,652.06
653.91,1030.9
666.03,228.9
676.67,427.03
677.4,4.8871
683.46,1058.1
687.47,988.97
708.15,795.44
697.08,307.94
695.72,777.33
704.13,547.91
708.33,108.08
707.5,603.5
715.32,44.784
717,981
718.87,426.5
722.09,92.091
730.93,754.36
727.42,77.321
733.5,7
735.76,268.91
739.58,776.58
742.18,669.82
742.58,1046.2
746.3,784.35
750.56,548.03
752.4,1026.7
757.98,700.85
759.75,1181
762.78,744.18
768.43,240.05
776.31,776.62
777.57,665.83
783.47,984.71
784.99,1069.7
786.58,149.11
794.07,787.41
808.08,1091.5
817.65,578
821.29,67.381
824.08,159.83
824.41,1046.1
829.12,913.35
828.17,1064.1
827.19,1151.1
829.84,312.7
831.93,394.59
836.09,63.909
842.09,490.6
841.6,826.64
850.67,1047.4
853.68,1238.6
860.65,575.94
867.71,596.91
869.23,196.1
872.36,302.6
870.79,642.74
871.61,811.14
875.4,135.93
881.72,899.86
882.01,185.66
882.41,379.1
882.09,408.91
882.66,477.47
884.94,1061
885.91,59.091
893.22,673.78
900.88,38.083
904.5,955
905.45,172.43
909.49,25.843
910.41,1182.7
943.09,245.4
942.45,910.45
945.69,92.179
949.05,193.92
955.21,747.62
960.77,756.21
956.54,816.26
956.5,683.5
963.72,333.17
964.76,6.4487
965.39,460.39
965.95,810.92
968.61,679.14
972.67,752.81
977.68,505.83
981.89,901.46
984.3,631.5
984.93,1150.6
988.01,656.47
988,465.17
992.29,10.29
997.95,307.68
1006.4,124.92
1005.7,378
1011.9,921.07
1022.7,306.08
1018,932.62
1018.6,741.95
1021.7,989.98
1025.4,171.69
1035,550
1038.8,580.1
1038.8,828.35
1040.9,59.755
1045.7,682
1049.3,1183.4
1053.7,434.07
1050,755.86
1058.8,20.255
1059.2,837.56
1060.7,719.63
1059.5,352
1066.5,1018
1069.9,1056.9
1081.3,776.15
1083.1,489.41
1108.8,483.75
1110.7,26
1121,53.5
1137.5,966.96
1136.9,1151.4
1140.1,483.12
1140.5,921.06
1149.4,739.11
1150.5,1205.2
1157.4,24.067
1164.6,790.92
1171.6,1067
1175.6,383.49
1174,361.5
1180.3,211.01
1179.5,870.5
1179.9,253.06
1208.3,1096
1211.3,941.81
1211.8,353.44
1223.7,392.61
1234.9,344.41
1236,435.16
1237.3,968.14
1242.1,861.78
1246.7,696.71
