2.6047,589.86
7.8321,1008.2
7.6667,347.05
10.218,930.76
11.724,18.118
9.9737,371.08
16.105,439.42
17.81,1166.9
19.737,1110.7
20.541,773.22
31.737,389.02
43.155,813.56
43.059,923.16
41.552,644.48
45,336.31
43.633,501.37
46.508,1077.5
46.354,156.91
46.244,565.11
50.605,1158.5
49.633,677.37
58.5,177.54
69.2,490.93
71.441,53.132
76.885,379.5
77,791.5
86.745,878.5
88.5,1069.5
92.917,254.64
95.1,908.62
108.18,604.37
105.82,326.33
114.31,565.93
115.52,841.31
129.98,467
125.5,1055
130.1,698.81
126.5,411.5
133.43,677.05
135.75,1171.3
142,389
150.35,138.17
153.53,661.65
152.53,574.17
155.71,57.29
163.85,490.22
170.08,934.97
171.5,423.02
169.52,1098.8
172.5,355.65
176.07,574.64
177.56,605.03
179.4,1024.8
182.8,1228.1
198.74,947.43
208.46,1014.2
215.45,27.468
213.8,919.53
216.88,712.23
227.04,43.731
223.5,1112.7
227.97,362.26
234.29,853.26
238.17,1082.7
250.52,924.93
254.1,1060.1
259.73,553.35
271.58,94.576
276.54,621.35
274.7,676.85
279.07,497.95
276.96,105.48
281.41,477.8
284.93,465.41
291.55,1232.2
290.82,793.25
294.38,385.78
301.05,1093.3
305.4,844.32
309.25,734.88
309,277.5
309.37,26.439
313.73,928.57
315.51,618.24
324.56,725
331.46,1245.4
333.56,817.12
332.04,1141.3
335.04,391.1
339.45,712.38
345.75,589.6
346.41,328.79
354.95,240.78
357.66,127.63
360.57,300.89
362.62,1022.5
364.75,973.11
369.92,1211.1
382.53,432.69
385.75,586.18
386.45,1243.5
386.46,542.06
386.11,883.37
387.38,1041
393.46,769.49
394.65,851.73
399.41,60.75
403.34,5.8062
413.9,974.57
411,1075
413.12,529.12
414.19,882.73
418.99,590.05
417.97,1185.8
428.11,5.4275
423,880.67
428.48,782.58
433.15,340.35
437.45,1057.4
437.22,640.58
440.58,292.58
445.83,940.36
446.69,1182.1
461.02,328.43
464.67,732.71
474.41,477.06
474.12,277.07
476.63,1136.3
473.97,1197
472.33,658.17
474.83,60
477,170.26
475,301.5
477.06,346.45
481.73,39.412
484.37,238.41
485.29,450.77
488.01,303.14
490.37,997.91
490.93,420.17
495.06,873.01
493.54,117.76
497.45,673.57
502.4,943.96
503.59,104.22
501.14,1017.5
514.3,272.21
507.57,1201.8
507,612
509.58,821.11
514.59,254.93
523.08,166.83
523.5,722.25
524.28,456.09
525.43,59.952
526.19,806.48
536.4,919.88
534.09,7.1733
534.05,63.789
535.58,247.03
536.4,742.64
541.61,406.43
549.12,223.42
547.9,24.28
549.44,712.29
558.28,11.242
555.92,1072.9
559.69,820.27
559.22,526.53
561.19,400.52
564.94,115.96
572.56,667.48
571.49,1103.4
573.1,590.68
574.89,561.97
578.79,1005.4
591.58,527.77
599.15,638.31
600.5,161.71
602.27,405.46
602.34,1025.8
604.43,61.267
604.96,1235.4
608.3,370.82
611.6,586.19
617.29,113.22
623.41,753.05
629.57,922.12
625.73,1222.7
630.38,220.95
634.51,693.39
635.67,403.84
638.11,271.29
638.89,620.37
641.06,471.7
645.14,872.65
646.58,82.878
642.5,170
650.94,889.97
655.32,219.64
664.95,500.13
664.09,1083.1
667.51,726.08
669.81,245.93
671.09,329.05
672.08,428.92
674.32,614.35
676.66,1196.7
679.27,632.73
680.85,1151.2
681.91,560.87
690.61,844.14
692.5,432
702.74,725.52
703.47,13.989
704.06,275.68
703.42,797.39
705.68,198.48
706.75,1140.2
709.91,742.78
724.12,390.48
720.5,668
725.52,96.596
729.09,1107.1
734.75,480.08
739.72,33.526
739.08,217.66
734.91,624.91
742.54,806.71
748.31,1001
746.5,794.5
754.14,1215.9
749.06,663.59
749.57,851.61
756.74,687.58
756.58,349.42
761.47,458.07
767.28,1013.3
768.39,1088.4
772.5,316.91
770.5,755.6
771,534
781.89,847.63
785,136.5
792.84,735.84
786,926
789.97,1100.1
789.31,195.55
789.5,705.5
790.46,1069
795.38,1222.8
797.14,473.61
800.09,517.81
801.88,1.875
829.16,1083.4
813.83,614
819.1,520.99
818.13,553.49
820.02,887.95
819.21,162.3
819.82,860.76
836.81,131.65
836.39,717.12
841.78,567.56
852.03,52.421
859.02,95.977
859,1069.8
859.74,950.37
866.89,659.95
862.07,1232.4
864.95,630.53
870.73,1083.2
867.63,547.37
871.25,936.05
870.58,175.45
874.52,421.68
876.12,618.17
881.04,893.03
884.96,607.92
885.3,385.08
887.5,506.5
892.5,762.22
896.97,724.2
899.73,1079.6
903.44,911.15
904.11,745.5
908.15,190.66
908.93,446.81
912.7,893.7
909,1098.8
911.47,1153.2
922.58,1129.9
924.17,978.87
927.9,131.05
928.88,235.5
933.05,867.68
933.27,803.93
932.84,181.14
937.54,1101.9
937,1052
942.89,516.27
945.15,973.9
948.68,245.1
951.93,592.18
954.96,551.93
962.72,1056.9
962.93,877.95
968.6,1041.3
968.33,767.43
969.5,472.5
973.54,20.8
972.8,77.44
973.56,523.92
974.44,951.03
978.45,414.98
982.54,567.16
978.58,844.11
987.14,639.27
993.24,272.54
990.58,505.62
996.1,923.23
1007.5,305.69
1008.4,820.97
1014.7,1063.1
1017.7,1240.1
1018.5,88.057
1036.8,761.82
1038.3,528.73
1037.9,359.92
1040.7,245.46
1039.4,295.11
1045.3,1054.7
1045.6,391.55
1049.3,642.18
1046.6,698.11
1053.3,1203
1067.7,267.72
1078.1,377.63
1082.5,2.3636
1086.8,595.54
1087,864.88
1095.2,762.16
1103.5,1016
1101.2,846.11
1101.5,521.5
1102,871.5
1107.1,394.64
1107.7,484.14
1107,686.21
1110.7,821
1118,14.974
1117.7,855.16
1124.7,1048.4
1134.3,229.06
1135.4,708.32
1139.2,908.5
1141.6,294.18
1149.7,547.63
1149,32.609
1150.4,643.48
1159.7,422.39
1161.4,485.36
1160.3,1144.4
1169,1033
1178.4,1103.8
1177.7,546.01
1182.6,317.64
1182.9,241.7
1186.5,816.29
1190.3,708.77
1187.9,170.41
1199.3,1085
1200.4,1046.3
1205.2,1007
1207.4,397.65
1208.4,1221.9
1220.2,19.882
1221.6,168.44
1222.6,324.58
1232.9,594.32
1233.7,275.63
1237.6,794.17
1237.1,82.833
1240.1,361.13
1243.1,408.88
1246.4,993.02
1246.7,626.87
1247.1,102.13
1247.2,1120
