6.3566,19.628
1.8571,380.62
3,848.5
2.6829,912.76
9.4407,658.97
28.979,178.94
33.062,126.19
32.558,112.44
36.621,396.98
37.692,423.4
44.5,553.5
48.059,1056.6
52.9,631.38
53.579,144.89
68.545,1017
62.109,1044.4
63.611,758.86
66,231.76
70,347.63
69.545,971.45
78,935
78.091,1035.9
81.522,608.43
80.535,745.42
84.723,549.47
101.86,48.075
104.92,445.27
110.07,192.6
109.31,678.91
115.73,720.2
117.39,156.14
121.83,824.33
123.48,1052.9
124.5,302.5
132.39,595.86
157.39,648.86
162.1,483.8
164.68,728
167.44,865.79
169,683.83
172.91,236.4
173.97,83.062
175.94,981.19
177.66,169.85
183.35,291.61
190.53,1155.6
200.51,1081.7
205.09,535.09
219.82,889.33
221,597.5
232.06,142.18
235.23,627.27
245.8,899.87
251.69,378.91
256.04,1162
258.26,614
267.34,685.15
266.17,728
269.38,98.082
271.59,858.07
283.71,69.823
287.74,179.97
300.06,1139.5
305.5,660.22
320.48,727.81
325.93,782.59
342.59,211
343.85,341.43
348.82,757.82
349.53,1066.6
351.83,839
363.2,139.38
364,434.64
368.15,75.538
371.91,949.09
378.15,236.49
380.09,1230
381.63,681.63
389.07,183.27
388.2,693.45
391.37,588.37
402.12,792.04
408.12,990.59
413.4,899.11
419.95,234.93
424.06,486.92
424.49,548.43
421.42,1030.9
430.24,633.19
432.25,302.83
438.78,16.537
444.22,1083.6
448.67,420.38
450.66,145.62
455.07,1049.4
465,1144.8
466.33,1229.9
465.42,166.55
469.5,751.56
481.92,696.25
485.93,124.41
488.5,217
491.33,1095.4
494.82,184.49
499.67,527
508.37,1214.4
514.92,1157.9
525.46,953.57
529.83,786.87
539,200.83
555.18,5.5972
554.5,437
554,476.5
559.4,591.54
560.5,133.5
577.6,183.76
585.56,969.58
588.95,5.113
589.14,709.32
590.08,745.08
593.5,349.74
614.72,625.32
616.38,959.97
616.29,1067.3
619.59,118.52
626.14,849.5
628.67,536.62
635.61,1157.4
636,798.5
638.46,279.08
644.35,77.031
640.64,839.05
643.5,339
659.48,705.21
659.5,597.5
660.14,891.5
665.47,916.21
669.19,500.55
679.15,157.4
676.21,110.92
677.7,857.3
688.58,623.99
690.5,958.4
691.69,258.91
693.02,1023.9
695.45,655.56
711.14,454.51
723,623.75
724.84,190.94
727.54,316.65
743.21,326.21
749.5,463
761.93,896.98
770.11,1232
771.07,874.59
782.56,625.73
790.11,119.36
787.61,749.86
792,644
792.5,471.5
811,589
814,1002.2
815.91,1238.9
822.93,142.41
827.17,463.7
828.73,879.61
835.65,225.5
837.56,272.86
841.37,725.37
846.44,400.08
852.26,1125.7
852.56,972.92
865.46,347.94
867.76,1007.9
875.43,191.47
874.16,299.13
877.24,343.02
884.47,446.28
889.52,926.17
891.35,613.3
890.37,1183.4
903.39,131.16
908.07,428.93
911.36,900.45
915.62,675.72
916.9,1048.6
919.5,120
918.5,764.5
923.08,821.4
927.17,581.43
931.49,959.36
934.07,228.41
935.18,532.29
937.4,374.89
943.45,175.93
942.09,668.91
949,24.5
949.81,807.93
954.68,1165.2
956,695.5
958.87,404.87
968.42,1132.9
979.14,252.35
989.04,69.036
988.83,472
994.81,453.19
997.39,514.12
1007.6,177.45
1012.7,705.12
1012.2,34.914
1015.5,1012.4
1017.8,896.72
1022,174.69
1027.9,224.3
1030.2,677.89
1036.5,775.98
1038.3,1141.4
1048.6,392.47
1053.9,704.7
1066.4,1016
1071.1,121.56
1072,1238.2
1071,1223.3
1080.4,981.05
1081.8,299.69
1083.7,1021.3
1083,115.08
1085.6,904.14
1088.6,544.55
1103,475.67
1107.4,12.784
1106,1139
1118.9,502.77
1120.5,917.22
1123.9,373.08
1124.7,1135
1132.4,440.84
1135.5,1118.5
1136.5,763.77
1136.4,333.89
1151,687.63
1153.6,1156.6
1153.3,920.06
1157.9,876.97
1163.5,467.52
1165.9,1086.9
1170.3,1226.4
1170.4,1035.7
1180.6,878.17
1184,73.888
1185.2,794.29
1185.5,137.5
1192.5,859.23
1191.7,1126.8
1195.3,1220.4
1199.6,622.07
1202.3,1030.1
1207.4,317.77
1207.4,603.36
1208.7,1167.9
1211.9,386.03
1225,964.75
1240.5,1170.8
1243.8,587.8
1246.7,737
