3.7642,847.81
7.6354,306.6
15.676,631.44
16.092,213.03
28.369,189.05
37.604,667.42
41.829,700.15
50.629,379.81
47.931,474.41
51.255,265.59
52.938,915.91
57.321,214.62
56.768,763.44
59.71,689.45
63.678,707.83
65.97,578.54
73.912,2.8947
76.922,468.78
77.073,910.26
77.191,666.94
83.091,363.09
89.943,83.582
99.556,739.58
103,664
109.34,1004.4
111.39,184.54
111.21,296.76
111.85,721.9
130.03,28.26
134.86,1198.1
138.56,919.2
142.94,222.93
146.99,1017.7
151.6,1235.3
155.48,502.1
159.27,610.1
162.61,213.45
164.5,55
167.33,419.72
170.58,859.16
178.09,366.36
179.97,297.51
180.45,1184.6
188.05,899.72
188.68,1202.6
195.57,1013
212.9,1208.1
208.07,510.53
220.89,991.58
223.4,798.64
227.88,887.64
235.84,382.47
229.57,1187.7
233.7,944.04
235.86,713.57
233.65,136.5
235.44,156.92
240.5,92.5
242.86,504.28
259.5,9.5
263.17,353.3
261.8,675.44
271.58,446.58
277.08,210.36
275.93,623.09
281.8,591.05
280.93,602.07
283.39,314.39
283.58,1138.4
295.17,97.873
294.42,984.11
305.86,1182.6
314.28,1027
311.94,1195.9
317.99,610.61
316.09,704.95
318.87,826.68
340.83,353.94
340.09,765.65
345.11,697.37
349.98,451.25
352.27,560.18
358.08,111.44
358.44,935.83
359.63,221.15
360,686.32
365.85,457
373.31,184.9
376.43,796.95
387.13,160.11
391.37,88.822
393.49,180.73
400.01,1177.1
399.59,728.96
401.78,416.06
411.47,1014.3
414,568.5
428.42,265.89
429.09,588.95
437.65,474.2
440.57,210.29
441.93,2.8
441.6,1143.7
446.88,576.74
446.79,1000.9
447.49,768.63
459,933.5
461.96,975.43
468.18,513.77
466.61,797.86
471.64,358.3
475.76,944.07
476.09,576.09
477.77,824.4
481.52,235.27
482.4,1086.7
481.81,126.81
497.16,1217.9
497.09,1113.1
500,442
504.47,76.602
509.95,1064
512.95,729.91
516.79,334.24
517.84,608.13
521.82,131.55
531.04,474.43
537.62,758.67
541,552.86
541.72,16
548.92,299.63
553.36,3.0893
564.74,763.54
571.19,484.26
581.79,421.73
578.5,839
597.4,1079.3
596.39,1198.1
599.6,212.89
599.63,597.37
608.36,1114.6
611.17,815.12
612.69,371.83
614.06,643.45
617,1244
627.24,92.5
628.07,1085.5
632.37,820.49
640.33,189.18
639.55,472.61
653.27,406.33
648.42,574.17
653.13,23.374
651.58,246.55
653.98,483.81
652.58,1197.1
658.58,586.32
665.09,23.091
667,197
668.56,596.92
672.4,170.36
676.33,68.192
676.66,461.43
685.13,1027.1
685.96,346.57
690.85,902.46
698.61,827.1
698,799
701.01,361.71
701.61,711.11
707,119.5
709.89,980.63
718.93,240.33
721.26,646.02
716.33,767
720.42,444.11
728.88,918.12
732.6,597.76
736.83,1006.6
738.29,55.548
742.56,417.59
741.48,266.74
746.77,190.9
754.4,545.54
753.65,1044.1
758.12,85.929
759.41,410.59
767,880
771.38,854.56
771.59,775.39
775.8,564.44
779.85,375.35
783.28,117.88
798.52,76.325
809.58,969.14
813.94,816.35
824.86,804.16
821.52,1176.7
821.19,1235.1
827.24,247
827.43,633.96
840.05,591.47
838.5,1065
856,883.43
857.83,221.13
867.38,286.91
864.62,727.9
870.02,214.19
875.28,559.56
886.2,659.04
883.38,1012
892.85,102.82
896.45,800.14
898.16,120.13
896.94,716.97
900.96,1001
905.4,1189.9
921.88,635.89
921.06,904.46
922.43,839
925.68,721.78
929.03,1034.5
931.32,421.05
933.66,1136.4
933.89,813.76
938.29,1176.7
939.86,45.213
940.51,344.43
945.32,868.04
948.05,393.97
949.94,612.98
956,1045.5
961.37,693.08
965.81,457.04
966.12,863.38
971.96,211.41
972.54,354.04
999.42,367.34
1002.9,717.5
1004.4,733.89
1015.6,1096.9
1015.3,359.9
1013.3,823.17
1019.5,973.12
1025.7,1091
1029.2,687.72
1029.4,940.61
1032.7,417.45
1036.5,796.32
1039.2,451.57
1041.9,1001
1042.9,298.07
1048.5,554.21
1047.9,600.58
1047.8,875
1053.8,67.646
1055.8,396.7
1056.1,1083.9
1065.8,895.59
1063.4,1236.4
1076.1,361.77
1075,153.83
1079.5,167.38
1089.2,1104.8
1087.8,665.54
1099.6,764.98
1096.9,115.08
1103.7,1007.5
1104.1,502.27
1107,410.75
1113.1,1231
1113.5,383.49
1114.1,1078.2
1110.8,99
1115,633.61
1116.5,1090.5
1123.5,403.4
1119.4,748.11
1127.7,788.06
1134.4,132.62
1135.1,337.96
1149.2,1061.6
1154.6,427.74
1156.6,661.3
1159.5,260.65
1162.4,5.78
1168.9,861.84
1172.1,1045.6
1176.5,85.216
1180.9,449.83
1186.6,356.42
1189.1,386.27
1191.1,1055.4
1198.6,551.94
1201.4,708.47
1206.3,630.92
1214.1,972.87
1214.6,84.571
1215.2,783.86
1217.5,799.61
1221.7,1120.9
1222,533.61
1226.7,1041.3
1231.5,559.37
1231.5,804.5
1241.6,853.7
1245.1,1173.1
