2.7073,221.44
2.8293,910.83
3.3333,14
5.1905,828.93
16.406,437
19.605,702.01
21.627,541.95
24.284,387.98
23.053,497.53
30.093,177.03
33.491,124.4
39.636,662.83
38.667,393.17
43.826,851
50.564,335.08
52.031,897.06
53,22.5
72.064,1013.5
75.926,782.41
92.425,1231.8
103.14,46.43
102,465.75
106.29,432.29
105.5,444
107.65,187.5
110.76,676.67
116.92,717.67
120.05,474.31
118.56,154.08
123.58,19.945
125.01,414.44
129,978.25
136.22,1205.3
145.14,290.63
148.05,161.05
155.29,111.29
177.53,980.28
178.58,710.89
184.56,289.46
190.41,820.04
192.23,905.37
192.96,655.44
195.06,670.7
198.48,438.57
210.09,794.5
208,1093
209.28,1117.5
217.71,1058.5
222.79,886.49
227.26,984
242.92,313.44
245.09,325.43
243.42,1118.9
248.04,495.56
248.09,1179.6
256,705
257.33,1159.9
261.63,533.47
266.94,438.03
270.54,96.066
268.5,713.5
278.26,1062.5
297.83,899.26
308.59,255.26
309.42,357.42
309.93,426.07
311.34,57.148
315.43,1025.5
322.58,178.47
321.59,979.9
323.13,626.44
320.5,891.5
328.37,92.704
332.64,206.32
343.91,170.09
345.45,339.71
347.5,1187.5
353.78,348.52
364.53,137.13
365.5,432.85
368.49,858.42
369.07,73.8
378.26,354.44
381.13,1226.7
379.63,234.44
379.7,824.39
390.5,692.5
393,5.5
397.4,966.6
404.09,490.28
402.88,789.88
405.44,349.95
412.05,1173.9
412.73,601.81
410.61,1201.9
418,1005.2
422.32,282.39
425.26,1232.8
425.17,547
433.5,300.5
445.05,1082.6
441.42,633.89
445.66,1196.5
449.45,418.47
447,737.68
459.26,844.96
461.29,1077.7
466.5,164.5
470,48.5
471.5,1048
475.88,953.31
476.42,399.11
484.47,506.72
487.52,122.32
490.02,215.06
491.48,781.92
492.96,1093.9
491.32,485.78
495.76,182.13
501.05,128.41
508.5,313
509.58,371.58
514.72,1205.5
524.88,546.91
521.42,1017.9
523.5,381.5
529.67,788.02
528.3,893.91
551.22,140.53
556.16,4.2623
561.4,783.26
559.32,974.95
560.88,589.5
565.58,227.11
569.91,772.91
575.07,202.59
589.5,2.3636
595.46,1081.3
606.86,539.61
616.87,623.78
618.69,956.16
620.83,116.31
618.5,549
621.54,1141.1
628.82,847.99
626.5,293.14
626.5,1000.5
630.92,135.92
645.83,74.611
645.09,863.97
643.5,590
647.05,252.2
658.59,786.1
663.78,643.13
674.06,1159.5
679.21,156.61
679.02,698.74
679.44,903.25
684,610.5
687.5,365.54
690.19,382.79
694.34,1021.8
693.77,1170
697.41,10.307
696.71,1057.3
698.91,663.91
703.5,304.5
711.95,452.7
717.88,937.35
724.18,622.33
726.39,189.14
729,314.5
739,135.65
744.4,323.95
751.12,857.94
753,233.58
760.18,783.09
761.03,604.37
764.09,755.91
766.5,1107.5
771.42,47.994
771.18,1230.4
772.2,872.52
776.59,967.18
776.83,532
779,185.5
782.42,655.58
784,624
789.84,386.93
800.37,566.03
803.29,934.29
815.54,1000.5
819.93,652.59
822.58,952.42
825.54,213.43
828.76,1124.9
828.57,462.05
829.81,878.07
831.19,1045.1
835.6,1148.9
837.72,77.426
843.06,159.09
847.03,1014.9
846.4,56.6
849.05,1224.8
851,614
859,361.5
858.93,779.59
863.29,426.13
866.17,346.43
876.42,189.11
886.04,444.43
894.02,779.07
897.34,906.54
897.07,105.95
902.3,722.91
904.18,130.33
904.34,405.83
917.35,1141.3
917.58,1047.1
924.44,819.68
928.95,993.37
928.92,1234.8
938.63,374.11
941.38,737.6
942.5,594.5
944.5,174.26
945.24,623.19
946.06,926.33
950,22.745
948.5,95.5
955.71,607.15
970.08,862.44
978.28,252.57
979.93,1007.5
990.68,68.351
989.63,470.16
992.23,617.38
997,1219
1012.5,704
1019.2,894.24
1016.8,1011
1021.1,1229.3
1023,127.3
1023.1,385.27
1027,873.45
1028,816.42
1029.6,507.55
1031.3,676.22
1037.6,773.63
1051.7,309
1055.2,702.8
1056.9,815.51
1053.9,1122.9
1061.7,736.4
1065.2,94.315
1064.6,441.4
1066.6,223.11
1071.1,166.91
1077.4,53.784
1076.1,237.41
1081.4,979.38
1101.4,147.27
1106,473.74
1106.2,1137.4
1108.8,10.336
1109.2,369.8
1106.2,1080
1119.9,566.78
1121.2,915.51
1122.8,642.39
1129.1,987.87
1133.9,440.12
1149.4,106.42
1154.7,1154.7
1157.5,664.16
1156.9,1237.1
1164.3,465.78
1163.7,451
1164.5,374.22
1167.1,1085.1
1172.5,591.58
1178.5,176
1181.5,96.169
1186.9,792.29
1185.6,72.429
1194.7,535.01
1203.3,1027.7
1209.5,314.9
1212.8,383.32
1214.8,1123.9
1221.4,575.89
1226.1,962.94
1226.1,501.4
1230.9,77.347
1236,708.27
1236.4,952.87
1238.8,867.57
1243.1,198.7
1244.5,585.94
1246.9,159.7
