2.973,131.92
8.2049,174.29
4.2959,340.83
27.51,373.36
3.8015,407.9
5.6101,535.76
6.7218,626.76
4.7848,1099.3
2.8911,1143.1
9.1294,1190.7
3.9091,297.95
31.41,676.84
5,571.5
7.8209,579.67
6,1022
16.932,1240.6
16.618,186.18
13.077,600.43
19.692,1056.5
33.837,265.82
15.449,785.39
18.24,1100.6
26.372,432.48
27.902,759.71
17.053,1294.1
18.032,810.87
24.457,13.29
34.626,923.99
27.051,496.96
31.554,577.36
24.679,725.54
39.54,119.7
26.635,1126.3
29.984,47.57
28.633,867.44
36.768,1318.8
46.838,1009.8
29.945,322.95
43.523,775.89
61.103,1230.2
36.876,1220.6
35.119,825.3
50.581,485.36
39.845,735.71
37.5,1297.5
38,31
39,816
42.606,340.4
57.481,307.48
42.5,1300
56.089,836.32
47.188,56.646
54.818,191.38
49.414,169.93
51.577,729.83
55.673,894.56
56.474,595.75
72.188,1272.3
57.808,25.6
60.344,564.48
65.644,620.84
64.567,1065.2
60.137,516.52
63.89,1304.1
59.46,714.14
63.174,1183.4
69.681,79.673
63.327,56.735
71.743,540.58
64.593,1330.7
85.43,907.59
66.762,145.36
83.089,781.69
69.424,728.09
84.343,350.66
75.986,188.85
76.079,257.68
76.078,393.94
82.87,12.16
76.45,859.25
77,574.5
80.877,132.32
82.087,645.06
102.99,800.85
88.667,1144.2
89.562,286.77
84.562,1002.7
104.96,1163.9
93.404,423.02
85.619,1115.6
95.638,1190.6
87.556,978.07
108.06,553.89
94.345,724.81
104.59,83.906
90.963,530.41
99.646,478.49
93.641,1302.8
95.912,119.9
97.934,34.055
96.974,384.68
97.538,166.46
104.12,211.9
103.2,323.93
98.909,1178
125.2,975.58
102,757
104.02,870.13
102.35,1251.1
106.85,354.76
117.41,732.79
112.11,154.27
106.44,765.92
108.57,193.57
111.31,1284.7
118.29,1101.4
112.1,932.52
115.71,284.65
114.41,695.23
138.77,857.96
118.55,1017.1
127.58,27.938
123.37,402.8
125.86,427.4
121.43,579.39
127.12,1260.1
125.11,911.42
130.95,174.12
129.83,756.17
131.42,1328.1
128.77,379.84
157.01,672.66
131.93,890.43
137.09,1068.5
130.5,1212.5
134.91,1047.9
133.74,1037
151.48,120.4
160.02,1150.7
138.91,630.4
138.87,1143.5
149.1,227.86
138,642.33
145.11,272.22
141.57,332.7
141.59,1088.5
172.13,391.14
146.53,552.32
141.5,711
144.94,942.41
160.25,1010.6
150.82,1246.7
153.21,1115.1
147.68,1197.2
151.12,498.65
176.79,174.39
155.02,4.8868
167.95,749.17
155.84,713.1
156.55,55.45
157.5,966
163.73,98.529
159.5,1287.4
169.96,1243
173.08,444.85
174.54,422.18
172.62,615.48
171.37,1220.1
192.23,482.47
184.08,587.89
182.68,1094.7
188.22,292.52
192.91,787.76
193.41,895.37
183.53,109.31
182.9,828.39
193.44,1219.3
193.48,230.92
185.7,302.35
196.87,199.08
196.99,1174.7
199.38,319.25
203.68,1205.4
200,355
220.56,1267.5
205.76,285.26
203.94,350.41
204.78,611.67
205.5,343.5
209.5,540.14
211.61,380.22
214.02,454.98
215.34,1112.4
226.53,739.43
215.52,562.09
218.78,322.08
219.01,408.73
228.42,1092.1
226.47,1204.1
228.73,379.81
225.25,939
226.53,104.83
227.63,556.91
224.5,671.5
238.95,460.06
234.15,292.78
240.07,416.89
236.8,1188.9
245.94,33.945
235.88,928.41
238.3,222.3
238.42,1286.4
255.56,519.96
246.15,566.87
245.9,643.52
246.89,699.33
246.54,4.2162
314.52,788.65
266.4,641.89
250.88,745.83
254.45,1231.4
261.12,938.14
255.14,1177
262.46,488.44
254,1156
263.54,1052.3
263.68,960.06
277.15,978.46
264.73,1109.6
271.06,751.99
277.04,375.85
270.91,546.91
274.06,1324.7
271.83,1021.5
274.95,726.57
273.17,1214.7
277.13,1238.5
278.35,1202.6
276.61,318.5
276.05,1228.9
284.04,475.05
286.08,516.62
281.93,1186.1
281.83,1257.4
282.64,781.5
287.55,1144.4
287.4,1306.5
294.95,1025.7
284,647
288.12,550.76
291.73,760.63
288.73,640.85
288.39,708.2
287.58,1053.1
290.05,1077
292.97,1263.9
308.98,661.86
300.18,839.61
303.52,741.24
303.26,1049
308.6,420.87
308.38,1286.4
307.98,345.82
317.49,864.14
347.72,614.45
340.74,706.55
337.3,569.85
321.01,1101.6
324.66,951.57
327.08,1222.4
320,404.93
338.54,431.17
325.67,1056.3
339.17,497.88
333.58,1162.7
330.77,656.99
330.1,874.5
339.7,1062.1
338.06,944.59
359.05,1017.7
349.93,661.41
347.5,939.12
350.16,855.11
353.84,1189.6
394.74,839.93
350.36,819.06
351.76,606.89
349,1174
352.81,1235.6
352.96,969.44
358.64,1142.2
366.77,876.83
376.76,1247.7
369.76,577.44
385.23,1169.4
364.6,1283.3
364.06,194.91
373.3,419.38
369.67,515.97
374.38,1087.6
374.78,474.13
374.68,961.03
372,1287
383.02,867.14
379.03,688.63
381.3,720.9
392.2,920.45
384.76,535.02
391.23,765.23
406.38,483.66
393.61,726.29
393,1076.8
398.89,430.02
418.93,738.07
400.57,1330.2
404.22,219.75
422.6,1108.5
419.49,694.07
412.33,971.79
425.55,1263.6
425.94,655.66
420.78,634.64
431.81,224.12
433.07,555.98
430.5,717.5
434.82,686
440.04,466.29
447.47,966.37
438.9,841.13
443.52,1178.4
442.5,225
450.59,562.37
442.83,446.33
451.57,613.37
446.58,374.77
435.46,799.1
452.77,1267
453.6,579.48
450.5,459
459.08,854.14
461.04,511.43
462.85,646.94
462.59,1060.7
465.65,1117.9
465.5,1167
470.1,473.33
469.82,385.38
469.83,497.57
477.5,1077.7
489.72,1291.4
472.5,726
481.2,487.98
484,546.54
474.65,691.58
479.07,620.98
505.14,998.58
479.87,515.21
489.66,592.9
497.26,1224.2
483.32,1256.4
485.11,851.81
489.96,8.6923
490.9,712.2
505.27,648.97
492.08,772.36
497.42,965.99
501.64,1165.7
498.83,629.93
520.52,888.82
501.16,707.65
509.39,808.97
505.36,547.38
508.4,1051.1
526.63,721.81
518.9,1205.7
518.16,562.1
518.55,1324.6
526.88,1233.4
524.82,483.27
527.99,1056.2
530.05,389.46
519.76,604.95
529.1,822
555.57,778.98
531.62,666.12
534,1327.5
536.51,142.84
543.76,181.8
573.96,971.81
547.43,802.8
539.62,842.62
605.06,106.48
547.65,473.64
568.8,856.92
555.55,1295.5
549.75,231.06
557.81,1174.4
554.67,1052.8
563.03,726.92
580.81,607.66
561.5,433.5
568.5,236
592.13,535.27
573.26,877.91
579.95,690.21
584.6,1326.8
575.82,441.69
576.5,356.5
583.23,652.97
585.16,1270.2
591.32,1013.3
602.78,790.69
597.15,451.56
593.5,750
629.01,389.06
603.04,1263.6
599.32,734.57
604.34,936.64
599.42,1051.2
653.02,44.819
607.28,258.75
610.04,509.45
600.76,216.33
623.24,887.11
613.44,646.75
611.67,331.81
610.73,528.1
612.05,46.883
612.8,150.39
612.5,456
616.15,592.12
621.46,712.44
619.18,1074.7
621.91,1247.6
660.13,984.55
630.81,832.89
660.43,178
640.28,573.38
634.53,259.31
636.44,675.24
663.38,235.41
637.73,1183.2
632.41,315.84
644.03,754.44
641.16,616.62
657.48,1131.8
646.26,1044.1
644.68,947.77
679.56,1291.4
654.61,908.88
648.9,432.23
649.08,1184
651.55,500.18
648.33,859.67
658.72,370.29
654.55,784.94
655.4,737.94
659.57,544.95
667.84,635.17
678.25,806.65
658.85,927.77
660.45,1324.8
683.46,1211.9
688.95,486.22
661,710
672.52,130.98
689.83,1327.4
670.01,753.83
667,1035.7
687.84,327.28
671.57,968.27
678.68,1086.2
680.99,737.07
676.67,155.83
687.07,915.35
683.16,695.03
682.44,1258.8
687.75,888.12
691.27,1157
688.12,1246.2
694.64,960.08
692.37,365.63
693.79,1015.2
714.51,1037.1
697.14,831.8
697.29,941.43
699.96,223.61
705.39,723.92
702.71,504.73
711.16,972.39
720.88,879.6
710.29,281.99
710.14,1314.3
746.97,724.97
754.59,1299.1
715.27,1274.2
714.94,1135.7
714.33,341.83
738.63,1065
738.46,1230.7
721.4,1203.2
734.26,1163.2
729.24,243.78
762.22,180.99
734.06,1120.9
735.09,347.04
743.49,1201.7
758.31,127.05
738.49,992.68
739.74,850.44
737,976.5
738.49,1266.8
751.1,24.805
738,1281
742.58,386.73
754.43,958.26
739.18,918.83
744.38,1173.4
746,673.49
758.43,289.98
745.87,594.74
747,981
749.56,1047.1
753.3,451.88
758.44,1088.2
764.79,1247.4
760.05,921.35
759.75,488.48
764.34,76.698
762.55,818.29
770.18,992.05
761.17,972.67
765.3,362.03
764,1153.5
766.54,857.62
778.93,1191.8
773.49,1045.3
772.06,936.73
776.54,1068.7
793.84,365.82
781.07,568.28
786.83,1114.2
779.94,1152.2
778,1223.5
779.42,702.11
780.32,816.36
796,1304.2
792.19,903.24
793.24,964.18
804.35,275.97
787.83,498.9
786.34,430.31
785.59,784.94
787.61,1063.4
793.36,1223.5
793.9,1002.2
806.41,554.77
812.09,794.84
809.26,1037.7
801.54,601.14
800.67,1269.7
816.28,636.72
804.08,494.05
804.83,504.46
809.46,220.07
808.19,1253.3
816.15,869.49
812.18,116.94
820.23,590.44
812.77,1074.9
813.44,1277.1
821.95,981.96
817.48,614.71
818,1066.5
822.65,488.58
909.57,922.02
824.11,1323.3
822.96,913.37
824.89,994.46
833.64,1076.4
831.18,680.24
830.93,1245.6
829.57,1050.4
835.25,226.93
832,607.5
856.55,289.66
845.05,123.17
841.54,1304.1
849.55,550.74
858.58,1124.8
841.56,1278.6
853.48,450.02
856.91,687.86
846.53,808.84
842.55,865.1
844.66,1330
847.24,1158.6
850.92,629.4
851,1031.7
850.92,178.77
851.18,1222.5
857.57,474.66
854.15,788.27
862.57,754.13
855.24,500.8
856.03,729.37
862.85,832.53
871.85,1316
861.97,146.27
860.71,313
875.43,506.73
862.61,1225.8
869.61,1117.5
862.89,1290.5
864.03,670.89
867.56,639.85
879.82,1188.1
872.18,1210.5
872.3,846.61
876.06,1073.1
875.22,1026.2
876.11,475.58
887.45,872.5
880,639
950.09,666.29
880.41,468.86
879,1021
899.62,1019.8
901.61,827.33
890.68,626.78
900.46,1267.6
906.25,1312.2
894.41,298.07
899.52,1101
894.91,213.09
936.51,786.76
900.67,1225
907.18,508.11
901.52,759.49
907.63,1184.1
920.06,863.1
910.54,915.76
929.33,426.21
927.45,1283.6
928.74,538.21
918,1073
920.5,1089
930.01,1131.4
931.41,1063.1
929.47,1297.2
932.68,1328.2
928,815
939.44,1039.3
933.87,1094.4
930.26,1240.8
929.5,840.5
932.28,1256.7
935,820
935.46,491.29
936,1077.5
944.27,318.67
940.73,1310
938.58,930.11
946.96,1109.5
944.5,465.5
957.39,1285.3
948.68,566.49
948.71,818.32
951.3,958.85
951.51,1208.6
957.9,1047
968.92,970.93
955.87,1241.9
959.07,466.86
965.66,1002.3
968.02,1083.8
969.75,825.57
970.56,1155.6
964.4,1101.4
977.19,852.24
971.62,1024.8
975.05,213.69
972.82,328
980.42,799.33
986.86,1307.6
974.69,466.6
973.53,1060.4
973,488.17
980.88,1107.5
1004.9,1020.7
980.68,833.16
981.95,116.8
985.5,1331.1
997.35,739.99
1006.2,1084.3
987.25,517.12
1003.8,989.44
1009.5,413.43
994.69,303.55
998.06,1274.4
1006.4,761.28
1001.8,524.47
999.98,1170
1013.1,223.83
1010.2,595.96
1014.2,300.5
1009.8,927.82
1012.5,528.5
1013.3,1325.8
1019.3,266.17
1017.4,1137.6
1019,553.57
1033.2,112.64
1019.5,1118.6
1021.1,813.05
1033.8,1047
1023.3,351.42
1089,1133.3
1029.8,580.14
1027.9,533.1
1034.1,647.32
1029.7,665.63
1033.3,923.48
1033.1,473.69
1034.7,683.38
1034.8,1022.7
1051.3,724.6
1044.7,398.61
1036,1096.9
1050.9,1130.6
1042.1,293.26
1075,1275.6
1047.5,1330
1046.8,614.59
1046.7,1236.9
1050.5,1222.9
1060.4,200.17
1049.5,1103.3
1064.4,1072.6
1051.4,182.94
1079.1,325.01
1053,662.5
1073.5,299.1
1059.5,430.56
1072,391.35
1062.9,1027
1067.8,466.17
1069.6,1207.1
1078.8,431.83
1071.6,1095.4
1079.2,260.48
1087.6,672.11
1073,225
1082.3,224.84
1090.2,1227
1095.3,1178.7
1089.6,478.71
1105.5,514.36
1093.4,240.21
1103.6,1005.9
1100.6,480.02
1110.1,637.28
1099.1,1046.9
1105.1,279.98
1105.8,744.05
1108.2,227.51
1105.9,1157.5
1109.1,611.69
1135.7,1317.4
1107,993
1109.2,1203.2
1112,301.88
1153.7,290.88
1112,393.71
1113.5,719.39
1113.5,1018.5
1117.7,1032
1117.5,556.71
1121.5,215.18
1120.7,578.7
1121.5,1046.9
1176.7,386.75
1119,1191
1127.8,399.1
1129.6,727.78
1123.5,654.4
1127.3,1207.9
1146.4,912.05
1135.1,498.27
1129.5,1053.3
1130,1169.3
1135,268.92
1140,761
1156.4,549.81
1141.6,932.03
1145.6,1198.4
1150.1,965.09
1148.3,1057.1
1163.9,768.43
1160.8,1029.1
1171.9,1156.6
1150.2,1259.8
1154.5,1275.6
1152.1,1292.6
1156.7,938.44
1155.8,880.44
1164.9,519.93
1159.1,924.5
1169,1328.8
1176.5,1227.7
1171.1,1262.8
1178.8,231.36
1181.1,1095.8
1185.9,296.43
1185.2,538.37
1214.4,768.4
1186.7,1286.5
1190.5,573.55
1207.6,952.91
1191.7,628.93
1193.6,317.4
1195.1,1238.7
1194.9,706.44
1203,1129.3
1196.8,876.51
1202.2,555.35
1207.5,1082
1200.9,209.8
1220.3,371.47
1207.8,226.93
1203.4,265.6
1203,585.5
1210.8,1195.6
1213.9,1038.6
1208.2,1170.5
1205.5,1213.1
1222.8,1278.1
1209.4,689.89
1210.1,297.66
1212.9,796.65
1209.6,1182.4
1217.2,279.98
1212.6,629.4
1212.9,892.9
1216.6,534.05
1216,634.5
1221.5,710.9
1237,544.35
1221.8,523.52
1220.6,1093.9
1232.1,1108.6
1231,818.16
1234.4,1164.6
1231.8,983.77
1230.8,1200.6
1228.4,300.57
1239.6,964.73
1229,665.5
1231,159.91
1233.6,1089.9
1234.8,794.98
1240.3,303.7
1240.9,1072.3
1243.2,761
1241.9,930.42
1244,946
1245,1331.5
1257.8,841.84
1257,1258
1264.2,312.63
1254,637.65
1258.7,483.93
1271.8,1203.6
1279.3,240.54
1266.9,1023.9
1254.3,1116.2
1264.9,781.38
1267.1,1328.8
1259.3,964.58
1261.4,724.84
1260.2,1098.1
1261.5,231.5
1263.2,535.91
1263.4,687.04
1274.4,656.95
1273.7,1109.9
1273.9,1288.5
1283,943.24
1272.9,755.92
1278.5,688.61
1277.5,556
1291.6,1135.9
1282.7,739.93
1282.9,923.48
1282.4,882.11
1293,1054.4
1302.6,1279.9
1290.7,561.51
1288.3,375.17
1304.6,426.91
1293.5,187.4
1298,925.12
1302.3,383.04
1305.8,896.38
1300.7,1314.2
1316.1,311.33
1301.4,864.37
1299.6,913.4
1305.8,1186
1303,570.41
1305.7,953.26
1309.5,511.93
1309.5,995.97
1325.4,400.11
1309.5,573
1313.5,719.65
1313.1,1224.7
1320.9,1324.3
1325.2,768.48
1325.5,969.92
1325.9,1206.2
1325.6,730.93
1326.6,890.97
1323.6,1239.8
1322.5,236
1325.6,350.54
1328,1048.6
1325.3,926.87
1328.7,1166.6
1329.2,236.7
1329.6,1102.2
1331.1,684.88
