2.2927,130.41
8.1429,156.04
3.4444,217.67
3.661,245.41
1.8462,274.77
3.4194,306.45
3.2264,348.74
2.7,377.18
2.3485,616.94
3.9831,641.7
5.7263,754.19
4.9706,811.96
7.1489,968.17
2.942,1145.3
30.859,450.08
5.55,492.98
10.434,847
15.327,1188.4
22.1,67.494
8.6053,182.61
13.176,1085.1
8.963,118.41
10.862,1014.2
11.914,1112
10.593,1326.1
21.643,137.22
22.014,289.15
15.958,333.61
21.914,659.38
20,425.88
25.755,780.77
26.361,893.75
24.572,1221
25.688,1246.1
25.809,12.612
21.911,763.29
22.857,553.14
26.134,957.05
41.267,583
28.036,609.45
26.824,992.53
36.529,923.88
31,102.5
31.879,807
30.5,1107
40.338,351.38
33.344,969.53
40.297,169.27
39.852,323.43
49.347,661.96
41,1002.6
39.941,337.41
56.686,130
40.565,484.39
52.922,793.74
54.002,1099.1
46.614,1202.9
45.617,46.7
51.346,873.44
47.843,1287.5
48,301.78
45.5,313
47.132,1318.3
54.833,1262.9
48.143,410.14
55.128,368.17
49.451,759.55
58.963,64.236
56.284,510.47
52.375,833.62
57.5,7.8704
95.605,1053.1
60.34,257.17
59.96,35.133
66.967,424.69
62.75,239.46
61,762
65.557,1192.4
65.789,1226.2
82.716,1320.2
69.207,890.59
64.222,941.56
63,93
66.5,481
68,544.64
71.337,917.29
72.571,195.66
83.316,967.22
73.816,358.89
72,459
72,464
82.516,228.46
90.901,1011.1
107.21,910.19
85.964,1155.2
78.667,23.167
131.78,266.04
82.52,718.58
78.257,862.69
87.283,1209.4
82.235,251
86.193,504.61
82.9,1183
98.327,199.84
90.153,770.11
86.44,1227.8
89.44,1081.4
87.5,1166.5
96.93,447.85
91.424,325.97
97.124,346.17
101.97,659.67
97.727,1288.1
100.71,791.79
96.571,1135.6
110.13,161.49
103.74,693.97
100.1,373.95
101.08,600.92
103.6,728.13
103.16,572.74
103.54,1172.6
104.88,875.86
114.67,72.323
111.66,113.18
113.45,141.36
113.48,400.71
112.29,523.36
110.3,549.91
122.8,4.197
116.06,620.64
118.19,354.12
132.12,645.77
116.11,828.21
120.74,719
130.67,580.75
127.78,760.87
124.72,1027
161.71,1213.4
129.87,1267.6
131.75,437.82
130.69,213.35
130.44,380.54
128,700.5
132.26,183.34
132.33,417.52
132.34,846.41
136.96,988.01
139.53,137.2
132.88,166.35
134.55,1029.7
136.44,196.89
144.51,298.92
147.72,350.41
142.23,252.09
142.95,571.91
149.54,1119.5
148.04,395.75
149.61,75.184
150.9,679.37
152.18,180.48
150.56,946.65
159.11,1285.6
167.24,429.97
162.99,643.23
170.65,1079.9
163.77,305.82
167.52,963.27
162.55,1324.2
170.94,197.78
169.8,1254.3
173.26,700.55
169.54,789.63
171.11,1134.2
168.5,921
175.6,134.34
182.53,807.47
179.79,585.6
187.31,213.69
177,936
180.27,1166.6
182.49,334.05
195.12,762.6
189.37,455.57
186.23,827.79
184.5,1053.1
192.22,1297
186.74,436.9
188.28,37.426
191.63,163.63
186.21,905.31
192.84,490.25
188.33,1068.7
193.52,949.36
197.61,601.89
190.09,1020.1
196.51,237.83
191.96,917.4
193.18,720.38
202.11,189.27
198.86,573.38
202.98,894.44
201.17,1048.2
203.2,666.17
198.48,251.38
201.18,1172.4
201.66,337.16
203.64,467.85
201.48,176.14
203.79,858.93
202.32,1090.7
208.63,130.8
202.86,928.86
205.09,442.05
206.41,616.17
206,641.5
214.24,1316.8
207.22,228.56
210.48,364.77
209,579
206.67,1066
214.63,632.49
215.26,976.35
225.88,241.61
217.87,95.536
219.14,518.41
217.38,1286
214.9,777.23
219.49,827.99
219.03,876.44
219.15,1177.3
218.45,37.533
228.71,689.02
222.29,721.88
221.55,1126.7
235.53,442.16
228.3,8.6379
230.74,948.81
233.95,323.73
230.3,374.38
230.5,656.09
232.57,115.27
239.81,148.75
233.65,1270.9
230.77,808.58
240.31,54.276
242.17,864.35
234.1,849
240.71,912.51
244.35,738.92
237,839
240.76,72.713
250.34,516.02
252.85,17.113
244.96,366.58
261.98,214
265.89,398.55
252.65,1145.7
251.71,1223.9
253.91,107.84
258.23,624.06
258.73,660.16
255.17,323.47
258.31,125.93
276.89,260.67
266.83,592.22
257.62,884.25
265.57,547.52
260.52,928.43
268.28,821.05
266.43,981.2
266.25,167.14
266.22,572.17
272.63,886.25
276.87,527.68
273.63,1067.3
301.94,851
282.46,329.66
275.71,1030.5
287.9,789.63
278.9,552.22
279.17,1043.3
296.56,999.86
286.18,74.839
284.88,52.494
281.91,770.5
302.93,608.33
283.66,671.69
295.46,1243.3
284.21,758.31
287.75,567.67
288.48,705.97
298.86,37.959
303.33,1139
291.68,1306.1
295.06,1040.4
296.59,743.21
297.69,942.28
298.85,1072.6
297.5,297
299,1324.7
311.78,650.85
308.95,718.35
314.92,265.01
301.09,545.44
309.83,123
305.23,154.16
310.69,400.95
321.08,1284.7
307,1024
309.97,68.551
312.49,89.088
322.74,754.81
310.23,956.82
327.46,569.37
313.38,1041.6
318.25,8.3889
321.19,685.95
319.12,1328.3
317.78,1063.8
316,72
316.6,1018.6
319.65,143.12
320.65,343.73
328.72,513.65
319.58,1025.5
323.28,1204.6
335.44,911.32
325.27,1193.8
329.42,459.98
325,963
329.03,711.3
338.25,936.41
331.87,1028.2
329.28,156.44
332.44,963.78
333.67,1086.2
333.86,121.92
331.09,166.95
331.41,1308.1
331.77,110.81
338.03,140.86
341.6,820.13
337.86,201.89
349.56,302.43
336.67,485.65
337.27,1111.1
337.31,676.34
341.67,1329
343.62,404.29
345.75,472.03
342.84,715.91
343.47,45.733
360.84,72.501
360.2,543.74
355.32,359.6
344.81,432.03
343.44,625.22
350.07,882.03
347.88,1197.1
344,746
344.6,751.4
347.23,249.91
347.55,1052.9
351.54,1160.2
358.34,1213
360.07,1258.6
353.23,693.55
352.59,792.55
368.1,710.8
351.5,1103.5
355.45,669.3
355.09,336.91
356.41,644.64
363.96,1329.4
363.97,174.84
364.12,925.29
357,23
359.39,37.565
358.7,155.8
371.59,832.29
363.8,1066.2
362.31,511.12
365.2,15.049
366.59,491.33
367.51,4.2766
370.77,259.89
373.63,413.13
371.53,463.68
373.09,692.71
385.11,775.95
367.29,1035.5
377.5,563.45
388.31,1299.2
374.59,1169.8
385.09,377.39
373.27,17.867
374.8,674
403.26,1028.7
378.53,1116.3
392.13,858.99
384.12,1200.1
387.3,814.3
390.48,1180.2
394.37,39.223
410.38,154.55
415.88,628.41
399.94,674.85
397.59,444.63
399.67,463.36
397.17,701
399.4,1090.2
398.47,1141.3
402.22,26.694
408.88,400.68
414.05,957.11
403.42,985.89
404.93,1059.6
415.16,1206.6
406.25,1242.8
416.04,51.286
416.95,814.01
416.01,1135.1
407.81,1163.8
415.46,1275
409.25,260.42
411.24,274.95
407.69,877.03
418.29,921.18
420.8,1062.5
417.12,188.53
413.31,1230.5
429.59,494.89
415.75,317.12
429.03,560.8
418.06,367.55
418,415.5
427.65,597.81
418.33,1076.2
420.37,856.76
423.73,452.43
427.43,385.48
431.06,256.14
428.64,233.39
432.68,526.98
427.11,731.58
426.5,861
431.84,1174.1
436.59,1088.8
440.5,407.16
439.7,698.59
435.47,475.45
435.73,439.34
434.47,1156.3
435.76,25.147
444.79,80.208
439.26,101
443.94,857.32
462.34,902.14
442.75,978.44
447.2,1131.1
455.94,251.43
443.84,1261.8
454.74,191.9
460.57,1227.4
448,363.06
452.8,17.927
451.67,578.67
458.96,992.83
463.2,49.05
453,530
454,853
462.86,1082.5
458.42,441.17
474.95,129.87
474.13,347.58
459.65,1159.2
462.87,106.98
463.23,974.88
484.31,836.88
472.52,1101.7
466.47,2.5745
469.39,620.76
491.3,725.36
469.68,70.324
508.01,493.73
482.99,400.44
484.25,1143.1
478.36,540.73
487.17,576.73
485.59,431.67
487.28,941.28
499.27,230.93
500.16,611.78
502.9,1179.1
490,33.5
494,543.5
497.07,95.556
508.11,434.78
499.52,997.69
498.67,371
498,363
500.09,460.05
508.83,641.01
502.39,272.43
502.32,1071.7
506.83,1109
505,4.2258
511.99,911.12
504,1199.5
505.44,981.21
512.45,556.53
514.98,1045.1
513.29,37.475
519.85,60.971
511.71,90.286
516.7,791.36
511,823
517.17,263.25
514.4,339.65
515.71,1017.7
521.75,134.05
521.93,725.17
517.27,325.73
523.79,757.17
524.36,1188.2
520.75,686.99
522.86,973.53
530.34,5.4254
526.44,708.49
531.21,219.11
532,573.52
542.46,870.15
530.59,987.54
532.63,1057.8
527.5,252
530.25,25.25
532.9,914.42
555.52,102.6
545.79,628.14
557.08,944.89
534.97,1151.4
548.1,20.154
542.66,387.88
543.43,1167.7
541.81,549.29
547.11,579.95
544.84,832.6
549.13,1111
545.94,190.41
550.94,989.59
555.56,298.65
556.5,332.34
554.5,125.5
572.56,782.66
558.5,821.5
559.83,314.8
561.13,141.17
575.51,264.31
578.62,696.04
562.5,840.29
577.59,827.92
574.03,1104.1
585.01,1041.9
587.37,193.8
573.5,493.81
578.54,1071.5
586.45,980.08
585,460.67
577.2,722.57
584.48,739.81
591.98,545.04
590.62,1130.6
599.04,342.97
589.5,959
591,407
603.67,130.29
599.4,4.7586
607.93,574.56
600.11,1063.9
617.57,755.58
611.75,1093.7
622.96,920.6
639.16,448.95
620.56,671.96
611.93,1326.8
607,843
619.71,178.54
611.55,310.38
611.97,1311.4
627.78,15.458
616.63,211.72
620.21,631.57
610.67,1014.2
637.5,38.852
617.15,891.85
636.25,92.953
617.94,584.79
625.93,497.17
629,340.29
630.64,368.52
627.5,822.16
625.66,957.77
626,397.12
634.6,547.64
654.32,825.66
636.99,599.23
629.5,450
642.73,769.39
629.33,1013
636.51,1112
637.11,158.29
637.7,988.65
649.25,433.32
639.75,629
654.52,299.84
647.38,522.06
643.45,736.38
645.51,706.38
664.25,1089
643.92,350.92
649.13,941.46
649.47,405.02
653.18,904.55
651.8,957.24
652.75,365.93
655.31,982.81
655.05,1032.1
685.2,1049.3
688.52,977.67
659.42,1291.3
687.2,606.14
668.09,1022.1
664.1,1274.7
681.63,391.32
676.92,950.41
672.87,311.56
664.86,566.86
666,925.09
672.42,877.11
669.79,1317.9
673.64,410.36
672.43,757.71
676.12,62.169
681.4,530.16
677.2,1256.4
673.24,368.22
682.51,633.31
682.45,724.98
677.5,474.5
696.17,575.12
679.12,683.37
683.65,1315.8
678,7
681.2,506.9
700.41,13.967
695.96,463.93
689.39,674.92
699.56,337.19
697.63,750.16
702.11,661.2
705.09,901.62
691.4,1253.6
695.6,873.6
702.6,375.04
703.84,413.45
703.53,835.22
708.58,1277.4
722.56,475.46
717.1,858.49
728.41,1237.2
707,632.5
709.71,428.73
712.78,551.37
711.69,362.39
714.44,385.34
715.81,787.66
735.88,1061.3
715.9,972.63
718.5,418
720.54,730.97
727.6,521.97
732.57,1322.1
724.58,712.98
720.4,1275.6
730.43,565.09
725.3,1283.7
735.71,621.83
727.52,757.09
730.47,961.44
726,1044
739.55,727.88
736.03,412.69
735.17,1027.3
737.51,79.341
737.74,996.12
744.16,1289.7
748.1,980.17
740.76,395.08
738.5,990
749.55,803.45
748.4,696.77
748.98,1308.5
755.62,509.86
752.38,575.02
743,990
747.42,297.11
753.69,822.97
768.26,883.98
796.41,1237.8
752,333
754.29,933.55
756.88,953.67
765.57,835
766.35,1230.4
766.24,1316.6
762.73,762.45
769.22,13.933
792.03,704.53
778.34,1298.3
770.36,682.75
773.36,925.56
773.7,580.22
792.03,993.02
777.05,608.84
773.92,672.84
819.37,547.43
777.54,435.91
784.08,477.53
777.85,788.65
787.88,447.12
793.7,632.74
783.73,504.68
798.85,107.31
788.65,38.899
787.38,683
792.74,764.16
792.15,417.91
793.59,1014.2
797.46,10.184
800.11,935.89
799.36,586.49
802.62,49.495
800.86,964.29
803.29,67.101
804.73,1289.9
803.5,481
806.33,434.69
810.74,506.81
808,142.5
814.88,633.55
811.43,921.39
816.72,1255.4
819.12,478.48
819.77,798.58
834.57,63.419
820.92,416
839.95,435.97
825.82,1327.4
841.29,154.59
822.5,1278
824.38,674.96
832.33,1235.8
831.16,582.93
838.24,648.57
827,1263
836.29,182.74
835.55,494.61
837.44,1301
842.07,29.265
857.15,609.15
830,1267.5
853.57,1142.4
840.59,725.61
843.59,128.8
838.94,468.92
837,1322
838.89,969.42
849.59,340.74
845.51,1206.4
853.05,505.19
849.66,750.91
850.03,1170.7
853.71,1258.3
857.98,461.29
859.25,402.01
860.03,761.92
887.29,880.46
846.45,909.68
855.54,955.58
857.71,82.308
853.42,102.45
857,1236.5
862.86,1285.1
863.75,1200
856.61,198.29
857.42,716.89
861,16.174
864.73,281.45
871.27,528.93
869.36,3.1
870.42,933.46
874.84,1111.9
877.13,682.17
898.84,43.9
880.54,834.17
871,1226
879.34,1159.4
879.83,810.96
881.81,132.73
877.17,201.2
889.39,591.18
881.24,1135.1
887.51,228.45
880.5,255.5
883.12,1229.4
897.12,180.14
894.43,1200.2
892.64,1324.4
891.14,438.76
888.65,76.348
888.06,1278
897.28,15.57
896.69,105.51
893.94,731.09
903.37,698.29
891.84,767.13
893.63,1299.9
898.09,139.91
895.15,1096.6
904.88,543.81
894.57,241.57
896.17,614.15
895.47,745.53
897,88.5
898.72,484.4
901.15,1129.4
904.6,633.46
928.31,802.9
909.55,1260
904.34,1164.6
906.96,214.88
926.11,235.75
910.14,613.45
910.44,1094.4
910.72,268.92
920.87,314.57
917.32,488.23
912.25,725.75
912.44,863.5
919.51,200.57
919.43,361.23
920.11,453.88
917.24,580.79
918.51,163.31
916.48,1299
924.2,138.83
923.92,6.6993
919.05,1186.1
923.5,1305
936.2,1153.7
934.94,698.6
936.55,335.32
952.26,722.77
932.11,1284.7
929.92,655.97
931.8,111.89
929.51,592.53
929.88,152.07
929.41,524.59
930.1,876.21
934.65,409.52
938.17,561.03
930,509
930.81,1255.8
936.07,1189.6
933,124.5
937.74,47.314
938.02,153.07
938.84,19.438
947.13,98.373
948.07,1111.6
945.02,178.58
961.18,1057.3
945.52,676.96
945.33,238.83
972.83,352.77
946.5,392.64
957.59,606.06
950,789.5
949.89,891.42
953.09,173.77
977.7,182.32
953.6,517.52
955,590.1
978.33,1178.9
955.47,1312
957.31,1268.1
959.2,450.06
964.62,23.259
957.89,1284.6
978.49,465.5
960.5,667.89
962.54,863.04
961,102.5
964.57,517.93
970.71,406.78
969.84,1097.8
969.91,434.54
976.87,1270.9
976.88,90.885
973.85,117.99
973.88,758.35
1006.7,816.35
986.11,412.57
980.9,1236.4
983,392.33
980.34,748
987.88,789.12
986.84,493.79
982.61,1132.2
981.64,703.5
997.61,1283.9
990.13,120.77
989.16,14
1007,993.57
1005.7,354.5
997.03,544.91
1005.8,246.81
994.94,860.96
997.96,1052.1
996.96,1324.6
1006,1152.5
1001.5,3.6222
999.9,1131.8
1000.3,1307.5
1010.6,439.94
1009.2,1202.1
1017.5,684.58
1009,126.5
1028.7,93.422
1013,24
1014.9,1293.4
1062.1,507.13
1020.5,1178.7
1025.7,1309.3
1017.5,1328.6
1017.9,154.09
1035.7,254.83
1018.1,903.91
1024.6,475.1
1038.8,1005.9
1036.5,847.34
1023,748.86
1042.7,142.58
1027.6,40.535
1032.5,947.51
1035.8,664.16
1047.5,54.239
1035.4,12.932
1058,703.88
1035.8,579.24
1039.5,1166.5
1039.6,1188
1038,497.41
1043.6,449.93
1043.6,754.25
1040.3,206.25
1052.9,430.46
1053,648.96
1051.7,354.35
1054.4,293.8
1063.2,195.1
1052.3,584.21
1053.3,981.87
1050,1304.3
1055,944.59
1056.4,4.3551
1053.9,780.49
1064.6,1196.9
1057.1,1323.5
1060.8,762.69
1056.5,135.5
1058.9,308.74
1063.4,132.44
1066.8,320.2
1063.4,611.4
1068.2,1250.5
1078.7,528.82
1087.1,410.14
1069.7,264.69
1072,286.54
1093.1,91.849
1074,858
1085.4,358.05
1086.4,1227.7
1078.9,1328.9
1081.8,998.68
1082.3,1017.3
1082.4,26.607
1083.2,600.3
1079.5,983.09
1090,768.62
1083.5,241.08
1083.4,970.41
1086.9,161.8
1084.4,664.38
1084.8,726.16
1087.1,1285.4
1093.8,1034.4
1097.9,191.46
1093.9,140.21
1090.6,287.16
1097.7,675.49
1089.6,1250.4
1101,987.99
1105.2,573.09
1096.9,963.25
1107.5,1303.4
1105.5,26.731
1099.8,719.14
1096.7,1193.5
1107,538.37
1108.2,511.58
1115,907.62
1106.6,798.4
1111.4,694.3
1106.5,778.06
1107.9,814.25
1117.5,1209.5
1112.8,632.89
1114.1,1193.6
1116.3,437.52
1119.7,353.72
1116.4,460.09
1116.7,600.28
1116,648.27
1114,818
1119.3,1237.3
1116,6.5
1118.5,945.52
1119.7,836.35
1118,935.5
1123.1,488.98
1134.7,746.66
1123,143.13
1127.8,199.38
1134.6,990.1
1124.4,1171.9
1125.1,169.74
1127.9,415.88
1126.5,517.68
1128.7,859.64
1124.8,1331.2
1131.7,464.24
1136.8,1245.2
1127.9,1134.4
1153,258.39
1131.9,532.64
1150.8,114.05
1134.2,680.23
1133,1331.5
1135.1,327.59
1148.4,1208.2
1139.7,964.91
1141.5,1321.6
1138.4,1102.9
1142.5,415.27
1142.8,247.46
1142,1087.1
1160.8,1042.4
1152.6,435.33
1149.5,822.5
1154.9,482.75
1156.3,1140.8
1146.6,405.08
1156.7,940.12
1153.7,683.89
1156.5,955.07
1156.6,348.31
1156.1,613.03
1158.2,898.95
1157.9,919.62
1162.3,321.59
1162,367.01
1162.8,42.455
1159.6,826.45
1159.7,1271
1163.3,755.37
1172.8,663.01
1163.6,774.7
1167.6,13.964
1165.1,687.36
1164.6,632.76
1165.2,702.29
1164,262.5
1168.5,285.5
1190.6,1172.8
1170.7,298.74
1170.6,1264.4
1180.8,410.98
1175,452.76
1176.8,65.09
1172.8,599.2
1176.6,286.24
1179.5,736.3
1177.8,489.22
1183.4,912.27
1185,944.05
1181.9,1215.2
1183.5,794.37
1200.8,888.01
1186.1,1266.2
1192.9,32.525
1186,687.04
1187.3,192.07
1191.3,531.12
1189.8,446.93
1200.9,1097.2
1190.3,964.14
1199.6,228.39
1214.6,488.02
1198.9,101.69
1202.2,364.59
1203,281.89
1198.8,470.55
1226.3,700.88
1201.1,970.94
1204.8,785.86
1201.8,55.798
1203.1,199.25
1202.2,80.049
1208.8,160.69
1207,938.5
1207,190
1210.1,845.09
1213.7,983.44
1222.9,296.88
1226.4,440.9
1230.4,939.45
1223.2,1116.5
1216.6,34.074
1227.9,1013.2
1218.7,337.43
1223.6,417.07
1225.3,141.78
1219.8,736.7
1221,1282.9
1229,110.8
1222,349.5
1245.6,862.24
1226,1044.5
1229.2,1257.9
1230.5,787.59
1238,397.28
1233.2,1289.9
1235,328.47
1231.6,908.65
1259.9,52.482
1241.8,273.78
1236.8,1087.8
1240.1,1192.2
1246,966.6
1253.7,1117.9
1268.9,226.95
1269.5,343.66
1247.6,789.46
1244.9,453.39
1243.9,745.91
1245.6,189.04
1251.5,294.56
1246.5,692.5
1249.5,105.74
1246.9,1275.6
1264.9,400.72
1254.6,1000.5
1243.5,1217.7
1256.3,1311.1
1253.5,1181.5
1255.4,852.86
1259.7,1080.1
1257.3,1328.1
1259.3,763.27
1258.5,803.91
1299.3,795.6
1260.4,1062.4
1278.6,961.22
1265.8,1012
1273.4,831.92
1269,1136
1274.1,1070.5
1295.2,1301.1
1275.5,1280.1
1279.6,760.37
1276.5,1041.8
1276.5,101
1284.5,1082.5
1284.8,1101
1286.5,1187.4
1294.7,659.94
1283.4,814.43
1282.8,1125.3
1285.7,271.24
1294.5,252.69
1288.3,287.81
1297.9,1210
1307.2,82.021
1289.1,356
1291.6,1249.6
1300.1,304.96
1291.7,725
1294.6,839.26
1292.4,1027.9
1315.2,1023.5
1295.9,1071.4
1301.4,418.96
1306.4,2.7531
1294.9,1324.4
1300.4,123.35
1317.7,768.2
1302.5,872.11
1303.6,970.3
1309.9,992.47
1310.2,829.43
1321.7,899.5
1319.9,924.56
1318.9,956.02
1317.9,1241.1
1324,18.693
1320.9,1146.3
1325.9,1069.3
1325.4,1191.9
1324.8,209.13
1327.7,837.62
1328.7,305.92
1329,269.78
1328.1,379.14
1329.3,1323.4
1330.1,966.98
1330.3,824.2
1330.9,1156.7
1330.9,1220.8
1331.3,985.36
1331.5,977
