3.3673,505.22
5.7164,1013.9
5.1053,739.42
9.0375,249.15
11.436,433.44
24.053,669.02
22.217,789.52
26.321,625.42
28,923.57
28.074,381.59
37.5,337.83
36.984,1229.1
40.574,852.18
41.091,974.05
44.225,182.1
46.778,1005.3
49.961,1039.4
50.733,868.47
56.5,1019.5
56.92,880.44
63.576,1004.4
66,599
70.307,409.54
68.846,814.46
75.14,770
75.912,183.88
79.167,564
79.448,1011.3
78.611,1044.6
78.909,817.09
87.895,915.22
88.224,981.21
84,60.143
85.933,800.93
91.462,718.31
88.091,280.09
94.71,1201.6
103.27,1043.7
112.06,1019
125.63,161.37
126,194.25
130.34,801.92
129.61,844.86
137.7,918.93
146.93,245.05
150.36,712.26
151.52,818.64
151.74,379
153.12,1182.7
159.53,743.15
157.86,234
163.7,931.9
167.07,305.67
172.52,179.17
175.58,535.11
176.08,1092.9
188.89,242.28
190.07,671.53
193.22,262.5
204.8,512.3
204.22,892.21
204.56,969.08
214.12,603.9
214.18,743.03
228.31,133.09
227.26,186
225,815
230.5,818.36
234.05,744.88
232.51,982.07
240.8,816.85
245.6,299.55
254.5,514
259.69,877.02
261.16,682.37
263.68,1232.6
265.77,234.39
264.5,79
277.93,454.39
281.53,547.65
286.99,1033.1
292.93,1045.2
301.91,698.4
305,1220
308.08,1149.9
345.32,665.43
343.22,625.62
348.5,1091.5
365.36,738.5
368.03,1055.7
378.44,1014.7
380.49,688.23
386.66,13.625
394,153.5
395.93,833.95
406.74,625.48
410.35,766.5
418.42,818.55
424,318.64
435.79,765.89
434.5,793.14
440.57,495
440.91,885.76
437.5,1170
448.98,833.38
452.44,270.53
458.42,881.82
466.47,160.84
467.5,921.5
475.14,316.23
474.04,359.67
477.13,932.04
492.05,76.633
495.24,826.67
498.85,438.33
500.39,928.5
498.5,1082
533.77,762.46
543.08,575.29
545.84,407.57
544.8,914.44
553.85,707.16
552.93,967.91
560.02,767.06
575.55,171.97
579.54,491.19
586.74,879.29
601.69,721.55
620.1,933.38
624.78,583.99
622.5,261.5
628.45,680.42
628.31,992.74
633.15,324.64
632.08,1057.9
639.41,461.07
646.44,994.15
651.23,403.76
649.34,158.38
656.9,828.38
669.32,933.78
678.01,747.91
682.89,174.28
682.29,589.83
684.88,105.11
700.71,530.22
709.6,799.86
709.39,669.87
712.59,343.11
712.82,1027.2
712,592.5
718.29,923.65
724.91,1175.1
720,1216.5
723.34,892.6
739.09,1187.6
743.65,56.261
743.78,491.5
750.73,146.85
748.5,90.5
755.41,801.93
768.04,390.58
768.68,1221.3
779.18,964.11
776.67,98
782.53,604.56
793.84,780.57
798.09,512.12
800.93,643.59
808.98,909.62
804.5,958.5
809.17,288
813.95,143.69
818.73,784.35
816.33,1246.3
818.61,1148.4
817.84,79.46
819.39,185.39
820.07,274.59
838.87,407.86
836.67,584
840.5,832.95
843.58,337.67
849.08,1238.8
853.72,219.41
855.92,705.03
861.69,690.09
863.69,269.81
864.83,1197.6
877.96,820.63
881.94,770.29
886.29,1101.2
895.37,479.52
898.01,705.73
900.36,861.77
900.62,957.62
906.6,891.2
912.27,810.21
911.21,1195.6
910.05,831.04
910.12,1071.1
912.33,1106
914.39,319.29
916.91,449.09
934.53,1053.2
939.11,843.41
942.74,878.46
947.08,628.44
945.92,434.8
948.36,1186.9
952.97,447.41
952.83,364.48
956.17,673.39
963.11,605.58
967.02,524.61
968.24,819.03
972.88,47.846
972.77,90.604
973.42,1079.6
985.87,185.87
990.49,513.76
997.14,424.18
993,5
994.77,104.36
996.27,121.82
996,1014
998.47,850.47
1013.3,1241.6
1014.7,497
1017.4,694.71
1021.1,1211.5
1024.3,1047
1031,81.576
1030.6,264.28
1030,434
1033.7,675.08
1039.1,201.59
1041.6,617.53
1041.9,731.19
1044.7,1023.9
1050,1165.1
1059.4,356.11
1059.4,988.38
1064.8,175.9
1066.9,466.97
1076.6,906.92
1075.9,1010.1
1080,449.09
1081.8,1182.1
1090.6,1153.2
1088.4,1245
1086.1,956.09
1086.4,1002.9
1089.2,1075
1100.5,1229.8
1103,494.5
1103.4,1110.9
1106.5,205.5
1105.5,804.5
1110.2,707.02
1118.9,945.96
1120.8,1241.9
1118.4,735.11
1128.9,81.631
1133.1,657.43
1135.9,499.54
1140.4,315.64
1142.4,189.14
1148.5,540
1147.8,930.93
1153,573.5
1157.5,458.06
1160.5,285.02
1164.5,994.55
1165.3,244.62
1170.5,395
1172,204.26
1185.1,631.43
1203.9,916.09
1210.3,502.44
1217.7,742.37
