62.5,1127.5
165.94,181.69
183,28.583
345.94,1013.8
396,157.5
404.08,81.56
412.68,966
428.41,214.35
431.69,167.6
437.56,226.15
446.08,245.28
450.1,228.38
467.45,153.08
468,81.652
474.11,172.58
484.38,274.36
474.72,315.78
505.55,307.29
507.42,183.45
525.32,1215
526.5,88.5
528.91,315.87
531.2,427.44
532,3.7193
561.5,1014.5
568.5,2.4
604.14,413
616.17,876
675.13,790.17
683.63,399.3
736.5,470.5
759.93,728.59
797.5,749.5
824.95,202.17
828.5,982.15
942.65,212.2
977,1236.5
1004.7,825.29
1101.5,150.07
1105.5,903.5
1160.5,1130.5
1202.6,891.6
1204,1025
1243.8,865.09
