5.4359,493.92
8.0571,837.57
10.5,636.5
13.31,662.48
14.887,946.83
17.576,799.42
20,1031
30.868,747.59
27.196,835.52
32.104,379.56
31.667,1218.4
32.667,175
41.302,488.56
51.017,932.69
50.419,742.55
58.277,811.47
62.297,838.08
63.403,926.45
69.018,999.35
72.69,976.14
80.314,912.91
87.698,636.53
100.96,902.84
102.9,688.9
105.52,135.55
111,614.5
115.57,793.64
126.3,994.46
125,763.5
125.24,1075.6
129.58,710.11
133.54,851.98
140.92,945.19
139,637
143.01,396.94
152.9,911.41
161.94,1003.4
163.25,604.38
167.9,1114.5
170.97,817.42
172.12,580.95
175.94,914.84
174.45,859.5
177.43,151.39
181.63,1065.4
182.16,1109.5
181.06,1227.9
196,918.5
206.5,1065.6
224.26,760.22
233.98,31.756
233.5,781.22
238.43,354.6
245.78,1006.4
248.83,1063.9
253.06,533.35
256.14,909.36
264.7,197.21
269.57,770
268.5,671.5
276.9,3.549
282.55,955.58
292,1134.2
295.03,145.09
298.09,657.05
302.54,1245.3
303.92,1035.4
314.19,762.98
316.21,843.76
326.99,1075.4
338.63,1196.1
352.24,816.97
354.5,921.37
365.77,960.91
367,611.5
382.38,789.08
395.45,118.42
410.65,222.45
416.9,839.62
419.87,96.8
422.5,1185
436.67,983.01
466.91,1207.9
477.84,1181.9
477.25,666.16
482.88,1020.9
486.28,882.79
485.9,928
491,69.5
506.55,863.53
510.39,764.65
520.93,398.07
525.5,972.5
536.06,870.32
541.29,1014.7
545.53,454.47
543.74,774.32
548.56,174.03
557.62,153.81
568.39,1077.5
571.65,658.38
591.58,1238.3
603.75,918
607.94,1037.6
621.97,34.163
633.07,947.89
632.4,1121.4
649.84,334.06
655.09,105.09
656.78,909.23
656.17,854
656.37,880.97
674,543.14
684.77,1110.8
685,110.75
690.91,222.26
706.63,1155.4
708.88,729.04
709.82,145.93
726,18
741.5,624.5
756.52,1113.3
769.45,11.471
776.87,746.62
775.28,654.88
780.42,518.98
780.17,199
779.5,1037.5
783.42,994.58
786.91,309.4
790.66,705.38
795,1039.8
798.03,888.94
822.09,871.09
833.92,407.08
837.52,1107
841,231.68
853.41,864.89
855.14,526.19
866.58,572.42
871.55,296.29
874.94,428.57
876,1013.2
880.27,685.61
882.37,553.84
888,324
895.87,165.46
902.28,787.46
903.56,200.66
905.61,1131.6
909.07,733.59
913,395.68
918.41,84.529
918.07,691.41
922.1,822.71
921.02,28.717
920,349.5
926.08,66.917
940.3,814.06
950.04,348.48
953.58,182.71
956.25,762.92
955,115.5
957.57,738.44
960.09,837.06
970.1,802.14
968.78,229.1
971.25,704.88
968.63,1025.6
968.58,502.11
971.69,1093.9
974.7,14.046
974.03,1174.2
978.5,125.5
981.61,377.61
982.84,889.4
988.81,636.95
988.23,764.74
992.94,323.43
995.39,425.47
996.61,35.126
1005.6,345.11
1009.4,575.06
1008.1,532.92
1015.6,1120.4
1019.1,755.67
1021,1179.3
1020.9,1007.4
1025,110.67
1025.5,446.02
1024.6,477.07
1026.6,940.76
1033.8,41.564
1037.4,544.84
1036.1,1199.9
1036.4,583.39
1044.1,438.96
1046.5,1227.9
1053.4,1245.2
1058.2,1085.4
1066.8,418.19
1068,583.95
1068,388.25
1075.1,133.89
1081.4,552.91
1081.1,238.55
1081.5,402.46
1080.5,816
1090.8,431.61
1090.4,1075.5
1102.3,369.83
1112,1066.2
1104.6,764.76
1106.4,410.29
1108,472
1110.3,385.35
1109.4,745.78
1118.3,906.61
1121.3,1211.1
1129.8,947.37
1129.7,802
1136.2,1207.2
1134,239
1141.6,1143
1146.1,1034.6
1154.8,1117.9
1156.1,4.1282
1155.6,643.42
1164.2,471.07
1167.1,1170.1
1173,348.37
1171.4,608.33
1173.1,1194.6
1174.3,1092.2
1178.6,842.28
1179.3,1028.1
1199.5,896.87
1206.7,757.24
1212,1171.3
1216.8,497.72
1217,392.26
1221.5,1102
1224.4,1022.4
1227.6,1174.3
1236.9,967.92
1238.8,1188.1
1244.2,1158.4
1245.5,140.7
1245,1080.5
