3.0833,300
4.9301,532.7
2.8,624.32
7.3732,641.58
4.5,877.5
7.6339,741.46
7.3143,1094.2
11.847,514.28
20.857,417.9
17.105,653.58
16,826.5
17.5,317.5
19.939,1243.8
22.208,2.2917
26.438,454.7
26.185,873.41
28.69,130.1
34.531,1193
31.946,269.43
41.199,20.336
37.683,336.37
38.128,362.87
48.462,292.86
46.429,497.91
49.096,6.3077
50.895,608.58
55.8,959.15
59.257,1030.3
55.769,1138.5
69.138,633.26
57.091,157.95
58.259,267.07
59,590
61.811,693.91
66.35,201.76
69.138,1015.4
66.091,967.09
70.305,402.47
69.585,832.35
74.423,288.5
75.958,467.37
79.44,1224.8
80.579,302.89
89.091,919.09
91.894,395.59
93.014,264.72
94.614,339.78
102.97,3.4789
99.526,1090.2
105.92,902
106.03,172.18
103.32,248.44
105.44,719.78
109.47,390.85
118.49,585.1
115.42,1204.3
130.81,1043
127,838.5
126.33,932
131.11,1157.3
144.86,583.81
137.12,118.21
141.03,900.04
141.42,973.89
144.42,69.424
149.36,832.13
149.93,1227.6
153.46,116.22
152.11,1010.4
165.48,569.59
167.68,397.05
168.31,946
171.25,1194.1
166.5,1214
171.01,6.05
170.5,1238.1
181.94,9.3099
180.2,36.244
182.58,1231.7
189.27,292.52
202.51,6.0657
199.38,1017.6
199.87,25.395
204.58,897.95
207.71,339.1
206.87,58.41
206.8,724.3
208.72,798.2
210.86,512.9
206.73,830.35
211.42,17.548
220.68,549.05
220.81,1189.9
221.56,829.92
223.97,22.438
223.11,510.58
225.79,994.51
226.92,141.13
230.19,295.16
236.42,352.53
236.5,1062.6
239.87,885.88
240.93,822.44
243.5,532.5
267.47,81.143
264.09,596.09
265.43,946.45
269.07,670.86
281.17,218.92
279.72,599.28
278.37,684.37
280.2,802.52
281.5,1138.5
285.36,234.32
286.38,550.16
292.39,1029.5
293.24,586.5
294.88,1229.9
294.41,319.04
302.53,431.11
303.53,196.47
310.35,210.55
312.14,601.91
316.51,524.43
322.25,14.289
327.49,846.96
325.92,995.08
331.44,689.45
333.08,557.08
333.5,83.5
337.39,1079.2
338.41,184.93
346.19,170.88
349.53,876.94
356.58,619.58
362.74,667.45
367.43,54.736
378.17,689.84
383,191.34
379.09,169.09
388.74,1135.8
385.94,1212.3
387.56,800.46
395.37,960.57
393.2,171.91
399.53,704.76
402.83,633.93
402.4,184.4
408.48,458.66
410.08,854.23
409.56,37.034
409.79,80.881
409,111.5
411.5,495.5
415.29,161.15
415.5,220
425.5,833.5
428.63,207.37
437.5,685.4
441.92,718.94
440.17,179
441,417.5
448.98,943.05
446.94,420.59
447,908.17
455.57,1143.6
460.85,1232.8
460.91,201.91
469.65,20.303
476,448.83
482.42,459.89
483.22,1105.9
486.57,762.39
490.87,554.06
490,1061.5
491,659
493.93,1160
496.66,393.91
499.67,375.29
500.11,72.421
504.38,708.32
509.59,489.33
508.91,316.91
520.84,739.51
525.69,185.83
529.38,445.11
533.3,559.8
531.33,764
536.93,974.09
544.82,1229.5
549.29,471.5
548.42,1119.1
558.76,1089
569.56,40.371
571.23,735.53
574.74,804.25
581.11,1220.2
582.07,707.07
581.42,846.11
592.04,6.8176
590.52,1029.6
590.54,1244.6
595.78,742.26
599.04,709.17
600.5,632
601.5,48.5
605.77,512.11
615.69,266.87
619.58,298.27
618.54,1099.7
619.93,874.44
624.24,1115.1
623.13,597.17
626.51,892.35
630.19,346.33
634.08,829.18
635.95,332.9
641.54,850.22
639.55,1171.6
642.05,587.34
643,3.6279
644.07,562.09
648.46,883.13
652.59,1030.1
655.77,44.233
657.84,5.7143
656.5,72.647
662.73,224.73
671.43,1173.7
674,944.5
679.39,132.57
688.35,350.94
694.21,818.98
694.35,286.88
694.58,585.11
702.65,333.15
703.3,730.89
708.5,389
710.84,110.43
710.29,625.71
727.45,53.508
723.48,321.4
720.9,1038.4
724.82,988.93
724,933
724.95,1011.8
732.98,3.6961
727.55,1208.6
733.58,439.73
733.83,634.08
734.44,223.46
734.17,353
735.63,582.23
745.77,398.77
742.14,886.5
744.57,817.61
749.93,569.04
754.17,117.22
757.81,14.681
758.24,1175.5
760,497.5
763.34,672.62
776.57,3.0816
776.5,961
785.26,933.84
783.17,859.33
785.5,141.5
788.63,390.04
787.86,634.86
791.56,884.74
796.31,607.17
798,331
802.91,534.71
805.16,627.73
802.59,558.94
805.59,170.93
808.95,246.83
811.38,723.18
813.59,881.85
814,220.5
819.27,71.961
821.67,623.52
820.85,906.29
823.22,434.54
824.75,819.59
825.59,871.09
825.37,996.87
834.42,271.37
834.74,886.39
841.62,505.65
836.83,560.38
840.38,293.4
836.5,1136.5
844,6
848.31,110.05
848.19,155
848,180
854.19,1242.1
858.27,685.27
856.01,621.45
860.63,56.371
856.88,420.78
858.3,605.75
855.5,436.5
857.31,1195.8
860.15,254.54
864.5,4.425
864.5,209
865.09,1169.9
865.57,348.39
869.85,355.35
872.21,1129.3
879.3,1230.5
876.89,114.42
883.47,664.09
886.89,427.68
886.42,871.89
891.92,905.67
891.46,605.97
890.33,552
900.82,1026.6
895.5,783.5
900.23,1161.3
899.21,863.24
898,239.5
899.76,275.49
899.14,1011.6
909.69,880.42
908.75,129.39
909,817
916.08,994.38
913,959
922.57,1120.6
917.57,127.61
919.58,680.11
923.18,1082.2
942.82,774.24
935.58,703.02
940.37,422.15
941.18,218.95
940.25,829.44
943.32,536.89
940.67,1103
951.82,104.03
949.1,852.6
955.15,1091.3
956.09,28.909
964.5,327.24
963.53,560.07
967,921.24
968.5,856.44
972.23,518.57
975.79,21.708
978.45,1064.6
977.53,1188.5
977.91,627.09
983.7,1085.3
980.56,177.2
981.5,609
984.21,955.1
984.98,395.17
985,887.68
995.56,398.92
1001.5,440
1002.6,533.57
1006.6,974.26
1007.1,72.81
1016.5,692.35
1023.9,548.62
1028.1,232.06
1027.6,883.59
1028.1,155.05
1031.4,377.55
1035.7,41.926
1035.2,531.71
1035.4,195.39
1042.9,997.15
1044.3,828.51
1046.5,462.58
1050.7,880.12
1052,796.28
1053.7,1022.6
1054,82.679
1056,700.17
1062,1145.2
1073.7,872.42
1068,142
1069.9,388.66
1068.9,557.57
1074,255.25
1082.4,282.72
1079.2,335.5
1079.7,897.53
1082.4,825.53
1084.6,148.43
1090.6,618.45
1093,594.23
1093.9,239.89
1096.9,1089.9
1099.4,260.78
1100.5,277.16
1099.3,1189
1107.8,1003.4
1114.5,56.067
1111.4,1140.9
1112.6,341.33
1117.5,1205.5
1124.5,1179.9
1121.3,1217.7
1124.4,408.96
1136.6,293.65
1136.2,765.1
1143,59.447
1144.4,1162.9
1149.2,676.72
1152.1,236
1148.4,359.07
1149.6,890.61
1152,1169
1160.6,714.58
1161.8,784.14
1162.4,999.05
1160.4,1227.2
1164,527.5
1168.6,30.429
1180.6,987.55
1183.4,829.19
1182.1,35.167
1189.2,370.25
1189,593.89
1187.7,1033
1188.6,1224.6
1193.3,24.935
1204.8,799.46
1195.8,213.41
1195.5,225.35
1195.9,287.48
1195.3,79.342
1198.9,1004.9
1196,1176.1
1198.8,1244.8
1199,835.76
1200.1,897.08
1203.6,263.47
1204.5,386.5
1204.7,939.93
1205.9,432.08
1225.2,654.46
1205.9,848.91
1214.5,614.5
1221.7,958.02
1233.6,716.94
1234.5,699
1238.5,175.5
1239.4,979.5
1241.5,782.08
1244.3,676.02
1245.4,986.5
1246.6,51.828
1246.6,1022
1247.2,41.4
