3.0909,305.89
16.882,829.39
17.939,64.97
32.975,245.17
30.5,323
54.678,389.86
54.15,230.39
60.793,906.77
56.931,338.41
59.27,827.28
63.4,106.4
67.37,438.48
70.435,110.61
76.963,69.748
80.588,29.325
80.891,799.37
84.436,492.53
87.262,330.74
88.581,735.45
99.5,835.65
115.71,348.51
110,80.5
123.39,98.139
123.68,732.36
126.18,151.62
131.83,346.49
134.33,116.17
137.31,217.83
141.2,82.704
143.99,400.55
143.92,203.76
145.7,829.88
148.09,326.98
154.76,449.92
145.39,521.14
150.24,714.19
148.76,948.06
159.03,923.45
160.06,680.03
168.58,433.7
166.29,614.71
169.74,205
171.03,351.86
171.32,532.78
171.18,680
173.52,109.58
173.36,707.98
181.62,790.82
179.09,150.09
186,893.35
192.5,833
200.14,105.77
198.32,742.75
199.51,783.23
197.5,34
199.9,59.7
202.08,933
205.91,272.91
209.55,184.9
213.1,203.53
218.58,985.16
217.79,136.86
227.55,82.054
225.23,954.63
232.51,114.43
234.48,755.21
247.27,392.81
244.92,473.86
246.6,107.75
248.14,681.86
250.07,834.53
257.67,464.12
255.91,15.712
255.62,865.25
257.34,434.06
259.5,342
265.9,181.17
272.66,1076.1
274.88,1010.9
282.3,837.18
281.91,132.5
283.18,198.27
289.33,883.93
292.14,305.27
290.93,391.93
295.8,917.69
298.26,678.83
301.06,456.09
304.57,241.02
305.63,568.42
306.5,495
311.21,334
309.19,647.86
315.12,714.64
322.9,654.1
325.98,469.88
324.54,99.081
326.43,88.054
337.86,523.14
345.28,1110.9
347.84,480.78
353.71,223.92
354.56,839.87
353.26,5.1852
357.42,1015.1
363.7,319.65
361.37,955.63
362.41,920.07
364.4,217.78
368.43,714.05
376.09,312.07
373.94,682.76
376.03,281.88
375.5,1059.5
381.68,396.06
379.54,625.8
384.18,886.4
390.44,1080.1
392.03,480.42
393.25,513.28
394.78,440.53
400.58,368.47
402.61,1204.1
404.79,299.35
404.41,902.35
407.95,764.64
410.39,23.951
414.58,1242.1
419.72,737.87
417,144.5
418.88,1026.4
420.79,960.45
436.07,50.95
438.11,344.83
439.5,633.9
443.9,782.29
445.4,146.24
453.32,767.59
462.93,1009.2
466.69,493
470.14,1133.1
468.4,321.6
475.56,928.08
483.97,885.44
491.96,903.57
497.18,122.08
498.64,547.25
500.56,597.25
504.43,421.61
511.1,39.41
517.13,561.33
521.53,123.93
524.64,614.93
528.44,1026.3
533.57,351.36
531.04,273.42
533.05,240.93
546.04,269.14
545.51,982.49
545.88,1144.1
547.03,823.41
554.41,959.88
557.23,309.24
563.54,739.42
560.06,1175.1
563.06,521.37
572.23,209.54
575.55,31.938
581.67,974.17
590.82,53.6
592.34,262.1
593.71,1080.4
592.07,155.59
593,632.17
599.42,332.23
623.3,99.948
636.31,309.86
632.5,523
641.97,1038.3
650.58,787.11
661.31,849.21
659.74,1144.1
663.09,379.13
672.74,406.19
672.46,254.43
674.56,354.07
677.58,1166.1
680,967.75
685.91,575.16
686.41,280.04
686.95,997.84
690.03,228.55
691.43,206.36
691.17,663
698.01,51.352
693.5,143.5
699.28,100.85
696.36,247.23
707.29,61.194
708.53,571.17
715.53,104.21
715.58,53.105
717.92,348.08
733.06,616.67
740.1,1203.7
737.6,161.64
743.47,531.51
743.94,621.65
745.64,653.86
746.57,353.57
751.12,307.74
751,387.5
755.21,326
766.29,711.88
765.06,946.79
766.56,1236.2
783.27,1201.3
777.58,945.58
780.29,143.12
780.25,561.88
789.04,823.01
789.8,651.74
791.6,690.71
794.71,335.35
793.68,48.265
795.5,871.38
798.89,460.5
802.04,585.99
802.07,892.04
806.08,1196.7
819.09,880.91
820.88,974.06
821,177
825.2,425.24
824.61,342.69
825.88,501.21
827.96,183.31
827.82,672
836.87,639.06
840.52,665.05
840.91,1129.1
842.44,22.111
843.47,186.28
858.25,836.95
860.03,519.12
862.01,152.42
863.09,1007.8
868.38,744.62
872.98,264.55
874.97,1191.3
878.04,946.33
878.56,188.44
885.62,782.46
889.02,647.12
893.19,297.97
897.44,1033.2
897,1057.2
903.85,561.34
907.87,62.212
905.07,288.41
907.22,300.33
908.03,1183.3
912.19,193.93
916.86,1030.8
920.41,1068.1
920.72,941.08
923.53,61.242
921.5,214
926.09,618.91
929.66,33.422
930,1034
932.07,1094.1
937.98,332.09
942.5,646.5
949.98,374.07
948.38,434.22
959.5,990
974.8,402.36
971.92,263.92
973.07,1187.4
976.14,184.63
976.56,42.246
977.16,1083.6
977.92,1100.3
981.29,165.49
987.63,364.14
990.95,450.43
990.5,842.5
995.25,986.12
997.15,42.938
1003,921.72
1004.6,70.165
1003.5,848.5
1014.6,100.92
1022.6,1188.6
1024,550.5
1028.7,582.37
1030.5,691.92
1029.9,963.96
1035.6,19.452
1039.3,699.13
1054.3,426.97
1055,216.03
1055.7,973.6
1054.4,841.86
1056.6,1125.4
1058.4,141.95
1058.7,1063.3
1059.6,496.88
1063.4,171.28
1064.1,125.96
1067.8,100.8
1065,646.5
1071.5,1216.7
1076,182.6
1075.2,732.56
1073,1138.5
1076.2,229.4
1082.5,144.5
1083.4,956.33
1087.9,83.224
1083.5,124.67
1088.7,168.47
1093.5,761.61
1092.5,946
1091.9,56.522
1099.4,129.61
1103.7,613.33
1103,1151
1111.7,848.96
1111.3,412.83
1120.8,143.76
1128.3,638.07
1129.1,1107.6
1132.5,789
1141.1,132.13
1141.7,996.66
1143.5,15.718
1141.1,113.17
1145.1,164.09
1159.5,733.35
1156.4,603.17
1166.9,104.76
1158.5,749.5
1167.2,147.11
1168.2,131
1176.8,125.88
1175.4,704.21
1173.9,732.94
1176.3,1108
1175.5,353
1193.7,117.48
1192.6,1166.5
1195.7,816.88
1198.7,131.73
1203.1,38.233
1203.4,87.309
1199.1,626.59
1209.9,952.64
1214.9,109.92
1211.3,353.85
1212.7,429.97
1216.8,1088.8
1222.6,1151
1230.1,84.982
1227.8,1103.2
1231.6,43.725
1232.3,71.403
1239,117.67
1240.1,389.76
1244.5,78.594
