7.2847,942.92
5.1667,1042.1
5.0571,1072.3
12,425
17.042,255.22
20.581,1206.5
21.5,823.5
35.602,921.74
35.102,147.73
36.679,684.77
36.945,183.66
50.509,1084.6
56.809,918.06
53.597,1133.9
65.948,44.532
67.091,736.91
68.633,552.63
90.401,1055.2
91.091,706.91
93.5,759
96.912,394.6
98.195,422.94
104.8,740.5
111.58,219
114.52,1196.5
118.09,981.58
120.5,1084.5
122.97,595.06
132.61,997.04
132.42,85.105
148.66,694.93
146.5,136
151.37,1196
151.5,157.5
157.25,819.61
155.9,1087.4
159.53,27.535
168.23,74.83
173.11,455.56
171.41,502.63
171.1,756.05
178.85,290.06
192.08,566.22
197.76,384.54
202.96,804.25
202.05,1213.2
205.99,237.41
222,1004.2
227.25,1059.1
225.72,1219.5
227.14,135.86
236.17,744
235.92,3.5962
235.93,91.556
238.43,885.67
243.77,130.84
249.17,1232
250.32,1063.8
270.19,940.26
271.55,838.21
285.71,1105.7
290.19,1206
295.22,762.18
298.83,954.6
299.63,227.67
297.44,519.08
311.85,613.67
315.85,141.13
312.17,84
318.89,1005.5
319.61,755.14
326.41,1116.4
330.86,408.41
329.97,645.78
329.43,287.96
342.69,1246
343.34,277.93
346.85,598.04
346.61,699.06
358.6,46.113
357.8,915.45
362,411.1
368.81,559.27
379.17,55.569
385.19,1151.9
391.55,751.29
404.66,90.547
404.93,1238.3
412.72,793.93
411.16,696.77
416,717.5
430.21,934.6
429.82,107.24
428.2,721.8
444.04,823.58
438.87,1167.7
444.43,627.54
445.31,533.17
453.46,1244.6
454.42,1058.6
456.44,220.95
457.55,161.57
458.62,736.66
466.79,92.149
470.75,1196.5
474.5,220.29
481.85,742.97
489,525.02
485.5,323.87
486.06,1093.3
493.48,899.94
493.52,1218.3
493,307
502.93,190.13
501.43,623.19
505.58,705.11
510.66,755.14
513,17.096
513.5,455.36
518.44,707.54
518.85,863.46
526.39,16.5
528.69,157.47
529.27,820.97
529.65,967.97
530.5,711
541.15,722.81
544.53,3.161
539.68,55
542.94,603.35
542.11,666.42
551.02,230.65
549,704
554.54,1102
557.06,504.36
563.55,81.598
563.16,983.24
569,1053.5
579.41,784.98
577.71,85.71
582.83,1143
587.36,756.99
589.98,48.957
601.63,375.89
598.9,24.625
601.41,877.5
613.62,658.71
617.72,734.75
617.17,1074.9
622.05,287.8
634.71,597.39
645.06,237.79
646.75,416.48
646.53,72.581
646.74,801.65
653.08,269.02
658.34,1178.4
669.67,764.21
680.23,1109.6
682.33,61.561
685.83,788.3
692.53,977.85
691.35,500.22
697.5,1217
699.29,452.69
714.23,1104
718.4,1204.5
721.74,110.38
732.75,315.38
750.37,679.72
749.17,1030.3
751.76,1016
758.31,807.27
762.79,338.87
765,507.5
765.37,1176
781.5,657.04
783.57,3.6136
795.09,245.08
793.5,523.85
792.88,815.04
797.17,648.65
803.03,800.24
807.16,316.27
809.64,1126.7
811.93,779.42
814.11,1167.4
821.75,183.05
828.04,474.56
828.84,1169.9
838.75,320.7
841.71,989.42
852.06,1079.4
868.94,1225.1
877.08,958.27
874.37,551.37
880.46,605.16
887.57,830.86
885.98,749.38
892.76,536.8
894.87,678.5
917,797.5
921.05,607.96
933.89,541.81
931.36,900.5
939.11,805.78
941.89,1242.4
953.22,504.2
959.71,653.29
971,450.74
986.34,145.9
991.17,327.01
995.41,602.2
996.3,1067.8
997.53,483.58
998.38,142
1006.1,740.2
1006.5,108.58
1013.6,1175.4
1019.1,722.92
1022.5,141.76
1031.2,895.64
1031.3,1223
1042.3,1049.9
1041.9,1203.6
1047.7,89.625
1079.6,394.44
1076.6,862.86
1081.6,779.3
1082.6,1188
1083.7,693.47
1088.2,602.51
1090.4,774.59
1092.4,158.42
1098.7,449.46
1100.3,221.1
1103.5,793.13
1106.7,826.21
1105.1,696.12
1105.5,1064.5
1109.6,592.59
1113.9,1004.6
1112.4,602.06
1121.4,685.39
1122.9,795.61
1129,285.35
1136.8,337.75
1135,788.42
1135.1,858.57
1137.3,618.85
1137.2,1228.4
1138.8,459
1140.3,603.92
1146.8,483.57
1150.7,1243.9
1151.8,737.04
1156.2,657.46
1156.1,828.63
1155.4,209.37
1157.6,763.52
1167.8,677.97
1177.2,877.5
1179,786.22
1179.2,944.73
1178.1,1164.2
1178.6,507.13
1182,1082
1179.9,984.15
1192.4,891.71
1188.2,960.23
1189.8,993.82
1189.6,712.93
1195.3,231.13
1198.3,762.87
1198.5,270.48
1207.3,389.15
1210.9,807.7
1211.4,62.417
1212.3,677.18
1214.4,1041.6
1229.2,899.1
1219.2,776.68
1225.4,853.75
1224.8,281.23
1220.6,605.61
1223.6,716.43
1226.2,676.04
1226.1,105.22
1223.9,975.09
1237.6,688.5
1239.4,701.63
1245.8,852.23
1247.2,816.15
