3.0847,63.458
4.4091,414.11
3.5254,875.34
6.6626,902.03
6.5921,22.921
9.6294,1215.6
14.345,787.93
14.579,66.105
23.243,738.24
23,399.38
22.867,497.4
25.926,563.59
29.182,10.955
31,1025.8
38.656,322.31
44.755,395.48
44.407,878.07
55.611,724.14
58.364,553.68
61.848,1078.2
64.812,980.65
70.87,1154.9
76.915,185.01
85.233,684.09
82.959,1080.6
88.375,296.9
99.4,570.04
97.957,779.23
99.158,930.48
107.54,132.78
113.09,208.91
114.75,535.74
115.94,469.69
119.23,399.44
120.4,488.91
127.14,857.33
129.55,1016.7
135.09,779.79
138.11,724.58
140,445.68
139.67,636
145.47,1164.4
145.1,9.62
144.87,1226.2
151.11,290.98
149.95,511.54
150,596.68
150,897
158.17,95.5
160.37,149.36
162.52,41.401
173.78,976.3
184.82,998.97
182.55,238.69
186.09,430.23
193.25,132.03
196.09,646.09
197.31,1181.7
201.72,1070.8
202,588.47
206.43,4.7213
207.63,374.5
207,844
211.09,531.91
225.35,654.81
231,166.37
231,315.5
233.05,525.41
237.09,646.77
250.2,1014.9
249.72,620.95
248.58,817.11
251,867.35
252.07,1059.1
257.15,375.81
257.78,17.36
259.73,85.712
265,229.86
268.7,656.77
274.62,602.55
280.09,315.45
276.82,1004
279.96,1160.2
283.46,1209.6
292.42,671.94
292.9,392.85
301.7,1054.9
315.63,598.18
324.7,641.91
329.18,1102.7
326.37,448.87
336.13,1179.7
346.01,889.62
346.89,255.59
358.8,444.74
362.69,45.929
370.5,996.91
369.77,435.01
385.2,247.76
387.4,33.549
392.64,650.76
393.11,72.784
393.63,1080.6
392.93,1112
394.44,397.36
399.42,422.42
400.36,875
403.18,154
407.62,34.734
406.09,738.09
411.22,101.55
414.22,355.71
418.6,684.42
421.5,370
435.77,644.84
434.95,334.18
442.86,588.45
452.67,770.36
453.26,834.89
455.83,1056.7
461.65,593.36
463.33,299.11
469.17,52.255
466.57,1096.9
474.5,437.71
476.5,178.26
486.07,1057
490.93,144.28
499.2,823.54
499.69,189.83
501.96,317.04
510.33,614.11
513.86,1147.9
516.91,195.02
522.9,759.9
533.21,350.96
535.77,404.42
535.61,751.48
535.85,1179.9
539.61,1037.9
542.86,22
547.97,134.61
550.07,549.65
551.09,93.419
555.69,935.79
555.96,205.05
557.5,1053.9
564.16,352.64
562.37,499.37
570.13,309.88
577.22,1225.1
582.41,201.24
588,245.5
600.96,82.294
607.99,1041
608.51,984.6
624.66,589.9
632.11,1153.6
639.41,884.07
642.6,920.59
647.62,633.96
647.73,279.49
655.85,834.5
670.18,468.62
683.61,666.86
690.94,896.9
689,720.5
695.14,177.91
703.25,669.62
711.87,868.8
715.03,360.54
718.38,218.42
717.71,714.15
721.34,780.15
724.5,667.23
727.68,1082.1
730.91,841
736.45,407.03
749.56,612.71
764.55,842.57
771.5,797
787.61,450.07
793.08,403.8
796.23,826.97
805.89,328.89
808.5,944
809.96,1003.2
822.36,520.45
827.52,770.83
827,597.35
835.56,839.08
855.84,1184.1
865,455.75
871.57,608.5
872.71,476.4
879,161.24
880.49,1216
891.36,1093.4
890.91,547.09
895.45,750.82
910.15,709.46
913.14,541.67
915.5,884.5
923.3,312.53
922.5,284.5
927.07,21.593
932,104
931,718.32
937.95,653.03
943.75,1188.1
947.77,362.33
949.71,658.45
953.35,990.56
952.69,257.94
964.62,769.53
965.53,504.27
974,235.5
985.38,784.95
1002.9,526.68
999.42,938.58
1001.6,1048.6
1006.6,593.42
1009,662.63
1017.3,61.955
1017.9,300.13
1020.9,426.09
1019.3,649.94
1026.2,222.95
1033.2,106.13
1034.6,148.18
1040.4,512.11
1044.9,545.2
1052,817.83
1053.5,988.5
1062.5,516.67
1072.3,597.29
1078.5,583.14
1079.7,743.66
1086.1,1111.6
1089.1,198.73
1093,1058.2
1091.5,909.11
1095.7,148.64
1109.7,403.03
1111,1123.1
1112.4,466.02
1117,79.566
1119.1,272.19
1124.9,751.09
1122.6,1100.9
1126.4,602.21
1128.8,1217.5
1132.6,825.11
1143.8,298.79
1137.5,905.38
1138.5,1235.7
1143.4,167.4
1150.6,1190.9
1152.5,1086.4
1152,635
1162.7,55.043
1164.6,990.5
1167.6,1109.6
1170.1,851.46
1172.6,633.45
1173.9,829.28
1183.1,1085.9
1184.7,348.74
1191.2,791
1190.4,185.11
1191.4,385.07
1206.5,272.86
1206.8,1039
1219.8,782.62
1230.8,1051.4
1237.8,458.14
