3.4,253.82
6,648.89
7.4444,487.07
11.408,74.42
28.328,727.51
36.566,1223.8
40.866,1090.1
45.551,310.94
41.465,512.95
46.336,433.25
41.917,912.08
45.395,896.71
47.609,235.12
52.157,867.01
53.967,913.84
58.513,194.66
64.747,30.804
76.46,827.86
76.91,1191.9
78.091,746.09
88.5,870.55
92.03,971.95
95.579,252.11
117.9,964.41
124.81,1041.2
123.91,191.91
126.5,48.5
140.08,750.08
142.19,1040.1
148.02,207.78
147.56,282.69
147.42,1242
162.18,491.45
164.6,1074.2
167.68,894.18
163.56,921.92
173.19,58.286
172.94,347.02
180.02,910.86
175.58,865.42
184.86,309.35
185.75,460.71
185.53,377.23
190.05,33.213
197.67,749
209.43,938.5
218.41,146.98
222.97,45.465
228.45,848.59
233.43,1199.6
235.9,376.57
235.92,755.67
238.67,501.84
243.11,349.2
243.04,1180.7
249.92,297.53
255.94,270.94
257,849.5
260.78,1220.9
262.54,833.93
273.85,663.06
273.93,1083.5
275.38,1002.7
275.87,855.78
276.5,503
282.15,353.3
289.21,128.38
290.21,560.73
293.17,1038.6
300.43,1067
307.58,123.58
310.06,294.55
316.08,911.37
321.91,1006.1
336.53,387.31
335.16,657.57
343.89,1040.2
357.36,687.34
358.46,1017.6
362.54,709.53
363.79,1236.6
369.63,873.07
377.04,588.32
378.85,540.46
384.54,562.48
390.5,1245.3
395.91,1151.1
398.45,1018.6
400.6,708.46
407.79,14.853
414.25,602.67
413.1,457.62
416.35,1072.6
423.4,1152.8
428.4,664.46
431.86,773.65
437.18,102.56
435,127.5
448.28,859.64
451.42,12.422
459.3,230.23
459.41,606.93
472.41,295.52
467,648
467.37,1062.4
489.5,1.9091
491.6,596.59
493.22,1107
501,756.24
517,584
526.28,857.98
531,776.5
530,441
532.47,922.72
538.54,747.35
537.5,468
559.82,1161.9
557,520
559.61,602.8
558.91,626.42
559.92,551.54
580.62,858.45
581.07,76.593
586.92,596.38
589.46,339.11
597.39,511.14
605.52,211.67
603.71,892.55
605.63,429.33
613.41,1243.6
619.57,1182.2
617.58,1032.9
633.05,974.4
648.93,890.85
650.34,617.53
674.87,465.51
674.63,15.574
677.48,941.49
686.38,403.26
684.5,1129.8
691.47,651.16
699.23,559.45
695.07,1209.9
705.06,1178.7
714.41,1009.5
720.52,361.85
720.2,236.89
733.27,496.84
733.78,984.66
736.13,932.87
739.93,676.41
758.02,653.56
760.68,1160
758,685
764.68,496.69
767.61,302.61
768.65,318.88
775.05,1109.6
782.5,561
788.96,53.8
801.48,306.37
810.57,639.53
810.93,1217.4
845,584.83
847.5,1133
852.77,1177.9
856.96,883.27
859.77,1165.5
859.93,602.41
862.68,1193.3
864,35.5
872.71,348.16
875.03,309.83
884.89,494.22
882.49,1244.2
890.91,1157.9
898.13,326.91
912.84,386.97
920.54,908.34
943.98,994.68
945.96,790.28
949.7,679.84
953.07,437.41
960.42,1121.9
959.37,1201
986.56,180.77
990.24,53.518
993.28,1075.1
991.74,956.54
998.72,1121.1
1005.6,219.09
1011.2,1122
1009.9,1168
1011.4,904.45
1017.8,360.47
1024.4,847.7
1028.3,605.4
1023.3,1121
1037.4,501.67
1049.5,6.736
1052.3,613.31
1060.3,1240.9
1060.8,25.5
1069.6,433.45
1071.8,22.676
1090.5,1114.7
1097.4,869.18
1095.7,1233.7
1095.2,1148.9
1098.4,458.8
1101.4,120.08
1106.3,506.04
1108.3,651.51
1107.5,1245.6
1113.5,1179.6
1115.4,186.02
1120.2,1046.6
1126,801.82
1127.6,385.05
1137.1,34.681
1132.5,169.92
1131.6,513.11
1136,760.77
1136.3,1173
1138,617.4
1138.2,961.37
1139.2,944.48
1144.5,376.71
1148.6,1234.1
1150.9,164.43
1147.6,281.12
1149,1110.6
1158.3,1099.8
1159.9,698.88
1165,524.81
1168.1,932.29
1177,967.5
1183.3,212.13
1182.6,492.32
1186.4,826.09
1184.2,1157.9
1211.2,1227.7
1212.7,941.88
1222.3,1207
1221,230.5
1222,717.72
1230.2,1091
1236.4,1126.6
1232.8,1235.7
1237.6,1190.1
1240.9,202
1244.3,970.56
1246.2,456.7
