15.504,126.98
2.2,203.88
9.1176,225.89
2.8182,282.24
1.5,303
14.629,362.83
1.7308,438.08
91.563,421.65
2.3864,559.27
5.6491,585.85
3.5702,697.36
1.5,882
8.2654,915.29
15.016,1000.6
15.254,1162
30.297,1237.5
2.2963,1240.6
20.039,1296.3
11.386,894.61
9,438.67
15.63,753.79
11.143,243.2
263.15,274.48
61.614,562.88
15.5,315
17.615,1198.8
18.5,347
26.055,1086.1
24.579,1137.9
33.69,615.92
68.04,886.97
33.154,151.23
41.128,1209.1
18.546,637.98
56.282,973.13
44.599,1038.2
48.346,1090.7
38.855,1155.3
39,141.83
38.4,762.6
54.376,325.78
75.907,1194.8
102.73,165.77
64.254,722.79
55.545,1055.5
57.296,1154.9
65.003,616.98
60.718,1321.7
58.143,451.86
63.397,1276.9
71.358,231.21
62.339,1063.1
67.108,1010.9
66.471,512.8
121.95,510.07
73.237,1140.4
73.323,833.06
103.84,1328.1
80.98,1105.7
103.33,1036.7
78.558,1080.3
91.5,627.74
80.061,1180.6
83.097,1295.8
87.862,1281.3
95.392,918.6
96.513,1297.2
103.49,1064.4
94.818,1077
97.714,797.26
104.57,220.18
103.89,932.29
104.49,1051.2
117.84,781.44
108.5,907.5
112.17,766.67
102.86,985.76
122.22,1172.9
115.41,1141.4
179.16,1243.5
122.41,424.97
123.98,490.52
120.5,1119.5
138.66,941.43
131.48,571.13
134.13,843.73
271.18,444.08
218.63,762.58
134.41,1010.4
134,384
152.7,742.63
174.79,1089.3
140.5,385.5
144.44,902
149,670.5
150.42,722.72
171.13,982.2
168.71,1151.1
183.5,835.33
153.62,1274.7
164.54,1315.4
162.29,108.58
159.93,1213
180.78,882.25
162.87,710.35
161.04,1226.4
169.17,1038.5
163.45,1279.6
176.54,697.3
168,959.88
234.16,944.49
185.9,532.96
176.37,139.37
175,951
183.85,957.95
185.71,110.2
181.52,212.22
184.36,728.89
189.56,1264.9
183.14,132.59
184,127
198.9,1008.5
208.37,972.08
221.56,1166.1
218.52,1195.8
204.52,689.2
200,857
208.5,902.36
208.08,1219.6
213.75,1016
223.27,466.95
215.02,133.35
240.23,362.72
220.49,909.86
216.57,671.43
229.57,640.05
225.48,1330.7
235.53,61.772
228.81,383.16
229.12,978.83
232,922.52
300.13,1026.6
243.62,988.82
242.93,1172.8
256.95,1327.8
249.87,386.34
262.38,691.75
250.43,1296.3
268.13,79.24
260.42,1085.2
317.75,1114.6
280.68,457.68
295.24,17.707
287.99,1265.7
281.77,372.64
274.9,1179.7
281.4,1049.6
271.4,1220
272.58,165.22
274.23,738.77
274.04,989.6
280.07,814.97
280.1,656.12
282.43,55.925
337.62,77.028
284.33,1226
287.2,664.68
288.3,1093.2
290.48,493.48
293.36,597.08
302.08,729.96
298.15,344.38
295.49,817.19
312.95,212.68
308.35,887.44
332.92,605.45
310.59,1287.9
314.81,1322.8
312.32,913.27
316.45,585.01
317.59,354.52
318.59,1000.2
323.36,541.89
323.42,780.45
329.9,22.503
328.29,294.27
331.13,1282.4
335.73,974.77
343.44,1215.4
360.88,1008.8
340.18,685.35
339.94,806.38
340.71,882.53
342.5,7.1
353.35,771.26
355.68,978.38
356.53,1030.9
353.97,511.21
352,879
407.31,609.16
404.01,99.397
362.77,146.17
378.42,1293.1
361.5,392.5
378.81,1071.9
368.83,843.91
369.04,806.22
394.97,174.94
376.23,267.35
386.82,872.27
383.77,840.38
382,952
385.11,221.58
449.59,221.86
389.97,1182.8
406.87,779.58
394.96,625.84
395.93,1320.6
403.09,730.65
399.64,849.86
407.71,1046.8
445.42,509.08
404.74,904.69
401.06,1126.6
401.26,1115.3
411.43,820.45
405,803
405.98,1169.5
413.65,1197
552.76,1125.8
422.23,1228.8
409.59,749.69
417.95,985.67
412.37,353.13
413.56,432.32
416.65,4.7532
425.76,1121.4
417,1107
450.53,941.83
424.32,189.19
410.17,1253.5
424.55,726.12
423.02,1180.3
425.33,347.28
423.32,420.8
432.12,1018.5
447.6,1287.2
437.31,987.48
434.5,1298
448.57,576.93
509.32,1258.5
445.08,2.4167
443.5,42
445.54,632.14
446.5,1085.5
486.29,849.06
449.09,868.05
452.11,711.11
460.9,1132.1
459.68,364.45
479.43,975.91
462.19,1165.3
469.05,1020.3
526.14,40.92
461.89,2.1429
481.75,387.23
468.32,240.94
487.51,74.116
479.44,753.2
481,547.5
484.2,1030.5
484.23,255.25
491.25,436.64
485,541.5
500.74,1189.2
511.21,402.05
507.93,1041.3
510.28,1329.4
657.19,171.62
502.75,1144.1
506.78,933.29
510.93,94.632
515.54,787.94
512.65,583.35
562.66,945.37
544.6,136.61
519.59,66.333
520.27,307.63
523.01,657.76
514.56,954.08
521.98,80.9
564.92,411.15
525.65,1192.2
530.69,1063.6
518.5,1220.5
583.07,736.9
536.89,336.71
562.92,597.26
537.17,367.27
540.33,649.62
542.01,77.26
542.35,2.2308
545.6,1176
543,1296
547.34,97.346
568.51,1065.7
546.83,257.91
556.77,677.4
564.82,469.41
567.85,965.54
566,1169.1
571.55,376.22
573.36,9.027
572.9,1179.5
580.71,662.48
580.4,2.2885
576.84,866.46
589.42,42.376
578.98,839.54
584.18,550.79
585.14,17.143
590.84,801.59
596.31,565.71
588.8,858.44
598.26,470.53
591,673
602.39,1201.3
599.19,774.69
594.93,842.61
600.05,1065.8
595.42,115.11
600.3,440.62
605.21,653.23
611.2,1277
626.57,11.663
601.38,789.78
604.58,19.655
605,30
607.22,97.867
607.81,117.58
606.75,425.71
664.2,949.01
612.34,412.47
621.57,165.98
627.55,748.12
624.19,401.96
620.79,810.36
621,1159
626.78,508.19
625.82,219.9
628.09,247.77
629.16,787.97
634.63,1221.5
631.55,844.17
638.79,326.39
634.57,1051.6
637.41,1088.5
678.14,1255.8
636.27,484.37
637.71,813.29
639.5,872.5
647.22,1294
644.34,826.45
677.1,1078.8
646.82,439.83
654.29,475.54
648.52,110.39
718.38,1008.4
654.5,31.876
653.59,655.79
720.67,616.81
658.88,871.13
655.91,96.773
672.24,451.54
688.86,824.8
660,225
672.94,1165.4
688.21,920.93
706.19,1131.1
694.18,219.44
682.41,1155.6
693.28,1194.7
682.78,1279.3
693.09,578.74
692.68,980.32
691.68,310.2
706.53,25.274
697.07,443.41
706.93,516.22
697.79,1155.1
710.66,535.97
701.65,244.74
733.71,495.74
708.1,1167.6
705.87,694.83
713.02,1219.7
712.55,356.31
701.64,406.92
713.63,908.86
732.71,860.82
720.21,239.2
731.04,1071.2
720.9,1061.2
730.68,16.864
721,839.38
721,1085
722,724.5
728.04,546.97
727.15,1103
726.91,711.27
735.49,1303.7
796.69,406.35
830.32,1044.2
739.24,77.03
735.82,142.69
732.1,409.45
749.28,794.38
756.61,1146.3
737.14,51.143
756.33,1229.4
765.75,93.524
741.68,544.8
738.6,273.6
740.4,727.05
740.65,978.71
745.9,1048.6
742.25,888.08
745.56,2.7436
743,557
755.67,45.239
752.72,833.87
773.4,1275.1
762.58,650.82
756.97,355.53
757.05,668.1
757.09,712.05
762.48,63.685
757,677.5
854.26,652.74
762.51,701.51
767.2,929.65
769.71,1043.3
783.9,842.86
767.11,1187.4
837.77,1321.9
773.22,282.71
783.38,900.26
791.21,950.71
777.73,965.65
790.93,982.37
782.12,567.28
791.44,1008.5
782.27,165.18
782.65,1125.1
785.69,90.41
784.18,1060.3
790.65,7.8938
791.97,1137.6
795.1,161.12
802.73,1303.2
798.57,224.06
819.39,327.2
820.35,778.91
800.98,1114.9
812.88,10.531
802.45,364.06
805.94,655.69
820.36,56.303
807.5,569.88
807.04,1185.4
816.56,547.86
809.5,844
852.39,819.03
825.52,1174.5
858.68,878.61
825.96,971.61
840.06,241.46
828.71,957.09
836.32,343.72
820.61,1236.7
833.42,499.35
883.98,1240
835.95,1298.9
839.5,625.37
831.5,96.48
846.7,255.23
842.75,360.86
845.84,1254.2
852.92,737.36
847.44,1201.1
856.1,1150.5
870.14,100.92
859.62,1234.8
861.89,702.42
874.28,49.248
869.99,534.34
869.37,1036.3
874.28,314.11
870.86,736
875.59,15.864
878.34,975.92
897.63,216.22
878.5,338.5
881.73,932.88
881.45,1148.1
882.49,480.54
888.08,248.3
885.88,759.78
886.74,663.37
899.76,1045.4
890.17,321.27
890.1,2.8039
924.79,162.97
888.84,56.964
890.11,1099.6
888,829
902.82,488.27
890,980
892.74,1157.3
976.22,384.93
898.09,464.45
900.32,1139.7
896.5,11
914.26,247.7
901.48,994.15
897.9,615.3
899.9,912.16
909.87,80.351
927.87,1080.4
901.2,1105.7
905.79,1249.8
913.58,945.25
940.57,19.024
904.87,97.015
1070.7,326.36
903.05,825.05
911.14,632.77
904.97,669.97
910.96,43.2
911.71,326.91
916.22,1150.4
935.33,1324
910.5,109.5
909.58,770.03
924.08,836.42
915,790.5
959.18,805.36
923.78,407.97
928.71,491.5
935.24,1035.6
933.31,885.91
932.85,1237.2
949.3,78.829
925.36,465.5
937.02,278.89
930.62,980.31
933.27,476.36
932.69,737.38
1000,1189.2
940.48,460.14
987.66,1061.6
942.32,736.51
940.6,1263.6
948.66,336.96
947.71,715.15
944.44,1313
950.73,1153
963.23,1218.6
945.86,749.6
965.8,492.38
955.5,1243
977.57,990.56
957.63,1053.3
962.88,680.22
969.33,936.22
959.5,1045.5
964.94,79.26
982.09,175.98
964.99,337.01
969.73,1031.9
963.93,1267.6
972.83,742.89
974.38,93.125
980.11,892.79
984.2,225.25
986.15,448.37
980.57,492.57
1000.4,518.61
985.09,774.59
989.08,1328.3
984.1,805.16
992.03,1244.8
1001.9,10.963
990.7,564.83
987.6,1218.6
996,235
995.9,1136.8
1004,911.46
1000.3,930.47
999.8,1226.9
1002.6,117.64
1002.2,667.52
1012.6,54.788
1010.2,1172.5
1005,17
1067.3,1293.2
1008.3,762.96
1020.1,610.79
1011,582.24
1017.9,139.5
1015.1,250.44
1017.7,87.43
1015.7,906.41
1015.5,1249.1
1017.3,786.89
1018.1,756.04
1019.5,861.9
1022.7,734.45
1021.3,488.33
1031.6,304.06
1056.8,743.04
1094.8,865.13
1025,931
1037.1,1004
1031.6,1167.4
1031.4,36.138
1032.4,922.13
1092.3,78.645
1033,251.91
1049,134.47
1035.1,1023
1044.3,1082.8
1044.1,1140.1
1041.4,17.465
1037,92
1038.1,576.58
1048.7,286.98
1041.5,639.5
1063.9,647.19
1046.5,869
1045,902.43
1058.7,3.4018
1059.9,588.65
1056.9,1014.5
1063,178.8
1059.9,810
1170.1,1085.2
1113.3,979.61
1071.2,1048.2
1070.9,1114.4
1142.5,619.75
1076.5,534.5
1087.2,173.08
1123.8,21.591
1088.8,489.77
1092.9,473.91
1097,660.12
1102.3,516.36
1094.9,189.42
1095.7,678
1106.5,180.61
1106.5,910.62
1136,698.7
1157.5,204.77
1119.7,1327.8
1116.3,305.45
1116,116.5
1124.1,460.17
1119.9,671.52
1121.1,662.58
1131.4,566.29
1127.6,1042.5
1149.2,791.97
1133.6,977.2
1135.3,288.44
1134.7,1151.7
1145.7,1183.5
1135.7,939.52
1141.6,476.35
1150.9,525.28
1149.7,1102.9
1165.1,953.73
1153.3,25.654
1164.7,239.6
1166.3,1258.9
1193.7,88.342
1158.7,128.54
1170.3,447.85
1160.8,1136.9
1216.3,1200.3
1167.8,2.8214
1175.6,560.03
1183.6,70.261
1182,721.6
1180,1169.2
1173.2,137.99
1196.3,1138.9
1190.2,123.66
1186.9,1010.9
1184,578.33
1190.9,1038.6
1199.6,906.65
1214.6,473.63
1196.6,700.59
1192.2,46.667
1199.6,600.98
1199.3,401.6
1195.6,12.263
1198.4,924.8
1202.3,861.02
1253,829.43
1200.5,1007.6
1247.9,587.18
1214.3,684.01
1224,123.3
1207.9,991.37
1255.6,161.68
1208.7,43
1214.4,917.5
1214.6,1246.9
1220.9,263.59
1221.5,395.11
1228.1,1259.2
1234.7,1086.8
1231.2,1329.5
1229.1,1067.4
1242.7,277.83
1245.8,388.43
1247.1,645.8
1250.3,36.486
1254.7,1319.4
1259,1256
1264.7,528.2
1263.9,345.66
1260.4,1162.2
1269.4,217.21
1261.5,443.78
1297.2,1054.8
1289.1,1272.2
1275.2,17.922
1272,380.04
1273.3,46.216
1290.5,447.98
1302.4,257.23
1279.4,1090.9
1278.3,838.7
1283.1,1110.5
1286,1330.7
1297.1,493.56
1281.5,949.5
1294.8,40.265
1293,68.956
1295,998.33
1301.6,668.95
1291.4,767.99
1294.5,697.81
1296.3,709.25
1287.4,1144
1297.8,7.8077
1301.7,910.61
1314.5,173.83
1299,567.9
1320.2,819.05
1302.9,387.59
1308.8,1086.1
1301.9,1122.5
1305.4,369.27
1307,1026.2
1311.4,980.27
1312,543.46
1315.3,33.856
1323.4,753.39
1310.6,942.77
1312.7,1163.7
1312.5,140.33
1320,100.9
1322.4,1301
1318,1138.1
1318.1,712.54
1326.5,701.28
1326.1,581.07
1328.3,353.75
1327.5,1225
1325.7,515.63
1327.8,6.8319
1328.3,451.67
1329.9,682.8
1330,1130.6
