6.4048,1068.4
8.5185,43.593
10.5,440.12
11.579,171.89
26,76.5
30.618,850.63
38,679
51.553,1142.2
66,1235.8
72.143,110.86
75.405,472.64
80.976,380.41
85.091,547.05
89.443,22.206
96.636,367.5
109.84,1210.2
117.86,911.5
127.57,525.01
136.39,927.87
152.66,1084.1
156.01,913.62
159.06,176.3
159.91,1050.8
163.07,1012.9
172.35,303.56
177.5,511
187.69,510.91
188.95,899.67
217.19,258.67
216.56,940.95
223.49,509.31
248.62,28.165
233.58,953.03
237.43,468.8
235,545
243.89,396.57
252.98,451.78
253.83,487
257.05,697.07
269.28,560.52
266.59,852.13
276.82,383.03
272.43,701.61
280.56,224.8
281.77,976.2
287.83,1134.6
287.85,1077.1
290.57,410.01
289.93,55.593
298.09,369.09
302.58,1120.8
311.16,434.88
311,116
312.91,174.91
314.37,1114.4
317.33,544
319.6,1156.6
325.93,1181.6
328.98,1061.4
329.5,420.37
331.63,1125.3
330.3,867.08
338.66,764.41
361.52,1193.6
373.89,633.7
377.87,1099.9
376.5,994
379.58,1198.9
386.04,1119.3
409.83,1005.9
419.58,999.06
436.66,385.39
448.81,966.26
451.06,908.35
462.63,281.63
471.53,305.6
483.5,328.5
491.59,956.61
496.6,146.89
499.78,162.06
498.58,105.58
500.77,1235.8
514.91,839.91
525.31,706.6
524.5,1240
532.42,773.11
538.76,1225.8
539.66,208.68
539.94,943.66
541.89,822.63
552.02,1017.1
554.04,791.57
578,270.5
599.66,235.15
599.47,1221.3
599.42,1143.5
610.5,968
615.2,176.11
619.05,88.25
621.76,1025.4
625.44,1202.5
625.93,446.26
633.09,257.91
667.88,144.31
671.78,180.44
672.44,1077.2
673.67,167
687.6,667.64
694.07,355.41
727.04,637.58
733.53,1038.3
740.2,752.56
783.53,497.83
783.14,195.14
795.5,178.29
796.94,142.3
825.74,933.9
827.38,764.34
840,123.5
846.13,1047.1
861.04,1059.5
897.06,592.7
957.38,830.48
963.09,580.05
978.21,1110.2
987.86,533.93
988.71,377.02
990.29,1153
1008.1,393.97
1009.6,245.63
1035.8,754.28
1038.5,777.48
1050.5,486.5
1072.8,996.01
1079.3,975.39
1090.1,868.67
1105.1,783.23
1106.3,596
1107.1,965.05
1115.5,1223.5
1118.5,48.353
1121.1,299.86
1125,28.574
1124.9,1217.1
1138.3,193.4
1142.5,1241.1
1148.6,973.3
1145.1,188.08
1152,66
1157.5,746
1170.4,185.76
1173.1,1148.7
1177,229.78
1203.9,952.91
1211.7,430
1235.1,1209.3
1235.8,585.46
