5.3827,424.33
2.16,914.44
12,1133
14.485,1168.4
13.421,791.89
20,526.17
21,247.5
24.646,946.96
29.789,280.59
33.353,1208.2
34.579,779.89
50.676,483.22
55.917,165.08
58.409,473.89
60.917,868.08
68.494,735.11
69.401,1062.7
68.593,1210.1
72.83,155.57
73.452,1022.7
74.769,407.54
75.842,44.763
81.159,565.67
82.75,478.25
83,987
84.052,1207.5
89.296,731.4
92.815,1118.7
99.836,891.93
122.18,490.05
124.53,513.22
127.21,570.57
132,1071.3
136.9,204.75
136.29,711.01
137.75,1140.8
137.91,730.91
141.64,62.564
144.26,419.6
144.45,919.46
150.5,493.86
159.93,698.98
163.41,957.69
167.06,1070.1
171.57,177.82
180.5,590
183.93,335.59
185.32,741
188,694
192.6,782.43
190.59,144.93
196.84,244.69
205.64,253.82
207.4,1104.4
207.85,614.46
208.5,952
212.46,1062.1
215.5,682
231.14,877.42
231.01,919.35
233.5,983.5
233.44,272.08
241.08,155.49
241.26,677.1
243.12,997.98
258.13,1120
256.82,1165
273.93,506.41
278.42,222.45
286.78,441.53
289.5,276.87
315.31,559.09
320.46,756.27
319.87,797.15
323.12,336.15
330.97,989.4
332.58,885.89
335.4,161.29
339.88,573.38
341.42,822.58
344.91,860.47
349.94,829.82
349.36,1160.2
354.04,467.87
355.28,158.47
359.61,579.53
360.88,232.25
364.68,749.7
363.93,778.69
378.96,1152
382.68,419.76
380,946.5
385.49,959.43
387.2,13.44
393.17,1247.3
395.39,1150.6
405.58,1078.1
422.62,810.55
431.75,1236.3
442.89,673.98
440.66,1022.4
450.91,1103.6
450.63,734.29
455.42,650.95
454.67,1203.3
461.97,270.25
464,740.86
464.32,1093.7
476.69,790.17
479.93,1078.8
485.06,417.91
492.57,526.68
501.41,1119.2
520.82,340.33
521.95,1208.5
532,823.5
537.61,989.87
539.74,474
556.54,451.28
553.29,610.71
560.5,1247.5
562.6,693.28
564.41,521.5
569,1247.5
581.34,834.39
579.61,51.158
595.26,753.14
609.77,717.17
630.84,562.43
632.67,97
641.18,12
644.11,386.32
654.22,1069.1
655.18,796.22
678.68,14.838
685.66,405.87
694.57,648.57
718.64,902.33
718.14,1093.6
720.91,468.09
725.35,1064.1
732.24,610.45
732.31,330.09
733,1105.7
764.04,733.72
765.75,569.07
771.61,395.86
782.42,763.89
784.61,752.48
786,1157
790.18,52.23
801.77,70.371
800.03,670.12
802.93,853.44
805.79,592.43
807.6,700.5
814.07,1212.1
817,750.5
817.57,487.95
817.22,652.62
821.52,695.79
833.97,1209.4
837.45,483.48
835.11,65.421
837.32,1174.1
852.92,17.692
865.04,882.43
870.42,263.38
869.5,826.5
876.59,396.04
882,1141.8
901.9,1219.4
904.07,70.593
907.9,328.05
943.68,436.81
970.29,1234.3
976.43,475.67
995.47,932.06
1014.7,946.41
1018.8,1087.8
1016.9,1009.7
1030.6,242.3
1030.6,1026.1
1033.7,876.91
1036.2,483.06
1035.9,860.39
1052.4,913.91
1067.5,888.43
1068,978.39
1083.6,932.1
1084.7,858.03
1093.1,422.09
1114.8,867.29
1121.2,1025
1127.9,877.32
1134,641
1133.8,958.65
1135.5,851.5
1142.9,918.37
1144.9,874.69
1151.1,1004.8
1156.5,957.5
1175.9,911.78
1173.5,865.5
1173.9,968.91
1176.2,988.29
1180.5,873.12
1184.5,758.47
1188.3,934.81
1191.8,847.57
1194.9,999.91
1194,682
1197.9,900.27
1199,969.91
1204.1,984.91
1223.8,963.32
1223.4,902.63
1229.1,1171.8
1232.2,592.33
1245.2,68.214
1243.5,418.5
