14.037,582.67
10.365,922.48
16.644,1212.4
22.941,496.24
28.623,954.38
34.479,973.73
37.961,986.27
41.65,1015.3
38.421,8.1053
40.5,808
40.667,1092
44.708,949.29
45.154,843.46
52.29,579.89
51.421,239.11
61.909,847.91
66.174,916
72.446,43.431
74.616,229.46
76.135,547.34
80.344,651.62
82.525,589.93
96.574,289.19
100.43,345.05
101.92,766.25
106,505
107.76,991.87
109.85,1026
113.32,1097.7
117.59,525.03
117.5,336.5
116.58,1178.1
119.07,1203.4
126.01,310.51
125.8,181.07
133.16,475.93
142.43,293.17
143.56,835.64
149.35,347.1
150.73,1161.3
151.68,1223.4
154,551.5
157.06,357.04
164.14,782.09
159.7,941.74
163.07,1004.5
172.57,167.05
172.09,1162.9
174.58,614.42
187.58,563.06
192.06,1167.2
197.73,499.31
198.6,891.04
200.93,470.59
203.62,746.09
204.39,129.14
213.91,226.66
216.27,198.89
212.5,508.5
213.26,462.63
215.77,622.43
214.67,635
222.45,718.98
225.76,109.73
221.93,257.41
223.92,908.95
232.21,584.38
229.09,36.091
235.1,307.95
238.58,630.22
235.5,910.63
236.05,871.22
240.64,718.05
240.64,927.38
248.99,581.2
248.41,378.04
246.37,1082.9
250.4,766.6
260.11,1081.1
260,1018.9
258.78,315.9
266.28,763.64
272.22,1190.9
277.91,615.91
283,297.62
285.23,631.68
289.58,207.58
298.89,999.69
293.5,843
295.08,452.92
297.86,3.32
297.07,434.47
301.5,551.09
300.17,1180.9
300.83,797.8
305.07,587.13
303.99,935.69
306.42,741.58
310.93,658.56
313.8,1059.8
320.47,187.22
318.8,971.2
325.5,12.762
328.95,790.9
329.03,1063.7
329.34,677.25
335.37,52.12
336.15,628.34
335.43,386.05
335.59,729.93
337.27,975.77
337.5,692.12
345.88,648.84
346.72,1149.5
356.58,575.99
359.68,22.452
356.26,171
358.29,785.35
360.7,750
359.93,140.41
361.5,698
361.37,797.03
366.46,252.48
367.17,940.82
365.5,995.5
371.69,1196.9
374.26,708.12
374.59,118.93
386.98,1013.9
386.91,255.6
387.69,190
388.11,159.42
392.86,868.31
392,205.75
394.64,285.93
409.91,126.16
402.59,541.01
403.92,311.37
405.73,44.188
406.46,94.934
411.92,1187.3
414.08,497.59
417.87,675.85
415.66,208.48
416.7,252.65
420.75,1097.7
423.24,289.55
422.52,1027.6
427.17,716.6
427,352
427.95,824.83
430,1168
432.91,566.09
435,164.15
437.49,419.69
440.37,1154.3
438.43,732.57
448,544.5
449,745.83
452.01,851.15
452.55,1164.9
453.91,387.46
458.41,868.54
460,517.67
458,736.5
466.04,1114.8
469.43,935.93
471.5,1031.1
481.43,622.24
470.77,1233.8
478.8,905.13
478.94,231.5
479.47,952.95
480.55,983.44
482.68,45.2
480.5,324.4
485.8,868.03
487.08,1224.5
486.12,750
494.23,218.77
496.61,701.71
494.86,813.03
494.06,1046.1
499.94,81.094
501,11
505.4,905.37
506.92,462.36
508.07,258.31
520.54,695.02
518.53,598.28
517.43,391.95
519.56,298.95
523.59,364.6
520.88,1071.5
529.61,1038.8
522.93,120.07
530.86,1157.2
530.94,1206.5
532.59,960.93
540.64,766.26
538.94,297.6
539.28,840.6
539.71,1167.2
542.26,1103.3
542.62,709.96
546.3,263.3
547.62,975.52
548.11,424.33
545.83,939
548.77,663.58
550.07,1027.4
552.46,575.78
556,324.5
555.09,964.95
561.56,36.171
564.01,459.51
566.45,304.86
573.64,194.08
575.55,467.14
575.33,500.56
574,899.5
577.13,1109.5
578.31,156.6
576.47,1020.3
580.42,485.87
583.43,228.32
582.61,138.64
584.16,1179.3
585.32,395.05
585.11,1009.6
589.56,996.83
592.61,32.711
595.23,624.77
595.74,1164.2
593.54,1232.9
600.53,334.61
601,749
602.13,111.5
605.9,383.54
601.33,665.83
604.05,315.09
608.5,147
613.22,533.53
615.97,690.74
616.63,632.78
627.36,853.04
622.74,813.21
625.12,1182.5
633.93,477.96
628.91,891.91
634.14,876.15
636.98,67.949
639.82,187.38
639.93,676.93
642.36,592.65
645.2,204.82
645.48,227.52
646.98,505.85
645.11,122.42
647.44,442.08
649.24,645.49
651.8,566.48
653.52,1075.5
654.71,602.5
654.5,150
658.57,1042.4
661.02,199.89
660.45,697.88
661.43,970.66
662.82,1138.6
662.1,253.38
673.89,759.19
667.4,579.4
671.62,617.62
671.36,1170.9
675.03,519.08
676.22,551.88
679.66,1085.1
679.17,1139.9
683.14,915.5
686,29.5
686.5,309
692.66,587.87
690.76,864.79
699.13,627.75
697.88,414.63
707.02,749.04
703.73,1204.7
704.24,431
708.58,136.42
714.56,656.17
720.6,369.95
722.24,460.26
733.83,321.98
741.5,1007
746.23,1172.8
749.06,1031.2
754.04,986.64
755.71,1060.7
760.18,118.73
760.56,596.92
765.07,322.82
773.74,536.32
772.26,1113.5
774.38,351
782.73,222
790.04,432.4
784.39,768.5
799.5,748.36
800.5,659.5
804.13,1152.9
806.88,1075.8
812.96,472.16
809.5,749
811.67,195.08
818.97,431.29
825,644.11
828.87,509.9
826.48,621.06
830.21,675.42
826.57,546.39
835.12,883.09
837.85,494.07
838.43,45.692
846.12,710.96
840.46,916.96
844.7,86.12
845.06,406.52
844.5,819.29
850.93,575.23
857.5,11.582
861.19,188.32
862.33,1093.4
868.2,755.3
864.42,1031.1
869,408.5
872,259.6
876.13,1136.9
873.98,89.582
873.66,1240.5
878.22,514.5
880.06,301.02
880.73,1116.7
881.87,403.49
887.13,613.64
888.82,711.82
893.5,518.5
892.5,894.5
894.89,29.455
905.29,164.22
902.36,754.97
905.96,85.443
906.06,809.86
906.58,501.89
910.79,66.647
913.77,660.09
909,1097.7
913.32,4.8333
913.08,853.08
913.61,924.93
922.23,287.89
923.18,83.983
925.05,1185.9
929.81,406.71
928.57,600.95
933.68,693.82
932.43,74.086
933.5,109
934,772
935.91,797.91
943.81,308.05
952.81,594.73
949.63,923.14
952.5,1147
950.63,443.06
951.89,730.5
951.91,1106.2
952.12,1208
955.98,619.26
965.38,134.94
960.82,605.48
960.37,1017.4
963.86,259.43
963.17,796
969.75,864.2
971.65,241.73
975.24,909.27
970.71,201.29
969.92,1072.6
979.24,611.71
979.53,555.69
975.91,625.09
987.4,430.98
980.52,636.18
991.04,163.85
986,274.5
993.55,380.18
992,633.5
994.57,665.16
1000.7,1211.6
1005.1,739.56
1003.2,633.57
1006.7,598.08
1008.6,775.52
1008.2,232.97
1007.9,1224.3
1013.2,478.5
1010.5,655.5
1009.9,1164.1
1017.4,1104.7
1011.9,151.05
1014.9,806.91
1019.2,79.52
1020,695.12
1019.5,271
1021.2,46.071
1020.6,222.37
1033.5,909.87
1024.4,751.28
1023.4,108.32
1024,943.5
1026.3,490.05
1030.9,885.83
1033.8,408.7
1033.1,1001
1035.1,687.05
1038.2,432.91
1038.1,452.94
1035.7,735
1041.1,1.9
1038.9,258.77
1044.2,307.72
1045.9,362.67
1049.9,148.41
1048.9,930.01
1050.5,418.5
1054,899.81
1056.9,1217.8
1060.3,212.65
1059.2,674.4
1061,858.44
1061.5,269.17
1059.6,873.88
1063.5,938.96
1069.5,413.91
1068.5,901.65
1068.7,1028.5
1070,1246.7
1075,272.5
1075,649.14
1075,1046.5
1079.7,1143.6
1076.6,17.5
1078.7,582.43
1080.8,154
1083.4,672.51
1080.4,1028.9
1084.7,6.4516
1086.5,852.77
1085.2,842
1093,897.76
1090.5,929.5
1092.8,492.37
1094.4,524.59
1100.9,28.559
1094.9,1016.2
1109,693.9
1099.7,587.29
1097.8,854.41
1101.6,946.72
1110.1,55.113
1107,81.188
1106,761.6
1109.2,388
1116.5,650.43
1116,146.39
1117.1,455.86
1114.9,1176
1117.1,107.44
1118.4,412.09
1116.5,1124.5
1122.6,833.16
1127.5,33.205
1129.1,792.12
1127,917
1131.4,1129.6
1134.9,387.51
1133.7,875.97
1137.6,928.84
1139.7,972.79
1144,500.39
1139.5,713
1140.6,35.818
1142.8,530
1146.9,306.35
1151.3,999
1154.7,535.06
1156.5,555.81
1162.1,420.25
1161.5,941.57
1162.7,345
1164.6,658.39
1165.2,1017.2
1165,1080.7
1166.5,733
1168.9,154.41
1168.7,925.94
1174.5,814.29
1177.9,198.35
1176.4,1021.1
1179.9,492.25
1182.5,942.66
1180.5,1223.5
1181.2,1096.5
1183,263.5
1186.5,698.77
1186,983.57
1194,344.64
1194.7,535.5
1194.3,625.37
1192.9,912.91
1200.4,885.43
1201,246.5
1200.6,950.1
1200.6,791.63
1202.9,388.87
1203.6,88.561
1206,226.81
1209.1,1013.9
1208.5,600.28
1209.4,182.08
1211.9,1211.3
1217.1,802.86
1222.8,309.61
1222.7,137.56
1228.7,687.34
1227.8,211.91
1228.8,100.14
1230,524.64
1233,488.21
1232.9,652.05
1233.9,411.59
1236.1,705.48
1236.5,5.4242
1239.7,74.566
1242.5,427.67
1243.9,575.17
1241.9,756.03
1245.2,179.42
1244.1,305.51
