2.9545,301.91
1.95,334.85
5.8941,598.4
6.6308,629.06
9.2249,673.38
6.9774,702.72
30.742,745.54
1.95,833.15
18.52,851.96
4.2155,902.2
2.1818,1106.1
2.5789,1189.1
27.801,1192.4
4.7778,270.33
11,300.17
13.776,656.41
13.65,944.6
19.756,1081.8
18.958,559.8
31.695,575.53
21.6,823.26
17.846,1216.5
20.2,368.1
22.693,700.89
48.402,394.39
31.067,899.99
23.588,306.06
24.483,483.9
61.892,261.27
33.507,1034.2
30.628,1231.6
45.225,680.38
26.6,796.4
28.56,928.08
32,599
33.625,359.88
33,807
40,491.98
41.64,620.76
39.05,659.9
39.5,1216
42.97,208.94
54.796,521.67
43.143,482.86
45.714,720.43
48.049,301.66
47.091,887.05
55.292,446.24
61.205,760.17
48.925,1067
48,779
51.649,427.32
61.957,586.52
51.92,621.56
51.35,855.6
53.125,1163.8
66.941,316.13
53.395,568
53.421,1016.9
56.714,616.07
57.6,967.96
74.419,1190.9
83.498,843.51
60.933,490.93
62.897,718.9
63.268,638.88
79.395,696.52
63,1037.1
61.5,1178
78.155,1017.1
69.664,656.22
67,683.5
75.301,938.12
72.958,347.57
69.65,1042.6
71,1084.4
77.291,472.54
74.602,998.05
72.625,909.88
102.33,378.5
74.63,1171.6
75.6,359.6
88.685,569.67
85.81,763.92
86.822,647.37
88.613,975.44
83.419,998.55
87.494,1167
96.049,191.67
88.122,636.44
89.2,616.44
92.659,1069.8
100.54,231.84
91.579,711.89
122.79,742.35
92,1078.5
93.5,1025.5
98.543,1182.2
106.33,283.62
97.211,879.21
106.19,962.58
98.788,1158.7
99,157.66
102.44,319.14
119.2,116.55
103,534.5
105.34,551.82
107.05,495.87
107.17,999.83
106.5,1093
114.1,160.97
113.59,445.12
117.13,244.91
110.33,526.17
110,1099
111.33,889
112.62,185.81
113.2,684.3
124.06,1013.6
119.68,486.26
122.04,184.36
123.36,353.61
118.5,359.5
118,953
118.42,1060.9
120.36,597.27
123.45,925.35
138.31,428.83
127.28,531.63
129.86,699.5
130.02,594.39
126.5,1089
129.21,215.05
128.76,1030.8
132.07,1069.4
135.61,264.23
133.92,670.18
129.36,480.32
132.79,894.87
131.1,8
131,406
160.99,964.87
133.14,925
133.77,1142.3
134.72,760.52
159.79,45.445
145.55,178.66
137.5,380
161.75,919.97
149.32,708.14
143.32,1047.7
153.8,8.2745
148.45,509.83
154.35,893.49
175.45,116.32
151.99,988.65
174.63,1159.6
148.39,246.5
148.41,1207.1
159.76,270.47
155.41,1016.4
151.11,313.58
153.18,653.35
152.08,855.87
165.47,547.59
154.34,593
154.94,303.41
155.14,687.14
168.86,1217
157,1079.6
157.48,24.13
159.67,1245.8
158.44,324.78
160.46,295.43
162.7,595.53
163.9,1128.5
174.53,170.53
167.45,655.46
164,720.33
185.73,803.95
167,246.92
168.94,284.58
178.27,420.8
166,762.5
166.5,768
170.55,1236.3
175.94,69.677
170.97,643.92
170.86,145.86
171,595
173.1,1010.6
198.18,8.9317
175.13,447.52
189.91,833.92
184.39,640.9
182.23,458.65
181.07,1119.6
180,220
183.21,294.46
182.5,404
191.96,679.01
183.47,707.15
186.52,1211.2
192.11,396.42
196.07,525.83
186.91,818.09
193.5,1030.2
189.49,229.66
187,483
213.13,875.23
189.82,901.71
188,357
188.42,363.11
192.34,944.59
191.45,1222.6
194.84,603.48
195.9,1052.2
204.75,1238.5
194,139
196.12,921.63
198.53,86.5
198.38,312.9
198.65,373.54
198.7,1005.1
202.84,1213.2
197.75,237.25
201.54,460.33
204.95,622.01
204.8,231.05
202.85,291.4
203.51,658.7
211.64,1094.2
204.09,121.91
203.42,761.89
205.05,59.951
213.99,181.33
205.4,990.6
206,634
208.73,154.93
208,792
214.3,1062.7
210.61,76.613
217.5,268.33
215.62,643.05
216.18,833.4
217.21,1182.5
212.49,970.64
215.5,31.456
217.94,323.2
213.04,356
262.49,571.44
217.9,154.44
218,355
250.47,459.37
221.87,972.13
228.22,230.16
224.38,213.14
224.21,778.24
231.44,927.44
223.5,123
229.2,1236.8
225.75,991.81
226.8,961.44
229.07,325.37
229.25,418.32
237.59,716.19
231.59,779.41
233.95,1037.4
239.03,1100.2
237.59,652.22
234.96,1008.9
238.62,1164.1
235.96,961.65
238.21,1247.1
250.49,251.86
252.42,313.24
266.52,1108.9
240,660
242.57,1149.9
244,1223.7
245.78,632.76
245.95,649.83
247.73,1206.9
249.44,165.9
249.24,870.8
248.06,932.06
254.95,1245.1
247,1193
251.1,492.95
256.53,963.43
253,1163.5
255.97,1200.2
275.49,385.98
258.65,425.71
256.4,1087.4
259.47,411.18
259.09,867.83
266.42,4.3519
262.88,851.88
271.81,485.02
262,1076.5
263.3,1082.8
263.88,39.654
265,125
265.77,930.36
264.6,1199.4
268,286
324.27,872.12
270.56,1139
270.67,20.167
271.6,1079.9
276.27,128.84
299.64,1220.7
282.98,858.22
275.6,604.6
283.91,948.8
298.15,1140.5
281.72,248.76
340.87,483.47
286.42,1198.7
289.67,411.71
335.5,53.168
289,1084.5
293.87,915.74
292.28,965.29
295.48,314.46
293.43,923.39
297.4,426.19
295.42,289.11
307.94,343.72
313.01,1095.9
299.61,463.43
301.15,1164.7
301.63,928.12
303.57,294.29
316.09,844.83
308.02,517.74
308.8,494.56
309,311
316.46,393.76
330.59,374.56
310,1109.5
318.01,83.315
323.1,262.07
317.43,1244.7
313.86,222
316.23,495.23
317.41,235.86
322,222.84
323,327
324.17,462.67
326.06,953.41
325,1078
327.57,99.393
345.52,348.02
330.17,326.83
334.8,507.45
328,1083.5
338.87,1124.6
346.19,1236.1
330.43,588.57
329.41,1068.8
329.43,1215.4
332.55,397.1
340.31,151.87
332.49,211.09
351.43,297.18
331.5,407.5
332.36,450.29
336.19,909.24
360.9,1083.1
335.45,1188.2
336.14,818
338.52,280.03
339.12,404.5
342.75,895.05
360.43,938.36
374.88,439.26
346.09,845.65
341.38,993.91
343.08,1214.4
353.67,9.02
343.5,1178.9
346.43,805.72
350.07,979.36
349.01,1194.8
345,1026
348.11,1116.1
351.93,1162
348.89,856.58
352.63,1136.3
353,25
357.6,325.81
356.43,1127.4
365.1,892.97
358.9,372
359,916.5
373.72,119.1
367.3,1172.4
366.12,325.65
384.46,374.71
376.7,1217.2
372.33,21.198
383.88,823.88
386.95,1115.8
372.5,403.36
373.54,791.02
377.93,1011.6
376.67,307
397.46,296.98
377.67,992.17
386.16,1246.3
382.41,34.595
380.67,407.92
383.73,261.92
381.89,1045.2
381.8,23.68
384.59,513.38
384,837
384.6,1144.6
391.14,893.01
388,274
392.68,485.11
391.52,799.35
389.23,878.88
400.49,233.59
412.38,1053.6
430.87,1168.1
392,1.5
392,779
393,865.5
392,932.5
399.27,19.733
406.75,51.539
396,1026.5
408.34,809.85
415.15,1135.4
398,775.5
398.6,845.4
407.54,460.43
401,838.71
415.9,262.4
401.83,967.67
404.89,873.05
403,320.5
434.82,480.63
443.7,938.16
427,97.308
421.87,977.51
409.42,1201.1
416.22,128.19
415.48,317.42
412.33,1090.7
435.02,1230.1
414,337.5
414,430
424.28,767.07
426.78,328.85
420.66,1101.2
416.59,878.94
471.23,411.35
424.87,10.372
421.39,801.01
421.33,350
423.67,434.67
422.29,886.46
421,954
433.11,216.53
442.69,1014.1
456.34,885.96
426,195.5
430.48,1150.3
429.05,51.05
430.57,363.83
434.09,59.108
434.66,373.87
432.5,416.5
433.59,1124.1
433.38,921
434,356
437.2,512.45
452.37,735.32
456.49,274.9
441.05,718.07
440.87,79.826
448.92,437.15
485.83,628.18
441,830
444.03,232.65
444.12,632.65
450.68,691.3
448.22,819.92
445.91,1062
452.87,342.03
447.6,537.4
449.58,847.85
451.43,38.925
450.11,365.51
448,1078.5
451,198
465.89,314.35
452.5,643.88
451,984
453,789
455.57,810.51
482.12,81.704
465.65,1053.6
458,782
460.41,832.86
470.06,1101.2
471.38,17.566
474.69,198.69
464.07,1069.8
463,106
465.66,559.01
465.81,774.43
464.05,571.05
466.3,997.07
474.03,523.13
524.71,807.49
467,360.5
470.8,461.41
467,701.5
467.5,1202.5
469,964
469.5,841
473.36,1142.8
470.41,254.94
470.5,621.5
476.8,248.4
477.24,352.45
483.42,793.52
474.46,910.34
479.15,571.74
480.3,707.7
477.21,1121.8
485.14,481.21
492.35,986.11
475,1006.5
481.5,237.2
481.57,760.64
479.56,771.03
481.36,393.64
480.65,593.71
484.08,1082.6
488.45,283.45
484.14,1148.1
488.51,1036.3
490.66,154.97
486.94,111.59
492.47,870.22
487.41,1068.3
487,120
491.95,310.59
489.14,588.5
510.53,127.2
507.13,895.17
502.58,725.58
506.64,538.81
495,911
509.36,1066.7
498.42,239.3
496.5,917
499.91,958.96
499.44,449.91
499.95,581.45
497,771
499,516.5
499.5,860
502,952.5
502.95,1055.1
505.52,942.07
506.68,920.81
508.63,766.52
521.98,278.2
514.88,478.5
510.38,514.89
511.73,236.81
510.42,296.47
520.72,13.077
519.35,68.239
517.64,166.68
518.27,849.65
518.67,769
519.54,924.31
538.52,958.79
524.46,1032.3
519,880
520.5,145.5
520,244
523.35,311.02
522.27,1199.8
526.95,147.94
540.28,723.01
530.35,211.78
530.18,476.85
558.56,512.82
545.51,751.98
527,882
533.5,486.64
531,614
532.59,96.878
530,497.5
533.79,938.68
532.11,240.36
532.05,1164.1
534.32,584.45
536.42,66.473
576.67,858.56
535.5,327
538.08,549.25
536.5,221
537.5,620
539.96,1022
544.52,237.13
541.38,632.73
542.36,568.05
559.75,214.69
555.33,453.74
555.27,263.81
548.64,561.72
546,896
547.42,733.89
551.44,24.038
556.86,806.42
550.12,1017.9
551.14,278.03
550,1026
551.41,2.931
569.95,112.14
570.93,681.04
551.96,898.15
595.1,947.54
555.67,1042.9
568.98,46.885
554.59,1035.1
563.44,716.95
569.39,1021
568.34,965.53
562.24,145.16
566.72,358.86
563.5,944.5
564.4,228.6
565.42,739.97
565.5,1139.5
569.21,19.69
603.22,795.33
570.06,1046.6
574.83,68.768
575.83,243.93
574.97,234.92
586.96,729.62
578.54,133.59
586.34,221.69
578.16,1177.4
592.52,8.4781
634.75,244.49
580.92,1038.2
583.74,158.58
583.93,692.33
594.44,914.67
738.2,466.99
581,746
592.32,356.87
585.13,526.56
590.02,614.87
594.76,1160.9
585.06,823.06
588.58,899.11
589.5,169.5
589.67,586
599.64,543.45
595.05,1015.5
597.29,825.29
610.36,998.88
600.62,502.38
602.52,560.52
601.96,644.83
602,212
601.4,701.4
602,53
602.58,146.11
627.42,152.28
605.69,679.65
603.36,349.5
608.11,181.23
606.89,717.21
606.71,93.271
606.7,406.13
611.49,512.88
611.05,355.21
610.11,595.06
619.5,651.29
617.68,15.973
621.35,214.67
611.9,576.05
613,56.667
612.41,396.06
615.14,752.68
613,434
615.04,65.44
619.24,97.538
667.26,713.46
614.42,899.11
619.65,917.48
621.27,1156.8
623.58,196.63
620.33,363.26
622.46,625.07
622.13,395.58
624.54,1052.3
622.96,86.6
629.97,880.8
624,410
624.56,508.22
626.99,685.15
631.58,499.12
627,822
636.86,846.14
629,16.5
632.71,369.66
631.25,8.6875
630,405.5
642.12,443.56
631.5,573.39
632.04,977.21
644.8,92.284
658.11,1165.6
641.94,1056.8
647.06,334.2
638.46,758.49
649.7,1114.8
637.5,12
640.13,52.409
672.51,909.67
638.5,889.5
639.5,577.5
639,648.5
640.93,701.43
641.17,883.33
641.6,856.4
647.2,676.69
649.81,752.65
647.71,831.65
646.7,731.13
647.59,782.27
655.3,23.895
655.89,609.38
651.4,140.6
657.92,869.79
656.37,288.71
670.37,111.08
656.73,210.63
655,729
658.38,843.2
657.2,1232.7
659.23,143.83
658.75,311.86
657.5,343.5
660.98,974.95
660.87,1004
658.5,381
662.89,665.55
667.16,739.42
668.86,956.98
665.69,780.74
676.04,1054.4
678.07,835.34
666.14,413.86
673.94,436.69
682.53,584.32
685.37,645.87
671.65,84.359
674.51,398.45
672.5,794.9
669.04,854.4
668,1008
669.5,823
670.1,1111.1
671,488.67
672,5
672.64,812.5
674.61,157.5
680.27,373.47
684.9,241.94
678.3,865.87
675.91,781.05
677,10
690.87,355.01
678.17,1035.1
718.53,1130.1
677,1229.5
690.23,757.89
706.61,950.1
683.17,2.3333
685.32,1014.2
687.7,132.9
702.5,145.41
686.5,329
697.47,422.92
687.95,821.09
689.64,175.06
689.27,689.35
693.87,830.52
695.08,271.32
710.4,300.69
697,387.66
694.84,399.11
699.44,993.21
695.11,1062.4
700.55,1101.3
692.82,866.4
702,88.968
698,372
706.39,811.83
701.5,582
712.82,236.28
706.37,1014.4
728.19,732.71
712.21,1038.8
707.25,1209.5
708.5,1022
710.14,1177.1
711.6,574.08
711.27,1167.5
713.28,993.08
711.5,1187.5
719.38,407.58
717,656
729.12,560.7
715.5,1234.5
716,1191
717,372
718.27,1165
718.5,14
731.96,58.283
718.36,186.5
719.5,434.5
721.68,703.9
719,800
735.13,99.079
722.39,1015.6
721.5,1194
722,104.5
726.96,675.27
731.17,218.29
762.42,872.14
727.68,1001
728,794
729.78,844
729,1172
735.3,1027.9
734.93,1231.3
739.67,173.62
733.49,921.75
731,962
733.91,405.09
733.5,1173
748.91,580.55
736.95,367.85
738.05,1203.1
737.16,44.867
740.12,784.08
768.11,262.06
745.09,657.8
741.36,1099.8
745.79,127.81
743.18,1009.6
741.26,1117.5
740.82,1176.8
746.15,397.14
741.6,979.6
743,53
743,357
743,363
745.38,493.72
743.5,923.5
753.97,40.926
744,288
750.5,1206.9
752.42,364.19
780.46,759.24
749.58,893.1
750.7,286.4
753.94,937.2
749,1117
751.92,4.9623
751.67,19.75
754.4,210.68
752.79,774.89
750,832.5
750,944
756.4,918.09
752,924
787.37,655.79
756.24,949.35
756.42,890.11
760.45,723.63
766.88,1103.6
764.34,299.9
762.1,364
831.35,140.89
766.49,700.74
788.83,1135.7
768.51,244.12
764.67,397.17
782.17,992.2
769.77,39.744
770.53,1065.7
768.82,628.54
769.67,28
828.48,353.38
775.41,1215.2
777.65,489.57
770.4,954.4
775.25,1031.6
772.8,302
778.09,53.275
776.39,193.78
776.7,404.95
777.52,581.79
784.7,1086.7
783.26,16.378
778.6,538.6
796.83,1038.6
819.33,574.3
783,123.38
781.5,846.5
783.58,1246.8
787.32,1021
788.85,189.66
786,1014
803.06,401.13
793.3,121.02
797.78,288.15
793.71,1170.3
794,195
794.36,835.5
803.78,1204.9
801.32,1245.5
798.58,113.11
813.61,697.12
804.22,260.33
807.98,843.48
807.88,892
810.28,102.26
804.11,486.42
804,730
804.5,1104.5
806.46,675.35
807.58,1058.9
852.86,294.69
809.5,1078.9
823.87,538.92
810,359
814.14,483.5
820.56,262.24
825.17,852.81
819.95,1107
840.62,60.97
813.77,785.77
835.58,808.21
818.93,1212.7
815,835
817.87,775.65
817.48,970.11
817.23,1009.2
821.54,228.85
829.79,1229.7
820.5,666
822.14,898.92
821.5,1003.5
825.81,502.57
840.75,1047.1
823.57,737.43
826.5,770.5
827.95,943.47
832.74,431.61
829.71,1124.1
835.82,165.99
830.5,339
855.88,767.85
833.98,1243.4
858.64,195.12
832,343
834.58,383.33
853.98,876.81
848.76,940.09
873.29,647.53
837.5,888
838.86,1129
840,1176
852.18,399.35
844.36,495.76
848.96,735.55
845.12,1119.9
845.67,179.17
861.65,982.36
849.42,909.11
851.5,530.12
853.41,542.72
852,236
854.52,820.04
873.31,1096.8
854,967
859.11,75.268
856.54,331.33
858.75,538.29
857,725
879.41,423.13
860,1013.5
873.21,817.51
869.64,1219.4
870.44,230.31
862.21,1080.3
863.77,15.227
863,841
866.1,1054.9
865.89,5.6944
864.5,32
866.04,1137.4
869.14,848.03
866,1044.5
869.61,77.565
868.67,154.83
878.23,723.53
872.57,45.429
878.11,962.56
874.53,785.58
879.96,50.12
875.97,755.42
875.63,1032.5
876.79,328.24
880.68,377.54
880.14,861.86
879.97,1057.4
887.86,917.69
886.03,842.31
881,392
883,36.5
885.03,451.66
891.73,619.01
888.04,1135.8
923.78,1223.2
904.88,81.565
887.48,327.6
888.31,944.74
888.78,237.73
896.12,386.82
889.94,694.81
899.98,34.78
890,315
914.4,605.59
893.68,497.92
894.29,964.39
894.81,680.41
896.38,1109.8
895.6,988.6
897,69.857
897,766
914.6,827.6
903.4,201.04
929.5,299.4
915.92,496.21
899.89,860.42
902.66,327.05
900,1138
902.53,346.92
901.4,1159.6
905.16,227.55
909.35,366.58
902.73,665.65
904.05,796.37
903.42,770.89
904.19,904.91
903,1153
904.42,948.89
913.67,13.563
923.11,419.25
907.89,459.41
907.75,1194.9
907.5,355.5
911.47,170.34
908.67,380.17
911.5,1184
937.81,757.34
946.19,201.38
923.01,971.58
913,1025
915.27,677.96
917.08,223.93
919.03,1014.7
916.4,37.4
920.35,435.09
917,658
916.43,943.61
925.89,327.5
919.14,713.14
920.16,923.31
919.6,167.6
920.4,592.6
938.39,865.51
929.35,47
924.83,1247.2
922.8,994.32
924.91,362.59
923.5,655.5
925,668.5
932.88,1145.4
940.81,168.12
931.67,536.47
927,934
932.31,635.8
928.59,1066.1
938.14,91.297
931.75,663.06
939.19,934.15
932.41,374.66
932.54,624.33
939.58,808.05
940.72,1012.2
939.88,1081.7
944.95,481.21
935.64,1049.7
937.76,20.073
935.89,673.58
943.86,59.861
939.92,370.1
943.19,642.14
943.6,508.48
966.5,627.13
943.23,781.73
942,1136
944.1,1095.2
991.18,33.039
951.82,116.11
956.45,1245.5
995.32,525.66
947.74,1050
946.5,336
961.75,571.62
957.38,462.74
957.07,711.51
970.25,1135.3
961.56,1177.3
949.15,236.54
956.97,356.01
948,945
959.46,328.2
950,737
954.69,400.82
963.31,794.09
952,948.5
954.14,473.14
954.44,380.34
954,1202
967.48,66.521
957.75,919.89
974.48,1005.3
959,673.33
963.43,436.17
962.26,225.77
960,389.5
961,811.5
963.25,984.43
977.26,133.58
981.06,85.839
965.15,646.26
969.86,910.13
971.24,403.24
978.52,341.4
971.54,1215.6
972.57,491.4
976.42,366.02
971.35,1191.4
971.6,715.4
999.17,961.64
971,973
995.9,273.29
979.98,891.75
985.11,1243.7
975.28,429.28
976.95,669.58
1068,741.95
976.35,547.85
996.1,303.58
976,635
985.47,800.47
986.91,1076.4
985.74,1184.3
979.61,690.1
1001.2,173.61
978,483
981.21,447.58
981.74,1018
981,402
983,397.5
986.61,548.29
984,770.5
988.87,703.5
989.59,776.55
989.56,829.3
987,1109.5
992.48,208.23
989.82,368.86
988.59,399.94
990.83,68.722
1023.6,227.5
989,423
1001.4,648.5
1008.7,481.37
993,1099.7
1001.5,437.98
1004,679.81
994,1226
995,429.5
995.96,542.59
995.6,575.4
1005.1,1037.2
997.5,710
1003.3,902.52
1002.4,769.78
1000.5,379.12
1007.8,1111.8
1017,1182.1
1005,89.333
1006.4,850.34
1052.5,414.87
1010.4,618.28
1009.4,1135.2
1006.5,1144.5
1007,137.5
1008.9,568.13
1009.6,837.39
1021.9,1246.3
1019.5,428.31
1017.7,90.365
1018.4,594.66
1012,611
1012.7,1052.7
1025,1087
1018.2,757.64
1017.1,73.421
1016.9,381.58
1044,550.96
1016,710
1021.8,830.82
1024.8,4.4412
1019.4,196.74
1028,647.18
1024.4,704.72
1026.4,1006.7
1020.5,361.5
1020,1047.5
1023.6,343.58
1024.6,460.2
1025.2,579.86
1025,874.02
1029.5,685.72
1043.7,263.15
1029,909
1048.7,1215.4
1028.5,1063.9
1028.7,857.08
1036,102.04
1057.3,660.92
1037,1148.6
1037.7,17.28
1033.9,194.63
1038.5,861.94
1036.9,365.45
1041.6,454.33
1036.4,760.62
1035,1028
1037.3,1106.5
1037,952
1060.9,302.49
1060.9,952.1
1048.6,996.22
1044.4,707.02
1042,1194
1043.8,629.77
1049.1,33.683
1065.9,1039.3
1056.8,7.4453
1047,67
1047,1115
1048.8,686.77
1049.9,360.44
1050,569
1050.5,1110.5
1055.3,112.31
1059.2,209.27
1061.6,172.46
1054,1243
1073.3,60.281
1055.5,574.95
1054.4,632.6
1061.2,972.82
1057.3,596.08
1060.8,850.72
1061.9,33.182
1059.2,283.3
1059.5,1093.5
1059,358
1078.7,632.37
1061.4,991.87
1064.6,1197.6
1064.5,503.5
1090.1,137.91
1068.9,259.25
1121,527.07
1068.1,864.86
1069.4,873.48
1078.5,215.27
1071.4,250.4
1071,334
1078.2,579.79
1076.5,834.49
1073,928.18
1073,1113.7
1077,1182.6
1079.7,407.19
1074.4,645.06
1083.5,25.179
1076.8,533.26
1082.2,181.89
1101.9,273.78
1079,292.5
1079.3,398
1083.4,605.47
1094.1,919.17
1103,378.15
1081.4,450.5
1082.1,461.5
1085.8,547.41
1108.1,1100.7
1086.3,72.186
1083.8,324.83
1103.7,669.3
1085.6,427.17
1092.1,782.3
1092,86.579
1098.4,1159.3
1088.4,196.6
1098.2,204.95
1089.9,825.42
1091.5,129.5
1098.1,177.28
1092,578.09
1099.3,1038.4
1094,623
1094.8,1015.2
1107.9,1222.4
1096.5,1185.5
1100.8,42.4
1097.8,1061.5
1111.6,233.55
1106.6,946.5
1118.2,987.84
1101.8,1126
1099.5,165.5
1101.3,503.69
1099.4,735.4
1099.5,978.5
1100,560.5
1100,570
1110,765.07
1102.4,608.43
1101.4,966.11
1104.5,863.71
1118.3,1186.6
1116.8,85.378
1109.3,481.27
1106,626
1109.3,797.86
1108.7,417.21
1109.2,456.19
1109.7,563.22
1118.6,45.588
1114.2,194.16
1112,803
1116.3,567.03
1125.6,1040.3
1114.6,1158.9
1119.8,621
1125.7,842.9
1121.2,714.67
1117,205
1171.2,443.33
1120.3,808.81
1119.6,439.19
1123.8,496.82
1121.6,105.62
1123.9,912.42
1124.6,688.66
1123.6,930.11
1127.6,23.897
1128.3,403.49
1126,674.5
1127,378
1127,616
1128.1,871.95
1128,934
1129.8,1086.1
1130.5,483.58
1135.4,1209.8
1132.7,426.97
1131.7,656.62
1140.7,1143.2
1134.9,928.5
1138.2,116.02
1142.3,608.61
1133.5,1182.5
1134,578.5
1134.6,1080.9
1136.6,1117.7
1135,440
1140.8,663.43
1145.7,1225.7
1138.8,282.37
1144.2,306.05
1137,435.5
1157.1,1086.7
1152,711.44
1146.1,1017.6
1148.3,129.66
1142.3,800.15
1146.9,65.41
1146.3,372.24
1147.6,161.44
1145.3,781.66
1145.5,1003.1
1165.5,248.92
1162.8,1164.6
1146.3,692
1177.8,897.63
1153.6,1246.3
1151.1,673.36
1151.5,1148.4
1150,1211
1156,483.11
1155.7,1062.7
1155.2,660.69
1154.3,942
1157.1,926.46
1156.4,45.6
1156.5,795.92
1156.8,1115.3
1158,679.83
1161.8,688.06
1168.1,1049.7
1195.5,589.92
1165.7,1020.8
1170.3,57.337
1163.2,86.132
1164.8,965.33
1189.3,631.04
1169.7,536.54
1174.8,787.93
1170.4,979.33
1170.5,346.5
1174.1,806.23
1172.5,153.35
1173,720.55
1176.9,771.79
1177.3,486.31
1175.3,817.54
1175.4,941.6
1178.8,75.72
1179,274.09
1177.7,1015.5
1176.5,125
1185.6,105.63
1177.5,287.5
1181.4,349.89
1190.5,686.41
1208.4,822.55
1185.5,1010.5
1182,594
1183,745
1212.4,351.63
1195.9,531.56
1188,501.33
1200,1090.9
1190.8,548.82
1189.8,795.68
1190.6,1031
1192,28.405
1201.4,304.52
1191.4,803.4
1193,1037
1199.3,1045.3
1196,945
1197,1021.6
1197.8,1179.6
1198.6,1223.7
1196.9,864.52
1200.1,117.88
1201.9,154.39
1199.4,1013
1203.4,843.5
1202.8,24.8
1214.8,663.06
1204,13
1215.8,1009.7
1209.9,1138.3
1208.6,76.483
1207.1,323.59
1206.3,803
1207.1,855.26
1206.9,862.56
1206,1052
1210,483.95
1211.4,5.3125
1222.9,419.09
1233.6,950.08
1216.4,159.29
1211.3,177.27
1215.4,37.96
1228.5,211.8
1214,1202.5
1230.8,868.52
1215,1111
1217.2,241
1216.8,358.67
1224.8,1069.4
1220,1194.8
1223,752.17
1222.6,573.86
1221.9,724.47
1222.4,1137.1
1235.2,624.72
1224.4,707.47
1221.9,788.41
1222.9,106.72
1223.1,476.26
1222.8,1079.6
1227,28.255
1223.6,639.89
1226.4,883.85
1229.6,914.99
1228.4,1129.6
1237.8,88.438
1227.4,1189.1
1230.9,483.07
1228.9,1168.5
1229.4,724.6
1234,1033.8
1230.3,576
1231.4,308.4
1231.5,651
1233.7,892.33
1233.5,686.9
1233.7,713.08
1237.9,1016.4
1241,1141.8
1238.5,246.84
1239.4,747.79
1241.6,403.68
1236,899.5
1238.8,1075.6
1240,462.93
1242.8,578.76
1242.6,301.9
1239.4,880.4
1244.2,975.51
1241.2,40.067
1243.8,276.5
1240.6,372.4
1241,1114
1245.3,1200.3
1243.9,787.42
1245.5,886.82
1244.9,655.72
1246.9,773.38
1246.6,796.89
1247,1185
1247.5,1179.5
