13.933,1205.9
17.853,545.87
44.778,42.159
62.349,283.25
69.485,1050.4
75.474,1175.8
80.48,804.64
107.37,404.08
113.42,666.17
113.5,692.24
117.95,1000.8
125.68,378.18
134.59,151.93
144.74,1075
151.68,1148.8
153.13,83.804
163.32,601.97
163.61,798.4
171.21,321.57
172.91,859.05
173.92,750.08
176.81,411.14
175.89,604.58
179.55,1048.7
194.09,1078.4
216.12,986.87
217.7,553.43
230.08,747.86
241.81,344.51
249.46,115.88
248.33,1041.1
256.6,510.96
260.17,1119.4
259.96,1089.5
262.81,61.784
280.71,152.85
310.6,1172.2
322.13,862.6
323.87,966.13
330.95,617.09
339.16,982.03
342.14,836.9
350,824.5
353.68,451.22
373.52,494.61
386.59,907.07
393.42,522.45
400.12,981.09
404.24,742
412.89,215.5
421.33,1090.8
420.24,1222.6
438.89,997.5
444.59,850.06
448.56,251.08
449.1,865.38
453.9,665.49
463.62,722.47
473.71,87.543
487.05,516.31
482.23,1090.4
484.07,20.426
486.51,713.43
487.79,1011.4
492.91,219.09
494.61,949.61
496.4,564.6
509.55,604.53
512.1,167.84
514.51,979.3
513.92,617.08
520.3,856.73
525.88,1015.9
525.88,1057.6
538,576.83
548.56,7.21
549.43,1213.2
556.06,145.99
560.88,685.5
564.74,973.54
567.93,473.37
571.89,233.46
575.61,65.174
576.08,965.29
591.05,101.75
605,795
626.06,20.312
630.74,1030.6
628.07,1089.4
633.12,751.98
649.31,220.09
651.23,1136.2
655.45,729.2
658.09,318.43
655.5,964
662.96,1074.7
666.68,606.78
670.84,921.71
672.36,421.6
670.31,546.06
677.05,1014.2
672.47,1161.1
685.36,282.8
688.36,628.15
689.53,940.83
696.96,1114.6
697.42,366.11
702,83.744
706.08,1031
710.99,916.1
710.66,128.94
718.59,201.41
721.04,947.55
722.14,1039
727.33,1067.2
727.83,980.87
739.5,500
741.42,866.11
744.48,404.57
748.86,28.5
760.6,620.89
760.5,72.85
767.96,1019.4
768.17,1113.6
771.87,124.87
814.7,1194.5
812.92,1239.2
818.42,1208.5
821,408.5
822,251.32
828.58,1127.4
828,247
838.44,1025
880.01,243.58
892.18,797.86
916.66,1111.1
922.38,1182.4
924.07,800.47
929.47,374.47
952.55,130.53
952.9,568.49
959.45,393.64
961.08,416.2
961.85,943.17
966.04,906.32
971.83,71.243
973.05,657.82
976.7,720.21
976.42,309.55
981.3,621.54
987.63,995.63
990.5,261
992.72,974.31
1009,820.22
1021.4,186.8
1023.2,740.43
1021.1,630.41
1032.9,667.8
1058.6,797.76
1065,364.5
1072.6,553.78
1078.9,844.97
1079.9,306.56
1080.5,937.64
1085.8,1197.6
1085.8,540.65
1092.3,89.763
1091.2,506.07
1094.3,127.36
1101.3,301.63
1101.6,1175.5
1108.8,1095.6
1112.9,1071.1
1113.2,485.46
1120.2,179.99
1124.8,1066.4
1129.9,999.89
1151.1,478.41
1164.4,965.11
1167,522.25
1175.4,764.05
1184.5,268.08
1195.2,1161.5
1202.1,421.12
1203.9,331.09
1213,55.289
1217.4,99.642
1223.3,255.93
1225.4,316.45
1227,959.14
1233.8,900.66
1242.4,304.83
1246.3,520.61
