3.5974,62.117
6.4561,413.5
4.598,875.09
9.2025,898.29
11.708,1215
10.368,10.485
15.902,787.46
16.164,65.491
16.5,294
24.907,736.97
38.074,322.59
39.179,589.88
41.02,882.47
46.961,394.96
44,280.5
55.629,1242.5
66.944,980.18
73.286,1153.5
76.077,21.397
74.5,1086.6
83.931,489.37
98.419,305.55
102.62,569.27
101.35,930.5
111.13,893.21
116.96,534.6
117.84,469.3
120.98,399.17
122.76,487.85
121.12,703.88
137.23,779.18
143.66,1130.2
145.08,1224.6
143.86,448.96
147.52,1163.4
151.25,853.78
147.9,8.62
153.01,290.36
152.16,897.35
153.58,478.58
154.98,659.14
155.19,548.07
160.19,18.927
159.92,93.416
162.22,148.89
163.86,40.962
173,84.337
173.88,582.12
181.09,927.57
186.99,998
198.15,1182.3
199,644.82
199.62,565.1
200.97,180.56
203.89,1070.1
204,587
207.76,4.4
206.54,809.08
208.54,846.96
208,948.5
214.14,556
214.97,489.11
221.33,366.67
224.78,6.6854
232.42,313.95
233.21,165.31
237.02,525.72
238.27,647.32
236.83,1087
248.54,818.1
249.23,579.49
253.07,865.31
254.91,1014.3
260.31,16.887
259.19,375
262.44,84.966
269.87,655.82
270.93,188.41
274.34,927.15
276.83,602.82
281.1,1160
282.09,314.3
285.48,1209.3
294.56,670.67
298.91,32.421
297.39,778.14
303.91,1054.1
312.5,639
324.44,586.17
331.47,1101.4
332.26,126.5
335.18,18.942
332.94,630.67
338.82,887.17
339.72,1178.8
340.82,147.04
342.09,229.91
344.66,785.92
345.58,1146.1
348.49,249.18
349.71,600.35
352.72,1245.7
367.79,437.41
370.68,144.36
372,995.7
391.01,1184.3
389.5,33
390.58,288.58
394.33,649.13
396.78,396.11
395.6,1080.1
409.92,33.935
406.75,73.125
412.3,101.34
409.86,130.93
410.43,544.05
412.5,1047.1
420.53,683.54
421,288
420.14,349.5
424.5,156
431.93,132.56
433.66,253.53
438.11,643.5
453.93,834
452.03,735.43
455.27,769.59
457.61,975.59
463.07,592.71
462.31,174.03
463.11,1180.7
465.18,298.49
462.31,469.91
467.61,76.978
468,732
472.22,669.47
476.07,44.593
478.04,1103.9
488.91,258.86
490.23,246.46
492.65,142.45
496.61,635.96
497.53,1141.5
500.94,823.27
507.4,863.11
518.28,193.83
524.12,475.88
525.3,759.21
536.7,404.85
537.14,750.41
540.65,991
545.6,388.11
543.5,707
550.24,133.48
549.48,1191.6
556.19,1219.1
558.76,262.88
557.15,206.15
558.04,934.43
559.43,19.391
566.13,351.87
568.14,447.61
572.84,308.6
579.61,1225.3
580.07,650.95
585.55,866.04
584.15,199.85
584.77,631.37
587.3,967.08
592.12,245.14
597.5,133.5
609.83,1040
612.11,601.3
612.51,555.91
641.52,708.4
641.07,882.81
643.96,919.31
657.48,833.43
656,372
672.15,467.69
672.61,658.56
674.36,1026.8
697.84,177.86
706.21,668.65
712.19,1188.3
711.73,686.44
716.91,359.43
718.07,165.07
716.57,100.61
721.72,712.91
724.76,664.33
727.43,1082.1
727.31,1106
732.88,334.24
733.07,839.68
732.16,1193.4
734.88,887.98
735.92,461.92
739.6,934.89
741.09,1085.9
745.29,1157.3
752.63,611.82
754.45,386.71
765.28,334.53
764.22,742.76
770.05,425.49
771.08,919.49
778.5,1171
783.94,201.55
788.93,591.81
795.4,402.11
798.17,825.52
798.58,628.04
800.42,149.45
808.55,328.45
810.62,1003.7
818.94,574.5
819.6,809.11
824.54,519.43
825.72,743.97
837.22,838.1
836.71,655.71
845.27,436.59
857.97,1183.4
862.91,940.87
882.92,1214.2
885.95,489.46
887.5,312.5
894.21,1017.5
897.35,718.92
897.58,749.62
899,962
900.9,576.62
912.45,707.97
915.13,540.92
917.77,883.56
928.92,21.56
929.57,984.43
934.25,65
937.34,340.93
938.76,188.06
939.62,652.39
946.03,948.97
947.94,363.6
947.83,1039.2
951.57,256.73
948.53,610.62
955.55,989.51
966.54,661.27
967.51,768.18
967.29,503.15
975.09,234.6
993.46,718.03
997.9,342.31
1005,525.88
1006.4,731.03
1009.2,592.05
1008.2,1065.1
1011.2,661.63
1012,917.3
1013.7,280.05
1023.3,425.77
1033.8,103.07
1035.5,385.5
1032.5,588.08
1040.7,495
1040.4,956.58
1043.3,803.23
1050.1,419.46
1052,1197.8
1056.7,987.29
1055.5,175
1059.5,3.625
1059.9,228.14
1064,516.72
1071.6,186.31
1071.9,411.89
1074.5,1223.1
1078.1,54.5
1081,582.24
1087,518.25
1095.1,1058
1102,165.5
1111,403.09
1121.2,271.24
1121,928.76
1126.8,750.22
1125.5,1100
1129.6,1215.8
1130.1,597
1133.2,819.71
1134.3,704.89
1138.9,904.99
1134,987.83
1136.7,953.5
1144.3,298.84
1152.5,1189.7
1163.5,55
1160.6,882.05
1161.1,1182.1
1163.1,119.59
1168.3,1083.2
1170.2,1108.9
1171.7,850.98
1173.9,632.94
1179.8,1167.4
1180.7,1003.2
1180.5,71
1187.6,574.32
1191.3,195.58
1191.9,736.44
1194.9,895.98
1199,593.24
1208.2,272.07
1208.5,1038
1220.5,985.28
1222.4,930.55
1225.6,197.71
1227.6,963.41
1232.7,1050.6
1240.1,457.12
1245.6,1203.7
