19.98,2.1078
2.2105,58.053
1.5,66
4.1807,110.13
64.562,71.052
3.7727,190.05
3.4,235.17
5.0432,264.3
5.7465,295.42
4.5143,317.83
3.8842,345.94
31.978,452.31
5.9327,583.3
8.1698,603.36
3.0312,646.38
5.4651,665.99
5.1111,682.44
3.4762,701.71
5.6871,753.84
34.969,782.3
5.1964,934.01
8.2264,969.81
1.5,999
2.3846,1008.8
5.2658,1100.8
44.222,1234.5
10.521,1259.7
10.748,376.94
8.3871,278.1
32.602,895.63
13.713,1018.7
11.325,993.25
23.841,641.23
16.76,39.62
18.609,318
26.533,332.58
19.348,1074.8
110.12,158.8
22.925,678.69
26.653,971.4
23.92,998.44
28.452,178.4
28.841,609.32
59.305,1023.6
40.16,678.11
34,1137
37.103,657.52
36.895,1329.4
110.7,947.73
43.538,1141.6
43.811,189.42
75.062,294.97
42,384
94.986,571.53
52.163,147.66
54.5,927
68.273,1210.9
58.674,178.67
57.894,321.19
68.035,399.32
73.654,663.67
63.981,904.81
66.524,148.9
87.662,1134.1
67.899,335.79
68.707,1304.2
70.676,526.74
76.911,746.65
71.139,1178.6
71.429,1320
77.333,225.28
77.681,856.2
87.3,369.34
80.711,433.68
79.5,533
100.1,1080.4
82.519,781.63
90.118,1326.2
87.497,1219.9
83,107
108.2,929.6
87.519,234.57
90.575,995.58
122.27,413.24
89,99
164.12,611.27
91.595,1236.7
112.78,457.33
95.245,921.47
97.452,502.17
101.8,1168.6
97.9,207.95
106.4,287.06
117.61,1222.7
105.12,111.67
127.13,1117.6
117.89,312.01
119.91,984.79
107.74,548.1
106,744.5
121.79,9.9795
132.3,1315.9
113.31,771.89
116.08,475.08
118.19,98.062
178.29,317.88
123.38,479.21
150.3,1234.9
125.58,104.75
130.92,369.68
140.49,753.04
134.35,501.02
140.06,1068.6
165.31,466.01
140.4,884.74
220.66,1134.4
136.5,1208
152.79,946.79
141.65,1278.6
148.63,248.46
144.62,41.352
145.98,276.8
146.08,1021.4
145,578.89
148.38,144.52
150.94,976.77
149.7,303.32
149.64,187.5
151.19,222.73
152.02,351.53
152.09,17.311
225.36,723.62
141.5,828.69
175.3,143.94
158.03,369.31
156.54,1245.3
159.01,1285.1
162.35,1071.1
167.25,70.037
194.08,767.93
172.09,918.4
165.48,958.86
168.06,379.75
165,434
175.42,396.08
170.21,1272.6
197.83,27.471
169.37,223.39
171.26,261.24
176.5,419.4
174.24,1292.8
172.93,997.26
203.41,977.39
174.4,53.4
177.13,804.18
196.27,210.17
182.59,1260.4
185.48,901.9
187.71,160.82
190.42,1156.8
205.94,1223.2
190.91,1101.4
189.54,1321.3
190,271.67
260.35,788.75
192.97,934.79
201.43,1054
200.83,1196.8
198.68,467.64
244.47,881.72
204.92,369.99
203.95,1077.8
202.32,345.64
206.57,912.84
203.65,1169.6
207.52,569.02
206.15,1137.7
220.24,153.55
209.4,421.4
213.71,690.99
218.33,548.59
214,1149.2
214.7,1272.9
224.56,262.19
237.42,465.38
218.51,1252.5
251.74,1170.7
222.85,831.05
234.67,1309.3
243.03,1272.4
222.83,517.27
236.51,403.4
228.41,318.75
228.66,669.55
244.17,16.028
264.97,541.13
323.78,201.25
236.17,516.72
239.03,1002.7
244.34,664.75
239.92,471.33
245.84,973.31
242.5,296.5
268.54,251.05
246.43,1331.3
257.85,1044.5
252.86,294.09
285.58,348.6
255.04,986.5
256.06,271.32
256.86,955.82
264.24,576.16
270.13,1285.5
281.7,678.39
258,968.5
275.21,841.95
269.23,1225.9
264.64,962.68
307,970.7
270.18,12.505
320.03,1303.3
273.07,400.59
270.4,591.14
273.81,491.47
269.15,770.04
279.45,293.83
275.38,507.23
288.18,220.05
289.14,1041.1
288.44,141.65
286.05,483.11
290.36,579.11
294.16,35.362
300.98,405.38
324.13,603.69
289.35,820.05
303.08,498.95
290.43,1193
388.02,67.408
293.57,1274.2
297.02,859.64
296.67,1232.6
296.71,327.06
300.36,805.53
307.71,1327.8
302.98,1178.6
328.04,652.06
303.38,545.56
305.13,459.34
336.21,1229.4
342.3,130.95
318.76,312.33
309.43,529.43
311.89,895.42
315.58,380.8
321.55,476.65
312.88,546.65
365.76,1055.1
327.49,1034.4
320.97,450.62
319.42,745.34
317.5,893
324.88,824.05
332.39,854.06
328.76,27.957
331.41,633.59
328.99,1183.6
325.97,695.37
328.13,359.37
330.25,573.82
328.14,682.43
333,777.37
342.15,439.44
337.01,1265.5
357.39,499.43
340,1161
342.48,608.91
342.14,811.71
343.19,622.41
358.14,689.07
342.36,714.5
345.33,89.833
353.4,770.17
355.35,12.408
355.87,273.19
352.18,791.48
354.06,987.36
355.44,390.64
368.89,1183
364.49,305.06
356.98,1113.2
384.37,642.37
364.88,1129
363.19,1207.4
371.94,775.75
379.2,242.25
432.69,670.14
361.58,879.01
363.73,934.64
363.53,287.79
364.61,864.97
374.32,202.97
369.54,357.62
390.05,1276.5
381.78,7.3218
371.75,366.08
376.45,839.58
376.68,1152.2
377.88,308.77
407.2,1309.1
384.16,884.68
382.15,1063.2
392.32,532.22
395.73,1209.6
395.07,919.31
386.09,275.4
399.06,1073
385,1164
391.3,1182.2
409.23,486.42
400.76,442.55
410.3,302.18
394.7,589.77
400.96,837.38
395.53,1127.7
403.63,258.91
424.64,360.07
397.53,1111
407.35,197.75
400.96,965.66
415.97,852.58
400.5,876
436.62,733.47
402,1166
403.53,888.32
406.79,934.72
404,988.82
405.05,788.32
443.18,1154.2
467.04,189.96
454.98,583.56
414.61,815.57
426.14,955.65
415.25,1131.4
422.99,1011.5
414,183
414,629
417.81,1233.6
433.01,1244.8
443.03,912.2
417,1281
434.22,290.16
452.08,800.39
426.13,614.84
432.44,1075.3
435.84,255.8
428,92
433.23,4.2692
430,88
432.93,383.98
443.93,400.94
433.5,184.88
443.69,158.33
457.42,497.02
439.12,1275.1
438.86,862.9
444.32,1215
444.53,967.76
443.67,63
472.86,1001.1
446.74,1058
445.79,777.23
448.97,1043.7
447.33,478.53
468.04,343.4
451.28,1226.3
480.13,103.73
467.47,283.79
462.41,962.5
456.38,1307.4
456.39,853.72
455.62,1264.3
466.81,1192
474.55,1070.8
461.15,1.9615
462.56,366.4
468.6,386.41
489.55,1247.6
470.45,879.62
478.57,903.68
470.86,411.9
474,521.12
469.59,228.93
489.16,292.38
491.86,1110.5
468.3,1296.1
480.87,368.38
478.11,563.79
481.96,391.02
515.67,924.59
493.8,425.55
482.44,334.78
487.52,617.93
483.06,958.41
497.72,1173.2
498.58,717.35
495.92,11.95
506.16,772.57
517.18,1132.8
490.7,1209.7
508.25,318.39
489.45,174.62
489.73,464.65
493,244
491.68,605.64
512.61,814.01
493.17,869.83
501.6,543.6
511.26,364.3
507.23,552.37
508.05,1287.2
511.05,573.02
509.46,453.78
508.5,967.5
515.05,535.79
517.95,1053
519.3,288.17
536.45,1000.9
538.04,1039.8
524.36,263.44
513.97,1307.4
526.08,1164
521.11,13.737
522.43,460.1
519.92,637.41
517,212.5
530.15,951.76
523.84,1285.2
550.45,643
589.75,540.68
524.75,610.19
546.02,500.36
524.54,416.59
529.35,229.46
529.96,1326
528,678
557.38,1084.9
531.08,574.25
527.3,697.87
530.5,965.5
532.35,290.88
545.72,825.4
536.77,1251.7
538.8,210.52
547.77,134.91
549.06,748.06
549.58,1232.2
548.79,12.48
559.9,230
541,600.5
547.94,895.43
563.58,190.68
550.04,1206.6
550,617
574.96,944.35
569.72,76.542
577.08,320.78
589.71,1159.4
558.58,912.75
560,249.33
560.03,927
562.23,1280.8
573.52,582.83
575.37,777.38
569.36,840.53
567.82,1291.1
568.85,209.15
576.08,1018.6
575.03,905.15
585.5,9.605
581.41,1300
580.04,1226.5
582.97,970.13
582.55,1327.9
583.55,121.05
578,642.34
581.13,731.65
586.49,750.45
590.39,1110.7
588.23,652.11
595.41,859.19
599.34,619.84
592.79,30.452
602.54,139.24
595.8,1268.5
594.21,89.871
605.17,191.9
594.89,495.83
595.88,901.5
600.06,412.2
608.23,697.8
613.17,571.18
634.78,968.01
608.27,912.23
601.75,272
604.68,325.04
603.09,1076.7
607.51,1241.5
607.8,809.95
607.1,99.05
607.25,1207
623.47,1283.8
610,356
614.39,157.91
632.03,379.54
608.6,587.6
609.91,1225
621.56,1059.5
620.74,481.98
648.15,640.78
626.04,410.71
625.29,343.39
652.49,90.522
625.82,912.53
633.71,1112.3
634.41,898.35
673.48,569.8
670.54,168.78
641.34,436
652.56,844.45
639.35,486.31
648.07,129.62
637.59,327.93
708.59,1178.8
658.85,455.41
649.8,1031.2
647.89,1065.8
651.32,1329.9
658.99,1089.4
672.42,673.19
652.09,1182.8
652.44,2.16
650.25,259.57
658.17,555.2
702.64,949.02
659.5,225
660.5,527
661.45,1309.4
673.92,359.04
673.96,14.1
678.58,993.16
670.17,1245.7
674.22,210.82
674.62,700.9
677.2,874.01
671.5,1331.5
681.75,1037.9
680.48,1268.6
681.35,731.07
679,91
682.33,473.47
705.54,76.839
689.03,115.5
685,236.5
687,1331.5
688.73,1303.8
692.39,591.56
697.89,3.5804
689,435
709.02,880.46
692.29,316.93
693.85,1018.5
699.98,450.94
694.42,188.06
698.96,539.04
693.96,777.36
691.88,511.99
696.39,489.61
715.58,621.13
760.3,1053.6
700.57,26.108
699.75,235.82
711.9,1245.7
701.63,1323
699.95,854.7
701.43,672.82
701.34,825.29
701.68,179.15
703.61,170.36
708.22,1291.8
715.95,797.55
716.03,1073.3
708.53,1035.9
713.99,293.66
741.37,692.17
717.47,914.65
708.69,994.46
762.75,120.14
711.38,358.38
715.98,705.95
717.43,596.32
724.74,337.56
720.74,1041.2
728.62,1320.8
721.68,521.66
735,760.46
725.14,3.3571
732.47,587.97
727.06,642.12
753.41,979.94
728.28,29.326
755.2,540
729.32,289
731.66,1266.1
729.51,78.297
732.95,840.9
733.1,303.79
737.96,390.28
748,496.14
734.27,599.98
781.52,866.22
735.97,1297.7
735.94,448.46
756.55,1254.3
743.82,341.39
749.28,36.423
752.48,359.19
760.99,920.69
750.69,456.75
754.08,505.59
752.64,445.29
752.5,1295
766.3,260.62
775.06,402.87
767.49,4.6075
763.04,374.29
803.81,683.59
764.79,332.32
764,421.5
769.63,1331.1
770.2,451.91
781.22,561.89
774.5,952
776.38,322.88
780.73,616.34
784.44,1273.4
778.5,1154
780.5,1148.5
783.96,1219.1
787.59,640.1
782.5,699.5
783.35,1299
784.59,284.76
796.02,323.36
790.14,436.82
793.67,958.92
788,724
801.86,564.09
790.32,1310.4
792.62,804.85
794.11,724.42
795.68,1121.6
795.37,1169.6
805.69,130.52
799.83,349.98
805.51,1088.2
805.33,170.67
807.2,6.2453
814.96,23.667
881.33,202.97
816.16,1316
823.69,781.46
813.92,1048.6
810.68,1116.4
811.5,1065.5
817.76,1161.9
814.86,319.7
821.05,407.52
823.29,89.858
832.89,1205.8
827.49,53.054
826.47,1266.1
824.18,310.82
826.68,748.92
826.21,833.85
827,1066.5
832.98,141.88
828.37,300.27
830.35,345.08
840.09,107.13
842.03,1114.6
829.5,454.5
832.5,32.484
832.41,462.93
841.36,1075.3
833.55,63.974
834.29,1180.6
839.13,1157.2
837.22,492.38
842.89,1040.2
846.17,741.85
871.74,830.62
846.75,39.326
842.95,469.93
863.33,929.93
857.75,587.17
868.25,336.11
867.87,1272.9
861.76,1191.8
863.2,661.31
876.54,1152.5
861.77,1311.4
856.36,76.964
863.64,641.75
859,306.5
872.84,15.542
860.67,963.67
865.58,1053.8
862,1011.7
882.87,672.68
866.05,100.53
878.54,123.94
865.65,724.12
874.71,462.99
886.92,1117.5
867.4,55.4
869.77,792.1
874.75,527.52
871.57,895.57
872,679.5
893.18,555.59
928.66,1226
875,1206.2
879.02,512.68
883.01,710.06
880.59,778.07
880.5,89
882,1187
893.17,1207.3
885.91,796.81
893.51,283.04
889.55,484.64
889.27,1226.2
889.59,580
924.52,866.38
956.15,42.008
896.27,592.8
896.19,628.1
901.86,345.3
898.78,775.37
902.67,314.39
899.9,424.84
899.04,710.21
903.09,67.03
907.18,1031.9
906.51,1074.4
898.43,468.84
902.01,494.51
936.25,609.75
906.59,14.519
916.96,281.35
909.81,656.43
906.33,377.33
936.98,191.7
911.94,216.47
911.63,1228.3
914.04,974.25
915.55,359.16
920.75,504.55
923.1,319.17
924.16,574.93
925.41,828.21
928.41,979.54
924.95,449.95
976.08,1017.2
933.89,346.25
935.86,708.94
930.96,750.47
932.62,27.703
936.14,320.42
934.01,649.26
934.83,954.54
940.35,768.39
935.5,151
949.76,451.91
940.5,927
945.46,4.3146
947.92,20.112
943,548
945.94,1078
944.83,1225.3
946.5,1099
950.27,584.34
970.66,270.16
952.34,545.52
950.42,560.85
955.92,397.98
951.5,569.5
962.4,893.6
961.02,1228.5
959.8,335.4
956.67,719.76
956.12,534.65
1003,929.77
955.43,1261.4
959.6,642.81
962.66,1331.2
959.6,223.75
974.74,364.12
978.4,704.43
977.3,962.04
959,1084
958.4,1276.4
1004.7,545.9
970.28,824
975.96,178.14
1010.8,785.35
976.66,463.68
976.72,319.7
978.27,1059.8
976.81,846.05
975.84,876.56
978.47,906.49
980.52,1264.9
979.69,339.59
985.52,213.29
996.19,136.7
993.62,5.2116
992.46,862.95
999.27,77.501
1029.6,222.22
993.44,724.82
993.87,347.62
991.41,577.49
994.23,199.51
1016.8,1160.9
996.13,559.12
997.5,733.5
1007.6,679.62
1003.3,653.29
1004.9,1115.3
1008.8,376.68
1020.7,1093.9
1015.5,192.04
1007,389
1008.2,396.91
1011.2,103.15
1033.7,156.11
1013,748.38
1067.7,1232.1
1011.6,691.43
1011.9,858.88
1018.5,465.49
1016.1,1329.4
1015.9,3.1707
1013,261
1017.6,140.2
1024.8,423.64
1018.6,1052.4
1019,720.5
1020.4,646.13
1045.2,376.72
1021.3,625.85
1020,639.5
1024.5,731.27
1060.2,835.06
1058.6,1271.1
1028.9,11.79
1028.7,54.119
1029.3,967.37
1033.9,560.75
1034.9,690.71
1032.3,1050.2
1035.8,297.44
1034.3,431.34
1037.5,512
1043,756.06
1044.1,610.19
1040.6,1028.1
1043.6,438.5
1045,1181.6
1048.6,998.53
1049.7,8.0952
1045,157
1047.5,1321.1
1049.5,977.22
1045.5,1082
1064.5,1018
1060.1,1159.4
1068.2,331.68
1061.9,117.57
1087.5,1306.4
1078.2,28.191
1068.7,224.49
1113.3,743.64
1094.5,926.39
1069.6,489.41
1066.4,1035.9
1090.3,1136.9
1082.1,154.18
1121.4,944.91
1075.1,525.81
1079.3,610.12
1149.1,989.28
1101,99.382
1100.1,565.25
1074.9,261.09
1077,1167.5
1074.5,1318
1078.2,650.08
1080.6,1097.6
1078.5,586.5
1090.8,76.112
1086.5,245.19
1081.5,1085
1151,630.81
1089.6,1020
1111.6,265.1
1092.2,972.07
1104.5,772.06
1101.7,318.89
1093.5,900
1106.2,181.16
1096.9,226
1095.8,515.67
1103.5,1075.3
1097,712
1109.2,821.34
1096,914
1110.1,243.66
1111.4,386.65
1105,1275.6
1115.2,489.05
1114.5,199.11
1116.7,616.54
1110.1,1187.7
1114.2,23
1118.4,792.55
1116.5,1181.7
1122.1,1133.9
1116.9,868.19
1161.4,153.92
1178,517.89
1121,1207
1135,1309.7
1136.2,22.544
1172.1,839.36
1188,1156.7
1152.5,913.06
1136.1,1058.2
1148.8,1211.2
1162.4,470.27
1156.2,1326.8
1150.9,659.23
1163.7,74.784
1159.6,1106.9
1158.2,1296.7
1136,883.75
1167.2,1245.4
1211.2,472.3
1164.6,764.86
1173.9,26.079
1214.4,428.86
1165.6,645.68
1164,807.58
1166.9,1267.7
1168.1,785.18
1234.1,1191.6
1168.5,112.96
1190.3,206.78
1243.8,285.71
1186.6,1017.2
1177.3,1298.5
1179.9,342.71
1181.3,1318.7
1186.3,42.524
1194.1,1232.2
1195.4,84.533
1196.6,240.73
1198.7,1115.5
1211,866.66
1197.9,1001.8
1198.1,113.09
1207.3,839.8
1226.6,1004.1
1201,1315.5
1208.3,146.8
1206.6,124.79
1205.9,1301.1
1208.6,459.2
1211,746.75
1209,1252
1210,651.19
1223.1,1308.4
1213.1,1100.1
1220.9,1329.3
1215.5,775.5
1216.4,822.5
1226.7,558.78
1245.4,792.69
1221.3,758.08
1244.8,86.879
1243,152.42
1226.3,880.6
1270.5,582.14
1235.7,1253.3
1225,636
1235.4,776.75
1229.6,624.98
1268.4,1284.4
1233,840.5
1233.5,307
1233.9,1136.9
1240.7,888.38
1237.3,210.69
1240.2,627.82
1249.1,920.78
1240.5,223.71
1239.9,857.1
1243.3,36.071
1244.7,734.88
1250.7,1310.4
1244.2,844.67
1244.7,984.11
1246.7,1118
1246.5,1298.8
1269.6,1047.5
1259.9,1246.5
1251.7,674.55
1257.4,202.53
1254,1175.2
1252.9,831.09
1262.6,1089.6
1259.7,530.05
1253,1126
1265.9,947.01
1261.2,820.56
1270.8,986.18
1272.5,850.59
1266,510.92
1270.5,261.76
1266.9,454.24
1276.5,711.83
1294,419.68
1275.3,90.458
1274.4,704.56
1276.7,1238
1286.8,166.89
1284.5,1100.8
1280,8.1
1285,1222.5
1298.6,17.726
1288.3,458.68
1297.2,1128.9
1303.7,614.44
1293.6,1312.7
1293.7,980.46
1299.9,1192.7
1299,75.926
1304.8,790.59
1301.4,1213.6
1312.4,1269.8
1301,517
1306.6,1238.2
1303,1223.6
1308,86.521
1310.1,493.4
1307.8,1095.2
1321.4,1313.9
1320.2,668.96
1307.6,943.28
1313.3,1066.5
1308.5,1039
1311,873
1310,1297
1313,1190
1323.5,858.11
1315.6,1132.4
1317,436.5
1317.5,1191
1324.6,1162.4
1322.2,97.595
1319.6,1181.6
1321.5,311.42
1325.1,973.7
1323.1,1013.4
1326.4,44.612
1322.2,542.13
1326.8,18.201
1326.5,703.53
1323,1186
1328.1,109.01
1328.7,770.14
1328.6,1110.9
1329.6,731.84
1330.1,1242.6
1330.3,510.29
1330.3,784.76
1330.8,841.05
