7.157,335.97
11.937,521.21
4.206,641.29
3.3913,672.43
4.1143,742.88
7.8097,805.81
1.9091,1017.2
9.7781,1088.4
20.569,1134
2.7308,1167.7
21.591,1278.9
41.045,781.98
4.4545,872.82
12.97,1033.3
39.637,862.03
8.9412,1062.4
12.63,415.9
10,562.5
23.337,1195.8
19.154,1249.6
13.197,761.97
25.258,298.95
15.72,871.84
19.233,618
17,278
26.471,568.65
20.646,452.75
26.529,1097.8
35.621,175.99
23.067,675.07
35.798,1039.5
26.369,698.23
24,277
35.013,1076.6
44.349,366.19
34.225,437.94
51.41,942
41.426,5.1211
35.507,484.35
33.029,839.38
49.976,1301.8
67.754,285.28
59.993,1084.9
41.125,584.81
45.551,63.633
42.333,577
43.917,113.92
64.835,420.49
50.77,39.148
48.219,650.84
54.917,1206.8
57.948,104.2
60.469,53.462
52.92,993.56
55.436,230
61.532,570.6
97.848,1264.7
59.947,596.43
61.788,883.88
65.683,681.26
64,1161.5
65,193
77.422,353.89
74.92,1138
70.029,1182.2
80.045,201.51
69.793,150.69
80.423,840.79
81.437,1220.7
71.32,320.56
72.638,932.51
99.429,1003.4
72,61.5
72.806,832.47
73.935,914.65
77.5,542.65
81.434,772.92
75.5,56.5
83.945,136.16
77.56,942.04
84.689,1321.6
86.333,683.79
86.098,479.04
89.025,46.55
85.59,491.67
87.978,648.05
84.346,1147.4
86.688,253.19
88.104,976.48
88.861,84.045
100.94,1174.8
102.13,382.66
94.267,659.58
90.075,863.85
93.769,434.86
92.61,7.5455
96.515,413.31
93.197,712.99
96.736,520.04
105.59,209.37
114.54,795.25
95.8,1040.4
101.12,538.63
100.65,736.71
105.36,1059.1
102.26,1125.4
107.77,311.42
101.77,458.77
105.14,449.43
123.91,601.69
108,150.84
111.56,1032.7
118.55,1321.2
117.51,190.22
112.37,771.77
118.46,1098.7
134.52,264.03
132.74,390.27
116.88,1135.6
124.26,526.88
120.86,953.1
129.07,28.164
120.78,59.85
124.95,129.69
123.89,920.68
131.27,1238.8
140.62,1036.5
126.96,561.06
126.21,1016.8
132.53,832.98
130,574
137.45,449.88
148.68,190.64
145.25,758.95
145.5,166.26
139.15,483.04
145.36,1126.7
143.05,61.025
151.08,715.02
151.66,1079.4
145.55,344.84
144.56,552.67
147,471
160.34,1174
149.7,680.45
150,6.5
156.91,228.1
157.7,496.32
154.74,586.66
155.31,61.225
160.99,469
168.6,955.85
154.69,1151.1
164.43,985.88
156.46,1322.4
157.08,1265.4
162.43,670.22
158,861
159,253
171.51,782.08
162.29,246.29
171.49,818.53
166.06,395.27
174.3,726.95
169.86,1007.2
166.58,596.55
168.39,1024.9
167.27,257.35
172.23,619.57
202.69,645.21
186.14,1067.2
170.65,843
180.54,183.4
185.13,411.15
176.92,242.31
174,572.17
187.02,586.42
176.18,1093.5
176.65,859.12
182.89,687.96
177.8,1013.1
179.91,1150.4
196.97,977.08
188.38,474.24
184.82,749.36
198.96,314.14
189.06,1023
184.28,1114.5
190.86,1098.9
188.25,1331.1
217.92,788.62
192.1,73
199.92,861.92
191.58,221.11
228.52,1015.6
198.48,1150.5
205.88,621.44
211.57,1087.5
212.26,377.09
208.41,690.76
213.05,339.17
212.89,1067
217.48,997.45
216,599.88
218.82,884.43
215.06,47.75
224.13,737.86
226.66,924.17
219.29,1141.2
224.48,1114.4
232.01,694.76
251.8,964.82
231.28,1036.5
231.74,1090.8
236.25,14.251
241.39,557.55
232.64,478.18
233.97,1152
237.97,121.45
238.97,1250.7
246.37,1200.7
259.31,672.14
260.75,463.8
246,1063.7
254.67,508.03
249.07,1329.4
250.33,540.17
256.67,1313
261.2,595.73
265.44,1012.8
271.7,1222.4
270.82,325.37
265.87,1050.7
273.06,554.02
289.16,804.58
296.31,977.56
288.89,606.83
278.09,135.64
280.59,744.82
279.06,1066.6
279.26,399.65
282.07,381.82
284.95,725.9
293.01,551.08
296.31,763.73
293.62,446.82
296.91,495.06
296.18,468.74
298.55,1156.8
298.09,1256.3
296.5,153
296.91,723.09
298.78,745.25
298.33,382.53
316.22,1079.4
336.09,838.53
316.03,617.29
301.61,1267.9
310.2,425.45
312.02,665.48
337.27,756.53
306.65,915.6
309,931.5
313.9,719.3
316.7,339.1
322.94,992.59
320.86,277.65
324.33,88.767
321,797
322.87,1048.8
322.14,1255.6
327.13,164.5
324.83,317.89
329.35,1234.2
326,916.82
340.3,451.62
333.72,643.5
343.07,946.58
337.47,1164.7
346.97,499.27
343.76,90.427
369.86,781.17
353.03,169.11
345.21,427.26
343.5,1049
349.71,1133.4
351.13,1055.2
349,1142
375.25,686.57
381.42,422.36
364.99,625.07
370.43,1141.4
385.96,1079
373.97,877.12
374.14,1190.8
374.39,802.84
374.18,842.33
374.6,1260.5
376.61,643.57
385.43,933.81
379,561
385.25,569.23
385.67,1125.1
436.78,165.51
387.98,851.86
388.43,143.83
392.62,587.04
398.76,125.67
397.71,270.12
395.24,764.16
393.21,1013.9
409.24,864.39
405.23,1124.2
399.2,1262.2
409.21,622.53
400.75,255.47
402.68,720.27
409.26,1003.9
410.68,1292.1
411.32,938.82
419.24,1235.9
434.87,577.83
417.17,474.38
415.06,909.92
416.82,657.97
432.53,762.83
415,307
426.12,1066.9
420.53,674.99
421.21,722.77
421.55,449.85
431.41,503.91
430.73,1142.7
441.72,309.49
444.12,627.44
456.22,1171.7
448.42,648.84
448.01,548.33
452.1,397.19
448.8,891.92
450.62,1029.3
449.85,737.54
461.42,1098.3
465.3,436.08
459.61,730.47
460.14,771.79
462.38,827.6
459.76,525.84
459.94,750.41
465.53,1285.9
468,918.39
472.96,704.2
469.91,880.13
467,1077.5
472.56,972.75
475.17,631.72
494.55,756.07
487.09,492.96
479.68,991.95
480.6,921.82
489.85,541.81
483.02,426.52
484.62,440.85
481,254
481.95,695.43
487.91,969.35
482.5,657
499.3,597.29
488.99,817.09
500.34,675.23
492.04,799.07
492.71,369
499.81,1005.3
498.29,1284.4
514.99,947.57
513.73,1312.4
505.36,619.07
503.5,723.5
512.29,1151.8
509.17,327
512.16,106.52
518.02,203.05
518.51,330.2
519.95,451.9
531.35,136.74
527.82,624.54
525.49,989.66
528.51,1059.5
528.58,182.28
544.48,742.65
529.63,415.24
540.28,689.01
534.64,1181.7
533.68,482.37
531.86,512.9
537.39,91.636
541.19,192.47
559.83,1245.9
545.81,1300.8
569.15,588.26
544.22,1198.3
540.94,202.41
548.23,493.51
551.78,824.77
558.64,208.22
552.16,102.21
553.88,1317.4
557.64,644.84
592.09,808.53
607.57,540
569.39,1327.1
563,468
570.5,1017.2
577.29,112.75
568.86,1299.9
576.89,52.145
579.04,626.55
572.35,13.154
578.56,472.53
575.91,844.31
577.03,991.93
579.11,756.42
580.5,350.5
592.92,665.35
583.44,783.54
582,344
594.02,436.08
593.74,850.27
592.36,1028
591,210.29
602.56,909.77
608.27,136.25
618.45,959.58
597.73,250.85
590.77,316.09
597.23,483.14
596.66,981.66
603.98,999.08
600.27,69.75
605.05,1321.8
608.6,1152.3
623.01,1255.2
606.44,85.8
619.44,222.9
621.05,872.29
610.88,755.08
610,785.5
617.75,738.87
617.6,661.6
628.67,993.7
619.2,797.83
621.33,356.83
628.75,252.49
620.44,265.67
630.76,1281.5
626.06,309.02
629.47,183.2
625.91,83.955
626.83,831.31
629,1142.5
629.91,1060
641.45,26.658
634.48,1324.1
642.8,166.23
642.27,324.87
654.89,682.48
644.56,1254.7
654.69,394.06
650.52,228.78
652.52,1325.1
677.29,888.55
656.51,14.178
655.9,305.95
658.22,542.82
658.96,754.83
675.91,1191.6
665.18,326.54
658,1019
677.78,1269.8
660.63,563.11
665.43,1229
663.36,813.28
683.28,397.19
667.73,1046.2
669.07,725.46
670.55,300.82
676.72,442.19
668.58,713.11
675.94,1077.8
669,1331.5
683.97,144.5
676.38,1003.5
681.51,4.3814
672,677
677.65,1108.5
682.26,701.58
677.25,742.51
677.5,798.35
692.8,667.83
682.88,1327.5
683.16,766.77
683.92,1133
683.97,866.23
686.12,1164.3
692.28,1052
700.41,314.59
726.43,1162.7
698.97,165.15
704.08,856.34
697.19,735
713.5,707.12
711.58,1005.6
709.84,1229.5
709.16,731.11
705.79,1305.4
704.91,599.09
711.52,260.37
709.97,385.98
715.12,547.21
715.8,421.76
716.44,578.1
726.17,1285.5
717.59,653.2
719.5,977.36
737.97,800.02
722.86,621.32
734.45,854
727.5,922.08
728.45,361.08
733.62,728.88
735.51,1314.6
732.11,432.58
740.04,246.62
743.98,1221.3
747.88,301.79
734.57,662.57
736.36,756.4
744.89,380.51
742.9,275.77
743.31,880.83
796.34,1299.3
745.63,898.02
746.96,926.28
749.45,1000.8
756.26,838.87
752.21,1285.3
761.75,1197.3
765.65,446.2
759.79,702.44
755,758.52
770.49,354.81
764.69,410.6
761.42,774.89
763.14,1030.8
768.74,1049.8
765.64,1295.8
769.2,1066.2
776.98,727.47
773.63,1180.7
795.4,790.93
781.82,821.97
776.41,1109.5
786.94,423.71
779.5,753
812.32,690.88
782.5,1123.5
788.02,570.31
788.17,1331.2
797.32,1093.2
790.93,1144.1
792.75,1064.2
797.69,1217
799.09,494.43
807.23,1249.2
799.24,1076.9
806.24,1143.9
803.51,921.47
801.72,1118.6
810.71,903.8
803.4,446.66
821.43,551.7
811.6,457.28
815.56,966.07
792.86,187.66
822.16,838.1
817.42,480.37
825.12,811.62
822.59,1063.2
820.36,1075.7
822.72,633.2
828.4,934.22
830.17,619.27
833.93,660.88
828.35,1114.6
840.75,888.75
837.87,919.54
836.32,858.9
833.51,1324.8
837.35,1050.5
842.02,769.19
846.7,637.72
848.28,500.12
840.06,973.59
844.19,1103
848.37,1072.3
887.72,956.52
849.14,1215.1
849.5,539.5
856.61,614.84
851.5,818.5
852.5,1282
903.64,1082.7
866.1,1326.6
918.32,1257.5
874.26,550.38
889.78,896.87
870.96,318.99
893.91,706.97
880.65,297.54
880.68,1157.2
874,493.39
873.4,1035.4
881.93,649.39
945.21,589.18
884.18,419.77
886.24,1278.9
893.15,1030.9
934.87,830.35
898.5,790.5
899.56,1290.8
904.06,1118
904.62,797.69
925.05,1308.9
903,783
908.31,1143.8
907.53,613.42
908,776.5
910.04,1020
914.97,619.94
912.42,1012.5
920.14,768.09
915.19,646.19
915,1000
922.15,1172.4
930.97,788.48
926.2,251.59
924.16,725.95
926.98,1129.4
933.32,934.09
972.36,1032.8
935.28,667.38
935.36,551.17
966.71,978.88
940.72,1161.8
944.93,501.25
949.66,1205.9
951.22,131.37
948.5,638
954.93,618.39
990.53,775.35
960.38,869.38
976.9,1095.8
962.03,323.4
979.61,1152.3
961.38,507.96
962.58,839.56
971.58,684.81
977.97,128.4
973.06,925.09
974.5,948
977.64,1307.4
986.2,330.63
991.08,1127.4
984.46,1234
990.24,515.6
992.31,859.69
989.58,631.03
997.22,738.02
991.92,677.56
996.23,1191.9
1009.7,673.53
994.09,938.91
997.54,1210.2
1004.3,956.61
1015.2,593.67
1003.8,613.35
1013.9,332.63
1005,448.5
1024,1128.5
1019.5,427.09
1019.2,264.65
1018.9,1194.3
1019.6,1248.2
1021,491
1026.2,1267.7
1030.1,312.85
1027.5,494.49
1032.3,517.74
1032.8,1156.9
1072.9,627.63
1036.8,460.51
1052.7,696.69
1043.9,770.59
1049.4,1243.4
1081.3,1283.6
1041.4,817.43
1041.6,725.4
1051.1,197.26
1050.2,503.26
1043.4,731.4
1050.3,1020.4
1057.6,1138.6
1056.1,448.68
1056.7,1198
1062.7,157.49
1060.1,1330.4
1067.9,740.16
1065.2,1152.8
1067,405.12
1070.1,494.84
1075.8,463.35
1082.8,979.92
1086.9,1020.8
1089.5,404.29
1082.5,708.32
1082,1161
1089.3,243.91
1087.9,1164.6
1112.4,1128.3
1091.6,226.61
1097,486.31
1093,1316.1
1132.9,723.41
1130.3,1045.5
1099.5,294.74
1107.2,1208.8
1111.8,1328.5
1118.8,236.57
1108.1,976.41
1105,450
1108.8,1008
1117.8,760.83
1118.5,434.93
1130.7,312.54
1119.5,713.26
1124,1171.2
1125.3,337.54
1121.6,580.16
1133.1,802.2
1135.5,359.28
1125.7,985.71
1125.6,170.12
1129.9,1187.7
1137.9,1222.6
1132.3,1278
1129,258.5
1141.3,639.88
1144.6,677.21
1140.5,1103.2
1138.4,706
1145.6,610.64
1158.5,1154.7
1152.5,1073.3
1147,265.18
1178.4,1183.7
1161.7,1311.3
1149.6,1144.5
1148.9,753.42
1156.6,421.5
1156.4,853.69
1157.5,924
1165.8,379
1167.7,974.32
1167.8,530.83
1179.3,905.44
1167.3,666.42
1165.8,1259.7
1167.8,814.34
1179.7,223.88
1182.2,267.24
1191.5,1299.9
1174,436
1183.8,836.87
1176.8,788.76
1177.7,1208
1204.5,671.87
1185.6,1242.9
1196.7,780.53
1189.5,968
1243.7,387.59
1191.2,730.72
1209.5,1270.9
1192.8,1216.6
1199,288.87
1205.4,732.86
1207.2,1143.5
1202.6,850.57
1210.3,441.92
1213.8,966.62
1207.1,880.52
1209.6,913.51
1215,813.94
1216,1045.4
1209,1095.9
1216.7,1018.7
1215,1196.1
1235.9,749.06
1212.6,938.43
1212.9,1233.7
1241.7,1114.6
1218.4,1121
1221.2,1289.7
1228.4,899.77
1233.9,1303.2
1230.5,1322
1240.1,950.17
1283.8,1041.8
1236.5,870.83
1234,1241
1246.7,301.99
1259.1,1249.8
1245.6,446.43
1247.7,710.87
1259.2,209.81
1249.4,1029.3
1254.6,495.45
1255.3,606.81
1251.7,1187.3
1267.8,850.21
1254.8,637.75
1259.2,998.69
1264.1,1329.7
1268.5,248.79
1265.7,1099.7
1263.5,314.14
1264.1,1179.6
1277.6,756.57
1272.1,799.82
1289.7,441.04
1268.5,1088.4
1280.6,1277.6
1270.6,1124.5
1300.5,955.21
1272.4,656.06
1293.7,273.88
1280.1,924.04
1280.7,1307.7
1281.8,666.53
1288.2,1178.2
1298.3,312.45
1290.2,1246.4
1291,707.57
1293.1,688.07
1306.2,1216.1
1295.7,1309.4
1297,758.61
1303.6,517.34
1296.4,1291.9
1315.4,1118.5
1300.5,1253
1305.5,696.42
1305.9,1277.2
1308.2,903.9
1309.5,1177.5
1310.4,762.43
1316,1292.8
1323.4,1317.5
1321.7,335.21
1325.8,548.88
1327.5,423.42
1327.6,761.75
1326.8,891.14
1326.5,283.98
1328.7,394.25
1325.6,533.89
1330.1,491.82
1331.5,444
