8.2767,258.34
2.2308,307.5
4.6935,1059.1
4.25,1328.9
24.452,697.65
29.876,526.07
17.533,484.67
17.04,903.6
31.296,1316.6
28.449,745.17
42.346,247.23
28.5,594.5
24.557,1238.2
44.13,324.72
56.111,1152
63.311,263.97
53.587,227.81
53,50
52.667,861.17
75.688,1267.6
75.133,829.23
84.237,158.22
79.538,215.85
85.769,201.71
91.473,533.31
72.737,1055
90.939,241.3
100.39,356.8
99.374,488.78
128.11,126.54
109.11,731.69
102.32,281.95
108.28,1099.1
102.78,582.66
106.89,1233.6
108.33,454.79
111.42,88.346
119.34,99.255
140.25,970.62
126.26,408.92
123.17,1078.5
126,345.63
127.48,82.519
135.54,25.458
143.54,89.82
146.43,589.36
142,252.5
143.53,1022.2
144.5,280
155,340.73
144.5,521.5
152.28,417.61
171.34,933.23
157.58,1189.5
160.48,252.23
170.68,395.29
173.04,321.78
172.47,1190.4
187.3,63.481
184.95,396.91
192.11,215.87
188.73,284.37
191.44,328.43
195.52,349.35
206.71,1267.2
196,72
197,367.68
199.57,67.714
214.09,398.15
207.19,201.58
205.67,921.12
227.17,1249.9
211.99,290.67
212.62,1292.6
227.06,678.72
226.24,782.22
223.5,14.5
224.45,664.55
231.75,146.09
227.5,651
238.92,293.01
243.09,215.07
236.42,1227.4
251.07,329.51
263.35,251.44
278.09,379.48
254,198.5
261.24,214.21
270.1,658.99
268.76,292.7
272.19,324.99
273,111
275,203
300.23,270.26
282.42,339.47
321.13,506.8
286,457.69
290,732.8
291.87,349.72
292.29,235.71
293.86,475
296.6,410.6
308.3,612.32
308.49,1260.7
304.17,381
306.07,653.41
314.55,1322
313.91,327.14
316.99,401.45
320.07,1237.8
319.5,1327.5
336.1,1211.8
326.24,1291.1
332.03,382.58
347.7,350.39
362.07,1315.3
342.45,772.29
349,320.17
352.28,556.99
357.57,856.91
359.67,495.17
363.99,508.2
386.46,741.57
423.04,1137.7
399.59,605.1
396.5,739
405.4,246.91
451.54,749.8
406.33,1212.2
408.86,95.389
438.79,4.1635
450.03,1077.4
465.9,1271.8
477.66,173.71
464.81,278.38
469.38,1084.9
480.75,221.88
486.4,426.97
484.48,542.65
497.28,189.65
492.9,579.95
501.93,255.03
503.94,602.93
504.48,1275
505.73,127.02
515.1,337.75
507.29,499.57
518.48,291.23
511.44,1032.8
511,386.5
546.31,205.72
528.49,268.45
530.19,511.51
543.46,289.4
544.85,98.196
548.23,673.37
551.12,740.88
551.5,72.364
554.89,544.42
555.5,1023.5
557.41,95.864
556.5,170.5
557.92,1000
564.82,295.73
563.39,770.18
572.81,240.21
588.89,625.26
591.36,1069.6
573.94,778.41
576,152.5
580.11,655.26
581,1270
592.89,691.67
592.64,244.48
591.77,1191
596.36,777.1
614.52,312.95
593.58,933.11
594,939
600.37,912.83
598.5,251
610.64,864.81
644,645.89
616.26,138.7
622.37,830.65
631.62,799.78
634.23,733.02
635.1,1047.5
641.87,579.23
644.52,866.69
645.5,789.5
647.83,301.33
653.75,811.83
654.8,784.67
656.19,304.11
674.23,586.89
663.43,981
660.99,1246.8
667.23,785.83
682.39,320.78
688.56,793.36
700.11,798.76
712.93,662.44
707.96,702.62
717.04,1130.3
728.19,787.43
731.01,578.53
729.39,1325.3
726.61,700.43
751.33,945.95
735.63,1225.5
748.83,821.4
738.79,1064.8
739.42,1072.1
744.05,1238
751.61,487.73
754.69,545.22
752.35,667.08
762.6,5.5393
757.88,573.14
756.83,1249.7
773.54,481.12
775.33,545.25
778.14,733.68
774.67,1312.2
781.23,565.21
780.28,1295.4
805.26,603.09
782.7,881.05
788.63,1267.9
790,833.5
791.91,19.091
802.51,784.43
837.27,539.89
810.07,839.94
798.37,1292
811.4,14.972
802.79,810.79
816.68,956.59
825.23,924.46
837.16,1088.4
848.85,1012.9
846.91,1147.5
845.28,798.22
854.78,402.42
851.53,1249.2
896.56,1177.4
881.56,812.44
861.04,572.89
862.35,2.0645
875.52,594.25
866.09,1239.9
920.84,998.63
913.68,409.02
911.26,766.96
922.69,1305.5
930.2,793.83
937.25,1073
927.22,701.64
930.97,815.71
933.52,533.74
936.02,642.14
949.31,1325.3
944.1,437.12
946.14,904.29
966.79,530.73
955.7,642.2
986.75,935.34
1013.4,484.56
954.52,612.6
962.37,747.53
966.41,772.94
971.08,1231
977.52,677.48
980.94,710.38
988.29,813.54
994.21,851.77
995.17,638.51
985.77,832.73
1000,368.04
988.84,794.24
1031.1,1269.8
999.5,21.407
998.07,517.41
1014.2,822.49
1011,913.97
1017.2,399.76
1013.7,878.68
1021.9,78.583
1019,661
1033.9,377.08
1025.5,522.71
1034.8,988.27
1031,782.24
1038.3,861.53
1030.1,811.05
1032.8,739.81
1031.5,942.5
1038.5,596.56
1037.2,1081.9
1042.7,333.57
1052.8,614.53
1040.5,1019.8
1051,1037.3
1057.1,671.05
1063.8,1084.1
1065.3,652.2
1074.6,238.47
1076.8,628.51
1081.6,496.71
1097.7,302.84
1090.8,752.79
1104.2,119.32
1104.1,908.28
1138.8,482.49
1118.6,133.51
1179.1,877.16
1122.9,146.11
1128.7,775.36
1144.6,268.26
1135.8,579.76
1216.2,759.4
1139,441.38
1140.1,109.91
1159.7,411.03
1143.4,141.79
1146.6,154.51
1159.1,90.361
1162.1,637.61
1163.5,333.61
1162.6,103.93
1166.6,294.43
1163.1,1084.9
1171.1,271.67
1173.2,1326.2
1176,157.76
1176,540.17
1179.7,173.27
1207.3,478.69
1185.9,272.65
1193.7,704.52
1196,895.32
1202,276.85
1196.2,298.05
1200.3,191.61
1204.8,314.76
1220.3,32.451
1225.7,216.95
1220.7,1001.2
1228,988.65
1239.6,312.62
1251,148.51
1264.6,666.87
1264.1,875.66
1269.1,600.84
1271.5,468
1283.1,490.42
1301.3,185.46
1292.7,466.32
1309.5,722.42
1292,783.23
1299.5,874.23
1294.7,217.47
1303.8,653.42
1316,1046.2
1303.6,898.62
1308,690.2
1315,764.62
1315.4,476.59
1324,1168.8
1316.7,625.11
1321.2,947.35
1326,611.03
1328.5,508.33
1328.9,488.88
