4.0857,688.57
4.0909,352.91
7.6909,975.42
10.331,1236.4
15.654,529.95
38.075,948.08
38.367,729.37
44.446,693.95
54.391,59.834
59.612,15.871
71.968,400.72
72.683,289
72.384,819.96
74.074,920.41
78.419,744.02
77,1077.3
91.141,50.234
94.156,267.47
104.87,251.64
105.57,735.86
109.47,943.33
122.66,1067.4
122.6,1130.1
124.77,1207.1
129.8,660.2
131.89,1117.6
133.37,1056.6
150.67,118
156.72,123.95
159.08,390.16
166.58,332.89
170.32,286
173,676
177.74,916.47
183.09,293.09
189.46,1130.9
192.97,438.56
195.7,515.95
199.03,753.87
202.94,395.03
207.48,509.67
208.4,1018.6
221.82,901.78
222.74,1140.8
226.96,1125.9
224.88,174.88
224,664
228.27,1040.7
247.64,32.5
255.93,446.8
255.47,1234.4
262.11,227.55
273,1193
283.41,248.92
279.88,840.88
290.95,350.86
287.18,23.197
289.41,1002.7
288.5,1160
303.44,1071
309.94,1234.8
312.32,910.22
313.66,637.53
328.43,341.3
337.4,193.88
338.96,1245.8
347.57,660.53
348.5,785.5
353.55,1111.4
364,1046
369.26,1082.5
370.08,546.89
371.64,701.98
378.6,340.03
376.87,601.87
393.46,1145.3
418.47,202.98
416.52,230.9
430.72,312.86
430.24,438.56
430.44,694.92
436.9,906.1
438.41,1079.3
450,575.28
459.3,130.97
458.87,1088.5
467.66,169.19
466.23,537.1
478.48,489.95
478.81,614.64
483.37,984.66
489.84,1236.9
499.49,294.51
493.88,49.167
501.23,1072.4
500.71,1086.5
500.94,777.35
512.19,219.71
512.31,71.521
520.13,90.106
517.1,191.38
517.48,483.93
516.65,1119.6
526.5,441.5
530.69,188.99
528.57,768.95
532.43,813.14
536.44,1117.7
539.49,416.76
537.65,704.48
539.06,1188
543.74,324.55
540.91,1162
544.34,1137.4
554.64,650.72
550.95,224.41
554.52,500.37
555.88,364.34
554.17,1010
561.57,628.33
562.9,195.75
562.15,755.9
578.27,654.62
576,1101
582.08,19.56
595,522.93
595.18,895.4
596.13,652.13
594.58,809.11
598.27,410.44
604.82,1211.8
608.23,315.5
608.58,274.62
607.71,1141.6
609,328.14
624,735.5
628.5,864.63
638.28,1107.5
644.28,1188.9
648.2,1100.3
649.67,264.4
649.56,388.92
648,1113
653.73,485.32
655.93,582.05
659.87,791.69
660.37,1098.6
672.01,194.47
673.73,1093.3
674.15,492.55
675.32,571.32
676.98,899.57
679.11,283.62
684.39,704.61
691.06,324.59
698.97,173.81
702.2,792.88
704.27,667.43
704.61,95.179
710.95,426.53
711.6,934.64
712.37,860.63
715.47,6.0678
723.71,652.75
728.19,1217.9
723.63,48.633
723,938
726.11,1116.4
730.31,396.9
740.94,825.57
743.5,70.5
746.9,774.77
746.68,275.17
761.36,35.423
762.04,520.53
759.97,924.06
763.07,682.09
767.2,495.07
777.07,795.88
779.66,462.82
779.26,597.07
782.63,1219.4
782.3,249.05
784.65,150.2
795.22,1111.2
798.28,546.12
803.31,613.22
804.08,689.71
803.68,821.04
804.62,202.3
811.09,426.52
812.33,15.83
812.58,568.69
817.07,1022.4
820.58,48.576
837.15,443.98
836.93,925.59
837.45,1113.4
839.45,224.54
851,940.5
854.96,1007
853.73,381.07
854.37,1211.6
858.37,200.95
872.55,654.01
873.38,534.82
874.15,987.54
887.06,338.13
881.75,792.25
886.12,1191.5
886.73,1086.3
898.01,873.39
901.87,533.83
905.08,694.07
904.34,410.38
913,951.01
911.31,1078.9
915.51,761.69
919.27,628.84
921.98,1164.9
926.12,1063
934.91,1041.1
938.5,53.812
940.27,211.03
939.47,1169.4
942.23,136.65
940.33,826.56
951.46,641.77
952.25,520.58
957.79,370.1
957.01,945.77
960.96,86.451
965.08,619.23
971.25,696.6
969,274
970.11,1090.2
977.41,1141.4
980.2,253.08
982.71,822.16
983.44,1196.3
992.87,805.82
998.17,461
999.66,994.53
1005.1,727.68
1002.5,82.5
1005.6,1011.7
1010,101.12
1007.5,591
1010.3,893.49
1016.5,279.12
1021.5,794.8
1027.4,649.07
1027,407.6
1024.8,943.5
1027.5,1139.9
1028.8,690.6
1030.4,810.61
1034.4,746.8
1038.9,269.7
1038.5,1156.6
1042.4,373.07
1049.5,964.46
1059.6,930.18
1060.5,236.75
1059.5,607.5
1070.1,132.08
1070.8,14
1073.5,884.5
1073.5,310.5
1076.7,445.96
1076.1,1244.7
1076.5,213.63
1081.6,55.65
1081.1,1073.6
1084.9,807.36
1085.3,833.85
1097.1,433.45
1096.9,894.7
1093,56.5
1097.4,588.92
1096,776.36
1096.4,1094.9
1096.4,1164.1
1102.8,26.681
1103.1,389
1105.9,959.54
1104.5,939.5
1108.4,1052.8
1108.1,814.65
1112.8,538.54
1118.6,1196.8
1128.3,561.22
1130.4,759.37
1141.8,892.01
1140,1006.9
1146,100.05
1143.4,809.86
1143.9,415.56
1145.8,446.2
1147.9,975.31
1155.6,423.54
1160.9,101.09
1169.1,41.054
1169.4,1020
1169.8,121.96
1174.9,945.63
1175.8,339.87
1179.5,198.05
1183.4,1180.1
1185.5,143.5
1189,761
1199.4,696.86
1199.5,43.554
1203.1,309.08
1205.6,338.81
1202.6,738.38
1211.9,217.12
1213.5,103.21
1224,550.5
1229.7,534.65
1235.2,1030.9
1238.7,725.45
1239,106.5
1244.7,350.81
1244,920.5
