6.8251,654.14
1.8571,686.38
3.4186,769.72
6.0756,839.82
7,1022.2
11.108,751.55
13.368,1084
18.791,440.1
35.573,255
35.735,76
37.152,675.42
42,1160.5
49.391,1184.4
49.657,85.354
49.597,677.11
54.869,694.3
58.91,1163.9
61,684.5
64.207,1071.6
66.67,68.278
66.611,592.14
74.692,257.47
72.074,126.59
77.233,291.47
82.556,892.53
80,932
82.5,225
84.849,772.27
85.558,1078.6
85.909,1001.1
87,1228
97.647,1234.3
102.8,1052.6
93.429,1061.6
104.99,462.81
102.93,61.593
106.38,784.96
104.6,1039.4
106.48,20.194
105.5,813.14
106,846
109.5,100.5
112.08,45.026
112.84,441.09
118.43,619.98
130.46,919.11
132.43,223.94
135.41,488.28
139.13,34.147
157.13,1156.5
158.9,922.1
163,628.32
162.14,175
166.28,846.02
164.89,992.42
170.46,203.86
186.3,291.94
186.74,916.19
188.18,734.15
191.26,59.569
191.88,475.85
192.08,1082
204.83,1148.7
208.67,844.93
206.61,671.86
209.97,362.59
213.63,616.49
211.66,1058.5
216.61,871.46
224.5,711.94
225.34,851.82
224.77,922.73
227.1,689.1
228.93,101.58
226.62,633.62
231.69,728.9
236.29,268.8
241.53,1151.5
236,987.5
238.47,1107.2
245.62,1051.8
246.33,445.79
246.5,656.29
249.06,538
246.5,973.5
250.54,431.86
251.19,800.2
252.5,560.86
254.14,780.14
252.64,672.5
259.93,152.09
258.07,376.39
261.17,324.35
263.49,545.82
266.48,1031
273.26,944.85
274.48,1156
274.86,236.84
273.88,663.88
277.58,808.91
287.48,588.75
285,423
290.91,561.06
287.5,640
291.06,704.84
288.5,742
294,1063.8
293.74,27.943
295.88,522.88
298.43,1085.1
298.58,1136.3
300.94,18.906
303.93,1177.6
312.69,746.89
312.35,486.06
312.66,971.85
316.88,930.73
319.02,526.87
322.67,68.561
328.51,667.15
329.25,799.84
330.46,901.02
329.9,192.91
333.1,968.87
334.2,404.26
332.5,32.5
339.24,1025.1
342.6,531.36
343.5,152
344.46,542.69
345,1103.5
349.5,371.5
355.68,286.39
353.6,818.1
357.32,688.7
368.88,794.65
371.9,975.84
380.54,249.66
384.44,329.07
396.5,903
400.09,922.09
404.26,291.07
405.2,369.54
406.39,861.39
405.58,773.11
408.34,330.53
413.12,31.182
410,488.65
410.9,1066.4
414.57,304.65
412.83,615
417.6,379.12
426.4,739.97
425.23,538.53
430.33,29.915
427.93,971.41
431.59,1081.9
435.19,430.65
442.12,334.14
448.83,406.13
451.56,739.68
452.69,536
456.33,713.09
455.42,463.31
461.25,849.82
465.38,621.66
471.39,115.91
464.8,886.44
471.51,89.169
480.84,372.34
480.74,937.25
495.35,452.17
502.19,400.11
504.2,842.94
504.53,673.58
506.38,715.37
510.58,891.82
513.36,525
516.71,665.35
516.41,947.59
519.58,411.62
520.94,697.7
525.27,832.51
527.49,10.982
527.86,1179.7
530.5,238.3
536.92,646.94
535.58,623.45
540.18,1131.1
539.99,449.19
547.91,477.69
559.22,337.82
560.68,162.65
561.61,315.16
568.58,423.89
572.58,52.93
571.38,106.34
573.28,247.54
586.41,582.66
588.11,135.63
588.77,299.1
602.22,263.36
610.36,88.672
608.32,389.33
609.2,418.55
607.91,441.09
615.01,531.51
616.76,1165.9
617.91,368.23
644.49,135.18
648.59,70.059
657.8,713.47
656.6,546
655.88,1189.9
662.88,529.29
667.54,1097.3
667,180.32
673.29,94.476
670.07,135.44
672,1226.5
689.65,1089.7
680.94,183.98
683.62,613.34
685.86,1217.5
688.58,315.89
692.71,428.69
695.38,358.04
699.33,1150.4
703,35.157
705.85,171.43
708.08,313.92
716.37,226.42
718.69,256.05
713.12,299.65
716.35,105.93
716.07,1144.8
716.5,642
727.27,195.82
729.07,331.59
730.09,127.91
733.37,1092.8
735.29,1222.5
735.6,493.51
739.29,319.2
739.6,14.96
743.6,596.4
748.39,10.368
753.21,1024.4
759.42,472.58
765.99,117.11
768.96,1132.1
767.94,157.43
770.91,659.89
776,7.5
789.34,837.68
782.22,333.84
784,541
786.32,144.5
787.5,740.62
788.93,594.59
794.51,1122.3
798.41,650.32
794.38,228.2
793.07,549.41
794.52,673.22
801.91,189.09
804.5,37
811.61,377.14
813.11,144.15
820.38,30.071
820.62,125.96
821.04,658.2
820.92,1162.3
821.27,152.63
822.97,741.21
823.55,444.42
827.38,215.44
828.17,402.87
831.41,879.96
836.68,588.48
840.91,1035.9
845.03,679.1
851.81,467.12
850.5,690.5
851.94,60.787
852,902.74
862.45,1240.9
866.47,1180.2
867.36,189.5
877.17,165.5
882.13,989.19
882.88,863.27
883.96,286.32
884.23,565.4
887.91,323.17
892.56,640.5
891.34,106.41
891.5,156
896,334.21
895.71,842.44
895.07,562.59
898.37,1144.4
897.8,751.97
903.14,1022.6
902,1225
902.58,458.89
909.18,121.17
907.21,748.41
910.43,808.61
919.54,364.59
936.68,214.98
939.05,910.69
938.18,1060.1
940.54,43.216
940.83,1007
948,291.17
950.62,390.1
956.83,722
969.25,282.09
967.25,1129.8
968.1,252.48
973.03,887.33
974.16,539.31
976.65,659.11
977.14,1081.7
980.57,673.67
981.29,741.41
983.5,306
986.65,326.89
984.85,288.96
998.15,688.48
995.62,1112.8
1002.7,306.78
1002.4,534.45
996.93,624.41
1004.6,116.11
1010.9,1092.9
1010,609.61
1029.1,10.164
1029.5,854.16
1028,964
1031,122
1030.6,1217.9
1035.4,612.11
1044.7,269.41
1041.8,887.68
1051.6,523.26
1048.1,656.89
1055.2,180.97
1057.1,366.85
1054.5,774.37
1057.9,928.41
1059.8,1035.7
1063.4,972.47
1063.4,411.6
1066.1,986.5
1066.8,951
1069,1014.5
1071.5,1153.3
1073.8,874.46
1081.1,727.98
1079.2,985.52
1082,1186.4
1083.1,81.917
1090.5,810.5
1093,464.33
1095.6,1030.3
1097.1,221.48
1096.3,592
1100.5,857
1101.9,887.05
1103.7,907.37
1117.3,721.34
1119,1126
1122.4,400.19
1122.9,596.3
1122.5,750.63
1128.4,6.6791
1128.6,717.38
1132.4,818.04
1144.4,170.53
1149,1195.6
1149.7,1113.6
1151.7,476.94
1158.1,883.37
1157.3,975.8
1160,268.61
1162.7,779.1
1167,409.04
1162.4,1113.7
1166.8,738.24
1166.9,1075.4
1170.4,336.02
1174.5,577.04
1174.1,1107.4
1186.6,734.75
1192.4,75.547
1190.1,832.62
1193,303.13
1193.9,964.17
1195.1,918.91
1197.8,598.39
1199,662.33
1210.6,950.75
1207.7,277.42
1213.7,976.19
1215,782.42
1215.1,905.73
1218,154.5
1224,514.68
1228.9,201.9
1229.5,126.07
1229.8,151.48
1239.5,332.68
1239.4,831.37
1238.8,389.5
1242,1068.2
1244.2,543.51
1243.9,655.85
1245.5,212.48
