4.284,652.06
7.6269,421.99
20.571,94.086
27.3,278.96
23.741,300.65
28.885,944.12
35.633,326.63
35.367,1206.4
52.744,481.2
54.914,61.543
57.337,163
59.5,800.5
66.906,244.13
67.8,342.09
71.759,1060.9
75.116,154.12
80.75,722.44
83.602,756.92
86,277.5
90.915,729.15
95.396,1116.3
101.11,698.28
105.27,804.39
102.91,168.57
110.81,961.23
108.44,1191
110.42,230.61
114.78,92.473
114.91,693.06
120.81,110.36
126.97,570.94
126.5,510.71
128.1,870.5
127.39,644.61
127.5,471.5
137.59,1141
143.84,203.57
145.19,795.92
145.88,417.9
151.07,837.2
156.09,22.909
158.54,292.78
161.88,696.95
160.97,645.89
161.32,142.33
167.17,1032
172.83,1130.2
173.11,129.37
176.3,171.23
185.28,497.88
182.5,603.5
182,587.5
186.19,542.07
190,691.82
194.77,780.81
194.44,73.965
207.22,251.47
209.36,611.88
208.93,1088
210.45,848.55
210.54,399.08
213.06,916.85
213.45,756.31
219.15,872.85
221.07,369.95
220.67,908.47
220.93,1043.6
233,875.3
233.8,917.91
234.88,981.12
236.22,272.53
243.05,153.23
243.85,674.71
259.53,1117.9
279.75,144.16
286.48,768.4
287.5,234.5
292.38,73.282
294.03,1059.5
302,933
306.31,104
311.06,922.11
320.62,1004.1
320.95,824.92
321.58,753.89
325.94,94.094
332.82,987.53
337.07,159.41
341.81,382.59
345.87,1048.1
347.19,858.59
351.56,1159.7
353.77,296.09
355.57,464.33
356.29,1216.1
360.88,575.16
358.87,479.87
361,817.5
360.74,533.47
371.11,264.79
369.5,1023
387.59,956.47
388.26,2.8148
391.31,803.07
395.62,1246.5
398.06,462.7
411.26,290.57
422.83,57
426.72,883.24
424,82.667
431.27,627.35
434.31,1235.1
443.6,670.19
437.82,1185.8
461.32,1096.8
453.5,301.5
458.48,1005.9
457,1215.5
464.17,269
471.18,1019
478.63,1213.4
479.63,788.97
486.56,415.43
492.59,1047.5
495.1,524.39
502.33,1118.5
509.93,496.81
512.11,842.48
515.43,763.8
524.11,1206.7
522.95,337.66
528.65,558.45
531.59,849.43
546.52,729.6
554.24,1228.2
559.09,449.07
554.94,1135.5
564,1022
566.5,734
570.33,178.03
580.28,954.12
580.46,49.081
583.5,833
586,1010.2
613.79,430.95
614.5,345.5
626,1194.7
627.47,1208.6
639.6,1229.4
640.87,708.87
643.5,1.9091
647.85,922.57
650.07,208.85
656.47,1067
656.63,1148.6
681.06,13.415
680.5,716.35
687.71,404.11
689.7,978.55
688.47,208.33
695.44,300
696.07,213.41
703.41,719.59
710.6,185.8
723.52,67.28
728.54,505.87
729.45,983.97
732.27,1026
735.13,609.11
734.59,1103.3
732.65,1227.5
745.5,616.5
750.63,598.67
764.56,564.46
771.7,729.58
779.98,628.06
783.57,762.61
785.61,597.29
787.4,645.4
808,66.957
802.39,667.58
808.76,697.54
809,499.17
816,1211.9
823.75,693.17
826.86,37.857
831.31,1131.9
836,1208
861.31,464.86
865.17,768.86
867.5,185.5
873.54,483.57
873.55,262.94
874.37,959.37
880.91,1048.1
883.5,441.5
887.61,508.13
906.5,1238
908.11,327.37
907.93,530.41
941.58,6.2333
963.5,212.5
975.47,476
972.44,1231.9
996.91,81.297
1019.3,1088
1017.4,944.16
1021.3,23.792
1031.8,285.57
1034.6,234.8
1034.7,455.83
1037.7,480.81
1040,21.878
1039.6,891.84
1048.3,251.88
1052.7,911.33
1052.9,447.2
1054.9,848.86
1056.1,922.05
1071.9,976.25
1062,1060.6
1062.8,699.46
1065.4,885.95
1075.4,886.91
1080.3,897.56
1096.4,115.08
1106.4,903.66
1120.4,249.75
1119,1070
1129,872.33
1120.9,984.54
1130.7,480.97
1133.4,891.43
1136.3,637.29
1136.4,286.42
1140.7,98.086
1146.8,139.66
1146.5,907.11
1152.1,536.15
1156.6,921.49
1155.8,955.27
1156.1,994.91
1159.8,849
1167.8,715.99
1167,388.73
1166.5,933.5
1169.1,987.18
1169.1,402.91
1172.8,159.35
1177.3,904.7
1178,982.5
1182.3,443.22
1182.1,826.57
1188.6,161.89
1193.5,845.34
1196.1,997.07
1204.2,865.1
1203.9,650.05
1212.5,831.84
1218.3,595.56
1222.4,4.6774
1230.6,1169.2
1231.7,541.47
1233.8,589.93
1236.5,738.65
1237.7,893.19
1240.1,1226.4
1240,427
1239.2,845.47
1246.2,65.938
