5.7686,360.84
10.306,1112.1
17.904,1201.8
16.679,129
22.35,924.5
28.414,981.9
30.489,473.82
29.676,765.05
39.5,329.69
38.5,797.5
46.143,469.51
46.483,1098.6
46.614,628.04
47,409.5
56.684,796.32
59.12,654.88
60.556,42.952
65.736,344.91
63.588,1083.9
79.01,126.18
79.078,909.08
89.791,722.42
86.342,1201.2
97.612,425.87
98.05,602.5
101.12,755.22
99.153,1201.8
107.19,657.07
108.73,260.83
113.32,981.85
114.93,163.03
118.97,865.97
119.57,404.61
124.22,247.17
121,1246.2
133.04,850.24
138.86,646.42
139.62,463.92
140.81,809.14
145.55,1062.9
155.07,345.41
162,301.5
170.43,892.94
171.5,706.82
177.54,620.92
178.59,167.93
179.94,55.306
188.61,637.61
191.02,928.12
198.25,776.29
195.97,337.94
204.08,627.48
201.66,438.62
211.29,506.13
230.97,465.86
230.2,817.1
236.12,991.38
245.37,276.82
240,1097
241.61,65.861
248.09,954.09
254.39,529.11
264.23,838.34
275.94,771.44
282.56,654.86
288.46,458.15
290.63,340.45
289.45,1061.3
293.88,769.17
301.5,231.5
306.53,279.8
317.82,369.42
317.23,80.34
322.43,104.34
326.21,21.252
327.39,980.87
326.08,143.92
330.96,233.72
341.58,452.58
342.45,654.55
343.41,7.6143
343.06,319.57
353.26,1102.3
360.34,601.36
354.63,440.84
354.66,575.38
359.77,248.44
360.39,469.15
365.77,783.44
368.53,945.65
366.13,1158.8
373,746
382.86,1191.4
389.95,827.18
389.76,1239
390.7,254.68
393.9,377.54
403.44,252.03
403.35,237.12
409.43,642.95
413.57,656.95
420.39,984.56
425.11,869.66
426.77,207.32
441.25,228.15
444.41,344.65
453.57,519.62
454.37,100.16
456.95,937.45
458.43,241.57
462.08,637.28
470.98,123.64
481.57,874.53
490.81,92.247
486.31,1235.8
490.39,1174.4
500.5,1158.5
502.63,987.03
512.14,703.87
513.46,432.42
513.1,223.04
513.22,725.38
518.24,192.29
526.92,295.56
529.47,622.91
538.35,779.45
538.17,1210.2
541.53,589.43
544.59,1120.7
541.5,626.5
546.88,943.83
548.98,118.45
555.22,1136
562.41,1026.3
577.61,408.61
578.36,592
591.45,506.47
591.56,205.07
597,327
601.48,1208.2
606.7,336.71
608.31,398.38
612.31,196.79
611,796.69
614.98,31.435
617.19,3.3906
616.62,161.69
620.64,307.72
630.17,1211.3
634.88,674.12
638.92,192.03
644.13,707.08
643.22,476.29
652.42,1019.2
665.43,1125.9
661.59,961.68
665.76,409.02
674.22,977.56
675.09,776.09
688,60.5
691.15,1105
693.05,527.11
696.4,229.26
696.89,111.62
695.59,315.93
697.58,385.24
700.09,897.6
709.35,691.6
714.85,793.12
717.72,295.02
717.61,556.13
719.03,1147.3
745.8,744.08
746.05,1234.4
752.6,712.6
756.42,1198.4
759.5,458.96
756.5,69
759.42,619.1
759.4,349.77
767.33,581.77
766.09,674.06
769,844.42
772.4,1137
776.95,1020
781.19,512.81
794.81,1073.3
801.44,705.75
802.82,635.04
809.4,856.49
816.08,575.08
828.81,414.07
832.8,924.68
838.3,1013.4
834.99,1098.9
833.39,1073.6
838.26,1169.9
849.47,945.65
848.77,25.923
855.21,217.1
855.97,52.144
856.27,647.88
863.12,137.88
865.14,468.95
867.26,1243.5
869.46,736.3
874.69,897.55
886.74,517.84
902,3.5
917.46,235
922.05,974.52
920.58,826.42
933.37,643.37
936.29,1221.8
939.84,411.31
939.85,776.73
941.31,715.09
951.24,565.67
952.42,188.78
951.11,940.63
951.09,286.06
956.94,1206.5
969.47,746.32
970.15,367.46
976.11,244.77
976.68,1117.8
981.93,504.02
983.34,913.16
984.63,959.37
987,488.5
1013,2.6522
1010.9,632.75
1017.1,49.981
1024.5,1039.5
1028.4,988.7
1030.1,664.05
1035,726.29
1033.1,1048.9
1041.1,312.46
1054,1053.5
1058.1,491.05
1057.7,1020
1061.5,122.02
1064.3,313.5
1065.5,559.5
1072.7,455.5
1073.2,916.43
1085.3,860.29
1086,1039.3
1088.9,931.22
1094.3,689.63
1099.3,654.38
1104.1,1081
1102.9,1229.4
1109.3,591.45
1119.5,3.3947
1121.3,376.14
1125.9,482.33
1131,1004.7
1136,931
1137.6,799.01
1139.4,599.43
1140.7,745.17
1147.5,1061.5
1156.4,433.74
1157.5,1083.9
1179.1,656.44
1178.1,931.59
1179.8,986.32
1187.3,1198.1
1187.5,633.1
1191.8,1132.9
1197.7,722.24
1197.5,1240.5
1202.5,789.26
1199.1,881.09
1202.4,623.36
1215.1,843.91
1221.6,557.49
1226,354.82
1245.4,326.06
1243.5,862.5
