5.6289,438.23
5.9483,369.21
12.228,688.78
13.081,130.46
18.34,926.47
26.967,1072.5
25.3,1150.6
27.361,767.69
30.561,171.83
34.63,916.54
50.335,797.07
46.091,470.09
55.564,131.53
56.586,656.81
61.844,762.25
65.156,983.2
77.961,908.68
84.324,579.22
94.561,1202.5
102.18,620.41
104.34,659.01
105.6,350.22
107.37,291.63
108.93,259.41
114.22,576.14
120.45,248.2
139.63,461.89
139.46,1006.4
137.5,390.36
140.07,791.59
147.43,974.75
145.89,243.89
151.73,346.06
162.92,1080.4
167.2,892.6
169.39,294.51
170.56,608.3
173,408.35
175.35,370.71
176.91,56.969
176.09,960.13
188.45,929.93
185.94,350.22
192.94,211.78
196.17,777.4
207.95,139.13
213.32,1098.8
216.5,491
221.94,847.05
224.44,1011
228.78,758.37
229.54,341.78
233.4,22.921
243.09,483.16
240.86,787.54
252,162
257.93,519.86
264.62,925.12
267.42,1154.6
273.91,792.91
281.91,1012.2
286,406
288.63,581.63
288.72,864.47
295.62,1206
312.57,711.52
322.76,144.9
324.05,22.73
328.34,113.59
331.29,412.56
340.87,321.79
339.21,655.53
348.99,907.11
349.49,991.84
362.75,602.99
363.23,1160.7
369.18,680.05
371.49,748.6
387.6,1240.1
385.09,582.09
389.13,672.85
399.8,253.59
399.07,579.59
407.15,53.633
411.74,270.68
430.71,400.36
427.64,287.5
439.64,1027.7
452.44,100.87
454.21,947.37
455.14,241.64
469.22,124.9
483.92,246.38
481.09,1123.1
484.2,791.15
486.35,76.288
488.09,843.83
501.5,1202.5
508.97,2.9403
510.32,726.5
516.66,966.92
526.45,715.2
528.32,500
532.7,1182.4
535.28,445.95
531.46,830.34
539.07,629.2
541.82,1121.7
543.31,773.48
558,172
561.62,993.94
568.12,763.12
574.4,928.55
585.46,978.15
588.63,206.55
586.42,1188.6
589.84,765.5
592.62,1127.6
592.5,921.5
594.55,285.29
605.12,183.65
609,797.7
612,31.826
613.13,1035.9
627.33,147
632.34,674.69
640.67,477.6
644.77,656.99
658.11,285.46
663.29,1212.3
671.98,978.6
670.56,1009.4
675.5,85.889
682.18,1114
684.74,1182.4
689.08,933.73
693.38,230.4
691.81,384.14
704.93,654.34
709.69,1207
714.76,557.44
721.31,61.829
723.5,1195.5
735.93,329.59
746.81,1119.6
748.6,639.89
757,576
761.39,842.52
764.63,472.54
769.82,1138.2
773.29,695.52
774,1019.5
783,1247.1
786.61,1030.4
790.51,126.09
791.33,1074.7
792,716.5
798.05,50.059
795.63,263.63
803.5,981
808.08,857.79
809.69,37.914
813.68,576.56
811.78,1071.9
829.66,1006.5
830.29,900.71
828.92,1071.4
832.62,1100.3
832.68,927
848.76,375.92
849.41,518.53
853.65,411.77
856.88,245.97
860,139.5
865.86,469
873.47,27.54
882.54,594.9
881.47,851.53
889.58,1032.6
888.75,572.25
899.86,1245.2
899,981.5
904.28,1104.3
913.85,79.868
913.09,485.01
918.23,949.18
915.08,1228.1
919.92,691.02
926.58,622.32
930.09,81.812
928.5,60
930.62,899.9
940.68,1195.7
938.54,715.16
935.81,381.14
939.71,1222.6
938.93,822.89
944.5,561.86
948.8,941.04
948.38,190.88
952.33,1221.5
955.58,910.29
958,93.229
960.74,459.9
967.46,369.31
968.45,592.25
967.28,695.37
972.53,175.42
973.33,632.49
983.98,490.98
989.66,265.13
998,730.68
1000.1,298.92
1003.7,855.42
1009.4,633.73
1013.5,76
1027.6,766.8
1026.9,1113.1
1030,1049.8
1030.6,182.5
1034.5,343.5
1041.5,159.97
1047.8,784.01
1056.9,707.41
1058.3,755.5
1062,85.533
1060.5,128.89
1062.8,561.38
1062,1191.4
1065.9,921.13
1068.1,172.41
1070.5,940.5
1081.4,641.45
1084.1,1041.1
1082,100
1083.9,587.47
1090.5,900.63
1098,159.12
1100,1230.1
1100.4,1119.6
1125.3,476.47
1123,105.83
1126.3,294
1136,747.88
1134.5,887.72
1158.5,393
1166.1,1162.5
1174.4,162.69
1195.5,1240.9
1202.4,760.07
1209.4,122.6
1217.1,978.41
1221.8,558.68
1223.1,774.24
1226.5,1086.1
1228.2,792.98
1227.9,78.694
1235.2,979.71
1239.1,413.04
1242.9,436.61
1245.5,853.5
