3.459,121.08
1.8947,747
2.7917,805.79
12.975,362.05
17.467,416.23
30.186,1059.8
29.312,214
31.646,910.35
32,1008
34,611.5
40.873,387.61
47.909,721.09
61.158,281.74
53.389,93.139
60.562,1129
60.329,252.57
63.873,887.16
66.435,538.9
69.041,1081.1
70.769,666.87
72.911,741.42
75.931,309.14
77.094,288.28
78.9,326.62
90.094,687.82
88.48,1112.4
95.635,306.95
94.583,533.71
89,623.83
96.125,116.3
102.42,1092.5
101.81,608.68
120.63,9.8202
121.06,853.61
122.09,121.89
122.25,1217.8
136.34,269.45
134.5,901
143.28,522.82
139.63,656.67
146.9,180.92
148.49,366.72
145.99,773.82
149.89,927.52
151.45,1035.6
153.97,971.78
155.17,411.22
162.55,1153.1
164.95,874.16
171.96,727.48
170.26,985.07
172.36,1186.7
177.79,809.54
174.64,81.5
186.5,1029.8
188.83,220.48
191.32,856.83
194.29,906.76
193.08,885.92
209.34,1125.4
208.75,720.37
212.47,751.93
213.6,399.64
213.41,595.93
219.12,6.5138
216.5,512.5
219.56,716.41
222.99,817.56
234.61,170.39
238.84,14.421
239.08,1195.4
239.96,1114.2
242.05,476.18
248.73,883.02
250.43,268.34
252.77,778.27
257.67,408.56
257.34,737.34
257.47,1074.8
261.02,336.23
264.66,576.43
264.5,1107
271.06,728.7
279.19,872.76
281.63,738.95
282.88,75.433
280.73,832.27
284.04,963.66
283.7,302.95
288.39,597.39
301.44,950.28
298.06,276.57
304.48,976.41
305.54,782.2
305.57,906.05
310.74,153.81
314.65,514.3
314.22,581.56
319.24,201.93
314.93,368.93
316.26,754.81
320.17,126.33
320.92,151.33
330.15,332.27
329.99,830.91
332.19,1068
329.58,388.89
336.22,542.87
336.26,654.84
339.66,212.5
349.5,1240.5
354.05,758.26
357.39,736.88
358,1112.5
364.91,546.59
365.06,464.5
374.19,47.921
371.89,1131.7
374.48,142.37
375.28,884.57
380.19,411.14
381.9,851
380.58,101.11
392.52,151.45
388.41,637.48
391.34,1076.1
393.96,1167
397.58,389.97
400.2,521.3
415.3,497.28
417.07,801.33
426.45,1135.3
427.92,822.44
448.64,317.07
446.67,247.96
456.8,268.72
470.66,851.46
476.05,342.85
480.15,530.4
484.74,51.717
482.56,658.58
483.56,709.44
488.84,338.79
498.92,608.76
497.43,934.42
499.33,1228
502,121.5
510.98,448.46
512.35,112.54
510.68,573.8
515.72,94.821
515.65,125.6
515.49,794.94
523.42,1215.4
528.18,601.57
539.96,584.49
542.75,236.05
543.1,1069
544.71,874.18
549.86,385.28
547.4,850.6
551.07,1046.3
558.48,627.06
559,721.68
563.93,778.44
562.8,934.8
565.5,1034.6
585.96,704.07
585.86,341.61
585.91,253.91
589.41,395.59
597.94,265.43
605.28,1130.1
612.52,773.54
612.4,398.89
610.33,883
620.45,1197.1
622.91,435.38
628.06,814.83
625.94,106.45
632.68,567.33
631.94,382.06
644.5,39.756
643.64,915.35
649.26,856.82
650.42,1031.1
654.48,595.61
654.34,761.85
656.91,942.94
656,316.5
658.92,627.49
658.97,255.97
658.47,1165.9
667.3,380.9
670.73,62.654
679.53,525.14
678.63,137.37
679.22,725.38
684.78,1081.2
687.45,851.51
686.08,877.62
683.93,928.59
697.7,283.02
693,376.5
697.64,988.62
705.32,737.47
708.03,133.96
707.97,157.27
706.09,1040.4
708.38,569.05
711.94,93.342
714.13,659.02
716,618
720.99,574.09
723.91,1230.9
730.28,310.09
733.5,810.5
746.42,1012.1
749.55,1205.4
748.56,1244.1
751.95,220.07
755.08,991.08
761.58,547.36
761.02,93.857
763.07,916.47
767.64,831.83
769.36,455.29
771.53,171.74
773,137
778.02,9.0579
778.58,562.42
782.56,648.76
780.5,873
783.5,879
787.77,997.38
795.41,425.17
792.1,740.64
796.75,304
801.17,1177
804.53,1076.6
809.33,662.1
819,76
823.87,169.91
830.11,66.467
831.66,825.06
841.69,1058.7
844.67,130
849.73,915.12
851.82,527.44
852.9,738.98
856.04,28.362
855.5,470.5
855.93,262.41
857.42,196.58
859.17,142.57
862.36,963.82
861.92,672.53
862.94,1086.2
870,169.59
884.1,677.5
887.22,1117.2
893.5,433.26
894.7,1071.4
893.3,146.2
897.8,556.23
904.27,14.386
905.32,1017.5
909.69,1101.4
909.91,805.09
910.42,664.11
913.65,1033
911.5,1153.2
918.3,703.12
925.07,432.14
925.42,224.89
928.53,881.27
937.12,945.64
936.11,1184.4
939.64,140.73
938.65,855.5
943.38,372.64
943.93,1065.9
949.05,1014.5
948.5,603.5
952.95,702.06
947.58,1130.1
965.99,1094.5
962.58,543.45
978.62,496.85
977.64,635.56
983.51,332.11
985.54,766.78
987.59,650.59
989.17,369
997.77,811.69
1000.2,575.88
1000.6,1176.8
1002.8,1079.3
1013,712.5
1014.9,953.04
1016.1,61.525
1016.1,1172.1
1020.2,134.23
1019.3,383.47
1023.2,1018
1029.9,669.83
1029.4,965.14
1032.6,456.37
1039.5,510.71
1035.1,776.59
1035.7,1032.6
1051.2,251.65
1049.7,401.29
1059.9,1065.5
1066.2,1235
1065.6,555.89
1070.1,945.1
1068.8,603.92
1075.1,509.76
1079.7,970.17
1079.5,1108.5
1083.3,32.29
1082.5,1081.5
1084.3,302.35
1092.3,984.65
1099.9,35.561
1099.7,65.067
1108.7,921.14
1109.5,201.5
1113.4,345.88
1115.8,12.124
1119.6,940.09
1118.1,619.12
1122,1176.5
1127.1,701.07
1131.9,147.62
1131.5,782.43
1139.5,471.5
1141.2,503.45
1144.9,39.542
1145.8,138.95
1149.3,799.54
1154.3,354.17
1160.6,518.61
1161.5,1101.6
1165.5,825
1164.4,788.06
1170.3,451.07
1171.3,148.22
1181,563.8
1191,642.57
1187.6,1238.6
1189.9,905.48
1191.1,689.89
1201.9,831.2
1201.7,1042.5
1210.1,283.27
1211.3,1006.2
1216.9,860.27
1221.1,994.59
1229.6,1176.7
1235.3,621.34
1234.7,112.81
1233.6,571.42
1238.6,1118.8
1241.6,213.37
1241,482.68
1246.3,682
