4.5294,343.57
5.0426,447.7
2.7727,604.5
9.1579,253.5
16.476,908.71
19.869,1054.2
18.5,190
22.573,732.65
25.541,714.92
29.826,553
43.064,195.2
49.525,225.08
43.581,877.55
43.857,289.5
52.027,385.85
55.572,30.532
53.5,620.74
56.034,283.71
68.61,1009.2
74.143,1148.5
81.61,917.05
81.367,149.63
85.362,872.85
88.621,660.34
92.262,613.62
91.548,1149.3
94.349,194.17
104.42,736.58
111.25,1032.9
113.85,869.71
113.58,1053.8
111.5,944
114.84,224.02
113,48.5
123.67,1031.2
127.21,254.99
130.89,332.5
135.16,751.44
130.42,80.105
132.89,1120
134.37,1084.8
135.17,467
139,1245
151.08,867.43
157.07,620.47
164.48,32.096
167.52,338.27
167.47,1083.8
168.19,959.07
178.5,1013.5
183.52,197.14
184.81,916.64
192.51,527.13
202.47,991.03
202.2,731.95
204.9,350.57
208.13,139.56
211.57,686.29
212.78,394.59
219.51,1045.2
219.95,6.02
223.44,30.077
229.61,167.58
227.75,227.19
229.64,339.59
237.97,504.23
227.66,971.93
245.33,1174.9
236.43,698.95
240.46,1099.1
242.38,269.43
252.08,426.72
254.89,617.05
261.63,285.57
269.11,772.63
275.16,569.8
273.58,1122.1
275.09,433.09
275.58,582.55
281.65,882.1
278.83,966
289.29,1062.7
289.24,646.28
299.08,888.29
302.04,719.38
311.02,108.41
309.34,990.38
313.87,574.55
321.39,339.97
328.73,120.39
332.42,290.9
333.52,559.77
337.76,832.54
344.11,2.4211
348.79,72.535
345.5,225
354.48,958.61
358.84,319.57
365.72,209.01
375.65,93.565
377,157.92
377.01,558.07
373.33,717
381.28,1047
388.27,385.42
388.07,464.59
392.74,615.68
392.85,308.35
399.91,796.09
404.65,1113.7
403.32,1206.5
406.4,812.14
405,727.86
405.88,627.35
408.89,548.13
412.83,321.1
414.71,689.71
415.37,781.58
415.11,716.58
417.56,1099.8
424.41,1142.4
424.43,1055.4
439.08,296.4
438.51,39.965
440.18,221.76
442.99,908.37
443.87,368.93
442,1183
442.43,144.81
448.19,936.62
447.97,1145.4
454,361
456.38,259.22
458.5,66
461.5,411.5
464.47,502.66
469.92,681.92
469.48,782.97
469.22,824.51
472.88,213.88
476.73,983.61
478.14,459.63
482.64,550.31
481.9,36.327
478.94,517.96
478.42,1193.5
480,106.32
485.3,578.57
489.73,373.88
500.2,1137.4
504.26,295.34
507.09,774.76
513.37,656.63
515.03,685.18
521.08,298.2
527.41,179.52
525.5,1164.5
527.5,349
533.77,44.127
536.47,538.49
537.45,1003.5
545.64,904.19
545.87,1245.8
549.06,245.46
543.33,945
559.38,374.33
558.07,755.41
568.48,98.361
572.42,136.57
571.16,490.92
578.56,162.92
580.21,981.38
581.24,923.87
585.58,1047.1
592.58,737.55
586.6,677.64
595.62,626.47
593.09,1188.9
597.73,999.4
604.49,1190.4
608.97,466.24
612.66,819.73
618.14,988.08
625.42,304.11
630.29,437.29
632.58,97.576
634.66,12.625
642.94,836.18
653.93,729.33
654.52,474.15
654.56,835.23
656.42,749.11
658.45,1084.8
662.5,1044
659.47,1097.2
661.36,1158
669.56,767.23
668.17,41
677,1165
680.13,104.42
685.33,257.15
683.87,302.4
688.31,312.05
696.01,700.46
693.45,890.56
693.5,2.8571
692.5,645
697.42,45.581
696.58,732.42
699.93,923.53
702.2,410.93
706.71,466.51
705.5,636.5
712.81,829.62
709,602
715.82,1104.4
719.58,776.02
719.13,58.681
721.07,969.79
722.94,169.96
728.24,443.28
730.27,465.61
733.75,786.5
739.53,395.28
737.91,731.09
741.69,511.48
743.09,650.84
744,960.84
751.86,1166.9
753.05,357.42
749,536.5
752.48,478.68
753.88,836.88
759.1,1239.2
767.85,368.38
766.87,525.67
769.52,1007
781.17,471.73
779.22,776.54
784.78,350.32
797.87,209.63
801.5,1151.5
806.95,991.48
807.48,852.23
809.69,287
820.11,9.4541
820.07,766.9
826.89,249.47
827.75,627.71
832.66,708.62
837.21,944
844.03,755
845.89,627.89
847.55,383.25
850.51,270.69
854.12,1024.9
857.31,446.46
859.24,122.75
859.94,703.97
862.91,882.09
867.1,734.39
865.42,469.42
872.55,502.17
880.58,671.62
879.15,561.06
881.8,292.93
885.07,492.08
888,575.5
892.12,940.47
897.26,157.31
904.19,413.74
912.5,739.3
923.16,1201.8
923.68,977.66
933.45,254.33
929.54,906.89
928.24,125.98
937.39,223.02
941.91,927.19
954.54,4.2755
956.35,1098.2
964.18,630.26
984.06,709.41
986.37,1081.9
983.43,745.96
984.34,1040.9
984.61,263.86
997.5,387.5
1001.3,77.5
1002,876.76
1007.1,699.95
1022,1176.4
1020.3,421.93
1021.1,745.23
1027.4,1011.1
1030.1,711.47
1044.6,258.87
1045.5,820.7
1048.8,1090.3
1046.2,530.53
1051.3,418.4
1054,1035.2
1052.6,477.9
1054.6,845.12
1051.5,19
1052.1,772.91
1054.6,1115.4
1066,258.8
1069.8,400.96
1073.9,1085.6
1076.8,789.46
1081.5,285.45
1085.3,878.47
1085.6,554.41
1093.3,690.62
1091.2,792
1106.7,505.63
1114.5,316.37
1126.5,890.41
1149.1,150.64
1146.8,1161.7
1144.8,34.426
1153.1,700.6
1151.3,1209.4
1155.5,340.5
1159.6,1128.6
1170.6,518.42
1176.5,320.02
1178.5,1167.8
1183.5,991.6
1184.5,77.5
1190.9,811.16
1200.1,601.55
1203.9,1041.2
1201.8,36
1211,71.948
1211.7,547.16
1210.4,583.58
1216.2,161.73
1218.6,223.14
1219.2,808.9
1224.7,538
1236.4,73.847
1238.1,1127.5
1244.9,829.75
1245.5,1215.1
