3.1774,730.34
34,182.25
39.176,65.353
38.887,506.01
45.19,301.07
58.548,247.75
58,156
59.667,534
63.242,1112.4
65.214,342.86
62.333,921
72.39,325.98
73.677,100.56
72.439,659.59
81,216
79.917,422.08
82.31,136.14
86.389,237.14
87.439,316.56
90.76,521.35
91.527,651.75
89.909,966.09
93.207,295.76
98.727,612.09
104.29,333.4
99.268,1020.6
99.7,504.5
108.16,22.526
111.93,131.41
120.58,674.42
122.83,1132.9
125.57,1173
126,459.68
126.09,900.91
134.14,974.5
138.55,255.46
162.08,34.359
153.42,764.02
154.96,349.74
161.95,632.53
167.34,193.11
170.83,1106.8
172.46,21.448
170.35,487.5
171.66,811.38
195.33,9
200,122
215.97,879.56
225.56,134.92
225.9,483.38
231.74,361.04
229.42,714.11
231.5,1000.8
233.5,92.5
243,245.2
245.54,146.27
248.74,557.84
254.31,45.829
265.51,226.83
265.39,1142.5
268.53,2.9787
267.79,1204.8
271.67,87.356
274.7,1004.6
278.42,1046.5
294.13,408.97
298.72,538.57
320.13,430.57
325.22,365.88
325.78,116.22
328.95,86.732
328.93,978.26
338.75,617.87
340.38,945.14
343.04,12.422
345,277
348.69,222.91
350.68,364.21
356.5,31.935
372.09,902.91
374.38,382.02
380.12,35.846
390.39,408.61
391.37,557.63
400.5,970.19
402.25,341.72
403.34,1234.2
413.72,853.48
415.68,536.68
417.18,230.95
425.82,879.51
442.62,598.04
452.04,13.639
471.87,754.97
479.89,849.63
491,1051.2
502.71,818.14
499.93,24.741
502.37,3.6333
509.12,498.67
507.44,304.03
507.38,606.66
519.55,538.13
519,1077.3
524.11,778.03
523.04,354.57
531,537
556.33,625.44
558.84,1165.7
577.5,648.5
583.81,444.88
593.88,1100.8
600.88,265.84
605.34,690.47
605.75,741.83
610.52,557.64
620.45,788.57
622.84,700.52
621.58,1047.6
625.71,169.6
631.87,1243.7
639.67,363.72
641.62,1131.9
661.83,738.31
660,244
673.62,1159
684.81,524.05
691.31,914.92
689.66,47.375
700.19,401.59
709.09,208.91
713.65,710.75
714.5,1080.5
717.76,357.65
720.16,801.93
730.94,634.09
744.2,203.96
744.68,304.41
752.94,729.3
767.17,1165.9
769.03,987.44
783.94,1211.9
780.85,1153.5
785.31,1174.2
787,576.5
794.88,1182.9
797.99,844.02
803.23,1201.8
806.11,1189
808.92,1141.9
808.55,462.58
814,1174.5
813.88,1154.6
827.68,878.79
829.63,554.63
831.5,435
837.34,1083.5
838.77,593.93
842.23,1197.8
841.41,1101.5
845.58,1158.6
850.93,1211.6
854.26,736
857.42,494.46
863.21,1088.3
864.94,917.75
878.5,1130.8
878.58,1210.1
879.93,487.59
881.53,755.93
882.87,132.16
885.5,1155
889.09,1100.1
906.39,386.15
918.24,1094.2
927.52,1179.2
936.82,1223.6
941.79,1238.5
940.92,1178.8
946,1141.8
952.69,1201.2
955.23,502.6
953.93,1095.4
960.56,768.14
963.54,897.32
964.45,1222.9
967.94,1207.5
969.97,653.41
973.8,1155.8
971,945
976.88,37.333
976.5,176.5
1001,885.38
1015.6,609.56
1020.6,1215.6
1024.1,801.09
1038.5,483.5
1063.1,667.53
1061.5,178.5
1071.7,974.47
1073.6,492.6
1086.4,560.11
1085.5,117.5
1087,970.91
1089.2,95.902
1094.9,1067.5
1102.9,113.89
1104.4,512.66
1108.4,796.55
1116,516.83
1124.8,1233.1
1125.4,1013.8
1126.4,452.99
1131.4,481.6
1158,1181.6
1159,1247.1
1167.9,979.38
1189.1,130.59
1195.2,26.941
1194.2,793.77
1194.8,776
1202.8,1072.8
1203.4,408.89
1211.5,459.19
1210.1,1190.6
1212.6,940.39
1226.9,722.29
1224.1,69.593
1236.2,940.73
1238,40.667
1243,514.5
