3.3,1193.5
9.0566,1139
15.165,419.92
19.567,170.05
19.782,22.527
21.051,666.32
19.579,1222.9
27.266,110.61
29.523,502.49
32.849,58.356
32.826,375
35.105,1005.5
37.906,162.67
39.369,1075.6
51.286,336.5
54.944,1158.5
57.479,824.43
60.92,673.56
63.344,1022.6
77.655,246.45
80.664,901.56
82,377.32
95,397.4
96.653,59.743
94.389,304.39
95.608,726.03
95.295,900.15
97.421,232.11
103.44,134.28
106.79,1050.3
110.75,455.33
114.33,1061.2
117.85,595.25
123.01,33.912
123.89,660.86
124.82,116.71
139.75,1024
139.14,1122.4
143.44,959.44
147.09,695.09
157.61,293.24
167.6,475.95
168.58,534.02
169.66,971.47
204.5,1004.4
205.62,129.13
217.88,274.02
217.07,322.41
221.54,563.97
221.56,178.17
220.4,1211.4
227.32,758.98
233.43,299.48
243.74,1161.5
252.97,621.56
262.5,217.35
279.37,938.55
281.76,145
284.56,492.84
297.54,770.53
306.08,472.78
307.94,549.03
309.86,602.86
316.67,984
325,657.5
332.65,34.486
336.16,262.21
347.25,237.77
343.36,676.5
350.33,217
362.16,506.93
361.19,579.07
368.13,274.1
372.26,323.84
374.29,703.26
378.5,168.5
378.07,359.59
386.23,388.79
390.1,56.5
392.5,814.05
398.12,668.89
396.92,525.56
401.08,384.08
404,197.5
407.78,210.1
410.99,629.59
410.86,1046
419.56,654.67
434.24,1207.6
430.43,316.95
435.78,199.5
439.58,878.48
451.56,250.17
449.43,521.57
451.2,568.32
457.41,1142
465.59,434.13
468.54,905.17
465.5,719.5
469.46,803.83
472.55,735.51
479.33,660.94
482.4,548.82
494.45,457.56
493.27,73.455
504,370.17
506.56,447.92
507.2,1006.4
513.52,1204.5
520.53,285.22
522.65,989.15
524.48,699.71
534.81,794
536.59,553.07
540.92,603.05
546.65,54.434
545.14,666.61
544.5,175.5
552.99,1049.3
569.92,430.98
573.19,472.86
575.29,404.67
577.93,490.59
588.84,259.97
591.24,432.12
588.43,875.47
604.32,128.74
604.37,488.16
603.54,1204.9
621.16,429.43
632.27,453.56
633.5,685.83
632.56,970.56
634.5,1151
642.16,313.08
641.08,505.07
654.62,496.32
655.53,861.44
660.86,244.72
653.09,426.91
663.18,449.47
663.74,465.52
666.35,486.7
666.64,1076
675.75,1185.4
680.09,106.5
682.41,315.04
687.78,680.69
692.87,486.58
703.72,1125.5
716.19,868.02
713.61,429.39
719.4,912.58
725.08,956.2
724.96,1025.1
725,225
729.06,922.91
735.81,13.396
738.53,196.47
741,623
741.29,1240.3
747.59,45.179
748.05,384.7
745.88,110.12
751.6,1246.2
752.5,239
753.4,980.03
754.37,83.367
758.45,604.59
763.57,1199.5
768.28,755.81
768.86,992
773.08,376.94
771.95,886.93
783.35,1091.5
791.65,598.4
798.64,247.78
800.26,295.53
806.24,846.13
814,881.83
815.41,32.926
817.58,1001.1
830.97,305.45
827.33,726
834.4,748.82
835.68,858.6
840.96,1164.7
848.45,1110.9
856.78,650.16
857.65,1077.5
863.87,871.67
878.99,76.645
876.71,877.61
876.91,290.91
882.35,434.5
884.96,343.43
897.6,533.89
906,39.846
906.09,1207.9
914.63,788.37
918.32,1088.8
921.6,162.89
931.54,365.57
934.8,126.48
947.96,986.89
950.17,1023.7
962.18,193.24
960.64,846.19
961.23,868.56
961.5,1069
962.58,546.55
963,40.5
963.56,792.92
979.53,739.44
985.12,857.12
988.89,900.63
988.4,1233.2
994.12,568
995.94,928.55
1003.7,708.5
1004.4,591.94
1008.7,762.17
1012.3,514.87
1018.2,382.07
1022.5,842.16
1029.1,746.11
1037.3,518.83
1043.1,120.49
1054.6,1126.4
1058.5,238.75
1060.4,111.86
1068.2,304.57
1072.1,1184.6
1078.2,434.07
1078.4,71.367
1082.9,1204.8
1084.3,202.71
1085.4,578.75
1111.4,265.77
1112.4,1123.9
1114,866.73
1114.4,321.47
1117.5,411.5
1129.5,527.31
1145.9,249
1146.7,678.46
1151.1,694.88
1165.8,735.1
1174.9,400.45
1172.5,1197
1174,673.32
1176.9,1064.1
1199.9,214.8
1214.4,258.12
1215.9,340.41
1218.7,416.35
1216.5,572.08
1222.3,970.17
1243.1,978.76
1240,638
1245.3,378.51
