5.7917,1050.5
18.571,931.06
33.321,687.31
35.154,532.46
58.772,1004.2
70.424,844.42
72.837,1096.3
78.926,938.41
103.23,6.1947
114.14,349.42
109.86,856.5
114,1065.5
121.81,1000.9
124.61,901
128.02,790.14
138.88,63.884
151.11,176.3
158.15,116.21
158.2,653.44
162.9,77.62
170.88,1014.6
202.09,857.09
205.42,685.11
218.5,996
222.6,582.1
223,64.5
223,1175.3
223.58,1185.1
230,236.5
236.56,554.87
249.23,1213
252.15,930.4
248,996
251.42,849.55
256.17,1048.9
262,725
267.09,877.91
273.47,1062.2
287.76,431.33
292,449.83
302.02,798.15
306.5,160.5
304.89,1172
306.09,1083.3
309.27,991.73
315.64,540.52
324.65,1089.3
328.61,914.64
331.17,1113
333.5,877.5
335.24,923.44
342.06,567.91
345.49,737.64
343.11,933.29
346.33,837.53
353.9,830.66
357.61,103.06
360.92,1021.7
379.43,1112.8
382.36,990.87
386,724.62
405.41,334.73
408.43,473.95
416.26,1059.6
420.41,932.85
422.5,227
432.59,565.53
433.05,937.69
444.44,1197.4
454.93,217.47
464.54,756.62
472.77,294.73
483.18,106.69
485.36,274.6
486,78
488,1.8947
494.64,840.68
501.92,673.8
505.07,184.05
518.44,873.96
519.34,329.69
522.88,989.49
528.62,140.35
528.5,850
542.54,280.64
542.6,1217.9
542.96,1028.4
548.58,1056.6
551.74,235.53
557.71,524.55
564.84,967.45
566.95,12.929
568.24,950
573.56,399.59
584.4,239.64
584.69,1005.6
583.33,95.167
587.66,801.52
591.12,553.51
592.19,1159
601.67,545.57
607.43,34
610.02,893.58
610.5,940.5
613.89,664.98
615.36,719
621.4,17.6
628.32,57.716
629.63,897.78
628.56,835.08
632.05,111.16
632.9,603.38
636.56,1174.6
634.59,77.818
640.87,59.37
658.91,5.4783
667.37,368.63
675.47,85.344
675.81,956.07
682.46,227.65
691.5,850.35
699,234
704.16,803.63
710.53,1056.4
712.69,1016.8
716.58,1199.9
725.45,1232.6
737.23,790.26
741,851.68
741.89,63.421
751.09,1129.9
760.33,460.62
764,1086.2
768.17,101
777.56,1118.1
777.12,1245.9
803.03,646.72
804,1196.5
805.35,255.12
808.52,218.74
810.44,936.58
812.55,901.73
816.76,814.44
818.14,628.36
820.37,221.97
830.56,223.53
831,572
840.64,584.68
845.9,862.5
852.23,994.14
854.81,816.79
860.27,105.06
859.67,258.04
869.85,377.4
868.27,954.48
873.27,549.32
874.5,294.5
884.76,1146.4
885.42,1028.5
895,1009.2
906.31,568.87
911.98,535.93
911.5,840
919.12,883.65
920.84,1175.3
924.43,1238.6
946.72,619.09
950.75,351.83
954.44,771.33
954.02,837.86
956,258
965.14,15.5
966,209
972.74,649.48
975.64,1042
980.17,726.33
985.84,1057.6
987.38,209.6
986.36,981.5
992.19,45.123
994.56,531.75
1007,639.13
1010.1,192.03
1014.5,877.92
1017.1,943.14
1019.3,552.55
1028.5,920.93
1030.9,931.41
1043.3,324.51
1046.6,567.49
1053,991.93
1066.1,152.28
1069.6,1079.6
1076.6,981.63
1092.5,497
1097.7,157.11
1108.4,99.577
1108.3,340.45
1107,912
1115.5,1209.5
1127.1,871.56
1129.6,1185.2
1136.7,385.27
1149.2,338.38
1150.5,1021.8
1160.1,295.62
1158.9,729.5
1176.6,260.79
1171.5,279
1173.1,934.81
1175.7,304.24
1178.1,1197.7
1181,372.32
1183.6,275.88
1184.5,331.33
1188.1,367.09
1205.5,293.3
1200.9,906.91
1208.6,208.6
1208.8,357.4
1211.4,322.79
1221.6,300.44
1230.1,331.09
1233,284.35
1241.2,317.56
1244.6,789.84
