4.2843,809.51
3.4512,874.09
3.2712,1243.5
12.395,506.5
16.736,826.55
14.5,966.5
22.201,1214.4
19.5,125
24.114,848.72
26.29,263.55
29.345,1073.1
32.6,1146.4
37.367,341.37
42.026,516.44
43.697,1054.7
42.662,931.45
51.722,952.51
45,1173
52.433,40.289
51.69,719.48
51.421,73.895
57.138,254.41
55.367,540.63
56.421,1165.9
65.651,292.06
65.422,716.98
67.436,772.55
69.826,962
73.2,698.44
92.838,663.58
99.2,999.08
104.5,1137.8
106.84,1205
115.46,939.07
134.42,420.23
129.25,535
134,783.5
137.69,460.54
135.5,1016
135.86,1119.5
141.2,896.34
141.91,932.94
144.21,515.57
142.05,1151.9
142.35,15.731
147.86,805.54
153.91,254.78
151.58,552.11
160.36,414.64
157.83,1046
160.74,158.94
168.34,762.46
166.61,592.86
167.64,1234.4
167,791
175.8,1214.7
174.41,822.26
178.29,91.5
184.82,893.61
190.41,3.1356
192.45,161.65
195.21,637.92
199.18,1206.4
198.24,1225.6
207.07,502.59
211.6,187.76
212.47,691.66
213.58,1203.9
218.42,1241.5
233.78,203.18
231,226.5
235.15,114.72
235.08,304.34
235,613.25
235.1,793.62
236.25,89.814
245.17,305
250.44,1038
252.14,748.61
258.53,786.96
269.32,464.68
270.54,915.91
286.22,760.12
297.06,671.46
304.74,1143.2
309.79,885.18
314.7,363.24
317.53,803.32
326.67,1105.6
336.98,539.29
344.96,1032.7
348.88,1242.5
352.71,638.06
355.45,952.46
366.5,472
385.41,726.41
387.77,151.15
393.93,778.13
392.79,136.21
391.23,982.54
392,1089
393.45,1152.5
395.69,1236.4
407.5,37.5
408.58,495.42
412.5,860
415.95,169.88
429.91,581.68
429.72,1062.5
434.13,181.13
442.29,927.81
452.53,16.462
452.97,804.84
454.5,721.5
458.6,1094.4
459.52,86.133
472.98,408.44
475.18,111.03
490.05,458.57
491.8,1096.8
504.9,744.96
505.27,1023
506.83,578
508.75,711.83
512.14,604.57
514.53,635.01
518.43,858.04
523,896.5
529.22,365.86
534.96,749.74
544.55,401.9
552.89,696.38
561.68,1159
568.65,887.06
571.2,71.624
571.59,558.39
580.06,706.3
584.58,415.11
592.08,1004.1
596.9,622.88
599.16,1065.8
609.84,1002
604,1028
613.84,372.39
620.54,468.31
619.99,849.44
621.18,1243.7
624.45,952.02
625.38,698.08
628.49,723.29
627.16,541.43
629.43,369.34
632.5,1023
636.13,649.98
644.18,72.662
643.1,1152.4
651.08,311.37
655.49,129.08
656.31,174.91
661.58,554.11
665.61,953.14
672,2.1429
683.01,1135.5
680.84,1230.5
692.68,1182.6
696.13,1137.5
710.29,455.12
735.13,269.38
736.01,134.23
747.78,1193.5
748.62,153
753.46,691.25
758.65,211.45
761.56,159.41
764.25,663.23
771.31,1092.1
772.4,643.4
775.58,931.22
774.85,1026.6
777.95,799.63
785.16,600.69
787.89,371.83
792.69,795.12
801.26,300.54
796.92,728.28
803.02,882.94
827.5,302.72
827.93,1100.3
838.79,216.55
842.49,966.76
842.19,1163.5
845.67,785.43
843.58,406.11
848.28,526.71
849.5,842
860.79,338.81
867.87,5.6389
868,205.17
869.26,908
877.09,1024.9
890.46,1245.9
899.59,454.61
901,777.5
911.84,730.43
929.18,330.4
932.06,624.08
934.24,737
940.07,141.33
937.56,501.21
941.75,289.25
942,419
950.41,357.69
955.06,992.95
952.5,1236
955.56,648.23
959.57,3.9877
964.54,351.41
972.65,471.35
973.09,607.91
978.5,890.5
986.39,45.518
994.07,173.35
993.54,306.02
1000.9,99.71
1001.9,1058.5
1000.7,581.56
1013.1,392.58
1017.8,1211.2
1035.6,782.55
1042.2,607.18
1043.9,111.41
1045,1213.9
1045,593.32
1057,285
1061.7,968.47
1071.6,3.1905
1083,133.67
1087,245.7
1087.5,16.5
1095,70.077
1098.7,661.97
1097.7,325.08
1097.3,1055.7
1098.3,936.62
1102.8,103.12
1110.6,52.798
1115.8,173.05
1116.4,106.77
1121.8,9.7368
1120.6,121.4
1123.9,67.045
1124.9,419.43
1125.5,53.415
1127.9,964.87
1133.8,823.17
1133.3,1220.2
1134.9,113.79
1139.6,1108
1136.4,7.0278
1136.6,127.89
1149.7,14.234
1141,91.535
1143.3,104.39
1148.2,706.5
1154,76.088
1153.6,110.21
1153.8,899.73
1164.6,120.01
1160,696.26
1168,50.47
1167.4,23.169
1166.2,86.87
1170.9,732.35
1189.3,99.625
1176.1,933.02
1178.2,1236.7
1179.9,115.05
1179.7,43.638
1180.6,225.07
1181.7,26.346
1182.3,187.01
1182.1,877.99
1183.7,350.92
1188.8,81.283
1188.4,242.14
1194,220.82
1200.3,65.739
1198.6,169.59
1200.9,203.93
1207.3,499.62
1211.5,211.69
1209.8,249.89
1213.4,35.698
1209.3,232.6
1220.3,123.96
1215,165
1221,281
1220.2,649.64
1219.6,86.667
1221.1,313.04
1222.8,241.85
1224.6,172.02
1227.4,197.21
1226,220.5
1232,833.67
1232.7,249.58
1239.1,22.373
1232.9,76.795
1236.4,142.4
1238.5,1181.5
1238.6,675.11
1243.6,63.196
1244.1,123.64
1244.5,750.44
1243.9,239.08
1245.3,311.5
1246.3,262.84
