3.3983,91.174
2.093,130.19
3.8539,195.39
5.1081,412.4
2.3636,442.24
14.061,519.72
6.0465,616.37
18.836,662.38
3.56,759.02
2.5172,1189
3.5347,1321
5.7527,459.94
33.365,1209
19.891,342.06
20.721,569.05
32.479,193.16
22.109,255.83
27.381,158.19
26.739,703.38
26,168.5
29.093,235.02
30.4,285.6
32.824,1179.2
35.385,759.57
40.813,55.374
46.015,123.07
42.958,33.61
43.15,2.25
48.032,98.768
49.72,1061.4
53.665,1289.4
45.714,807.21
47.091,579.05
50,1104
55.8,2.2
54.118,780.74
58.002,980.79
57.482,917.4
55.714,273.75
66.794,297.44
56.6,676.6
57.957,335.48
68.652,865.1
67.071,554.57
62.696,398.87
63.857,386.86
64.5,571
66.534,886.7
76.256,130.79
65,895
74.921,3.5714
82.258,669.46
70.099,913.84
78.596,253.54
70.5,1182.5
70,23.5
72.682,895.64
75.191,608.94
83.312,823.36
80.4,1182.6
89.686,953.6
96.678,1185.9
114.69,1317.1
92.219,217.25
92.03,435.54
94.71,156.56
91.6,198.6
100.38,184.75
97.082,416.75
104.22,551.28
104.8,607.94
107.01,290.48
103.6,720.9
115.34,23.87
104.5,81.6
107.29,150.46
116.82,235.01
111.25,191.5
111.04,205.59
115.56,517.46
126.58,371.34
129.15,140.47
122.5,1228
127.67,1148.2
126.93,535.44
128.14,782.59
127,797
135.59,29.496
130.5,515
132.93,752.89
137.98,264.35
138.64,1325.7
155.15,766.27
144.32,1147.2
162.01,318.41
153.12,374.17
175.5,196.05
156.93,1240.6
156.54,1207.9
168.01,73.211
159.06,620.86
152.7,846.55
157.36,998.41
157.62,1090.5
172.1,1129.3
159.48,176.39
196.98,412.36
181.42,249.45
167.67,1280.1
175.21,510.07
171.1,1104.2
169.16,344.59
170.21,1016.6
168,168.5
170.74,106.38
177.95,1057.2
175.11,1082.6
182.5,167.68
204.79,628.88
181.54,1299.5
189.29,1020.5
183.84,146.08
195.49,45.103
216.79,284.4
198.5,147.2
199,1099
201,80.5
207.03,129.01
206.84,64.572
207.2,1087.3
209.56,346.99
207.56,932.08
219.99,1000.9
209.6,507.6
221.78,436.58
227.91,472.82
221.67,509.11
271.3,349.22
228.32,1278.2
223.71,606.45
224.5,799.88
236.27,1067.4
225.1,834.06
229.36,532.45
226.15,1097
235.44,122.61
233.13,1161.5
257.26,408.98
238.74,1012.1
237.53,513.44
239.43,503.43
242.9,780.31
244.06,63.031
249.46,244.87
255.32,892.55
256.55,113.51
250,510.5
262.58,1018
263.69,974.6
252.41,951.94
255.52,605.59
261.97,781.14
263.63,631.6
263,219.8
262.47,1126
262,303
262.5,872.5
267.04,908.41
268.54,1148.5
277.17,251.84
273.99,121.61
269.31,323.2
269.23,520.84
273.02,202.52
275.56,1137.6
273.41,1303.8
277.09,800.68
272.5,983.5
275.72,1066.9
288.65,526.25
277.4,2.475
277.9,1242.7
282.24,145.99
283.57,877.38
282.62,449.83
283.59,595.57
282.78,571.54
287.14,905.16
287.78,618.6
287.66,1170.9
301.58,200.99
286,1050
289,128.5
303.18,763.07
293.2,422.85
305.62,1066.2
292.9,3.8387
315.42,985.84
309.18,94.679
300.19,1132.1
296.62,1329.7
299.61,262.79
308.5,846.06
303.48,32.992
311.53,164.41
302.22,1210
307.49,585.18
329.12,450.66
318.28,608.81
311.91,1266
320.13,1320.6
343.34,647.02
324.35,129.49
323.87,485.15
325.77,1102.6
333.51,416.45
359.33,707.48
353.79,317.88
323.31,767.76
322.43,820.43
325.61,1298.8
324.05,280.9
342.77,204.12
326.33,920.67
354.34,577.16
330.83,855.58
335.77,889.29
344.09,51.787
340.12,545.74
334,258.17
353.25,168.77
340.22,125.56
346.97,929.01
343.12,598.25
356.86,973.83
355.17,1065.7
348.72,1330.6
346.73,232.63
372.03,147.1
354.55,365.43
351.15,620.08
355.11,1103.6
364.73,239.93
364.8,395.04
374.77,533.45
375.48,1108.4
363,909
363.65,101.97
363.4,217.65
377.94,1175.9
379.85,1010.4
369.51,471.23
366.38,1147.5
393.24,355.3
385.59,1243.3
371.27,957.17
372.86,617.59
389.75,1049.9
381.86,5.8059
377.19,627.11
385.66,1323.1
396.56,507.01
383.56,96.519
383,623
384.86,739.86
392.11,598.34
396.92,261.7
391.15,959.21
398.35,631.59
392.68,441.64
410.63,820.5
400.65,61.565
403.36,306.34
403.1,541.1
405.84,959.55
408.15,154.35
403.56,784.92
405.29,884.07
410.67,1254.1
420.15,464.03
417.91,1100.5
414.05,1283.6
410.11,562.11
447.74,590.29
418.66,204.35
428.14,61.513
429.85,625.74
424.88,1295.7
424.67,1023.5
422.31,15.093
422.53,367.46
425.6,171.03
456.38,984.01
461.75,266.93
425.26,771.22
424.26,1158.9
434.51,1137.3
441.66,935.68
431.83,1238
431,2.6429
430.5,908
493.86,1063.7
435.88,887.16
438.12,1316.4
454.97,913.61
449.44,438.65
441.82,954.36
442,39.667
450.59,1201.3
447.15,545.95
456.11,298.45
488.07,398.08
453.21,337.77
462.59,506.11
451.5,737
452.11,1296.6
470.26,752.1
457.08,49.078
460.15,773.85
464.69,1096.7
461.4,1225.3
462.32,816.68
476.03,859.1
462.06,1322.1
500.48,1241.9
487.28,170.55
470.16,222.79
473.86,329.35
482.03,674.25
491.66,921.74
479.17,1109.9
480.08,1303.7
483.38,651.09
540.06,450.44
492.38,823.5
487.41,538.39
503.49,1171
494.03,875.24
496.89,339.81
496,1284
497.8,367.47
496.27,774.69
504.42,1105.1
497.09,45.227
497.95,26.405
502.82,860.97
516.03,433.14
504.98,679.02
512.57,567.22
505,326
510.61,123.64
526.88,274.22
510.96,1188.9
511.61,1130.4
516.93,201.58
515.5,6.5
520.99,324.91
523.53,805.91
527.48,595.3
525.52,707.38
527.53,829.4
525,1284.7
528.58,785.93
534.99,1255.1
532.15,541.27
532.95,1298.6
535.08,3.3774
530.96,1186.9
537.41,896.21
550.46,526.67
542.02,1174.8
545.33,333.24
544.63,1004.6
542.07,1095.5
542.38,24.55
557.74,766.33
561.67,369.3
548.95,707.9
554.11,866.59
553.8,293.17
552.5,1011.5
565.55,1036.3
557.02,1113.3
567.37,480.71
584.98,84.748
573.98,1131.7
562.71,595.27
562.11,282.58
563.73,827.23
565.2,1329
602.42,221.49
569.15,983.37
571.92,1191.3
577.07,302.42
578.23,676
571.19,884.48
575.81,1168.4
572.91,746
576.71,833.02
576.15,852.4
574.6,573.72
578.97,272.31
576.1,512.05
579.63,948.92
578.65,555.76
577.5,1182.5
589.15,495.84
592.42,143.99
589.31,349.19
587.08,766.88
593.75,800.63
597.36,467.97
598.1,732.8
602.15,1028.1
598.77,1113.7
603.2,272.99
604.26,860.23
603.43,1161.8
615.86,516.9
613.58,984.48
616.51,772.59
612.22,656.32
605.57,1269.9
615.68,1257.6
610.52,322.6
612.08,1224.9
612.5,286.12
615.15,1132.1
611.42,1281.9
630.37,247.59
621.86,400.68
615.77,1330.5
632.98,1089.7
621.44,736.53
631.13,149.91
620,104.67
624.74,129.92
630.15,293.45
626.06,943.99
623.29,1238.1
629.39,192.96
630.84,1035.3
632.67,1185.4
632.12,1127.8
633.74,91.84
644.81,699.06
654.37,83.716
640.9,517.48
640.36,1294.7
643.27,389.38
641,958
671.77,473.03
656.44,1012.2
645.63,1158.5
650.06,895.27
668.94,293.9
649.69,1140.3
651.56,990.41
653.45,385.55
655.04,750.04
655.6,265.4
659.45,272.02
665.94,426.52
663.96,724.41
663.08,119.95
663.26,341.07
664.07,1284.3
668.03,959.92
668.5,316.5
672.41,1271.9
678.71,1034.1
670.4,78.4
678.66,224.42
680.8,386.14
706.94,758.35
690.51,1215.7
676.93,755.26
679.44,1126.2
724.45,167.42
681.51,1008.5
685.12,607.12
692.52,99.639
697.46,687.1
690.07,716.91
688.04,1275.9
693.95,1320.8
695.97,115.85
710.84,335.18
697.78,990.31
695.81,631.94
703.8,1114.3
741.1,31.277
710.98,608.42
731.23,1024.1
711.53,399.44
712.86,372.27
708.43,916.57
714.43,209.01
712.44,136.12
715.4,966.8
720.98,580.72
715.8,1153.3
727.29,1273.1
726.45,629.55
717.73,1094.6
728.17,1124.8
718.5,1305
725.15,1326.8
722.77,545.77
737.9,524.32
742.78,70.993
730.26,398.79
732.1,452
734.86,1194.4
736.22,301.16
735.44,105.06
750.46,367.83
749.03,931.44
739.63,248.07
745.11,324.9
778,657.21
740.79,1075.2
741,736
765.64,413.72
747.24,129.61
745.83,780.33
752.73,458.14
749.52,811.19
747.41,401.94
755.99,240.74
753.24,584.98
753.78,558.88
765.12,881.67
753.26,908.32
762.23,1057.1
755.94,481.14
776.27,772.79
760.79,534.78
773.72,191.91
771.61,172.12
764.5,123
763.95,799.1
765.4,1294.1
767.05,506.52
776.99,1269
771.2,1003.8
769.07,553.59
775.59,322.15
782.75,1134.6
770.46,1306.5
773.78,277.04
781.07,1231.2
773.77,571.08
776.49,624.43
772.22,967.52
772.64,605.96
771,612
773.41,118.94
785.33,461.4
785.95,127.17
778.67,860.2
786.54,818.03
784.94,77
785.63,342.28
809.82,984.92
795.94,291.91
792.54,890.41
789,928
796.22,391.93
794.27,1172
816.64,152.95
803.73,941.62
795.96,368.35
813.22,1097.7
797.57,767.71
800.86,270.46
819.06,681.46
824.07,919.88
802.08,437.25
815.84,108.28
805.52,840.35
810.36,221.34
807.8,764.32
819.37,72.569
821.25,255.02
829.15,1216.4
825.23,285.1
821.45,544.63
819.37,799.01
816.81,324.67
830.1,1174.2
824,321.49
829.51,5.1649
824,785
824.73,999.35
837.67,586.81
840.22,169.62
840,756.59
832.4,1237.6
846.72,72.874
848.08,633.25
846.51,1084.9
844.13,817.17
881.01,1217.1
846.59,265.65
850.7,900.99
852.64,229.26
857.51,134.75
850.33,258
862.25,681.16
853.06,6.5882
885.22,702.71
863.84,322.7
855.9,1016
866.93,1291.8
867.92,772.04
860.28,612.33
861.73,20.895
861.39,38.036
870.18,554.79
863.32,239.36
872.26,1039.9
869,50
869.66,60.732
866.65,1156.7
871.5,1099.5
898.26,835.97
878.24,1243.2
880.28,938.47
877,1088.5
896.41,212.47
890.35,575.36
888.22,609.85
884.31,953.38
897.58,243.53
899.79,1263.3
889.79,42.833
891.03,865.97
893.73,963.86
893.99,182.05
897.64,1138.8
895.41,1227.4
898.42,106.52
970.47,1025
903.35,1175.9
899.54,292.9
918.57,122.64
908.18,972.51
909.72,579.22
903.58,1090
915.19,1231.8
914.94,1323.6
927.03,792.65
931.94,547.02
927.24,908.13
931.05,1138.7
923.73,1211.3
923.33,736.83
933.29,1174.2
928.06,827.1
932.94,976.51
931.5,197.78
931.19,6
929,1096.5
941.45,221.45
953.93,1255.9
935.56,728.08
934,817
934.4,1203.4
959.46,491.72
957.01,26.622
947.19,72.211
953.13,311.06
954.33,1193.2
955.79,717.09
952.73,178.23
957.57,125.42
957.32,805.79
960.76,989.97
955.96,1327.6
951,194
958.78,104.98
965.38,80.645
963.72,898.29
965.02,228.07
987.03,1219.7
966.91,690.09
990.42,1059.2
971,67.5
974.2,240.45
995.6,161.75
978.59,976.29
976.76,1181.3
988.16,676.63
983.45,448.02
986.44,149.8
987.52,797.27
989.77,1164
994.43,759.38
994.43,64.874
992.59,1290.9
994,714
1001.8,411.28
1034,691.41
1010,952.56
1005.7,520.14
1008.3,880.52
1003.3,1105.8
1006.1,127.25
1003.7,223.66
1006.4,1087.8
1009.6,48.345
1009.2,1319.7
1010.5,1167.1
1012.3,1102
1049.7,67.455
1015.4,1252.3
1018.5,293.13
1015.2,509.19
1018,1275.4
1039.6,750.55
1018,1286.4
1020.5,425
1023.3,1025.4
1021.4,1192.6
1026.2,60.664
1026,1011.7
1034.5,316.17
1036.6,922.05
1037.7,1054.7
1036.3,201.54
1037.9,143.98
1050.9,666.15
1045.4,261.39
1046.1,583.75
1101.9,98.189
1049.4,776.88
1048.3,166.09
1055.5,942.65
1063.3,997.42
1059.7,2.9038
1065.3,899.96
1064.1,757.28
1070.7,833.19
1069.9,703.59
1068.2,930.49
1069.1,677.91
1085.3,723.23
1080.7,767.85
1074,480.05
1082.7,857.22
1081.5,895
1086.2,667.78
1110.3,36.688
1087.6,917.57
1115.5,863.04
1091,605.53
1096.6,801.05
1092.1,153.46
1096.1,79.47
1104.2,460.28
1098,2.8261
1099.3,350.78
1101,191.95
1107.3,368.71
1115.7,763.47
1114.7,791.95
1127.6,910.01
1124.5,688.91
1113.4,448.65
1121.5,938.63
1120.4,320.18
1124.7,718.2
1126.7,744.14
1125.6,673.07
1135,227.25
1135.9,359.65
1138.1,281.14
1141.5,251.17
1141,592.95
1143.1,1283.1
1143.4,699.59
1157.7,1232.9
1144.1,237.5
1146.7,363.82
1164.7,881.84
1176.1,1260.9
1151.4,620.58
1153.6,815.47
1152.3,866.54
1159.1,757.98
1157.8,1303.4
1154,731.07
1170.4,273.97
1182,774.42
1157.9,597.81
1162.5,696.59
1159.4,796.4
1184.5,638.78
1162.9,667.42
1172.4,807.02
1172.7,4.2278
1179.9,484.79
1171.3,851.31
1173.7,928.52
1189.5,18.06
1185.7,690.94
1200.4,716.47
1184,840.5
1189,52.196
1192.3,1167.1
1194,867.45
1203.1,225.42
1196.1,297.36
1201.3,592.37
1225.3,68.41
1202.4,1271.4
1202.9,749.52
1223.8,145.94
1233,734.73
1221.7,813.65
1218.8,598.75
1234,1163.9
1226.2,577.86
1224.3,505.22
1222.9,1241.7
1226.9,119.88
1236.5,222.38
1227.8,958.81
1233,182.49
1233.5,931.13
1234.7,198.95
1243,576.61
1237.3,508
1240.5,964.93
1264.9,255.17
1247.5,90.429
1271.2,47.462
1263.7,105.74
1250.8,748.15
1254.3,1089.7
1255.5,678.51
1252.3,772.26
1284.9,987.11
1255.4,888.15
1280,491.53
1263,1062.1
1263,562.89
1260.6,949.07
1282,735.3
1270.6,786.12
1266.5,693.62
1268,688
1277.9,207.23
1275.4,681.91
1281,824.23
1280.5,939.22
1281.7,951.23
1284.5,3.5208
1298.2,542.78
1286.3,873.94
1292.1,180.85
1291.6,130.22
1292,962.58
1289,776.83
1292.2,62.182
1308.7,818.04
1305.3,777.36
1305.1,48.127
1302,1005.5
1309.8,267.42
1306.7,295.57
1318.9,633.83
1312.7,1008
1323.1,666.69
1318.8,102.48
1318.2,750.42
1327,236.99
1325.5,775.88
1324.6,876.55
1326.7,12.269
1324.2,718
1328,968.85
1327.9,117.88
1328.3,144.89
1327.9,524.84
1329.2,809.96
1330.8,760.58
