6.6505,97.903
16.967,153.89
4.2391,256.05
2.814,405.58
32.194,465.54
3.8462,518.27
8.199,623.62
12.429,660.07
6.5038,752.86
1.7368,813.26
3.4571,1132.4
11.69,39.19
33.871,188.27
18.43,786.96
5,735
13.106,1103
6.9062,383.52
10.013,418.31
15.252,1042.5
22.243,544.9
50.077,836.31
9.5,141.5
26.099,726.3
10.941,981.7
15.359,582.95
14.909,1116.2
21.858,509.98
18.909,897.91
21.512,1125.8
31.752,697.19
23.094,426.94
52.355,66.159
30.036,372.66
23.588,614.85
38.258,649.13
27.091,1011.9
56.558,928.99
55.368,241.8
34.038,1004.5
31.9,1080
35.63,1166.9
37.377,24.236
47.726,1319.6
37.105,2.4211
45.262,581.77
36.895,772.58
42.505,880.75
38.429,1218.1
42.2,271.24
48.206,1231.2
58.866,1254.6
55.671,384.3
48.884,506.28
47.245,1131.4
48.281,979.27
57.46,1188
53.846,434.55
75.035,716.46
49.676,1044
55.383,1103.2
57.262,557.65
50.579,745.3
58,109
64.521,660.09
59.6,116.4
72.105,570.85
65.625,768.36
61.5,1310.5
73.96,546.24
63,787
80.405,147.55
78.077,502.12
79.898,1163.7
101.1,599.76
69.735,1114.7
80.005,584.64
69.385,1135.6
71.171,787.49
74.5,393.36
77.479,919.13
78.6,814.6
79.533,1075.4
120.35,945.7
87.984,266.02
92.516,643.49
84.889,666.17
92.968,213.08
89.056,517.07
88.127,805.37
104.98,46.344
90.297,177.74
95.802,1256.3
74.48,1020.5
87.5,1073
137.88,432.34
103.18,553.19
91.302,688.83
92.452,1298.7
117.2,1317.6
98.347,465.84
96.5,671
101.29,575.27
129.31,1120.7
100,423
104.78,1088.7
102.62,1203.7
104.2,518.04
101,674.5
103.59,406.93
107.35,961.39
149.1,780.26
108.78,135.47
187.53,194.78
126.15,1068.4
123.6,686.27
122.72,264.4
122.25,998.98
118.72,654.58
118.95,182.34
122.01,724.16
132.24,1221.7
156.33,565.91
133.69,668.95
124.4,551.07
125.41,505.41
144.48,1186.7
126.11,575.58
130.2,643.95
131.71,1271.2
138.45,161.88
135.61,511.39
133.39,1017.4
138.6,500.04
144.21,262.37
152.35,894.65
142,631
143,210
146.11,339.49
150,593.22
151.03,510.09
160.79,1223.1
150,328.67
149,586
165.41,367.19
161.35,610.52
179.37,696.5
153.81,1165.5
164.83,294.01
153,316
153.5,584
200.07,473.41
172.62,1285.4
171.49,995.5
161,149
166.13,440.71
184.56,596.74
169.16,1249.6
202.42,1317.4
169.44,1039
183.44,922.82
191.91,1161.8
179.37,116.71
174.5,1326
176.17,331.22
176.5,723
178,427.5
190.36,1061.6
182.99,274.49
179.4,497.4
182.1,549.84
182.57,367.87
184.27,414.73
185.34,521.15
185.67,127.17
209.99,524
209.17,762.13
186,322
199.79,423.09
194.43,1186
205.78,326.53
201.79,554.93
196.99,648.01
237.1,127.4
207.75,1258.3
196,591.5
197.67,1212.6
202.15,1013.8
238.46,376.38
199.83,615.67
212.88,1096.4
207.18,1201
205.85,152.85
206.25,575.82
206.39,1041.8
208,619.21
208.03,246.94
214.89,699.57
208.31,860.69
206,1035
216.93,293.15
207,832
238.69,827.4
209,1147
217.73,1127.7
212,585
213.5,667
213.08,1032.1
220.61,998.28
221.07,4.6067
220.3,678.7
222.07,970.1
218.89,50.579
221.34,608.17
233.59,36.27
313.68,642.66
223,597.5
223.45,842.31
233.39,619.09
228.42,869.21
226.24,498.34
227,246
230.07,719.17
232.99,1073.6
229.52,1123.4
231.63,1054.3
232.97,1185.8
241.03,743.5
230,841
240.13,223.79
242.66,263.56
237.85,286.68
238.07,800.95
238.22,70.833
236.92,83.083
255.49,486.55
255.87,1152.4
243.99,431.55
242.42,926.67
257.01,553.31
257.66,939.01
243.17,895.38
272.71,523.27
253.16,1083
248.11,803.32
264.76,446.59
263.1,1288
295.05,672.3
262.62,1119.8
262.86,811.96
259.14,65.569
256.5,295.5
260.4,290.6
267.63,630.9
302.49,1093.4
279.98,332.55
271.53,574.01
271.51,108.41
270.79,294.01
271.4,1212
267.4,311.4
270.5,880.5
274.37,80.413
282.19,224.77
294.42,1279.8
284.77,1151.6
280.81,177.26
282.96,480.04
280,1178.1
282.89,288.42
291.54,844.75
288.27,33.442
286.61,48.472
298.09,113.22
286.01,741.67
296.36,69.948
323.64,459.97
295.66,1184.2
290.64,21.5
306.54,365.08
297.77,308.61
326.84,425.1
294.14,291.41
303.82,192.93
302.22,281.58
325.38,1313.3
300.82,166.93
299.5,226
302.95,890.11
304.34,911.69
336.26,813.32
304.79,1174.6
301.5,493.5
304.92,401.04
317.38,229.91
308.94,204.11
331.34,298.86
314.85,539.63
307.94,870.41
309.5,170.5
309,348
329,499.69
331.29,924.32
312.6,259.04
319.93,838.66
374.95,84.857
318.52,864.73
338.05,1209.6
319.37,41.12
317.64,58.444
317.61,325.43
321.34,12.272
333.03,185.05
327.01,1253.4
325.98,248.11
326.78,888
355.49,1068.8
327.64,663.72
329.41,55.059
332.2,46.717
347.41,338.68
336.17,1090.2
336.92,260.49
338.18,322.02
342.2,858.36
342.74,270.52
339.6,1331.2
341.18,1129.5
363.4,43.31
357.98,218.93
343.34,516.12
352.69,1145.7
364.71,1183.6
357.41,956.8
350.66,1330.7
349.5,770
351.75,1260.8
355.3,468.73
352.5,793.5
365.3,1023.8
353,750.5
357.45,910.45
357.22,186.44
357.5,524.5
357.96,985.48
364,314.04
358,776
374.84,1301.8
361,876
364.71,167
365.42,994.11
368.39,7.3774
416.8,383.73
368.9,61.122
368,842.17
376.25,1246.5
383.35,175.01
368.83,1000.3
383.68,453.03
372.32,297.53
378.79,351.13
374.96,702.04
380.57,686.22
371.5,792.5
373.96,1133.4
378.02,943.71
382.56,7.5918
380.58,258.29
394.32,862.98
369.58,278.58
390.63,749.28
394.36,314.18
393.86,1260.4
390,1129
396.55,1327.5
396.57,219.04
396.09,933.74
425.17,1163.3
398.68,1189.7
399.39,23.812
396.57,1026.4
403.73,775.78
399.49,1042.4
406.65,647.17
406.37,1082
407.68,1060.1
401.79,1211
401.63,187.98
400,927
408.24,951.76
414.56,1314.5
403.78,1003.9
402.91,247.91
405.73,1274.4
422.76,150.93
423.99,700.02
420.09,921.89
410.62,1302.7
413.88,9.105
418.99,340.38
435.73,1236.2
448.05,226.65
416.88,299.35
427.73,448.23
433.4,778.62
436.88,986.22
426.07,1078.1
426.4,1299.4
430,326.62
434.52,914.49
437.35,208.01
454.96,1124
437.04,402.78
443.89,104.42
470.06,413.79
454.24,311.23
444.92,1040.8
458.14,515.69
447.7,617.7
444.35,1309.5
451.72,819.88
457.27,1325.9
450.09,688.5
452.04,924.93
482.32,44.412
466.54,131.17
478.33,1040.2
468.11,160.49
469.17,466.67
459.5,625.5
463.43,677.41
466.92,341.36
489.51,1256.6
467,969
477.61,956.25
470.52,371.06
475.87,276.29
470,387
470,974
478.65,1155.4
496.49,815.05
496.94,162.2
486.8,1018.8
494.04,981.63
483.4,1275.6
489.06,139.3
501.21,678.56
486.39,330.57
512.42,222.74
501.08,307.84
487.38,865.62
489.51,504.77
491.29,109.78
489.5,901.5
492.1,1129.3
491.4,1158.4
492.88,341.22
505.62,759.43
498.23,1034.3
494.89,358.42
495.33,868
497.29,533.02
504.64,1143.7
522.13,874.14
501.16,925.65
503.38,1323.6
502.5,1169.5
510.8,1283.4
512.56,1314
511.4,590.4
508.5,1194.5
516.8,1328
520.18,539.73
512.66,697.26
513.21,959.81
512.94,466.79
517.19,333.99
610.34,1253.7
515.81,1293.3
519.55,453.83
523.86,1027
566.75,308.48
520.59,390.41
523.66,912.99
544.62,385.41
531.78,954.98
534.54,1298.9
523.11,984.42
555.63,717.16
534.49,1166.9
529.72,491.96
526.85,571.98
537.23,601.15
532.14,1262.9
534.68,788.13
538.15,290.76
539.93,583.83
537.44,800.92
569.15,561.45
572.55,769.53
556.9,224.41
551.26,344.9
554.4,1047.3
553.91,258.21
556.18,1069.3
557.95,411.08
556.69,195.03
578.54,643.61
556.29,713.87
559.24,864.25
555.48,175.91
559.04,918.62
564.52,611.11
583.23,1001.5
567.62,164.7
563.14,680.05
565.1,593.16
578.94,379.76
576.57,357.25
583.38,120.32
602.85,168.84
577.48,909.91
578.43,1328.7
595.17,327.15
615.48,941.11
583.54,1292.6
592.16,1117.1
589.4,140.96
613.64,244.36
588.38,990.95
589.67,738.48
608.28,750.33
600.05,346.83
664.93,1048.3
614.61,385.14
605.86,696.01
661.93,427.33
642.66,592.13
606.5,720
652.39,42.787
608.6,135.6
608,303.5
609.9,802.05
617.08,1230.9
612.02,842.35
613.83,300
622.41,661.06
619.5,1076.1
625,204.62
626.23,1244
626.74,769.47
620.89,707.42
630.5,785.77
640.69,1131.5
630.88,832.37
624,334
627.14,1095
664.31,253.6
631.35,998.58
635.34,1186.7
635.87,734.08
634.15,1068.8
634.5,356.5
662.53,342.3
642.14,641.34
639.61,933.82
657.71,1313.8
646.91,107.05
641.39,856.25
644.28,670.59
641.42,214.88
644.44,744.05
661.95,798.33
645.33,817.9
660.8,4.1321
649.45,1225.9
645.66,692.54
667.78,736.2
660.36,873.81
694.04,138.07
654.53,826.47
654.6,653.6
661.66,1330.2
672.75,921.04
659.4,648.4
661.98,949.74
663.29,618.49
662.61,1165.4
675.34,1186.7
666.18,69.313
666.12,90.117
692.85,205.73
669.02,111.62
666,1250
672.03,55.688
680.58,999.89
679.81,654.93
677.72,972.18
676.06,989.76
678.79,1139.9
710.84,675.54
692.84,1255.4
688.44,87.081
691.55,1025.1
708.52,865.07
695.05,1328.6
695.78,384.2
689.36,977.32
692.82,656.48
695.66,632.28
696.76,603.38
722.31,918.62
695,969
704.1,988.16
697.5,1191.6
701.5,968.64
719.59,461.37
724.01,1120
707.21,1211.8
716.73,580.32
713.63,1033.6
709.81,385.59
711.93,152.74
730.95,601.08
718.95,301.35
736.29,418.86
730.88,730.74
717.25,1230.9
717.95,1272.5
719.53,964.55
729.64,375.27
717.6,652.4
775.39,805.76
718.91,155.77
721.17,182.71
721,150.5
725.8,359.29
726.11,1098
731,1050.5
736.82,28.157
742.77,1245.5
741.36,1297.2
740.31,309.68
754.06,835.06
789.18,1277
741.52,109.06
741.05,1068.4
745.53,1330.3
755.58,511.05
772.13,888.09
755.71,14.985
753.78,982.47
749.77,687.75
770.99,340.57
760.04,1013.3
758.07,93
758.02,479.87
756.93,66.889
757.38,765.5
761.28,863.22
800.4,452.53
762.79,1118.5
786.58,1065.7
767.93,662.48
798.84,748.65
768.56,1326.6
773.45,43.323
769.06,931.27
771.54,772.88
770.12,74.375
797.89,535.34
778.95,1299.6
782.07,561.77
816,599.95
782.5,904.69
788.74,976.47
782.42,478.67
783.82,1128.7
787.74,399.24
787.11,15.409
794.09,576.28
785.64,1331.1
787.56,1179.8
805,925.97
794.4,1324.8
797.19,1190.9
822.5,285.82
796.3,472.1
803.5,1093.5
805,626.5
817.17,677.39
822.44,1230.1
827.17,23.348
811,1095.5
819.87,1160.1
823.21,549.79
814.5,624.5
815.11,699.58
847.59,291.63
817.61,390.57
819.1,952.35
832.83,862.28
822.41,52.069
835.93,1008.7
822.61,692.36
881.2,1076.4
824.29,937.71
827.15,397.68
826.5,429
828.17,797.72
839.29,365.45
831.94,519.06
842.2,710.68
831.93,598.17
837.15,260.54
832.5,623
893.94,874.86
860.15,386.5
846.61,1192.4
837.33,37.833
855.09,490.12
840.6,841.05
838.92,1112.8
842.82,430.1
841.5,597
844.08,908.85
846.51,1070.8
863.89,1117
853.03,777.06
862.69,587.36
864.01,1213.9
861.53,668.53
860.74,44.493
862.82,1010.2
869.47,933.97
882.53,990.44
860,1198
863.35,1160
871.54,568.88
861.11,752.8
867.41,1134.9
873.39,524.7
871.94,685.84
886.18,1276.9
880.58,63.827
873.85,493.15
880.3,251.22
880.01,670.06
872.5,1141
874.65,1043.1
879.79,43
883.83,1151.4
884.45,195.39
890.19,640.08
883.85,7.954
884.7,1222.9
882.08,605.92
930.01,786.06
883.27,401.18
891.09,693.47
906.69,287.13
895.49,334.35
898.21,406.41
897.52,114.4
893,721
897.84,1099.1
937.59,343.22
924.79,740.19
906.37,1116.4
902.89,818.17
907.05,1217.8
922.97,37.637
903.75,157.98
934.61,1195.3
905.49,208.44
903.91,1167
914.15,975.2
905.5,144
905.5,689
908.41,315.94
914.34,127.05
911.42,100.11
911.5,146.5
918.65,158.95
921.33,308.52
913.5,1034.5
914.36,89.311
920.24,946.07
945.55,1275.8
924.48,236.76
923.42,959.56
923.43,1025.7
932.5,882.97
926.04,861.85
932.9,102.14
926,1033
941.58,982.42
931.5,278
933.5,60
987.62,885.14
955.66,164.9
953.79,211.7
957.17,1012.9
946,730.29
952.7,672.91
945.62,819.25
945,1096
953.17,52.462
952.7,245.28
973.2,957.03
962.9,6.0139
966.11,1090.8
960.9,720.71
964.6,1247.2
963.45,1175
959.6,122.6
960.74,1156.1
969.08,95.369
963.14,259.45
965.02,282.57
971.28,1328.2
964.4,834.4
972.62,757.93
972.59,1224.9
970.13,1194.4
980.01,47.63
970,727
1015.5,349.83
989.58,203.4
973.86,733.86
1021.9,815.69
978.11,1110.6
981.92,1263.1
978,121
971.09,1045.8
980.91,1076.1
986.14,19.354
983,869.5
990.48,75.47
1031.9,77.072
991.44,144.56
990.74,1013.3
989.42,56.474
991.59,27
989.03,671.68
1016.3,1073.9
992.55,903.48
1002.5,929.85
997.14,641.72
995,1111
998.84,1303.6
1008.4,702.41
1003.5,871.77
1007.1,1267.5
1008.6,45.202
1013.6,144.5
1003.8,724.8
1011.8,1326.1
1006.6,1178.2
1007.6,1311.9
1056.5,1301.4
1014.5,1.9286
1012.1,866.41
1088.9,1037
1019.3,752.08
1023.4,18.92
1022.2,656.52
1025.5,1302.1
1023.7,586.73
1172.4,544.07
1060.8,14.878
1063.9,218.7
1044.9,161.52
1038.9,277.51
1031,767.62
1028.2,620.55
1029.2,746.28
1030,100.14
1032.7,795.4
1038.5,946.06
1036,875.36
1043.5,1066.6
1036.8,1331
1043.1,890.27
1040,1129
1047.3,554.27
1043.9,849.78
1043.2,1322.7
1046.5,590.77
1055.8,1134.1
1073.4,713.14
1051.2,1035.9
1079.3,1242.4
1051.2,863.43
1059.2,395.82
1063.9,919.93
1136.1,383.36
1063.6,793.98
1066.1,1269.6
1063.4,376.03
1061.1,1074.4
1068.9,178.51
1088.6,1127.8
1073.1,256.41
1068,1171
1077.1,863.93
1070.5,843.91
1080.1,1081.4
1075.4,34.317
1078.4,448.84
1084,1050.9
1119.8,1202.3
1086.2,503.37
1079.5,984.5
1103,273.16
1079.4,623.6
1089.1,366.79
1090.5,752.68
1085.6,882.14
1085.5,104.37
1084,998
1090.8,63.375
1124.7,948.91
1114,995.77
1092.3,1101.6
1095.9,97.523
1095.5,611.83
1098.6,787.7
1100.8,467.06
1106.7,1300.5
1095.6,1274.1
1100.7,826.65
1107.8,1095
1114.7,325
1109.9,1323.1
1115.5,1280.7
1114,913.5
1116.1,859.41
1117.4,1326.7
1121.6,681.89
1160.4,733.17
1122.5,622.16
1142.2,834.96
1122.7,1106.6
1124.2,923.69
1124,497.82
1128.1,700.33
1149.4,62.875
1126.3,287.05
1135.1,881.4
1133.7,550.15
1130.2,597.41
1139.9,796.38
1129,1027.2
1134.8,768.2
1137.5,1301.1
1136.1,976.44
1151.7,277.58
1144.7,435.48
1143.5,209.72
1138.9,636.59
1173.4,1032.4
1143.5,240.17
1146.8,1209.7
1170.6,1156.1
1151,86.011
1157,315.63
1151,1113
1151.6,1127.6
1161.7,650.1
1153.2,756.25
1171.1,107.19
1162.8,400.92
1168.6,1303.7
1159.8,817.25
1166.6,888.72
1166.1,920.42
1201.2,983.7
1181.5,798.61
1169.3,240.63
1177.1,1217.8
1166,624.35
1173.6,1326.9
1185.8,130.61
1191,1261.6
1180.1,611.23
1174,305.5
1176.6,850.91
1215,649.17
1177.5,927.27
1180.2,294.25
1188.1,1069.8
1230.4,187.86
1261.7,830.46
1185.9,950.11
1210.3,1174.9
1181.9,567.42
1188.1,1100.3
1187,894.52
1185.1,262.62
1187.3,444.86
1195.8,152.4
1262.5,707.64
1188,94
1206.9,233.48
1205.9,91.001
1194.1,316.42
1200.5,375.04
1198.9,737.54
1201,626.67
1204.9,1314.4
1196.4,904.43
1198,300.44
1207.8,18.513
1204.1,608.65
1206.8,62.984
1202.3,862.38
1239,1083.4
1211,294.53
1215.1,124.57
1217.2,936.1
1228,1017.5
1211.5,309
1225.5,1279.3
1221.7,900.95
1218.1,422.5
1216.7,583.17
1228.3,1239.2
1220,275.17
1222.1,2.697
1280.5,241.04
1229.4,405.48
1226.4,461.04
1238.7,319.23
1230.4,37.216
1238.9,101.15
1269.3,961.89
1231.3,728.44
1247.4,13.564
1240.5,595.24
1240.7,916.72
1238,613
1241.2,617.78
1240.1,729.42
1261.9,121.73
1242.2,897.76
1240.9,1077
1253.8,1317.1
1243,1292.5
1245,792
1263.1,461.46
1248.1,509.13
1249.4,349.28
1270.3,64.381
1258.8,368.89
1254.5,397.35
1254.6,47.767
1253.1,164.32
1256.7,656.59
1272.3,577.81
1257,1126
1258.7,91
1262.6,287.4
1259.4,296.6
1280.7,305.82
1300.7,126.16
1269.7,1010.4
1265.1,755.42
1272.1,930.51
1263.9,605.14
1266.9,1200
1266.3,894.41
1265.9,1224.3
1268,347.5
1272.2,513.83
1271.5,6.1053
1272.1,427.6
1271.9,611.42
1275.5,408.38
1279.6,362.88
1284.9,341.66
1306.9,407.48
1278.9,912.6
1285.7,1318.4
1282.7,435.22
1283,1293
1290.9,501.86
1300.2,1107.9
1288.2,1285.5
1300.7,1018.9
1290.8,941.92
1291.5,388.12
1294.6,615.57
1298.3,800.6
1309.6,465.94
1297.5,360.29
1300.3,1200.9
1301.9,511
1303.4,344.96
1298.6,433.27
1302,786.56
1305.9,888.7
1301,941
1309.3,1314.8
1305.5,429.5
1317.7,755.66
1310.2,68.102
1313.3,694.41
1316.3,1142.8
1321.3,335.73
1313.1,996.98
1313.8,333.64
1313,942.15
1322.2,971.45
1314.4,819.2
1316.1,927.76
1319.5,3.5926
1323.1,901.01
1327.9,446.92
1325.7,1047.9
1320.3,391.29
1323.7,797.18
1327,923.17
1327.4,536.74
1328,596.12
1322,397
1328.5,625.83
1323.9,1080.4
1328,1203.7
1328.5,1006
1326.5,1255.9
1327.3,1285.6
1327.7,131.94
1329.5,150.28
1330.1,1156
1330.2,740.23
1331.5,734.5
