3.7609,34.457
9.4766,5.6916
8.2857,794.5
15.304,87.641
15.403,1043.9
29.784,547.89
30.065,820.74
36.176,10.284
33.919,106.46
54.09,1122.6
56.909,133.91
60.922,492.57
69,50.174
81.424,67.424
83.421,923.11
86.37,1060.1
94.217,22.123
92.151,95.849
114.9,981.82
118.45,641.2
123.82,572.94
129.48,84.37
131.65,1163.5
156.12,451.88
158,190.5
164.91,926.91
177.31,817.94
178.06,256.7
181.41,139.5
180.43,608.42
180.86,1009.9
198.5,211
203.62,1120.3
204.32,280.28
215.81,972.93
218.42,55.548
248.89,1101.4
252.78,330.53
254.25,892.03
267.21,702.69
270.33,132.44
272.93,1198.8
272.52,797.57
276.65,786.88
281.97,352.76
299.5,1073.5
309,117.5
310,124.5
311.07,185.07
326.04,985.46
326.5,1027.5
352.89,1120.2
363.32,582.35
361,251.26
379.5,1234.6
383,632
389,371.7
386.05,18.079
388.93,611.59
394.59,407.05
397.31,730.11
405.78,1154.9
406.67,229
409.24,430.37
409.61,500.12
428.54,191.08
427.5,536
433.06,1244.4
434.1,605.61
431.91,1213.1
462.54,127.93
480.32,1204.2
496.75,765.24
502.46,512.5
513,834
527.89,785.72
530.68,318.78
543.28,385.7
544.37,284.88
547.5,586
560.3,1219.4
574.28,245.42
579.49,138.33
594.01,858.15
594.63,1024.6
605.48,343.92
607.03,506.33
607.86,572.61
621.63,949.06
625.31,968.46
643.32,229.37
653.56,1227.1
653,1244.4
654,651.06
655.8,1007.5
676.69,935
687.5,672.5
692.43,1224.5
693.09,807.91
695.73,451.35
694,1195
700.4,1240
703.6,556.36
712.95,913.65
719.56,217.56
732,128.94
739.21,233.5
743.41,767.32
743.42,525.39
749.37,343.37
771.2,311.22
773.1,342.25
769.65,1247.1
778.77,765.37
781.69,1198.9
786.04,515.47
785,717
808,646.5
811.95,1128.3
827.09,619.72
836.06,1009.5
837.61,897.94
850.18,363.04
851.39,685.26
891.95,266.26
893.25,797.03
899.5,1205
912.55,31.939
912.9,70.2
927.27,763.67
935.5,585
951.5,865
959.19,594.27
979.15,174.17
982.19,986.93
988.47,947.76
991.43,284.05
1002.5,1119
1013.1,486.59
1013.6,643.58
1024.9,725.08
1036.5,140.5
1038.7,216.17
1066.1,200.73
1064.6,535.9
1068,1065.2
1067.9,131.59
1079,41.436
1074.9,114.41
1087.5,296.12
1108.9,1171.6
1112.9,1102.7
1115.1,571.39
1116.2,896.35
1127,112.55
1125.5,846.5
1133.4,411.13
1130.5,12.081
1147.1,696.11
1145.5,1007.3
1148.8,124.43
1165.4,377.58
1178.1,1246
1185.6,541.4
1186.4,350.56
1190.4,620.58
1210.3,911.84
1231.9,316.9
1236.5,803.5
1241,743.5
1245.3,83.746
1246.6,1147
