4.9804,69.725
3.4713,936.92
21.545,1024.2
18.132,787.36
19.574,1101.2
31.081,41.568
33.067,867.93
34.421,538.89
34.579,849.11
40.583,1084.7
45.5,799
46.5,839
59.458,369.83
61.5,170.5
64.633,1019.4
69.371,791.42
71.161,460.42
75.178,17.133
79.5,969.37
85.55,228.61
86.862,896.62
91.938,183
91,413.5
95.456,526.47
99.863,66.248
101,558.83
107.95,129.41
114.71,467.01
117.14,399.14
122.74,175.67
118.36,409.5
120.33,818.83
124,551.5
128.54,429.42
130.72,88.099
128.91,578.61
131.66,20.784
133.48,387.16
137.15,414.86
135.16,723.89
134.58,944.11
138.09,189.91
152.51,406.87
153.29,354.25
162.12,464.67
157.85,882.35
159.55,220.58
161.58,849.42
168.49,873.28
170.93,294.95
170.86,422.39
177.5,33
183.5,838.18
186.9,128.78
195.96,680.01
194,1032.5
197.2,827.7
199.4,695.16
196.42,1096.1
211.78,71.527
210,428.5
217.38,248.04
220.68,1096
219.57,956.57
223.58,608.11
224.6,870.04
224.58,849.11
233.5,967.78
238.77,272.59
237.5,406.5
242.11,390.87
245.46,243.88
248.52,1046.2
255.2,781.92
254.08,988.08
261.23,878.81
256.86,804.36
263.5,904.68
267.48,798.18
267.18,1129.4
269.68,814.2
275.72,999.45
280.5,123.66
282.83,43.099
280.94,266.09
290.11,603.55
291.45,1134
293.4,959.48
301.57,175.05
302.88,214.88
304.5,992.08
304.39,1215.1
315.27,633.56
323.04,17.574
327.47,602.47
329.35,706.65
334.38,416.55
337.38,797.81
335.33,1071.3
348.36,1125
351.01,41.099
349.44,1148.1
354.17,1098.4
361.57,817.68
360.06,402.62
357,1106
366.12,1164.7
368.27,27.798
368.21,742.75
365.03,992.1
369.41,1212.1
372.59,352.97
377.37,813.28
378.42,881.89
385.58,512.42
390.27,711.96
385.67,1132.2
387.67,887.96
397.54,357.8
416.52,912.15
415.01,520.14
412,888
417.43,720.53
419.54,1179.8
418.5,935.5
426.04,737.06
423.94,830.09
429.51,934.82
432.95,45.391
434.9,694.7
443,516
450.38,433.44
450.1,675.41
463.11,1028.6
467.85,253.81
466.44,737.62
472.35,42.475
471.33,779.17
478.01,199.66
480.59,1157.1
492.59,551.14
492.62,927.62
496.39,410.18
498.81,978.38
504.8,623.52
510.38,265.18
511.44,976.04
514.09,162.8
513.91,746.43
514.93,667.79
512,992.5
520.22,343.8
522.99,116.6
522.63,44.296
530.83,1049
531.32,36.054
532.36,1167.3
540.41,196.11
539.39,820.41
538.87,749.03
544.01,565.49
545.09,1051.1
552.11,1155.5
560.93,229.75
564.38,159.55
568.86,721.57
574.31,164.54
575.74,460.95
580.11,183.04
576.96,614.59
577.5,1043.4
587.67,52.167
594.24,805.81
596.21,719.16
594.33,748.62
607.16,1100.4
613.06,613.91
617.38,1038.8
620.45,850.08
622.18,1124.6
620.4,222.36
626.08,648.17
632.97,1137.2
631,1198
636.17,491.83
639.98,439.27
642.71,742.45
650.98,594.2
644.25,1089
644.97,700.93
663.12,219.1
668.61,857.21
675.78,317.21
683.59,585.36
696.3,452.54
692,1202
697.43,697.39
708.4,377.4
711.81,358.14
713.45,962.54
718.78,276.48
715.89,835.42
727.07,819.16
728.25,829.85
729,470.97
732.45,320.94
742.51,68.135
747.33,470.5
750.25,402.85
748.5,794
755.34,945.51
756.37,709.78
758.54,896.22
764.29,231.97
768.09,1194.9
770.17,650.28
773.24,324.74
776.7,471.28
776.14,772.86
784.69,23
789.26,445.89
790.09,1091.5
793.32,548.32
793.17,1161.9
802.87,1200.4
804.57,777.03
807.1,838.83
812.54,1193.7
819.9,568.42
819.58,235.11
830.11,718.69
829.8,688.7
837.15,1177.3
836.56,52.923
840.89,914.92
846.58,479.76
843.58,900.45
844.95,773.83
846.28,661.53
853.8,562.29
859.62,15.994
854.66,632.68
855.39,1187.9
857.92,785.2
874.57,472.62
871.42,1179.9
876.78,832.56
877.71,1159.7
880.13,519.87
883.21,96.339
882.63,1137.5
884.46,740.67
886.5,486.39
887.76,803.13
893.8,621.52
891.05,64.456
888.42,1157.9
899.62,426.37
896.66,644.47
903.16,1221.9
909.21,1167.3
911.37,586.28
916.64,503.67
932.94,319.18
934.5,454.06
933.58,1198.9
936.19,643.66
944.94,1228.6
945.09,546.05
945.38,729
948.48,930.61
951.5,283
950,957.5
955.43,249.92
956.41,970.09
958.43,1246
958.18,378.95
958.94,627.65
961.58,697.89
967.55,438.03
966,248.86
976.39,560.04
981.66,677.11
979.89,452.12
980.89,331.21
985.68,363.8
993.42,1053.1
991.63,548.37
997.29,247.47
993.55,1184.7
994.59,528.07
997.75,986.4
998.17,705.58
998.71,567.29
1001.3,226.42
1005.9,34.389
1012.6,1017
1016.6,1224.8
1013.5,278
1015.5,870.4
1015.9,339.59
1024.5,478
1030.7,461.45
1031.5,953.5
1041.2,1226.7
1040.1,567.02
1041,424.07
1041.4,466.66
1045,785.12
1054.7,135.5
1048.1,447.63
1050.3,164.55
1052.1,278.78
1052.8,487.76
1052.2,602.83
1051.4,174.11
1054.2,833.33
1057.3,1060.8
1060.1,1209.9
1060.6,95.367
1065.4,261.75
1063,394.95
1068.1,515.64
1067.4,470.86
1070.6,653.85
1078.5,562.8
1086.5,362.22
1093.1,618.53
1093.5,446.88
1096.1,508.08
1104.2,579
1103.1,1023.6
1107.2,949.72
1105.9,178.93
1116.4,1198.3
1117.1,426.35
1118.7,440.87
1118.8,477.35
1120.5,367.6
1119,349.67
1134.4,452.02
1139.4,846.07
1142,241.85
1145.2,1003.2
1149,344.91
1151.9,273.85
1156.4,192.2
1158,303.95
1164.6,352.34
1162.6,1237.1
1174.8,540.93
1173.3,1219.4
1185.1,1151.7
1182.7,279.2
1181.8,745.87
1183.2,356.13
1185.8,515.03
1192.9,180.22
1197,1215.8
1201.7,776.05
1203.4,920.11
1210.1,15.944
1207.4,1163.3
1208.7,354.55
1210.8,1086.6
1212.8,914.4
1215.1,1041.1
1218.5,256.08
1218,997.83
1227.7,175.52
1229.3,356.45
1236.2,1244.8
1244.5,615.71
1244.5,910.34
1244.9,96.82
1243.5,355
1245.6,314
1245.6,796.56
1246.7,17.415
1246.7,531.08
