3.3684,48.263
3.5758,387.83
4.0778,1023.1
6.4505,316.77
6.5926,173.31
6.6071,263.79
15.41,845.66
18.205,63.477
22.314,509.17
28.585,655.62
25,263.68
35.13,535.31
35.111,709.95
34.143,684.5
35.676,414.74
44.784,1033
44.486,1138.9
46.5,184
46.083,429.08
51.873,812.03
52.074,1066.6
61.881,795.8
63.887,150.15
67.51,41.24
75.939,269.58
81.521,731.44
75.421,902.89
78.657,215
90.203,438.75
89.556,162.25
90,129.85
90.864,3.6818
97.5,396.29
100.2,839.56
104.09,819.09
105.7,864.77
105.84,1012.5
114.11,607.74
109.15,910.1
108.5,379
111.68,424.64
116.23,410.25
113.95,541.36
118.3,128.46
121.69,347.09
122.95,320.15
126.89,167.82
129.09,712.85
129.22,538.54
135.16,623.84
138.42,1013.1
142.87,314.34
149.41,677.91
150.07,922.08
151.89,69.196
157.23,50.398
152.5,782.86
160.06,85.184
164.44,302.54
161.07,246.41
164.18,642.67
163.88,101.5
170.08,1186.2
172,1008.2
180.5,822.42
181.52,150.71
182.98,514.07
180.55,1121.7
181,18.826
182,1202.5
185.61,608.75
186.2,1099.8
193.85,1187.5
207.22,19.06
210.17,272.11
203.97,961.1
206.82,1211.2
214.76,1074.4
210.65,908.48
208.89,984.42
220.62,755.45
220.67,248.47
223.42,856.02
227.5,938.19
227.04,829.99
225.39,615.14
239.4,984.29
237.53,391.56
236.35,851.93
237.71,771.55
241.21,800.9
238.67,8.5667
245.02,151.49
244.56,1154.5
244,45
247.83,266
254.47,813.78
260.42,782.54
257.95,949.08
261.29,380.09
269.15,236.69
268.87,533.71
268.92,441.72
268.65,989.16
268.13,852.02
270.49,339.51
270.4,999.91
276.49,869.72
277.06,292.65
276,399.17
278.42,1021
284.16,488.83
283.43,266.93
288,243.78
286.14,1008.5
292.48,515.8
290.87,1032.1
291.71,769.45
297.99,329.92
306.38,86.393
303.29,280.25
307.39,1071
314.39,162.61
310.23,229.09
311.55,561.94
311.07,1192.4
312.55,881.27
318.5,1057.5
329.5,1126.5
332.08,415.02
334.19,1208.9
338.58,150.34
339.2,991.48
340.35,498.94
341.08,964.44
347.42,572.01
345.79,765.47
351.93,891.98
359.48,495.61
358.64,823.44
357.96,394.59
363.81,465.26
367.3,593.02
366.39,558.39
366.39,43.139
369.82,366.58
371.74,161.93
372.13,479.13
371.09,524.95
371.8,757.39
374.48,901.02
378.43,1034.1
376.12,503.88
377,174.33
383.52,783.77
381.14,953.35
377.78,971.52
379.53,1187.3
383.85,184.15
388.93,1240
393.2,4.44
392.42,1033.1
396.03,429.29
397.26,647.91
395.56,965.92
396.5,1014
401.59,468.41
407.18,146.75
403.89,978.58
411.58,6.8427
411.44,432.56
411.5,982.39
412.5,85.5
413.47,1180
413.73,1196.9
416.63,476.43
419.25,748.55
418.11,720.17
417.41,782.41
418.86,868.5
422.99,551.62
425.66,1084.9
423.2,1001.6
426.1,1066
426.09,969.09
428.5,727
428.5,534
436.66,207.34
437,460.31
439.51,1164.3
443.12,488.6
443.18,856.12
442.67,1049
451.43,1007.7
450.21,526.96
459.68,1042.9
450.68,1215.8
454.46,1133.2
452.41,173.96
466.76,1092.3
460.09,411.41
461.31,64.845
459.53,243.77
460.36,931.69
459,966
463.11,163.72
461.59,951.66
463.55,270.93
464.22,116.79
471.56,353.57
469.24,493.59
471.56,926.56
474.12,955.65
478.9,432.92
486.36,748.61
484.79,916.09
484.5,981.5
487,1174.2
486.93,1198.6
492.75,981
492.92,501.67
496.96,563.57
505.47,986.61
504.68,373.58
505.23,199.77
505.91,221.91
508,724
510,1026.8
521.66,532.4
518.25,1057.8
516.95,973.09
515.87,386.87
520.4,65.603
524.5,241.5
530.12,934.67
530.29,789.19
529.87,274.17
528.32,1019.1
532.28,327.22
531.23,98.604
532.07,845.41
533.08,386.92
538.3,2.275
536,772
537.72,161.4
539.83,116.95
540,502.5
543.26,237.86
547.95,253.16
546.5,801
548.83,1200.9
550.82,2.1471
551.9,17.484
549.16,190.84
551.69,564.79
550.83,358
552.85,374.62
555.28,1141.7
554.77,1000.4
555.75,1101.4
559.05,1082.5
558.17,764
558.91,56.909
564.53,543.94
565.34,873.24
569.92,741.67
571.35,180.11
565.56,369.65
566.97,311.48
567.52,790.83
568.47,31.776
574.85,1090.3
579.9,299.96
577,1120.5
581.4,725.6
589.81,89.397
595.64,462.87
599.51,277.53
596.42,1088.1
598,912
602.96,535.33
601.46,339.78
603.87,775
612.19,247.75
611.34,463.85
609.72,1229.2
610.21,141.29
612.98,1095.9
613.88,443.76
612.8,959.08
615.33,1202.5
614.79,370.38
618.2,208.02
619.44,319.64
618.93,300.07
621.83,974.52
628.56,511.51
627.21,665.12
629.58,360.12
626.91,687.51
627.93,294.41
631.59,959.41
633.64,257.45
632.46,189.44
639.84,111.28
645.14,986.69
643.15,941.54
645.65,65.255
646.43,798.09
655.29,952.88
650.89,295.66
650,318.5
649.89,484.58
652.84,511.5
658.4,94.895
663.92,858.08
657.63,1226.5
667.48,1133
658.91,340.87
658.95,1003.8
663.57,153.66
663.97,322.91
664.15,1026.2
662.38,762.93
665.5,2.6667
663.64,1171.5
666.55,718.31
672.12,469.97
673.48,1068.6
674.02,686.71
676.07,484.46
679.11,743.26
673.45,155.41
674.38,354.66
674.8,1169.6
679.23,235.23
684.07,337.31
683.14,1169.1
686.07,414.33
685.25,10.083
689.62,799.03
691.69,366.98
690.16,289.74
691,57.385
692.8,885.44
696.76,1184.9
696.62,743.91
700.14,420.88
702.31,824.45
704.56,563.58
708.98,229.77
708.36,385.74
708.32,894.09
715.07,5.3877
708.96,843.89
711,507
715.38,307.97
719.62,817.08
716.45,1061.4
718,1013.8
722.97,100
725.14,715.93
724.46,178.11
723.81,413.91
727.24,653.94
727.17,874.31
727.82,847.42
732.46,293.86
727.37,969.63
730,140
732.94,199.79
737.9,636.62
738.92,821.54
741.86,898.64
737.85,237.46
739.89,502.42
746.82,150.08
742.48,308.91
742.91,408.35
742,262
743.84,1057.9
746.3,18.701
745.38,1132.1
752.69,431.96
756,252.2
755.74,953.48
756.67,268.13
753.71,861.55
755.57,978.94
759.08,451.64
757.26,1194.5
756.53,829.25
760.06,744.81
761.92,761.69
765.43,299.94
767.04,823.31
768,388
771.6,717.66
772.62,1217
775.46,214.44
782.14,189.57
779.45,372.13
780.31,137.43
783,1227.7
781.5,497
786.51,1157.5
788.75,345.69
787.74,1074
789.16,766.47
793.3,316.01
790.47,593.57
790.95,107
795,85.365
794.65,376.71
793.85,861.47
799.91,2.5588
802.06,1007.6
802.22,1098.5
801,1203
805.58,1046.7
808.94,60.265
810.17,710.32
809.29,520.91
812.82,474.14
811.1,995.76
811,543.33
813.09,1028.1
814.41,1105.1
815.45,1147.6
818.77,765.3
817.46,503.86
820.65,634.69
821.63,1135.4
821.91,178.23
821.92,1221.1
824.04,625.58
841.37,1079.7
833.93,747.52
828.7,111.46
827.5,183
832.57,656.99
831.63,1127.5
831.81,879.07
831.5,775
839.21,205.74
835.37,1112.1
839.62,1028.7
842.14,232.03
844.81,54.667
844,558.58
845.81,70.838
849.6,305.17
846.65,429.27
849.45,459.97
853.23,713.07
852.58,1218.4
861.82,82.435
857.2,217.34
858.5,924
860.87,491.43
859,209.5
871.77,589.12
868.74,1091.7
864.91,655.95
868.34,950.85
868.28,1228.4
867.65,1045.2
870.5,62.885
872.47,1206.8
871.74,2.2174
873.87,231.15
874.05,813.57
877.54,40.283
879.94,19.083
881.94,1145.2
879.93,181.59
882.06,547.88
882.5,133
885.76,973.12
882.43,493.39
886.62,471.62
887.8,878.44
893.53,599.5
893.38,942.25
894.27,1001.6
892.29,1242.3
893.61,1177.8
898.64,726.25
896.62,1067
897.58,643.11
903.93,880.87
898.35,1145.5
903.67,113
907.27,662.06
907.64,759.64
907.13,391.97
908.5,584.5
909.86,528.5
911.62,683.57
914.73,399.41
915.59,1019.9
920.28,569.99
917,379.5
928.47,437.05
926.62,1241.7
929.31,516.09
931.8,328.94
942.19,865.18
932.56,1123.9
933.12,541
937.95,640.73
942.04,414.43
941.04,481.43
948,741.61
951.54,489.79
953.44,1046.4
949.58,776.5
953.18,821.31
952.28,574.81
955.72,5.5319
957.15,331.4
959.05,752.3
959.03,411.56
957.5,507.35
958.2,730.44
959.88,538.88
966.88,356.96
960.5,476.12
960.5,852.5
964.43,455.05
974.51,586.3
983.06,818.8
968,880.5
980.91,450.06
971.2,715.52
976.94,860.61
973.61,936.3
977.48,1166.8
977.12,964.62
976,1102
979.24,556.03
979.58,373.45
983.62,775.59
990.02,62.912
991.63,551.26
997.84,720.59
999.5,894.57
1002.7,591.73
1007.2,1160.7
1007.4,851.61
1013.4,813.32
1013,123.5
1016.9,921.56
1015.7,314.63
1015.7,401.12
1020.9,1055.3
1024.9,172.33
1020.3,1076.9
1020.8,733.9
1026.4,610.56
1025.1,490
1028.6,271.01
1030.6,1016.4
1030.4,316.6
1031.8,1078.4
1043.1,803.79
1033.4,1120.4
1045.5,342.4
1039.2,361.65
1040.9,870.9
1044.6,782.06
1049.6,763.26
1051.9,975.44
1053.5,1081.5
1057.5,1231.4
1056.2,254.97
1058.9,483.11
1062.5,995.94
1063.3,944
1067.3,1034.2
1070.3,631.68
1074.4,610.64
1075.9,274.79
1073.4,770.63
1072.9,1063.9
1075.6,484.11
1082.3,152.36
1079.6,505.61
1079,565.5
1086,868.78
1089.1,491.16
1097.1,1067.3
1092.5,1115.4
1099,242.44
1095.9,512.08
1103.1,321.24
1101.1,888.59
1104.6,1138.1
1105.6,218.42
1106.2,373.13
1106.5,512.59
1107.5,1247.2
1115.9,651.23
1129.4,789.08
1131,302.54
1133.1,827.58
1134.3,320.29
1134.9,1041.7
1139.2,599.52
1141.8,1230.6
1148,865.22
1171.3,604.77
1156.5,964.06
1155.2,1153
1161.3,439.23
1160,944.68
1162.7,282.61
1161.8,642.22
1161.9,1066.7
1168.6,1083.5
1176.5,890.52
1184,1061.1
1184.7,1206.7
1188.1,999.36
1189.3,967.68
1187.6,1239.1
1189,1075.6
1194.2,1194
1197.5,806.5
1197.6,989.76
1198.9,511.91
1199.6,472.39
1204.9,556.12
1201.1,1236.6
1202.1,979.5
1209,304.28
1207.1,914.59
1211.1,632.58
1215.1,463.48
1220.3,932.18
1222.6,531.68
1222.9,621.27
1226,1065.8
1229.8,498.13
1226.8,899.54
1232.9,968.52
1231,561.74
1230.2,811.61
1232.6,1123.2
1234.7,326.26
1232.2,653.64
1233.9,642.8
1242.2,614.69
1242.1,980.15
1244.1,18.598
1244.3,1226
1245.8,40.5
1245.9,541.12
1246.3,701.74
