3.1449,175.13
4.3043,525.61
2.4348,707.39
6.5,329
15.407,629.88
17.238,962.94
17.5,530.38
23.306,1230
20.926,349.41
22.5,542
26.44,1101.8
30.746,475.81
37.689,1204.1
34.625,237.38
36.565,1118.4
35.909,547.09
54.926,552.94
47,1094.5
48.421,1159.9
52.087,484.6
53.287,182.25
53.423,1200.2
57.089,269.59
60.123,143.2
63.152,1140.7
63,321.68
65.662,944.42
68.63,911.76
70.452,125.98
71.524,443.4
71.779,1127.6
77.514,342.54
79.367,1076.6
79,1137.5
87.22,578.8
96.25,818.6
93.449,456.94
95.854,1057
97.425,1165.9
96,28
108.37,391.74
113.47,867.78
108.92,416.6
113.96,825.99
114.5,1241.7
117.66,240.62
127.81,341.66
134.05,870.22
128.88,595.75
133,841.32
137.68,1023.9
144,979.5
142.91,464.91
153.18,596.24
154.41,1212.4
155.41,1019.8
158.65,539.27
162.34,752.15
165.09,732.91
171.22,369.99
171.65,584.56
180.45,754.84
179.95,163.59
179.22,1150.6
185.45,540.9
186.37,454.82
184.5,1123
198.96,409.72
205.44,71.586
205.5,305
217,791.14
221.8,5.377
227.97,541.34
229.52,1171.4
229.07,731.76
231.17,682.95
233.15,1227.6
228.33,703.83
232.29,778.55
239.74,558.95
240.37,543.57
247.71,427.21
250.88,192.5
252.57,564.95
253.6,832.6
261.8,1188.7
264.32,1239.9
261.22,593.85
268.99,1035.4
266.09,554.91
273.88,272.32
277.22,904.91
274.53,97.562
278.06,1205.1
282.09,741.27
296.43,139.96
297,192
303.73,296.79
313.66,698.47
305.98,861.73
307.26,144
315.2,535.43
313.5,1004.5
323.14,281.95
325.92,621.88
329.45,31.073
327.74,776
329.9,1240.8
333.76,129.38
333.77,347.99
336.33,574.85
349.33,107.36
340.45,769.02
344.58,613.07
346.34,1095.8
357.7,718.62
359.97,132.96
361.26,1177.9
366.44,224.05
368.14,1034.4
374.35,1047.6
371.5,908
374.1,127.62
375.81,180.55
378.48,1108.2
381.25,161.51
383.74,586.19
388.04,1161.6
390.62,5.775
394.64,926.62
393.29,254.54
394.38,665.38
395.26,1193.2
400.68,411.64
402.49,507.18
404.74,885.11
409.54,1029.2
416.98,923.8
425.5,627
433.53,328.76
440.18,201.25
440.92,6.8729
443.96,65.077
447.12,141.31
450.42,892.08
449.22,1186.7
449.4,428.36
452.72,754.4
453,1156
454.11,206
467.36,1082.3
466.55,1117.2
468.06,841.97
473.92,318.29
477.12,163.12
482.13,241.53
480.91,1159.1
482.29,521.76
486.25,959.9
491.06,169.55
500.83,1168.3
501.5,935.5
506.08,596.44
508.26,549.4
515.91,662.1
519,204.89
522.55,21.341
524.37,318.67
528.53,1032.6
541.86,994.5
540.37,341.37
554.28,48.968
545.03,458.48
548.43,822.25
550.13,705.06
555.88,1088.9
560.31,5.2364
560.87,664.3
561.57,18.571
565,1128.9
569.46,555.07
570.5,674.41
581.48,6.8368
586.37,502.37
589.47,1167.8
591.69,42.446
591.6,859.25
590.5,1025
597.65,693.19
601.62,792.15
601.57,1172.8
605.39,931.86
610.03,730.67
612.56,534.4
616.56,223.96
619.44,749.58
619.2,135.56
632,30.25
636.63,976.92
636.45,1240.3
643.95,1185.3
657.09,1159
658.47,1093.8
658.07,456.26
665.1,944.55
665,33
670.24,650.94
666.67,868.63
677.05,884.14
683.32,955.67
684.08,1241.6
690.11,526.38
691.71,1104.8
690.47,767.24
694.39,1020.6
704.59,1237.8
710.46,195.2
710.91,63.955
716,807.5
724.38,342.76
732.53,1219.1
736.95,796.03
746,914.5
751.88,389.06
754.08,789.55
759.81,1039.6
762.52,1079.3
764.48,279.02
766.94,786.34
773.01,1199.3
776.41,961.96
781.02,1008.9
790.58,982.38
800.71,194.39
801.45,548.46
804.64,1081.4
808.76,29.259
808.14,134.87
807.88,848.06
807.23,1046.2
811.17,990.2
817.93,1187.8
831.7,125.01
838.1,1079.6
838.55,1223
846.83,361.68
844.19,1120.9
867.54,450.09
864.11,701.06
871.04,1209.5
876.08,324.37
884.92,1244.4
897.93,1115.4
897.6,1229.6
901,1078
906.94,1006.9
917.86,1131.1
933.47,1236.8
928.6,931.05
942.88,1051.1
945.27,308.03
948.92,481
958.4,849.75
957,1099
966.95,389.08
971.09,1206.2
976.08,1245.3
974,659
977.58,20.895
981.59,974.41
984.75,600.49
983.74,1132
985.88,1027.3
987.85,1226.1
999.61,1035.4
999.3,1067.5
999.87,1147.5
1002.5,104.09
1012.3,563.61
1012.4,1218.7
1021,167.93
1028.2,128.26
1032.3,944.49
1032.5,1002
1034.9,1205.9
1039.9,130.69
1042.3,477.58
1047,1130
1047.9,1219.5
1052.7,521.04
1051.9,1056
1057,1117
1064.7,403.23
1068.5,991.76
1070.4,284.93
1069.1,907.11
1072.3,1149.8
1072.6,174.95
1085,1127.5
1094.2,1042
1100.5,649.24
1100,1120.5
1104.9,1021.5
1114.5,100.91
1117.1,52.5
1122.8,1158.6
1129,996.09
1125.7,1065.6
1131.4,481.91
1137.6,317.7
1138.7,168.71
1138.5,1020.5
1146.5,132.5
1150,216.15
1158.8,1226.1
1164.7,1174.3
1169,297
1172.9,115.59
1173.9,335.59
1180.1,790.61
1185.9,133.79
1200,247
1205.5,823.66
1207.9,776
1213.3,1143.9
1220.2,731.68
1228.7,383.87
1224.5,446.5
1228.1,63.909
1229.5,1133
1239.4,97.015
1241.2,684.1
1244.1,1200
