1.5,584.5
10.489,1037.2
10.439,43.439
16.392,754.4
16.119,859.64
24.752,57.428
35.353,349.15
36.231,387.13
38.733,458.8
39.868,999.33
44.919,837.71
48.611,700.86
51.037,111.07
55.08,1128.6
60.782,402.53
59.817,959.25
63,641.5
72.458,135.22
71.625,530.62
75.072,1236.3
83.833,424.05
75.603,637.1
76.949,362.13
86.419,1157.5
96.927,922.89
98,259.5
97,567
106.4,554.66
107.89,700.76
105,636.5
106.57,1223.4
125.02,564.62
119.75,227.96
118.66,159.54
119.09,454.91
127.07,1121.6
124.8,932.72
134.02,494.39
145.56,651.06
147.1,158.38
151.65,1028.1
159.17,675.31
155.94,1221.9
157,1119
164.33,508.3
166.46,1019.5
165.85,942.96
173.85,567.97
172.4,761.76
176,294
179.9,268.38
183.43,983.12
185.01,751.42
184.4,804.78
190.55,142.97
186.94,496.84
187.66,577.2
192.39,185.27
200.36,83.77
207.41,303.99
208.52,68.977
212.18,152
216.63,528.84
224.58,1048
235.79,336.71
240.45,541.69
240.88,4.3462
245.47,390.15
251.52,181.06
245.78,622.53
249.25,57.928
249.76,1094.2
254.52,842.96
255.56,1039.7
255.14,313.5
260.79,501.73
265.96,469.81
270.9,693.6
265.09,1210.9
268.59,927.39
273.88,1045.8
284.37,301.39
286.84,279.32
289.98,745.57
287.42,1115.1
292.4,31.895
299.71,340.63
300.15,1030.7
302,538.5
312.8,1192
318.58,32.424
323.44,514.56
327.6,242.15
327.28,537.12
329.93,1041.4
330.58,209.11
335.29,940.48
341.89,1104.2
341.8,184.41
342.86,460.32
340,130
343.64,425.2
348.16,341.54
358.32,1119.2
354.91,139.09
357.94,1018
360.16,506.39
360.9,283.38
364.22,27.556
369.18,576.98
380.07,1014.6
388.37,510.63
395.12,715.31
394.46,839.96
398.02,312.52
398.8,143.93
399.61,231.61
400.67,197.83
404,821
406.49,1173.9
407.86,693.24
407.08,896.42
407.14,321
410.59,1018.8
414.89,106.63
430.32,258.9
429.3,131.81
435.74,473.81
439.82,329.09
441.54,250.07
453.58,591.16
457.24,117.74
450.9,190.62
458.49,977.29
463.58,225.85
475.42,283.25
471.34,825
470.91,757.05
483.45,225.59
490.08,59.416
485.5,539.36
492.08,354.56
497.11,313.09
501.67,1204.6
501,37.174
501.79,824.38
503.2,610.29
512.68,1244.2
513.92,288.82
518.28,110.96
523,795
526.93,288.44
534.79,164.12
535.04,876.61
535.94,586.12
540.41,671.15
539.55,515.27
539.94,699.94
544.02,1153.7
547.43,591.11
546.91,249.91
560.49,613.54
559.53,803.5
560.53,845.78
561.77,145.85
562.4,594.11
562.17,364.13
569.6,1021.4
570.64,765.38
574.14,202.3
577.65,371.75
574.73,1037.6
579,1129.8
582.74,829.3
583.58,882.09
581.9,554.44
593.93,100.56
590.39,970.14
596.25,881.24
598.1,559.9
598.86,4.3889
598.93,1192.1
606.79,84.93
611.41,859.25
614.81,338.81
617.59,551.47
615.37,1175.4
616.71,1035.5
621.46,1216
632.56,663.75
641.52,714.04
645.06,134.5
645.5,30
646.89,638.42
658.5,998.5
667.94,15.553
676.5,933.78
678.47,875.7
679.58,259.18
683.12,478.27
681.83,1217.3
684.88,599.88
687.45,633.31
698.68,280.31
711.91,1092.1
720.1,318.62
721.34,585.43
728.29,1149.2
731.35,326.18
731.75,866.62
734.74,34.185
735.06,564.06
739.1,660.77
748,603
746.89,948.58
750.67,624.52
750.97,4.1538
751.24,819.07
753.93,572.15
756.11,345.37
756,840.75
760.69,590.07
766.47,473.59
762.31,1200.9
768.61,912.87
778.87,992.48
781.14,638.43
784.71,506.75
791.63,549.87
786.93,584.09
793,467.14
801.24,708.1
798.91,850.54
802.88,203.15
808.21,360.67
807.5,119.5
815.02,927.06
813.91,445.09
815.91,785.12
820.63,742.77
828.76,831.16
829,792.17
833.3,1087.6
837.58,862.23
839.85,473.76
840,733.5
845.79,456.98
845.98,957.07
853.89,988.42
855.94,429.69
861.07,967.73
862.17,775.32
862.82,894.99
872.37,478.69
872.63,713.07
870.95,1136.2
874.04,377.32
880.29,612.03
886.5,155.85
889.03,887.44
890.5,1217
893.3,549.87
893.56,86.713
895.14,681.39
898.48,577.55
902.27,968.91
897.25,591.25
901.66,838.84
900.84,614.93
905.91,456.21
909,296.26
908,746
912.81,826.44
916.67,48.965
915.29,568.75
919.45,490.24
917.43,73.054
926.81,603.36
926.93,1092.4
934.23,203.52
935.5,888.5
943.08,124.13
941.63,1100.6
942.17,272.17
945.25,745.04
941.79,812.5
944.36,1244.3
946.74,19.261
945.84,432.1
947.11,614.27
947.28,880.52
948.95,446.08
965.91,928.65
957.39,311.73
960.51,943.55
964.16,1197.1
966.96,17.827
969.28,823.23
971.16,2.7568
971.5,128.5
973.94,173.21
974.15,1110.1
979.32,463.32
976.63,592.34
981,992
986.32,891.9
990.62,1050.6
988.5,1217.5
990.14,114.5
992.34,242.34
999.75,971.75
1001.8,10.306
1001.1,151.88
1001.5,1232.2
1007.1,132
1011.9,269.8
1012.3,824.37
1018.9,763.74
1014.7,1095.7
1027.1,584.29
1021.9,1235.4
1022.5,120.33
1028.8,58.031
1034.2,723.53
1039.2,85.842
1039.1,454.95
1039.5,508.5
1041.6,32.861
1040.5,813.5
1050.5,541.77
1047,680.76
1055.2,141.24
1051.1,858.8
1058,462.26
1058,664.09
1058.3,848.16
1060.4,9.1818
1068.6,91.398
1066.7,582.76
1071,144
1072.7,771.98
1072.4,400.58
1095.7,73.525
1081.3,466.35
1086.8,115.26
1087.9,419.95
1087.9,634.73
1092.9,823.54
1091.7,32
1096.6,55.795
1097.2,669.93
1093.9,800.22
1097.7,163.08
1098.3,509.76
1097.2,465.14
1101.5,572.14
1107.9,803.95
1112,1229
1109.4,122.46
1108.9,459.41
1111.8,37.651
1116.1,697.58
1119.1,506.33
1117.6,22.955
1120.7,971.84
1122.8,771.47
1126.6,119.73
1126.1,54.302
1129.1,102.1
1129,245.5
1129.4,76.288
1135.1,152.74
1143.5,30.822
1144.1,71.125
1143.1,1238
1143.4,1189.4
1153,820.78
1151.8,316
1154.9,672.47
1163.3,578.09
1167.2,307.48
1165.7,889.13
1163.7,74
1167.6,1141.5
1169.9,21.083
1178,548
1178.3,504.98
1188.7,1197.8
1187.7,421.4
1185.4,866.61
1194,295.79
1196.8,730.62
1198.8,178.57
1200.1,400.44
1208.6,476.72
1208.3,94.22
1207.6,819.52
1208.5,335.5
1211.4,520.19
1213,22.443
1212.6,791.86
1220.9,250.52
1226.5,225.6
1224.1,806.68
1223.4,392.14
1228.7,333.66
1235.8,581.22
1236,191.5
1235.7,822.71
1241.3,556.59
1242.4,262.44
