24.229,52.679
2.8962,328.08
5.1609,380.54
11.178,455.49
2.6429,671.39
7.5776,856.81
8.1582,924.27
6.6769,1014.2
15.257,1234.4
54.081,737.83
4.2812,960.81
14.644,223.66
8.0981,1314
9.5446,1123.5
30.674,540.54
12.926,88.593
16.889,1.8333
17.895,880.58
20.442,77.419
24.571,611.57
33.204,105.74
34.421,816.27
38.4,32.96
44.634,195.2
39.5,1117.5
58.173,232.08
49.176,692.62
50.031,820.03
49.238,958.71
49.579,560.89
58.688,200.14
43.048,403.56
58.455,588.81
57.367,658.23
58.808,1110.6
60.447,510.02
67.925,68.59
77.768,667.49
62.462,863.6
61.952,1176.9
63.064,1256.9
63,434.5
66,966.12
75.792,106.7
72.699,401.29
70.833,427.67
95.293,459.85
74.125,1097.1
78.087,898.48
82.247,254.68
77.467,606.41
77.702,518.66
81.053,1055.4
79,370
85.757,542.68
84.805,407.66
84.667,624.29
86.103,952.24
123.33,1303.6
93.058,590.5
88,402
90.864,939.77
107.05,370.33
103.14,4.1633
109.27,676.88
109.38,845.9
118.16,918.22
112.5,1173.5
116.22,976.23
117.82,963.49
135.12,391.98
131.26,154.73
125.1,322.33
138.62,811.66
145.81,424.73
140.03,1156.8
133.71,905.31
128,1186
129.82,284.14
135.86,241.51
143.45,356.34
132,842
137.99,130.27
135.89,193.53
136,208
140.89,484.15
167.23,757.57
140.29,538.51
143.98,505.67
143.91,286
161.27,583.06
144.34,700
146.06,942.06
148.13,865.37
155.77,3.1831
151.37,878.83
153.52,490.53
153.87,19.661
156.41,983.94
158.71,1179.1
183.08,121.76
161,877
205.71,514.07
169.45,334.08
166.5,950.5
166,874
189.34,19.473
170.8,53.288
196.55,817.18
200.07,388.22
174.01,714.03
179.48,963.69
187.36,1237.5
182.66,989.04
181.47,329.17
184.98,659.27
182.94,485.41
194.96,1193.2
210.53,456.32
201.02,221.16
200.22,946.88
202.26,160.85
201.83,761
214.18,558.85
207.29,601.43
231.35,212.6
208.5,1247.5
211.92,503.58
232.4,1303.8
230.69,138.43
225.9,184.15
224.27,255.53
230.6,1095.8
219.68,243.4
219,230
221.63,297.81
228.54,757.43
228.09,931.04
234.95,57.563
226.9,271.84
233.44,679.05
324.49,809.61
231.18,479.15
230.5,717
234.88,1129.4
240.18,558.26
238.92,19.347
256.6,160.75
241.28,3.8261
258.02,592.97
246.54,1177.2
249.55,1233.3
257.46,197.37
265.1,631.96
251.88,1078.7
249.5,564
253.72,689.83
261.22,477.02
257.86,262.14
267.3,54.711
271.32,1160.9
274.77,1100.5
290.97,129.67
270.36,388.79
272.33,203
272.6,352.6
308.78,431.05
273.5,270.5
270.2,544.77
274.89,961.42
278.83,662.58
278.6,295.35
286.07,71.848
313.42,1000.2
395.8,181.34
290.93,698.93
293.3,1054.4
295.58,646.71
300.39,290.77
308.68,338.28
308.7,925.95
304.76,668.46
371.86,559.36
304.91,143.48
302.52,572.46
315.72,490.5
322.92,589.07
330.47,1074.9
320.22,14.851
319.56,215.2
330.33,828.57
332.96,905.6
356.95,78.028
342.56,292.49
351.95,142.78
339.72,179.77
381.23,433.94
342.95,675.43
373.51,480.59
349.19,925.71
345.5,334
360.9,1044.7
363.2,303.63
363.78,643.3
357.36,996.32
364.44,44.923
378.98,353.04
373.64,1105.1
367.89,626.58
388.26,327.48
375.19,494.28
373,627
378.53,677.31
387.9,1204.2
417.01,66.223
383.4,306
385.76,1050.1
395.38,618.37
390.6,964.25
393.14,102.16
395.5,1248.5
398.1,689.05
403.35,449.44
404.5,644.27
442.76,400.21
411.3,860.43
414.35,1002.3
435.68,303.04
434.16,643.29
421.85,603.64
422.57,1117.5
431.5,455.78
429.06,499.18
450.3,1319.3
448.54,1044.6
439.17,967.48
502.74,489.43
449.46,1078.2
455.58,571.6
460.63,72.482
482.58,323.4
482.44,946.49
458.5,359
459,1079.5
466.98,631.39
476.19,1259.5
472.04,385.31
470.27,719.94
465,585.5
469.73,1058.1
469.32,342.49
479.72,839.16
502.53,1160.2
474,1293
476.2,194.43
485.43,261.88
481.93,1107.6
495.09,520.25
486.85,900.24
490,235.79
494.68,358.05
495.26,927.1
500.03,83.325
498.21,905.22
504.08,297.31
498.07,1138.3
528.26,393.63
498.5,1237
507.1,4.8167
506.5,621
533.57,715.63
513.41,861.91
517.95,911.88
516.55,48.424
526.74,876.02
523.6,4.6
538.26,294.01
528.16,1210.9
530.33,917.62
543.01,170.28
575.5,1211.3
561.05,56.437
543.53,421.56
538,860.68
543.71,917.3
555.17,251.67
555.83,388.89
559.23,299.68
559.45,1072.9
564.55,358.57
575.36,881.04
559.96,1271.1
567.41,862.03
570.04,1147.2
574.35,166.65
569.48,301.91
581.5,1249.6
573.55,481.97
573.31,1283.4
593.82,516.59
585.3,1082.3
579.33,846.05
583.97,222.53
583.83,549.84
590.02,814.64
586.21,942.56
588.53,1027.7
586.07,1299
586.95,718.56
600.13,417
591.42,470.35
594.5,1042.5
596.92,272.29
611.23,696.51
613.09,139.91
597.47,878.17
605.83,909.94
605.7,954.88
612.33,618.37
601,844
606.68,668.62
611.11,192.52
635.6,544.93
613.44,717.81
620.74,55.754
620.44,472.71
638.16,882.76
619.41,29.139
625.99,313.88
620,1296
624.38,357.08
635.88,1311.9
657.43,1268.4
635.22,493
637.04,1204.7
639.14,176.07
664.74,598.56
655.72,164.17
649.41,668.76
670.5,650.15
668.87,381.34
647.64,710.67
654.96,1035.8
661.75,7.4967
655.17,1093.1
661.56,1066.4
670.59,913.29
673.81,762.37
701.19,197.51
674.5,935.5
682.59,24.412
676.5,271
682.06,335.35
682.61,367.74
736.65,818.87
684.08,683.85
718.04,948.77
685.6,189.79
691.29,1053.8
695.12,1274
709.86,1122
696.5,28
699.94,352.63
724.29,369.79
716.97,561.99
707.08,254.89
708.54,711.55
704.6,979.6
705.29,700.64
710.15,326.12
712.45,672.78
712.15,442.93
712.16,646.28
731.4,1017
711.6,174.6
717.41,1088
738.33,985.48
720.88,1291.4
725.97,279.46
731.55,1253.4
726.55,304.59
732.57,315.99
731.5,658.5
747.77,221.22
765.01,293.02
750.19,517.77
747.87,53.667
749.53,1181.9
766.86,551.06
759.78,659.78
771.26,90.874
759.59,378.49
760.37,969.36
753,1022.5
758.59,30.82
767.97,1156.8
768.58,747.27
783.1,479.91
765.55,249.2
773.72,1118.3
767,29
771.62,516.28
788.33,1029.8
781.6,1191.4
786.27,961.33
782,379
790.4,1165.7
795.37,593.56
784.5,326
787.82,383.73
799.63,505.42
804.52,627.63
807.7,1075.5
801.68,1127.2
810.08,555.68
803.71,538.02
811.38,152.38
809.18,391.22
810.86,1240.2
814.01,970.3
824.56,344.3
815.46,1014
815.59,1256.5
818.65,5.8862
826.12,432.52
819.51,719.31
817.14,609
818.08,326.08
823.73,1327.9
823.89,640.66
828.65,1028.1
826.5,1309.5
830.45,1258.5
832.05,670.92
830.53,1236.1
833.49,735.49
839.76,1289.9
837.58,2.7969
855.01,249.87
878.46,1230.1
840.58,794.09
839.41,34.941
849.81,560.17
899.83,1109.4
852.36,577.06
852.95,1134.4
874.88,725.55
861.74,1297.1
866.12,168.51
863.43,475.57
887.68,1006.5
870.01,569.13
872.68,604.57
869.48,428.78
875.82,1090.6
883.99,836.11
907.72,372.13
877.61,487.12
882.21,121.47
883.29,1068.1
894.59,575.36
908.57,610.84
902.84,227.69
888.2,265.24
888.1,641.25
908.08,452.96
894.65,171.58
902,1055.5
913,673.17
910.02,644.57
913.09,1180
914.41,1038.9
910.92,1072.6
920.94,762.32
920.08,813.95
909.98,1315.7
948.93,1149
916.35,288.15
919.06,491.51
925.55,297.63
920.6,567.6
938.28,202.45
925.55,1.7727
942.03,1045.4
927.88,1067.5
934,669.5
937.05,1264.1
953.66,947.26
938.79,1183.3
941.27,263.3
939.21,1210.6
945.02,315.22
940.5,561.5
941.68,701.18
954.88,1329.3
947.82,289.1
946.93,499.41
974.36,1211
950.39,1271.9
957.4,586.52
973.37,492.04
957.22,1173.9
968.69,776.2
956.66,1100.4
958.02,1115.9
981.87,609.23
980.02,654.54
974.08,821.98
991.19,676.43
985.26,1153.8
1001.2,452.31
985.74,1086.1
978.14,227.14
1033.3,875.62
981,1270.2
991.56,1311.4
982.09,1278.8
984.52,264.19
992.03,1056.5
995.33,770.69
991.03,1240.8
997.31,1108.4
1007.9,1281.4
997.09,784.91
1004.4,583.33
1005.8,438.1
1003,901.09
1051.8,787.12
1009,1.9355
1007.7,1159.1
1008.9,516.94
1015.6,906.55
1017.4,371.26
1018.5,541.4
1025.8,1073.5
1021.9,731
1032.6,27.563
1028.1,1281.3
1049.6,414.86
1027.5,834.2
1030.9,1226.3
1032.7,1326.3
1032.5,1179.6
1034.1,1308.4
1035.8,722.27
1037,566.5
1053.2,243.85
1042.1,770.14
1054.4,1101.1
1091.4,622.65
1052.4,514.1
1074,1022.7
1059.4,1270.4
1053,1188.4
1053.3,1048.8
1053.5,216
1062.5,1228.5
1066.2,348.24
1069.4,365.46
1069.2,889.45
1082.1,274.65
1081.8,1207
1110.3,127.7
1077.2,538.95
1112,1161.9
1085,388.72
1111.7,473.86
1088.9,863.35
1090.2,326.54
1133.5,909.47
1099.6,284
1160,460.04
1103.1,1038.5
1117.5,294.31
1112.9,975.64
1112.4,1029.7
1131.4,1094.1
1116.6,655.66
1123.1,741.64
1128.8,1042.8
1132.9,1178.7
1182.2,1025.9
1138.4,743.94
1146.8,541.43
1152.3,965.88
1163.8,1104.7
1169.2,1183.9
1173.5,1109.6
1177.9,534.39
1192,152.7
1185.1,407.99
1189.7,546.88
1190.7,582.42
1213.4,651.35
1205.2,383.42
1199.4,318.52
1203.9,563.64
1211.6,1108.5
1207.7,341.89
1207.3,759.62
1215.3,613.84
1235.8,300.17
1219.1,354.85
1225.4,753.26
1226.3,255.13
1229.4,453.92
1268.7,783.93
1238.1,521.1
1244.1,1094.9
1245.1,454.96
1251.6,533.02
1255.1,823.77
1255.3,30.827
1252.8,315.68
1260.9,920.74
1266.3,1059.9
1275.5,286.71
1266.9,73.293
1267,1110.7
1272.6,468.93
1273,1119
1307.3,510.22
1291.8,4.7216
1292.1,122.19
1294.4,93.677
1300.1,231.26
1298.3,610.27
1302.4,842.74
1315.1,155.04
1303.1,869.53
1304.9,980.34
1318.7,815.62
1318.5,1292.3
1307.3,689.86
1320.7,366.28
1317.6,2.8833
1320.8,890.21
1315.7,1034.2
1321.2,1080.9
1318.4,291.39
1323.6,303.4
1326.1,916.43
1328.1,571.28
1329.1,1157.3
1329.6,1138.6
