2.7368,800.58
4.3103,849.6
14.97,883.09
14,834
16,203.17
17.419,27.452
20.368,1123
29,232.1
46,1245.1
69.462,100.77
75,741.74
84.193,1149.1
84.116,932.88
84.5,912
86.5,798.5
100.95,575.15
111.11,560
110.39,845.39
112.89,1092.5
115.29,408.69
121.5,205
141.23,906.45
155.91,693.5
160.41,199.04
158.93,1220.4
161.64,297.5
168.08,82.408
175.57,749.95
188.37,369.37
198.99,79.523
204.5,403
210.05,933.56
221.23,831.21
223.5,1034.5
225.5,278.7
236.78,1096.9
254.59,832.93
261.25,376.47
261,1165
271,645
275.83,276
279.63,417.55
288.45,1110.3
289.91,804.91
306.68,505.55
317.69,453.14
319.95,592.18
322.79,293.5
352.82,284.4
363.25,93.236
366.47,61.718
366.89,229.58
371.83,893.88
384.08,89.5
395.94,273.64
397,669.94
401.1,505.51
398.39,1111.1
413.32,1137.6
407,864.32
410.16,240.5
417.96,742.74
438.5,194.5
441.33,632
441.93,1217.4
454.44,1027.5
460.69,1139.8
474,717
477.25,436.16
480,18
483.68,921.6
481,1222
485.4,169.02
520.09,950.91
525.37,1048.7
526.75,1068.4
531.26,1166.6
535.41,248.39
541.93,114.09
544.92,639.92
549.58,355.11
556.31,1084
568.39,419.64
566,882.5
567.4,660.36
580.57,135.2
585.66,519.06
589.06,692.03
591.01,299.71
602.58,186.11
605.89,525.38
624.91,709.09
637,80.392
637.76,587.9
642.37,891.52
655.17,924.11
657,1096.7
669.95,278.59
676,240
679.42,18.895
683.37,1237.4
701.12,370.88
701.85,1057.3
723.52,1044.6
724.17,46
731.55,164.43
761.17,670.62
766.91,209.22
771.05,860.65
790.07,1136.5
789.62,26.623
798.39,728.86
805.58,1002.4
806.5,497
810.89,515.59
818.5,709
840.64,799.2
840.05,1163.9
856.68,294.95
860.46,1060.9
867,672.25
884.82,743.15
886.6,514.6
894,505
899.93,1118.7
900.09,931.91
903,816
927.5,150.5
932.12,1016
954.33,2.8056
986.8,471.93
990.95,369.48
989.65,456.47
991.5,943.5
1002.1,476.58
1003.6,1006.4
1004.9,98.538
1013.1,635.95
1020.5,972.57
1022.9,922.75
1024.7,1000.6
1023.5,725.5
1038.5,1099.1
1041.4,910.86
1043,230.58
1047,982.79
1061.5,1057
1064.7,580.41
1072.5,768
1079.9,723.41
1082.6,820.62
1112.9,797.09
1117,977.5
1120,106.67
1118.9,950.08
1121.4,1038.1
1122.9,251.92
1146.5,693.5
1172.2,143.15
1178.6,1014.1
1203.7,131.36
1199.7,778.88
1206.3,202.34
1207.4,688.42
1208.7,1146.7
1211.2,8.9474
1217.5,628.5
1219.5,1210.1
1225,1139.2
1232.2,312.55
1236,161.49
1236.1,870.41
1236,106.33
1236.6,346.89
