5.8413,928.56
11.516,1213.7
26.353,73.5
58.519,309.66
61.93,549.47
73.71,1240.7
85,633
98.472,811.14
129.34,934.94
136.07,1109.9
136.84,516.43
138.83,810
145.66,1095.1
163.07,8.4746
175.02,902.1
183.37,752.86
181.94,1219.1
188.83,159.31
192.34,92.549
199.53,553.24
204.03,1029.5
205.09,809.91
212.54,773.93
217.33,1213.4
219.56,584.97
240.43,946.67
242.31,190.91
245.49,760.93
254.17,783
268.05,315.02
266.32,701.78
273.35,756.45
281.57,1230.5
291.15,824.83
302.08,555.8
304.75,113.19
312.11,1115.4
338.35,849.86
337.68,754.58
342.77,1209.4
347.37,375.3
352.31,1008
357.17,276.48
395.65,1224
401.61,87.139
402.37,1173.6
410.92,499
417.5,372.39
415,433.5
429.88,853.88
435.46,6.8113
472.61,842.18
495.18,1197
513.93,795.47
523.06,859.04
528.89,1138.6
533,60
533.5,780
545.57,309.87
560,39.5
559.58,200.68
567.17,644.04
567.04,833.82
569.29,554.44
570.91,671.09
588,1083.8
596.5,119
624.32,1066.2
640,775.5
654.5,376.22
666.36,472.08
667.12,705.12
669.65,354.94
696.78,970.46
706.26,1064.7
715.95,674.34
730.93,864.5
733.81,369.19
729.98,714.48
732.3,414.08
739,288.5
784.41,1246.7
789.29,401.24
789.5,169
794.27,544.35
807.46,497.19
813.02,393.05
814.41,1240.9
831.79,749.57
837.54,592.8
841.43,396.11
840.42,420.59
851.25,49.701
856.04,395.83
862.75,511.47
873.3,258.56
871,455
885.52,245.1
888.5,356.24
897.17,936.05
895.99,1133.7
907.94,162.44
912.22,545.77
918.91,303.91
919.71,992.55
925.05,649.21
932.92,499.59
950.5,941.5
966.52,23.596
969.08,375.01
975.62,469.88
989,1123.5
1003.7,993.96
1025.2,52
1040,461.76
1050.7,605
1056.5,961
1058.1,805.05
1074.8,829
1108.4,843.06
1116.1,595.95
1122.1,972.27
1119.4,83.471
1122.4,220.14
1135.4,887.16
1137.4,1102.8
1146.6,544.9
1153.9,1119.4
1159.3,971.56
1164.2,753.07
1205.1,1118
1207.4,65.105
1225.7,779.38
1225,834.48
1227,1246.5
1230.6,577.18
1236.2,1045
1245,908.55
1247.1,98
