4.7381,117.5
2.2857,395.43
3.5055,733.43
9.9,17.62
11.415,464.68
22.906,836.94
22.645,504.52
21.683,521.33
23.174,932.48
26.595,1034.6
30.535,1218.7
33.074,652.41
38.156,102.58
40.56,226.58
41.026,1114.3
40.557,691.52
41.421,251.89
45.824,59.482
47.537,201.59
54.204,996.09
64.737,575.75
65.747,1217.5
72.445,764.83
70.93,942.53
78.667,124.63
81.706,1057.9
81.159,626.44
85.113,523.11
87.5,466
91.633,573.63
100.89,461.62
108.07,677.41
107.83,835
110.7,529.04
114,573.77
113.26,59
124.94,120.17
137.09,258.38
146.72,507.61
148.34,380.08
144.74,833.19
151.99,967.66
149.46,567.44
156.65,1168
159.13,25.229
159.11,845.09
158.34,125.62
160.09,489.04
174.59,1085.9
181.23,724.94
177.67,881.37
179.66,649.5
187.45,588.03
197.47,375.28
206.02,723.43
211.44,27.139
216.85,1236.6
217.2,433.09
218.81,101.93
228.24,1043
229.48,619.98
230.87,933.13
236.94,472.17
236.57,1171.1
242.72,1220.1
245.59,809.99
248.02,712.88
255.71,149.19
257.93,845.81
258.1,379.85
260.79,1127.6
267.13,586.02
266.5,717.6
271.94,545.31
276.68,1236.6
275.73,37.654
288.25,999.37
290.21,20.299
299.11,467.74
297.01,826.85
299.58,265.84
305.25,631.69
302.46,254.41
304,242.86
309.67,340.47
310.2,843.89
309.54,1044.1
310.96,609.57
321.32,698.43
318.03,1004.1
320.89,753.86
328.86,1119.4
328.05,676.37
341.12,564.83
343.49,262.03
342.5,66
349.85,1199.9
358.58,2.2424
359,999.5
363.53,1244.1
363.42,460.11
366.46,505.06
367.55,689.51
371.22,1050
376.61,813.02
376.63,430.37
376,679
378.38,759.2
379.36,561.44
379.56,1195.9
383.45,1041.8
387.39,161.07
390.03,234.45
394.58,539.11
401.44,945.05
403.55,626.29
411.04,664.27
411.94,553.39
409.67,978.17
419.57,693.05
426.55,548.16
433.38,888.89
431.2,855.68
435.92,1145
444.67,818
446.5,378
452.22,44.84
454.02,124.57
462.4,253.11
467.54,437.15
471.62,195.46
479.25,760.76
482.32,37.871
482.64,69.369
490.9,156.19
499.26,1223.1
498.31,1246.3
507.22,921.43
516.36,35.777
521.03,728.81
528,44
528.27,602.23
530.42,982.89
536.55,956.61
547.04,828.58
553.81,497.61
553.5,357.5
565.31,967.77
563.99,19.644
572.91,513.78
569.96,426.74
579.4,654.67
577.15,476.85
580.95,555.23
583.06,462.16
581.02,1137.8
585.42,509.99
597,225.61
597.45,537.05
596.55,960.46
598.78,783.9
605.6,505.08
633.87,534.6
620.1,814.61
620.78,1074.4
617.86,117.5
626.05,486.45
625.44,236.08
630.6,619.6
634.05,889.37
642.43,1046.2
641.68,316
644.69,223.94
655.42,31.606
657.35,1134.1
659,407.5
658,1235
663.89,204.63
669.03,541.39
684.45,219.55
685.6,879.89
687.72,35.796
688.91,616.91
702.27,1119.9
711.22,373.32
708.31,200.05
710.8,904.08
712.91,948.4
719.68,86.415
720,729.5
718.46,1013.2
720.83,925.03
730.16,154.27
732.58,781.89
742.04,1094.8
741.43,1019
759.42,924.1
766.56,545.17
775.37,247.58
773.92,1062.9
786,806.5
790.16,598.5
795.11,1153.7
792,66.5
795.76,704.54
798.3,45.875
798,694
806.12,703.03
811.93,343.89
811.5,480.39
813.47,1153.4
816,300
820.1,543.27
822,1245
831.75,849.9
831.1,1238.8
843,828.5
854.12,1034.1
848.23,1155.2
858.74,692.02
866.63,101.16
869.36,27.277
866,178.5
872.06,647.88
870.33,687.14
874.21,189.95
878.11,955.94
877.12,424.3
881.92,892.85
881.46,928.93
880,1131.8
887.05,386.53
888.96,713.59
904.12,821.36
903.82,1088.2
910.53,114.71
930,864.75
930.14,1128.5
935.73,310.55
940.17,251.91
952.03,565.4
958.76,39
960,1184
963.9,156.62
969.22,911.3
969.84,317.09
967.6,992.93
967.79,698.9
978.43,541.46
974.86,961.59
974.93,72.392
988.09,1103.1
989.44,1002.9
993.38,587.76
996.38,1126.7
1003.8,1167.7
1010.7,415.5
1011.8,574.09
1012.5,810.19
1026.6,328.73
1025.2,487.6
1025.6,666.93
1025.5,898.22
1032.5,842.17
1032,97
1038.6,466.45
1040.9,796.59
1046.1,996.53
1050.6,73.548
1060.6,535.89
1061,586.18
1064.9,27.6
1080.4,214.92
1083.6,571.37
1081.6,429.33
1093.1,31.144
1089.5,111.5
1094.4,989.49
1097.6,1136.2
1101,558.5
1106.7,93.545
1119.5,1054.5
1122.2,559.1
1119.9,658.09
1125.5,581
1135.6,1011.1
1142.6,159.65
1151.5,508.39
1148.7,712.35
1151.1,801.69
1152.7,467.97
1155,840.65
1157.4,353.67
1162.9,728.73
1165,1161.7
1172.3,1068.7
1176.1,924.56
1180.1,338.84
1177.3,456
1179.5,782.93
1185.5,1187.7
1189.5,411.46
1198,806
1200.1,286.56
1205.9,188.94
1212,904.5
1212.8,530.82
1216,879.08
1215.6,385.92
1217.5,891.5
1221.6,1241.4
1222,1100.4
1231,780
1234.9,318.06
1239.5,993.5
1247.1,1140.5
1247.5,759.5
