2.3636,644.5
9.1343,454.74
5.9545,470.18
10.481,367.2
9.6923,975.58
16.558,476.41
16.446,57.938
18.125,1067.4
19.932,205.64
22.818,547.63
25.773,96.813
27.405,1194.6
32.429,634.53
32.686,1221.2
33.611,396
42,920.56
43.41,998.67
44,248.5
54.02,28.149
52.909,953.09
54.895,584.42
56.75,1097.2
56.667,984.83
60.161,908.43
63.436,967.07
65,981
72.356,517.64
74.964,986.04
80.192,1053.7
79.068,1212
83.893,578.14
82.25,726.83
95.816,817.65
91.736,736.11
91.074,766.41
95.444,675.17
95.5,567.5
98.518,720.61
99,426
106.72,1122.1
108.3,1067.1
110.93,1220.6
115.92,441.59
123.08,217.03
131.67,794.63
135.54,974.87
138.47,105.63
136.59,1192.9
137.92,947.59
139.55,1036.6
141.69,249.38
146.56,1204.3
147.7,52.5
147.74,859
159.76,123.16
152.14,344.25
153.5,712.5
161.18,1083
162.95,101.18
164.42,691.09
164.62,153.33
167.94,530.59
169.31,183.17
171.57,608.42
177.01,148.18
179.12,1080
180.9,128.84
193.75,145.06
196,1012
198.52,405.42
202.87,71.114
205.45,243.02
204,36.321
218.45,131.52
207,83
217.9,776.83
223.72,157.6
224.43,199.56
225.07,686.11
225.96,1143.9
230.84,9.0563
227.5,458.5
230.77,212.02
234.71,623.83
236.42,1207.9
239.64,305.85
239.4,1012.5
243.34,555.15
253.91,158.73
250.62,310.08
254.15,868.3
249.5,993.65
253.57,103.55
255,344.5
270.41,179.46
277.43,320.33
276,1175.2
285.77,561.31
288.69,836.9
285.33,906.17
290.93,280.31
295.98,430.47
300.3,300.65
301.7,472.18
298,1222.2
299.5,999.5
309.6,553.39
312.14,920.3
312.75,71.612
314.87,885.03
325.46,156.51
322.17,913.87
331,1078.6
336.23,569.98
343.68,514.29
342.26,1111.6
343.21,489.79
343.5,787
348.82,723.6
365.48,794.19
368.91,1125.4
376.26,706.7
377.94,1231.3
393.47,744.52
387.05,456.93
389.38,804.87
396.49,440.47
397.07,86.593
400.4,1212.2
406.06,487.57
408.95,1029.8
413.84,813.58
412.94,94.702
412,234.68
415.32,1203.4
416,317.5
420.89,874.37
422.49,11.137
424.18,457.21
424.88,687.18
428.69,37.192
428.64,365.32
429.36,382.66
432.91,757.89
433.89,1214.2
442.95,1079.1
440,1158.5
444,865.81
445.04,893.69
447.6,947.76
449.61,742.5
451.31,280.91
453,852.68
456.6,898.66
456.67,780.13
459.47,367.32
470.17,41.903
469.5,505.5
469.5,691.5
475,1235.3
479.59,971.08
479.75,925.51
481.96,991.26
498.79,541.24
496.5,666
503.37,324.4
502.51,613.89
509.3,848.67
514.06,208.38
514.62,958.87
521.09,324.97
524.24,174.54
529.29,537.5
533.23,38.636
530.34,314.62
541.99,467.12
555.5,388.5
564.91,786.3
570.4,918.6
584.76,82.78
584.61,243.86
588,141.5
596.2,403.8
595.29,495.16
594.42,754.11
600.24,425.04
596,1130.5
608,668
608,784.5
610.5,955
622.32,522.53
626.16,1010.1
629.73,1048.7
626.73,293.35
632.97,617.69
639.77,86.591
661.98,946.42
656.91,1111.1
665.26,203.93
667.55,99.471
681,975.75
693.77,1044.8
696.42,669.09
701.2,243.23
701.23,884.19
705.47,790.27
705.48,1008.3
706.64,321
709.5,139.5
717.02,1187.1
721.04,481.86
723.71,570.73
732.24,33.295
729.47,494.58
735.56,683.08
740.1,648.38
738.39,269.16
740.68,359.48
741.52,44.712
746.64,1116.2
752.75,212.65
754.5,289.5
759.39,1243.5
759.42,1120.1
766.08,1018.9
767.1,1034.9
770.32,726.78
787.05,657.08
792.5,1169.4
797.64,137.85
805.34,740.76
806.58,131.42
814.12,297.45
820.63,222.37
826.39,800.86
827.92,760.08
839.39,220.75
841.46,310.2
849.34,297.37
851.24,130.77
848.67,734
853.22,1003.4
859.22,650.27
865.95,1113.7
873.05,326.43
874.7,510.51
888.73,937.62
885.58,821.11
896.08,85.294
898.58,724.15
914.7,755.75
918.37,536.97
920.25,495.03
924.09,126.3
925.01,1242.1
936.42,269.42
950.05,804.9
951.19,294
952.56,636.97
961.66,279.2
963.35,685
964.38,827.06
962.73,208.53
968.31,643.94
969,937.5
967.77,997.44
969.13,1020.4
972.72,134.02
990.95,442.09
990.54,741.22
1003.6,625.92
1003.6,44.051
1015.7,756.69
1019,1238.5
1033.9,712.34
1034.5,414.5
1038.1,882.12
1052.8,706.51
1057.2,1128.2
1073.4,335.47
1077.1,1124
1083.5,810.92
1088.4,558.53
1089.3,508.56
1093.5,283.08
1092,594.9
1091.9,414.72
1108.4,534.23
1121.4,179.33
1122.6,806.5
1130,207.75
1135.8,425.36
1145.1,1238.6
1150,231.31
1151.8,598.33
1151.9,1018.4
1154.5,290.86
1156,877.85
1159.5,966.86
1157.7,742.67
1165.6,632.63
1172.5,316.5
1178.9,1004.2
1180.4,224.14
1194.2,994.68
1193.4,836.14
1196.8,1079
1204.9,1007
1206.8,1225.2
1224,666.37
1226.5,1002.6
1246.7,534.9
1246.8,611.12
