5.9231,138.89
7.5543,350.1
7,382
30.526,559.07
39.174,104
42.977,1202.5
49.125,160.62
57.73,786.65
69.1,495.38
68.78,1087
81.037,815.93
87.576,526.98
115.89,1242.5
120.35,87.691
123.42,422.11
127.69,154.07
137.85,555.34
141.6,425.11
148.93,235.2
149.39,64.861
157.38,316.45
165.44,147.89
168.52,1156.4
172.47,100.58
173.67,60.167
178.18,370.6
197.5,24.5
211.58,343.89
222.47,244.88
232.26,1201.4
233,309.5
237,359.5
248.98,194.05
248.53,634.95
251.32,241.59
255.5,2.3636
254.64,294.5
264.93,815.41
267.7,719.5
268.17,682
279.5,988.5
288.43,742.04
290.09,95.391
289.78,829.1
292.16,1040
290.5,298
308.78,159.43
318.93,865.12
323.77,45.462
325.51,878.74
329.44,335.44
334.08,1174.3
342.87,54.981
341.93,718.41
349.36,769.64
358.45,1146.6
372.25,1051
371.5,841
386,684.17
397.56,282.52
395.74,1119
417.07,1017.3
421.16,377.93
422.61,319.05
429.52,566.22
438.32,317.05
450.76,1088.9
452.24,194.78
450.14,421.5
451.11,500.45
464.06,715.91
481.91,220.94
487.98,1201.9
501.53,258.93
508.12,1134.1
509.74,1194.3
516,595.5
518.41,151.89
520.67,889.51
522.59,723.02
530.41,119.41
538.07,195.59
545.11,508.32
553,342.25
558.43,16.146
555.52,323.22
566.47,831.32
576.35,521.5
593.88,149.8
594.97,44.158
597.08,32.56
606.53,1232.5
612.51,1074.4
611.46,201.78
614.58,248.89
625.08,6.5442
621.68,327.95
624.72,1013
633,219
634.15,573.46
655.46,308.94
654.5,458
657,114
661.68,848.12
661.42,518.48
675.3,56.5
681.91,891.91
697.54,1049
704.9,31.814
714,42.5
714.09,272.91
720.71,229.71
724.87,399.03
735.22,60.706
732.5,180.5
738,184
751.54,482.57
764.74,353
770.37,543.37
770.67,217
773.5,864.5
773.92,59.56
775.09,108.91
775.5,953.5
783.03,799.63
793.96,1126.5
792.28,1231.1
802.44,10.077
807.18,670
810.01,932.43
808.56,1029.1
811,330.25
820,4.9674
821.3,736.93
820,367.5
828.05,36.196
838.25,1070.3
842.58,135.89
845.34,998.15
847.27,570.35
864.53,1025.8
869.14,1218
887.5,138.5
894.19,903.23
903.48,893.74
898.93,999.41
902.08,1144.9
910.42,467.32
938.77,1183.4
944.05,935.68
943.05,95.833
945.45,492.97
949.71,1149.4
974.55,454.97
984.11,39.63
988.37,558.63
993.64,1147.7
998,958.92
1000.2,873
1002.9,642.4
1031.5,855.69
1035.9,1165.8
1039.3,741.81
1042.1,116.45
1043.1,822.91
1055.6,1158.1
1063.3,293.06
1077.8,827.95
1081.4,230.59
1083.1,525.5
1095.6,587.91
1096.5,916.26
1105.2,512.97
1117.5,252.27
1117.7,638
1119.5,450.5
1124.1,907.59
1127.1,1049.9
1147.4,478.66
1143.2,1188.2
1148.9,903.5
1153.5,169.47
1173.9,869.15
1183.3,850.71
1187.5,39.11
1187.7,923
1191.2,361.46
1197.5,666.57
1204.6,1029.4
1205,699.31
1210,1142.2
1210.5,723.3
1219.2,63.714
1220,21.97
1224.1,1232.5
1242.4,1142.2
