2.4211,87.895
2.3438,140.22
5.92,505.56
11.739,1138.1
12.07,1013.5
18.324,567.55
16.939,419.31
18.455,940.73
22.049,1222
21.444,168.75
24.273,198.45
26.962,45.173
28.909,109.91
34.983,56.756
35.52,373.77
38.5,162
42.299,957.85
48.655,543.45
53.094,1160.1
55.5,559
59.239,823.63
59.566,894.49
56.421,978.11
59.5,1057.5
64.747,1089
66.367,999.37
69.389,907.39
72.684,220.06
73.613,772.39
77.333,311.03
82.615,632.62
82.344,900.62
98.046,59.377
94.403,103.11
97.048,898.97
97.276,396.5
99.81,230.98
101.01,480.19
102.89,714.87
112.88,454.39
110,1049
114,335.5
121.14,594.56
126.62,116
125.69,659.91
131.4,330.6
134.74,724.53
142.86,1022.5
141.93,1225.6
149.4,694.33
148.13,1074.1
164.44,688.08
164.91,1118.9
167,94.5
169.71,474.89
177,10.5
189.21,57.263
185.83,791
208.36,127.72
209.14,661.57
218,270
225.14,563.14
226.48,125.28
229.44,758.08
234.08,261.51
231.5,657.5
234.16,473.43
232.5,1087
235,298.25
241.94,1159.9
240.82,456.66
249.21,620.39
253.13,26.806
255.63,213.7
257.42,846.11
265.68,547.55
270.21,687.5
272.36,892.68
284.2,615.24
281.17,937
283.62,1135.5
282.58,75.895
286.4,491.36
289.42,223.45
299.53,769.76
314.91,723.5
316.58,121.89
320.34,340.53
324.25,942.39
327.55,656.69
328.5,462.5
336.47,251.16
337,615.5
339.86,207.97
341.05,852.93
345.37,826.75
349,808
355.19,306.53
360.21,162.14
367.02,699.19
370.84,271.8
375.29,322.32
372.58,413.11
373.58,991.45
378.19,1194.8
381.27,805.35
383.42,565.02
392,55.5
394.17,813
396.62,722.38
396.41,895.9
405.75,196.19
404.86,497.5
412.96,1044.9
410.82,1101
420.91,935.09
433.5,571.5
435.73,984.37
436.13,1206.7
437.93,198.53
449.87,565.79
453.75,248.95
466.07,892.58
474.93,734.96
481.66,660.48
489.99,810.17
488.08,1076.5
488.88,222.69
492.14,587.61
498.38,341.1
501.46,1073.9
504.91,537.91
508.68,329.58
509.59,1004.2
514,603.04
523.6,987.49
535.48,267.63
533.38,649
534.85,294
535.96,792.81
541.6,553.4
548.46,282.82
546.1,1150.6
549.43,53.624
548.06,665.18
549.5,377.5
556.27,1126.7
574.35,1100.8
573.34,42.356
575.32,471.78
586.5,541.7
592.82,845.01
589.61,1123.9
594.17,434.15
590.95,786.32
598.24,1078.8
606.33,128.6
605.59,1203.1
616.48,620.06
621.33,583.11
631.01,735.35
635.04,27.531
634.88,453.12
640.5,830.78
644.34,310.93
643.63,504.63
647.67,244.33
665.5,447
666.21,1075.5
674.8,219.89
677.7,1184.2
680.8,858.91
684.85,313.58
686.88,1199.4
693.12,628.35
701.07,232.93
704.47,733.77
720.55,865.56
721.15,910.73
721.91,373.09
724.53,314.27
727.09,1025.2
727.12,954.85
731.42,930.65
735.8,819.18
740.44,195.64
737.66,9.5862
738.83,363
750.53,43.478
757.38,80.904
755.5,119.5
754.93,237.41
761.18,542.64
766.06,1198.7
772.87,862.13
775.65,165.5
780.66,1096.2
793.07,793.59
797.98,634
801.83,294.35
802.31,41.226
807.97,659.24
833.38,304.24
831.09,783.09
837.48,748.04
843.47,344.93
843.38,1163.2
842.66,716.23
850.74,1109.9
851,1020.3
858.07,605.47
859,648.7
870.47,484.72
873.5,250.5
879.84,877.07
887.21,342.65
893.24,899.33
898.26,196.64
895.93,386.18
896.88,812.23
921.23,713.14
922.07,194.41
923.38,776
926.91,443.91
929.42,791.89
936.09,125.75
933.69,363.91
935.24,618.5
944.5,731.5
947.86,310.7
961.05,42.891
960.23,546.11
964.86,192.74
962.91,722.6
964.18,1068
977,921.76
981.65,738.5
982.9,286.62
987.5,855
1007,708
1015,513.83
1020.2,1058.5
1024.7,839.85
1026.4,1029.1
1036.9,41.586
1041.4,957.02
1048.5,473.93
1052.7,1074.8
1053.1,619.57
1061,237
1061.2,883.47
1063.9,110.5
1071.3,202.06
1075.1,644.08
1080.6,391.91
1079.5,951
1084.9,1204
1087,577.11
1090.1,972.11
1098,441.8
1102.7,1154.6
1113.8,265.02
1116.1,36.81
1125.3,286.93
1130.1,892.35
1142.4,164.89
1143.9,883.59
1148.3,248
1156.6,680.18
1153.7,693.38
1162.4,37.825
1163.3,316.8
1166.5,388
1175.1,960.92
1180.2,494.35
1202,215.68
1217.3,537.27
1221.3,415.82
1219.3,571
1225.5,12.602
1240.3,975.31
1235.3,784.94
1244.3,841.56
1245.5,559.71
1246.8,226.69
