4,688.32
20.046,558.81
21.421,277.89
24.683,784.98
43.403,187.11
54.71,284.45
56.34,608.23
69.742,335.62
68.925,628.2
77,174.5
87.576,725.42
108,194.5
104.42,688.89
117.26,1088.1
125,338.5
129,984
134.47,1194
139.06,143.45
153.02,201.07
165.11,916.5
167.98,83.189
185.05,1165.3
193.11,312.56
200.39,136.39
201.46,690.67
202.19,618.93
205.04,943.1
212.16,1122.3
229.85,1127.2
242.02,707.6
251.2,46.443
277,384.83
289,1073.5
296.56,436.92
304.39,928.14
308.83,226.43
312.44,315.83
319.57,1096.1
341,779.5
349.21,437.69
354.36,521.56
367.5,57.5
381.57,489.02
380.76,220.46
380.5,1129
390.18,912.18
394.39,440
398.5,1084.1
403.29,66.286
417.41,1197.6
422.04,605.72
426,6.5
433.6,1194.7
447.82,903.75
455,316.82
463.03,1221.6
500.5,7
514.93,1075.4
518.41,249.93
522.5,931.5
529.96,88.871
556.24,408.41
565.37,787.63
573.27,1190.3
573.88,125.5
590.3,1177.4
586.61,500.14
598.96,300.12
606.42,597.55
612,1126.8
617.76,311
623.55,1182.3
636.27,25.386
638.81,546
670,306
669.26,856
668.58,1181.1
673.92,894.98
678.44,1212.7
677.65,1091.1
680.58,1135.4
694.04,327.26
695.96,479.56
700.44,1075.1
702.93,198.41
713,993
729,305.83
732,193.5
737.34,1176.4
754.03,167.56
755.5,238.5
766,1019.5
770.5,1089.5
787.42,3.1053
795.75,169.19
805.85,386.35
818,254
825.13,439.11
826,37.5
825.81,1073.9
828.45,1144.4
835.67,806
843.5,786
857.07,25.471
856.15,87.462
857.08,423.05
867.5,566.5
870.1,941.62
884.41,1092.9
887.56,1074.9
904.38,964.28
906.89,255.8
929.65,682.45
940.62,1123.7
947.3,200.09
946.3,709.7
946,981.5
951.58,351.89
955.44,1125
956.39,76
978,886.5
985.97,1128.9
988.41,1167.2
997,879.5
1028.2,770.05
1037.1,720.7
1045.9,427.67
1048.4,129.67
1049.1,918.14
1058,828.75
1064.2,161
1073.1,508.91
1083.4,1136.9
1105.4,1167.2
1105.4,538.58
1111.2,1044
1121,732.36
1126,143.43
1126.5,945.1
1126.9,640.82
1134.8,266.61
1142.3,63.522
1143.8,462.89
1145.4,143.1
1152.5,854.46
1160.3,556.38
1167.9,411.94
1175.8,1242.1
1188.3,140.1
1194,13.805
1197.7,818.17
1215.9,690.6
1230.3,1123
