1.8571,732.62
11.826,765
22.901,1241.2
33.098,266.92
33.533,706.43
44.5,1232
39.364,562.5
44.083,360.08
51.8,842.56
56.734,953.01
55.306,604.06
57.611,1110.9
66.439,875.87
66.412,42.206
74.044,351.27
77.052,1055.5
78.963,788.85
81.421,174.11
87.349,156.72
91.765,369.93
100.99,1188.7
101.4,1087.1
102.48,694.55
104.46,567.3
107.61,383.02
117.02,478.95
122,380
129.28,336.89
128.84,872.9
127.41,22.776
127.7,679.78
128.17,1117
141.47,1014.8
145.5,850.07
174.95,492.91
175.5,686
180.5,834
184.38,1032
185.44,1180.9
194.19,405.33
193.09,862.91
196.44,789.83
207.11,688.58
212.64,53.42
223.79,1219.4
223.36,501.45
226.23,925.6
228.07,557.41
232.66,92.585
241.67,790.78
250.52,845.6
255.82,235.13
261.43,564.26
256.12,763.71
257.64,686.39
258.12,1121.4
263.28,390.45
261.58,507.55
276.76,35.285
277.06,638.76
281.04,802.47
280.78,1054.6
284.05,782.13
292.12,930.04
290.21,1219.5
303,1156.5
310.48,1032.4
318.01,338.12
322.66,1141.5
328.86,905.03
325.41,389.07
329.15,777.53
343.88,1095.9
351.59,762.08
347.75,1031.8
351.36,142.08
359.74,26.593
366.66,1233.6
371.98,5.4516
375.9,411.67
378.3,482.81
377.95,1178.3
385.27,544.2
381.91,980.09
383.58,1002.9
389.42,863.42
392.84,395.49
398.63,937.44
408.55,229.24
410.04,682.69
410.56,324.97
410.5,611.5
413.71,752.85
413.39,709.71
420.42,870.15
434.25,593.06
438.12,119
446.84,254.64
445,999
446.18,731.05
448.96,640.54
450.85,1109.2
454.77,677.37
470.88,38.773
470.61,179.14
470.43,706.95
473.14,1172.5
480.9,729.1
483.87,773.87
489.77,563.67
489.88,1077.5
504.24,152.79
512.95,50.791
517.79,460.76
520.38,1240.5
520,306.17
521,856.5
525.91,1037.1
531.69,350.21
531,98.25
534.55,820.02
534.83,1181
542.9,1236.1
543.52,456.94
539.93,846.59
553.37,900.37
555.28,999.83
560.91,535.02
558.5,617.5
567.07,815.05
576.5,727.95
577.5,145.28
577.39,828.39
582.57,233.14
583.56,1198.9
589.78,421.57
601.22,353.82
598.09,843.91
602.2,4.35
607.96,1036.9
607.07,786.59
611.34,575.85
613.93,2.7391
611.11,13.421
613.58,821.77
617,1008.5
621.23,956.13
624.5,1030.5
627.5,197.4
626.17,4.0732
627.61,356.76
634.07,570.51
635.97,1209.7
643.71,477.5
647.34,555.55
650.12,231.88
649.5,685.5
661.1,580.18
659.93,656.05
664.03,683.78
669,695
673.13,124.13
677.06,1162.4
677.02,1228.6
679.86,1041.1
682,609.5
684.46,231.35
685.18,813.6
693.74,352.15
696.61,422.69
698.94,468.96
704.75,874.61
704.16,1115.6
725.67,587.95
732.75,468.78
735.83,252.07
736.44,633.92
738.32,1146.8
750.18,750.89
750.22,723.15
756.82,224.16
758.09,1079.4
756.58,210.89
762.21,295.27
763.39,649.13
769.65,2.3667
769.83,813.3
778.57,1095
779.47,532.28
780.87,762.56
788.7,751.8
789.68,775.85
790.32,1014
795.07,349.59
799.91,190.09
811.47,6.9032
810.61,615.86
817.73,882.99
817.73,173.93
833.02,645.96
831.8,69.976
846.21,726.64
846.66,57.385
849.45,1219.1
848.4,862.27
853.89,747.65
857.14,728
858.17,879
864.34,1168.4
875.67,255.75
873.91,565.09
878.47,1026.2
882,98.826
885.91,456
888.39,351.14
891.56,975.94
888.42,1033.4
901.56,824.55
904.03,1101.5
906.25,260
906.09,1235.1
911.36,495.07
913.66,460.5
920.21,128.3
923,932.5
926.9,719.62
929.61,367.3
929.98,1185.5
939.06,632.44
940.09,514.09
941.58,850.11
949.65,672.4
949.5,1118.6
950.5,360
956,319.5
959.91,396.23
964.39,986.16
971.02,239.59
970.93,807.05
975.08,1174.9
979.39,1230.9
986.63,2.2593
989.37,299.24
1003,76.5
1012.8,693.11
1010,222.5
1017,396.33
1021.7,474.8
1022.8,490.86
1024.5,1102.3
1031.4,911.03
1033.5,176.5
1037.8,641.67
1040.4,1001.9
1038,1214
1043.2,28.85
1045.7,180.14
1047.5,954
1060.5,203.83
1056.8,424.07
1058.5,36.069
1061.8,563.4
1065,4.2405
1064.3,440.85
1081.4,824.68
1081.9,1009.2
1080.2,859
1082.8,482.25
1087.9,111.17
1088.2,635.81
1086,998
1098.4,470.47
1109.2,359.61
1118.1,605.37
1123.2,753.67
1122.5,366.78
1132.5,155.07
1141.5,677.1
1146.3,576.65
1146.6,246.28
1149.1,228.94
1155.5,912.45
1157,349.32
1164.6,9.5461
1166.6,534.92
1174.5,788.61
1174.2,339.42
1185,282.04
1186.6,648.83
1197.5,1232.6
1199.6,247.59
1207.3,330.69
1212.1,63.062
1209.5,791.67
1214.8,1229
1214.6,1066.1
1224.7,995.94
1231.8,376.56
1245.4,119.67
1246.1,384.41
1246.6,1215.5
