6.1055,284.49
3.2857,394.06
3.5,456.74
3.631,921.38
7.2241,368.88
13,401.74
34.552,295.02
35.718,582.44
38.539,329.12
39.057,1225.6
47.115,736.18
43.5,470.5
54,96.826
55.19,339.93
57.415,326.09
59.094,965.5
57.5,1105.5
79.669,656.73
80.5,64.235
87,679.68
99.064,765.08
100.93,283.59
105.46,386.92
115.22,5.3377
116.42,333.58
118.07,86.414
120.85,370.73
121.61,52.861
129.67,887
137.37,1133.4
148,269.25
148,940.5
163.23,7.7158
169.41,456.86
164.5,394.5
168.12,342.94
173,1088.5
205.53,745.5
202,973.24
218.74,582
220.87,677.26
223.87,240.74
224.58,623.89
226.39,1093.4
228.53,1113.6
242.28,178.28
255.2,260.25
262.47,635.86
262.75,751.61
261.5,295
278.57,42.147
279.91,181.91
293.08,483.56
315.92,552.39
338.39,151.53
337,764.14
347.4,906.36
366.11,592.83
365.17,635
380.4,144.5
390.37,1022.4
403.14,1005.1
405.56,661.56
413.13,103.83
421.36,711.55
428.44,1122.3
427.44,479.83
429.91,332.09
432.6,960.9
440.85,484.94
448.5,579.5
455.14,1065.5
456.99,1198.5
473.29,1082.2
496,940.83
522.91,1231.6
528.78,552.63
532.32,494.35
546.08,509.67
542.58,660.89
569.42,1024.6
583.77,803.96
595.69,404
600.5,148.95
604.16,1142.4
609.69,615.07
609.34,1209
626.56,271.78
634.15,252.54
640.53,347.33
641.86,694.21
665.75,153.05
664.41,507.46
667.5,567.74
669.05,264.83
678.18,382.36
683.47,879.56
687,207.5
697.42,266.42
699.39,1225.6
704.46,1201.1
706.19,419.39
710.16,191.99
716.35,1083.3
726.59,361.34
726.29,203.45
728.72,708.57
727,906.33
735.12,346.25
737.37,987.13
737.5,443.96
746.39,967.98
755.22,638.86
755.17,853.31
755.39,235.02
756.5,921
767.7,610.05
783.47,397.16
809,694.5
835.6,461.11
862.93,1031.6
867.91,1078.1
871.5,991
877.61,665.99
878.5,372.63
883.62,536.6
887.08,374.73
888.47,719.29
890.68,349.4
891,1052.5
895.3,914.67
899,739.5
901.91,443.91
905.33,286
910.38,801.35
909,316.32
916.88,999
929,610.94
938.12,500.1
950.71,1192.5
949.31,495.17
954.42,653.33
956,509.16
958.87,534.55
958.56,361.08
976.53,96.558
978,402.18
983,318
997.33,100.44
1012.8,559.5
1028,759.93
1025.9,1202.6
1040.1,567.58
1075.5,1159.8
1083.1,1105.6
1088.1,513
1101.9,143.05
1102.6,607.93
1107.4,158.25
1106.6,376.84
1122,423.24
1122.3,181.58
1121.3,835.29
1132.4,222.16
1133.1,764.57
1154.9,73.994
1169.1,133.34
1177,112.5
1193,1041
1198.6,128.53
1203.8,553.7
1224.9,978
1226.1,300.41
1235.9,852.59
1238.1,885.09
