3.1429,411.16
3.8261,705.07
9.4472,642.68
22.117,1103.5
23.667,710
29.932,111.2
28.322,524.86
36.35,75.325
37,251.76
37,781.32
43.39,825.3
43.79,717.19
47.65,691.7
56.785,955.74
57.09,413.67
59.333,856
68.794,207.97
69.679,585.36
75.972,296.9
93.039,136.39
94.074,1115.4
94.421,1183.1
100.86,417.73
105.34,827.97
111.78,34.411
120.94,966.09
127.39,1063.2
124.45,463.29
126.47,555.49
123.95,628.65
129.13,906.66
133.84,1223.1
133.65,544.88
137.48,1138.1
142.18,1056.2
149.63,28.142
160.46,646.46
169.57,992.61
175.67,744.46
178.67,848.87
182.61,1167.6
196.62,686.08
198.1,976.7
203.46,1186.9
207.7,370.24
212.35,1022.9
211.5,1201.5
231.06,876.57
231.42,166.56
236.36,176.15
244.25,17.657
246.41,944.96
247.21,171.72
249,179
255.93,1107.2
257.41,574.62
253.63,893.03
257.92,1043.7
259.34,151.62
261.42,451.45
264.61,464.86
283.78,561.45
288.78,1227.4
288.58,841.21
295.8,32.24
298.5,320.5
306.76,1056.6
312.44,708.92
330.89,570.56
330.5,1133.5
334.63,636.56
335,321.5
340.69,48.044
340.95,334.35
352.35,1085
354.66,224.78
352,626.17
357.15,917.35
361,1067.2
366.13,551.91
367.35,678.72
376.83,407.78
376.61,624.14
386.47,554.57
400.68,990.2
413.4,977.83
431.64,955.27
439.53,1226
443.01,557.87
450.42,766.42
451,107
455.85,144.93
455.61,295.64
459.4,195.89
458.63,1085.1
460.42,512.89
463.91,379.91
472.14,1154.9
484.33,1078
487.79,297.5
492.62,1208.1
495.06,785.89
496.17,262.57
508,1088
513.67,652.14
517.12,880.58
514.82,1049.6
535.17,1090.7
536.29,1005
538.54,606.6
551.33,441
553.69,1164.9
561.34,299
564.52,91.667
567.04,68.821
575.4,41.663
576.5,1135.5
578.5,1228.5
582.96,370.75
596.59,204.48
598.6,1125.1
604.02,1000.7
609.92,73.541
620.89,329.86
623.59,655.55
637.7,143.69
642.56,772.97
640.5,1011.8
640.09,1229.9
646.9,4.019
650.71,220.5
652.18,661.68
658,342
663.02,177.82
659.85,855.54
663.5,518.5
678.45,948.14
678.36,380.25
680,865.35
690.79,188.02
692.97,245.3
692.85,661.46
705.07,847.59
707.61,223.86
713.74,544.47
728.49,818.45
730.75,1218.7
735.18,190.15
731.93,872.59
733.08,916.92
736.6,92.887
737,1178.7
738.66,762.41
750.4,1195
751.26,95.926
755.4,893.89
759.07,558.77
759,848.08
765.87,361.28
766.21,605.83
767,831.5
767.93,870.19
771,507
773,625.68
776.54,1171.1
791.24,818.61
788.32,639.47
787.33,740.33
788.64,544.47
792.76,1160
799.86,678.57
822.73,703.76
829.53,454.22
831.08,81.2
833.5,111.5
838.33,728.22
846.69,513.98
854.1,443.38
853.93,1057.9
873.03,371.56
875.37,484.97
880.12,611.02
880.68,436.41
893.91,150.24
891.75,279.97
889.5,546.5
892.92,1222
893.09,611.09
895.84,1129.9
898.55,522.59
918.71,34.31
924.91,337.09
932.42,1235.6
934.8,375.7
945.41,671.84
950.28,448.95
949.96,510.54
956.8,486.27
956.22,1120.5
960.74,1086.8
970.04,879.65
960.87,220.13
963.43,274.91
964.5,988.5
967.06,199.94
973.36,98.911
978.91,1151.5
986.6,325.64
989.26,311
996.11,429.96
997.97,1193.7
1009.7,126
1016.1,568.8
1022.4,829.88
1021.6,383.45
1025.9,34.153
1030.9,726.03
1040.9,965.53
1041.4,110.78
1046.9,832.36
1049.4,1064.1
1056.9,266.54
1058.9,738.91
1072.9,438.89
1071.2,384.27
1091.7,320.38
1099,972.12
1102.9,401.37
1104.4,1184.6
1110,552
1110.7,637.5
1109.9,896.95
1112.4,994.63
1114.6,98.699
1122.1,30.914
1119.4,1172.4
1122.1,1210.4
1128.6,721.26
1129.4,1154.5
1141.2,510.71
1138.4,1237.1
1143.9,1198.9
1148,152.2
1151.5,1178.7
1156.5,688.34
1155.1,521.63
1153.9,1192.1
1156.1,600.55
1169.7,360.46
1168.9,1206.5
1168.1,689.11
1177,688.22
1177.1,1126.4
1185,1238.6
1189.9,978.39
1192,12.5
1193.9,616.98
1191.8,1141.9
1199.9,501.67
1197.8,830.08
1216.5,824.89
1218,361.5
1228,29.25
1236.7,645.21
1241.4,685.14
1242.9,902.08
1243.8,1078.9
1245.5,1245
