9.4286,399.91
14,817.5
58.688,460.04
73.568,613.05
76.09,997.11
100.58,269.58
104.16,852.75
140.31,662.67
147.75,449.66
171.46,429.52
179.37,1041.4
189.37,490.61
200.69,858.45
209.15,168.46
210.5,1160
215.79,1178.4
217,832.5
219,1036.5
290.46,329.5
345.24,1160
375.91,757.91
407.73,8.5517
414.43,1029.6
415.54,220.97
423.37,1063.5
426.41,37.726
422.58,467.11
440.52,599.28
442,382
455.8,1246
465.54,743.09
471,398.67
470.5,1016.5
475.69,407.54
481.73,1246.2
485,64.756
485.96,1172.9
487.59,444.5
487,1109
492.16,740.57
496.63,1156.5
498.65,466.25
520.1,1186.3
518.96,51.429
549,396.75
551.19,817.07
559.44,529.54
562.75,1164.6
594.5,902.5
597.54,887.58
607.83,189.03
638.82,1179
649.5,827.12
656.23,900.2
668.93,623.59
684.29,20.61
689.62,891.91
701.61,14.389
719.22,948.47
733.09,231.87
764.88,281.27
776.42,220.11
782.9,1146.5
786.66,921.02
796.71,1125
796.25,747.17
798.15,1114.5
807.55,379.42
859.21,495.81
860.55,679.85
862.59,438.07
866.46,1222
871.56,797.75
871.5,391
887.31,421.13
897.93,395.59
908.06,262.91
909.88,398
911.76,1047.7
913.49,667.09
938.07,1122
952.59,1136.6
971.31,1219
975.62,676.66
997.08,252.11
997.08,116.92
1000.9,844.88
1001.9,711.5
1031.4,508.88
1031.1,441.09
1046.2,901.23
1052.9,756.41
1082.2,515.62
1101.1,630.14
1108.1,1104
1135.4,666.49
1157.7,1108.7
1161.5,1087.5
1179.6,664.69
1178.6,1006.1
1193.3,417.8
1215.9,534.93
1231.1,1030.9
