2.3214,893.71
2.2941,955.5
2.7021,1061
11.5,857.5
19.833,785.07
21.5,810
23.33,1120.1
21.826,1178
26.576,1191.6
32.031,228.96
29.255,879.88
32.891,524.63
74.621,498.05
77.683,739.65
77.909,550.09
80.292,1128.4
86.344,929.47
103.53,572.04
102.93,1063
108.5,1001.5
111.48,776.79
113.32,557.27
113.5,843
116.18,1090.6
117.79,406.18
123,310
129.5,314.71
129.16,385.43
144.62,903.54
147.7,645.5
151.5,43
150.17,159
158.37,691.37
161.55,1224.2
173.61,13.183
180.47,429.53
187.17,959.1
188.88,1163.9
196.91,875.91
201.75,74.86
208.5,453.5
212.9,931
226.34,828.02
228.53,275.61
246,788
249.59,279.5
254.88,552.79
255.22,804.62
257.88,830.36
260.44,178.73
258.94,1026.1
261.61,953.55
264.52,373.4
265.46,560.07
271.25,222.19
282.54,415.53
303.59,120.69
309.18,502.66
321.5,670.86
322.67,590
327.5,1132.5
329.32,914.22
347.42,692.89
356.6,281.33
362.46,1101.3
366.09,90.349
366.55,205.31
370.55,227.17
374.56,891.52
386.65,87.115
386.87,145.39
390.5,731.85
391.69,1094.5
393.5,591.5
394.5,142
399.17,270.34
399.98,667.62
404.14,502.52
410,14.5
410.5,262
412.74,237.43
419.21,1138.2
421.84,575.7
432.07,220.81
435.9,256.62
444.66,1214.1
442.73,510.65
445.14,627.44
457.43,1024.3
464.38,1136.5
471.42,785.89
475.07,410.41
484.4,1218.4
488.37,166.23
488.58,986.55
490.38,706.88
494.04,194.87
492.04,267.85
501,629.83
507.87,136.87
515.08,46.2
516.8,655.09
520.22,948.22
522.92,885.56
527.54,1046.6
529.34,1064.5
535.28,1163.4
538.07,245.53
540.58,427.45
545.3,110.89
546.96,258.43
550.58,784.42
551.15,863.54
560.5,534
570.76,416.86
570.27,879.39
573.83,1236
577.77,459.37
588.47,516.45
590.41,920
590.63,68.169
596.06,354.41
599.08,825.59
598,1216
608.31,522.77
611.07,1205.9
613.44,109.83
631.5,1133.5
635.45,193.47
639.63,588.42
639.58,77.983
660.5,1093.7
669.03,1208.9
669.54,180.86
679.37,236.83
682.15,15.268
685.33,435.98
686.34,1234.4
691.57,250.98
699,173
707.21,369.57
706.7,213.61
712.48,540.85
712.5,598
714.43,484.61
723,1123.6
724.47,660.07
726.8,1041.9
730.5,199.5
750.75,515.81
752.13,1243.1
758.32,592.27
764.27,668.1
766.94,993.08
769.6,206.31
774,857.75
774.91,502.09
779.43,819.47
786.6,1194.9
808.88,1000
815.25,404.48
822.85,1035.9
827,890.67
829.92,602.2
832.38,852.16
830.5,249
832.96,334.06
836.95,136.73
839.97,797.44
845.05,422.53
842.58,1161.9
849.18,70.771
860.5,292
863.5,1018.6
868.9,1061.7
871.14,1190.1
878.91,789.25
881.52,51.433
884,843
885.5,462.39
887.5,741
889.87,511.08
888.84,219.57
914.5,294.5
924.5,1241.9
924.75,770.83
930.62,147.01
930.36,476.43
934,698.5
952.27,1185
954.3,398.49
962.44,196.99
970.5,8.5
975,631.5
982,771
993.21,453.87
994.12,366.64
1000.9,57.067
1002.5,1066.9
1004.4,205.1
1006.5,546.93
1010.6,96.411
1017.3,395.47
1026.4,919.51
1038.5,27.098
1056.6,516.61
1064.6,1053
1072.6,816.86
1075.9,735.59
1080.1,674.53
1085.7,817.04
1100.4,440.79
1116.4,794.58
1116.8,728
1122.5,105.91
1120.2,974.57
1131.5,1203.5
1132.7,858.09
1148.2,691
1149.4,152.5
1153,531
1156.6,607.55
1164.5,1079.1
1177.4,135.53
1180.6,154.94
1183.6,404.26
1184.4,496.14
1186.6,68.538
1190.5,242
1191.7,81.346
1203,776.3
1207,128
1208.6,199.25
1209.6,685.42
1215.9,8.402
1217.3,165.09
1225,304.59
1224.9,1012.6
1238.2,157.22
1239,867.48
1240.6,1038.9
1245.6,667.11
