2.1429,105.9
3.0818,414.6
3.7361,618.44
7.8995,656.3
2.2308,820.5
7.4898,839.47
13.779,916.38
4.8133,943.89
11.552,1267.8
5.4444,335.82
19.226,984.47
5.7727,987.77
15.208,6.6494
8,106
14.077,1106.1
12.974,897
14.756,1330.8
18.026,872.99
30.814,111.82
27.796,630.15
28.962,568.2
56.171,1202.6
25.63,886.51
23.5,255
27.5,227
35.771,1315.9
33.59,216.8
60.011,806.29
42.156,259.41
100.21,874.28
82.59,658
38.324,1095.8
63.243,505.01
49.017,970.08
57.67,1096.9
51.966,878.64
86.419,348.77
56.125,747.38
64.395,227.39
68.492,20.955
97.043,90.137
70.409,865.09
81.192,278.12
73.184,383.49
72.039,506.41
76.935,1301.6
114.19,203.5
79.95,1329.5
152.64,558.19
81.819,1205.1
87.8,419.99
82.117,819.03
84.5,435
97.302,1274.3
86,1293
91.848,616.7
104,24.23
112.45,117.79
132.51,439.23
121.06,1318.7
95.877,753.53
182.2,1053.8
161.32,730.92
133.98,1259
115.33,1102
112.44,1297.2
133.91,330.95
119.06,963.48
120.48,392.12
131.01,64.254
130.69,403.42
146.85,13.783
137.86,390.74
142.08,907.33
159.88,92.859
146,279.69
148.64,1204.6
155.41,1308.9
147.46,108.03
149,776.9
171.02,837.04
148.42,964.1
150.4,870.4
173.62,1234.7
160.96,64.759
158.11,34.171
162.04,753.24
161.32,932.96
163.09,117.23
165.53,341.05
169.09,591.38
186.57,302.94
167,369.1
170.04,875.92
174.42,40.109
189.96,158.01
177.52,979.41
187.85,1281.6
182.82,411.65
189.21,3.5789
195.76,367.69
189.19,956.72
196.69,389.98
197.29,837.73
198.73,945.44
195,304
198.86,72.857
200.39,967.43
205.04,597.35
210.42,782.76
237.51,427.96
241.65,830.78
239.09,32.274
256.35,1306.9
216.64,167.87
240.1,1262.8
238.32,690.43
215.99,983.48
226.51,753.03
241.09,1143.7
224.62,1299.5
225.35,1122.1
226.62,1185
220.99,355.55
236.2,889.52
235.7,180.76
234.5,897
265.38,1202.9
274.6,394.74
245.33,481.82
252.33,1240
253.95,532.22
256.65,598.43
252.5,776.5
258.26,315.83
258.88,503
259.05,552.02
257.86,1108.3
266,660.74
267.04,1237.6
263.73,630.65
264,1166.5
276.1,336.28
279.18,986.15
275.8,1043.1
285.67,474.58
306.66,584.17
280.69,1097.6
279.53,647.76
282.74,898.67
288.35,1069
285.63,1226.7
284.43,1306.4
322.13,1182.2
290.45,1244.5
292.33,1159.4
292.5,1036.5
325.36,1110.9
301.39,3.7708
299.92,911.25
303.87,1245.2
338.36,1014.9
322.62,1062.4
309.34,1138.3
332.45,327.66
345.07,367.17
321.15,528.62
321.72,878.91
356.35,482.36
360.21,190.66
342.48,962.15
327.4,233.71
330.24,1256.2
327.92,919.54
331.49,1228.2
373.66,893.16
347.44,588.89
339.45,1153.4
464.78,441.99
349.38,1253.2
356.25,1135.2
390.63,600.37
367.65,833.7
376.89,1145.9
359.5,666
360,694
363.04,719.48
369.74,1056.4
379.2,970.88
365.5,1108
369.56,1265.9
368.12,312.5
374.99,1296
381.55,1205.3
373.44,1068.9
389.24,307
378.57,38.957
379.5,29
386.01,1232.1
383.18,1274
391.73,1255.7
403.28,1303.9
393,1191
399,1101
408.16,1199.1
410.82,521.89
430.35,1122.9
415.12,309.25
415.04,1187.7
461.99,1068.8
415.68,1235.4
433.49,955.39
418.34,896.2
421.45,856.91
440.71,157.31
422.48,1253.5
421.93,833.14
422,1089
431.4,1028
431,1012.9
432.5,285
435.28,1328.3
459.81,1270.2
453.36,1239.4
446.24,410.06
449.15,1042.4
448.42,451.89
455.84,119.77
464.37,320.12
458.69,1123.7
463.45,414.37
471.49,563.16
463.94,1092.6
467.37,209.35
468.38,1185.9
503.83,1129.7
484.23,256.4
485.83,984.18
484.93,910.03
496.08,1285.9
489.48,1108.1
487.36,863.53
496.85,1014.1
523.64,85.474
487.33,890.44
493.34,571.87
496.69,536.33
492.94,926.59
497.84,296.3
498.23,1164.7
502.53,1082.3
553.86,1147.3
519.5,283.24
514.19,471.44
535.04,832.27
518.6,934.74
517,1325
525.73,217.01
556.13,1011.7
524.68,1224.1
525,1312.7
526.32,1140.1
534.37,15.249
537.63,452.17
536.41,1113.1
544.94,177.91
547.38,218.42
575.41,1220.4
550.71,261.32
564.46,134.81
561.39,49.725
558.13,839.71
589.48,1031.6
570.97,87.032
571.63,263.79
596.31,222.28
570,817.33
583.98,847.49
579.88,669.39
587.56,183.7
580,240
585.42,460.08
581.5,682
587,272.81
597.06,263.12
605.7,778.45
599.64,1239.6
599.8,445.72
607.34,884.54
606.95,937.14
604.49,606.33
606.76,183.6
607.27,9
608.04,867.36
608.29,899.52
608.93,1329.8
612.75,1295.9
620.25,828.89
630.01,432.95
617.1,715.39
625.45,1210.9
629,872.55
657.83,828.51
625.04,588.48
630.08,1318.4
658.31,180.47
645.64,19.123
631,400
687.65,884.12
646.33,767.29
643.87,1328
638,587.35
641.23,617.77
678.11,969.91
652.66,1217.9
644.71,1243.8
653.2,579.32
655.03,1163.1
646.27,819.65
649.12,960
663.43,866.74
651,1264.4
653.24,540.81
671.3,159.91
660.24,511.53
660.47,1327.9
666.73,1256.6
668.42,1242.3
673.11,630.96
667.5,1175
681.69,567.31
676.16,419.38
676,1331.5
676.31,586.89
676.6,531.75
693.46,698.02
697.9,271.78
686.43,203.36
690.36,1206.5
689.44,500.21
702.4,1288.5
692.4,1273.7
698.7,1181.5
692.6,1215.6
694.89,623.76
709.56,1234.4
698.89,845.42
700,851
703.82,164.84
706.66,733.71
716.15,78.06
711.27,3.4545
712.02,1204.6
716,138.67
716.5,598.23
716.93,677.24
724.28,505.68
722.2,1262.2
720.25,1083.7
751.44,1142.3
734.84,1021.5
724.96,145.88
736.64,807.43
726.47,1249.8
725.63,713.5
725,1050
733.14,578
727.86,676.86
735.27,609.84
755.75,9.7141
734.75,242.79
733,1210
743.9,957.82
740,1301
743.9,542.34
757.02,33.663
746.04,876.6
749.71,510.88
749.9,1200
752.57,232.69
749.83,1055.3
766.81,140.14
769.09,963.04
774.47,849.47
763.2,671.16
758.62,1259.1
758.23,1012.8
765.1,1083.1
761,333
767.04,928.23
771.52,784.32
829.62,1210.1
783.82,1216.7
769.27,329.37
768,1263
775.42,214.29
777.82,995.37
777.29,514.58
817.04,371.83
779.2,885.18
784.62,913.14
781.81,1017.3
799.83,1069.6
787.49,1184.1
787.09,1055.6
787.08,523
797.64,167.7
794.07,783.48
797.29,9.7837
799.47,73.975
810.93,894.07
792.56,940.44
805.63,295.7
798.5,809.5
800.77,1191.2
811.75,502.92
933.13,767.87
802.78,192.78
809.68,932.19
812.85,1133.2
809.54,1053.2
824.43,698.84
816.23,1037.4
819.93,757.7
826.96,940.97
843.58,1093.3
822.91,776.04
819.5,1080
836.79,1147.3
830.77,651.69
840.49,1311.6
830.95,263.61
832.55,138.03
830.12,854.92
834.1,43.383
838.23,559.85
842.19,1061.1
837.77,54.269
845.08,904.59
875.73,73.474
844.67,265.67
851.5,650.5
859.05,254.96
860.17,150.75
861.67,569.23
863.05,588.1
864.84,1139.7
869.29,1330.2
864.5,501.5
865.65,846.27
866.74,603.07
868.12,893.48
874.11,122.58
883.26,1051.1
900.61,1139.2
926.65,889.24
889.22,516.62
895.16,485.88
897.65,1326.4
898.19,637.09
944.31,266.86
908.84,759.76
916.06,1180.7
908.38,219.97
929.3,422.61
907.54,460.88
908.13,864.46
912.82,270.66
906.93,737.61
918,942.51
935.5,988.58
912.87,1073.1
917.81,1321
911.35,1147.3
911.23,1266.2
914.32,497.74
923.44,325.36
931.27,491.29
918.5,41
931.67,21.705
945.3,544.14
949.5,63.607
958.62,691.36
926.49,737.03
925.82,915.18
935.82,819.95
937.58,837.75
935.39,1065.7
953.75,1157.9
938.67,108.81
957.65,1094
956.37,1315
957.54,839.11
956.06,1266.3
955,712
962.68,786.96
964.45,179.66
964.57,550.59
987.75,434.01
965.92,104.92
967.6,3.6
979.8,953.3
973.17,896.87
982.03,1002
982.26,1261.8
1004.6,1222.7
1017.9,16.697
1018.8,1120.8
993.67,893.37
1001.4,1064.8
993.15,61.692
997.27,651.32
997.66,1038.1
1001.4,850.76
1005.5,935.96
1081.4,501.9
1016.3,512.44
1009.2,43.77
1008.5,432.12
1026.6,659.53
1018.9,470.06
1015.2,1144.3
1020.6,47.15
1034.6,1061.8
1095.9,1156.8
1025,1007.8
1051.8,956.77
1034.1,381.58
1075.3,687.67
1037.4,1154
1038.7,986
1040.9,687.38
1050.5,121.67
1045.9,90.183
1055.8,999.61
1052.3,851.71
1098.1,231.1
1067.2,70.975
1065.9,5.1158
1085.7,834.53
1067.2,974.36
1082,1288.2
1071.3,1061.9
1118.3,773.25
1088.6,1239.3
1082.5,928
1091.5,199.64
1106.9,597.04
1091.7,58.789
1092.9,1058.7
1093.4,288.66
1094.1,257.43
1094.9,328.89
1117.8,919.51
1115,1018.1
1113.8,1325.9
1122.1,327.98
1118.2,1152.7
1122.7,731.08
1118.4,704.11
1123,1224.9
1131,617.97
1128.3,263.99
1134.2,356.43
1136.7,1231.5
1178.1,1319.6
1138.8,248.11
1142.5,53.512
1143.7,212.69
1155.4,359.54
1151.7,592.72
1156.1,892.15
1166.7,1146.1
1156.3,814.3
1167,1229.5
1182.3,585.65
1159.6,1093.4
1167.4,555.95
1160.6,375
1164.1,47.147
1165.6,796.95
1168.9,739.97
1168.3,392.43
1182.1,443.07
1166,630
1176.6,879.4
1179.7,1293
1184.7,856.06
1184.2,1007.4
1201.4,654.36
1186.6,16.981
1202.7,1111.1
1193.1,518.48
1199.3,241.17
1209,1267.3
1215.3,173.29
1209.9,909.03
1211.8,953.09
1210.7,526.83
1210.1,1037.3
1218.1,1212.1
1252.6,112.89
1216.9,475.14
1220.6,1079.5
1249.3,11.799
1266.9,1277.1
1228,439.51
1226.9,911.06
1224.5,157.5
1229.2,887.68
1229.2,1199.7
1239.1,788.07
1232.3,654
1234.9,1131.1
1242.7,999.87
1241.9,1251.6
1246.3,440.86
1266,728.79
1247.9,601.33
1253.9,649.79
1273.6,909.43
1249.1,752.59
1251.1,873.21
1265.3,797.01
1256.1,1155.9
1260.8,1018.3
1280.4,1116.8
1259.9,1183.8
1273,410.66
1277.7,594.46
1279.1,690.96
1270.7,1194.6
1285.8,429.55
1278.3,625.41
1288.1,549.56
1282.8,757.87
1299.4,987.84
1298.8,626.25
1286,1152.9
1306.4,121.66
1315.6,4.3274
1301.6,377.68
1298.5,940.72
1313.5,733.84
1299.2,1212.5
1314.1,1130
1317.5,505.18
1303.6,539.52
1303.2,1038.2
1309.6,1079.2
1315.9,673.44
1323,880.87
1322.1,1196.8
1310.4,389.5
1321.8,438.64
1321.7,813.76
1318.6,367.07
1319.9,944.56
1324.5,1104.4
1328.1,90.385
1324.5,660.5
1329.6,371.08
1330.3,1034.6
1330.8,672.7
1331.1,684.36
