2.6585,272.61
2.7674,833.4
5.6857,536.09
8,165.07
8.5769,218.38
10.532,1104.7
12.475,729.93
13.8,206.05
18.641,563.49
29.559,582.97
32,1162.5
51.071,867.19
56.881,463
67.686,884.58
63,1183.7
71,834.5
75.376,695.62
75,191
75.368,174.87
88.48,711.81
90.837,526.57
96.373,963.17
99.5,232.5
97,1036
101.77,782.87
108.82,435.61
113.91,546.9
127.5,1129.6
128.55,1018.3
132.31,919.92
143,912.83
148.24,323.01
148,511.5
168.55,639.91
172.92,1014
179.6,119.6
190,391.5
197.5,1016.5
209.47,490.73
211.25,771.69
232.66,74.308
233.68,886.73
251.08,192.92
273.71,659.71
275.18,909.95
278.32,261.93
291.63,270.37
298.13,768.87
312.88,1241.1
319.56,179.03
322.5,1158
335.68,783.62
338.07,454.95
340.09,620.91
356.27,324.38
364.25,166.58
364.07,274.8
376.42,461.45
380.23,912.71
380.43,1242.1
380,594.17
395.42,636.11
404,332.24
403.91,172.09
415.94,625.16
417.44,1151.7
418.65,30.635
425.66,337.62
425.39,880.86
430.65,1151.9
436.4,210.03
434.55,822.29
437.68,133.64
462.92,971.08
471.42,7.9167
470.17,125
472.05,604.23
477.5,967
477.93,643.93
494.07,442.3
498.5,730
508.73,362.01
514.9,638.1
513.61,728.61
525.43,493.26
529,1005.5
530.68,410.22
538.31,65.389
543.55,1023
549,1146.3
549,721.5
559.93,962.41
562.58,1004.1
569.5,54.5
572.63,474.16
575.82,171.33
582.58,111.55
581.5,467
590.31,721.08
591.05,855.97
596,681.5
618.67,1024
622.59,501.93
623.42,1141.6
637.5,1132
637.63,1218.6
653.02,681.95
660.09,201.09
665,147
668.37,360.37
673.64,152.68
680.5,645
683.6,76.4
683.7,850.71
687.85,35.346
691.48,1191
691,447
693.53,310.24
693.5,406.5
702,642.5
706.03,511.92
709.1,1083.6
715,610
714.83,925.87
720.07,978.41
729.79,290.5
739,112.5
739.04,592.43
745.43,243.2
744.85,530.85
748.13,132.44
750.67,455.45
750,427
757.43,1014.9
757.55,696.14
770.11,352
770.65,551.06
776.04,10.578
786.82,1067.2
786.81,346.41
790.33,886.73
792.19,663.93
797.72,771.88
801.04,1099.8
820.78,18.514
822.81,375.12
831.86,76.5
838.89,277.2
846.88,858.88
849.58,768.39
854.6,938.11
867.24,1046.7
893.53,574.05
895.63,670.43
906.11,139.37
906.92,619.46
909.95,11.968
910.74,575.41
914,720.32
918.06,94.429
916.83,345
920.23,274.03
930.38,1001.5
946.62,40.083
949.76,640.91
950.13,1228.8
949,927
956,113
978.29,475.57
980.5,359
987.13,798.59
987.13,290.89
1000,740.09
1005.9,1021.2
1002,149
1004.5,948
1031.9,699.52
1034.4,710.47
1036,522.32
1045,13.705
1045.5,604.5
1054.1,3.3448
1055.3,458.28
1057.1,187.68
1059.4,303.63
1072.9,131.91
1072.6,1219.1
1083.6,469.47
1095.1,736.92
1100.7,373.83
1105.8,1072
1112.8,909.35
1113.1,628.63
1119,99.173
1129.6,621.82
1138.1,810.22
1165.1,295.35
1215.1,493.91
1217.5,322
1224.4,918.84
1224.9,248.12
1231.5,149.57
1228.2,549
1236.1,558.52
1235.9,413.38
