4.005,50.678
3.9545,78.303
7.7224,104.04
5.272,140.46
1.875,677.75
4.3231,694.25
1.95,824.85
11.797,917.76
44.872,967.97
3.0308,996.82
4.3258,1027.4
4,1060.1
21.95,1126.1
4.8073,1133.6
4.6341,764.17
6.9512,867.27
4.5,784
15.934,733.82
24.78,16.091
9.5,1021.5
18.087,880.4
18.965,190.45
15.074,809.1
17.909,608.77
48.206,135
21.767,302.37
20,66.5
29.091,622.19
23,891.5
26.3,1054.8
28.27,92.216
32.473,176.86
34.253,1005.3
51.373,329.48
38.464,46.623
35.364,109.68
35.5,696.5
48.541,787.77
50.923,907.1
37,97.5
52.19,80.594
40.5,32.5
59.733,610.26
44,1010
44.773,1243.8
48,36.5
48,1204
49,1007.5
54.616,1048.5
60.705,659.6
55.864,44.273
68.751,5.2396
72.384,1078.8
73.361,28.364
69.213,739.3
63.941,1175.9
65.58,760.25
69.481,682.58
68.062,64.094
70.246,1137
76.311,554.27
69.897,1123
92.535,1026.7
74.583,1042.5
74.543,1167.9
77.077,59.923
77.5,905
78.824,939.56
81.333,732.67
80.964,910.96
84.433,581.25
82.462,1246.4
92.367,41.042
87.348,86.304
93.405,96.273
88.829,806.05
95.517,1131.4
89.5,937.5
91.5,944
93.808,1232.7
92,150
97.569,1217.7
94,62
93.5,970
100.68,990.31
181.74,46.169
101.75,722.74
101.18,686.18
106.54,593.04
99.5,122.88
100.44,1234.9
107.8,149.38
109.44,926.53
109.76,1205.2
109.99,1163
116.28,73.319
154.6,109.61
107.94,807.06
110.31,97.906
126.61,55.463
119.31,982.61
118.35,1022.3
136.84,87.146
128.05,237.65
123.28,152.42
141.68,701.97
121.32,1054.1
129.07,269.32
130.08,989.31
140,1050.8
135.19,930.99
129.33,1082
139.57,1184.7
144.98,321.54
141.89,971.89
185.16,173.49
163.42,6.0846
143.81,406.26
151.21,1131.6
146.53,55.344
150.76,1081
168.82,1238.7
174.05,1010.5
157.5,648.5
162.43,67.729
165.65,794.18
168.71,1134.6
160.94,1216.1
167.88,685.84
162.84,971.59
173.48,936.8
170.45,1206.7
171.68,1077.4
174,733.17
174.61,862.43
179.57,1192
182.19,728.86
184.16,16.311
184.57,826.52
188.49,1106.6
190.64,901.68
190.91,953.48
201.07,1133.4
195.22,24.731
202.38,1044.6
204.06,1083.9
193.67,69.833
210.53,770.06
197.89,829.33
199.31,1246
210.69,689.39
213.12,930.27
212.09,1243.8
217.41,625.22
232.27,128.48
222.04,1028.2
215.81,880.88
216.29,996.71
217.13,1230.5
219.77,96.533
220.2,968.68
221,91
223,1148.7
229.63,319.66
234.47,947.57
229.25,1054.2
230.45,1225.4
233.44,3.44
230,190
232.44,287.37
242.77,745.46
245.89,681.61
238.7,1009.2
243.04,268.13
238,1187.5
244.73,1208.7
241.89,732.96
239.93,1061.4
255.99,1037.3
245.74,828.81
254.58,877.24
255.88,1100.4
261.49,752.23
260.15,795.7
260,1107
264.39,1246.5
266.89,79.781
264,789.5
265.42,1003
277.28,376.33
266.91,794.91
271.16,1077.2
275.41,874.6
273.42,1246.8
277.74,1091
278.23,80.743
280.33,538.36
282.55,506.58
280,703
284.19,122.71
288.7,729.78
282.4,1104.4
283,1109
289,84.857
302.23,864.9
309.24,1229.5
306.5,1077
302.84,91.476
324.13,1166.7
331.33,117.9
319.96,83.06
320.5,840.5
324.57,502.6
358.31,57.245
327.71,149.29
334.56,834.38
347.83,898.29
333.76,519
338.32,1243.9
342.53,930.76
344.11,854.44
353.93,808.95
349.73,182.8
373.54,277.56
367.5,127.5
373,160.86
380.93,192.85
390.29,120.24
377.97,346.09
379.1,755.57
383.46,919.28
435.25,1134.4
375.56,1240.4
382.18,871.37
376,1083.7
384.75,231.82
379.56,375.92
386.08,646.2
384.56,706.41
380.57,969.43
384.55,142.41
394.58,1197.6
397.7,425.23
390.02,513.92
391.44,1227
395.51,320.39
406.41,61.498
395.61,264
397.36,1175.9
398.73,621.27
398.59,227.06
408.81,916.79
400.91,467.95
403.57,80.238
401.5,956.5
415.63,805.32
403.4,602.4
403.5,837
405.86,226.14
405.42,533.11
414.89,495.76
411.35,92.975
408.83,641
410.89,280.03
412.04,437.59
430.05,543.47
414.5,1211.9
417.11,300.3
420.45,319.4
423.71,386.89
415.56,407.2
440.88,216.6
421.52,876.94
417,418
418.47,459.94
418.88,276.28
417,367
420,120.33
421.3,360.8
427.38,1242
426.53,202.7
424.73,308.85
424.75,338.07
425.91,854.91
427.41,85.552
427.87,886.78
442.45,117.87
436.35,178.22
431,894
433.27,934.88
439.62,816.61
438.5,1091.5
440,453
450.29,148.86
445.65,803.84
458.01,948.87
450.38,276.53
462.64,849.27
461.73,332.68
453.64,668.46
466.85,1178.3
454,983
460.65,406.73
492.61,163.58
463.07,528.79
460.16,901.86
457,1203
460.19,131.74
461.72,1030.7
468.67,386.67
466.4,431.6
467.6,154.6
467,159
467.42,283.11
468,1016.7
471.08,1087.7
476.06,800.03
475.08,1226.4
475.53,1006.2
484,310.94
477.83,372.67
480,423.5
482.5,1160.5
485,840.5
512.77,363.64
505.3,781.5
485.45,825.59
487.5,953
496.62,1202.2
490.65,205.14
526.23,960.2
489.89,1130.8
491,877
503.58,821.9
500.76,1137.8
494.06,224.88
495.03,1069.9
503.37,408.34
501.38,461.5
498,869.5
519.93,1211.1
507.13,947.92
502.4,1181.4
540.57,833.95
531.62,186.46
562.69,406.74
510.13,1170.1
508.4,467.4
512.56,906.16
512.84,1014.3
528.33,1079.4
525.26,398.01
515,1147
524.95,116.83
524.17,813.87
525.33,1241.8
530.22,986.29
536.64,1038.4
528.67,269
529,759.17
535.7,1166.9
534.06,777.7
531,1104.9
531,461
532.71,884.86
538.11,793.73
537.48,1143.1
542.63,136.62
627.29,702.76
536.5,1131.5
539.12,231.97
545.93,394.32
543,1223.1
570.71,1126.1
545,766
554.76,777.48
547,1168
555.15,250.86
552.11,897.61
550.5,1084
553.79,58.388
551,847.5
554.14,1173.9
554.05,45.909
555.31,853.07
567.89,502.04
561.01,1006.8
560.89,137.89
561.03,987.28
562.94,907.85
565.8,205.06
601.39,279.84
579.09,1065
562,1190
579.84,1202.9
587.54,871.98
574.89,2.6322
571.92,332.98
571.5,122.5
598.3,178.65
572.65,951.74
591.05,471.77
576.81,846.62
592.28,91.753
589.09,1031
589.22,132.53
590.97,937
581.93,699.38
589.91,688.74
595.64,1004.7
589.52,785.07
597.53,981.27
603.3,34.059
598.14,584.52
597.12,529.65
598,1171
602.83,571.3
604.96,689.5
602.49,807.65
601.58,920.89
606.01,398.83
624.02,122.54
607.09,238.62
604.57,529.57
605.54,556.37
607.35,665.79
607.93,947.46
605.87,1232.7
625.55,816.6
607.43,597.94
609.21,617.67
606.43,647.39
607.5,1157.2
608.55,1244.9
610.43,355.94
608.42,1226.1
610.69,7.6538
613.84,792.36
616.25,138.84
612,744.5
627.05,1114.3
613.86,1069.9
614,519.5
620.85,63.446
619.17,1237.1
621.58,343.89
630.54,213.95
624.11,1246.6
633.18,373.29
658.05,1186.9
658.56,521.31
631.66,961.31
632.71,778.63
634.63,338.82
632.85,596.11
642.92,731.93
631,739
634.36,757.41
634,765.5
640.95,1236.9
636.4,906.51
639.04,505.82
639.12,493.65
638.5,1020
646.83,604.86
649.33,973.38
655.51,198.13
656.18,889.86
643,1010.6
640,1026
646.71,1128.7
646.23,355.16
645.91,679.77
645.36,846.68
647.29,828
651.29,237.94
651.69,818.39
649.38,1146
653.15,379.51
650,1015
653.42,401.15
652.72,1213.9
657.97,334.94
655.03,937.66
654,766.5
671.51,736.32
658.43,827.61
667.03,859.01
660.33,290
664.26,1065.6
700.9,590.05
664.4,1129.8
667.59,938.92
666.7,798.88
671.22,989.07
669.5,775.12
669.5,970.5
674.91,781.99
672.53,137.21
673,291.71
673.56,1058.9
676.18,252.77
687.03,874.06
675.06,375.59
674.5,1149.5
694.01,926.84
676.6,364.6
677.94,127.41
677.57,225.43
681.55,1112
720.43,142.07
683.97,407.4
682.99,324.25
714.35,1066.8
685.12,1078
682.57,355.61
683.37,369.96
703.42,283.29
690.63,1030
685.04,188.57
712.41,675.45
696.9,1151.6
689.98,178.33
687,249
693.59,206.39
692.5,783.86
694.57,1189
694.9,436.01
696.1,1106.8
696.77,1219
694,267
698.58,224.96
697.85,1203
701.21,774.51
704.7,1242.1
701.31,194.55
701.88,207.35
701.57,455.57
709.16,189.67
746.39,375.33
709.86,445.86
710.5,745
710.5,1163
734.47,1243.8
720.92,434.24
722.9,466.18
726.91,48.263
715,1159
720.27,800.53
742.42,868.18
725.9,1156.2
729.79,994.84
753.98,562.59
735.4,414.2
765.14,145.72
731.81,422.81
734.74,240.63
733.5,443.5
740.64,621.22
735.73,603.65
737.14,813.95
735,1058.5
740.3,1224
739.32,1064.5
752.26,269.63
755.76,1160.1
742.73,591.45
772.32,958.19
752.81,828.56
756.66,657.91
758.12,777.16
755.27,984
756.15,596.15
778.07,641.42
756.83,1215.5
759,855.5
764.69,198.55
762.7,1223.9
768.11,699.45
769,1.5
768.65,726.84
770.6,681.4
775.52,845.58
770.5,1051.5
804.69,1187.5
774.42,717.32
819.99,507.7
783.69,1234.6
777.68,204.08
794.99,549.24
780,1051
782.65,288.42
781.94,796.59
791.15,389.66
783.96,919.98
785.5,829
824.08,879.12
790.15,1047.2
787.5,709
793.88,748.32
812.55,785.82
790.26,248.13
802.6,580.91
796.25,931.7
789.04,724.71
792.71,465.99
791.5,831.5
792.12,1017.5
796.47,271.26
793.83,100.67
796.84,198.4
794.09,414.95
796.73,644.97
803.69,1149
797.5,302
797.77,672.23
799.29,735.71
802.72,434.47
808.66,370.12
810.3,1239.4
805.47,174.16
806.48,914.57
805.03,615.01
808.4,672.6
809.77,150.91
811.08,305.02
820.03,743.39
816.93,266.93
814.8,636.38
814.76,224.71
818.15,1055.3
817,602
820,777.03
818.65,946.92
818.07,982.93
819.48,1000.7
829.6,1021.7
821.84,301.92
825.85,333.85
827.64,673.9
838.21,113.23
827.21,990.87
832.14,710.03
832.76,925.54
826.93,1237.7
849.14,608.23
827,1228
838.27,237.29
868.22,972.82
829,1247.5
834.77,380.55
834.3,7.7755
850.98,437.12
834.46,1215.9
838.42,637.15
835.56,312.92
857.01,834.78
835,972.5
857.2,1062.5
841.08,1243.6
838.33,216.33
838.96,354.41
838,411
838.5,725
846.2,1127
839,395
857.03,1146.7
845.72,1180.4
841.6,977.6
843.6,1109.6
849.6,258.48
844.6,711.6
861.34,325.4
847.6,1065.4
851.4,527.3
857.3,687.61
855.66,752.14
851.65,791.12
853.8,668.02
852.4,1230.6
853.5,772
858.6,793.1
901.01,1190.4
859.4,266.6
860.87,539.5
862.7,139.14
863.15,227.66
864.9,24.133
864,678
865.37,801.9
878.64,275.13
895.69,867.02
868,502.8
879.78,660.9
884.47,774.72
869.05,1092.9
886.3,110.79
870.12,238.75
889.72,400.93
869,474
880.84,578.55
869,860
870,745
889.93,193.49
878.56,472.02
874.05,494.9
874,931
887.34,616.77
881,14
886.02,1149.4
887.22,239.62
887.85,928.85
892.81,907.2
896.01,681.52
893.49,1139.9
892.41,738.94
896.45,153.89
893,888
894.1,1161
911.93,634.94
897.09,825.47
925.33,1040.4
897,754
900.5,765
903,709.18
903.5,737.1
903.36,1143.4
915.93,1114.8
925.27,343.85
913.84,700.25
908,721
916.67,282.5
910.04,996.42
918.57,506
918.25,734.92
913.75,1234
921.19,528.2
912.91,1083.2
913.37,1147.1
915.08,808.21
933.46,156.93
939.44,428.19
918.4,41.6
919,752
935.3,994.18
921.29,99.714
921.17,934.17
921.5,1136.5
942.74,810.8
930.4,679.37
931.61,28.174
930.35,1066.1
969.56,913.5
932.75,1240.1
933.93,541.43
939.35,508.88
945.75,244.52
950.15,604.9
935.42,1151.9
939.04,1137.4
939.5,1189.5
941.44,78.8
983,288.19
940,325
944.82,862.54
943.27,755.91
943.63,1081.4
947.27,127.71
944,786
945.66,850.16
956.07,956.59
961.66,391.97
948.78,976.41
949.48,1068.4
946.91,210.65
972.83,1167.9
952.05,2.2105
953.58,312.83
954.63,676.7
953.83,1074.3
955.42,494.08
955.5,88.5
955,1228.5
960.78,1026.9
957.34,1042.6
957,185
959.92,1006.6
961.11,354.66
961.56,18.92
1002.5,100.66
965.38,854.62
998.84,723.6
973.26,1222.7
969.13,499.16
973.4,523.99
967.5,137.5
971,718.7
973.28,834.15
970.36,986.5
970,1013
972.89,175.58
985.15,253.75
996.24,1004.7
977.26,580.71
978.1,192.95
979.48,321.91
981.42,943.5
981.23,200.37
986.6,444.65
983,145
1005.2,229.33
984,575
985.23,594.13
984.5,881.5
991.92,21.61
992.57,136.58
1005.2,504.46
986.27,833.23
990.34,326.77
988.07,52.86
988.5,63
988,797
990.63,554.29
992.85,608.32
990.59,1231.1
991.5,493
998.83,898.51
993,246.5
996.65,1223.9
1008.9,662.99
997,865.5
1020.8,1179.7
1014.2,343.51
1002,918
1061.4,1125.4
1005.5,1122
1010.5,445
1027.5,843.28
1014.5,33.5
1015.1,1026.4
1016.8,27.25
1021.7,911.71
1072.7,401.24
1018.9,472.04
1023.6,1144.7
1020,36.346
1023.4,482.55
1029,611.56
1027.2,68.694
1022.6,1005.4
1027.1,135.52
1030.5,262.74
1028.1,767.62
1027.3,938.15
1026.6,1013.6
1027,1020
1050.3,1213.4
1044.5,749.23
1029.8,918.7
1032,550.62
1048.7,973.43
1032.9,294.87
1032.1,324.58
1036.5,480.56
1033.1,286.64
1037.4,7.9315
1033,117
1035,672
1037.6,211.57
1039.7,524.55
1050.4,1039.6
1036.9,1150
1040,1011
1041.4,772.85
1039.1,1165.9
1039,34
1051,60.93
1039,664
1040,1129
1070.2,564.72
1041.4,650.4
1049.1,835.32
1049.9,505.88
1047.5,21.667
1046,135
1047.6,1129.4
1048.8,330.38
1048.5,197
1049.6,660.62
1053.7,533.24
1089.6,162.45
1051.7,484
1052.5,618.36
1053.2,634.64
1051,653.5
1056.8,3.9589
1054.6,1144.1
1053.4,25.5
1053.9,1192.6
1059,120.48
1055,182
1055.5,612.03
1065,771.24
1058.7,369.94
1057.5,856.6
1057.7,928.58
1073.5,295.04
1059.1,681.15
1071.8,627.57
1063,853
1090.1,736.4
1066.3,456.29
1066.8,860.62
1068.7,881.76
1074.5,496.37
1067.5,515
1069.7,22.875
1071.1,479.42
1069.6,523.96
1071.3,1203.9
1070.5,893.41
1071.1,868.08
1071,611
1073.3,108.43
1074.7,199.29
1080.4,364.49
1086.6,929.89
1078.4,962.39
1075,1212
1077,1179.3
1078.7,817.05
1107.8,1100.3
1157.6,1215.8
1081,14
1081.9,777.08
1091.5,973.56
1087,909.5
1109.8,293.31
1095.7,455.85
1096,526.14
1098.8,736.96
1102.1,430.6
1098,465
1098.4,951.4
1105.2,902.44
1110.6,121.33
1105.9,248.48
1110.1,830.04
1113.5,778.07
1114.8,1245.7
1111.9,146.52
1114.3,624.98
1112.3,801.84
1114.6,1173.4
1115.9,198.58
1116.5,82.5
1117.6,102.42
1132.1,725.76
1117.8,583.68
1117,1237
1120,572.83
1126.6,853.18
1122.4,682.11
1125.4,673.07
1154.9,78.689
1124,188.5
1129.1,98.456
1129.3,423.67
1126.5,809.91
1180.6,217.88
1126.4,789.61
1129.5,823.56
1130.2,879.41
1130.4,974.62
1149.4,1135
1138.6,906.53
1139.8,1012.6
1142.5,654.19
1148.6,689.75
1137.7,991
1144.9,477.28
1154.1,888.13
1167.6,449.26
1141.4,1117.6
1155.6,109.76
1150.6,507.06
1162.1,954.91
1156.3,1030.2
1151.3,1234.2
1160.2,1066.5
1163.5,505.77
1170.2,619.75
1156,1161.1
1161,1202
1168.7,662.72
1178.4,1018.5
1169.4,1036.6
1169.4,170.94
1175.2,7.0403
1211.3,1172
1188.7,1109.2
1187.7,1073.5
1191.3,1090.8
1189.4,1050.4
1194.5,922.3
1194.9,733.66
1194.5,1143.3
1200.3,580.39
1203.1,1036.8
1200.1,1136
1202.6,712.5
1207.4,1058.8
1205.6,700.53
1211.1,17.156
1212.7,239.42
1216.6,1105.6
1217.7,970.27
1212.7,1139
1223.6,700.95
1228.7,739.4
1227.1,9.3395
1234.8,72.848
1226.5,1052
1232.3,1131.2
1238.9,801.74
1235.3,1069.8
1233.5,927.78
1234.4,993.89
1239.2,1033.9
1235.5,944.5
1240,980.65
1239.2,1104.9
1238.3,1142.8
1243.5,960.87
1247.1,1115
1247.2,1133.4
1247.5,985
1247.5,1126.5
