17.446,20.543
2.2105,148.42
2.4127,185.71
3.567,238.14
4.4713,315.75
17.987,401.96
4.2513,463.13
2.3556,798.56
3.4375,819.28
30.699,918.67
2.5789,966.5
16.036,975.52
4.0729,1067.4
4.859,1126.2
2.625,1157.1
4.0059,1197.8
10.123,1250.5
13.421,273.4
5,539.15
9.9916,777.76
19.178,1043
8.5424,765.2
8.0294,492.62
11.403,1302.3
11.582,1329
22.049,801.76
13.25,822.48
16.391,126.89
12,245.5
24.788,305.53
30.921,745.57
18.5,117.22
18,619.92
27.548,880.06
24.307,581.4
51.702,335.36
100.77,38.835
20.5,865.5
52.785,675.13
25.959,1108.4
36.867,1166.3
26.874,1315.1
27.07,843.11
28.062,149.06
29.157,684.43
31.878,214.33
41.489,439.54
32.688,647.22
30,1296.1
29.5,824.5
31.917,666.92
36.553,858.83
36.286,620.45
48.761,996.07
43.79,1269.6
41.125,1087.9
91.428,182.37
50.027,484.23
39.714,141.14
61.474,374.61
68.955,109.72
55.262,957.84
54.943,226.84
46.506,26.554
49.351,789.01
59.906,1328.7
47.28,1033.4
46.6,406.6
51.097,609.16
62.791,1289.9
55,1032
60.857,1155.8
61.299,566.27
69.154,720.07
93.612,1036.1
70.49,1162.9
70.719,1217.1
68.5,312.5
67,1132
69.636,149.98
80.862,419.12
77.282,289.73
70.412,740.94
85.67,1241.6
77.737,800.8
75.735,858.22
84.182,642.11
77.609,267.57
78.4,935.91
90.27,592.32
86.542,694.11
83.5,879
87.625,888.12
89.97,1199.4
92.486,671.51
91.784,921.02
97.649,1175.5
102.56,711
115.93,813.53
91.4,150.4
106.16,1254.2
96.458,356.17
99.126,1114.4
95.449,540.54
98.094,249.03
102.45,7.1242
98.147,368.26
116.59,507.66
99.833,1319.5
102.6,762.53
115.42,543.41
105.2,623.71
109.93,478
108,914
116.27,880.6
114.82,229.47
154.35,625.38
110.57,954.9
128.32,1190.3
118.13,297.78
123.39,434.63
117.61,583.71
124.43,974.25
120.56,1330
118.17,625.76
129.1,1057.9
117,950.17
125.54,605.87
121,294
122.25,460.26
121.37,488.52
137.91,712.6
128.94,856.39
124.95,1094.3
125,1170.2
130.92,1271.9
127.18,684.96
163.47,344.89
128.35,844.27
127.58,933.89
135.01,255.8
139.79,896.54
145.44,103.68
142.97,455.19
136.8,200.32
143.04,172.14
143.46,556.34
139.27,786.68
147.09,956.07
142.35,1285.8
143.96,1044.4
144.12,1220.8
163.96,1144.9
148.92,1304.4
146.67,1206.2
148,429.94
154.78,247.41
154.53,926.08
156.38,406.37
156.48,597.88
157.98,1064.7
155.57,126.93
154.67,1252.7
155,70
171.45,1263.3
159.23,1329.3
160.53,529.16
159.56,876.79
168.93,918.57
160.05,198.35
169.68,967.27
157.4,1036.4
160.2,550.33
160.95,55.636
205.4,140.88
161.38,213.28
161.89,232.31
163.86,1203.7
194.09,987.75
165.54,489.73
163.91,642.91
186.92,1304.9
165,115.5
166.23,1314.4
183.39,88.042
168.14,300.54
168.89,536.66
168.43,718.43
169.14,848
169.5,418.5
171.65,255.27
178.51,1226.7
175.88,1002.9
177.43,466.17
177.65,1034.3
189.27,420.63
185.47,1074.6
183.97,6.3057
178.8,50.3
196.46,242.04
191.16,1201.1
189.2,382.46
185.81,1162.1
185,52
186.12,658
194.05,49.16
189.32,611.99
200.05,650.01
201.62,1244.1
196.12,586.22
196.54,630.21
197.61,940.79
197.39,359.34
200.83,522.17
203.04,1058.4
199.37,1081.9
199.61,184.96
201.7,343.22
210.87,726.35
205.79,1105.1
206.4,59.524
223.82,1162.1
207.77,397.08
209.43,1203.2
218.51,320.38
212.38,1266.3
211.58,1083
210.91,1225.1
217.61,481
231.51,191.61
219.7,351.39
220.22,1287.2
219,1126
239.7,507.65
222.83,964.67
228.61,1306
247.65,1076.6
226.44,118.68
232.4,62.418
228.95,537.52
235.82,1209.4
238.51,371.17
235,636.65
262.14,777.13
235,732.82
237.55,753.68
236.57,1247.6
241.07,404.13
239.18,416.18
244.85,1321.3
240.62,830.5
258.72,118.68
245.59,478.94
244,626
249.67,1220.3
245.44,1277.9
248.07,1003
248.49,1286.6
248.94,543.59
250.83,698.73
250.08,1305.9
266.96,53.267
251.38,607.54
253.63,598.16
263.05,5.4734
255.89,248.16
258.14,822.03
255.48,980.06
255,880.5
261.52,1278.7
262.46,1182.6
271.11,1246.3
259.6,792.4
271.51,896.16
269.13,838.75
267.28,541.06
279.74,282.56
274.48,578.29
271.69,959.63
268.97,1113.4
290.01,161.83
269.06,1196.6
269.92,938.92
275.9,1313.7
278.13,987.88
294.88,1176.8
277.9,1135.6
315.44,426.21
285.15,15.889
296.7,59.473
285.4,536.79
301.64,101.32
285.66,679.59
307.16,825.25
290.56,1274.9
304.83,1108.4
303.32,211.48
294.79,352.8
338.1,875.66
291,970
291.89,1067.4
294.46,247.92
298.87,401.79
330.33,643.12
301.29,1328.5
296.08,948.05
298.67,1153
312.42,1234.1
299.77,1291.8
298,635
316.86,732.56
303.47,568.32
311.65,300.96
305.29,1003.5
310.24,331.2
322.57,1009.6
334.5,134.36
320.46,771.22
315.59,534.73
320.93,564.24
318.75,1274.2
331.5,1112.2
333.63,1290.4
337.84,707.04
347.27,1163.5
351.18,515.39
331.4,838.6
338.07,1086.2
333,31
335.34,465.55
351.41,228.31
341.36,322.17
348.69,782.18
344.18,55.329
347.45,574.81
356.17,1222.6
344.97,1118.5
346.08,96.815
355.79,171.52
357.45,325.36
354.99,1277.3
359.06,1116.1
360.62,1317
358.98,6.5578
370.91,40.948
359.04,467.3
356.62,96.969
366.36,387.37
360.11,288.02
360.5,75.5
361.62,1158.6
362,337.5
362.5,136.5
363.85,1249.7
370.23,1126.7
373.3,1147
371.07,1096.1
367.5,701
405.31,749.54
372.26,1283.6
371,824.5
373.59,479.41
378.53,343.36
375.23,554.48
391.19,194.79
390.34,1057.3
380.79,571.08
377.74,921.68
380.83,132.17
399.61,1244.1
379.57,182.61
386.23,260.73
396.74,944.41
396.97,102.58
386,283.77
383.56,527.11
388.55,503.7
389.88,1327.3
394.7,1302.3
402.04,830.36
401.57,317.05
397.67,791.26
396.07,605.8
413.5,373.2
399.5,737
400.19,348.15
423.48,138.71
406.07,42.2
419.88,1322.2
415.76,594.76
416.49,1007.8
411.5,170
418.5,58.866
419.26,494.88
410.34,1204
413.5,1294
427.39,216.01
418.34,259.18
453.94,446.05
414.58,901.47
420.78,930.7
426.38,28.222
423.62,890.61
420.87,1151.9
421.6,1030.5
421.55,856.18
422.86,1252.3
454.11,684.03
429.35,1279.8
462.53,1052
442.47,573.56
434.39,525.17
450.34,938.99
435.28,812.38
430.48,912.91
435.96,285.04
450.81,789.37
449.62,845.25
459.23,1122.8
446.93,1216.9
439,59.5
527.35,358.42
445.12,485.59
446.05,152.98
453.77,251.49
457.36,1319.9
467.5,30.836
450.82,1161.6
476.44,507.28
456.61,760.04
458.47,966.2
459,732.49
460.5,864.06
483.87,116.77
462.29,719.18
463.5,92
466.53,1155.5
491.25,743.09
480.04,895.49
484.2,563.83
474.25,469.84
472.81,832
477.94,935.5
473.57,539.12
473.33,1219.5
474.21,1192.2
479.08,1211.2
480.04,728.61
481.48,692
484.3,1140.9
488.98,860.17
485.38,1.8571
492.25,983.39
501.28,178.92
499.35,1261.3
513.19,22.328
495.23,455.35
499.45,65.11
502.96,655.38
505.96,704.97
495,787
496.42,1317
500.1,1329.5
496.62,328.12
504.8,902.86
500.72,1156.8
501.32,213.84
521.88,992.87
504.88,1003.2
508.98,433.42
510.71,1130.5
551.51,892.9
524.3,1065
507.4,679.5
507,558
509.92,142.92
510.61,629.5
523.88,613.99
516.62,481.68
519.97,419.15
520.18,526.76
543.71,664.09
523.52,1171.4
519.6,659.6
527.46,1105.7
522,46
523.6,138.6
524,459
528.04,1117.4
528.5,77
536.81,185.77
541.79,598.19
539.32,447.88
539.52,504.22
544.01,35.161
536.54,546.98
538.39,127.24
541.15,338.77
536.7,1288.2
537.4,430.4
538.5,1295
544.65,1230
545.06,109.91
551.07,146.39
554.5,1292.9
552.81,551.42
548.76,57.184
556.07,86.257
565.38,995.89
554.74,1261.9
563.61,604.12
553.44,1036.6
553.31,1118.9
561.34,262.02
566.46,190.23
558,522.19
600.81,1099.7
572.23,300.52
567.27,488.23
567.06,1323.9
573.17,213.24
570.81,416.12
603.71,1225.2
568.17,1180
579.82,110.54
570.4,174.4
573.42,619.08
575.39,427.46
571.5,1070.5
573.52,238.55
575,161.5
579.96,869.47
591.11,1183.3
604.49,941.28
584.19,341.67
585.26,1154.6
587.29,327.89
586.24,613.38
618.14,644.7
592.51,971.55
596.64,892.2
597.94,1133.5
595.67,195.84
595.23,357.77
597.64,1041.6
599.14,1328.4
594.17,315
605.15,506.19
596.48,458.59
602.16,597.2
598.92,1116.3
600.5,330.5
612.79,265.51
605.69,304.35
620.57,994.56
620.16,325.54
608.76,452.22
619.71,1269.3
611.64,567.72
639.63,1052.3
636.49,708.04
614.49,1047.5
612.5,1331.5
627.01,205.49
618.02,1113.5
652.99,162.22
619,307.5
620.83,298.15
631.64,1304.8
625.75,452.37
621.76,497.71
624.84,955.59
625.21,350.71
627.76,618.72
631.62,494.43
638.59,1167.8
649.43,282.63
644.9,935.62
636.94,604.41
637.42,1255.1
651.73,449.49
644.92,1331.3
666.95,602.09
645.59,219.41
644.5,829.5
651.82,392.3
663.45,348.4
646.89,416.42
677.46,577.28
649.64,1263.7
673.96,964.75
651.73,803.37
662.07,750.59
651.17,1009
661.37,1201.9
653.5,1229.5
654.5,365.5
674.71,637.95
658.17,710.6
660.08,826.82
659.81,1082.4
665.78,688.25
666.25,214.36
660.11,726.58
666.7,791.87
681.08,1165.4
683.88,1285.1
688.75,41.423
675.31,1242.7
662,835.5
676.98,1325.4
664.88,732.38
669.3,124.16
667.84,1278.7
666,466
667.5,274
677.55,860.46
694.24,226.07
677.06,375.26
681.67,1139.9
675,248.5
676.55,826.91
680.11,279.39
707.8,1079.3
679.93,288.44
680.71,1111.7
698.91,194.14
687.3,891.8
683,770.5
685.32,1036.9
689.35,304.16
693.11,343.63
703.84,981.07
688.04,1052.6
690.45,362.29
690.65,217.12
691.32,1115.4
724.88,355.4
703.62,548.8
694.24,783.31
728.78,766.35
700.88,168.39
701.92,96.769
708.84,1325.3
702.81,874.38
720.49,140.54
704.29,216.55
720.12,1139.3
704,1303
706.43,480.36
711.62,641.22
709.98,925.57
716.82,234.77
708.43,893.43
713.24,663.27
714.76,92.925
713.38,483.12
718.2,399.52
718.41,866.46
714,520
718.34,706.17
722.15,1210.4
717.52,1240.1
723.37,328.11
724.48,525.15
721.75,983.69
740.79,60.667
740.63,1294.9
742.94,669.83
733.14,188.16
735.94,1181.5
738.1,595.55
755.74,924.35
730,550
733.22,247.24
738.39,1232.5
732.77,877.19
805.31,1288
733.41,382.03
735.15,701.38
737.04,208.83
746.65,381.77
739.36,988.49
737,324
753.31,486.61
753.68,289.36
743,1245.5
743.63,546.2
775.02,845.84
744,686
755.89,107.61
746.63,970.37
764.01,16.135
756.79,167.66
763.54,1189.7
755.94,203.41
762.02,438.67
757.05,567.95
757,409
764.51,615.82
762.76,1162.1
768.34,520.13
772.91,594.77
764,813.5
764.75,1004.7
764,425
775.81,229.9
769.66,398.24
771.56,1236.9
783.9,360.37
772.5,338.89
777.07,634.09
781.97,1144.9
773.32,886.84
777.64,326.05
778.9,954.03
788.78,552.34
782.13,675.55
802.93,161.75
779.89,898.42
802.05,771.38
781.35,797.12
785.03,80.544
799.5,477.78
788.09,1233.1
789.82,41.315
808.07,1176.8
790.88,1205.6
835.5,489.58
793.18,704.71
795.59,323.13
801.04,1151.9
805.98,287.7
799.11,435.52
794,599
797.48,488.65
799.49,853.66
804.23,883.4
798,597
816.85,1328.1
801.4,649.12
811.4,1050.2
808.18,612.22
807.78,958.12
816.29,361.46
808.7,417.15
823.59,930.66
809,577
815.89,1247.4
812.98,88.576
815.29,725.09
815.83,995.66
821.38,563.09
817.02,1207.1
819.93,593.03
817.5,5.5
846.17,689.94
832.99,844.64
832.47,248.23
828.31,80.75
828.85,233.35
837.73,302.92
836.44,661.65
828,450
845.57,35.679
843.26,411.07
833.09,1013.5
836.94,1220.4
837.34,92.944
841.56,777.14
841.18,1303
840.32,1330.5
848.16,525.46
859.74,563.32
845.43,255.35
845.48,279.19
848.73,431.73
850.6,621.29
860.88,949.52
852.28,68.989
852.65,737.04
856.23,1025.3
852.78,758.87
852.48,873.49
853.62,101.19
854.52,1210.2
855.5,1312.4
855.18,929
857.02,1005.8
867.27,212.74
863.71,507.24
863.41,845
882.99,245.88
862.42,420.34
885.57,1233.4
859.93,862.74
863.85,406.78
882.22,883.08
863.89,913.8
905.78,1327.9
867.92,168.88
864.85,1220
875.19,1176.6
866.64,495.19
870.16,104.34
945.82,675.54
870.23,824.85
872.81,185.55
871.75,369.25
874.86,1280.9
886.48,410.44
878.92,138.11
877.62,964.87
918.54,744.29
881.26,923.58
888.04,323.08
892.28,1013.3
899.46,1200.4
884.61,855.41
882.67,75.093
885.11,270.43
891.05,987.79
884.95,9.25
884.22,562.68
884.76,774.37
889.09,54.087
887.93,212.74
890.07,933.1
889,838.41
891.29,370.28
896.31,483.01
894.07,1279.8
890.42,88.105
895.86,963.93
895,896
918.99,109.44
896,379
930.8,1063.8
907.51,349.48
916.73,429.28
907.42,757.35
949.68,834.8
928.45,29.356
910,278
925.05,944.07
916.91,359.42
927.03,879.58
921.95,1276
921.04,671.02
927.44,256.74
919,393
922.94,1185.4
936.81,54.396
927.08,388.92
954.91,142.31
930,1189
940.55,368.89
937.44,1295.5
941.23,536.44
938.8,1037.3
942.38,243.64
967.21,1010.6
969.58,280.2
941,793
942.58,1219
953.98,343.13
945.36,897.5
946.77,965.85
949.89,67.085
946.8,79.44
955.1,486.59
953.25,627.41
965.2,593.1
958.41,887.41
954.24,767.82
973.83,447.11
964.61,306.11
958.12,119.65
960.19,524.74
962.14,253
962.57,415.43
972.89,10.409
965.5,936
977.2,391.54
971.35,801.9
968.27,100.56
970.84,508.84
992,743.45
974.19,775.8
972.58,116.42
972.5,228
972,1243
980.46,618.01
974.43,1062.4
980.25,81.566
976.55,991.03
976,566
979.03,1246.8
979.04,1081.9
986.43,1329
979,688.88
992.1,1222.3
982.8,329.66
994.17,1106.3
984.35,555.37
984,1181
990.55,1139
996.12,34.146
989.52,138.33
988,267.5
987,469
998.06,791.44
1004.6,919.95
1006.7,947.38
989,198
1016.4,558.63
998.06,143.49
1024,1016.7
1009.4,12.481
1001.7,1069.9
1020.5,1173.1
1007.3,479.99
1006.3,80.442
1009.2,1330.9
1009.2,153.51
1012.9,432.26
1031.9,888.14
1007.7,732.54
1030.3,853.65
1020.9,771.3
1008.9,1087.3
1012.6,25.099
1013.1,644.79
1013.9,984.96
1016.9,200.44
1067.1,81.774
1017.6,733.29
1022.1,1062.9
1022.1,274.09
1055.9,1069.5
1019.5,796.5
1021,149.5
1030.6,293.53
1045.5,351.36
1021.5,921
1023.1,1204.1
1028.9,727.82
1041.4,513.49
1027.7,495.15
1050.3,232.64
1032.1,139.84
1042.1,973.82
1035.7,448.67
1033.5,531
1034.2,900
1049,105.1
1049.3,1288.6
1038.7,606.35
1072.6,628
1051.8,710.9
1042.2,786.04
1038,1106
1053.8,1123.6
1064.2,1167
1050.8,473.82
1060.8,759.21
1054.1,826.91
1047.9,395.03
1048,389
1052.8,611.75
1057.6,582.63
1054,867.19
1054.6,924.58
1054,1322.6
1056,1091.9
1065.2,449.29
1067.5,974.33
1062,779.88
1065.1,1328.5
1104.3,1000.6
1064.9,299.44
1074.7,879.14
1063.7,1139
1073,13.785
1069,558.56
1068.4,386.53
1069.4,598.7
1071.6,89.586
1075.5,489.55
1071.9,396.47
1081.5,345.66
1081,899.13
1084.2,737.36
1081.5,294.84
1085.6,1318.8
1114.2,217.2
1083.4,962.27
1087.6,372.33
1099.2,15.3
1093.3,474.04
1091,932.5
1110.1,760.39
1106.2,550.81
1110.7,1122.3
1092.1,1164.7
1112.7,312.68
1095.8,657.72
1093.6,288.53
1119.3,363.86
1112,811.97
1107.1,1201.8
1106.8,1260.4
1105.7,689.62
1115.6,140.45
1106.4,877.72
1107.3,608.54
1105.7,895.96
1110,432.98
1105,1094
1123.5,112.81
1109,620
1116.4,1328.4
1116.9,91.624
1114.9,1281.6
1119.6,1295.1
1116,272
1119.9,1177.9
1122.1,276.71
1130,1080.3
1130.4,875.86
1125.3,1152.2
1155,213.11
1126.4,913.77
1125,897.5
1127.6,1246.9
1140.3,1296.6
1128.4,525.34
1127.6,957.4
1142,1203.9
1137.2,1267.8
1133.7,29.587
1136,664.29
1144,840.66
1138.8,732.75
1147.9,967.82
1155.9,15.935
1148.2,72.587
1147.8,479.16
1148,908.02
1158.6,514.35
1156,695.66
1149,1022.1
1148.7,1312.1
1149,935.78
1206.9,1167.4
1162.8,398.93
1165,867.28
1160.3,282.38
1161.8,360.28
1162.4,464.75
1163.5,329.32
1168.9,541.79
1163,896.58
1166.6,765.59
1166.6,737.31
1172.7,1012
1179.5,483.42
1173.7,886.53
1190.3,133.95
1173.7,357.19
1191.8,62.546
1173.1,344.08
1175.2,719.19
1173.6,901.93
1217.6,786.18
1186.3,1301.9
1183.2,929.07
1180.9,304.28
1181.3,991.39
1189.8,960.39
1184.6,978.62
1201,1068.4
1184,723
1186.9,459.09
1204,185.81
1195.4,892.97
1188,1013
1196.1,275.52
1206,362.49
1197.6,1248.3
1198.4,400.03
1198.5,510.38
1202.2,301.68
1210.2,323.86
1215.5,440.47
1220.1,223.27
1207.6,525.76
1215.8,840.55
1212.4,952.74
1226.2,971.81
1209.8,41.675
1215.5,577
1227,1255.4
1218,581
1221.6,118.35
1229.3,571.81
1226.8,1310.5
1227.4,882.46
1239.8,1125.4
1239.5,176.16
1236.4,357.41
1233.6,605.63
1236.1,143.62
1231.6,812.6
1254,1018.6
1236.5,24.494
1234.4,807.4
1265.6,254.51
1241.5,110.07
1239.5,48.5
1241.5,858.41
1281.7,402.23
1246.5,407
1246.5,427.85
1255.2,817.12
1251.3,10.29
1287.6,81.234
1248,616.9
1262.3,895.08
1250,630.04
1257.7,1231.3
1251.4,67.4
1254.4,38.941
1257.9,47.673
1263.8,1173.1
1272.1,193.83
1259.1,418.85
1259.4,1057.4
1260,221
1263.9,1121.8
1281.6,1067
1285,1204.4
1275,623.47
1270,36.011
1279.7,945.34
1269.4,1302.3
1271.2,161.68
1272.3,604.05
1290.9,463.37
1272.2,1003.7
1274.6,1142.6
1277.6,904.36
1279.1,993.12
1280.2,498.73
1289.5,1125.5
1301.7,1276.6
1281,1234.4
1296.4,818.97
1288.5,872.12
1286.7,668.64
1286.2,805.56
1296.2,641.55
1296.4,563.73
1294.2,1248.3
1306.8,133.11
1295.4,1007.9
1304.7,918.4
1295.4,210.07
1297.8,1295.9
1312.2,663.55
1302.8,968.6
1302.9,1167.1
1302.3,165.59
1301.6,1025.9
1309.3,2.5211
1303.3,175.58
1312.5,495.12
1305.5,184.19
1308.3,1330.5
1311.4,802.25
1306.3,1056.9
1312,37.098
1310.3,1256.2
1313.7,872.81
1307,1082
1309,1190.5
1312.2,68.624
1315.6,979.03
1315.3,1049.7
1317,158.95
1319.3,997.57
1316.8,1313.9
1319.6,1037.3
1319.1,199.5
1317.4,240.11
1322,512.54
1320.2,812.29
1325,830.43
1325.7,636.7
1319.6,1298.4
1325.6,890.72
1327.5,1328.4
1327.6,4.0278
1328.3,676.12
1321.8,1084.5
1328.3,1136.8
1327.5,1234.4
1329,34.137
1328.3,535.08
1329,1126.5
1329.9,1159.7
1330.1,1273.3
1330.7,278.92
1330.4,485.94
