6,838.1
3.1571,975.46
2.6591,1182.2
5.0909,365.09
5.4,701.6
9.7418,775.32
7.3438,488.47
14.832,250.93
17.576,551.24
20.233,37.712
20.293,725.45
27.226,406.84
32.028,823.43
32.88,101.12
31.609,1097.9
34.802,975.33
34.404,149.72
37.664,492.9
39.564,1191.5
41.586,299
43.867,198.56
45.186,546.34
43,100
53.509,632.08
48.624,148.74
50.234,927.05
58.891,523.63
58.143,714.14
59.5,317.5
62.114,657.64
73.215,836.23
68.128,441.87
74.181,359.92
74.426,557.12
83.543,1114.5
86.389,117.61
91.219,376.62
98.512,357.45
99.68,247.2
114.88,968.43
105.21,81.973
114.39,192.6
112.56,495.07
109.37,126.37
111.67,1041.6
112.94,728.76
118.17,785.81
123.91,467.5
129.05,518.95
133.62,1103.1
132.7,197.95
131.14,999
137.91,257.36
145.33,140.05
143.57,195.96
155.16,990.97
154.86,572.61
158,594
162.37,488.02
160.8,426.56
161.91,1141.9
166.14,815.28
169.98,662.78
174.56,903.08
180.83,344.5
192.3,490.04
194.82,709.03
191.39,866.25
192.07,24.407
197.79,800.71
196.39,1059
205.29,602.43
214.65,203.93
204.6,460.73
207.5,1057.4
215.12,670.79
217.08,505.47
217.66,811.32
218.79,958.29
225.7,88.333
228.93,1051.2
231.12,1154
230.69,552.77
237.77,245.13
240.95,437.53
240.56,847.33
242.88,102.37
248.77,592.63
252.03,22.077
251.81,909.31
252.77,223.73
252.5,665.2
250,833.5
255.3,1045.5
254.29,920.57
256.09,416.09
263.53,287.15
262.97,523.59
264.62,187.84
268.27,499.72
270.84,436.27
269.69,921
273.62,318.92
278.52,952.4
277.63,618.73
284.76,547.54
288.23,408.21
285.57,61.602
293.86,1043.3
299.57,305.63
299.5,245.38
301.24,576
305.15,1023.3
306.94,502.66
313.2,557.11
311.46,137.93
314.01,676.76
313.5,867.07
319.63,1072.9
326.95,328.09
330.38,571.5
329.11,1039.5
335.6,504.34
339.55,687.24
338.8,892.17
345.75,911.18
344.5,409
349.6,578.34
347.09,675.09
353.95,605.66
359.8,697.05
361.31,311.08
365.45,385.13
375.83,945.92
369.37,525.03
369.5,903
374.54,582.61
376.36,448.42
386.27,313.54
385.06,533.27
383.27,96.455
389.39,47.254
386.84,119.27
383.91,432.91
384,901.83
398.87,396.23
399.17,889.78
400.07,312.41
402.87,1142
407.55,380.77
409.71,906.2
410.89,426.13
411.31,666.25
415.21,184.71
417,398
418.58,257.45
431.44,72.036
431.58,310.31
435.9,23.746
432.36,433
432.72,1073.5
435.91,922.99
438.48,1011.7
447.07,1100.1
440.35,673.57
445.27,487
445.5,607.5
450.17,627.93
454.69,176.52
457.32,945.9
459.18,770.13
456.24,464.24
462.59,453.72
461.5,693.5
469.22,419.61
469.24,677.88
470.15,1004.2
469.51,165.88
468.2,759.32
474.63,505.34
471.76,961.91
473.34,122.53
490.51,486.04
481.07,1217
483.6,336.69
493,347.27
491.59,1244.6
494.93,259.8
504.42,460.06
500.63,1103.4
508.51,580.63
509,283.16
507.11,328.63
509.8,107.87
511.41,393.34
521.93,692.41
529.67,775.85
527.06,90.694
529.83,302.33
531.12,921.5
533.95,167.63
536.41,872.1
536.5,117
543.67,662.64
542.43,347.95
553.65,572.15
551.88,284.62
556.73,409.38
559.5,677.5
568.16,966.18
571.87,1219.1
570.5,397
571.81,829.91
579.62,157.76
575.63,693.63
575.92,1088.2
585.61,1179.9
581.23,84.66
577.96,643.58
585.94,514.95
583.85,300.65
587.95,1150.7
591.3,708.26
604.88,910.17
607.47,96.431
607.61,815.29
611.1,1044.4
617.41,21.802
619.75,407.57
620.7,112.75
628.94,141.43
633.3,638.89
630.78,346.56
633.9,674.62
642.61,796.06
639.21,1198.5
641.45,264.42
642,842.5
644.57,33.943
649.45,309.26
651.19,173.61
657.07,321.05
661.61,1034.3
659.42,700.06
663.4,268.58
666,570
665.13,76.032
664.5,388.5
667,421.5
674.06,668.09
675.89,1035.6
682.66,337.27
687.11,282.47
680.45,410.42
683,366.13
682.88,495.12
684.93,308
689.09,1143.4
690.34,1003.5
692.63,1025.9
687.06,1232.3
692.81,183.66
695.7,370.54
699.98,96.912
696.65,774.73
697.32,856.89
701.74,246.7
705.88,293.47
703.85,853.35
717.72,351.81
717,385
725.53,164.3
724,638
735.58,733.42
739.42,839.45
744.66,220.66
740.92,1169.4
741.89,616.42
743.5,499.5
747.54,696.94
753.16,676.55
755.74,180.56
756.06,588.03
758.31,755.09
769.53,240.55
767.63,568.52
768.18,280
772.12,141.45
781.13,1037.6
776.97,550.54
779.32,17.224
784.14,514.25
783,536.29
782.48,965.65
785.32,97.454
793,3.5422
791.5,998
800.96,1160.4
803.46,44.885
807.62,666.95
808.72,167.88
811.11,548.67
815.1,586.39
819.23,173.09
822.53,223.13
825.34,529.02
832.9,74.62
846,1197.8
838.78,102.47
839.48,205.68
840.9,876.91
846.3,692.72
847.07,175.59
849.93,446.07
864.87,1005.6
868.34,432.85
869.65,150.51
868.46,546.89
865.5,809
869.87,1155.5
873.5,632
872.93,788.41
875.69,412.98
881.85,401.07
885.1,452.59
883.71,906.78
890,125.23
893.97,1106.3
905.08,1243.8
907.32,365.27
907.5,135.78
910.91,637.13
912.22,210.19
913.83,620.54
921.5,1154.4
921.89,34.675
923.97,562.59
927.42,263.32
935.04,505
931.37,954.63
939.88,700.65
937.5,401.56
937.86,645.39
940.92,761.54
941.34,1189.5
942.63,808.47
948.23,466.93
948.42,117.66
947.89,644.81
948.37,153.63
968.88,121.65
975.69,1009.4
973.04,800.18
974.96,184.39
973.14,677.5
975.41,536.42
977.04,567.71
985.58,604.15
989.81,971.01
991.05,355.09
1001.2,50.597
1003.4,1011.4
1011.1,213.93
1011.5,876
1016.6,341.11
1019.4,474.49
1018,866.4
1026.9,621.39
1029.5,42.1
1033.7,401.47
1042.5,862.42
1045,707.94
1045.8,995.61
1049.3,1218.5
1049.8,202.27
1051.8,939.6
1056.6,876.14
1058.8,414.5
1063,269.5
1069.8,329.52
1070.2,721.81
1076.3,1158.1
1077,243.06
1078,544.85
1080.6,465.35
1084.7,57.195
1086.2,450.66
1086.3,130.05
1094.5,658.13
1095.3,1061
1096.4,959.4
1099.9,1101.2
1105.4,702
1110.1,848.66
1107.5,1123.5
1110.9,314.83
1113.9,168.96
1115.7,486.51
1117.9,596.68
1116.5,1247.2
1121.2,533.91
1120.1,1143.5
1121.2,396.33
1123,622.87
1124.3,191.5
1127.4,704.05
1125.6,683.38
1127.4,1118.4
1134.4,817.93
1136.2,1184.2
1134.6,616.17
1136,1207.8
1141.8,385.97
1146,173.12
1144,1240.4
1149.3,1062.4
1151.5,1106
1150.3,1167.8
1150.5,1080.3
1151,1029.5
1152.9,81.022
1152.9,127.44
1155.5,406.26
1155.8,470.3
1156.6,1231.6
1159.8,221.07
1168,1052.8
1164.1,331.68
1162,1223.3
1172.4,750.32
1175.7,962.93
1174.9,888.16
1176.2,987.54
1176,1024.4
1177.8,1036.9
1180.7,1130
1180.7,759.52
1181.1,1179
1185.5,240.38
1185.5,180.7
1186.4,843.54
1185.1,924.59
1185.1,1083.5
1194.3,1242.9
1198.7,1087.6
1203.6,623.87
1201.7,730.37
1200.9,1113.6
1201.5,1221.7
1204.6,461.26
1206.5,1031
1203.4,1183.9
1206.1,215.5
1211.3,270.97
1211.7,876
1211,881.5
1218.3,830.3
1219,191.25
1233.2,403.01
1223.4,1024.2
1227.9,422.22
1226,702.59
1227.2,506.25
1230.6,266.24
1233.2,1238.8
1233.1,1087.7
1235.9,203.03
1240,539.7
1237.1,645.59
1242.2,581.88
1245.4,290.48
1245.9,915.41
