9.9735,5.3492
4.3889,877.5
11.624,24.843
14.979,139.96
14.343,162.2
21.803,852.74
41.653,453.5
59.625,468.62
72.161,480.69
85.153,400.44
108.29,500.89
85.435,528.46
91.984,113.22
93.845,265.23
111.57,449.4
105.97,196.56
105.84,87.798
124.97,15.587
119.81,393.53
127.07,300.55
215.06,52.429
152,524
203.71,1212.1
212.58,243.24
214.44,1096.4
218.37,564.47
225.07,1139.1
232.35,532.94
239.89,573.91
223.06,744.13
235.09,1329.9
249.48,619.21
279.3,642.5
290.78,179.65
299.5,653.96
346.43,1330.6
440.81,649.34
361.58,1275
373.12,1043.9
383.88,1319.4
417.14,1038.6
411.75,1285.1
415.1,19.327
420.39,319.61
442.62,382.79
463.96,931.19
458.72,47.188
490.39,318.29
542.3,30.566
480.04,1047
491.51,403.03
485.54,372.02
498,1025
531.97,406.61
538,103.81
546.77,125.44
571.68,68.575
577.57,721.49
569.31,42.008
574.44,697.18
603.7,379.86
596.76,1045.2
596.14,1164.1
601.42,1025.9
610.96,718.36
613.64,1024.6
617.75,1148
619.16,45.429
628.97,725.72
626.65,63.161
625.07,1113.6
640.35,606
658.3,85.301
654.31,731.36
658.19,1108.1
658.1,22.348
696.4,4.0879
688.05,92.568
695.18,100.9
703.65,725.34
710.44,90.119
727.3,86.27
739.79,246.69
750.73,2.2406
768.07,659.4
768.26,222.67
792.83,589.18
834.5,15.5
864.33,1104.1
848.76,502.84
918.73,538.01
893.44,894
936.87,963.26
1010.5,1060.8
1013,1016.3
1030.1,964.98
1047.5,590.81
1083.8,262.8
1098.3,596.95
1122.1,1276
1151.6,671.42
1158.5,106.84
1174.7,1316.4
1176.5,128.5
1180.3,1045.8
1224.5,1191.2
1198.1,1309.2
1232,870.86
1247.7,869.84
1288.2,788.63
1279.2,1031.2
1295.3,140.7
1298.4,568.48
1295.8,599.93
1301.1,618.49
1309.8,1012.9
1328,1003.5
