2.6857,227.54
4.1481,719.94
8.9352,447.69
12.158,212.05
23.596,520.8
34.292,474.27
33.119,40.449
42.667,713.94
41.65,397.8
48.174,145.88
49.925,230.74
52.656,667.38
60.5,767.5
60.5,327
75.053,205.26
75.103,715.07
79.5,505.76
104.13,16.8
106.5,542.52
112.29,806.92
113.4,464.17
113.83,1085.5
116.96,1071.4
115.91,708.23
120.71,956.04
128.81,107.6
134.45,769.43
140.62,6.2397
146.2,1018.4
155.15,148.18
158,854.61
160.06,576.65
162.82,678.41
165.12,370.89
176.77,202.76
178.18,776.7
174,946
180.83,656.85
184.27,271.95
190.37,206.5
192.31,1115.3
191.89,1.8333
201.24,166.9
208.72,1107.7
208.91,309.09
217.96,293.43
233.82,926.66
241.03,1180.5
244.23,508.87
253.37,21.436
253,398.5
251.29,757.61
255.43,554.47
258.73,144.21
260.27,418.16
267.08,17.083
270.86,770.57
274.58,231.28
273.8,442.06
277.83,556.5
277,301.5
280.08,661.86
279.9,729.62
286.07,860.41
289.34,151.89
297.94,369.43
303.1,928.37
324.83,428
333.13,854.32
335.06,574.03
336.37,914.69
337.01,47.057
356.19,1014.1
354.08,1094.9
355.35,435.91
360.13,115.26
366.63,297.22
375.26,760.63
372.62,1215.5
377.82,472.37
375.5,587.2
381.55,795.71
384.04,218.42
383.19,686.4
385.45,1055.5
387.12,962.88
392.41,1022.4
394.81,655.93
398.24,242.98
409.22,179.24
412.29,745.5
415.71,476.61
417.95,151.46
417.95,1093.4
416.77,1194.4
422.15,817.36
434.5,454
438.19,617.12
436.71,843
437.73,364.27
438.39,863.41
443.8,982.5
443.36,1158.7
455.89,173.37
448.96,268.92
458.51,829.13
472.63,833.84
472.5,597.5
475.49,961.2
486.08,288.02
483.09,742.91
491,52.104
491.71,443.41
504.52,100.4
507.53,1111.2
513.6,219.16
512.21,1217.8
523.45,556.71
533.85,522.89
538.56,496.8
548.64,118.51
549.96,9.9444
555.37,1171.6
570.34,665.92
572.89,253.86
586.19,205.37
584.77,185.6
589.31,602.5
589,580.72
602.85,924.26
599,222.5
608.54,665.3
610.04,1001.8
622.85,886.54
623.58,96.895
626.96,1172.8
636.43,613.55
635.51,437.45
638.56,168.66
642.24,727.09
644.85,1217.3
643.9,256.84
649.12,239.36
654.76,90.585
666.56,222.82
679.83,375.82
681.19,465.27
682.45,207.77
679.08,1240.9
683.92,1109.9
693.09,343.76
703.28,1119.4
710.53,1094.9
711.41,300.92
714.28,826.78
716.66,1060.5
713.11,1072.7
720.18,1193.2
735.07,1104.1
742.4,944.08
743.99,800.46
749.03,1023
750.57,1079.1
764.76,887.91
762.32,423.62
761.58,568.89
761.29,1118.4
767.15,41.169
765.29,760.43
769.2,1099.8
767.91,373.57
774.01,1064.5
775.92,948.56
788.86,341.03
800.97,752.52
797.92,1180.1
800.79,74.057
804.04,1243.1
808.83,463.09
809.22,679.23
825.08,1209
819.69,216.89
817.69,940.91
823.06,345.38
826,856.26
837.41,258.2
845.02,1172.6
842.7,788.6
847.5,1074.9
848.22,935.47
850.51,573.16
854.89,892.31
849.42,1033.3
852.21,1244.7
854.45,1222.3
857.98,522.3
859.79,628.76
859.59,874.02
858,1107.5
862.43,1141.6
873.38,1164.3
886.23,1190.9
871.01,17.846
912.22,1023.7
915.6,620.01
921.89,903.56
928.24,429.53
928.94,1159.1
933.67,336
942.41,728.36
947.07,76.933
952,1055.1
961,1226.9
980.31,1041.2
961.11,1137.6
967.62,630.8
970.58,348.11
980.44,396.67
990.01,1079.4
993.84,1157.4
992.43,859.35
994.29,1002.7
1010.7,783.78
1010.9,816.1
1011.8,267.62
1024.2,547.57
1025.5,453
1029.1,851.08
1034.5,920.77
1031.1,1103.6
1039.1,786.96
1046.5,513
1055.3,542.79
1066.4,621.41
1069.8,539.82
1078.6,261.17
1077.2,395.91
1082.2,1122.4
1085.6,653.64
1090.5,71.769
1103.8,1107.9
1105.6,398.36
1104.6,564.89
1113.5,430.44
1115.1,298.41
1125.7,758.57
1135.3,853.96
1138.7,993.09
1153.6,1192.3
1158.8,360.67
1181.9,176.56
1199,340
1212.8,472.53
1212.5,1096.4
1220,245
1231.4,830.68
1238.3,622.3
1244.8,586.47
