9.1794,8.9122
2.2941,65.294
6.4319,128.03
3.8,303.87
7.3346,343.53
12.63,390.09
71.485,516.79
5.6966,553.9
2.3469,743.61
1.5,758.5
10.303,766.25
5.3443,860.96
24.358,889.42
5.2,1020.3
22.802,1101.2
2.759,1140.9
2.8333,1159.4
12.322,1244.8
1.8947,1282.3
4.4286,1182.6
14.123,1184.8
24.582,658.61
15.17,1329.5
22.32,1307.5
17.706,732.34
10.142,1061
28.156,574.82
55.455,289.36
26.018,347.65
22.37,1202.4
53.373,246.82
21,425.5
95.746,781
23.934,1011.2
32.96,134.37
38.542,1220.1
23.421,1273.1
28.684,1042.2
33.017,1249.5
43.125,88.396
30.5,147.5
31.036,1079
35.971,6.9429
36.396,989.93
33.5,618
35.13,121.17
47.91,690.15
43.633,1049.2
45.226,1029.3
45.241,1065.1
59.63,447.5
46.667,1076
79.435,1284.8
55.381,1.8571
53.5,566
56.93,271.93
66.887,994.19
55.44,1068.1
79.753,19.884
59.66,1075.9
64.317,921.24
79.293,64.429
70.921,386.11
75.626,627.84
105.95,870.71
80.848,1133.3
89.388,310.02
73.156,49.906
82.612,1317.7
85.713,106.24
82.882,948.25
88.852,646.21
86.471,931.09
86.574,1203.7
147.13,1312.2
91.216,136.71
91.528,577.2
89,348.17
95.745,387.81
92.556,949.93
92.484,979.03
93.8,1170.7
104.68,274.71
111.93,152.13
120.41,43.704
99.833,324.93
100.66,1181.8
113.38,1089.8
103.57,547.17
104.96,1124.2
116.5,124.04
129.2,648.55
108.28,995.35
109.5,1146.9
169.48,1246.6
120.9,981.72
128.44,1192.2
117.59,1030.3
125.23,1144.8
123.24,478.42
142.34,246.39
124.3,311.95
134.8,579.26
136.23,416.95
138.14,1012.2
127.92,1118.8
129.11,1126.6
235.43,970.02
131,467
157.15,1075.9
147.63,475.93
174.79,205.88
152.63,458.58
147.02,117.16
141.65,152.1
140.96,78.4
152.13,9.6471
156.74,37.01
153.25,915.42
156.35,347.4
154.29,609.88
158.15,1230.6
154.97,882.07
159.89,72.606
187.7,370.33
158.03,1021.4
169.85,97.209
159.77,215.23
162.32,369.92
168.87,664.01
170.55,430.13
166.11,897.58
169.35,1209.8
172.74,1142.7
169.91,989.07
173.64,3.1333
174.6,495.83
235.08,606.46
175.22,16.525
181.05,548.61
175.6,1231
179.19,590.23
180.9,771.61
191.34,821.68
217.17,408.12
186.11,1065.2
190.83,1084.4
195.54,1204.8
196.18,1165.2
196.8,1312.1
193.28,104.91
199.08,868.95
195.76,76.676
196.67,193
209.32,549.67
197.5,735.5
214.57,461.77
201.42,673.83
211.08,41.24
204.93,733.4
208.32,128.9
207.56,1144.6
244.87,654.51
223.63,1161.5
217.76,713.51
217.34,1270.2
217.51,1187
217.11,1330.6
217,675
226.25,343.12
229.66,503.99
221.7,679.8
224.4,1103.5
225.8,106.83
232.46,239.06
226.41,355.94
232.12,736.22
245.5,531
239.31,859.11
231.64,1084.3
235.25,49.127
251.78,1217
237.5,31.633
246.3,693.95
257.51,741.85
242.67,1172.4
241.44,998.8
246.11,633.18
250.59,1264.7
248.79,1148.7
253.34,1010.8
258.38,783.27
254.41,869.07
266.79,856.97
262.64,329.41
268.07,1165.9
270.75,1246.5
266.75,873.88
273.17,754.73
286.89,795.44
282.43,382.1
276,1229.5
284.02,437.15
280.24,843.05
279.84,1180.3
283.26,665.12
310.67,1120
285.62,1111.1
300.79,640.41
287.81,1193.8
287,823
307.59,886.9
294.22,97.636
303.96,742.52
290.5,827
312.86,406.32
370.7,770.6
316.78,669.19
325.02,697.64
308.84,1279.1
330.7,1040.1
309.5,365
315.53,760.41
320.91,1213
322.5,929.95
321.49,916.86
327.95,442.05
326.14,589.19
340.98,634.09
323.55,1300.7
323.5,845
325.96,854.04
339.15,782.74
330.74,496.66
347.46,1016.1
330.59,546.41
333.48,359.02
334.95,755.86
340.51,226.07
343.57,1067.3
339.98,1258.5
350.01,422.39
360.3,478.23
344.55,247.13
347.4,846.33
350.04,552.97
349.86,366.72
401.01,638.52
347.69,952.28
370.69,1229.1
356.32,1142.7
404.21,885.89
360.16,1191.4
375.34,1093.6
363.65,670.73
364.9,1170
398.95,968.73
377.76,376.11
378.42,525.89
389.92,514.82
418.87,558.31
387.87,429.82
398,822.71
399.59,493.23
413.59,1244
404.79,439.16
408.02,393.01
415.18,467.82
412,577
439.92,1099.9
437.42,443.86
426.71,1160.4
426.89,1319
428.5,1000.5
431.68,908.36
430.98,485.11
430.88,1059.3
430,1069.5
441.86,809.82
448,387.75
447.49,597
447.14,347.75
449.97,640.79
455.57,695.86
448,918.22
448.77,1042.3
448.05,1266.7
451.92,827.46
456.55,795.5
454.59,515.91
449.76,730
473.41,1026.9
464.01,410.86
470.87,470.58
466.09,1175.5
465.62,784.7
465,1259
474.17,1130.1
474.14,444.16
475.74,386.79
476.31,319.74
474.5,911.5
479.33,274.75
493.45,839.81
474.02,1246.5
491.62,36.475
478.67,786.17
481.61,432.42
480.85,540.27
483.92,1080.8
490.85,1099.6
483.04,1158.6
485.87,451.87
493.12,621.73
486,652.5
492.25,681.38
490.77,389.28
488.14,585
517.86,77.876
505.33,1153.6
495.86,991.14
513.7,489.48
502.39,893.63
510.33,799.36
510.2,931.19
539.15,438.59
511.58,367.71
510.97,108.43
514.97,638.97
513.14,433.14
516.82,743.23
514.77,758.73
517.31,456.26
517.96,662.05
518.63,1012.2
529.89,898.43
551.67,1204.1
524.85,720.3
519.41,1125.2
519.17,1178
522.4,1185.4
527.68,99.696
534.88,123.21
560.6,666.33
527.88,60
532.03,308.74
545.53,1004.9
538.54,609.68
546.38,1292.5
542.07,21.027
538.1,494.97
537.57,847.22
535.89,1022.4
538.14,153.53
539.17,99.075
543.65,694.76
543.79,593.81
545.11,985.56
541,314.5
555.18,1047.3
582.76,1158
562.57,711.96
563.51,512.65
572.36,53.42
586.85,587.53
562.07,1181.7
586.91,619.77
567.63,927.16
563.53,968.56
578.1,1066.3
580.92,143
574.68,1238.1
578.96,442.64
601.09,365.32
577.57,718.96
610.1,783.49
586.09,483.37
578.01,847.03
586.44,1021
606.42,275.78
582.5,1243.5
588.61,1317.8
597.02,411.51
608.36,1022.7
594,1219
603.83,22.72
599.72,542.53
604.38,824.03
619.47,710.97
604.87,1263
613.97,1071.7
604.04,1145.8
607.5,848.06
614.02,920.52
603.45,227.58
607.95,150.79
606,947
611.54,457.59
613.66,545.23
651.32,1182.6
613.12,1331.1
624.64,233.59
623.68,881.05
620.27,506.72
619.46,824.85
619.44,128.5
646.44,549.84
622.8,163
625.41,472.69
632.84,742.38
624.04,1115
628.29,586.57
637.2,1304.2
642.1,410.73
627.14,1057.1
632.44,44.436
628,947.5
631.52,168.84
635.55,830.05
659.96,1124.5
639.97,1027.7
637.72,959.86
644.84,117.49
644.59,1238.8
678.02,649.99
645.81,864.52
650.8,622.59
647.59,179.89
647.09,923.09
647.41,34.941
648.79,1055.2
652.24,278.07
650.78,596.68
664.53,992.4
653,27
663.62,67.691
659.22,187.9
656.59,694.54
657.12,522.65
667.02,20.739
671.12,845.52
661.88,137.37
661.98,318.72
661.55,338.71
668.3,918.24
711.89,152.82
668.24,878.74
685.61,683.48
672.54,754.71
670.31,167.36
679.17,489.01
678.06,1076.3
679.31,1017.6
677.51,329.74
688.26,1296.6
691.18,547.11
680,565
687.7,1219.4
691.19,772.12
685.4,802.18
684.46,787.04
698.26,966.09
687.77,33.574
687.17,1052
691.02,333.07
687.33,180.83
707.71,893.08
690.09,255.91
695.32,991.56
712.39,1241.1
695.5,248
701.51,47
705.21,845.06
822.47,979.84
715.33,429.71
703.35,1007.5
705.96,1173.3
708.09,1128.2
707.59,710.79
757.35,723.27
710.73,84.139
707.97,362.89
725.69,794.38
715.52,310.8
708,1115
713.21,582.19
719.31,1036.5
718.96,1329.4
714.56,654.52
730.98,1195.9
716.66,1310
725.69,1161.2
719.89,106.56
723.88,371.27
726.13,647.29
723.83,26.233
726.4,190.77
728.87,214.99
729.59,703.38
730.88,951.82
734.07,325.04
753.42,1282
732.94,1293.5
749.18,19.409
739.92,1131.6
748.42,443.64
743.38,691.97
758.57,574.08
742.12,671.35
745.48,638.9
753.64,135.11
747,191
751.04,1207.1
755.35,474.34
751.19,199.42
783.53,1203.8
763.19,77.657
768.11,336.01
810.56,211.37
757.04,487.53
829.57,379.95
806.1,803.83
761.69,100.86
764.84,527.77
777.38,1304.5
822.99,870.35
766.89,1226.4
767.5,954.39
768.41,1212.4
780.34,1057.4
769.11,1090.4
772.67,1024.7
772.94,1001.1
777.25,1244.8
786.17,433.28
788.46,1076.6
780.44,621.16
843.24,609.65
780.72,871.58
779,1040
782.56,106.92
781,535.5
782.89,1095.4
783.68,732.58
798.61,88.429
796.27,1126.9
789.05,1023.6
807.25,283.24
796.98,742.32
798,1170
819.34,495
803.23,487.38
803.39,604.57
851.78,766.19
803.94,1042.4
806.82,1051.4
810.41,1250.6
808.68,413.67
807.58,1094.7
818.05,858.05
817.19,1295.7
829.32,1227
891,186.49
826.57,898.06
840.54,1108.1
833.53,1172
829.36,103.11
829.87,1032.7
837.8,1046.8
833.14,1314.1
843.67,121.17
839.91,957.46
835.03,1012.2
835.89,305.96
842.29,389.81
839.8,687.94
855.49,1279.1
869.56,453.68
839.94,735.36
840,889.7
842.73,662.42
840,423
881.41,703.88
845.05,413.93
847.47,96.706
851.41,314.17
870.79,1185.2
851.24,1014.7
857.07,665.49
860.69,997.59
855.06,1310.2
860.17,497.91
858.63,879.96
859,340.41
857.62,1327
860.26,1033
858.5,1048.5
870.64,153.86
864.53,1218.1
866.32,253.01
869.81,1123.5
873.97,423.84
871.23,1327.2
876.55,322.06
881.39,638.34
885.72,879.73
877.78,354.32
893.21,999.81
882.77,484.76
878.52,533.74
897.11,410.1
909.01,1111.3
886,362
888.31,540.74
897.97,1255.6
891.98,1042.1
891.47,132.42
893.47,1287.3
907.36,824.28
895,362
898.91,544.86
906.86,1317.4
908.18,487.6
913.02,460.77
906.62,592.12
910.14,300.45
912.42,1037.5
931.84,418.68
915.17,1223.8
922.37,312.25
942.98,792.54
921.56,1281.5
930.76,591.73
923.5,1075.4
932.7,475.97
926.24,1127.7
936.48,1309.1
933.04,1025
931.31,577.39
938.61,635.71
934.59,293.39
964.49,573.46
941.14,874.92
935.98,1078.9
946.56,1107
938.65,1192.6
944.99,508.77
943.74,1263.6
956.07,326.79
1014.6,320.1
948.57,745.31
951.18,1216.5
948.09,382.95
963.1,702.17
950.32,1202.1
951.1,476.05
967.23,964.61
952.5,1243
953.5,1234.5
960.56,218.5
960.66,1173.6
965.69,450.27
957.68,1146.5
1058.2,1261.9
972.16,632.92
974.77,657.79
960,538
960.54,745.82
964.23,825.02
965.96,1045.2
977.39,479.62
986.01,777.47
980.87,227.97
969.56,1159
976.16,1122.5
975.39,805.42
1008.6,873.01
971.57,402.09
986.92,342.82
978.86,1071.9
977.55,1152.1
984.56,815.01
991.12,1040.6
988.98,1108.1
1025.1,472.71
989.59,1272.9
1003.4,1325.8
991.6,402.65
991.42,672.11
1006.1,1086.4
1006,611.41
992.5,803
996.04,975.26
999.74,159.44
1030.5,629.12
999.06,870.41
995.04,561.4
999.85,1122.2
1002,954
1012.8,976.51
1009.8,188.14
1026.9,238.69
1008.6,790.17
1014.8,1047.4
1023.4,1261.4
1014.6,700.36
1036.6,1007.6
1025.5,363.85
1052.3,193.72
1024.1,741.8
1031,703.71
1025.6,1190.6
1032,275.3
1025.2,930.06
1033.3,770.85
1032.6,975.7
1038.8,1076.3
1049.2,289.87
1036.3,988.6
1037.1,579.83
1055.6,717.09
1036.7,759.17
1042.8,899.34
1049.8,366.27
1044.5,1099
1043.9,775.88
1048.1,347.17
1056.3,660.21
1060.7,107.68
1064.6,1161.4
1045.6,1235.4
1047.3,740.61
1059,944.79
1058.2,477.04
1055.5,1087.9
1059.2,1120.8
1059.5,687.55
1057,346
1074.3,566.18
1060.6,1026.4
1069.2,226.55
1077.2,259.09
1066.6,275.88
1078.6,1069.9
1097.5,337.67
1074,1094.9
1093,379.45
1078.7,1328.5
1082.9,893.84
1123.5,912.18
1093.4,1104.4
1086.4,593.88
1091.6,1038.1
1092.1,1141.3
1088.8,710.62
1090.4,693.5
1101.1,283.7
1092.5,1217
1105.4,1294.9
1098.9,478.25
1107.2,515.8
1110.9,970.38
1103.1,240.18
1113.6,206.24
1127.5,1251.2
1113.1,604.47
1127.2,1130.6
1130.5,556.99
1124.2,292.87
1122.1,1041.7
1144.8,759.83
1120,582.66
1129.3,397.65
1127.1,986.45
1138,595.36
1130.1,972.83
1130,1308
1199.9,516.21
1134.7,785.66
1145.9,721.94
1141.2,1104.8
1141.5,276.69
1143.4,957
1169,394.51
1149.9,975.91
1143.5,1229
1171.6,241.21
1148.9,1015.1
1150,1229.6
1153.4,619.79
1165.9,1109.8
1164.3,536.75
1164.5,926.89
1156.6,842.63
1160.9,795.37
1171.5,1327.2
1172.6,167.8
1180.7,305.93
1163.1,343.88
1164.4,291.98
1166.8,867.61
1172.7,1311.7
1172,732.14
1176.4,1178.7
1174.2,444.66
1175.3,1277.4
1177.9,586.67
1187.7,797.45
1195.2,355.77
1181,631.37
1187.6,532.51
1189.4,701.89
1183,277.5
1187.1,558.25
1195.3,671.52
1190.9,957.01
1186.9,1067.9
1188.9,986.42
1214.5,1020
1196.6,431.98
1193.3,750.27
1193.5,1163.5
1200.1,634.23
1194,1080
1200.5,587.62
1198.6,1012.8
1203.1,319.44
1202.7,1061.3
1212.2,179.38
1206,268.48
1214.6,1287.1
1213,891.61
1206,950
1220.5,567.04
1222.8,753.29
1224.9,618.11
1214,789
1243.7,1329.4
1225.5,241.09
1226.1,695.78
1223.9,922.81
1258.8,1137.5
1230.5,171.67
1237.9,449.06
1237.1,836.4
1233.8,903.65
1231.3,963.95
1240.1,933.44
1244.7,888.26
1247,950.93
1239.1,417.08
1243.4,385.77
1244.8,642.12
1241.8,722.33
1245.4,484.72
1244.9,1021.5
1249.1,982.99
1258.2,723.69
1266.5,912.49
1255.7,440.74
1259,633.63
1267.9,1009.7
1300.5,878.96
1280.8,362.1
1260.8,488.11
1259.3,1279.9
1265.4,174.56
1284,213.33
1260,774.91
1263.4,1247.9
1277.2,1255.9
1274.8,1286.3
1273.9,662.87
1296.9,1025.4
1274.5,681.85
1298,959.57
1282.5,415.99
1288.4,495.59
1280.5,469.91
1282.9,1223.4
1311.5,1271.9
1296.6,985.84
1292.2,1260.2
1293.8,680.1
1314.9,430.39
1306.7,595.07
1306.1,698.49
1301.8,842.05
1301.5,1189.3
1302.9,310.2
1309.5,477.59
1304.6,190.3
1317.1,1051.6
1311,566.42
1307.9,511.58
1318.1,1095.6
1324.2,842.52
1316.9,1184.5
1316,743
1324,605.5
1328.3,758.93
1328.2,227.98
1328.2,489.59
1328.9,1178.8
1327.7,716.13
1329.8,1328.7
1331.5,855
