31.589,84.033
1.5,167
2.1,203.67
3.6923,285.83
1.8,328.7
2.2105,348.58
4.2632,438.3
4.6283,509.08
4.4225,683.9
8.7762,760.53
5.1255,871.2
2.5,902.11
6.046,928.66
11.821,993.86
4.9657,1156.7
4.4324,1175.9
10.714,1209.7
11.23,1250.3
35.191,200.9
7.9062,1050.4
31.275,1107.4
7.5618,1318.9
14.325,132.42
20.989,470.56
31.235,361.14
27.237,570.05
13.474,1144.9
16.068,1320.8
22.08,29.443
35.701,836.81
17.111,743.22
15.913,972.48
19.75,882.71
37.499,727.45
22.827,874.75
25.577,1008
41.354,421.41
69.738,1188.8
49.858,649.62
25.421,509.89
26.6,685.65
28.671,1253.1
26,515
32.661,1048.5
47.87,777.77
38.857,923.63
30.558,987.55
34.125,272.04
29,504
60.184,1302.4
42.973,10.481
62.744,250.87
33,500
38.744,960.82
36.205,312.56
35.561,1232.8
46.361,143.17
46.11,510.58
42.672,803.38
48.235,614.6
56.819,1030.5
49.821,979.53
59.348,40.154
67.909,314.06
61.497,892.61
56,504
65.029,845.61
72.14,162.3
106.05,1129.3
85.702,746.44
71.204,916.46
86.207,98.778
77.939,670.94
79.973,859.54
68.588,494
67.857,689.86
75.536,989.19
74.084,961.34
74.418,1230.1
72.197,381.03
76.465,1064.3
72.5,469.5
75.593,1216.1
76.568,1262.8
116.14,1242.9
79.17,550.39
88.899,307.74
93.241,501.79
103,916.03
89.021,689.89
87.593,713.48
93.729,386.04
100.49,587.64
97.246,440.96
93.811,1086.1
100.29,160.44
93.774,365.84
99.837,951.47
96.722,1070.7
105.99,1104
101,555.79
105.82,1266.2
149.3,652.23
102.88,215.21
103.97,278.32
115.75,835.29
106.62,333.58
106.86,708.73
112.28,1327.6
108.24,381.96
125.36,1073.4
141.36,997.1
109,512
109,769
114.17,271.11
115.15,882.03
115.63,1152.8
117.6,940.56
115,608
129.36,464.07
119.69,178.57
121.34,773.69
121.99,80.352
119.5,726
154.03,814.05
122.05,1118.7
130.15,1303.5
127.17,687.19
122.63,301.5
126.49,321.21
131.59,1275.6
133.09,1098.6
127,731.5
150.14,1323
166.53,43.995
132.59,383.93
132.5,250.5
136.16,238.73
134.5,330.5
140.41,413.27
138.5,321
144.96,216.03
168.88,148.98
150.95,521.28
149.72,567.9
144,711.5
189.46,503.65
150.01,1188.5
161.74,276.3
153.21,716.41
154.52,1210.5
156.65,772.39
153.35,1070
152.6,1153.6
153.29,1225.7
155,1035
162.13,416.96
165.5,456.4
160.99,942.1
159.43,217.57
160.84,193.84
160,757.5
161.97,1072.9
181.45,712.76
163.52,1157.6
174.73,930.4
177.37,792.93
172.41,233.46
166.5,705.5
172.07,1044
191.21,1202.3
168.5,246
175.37,866.66
187.12,1072.1
176.48,1253.7
195.86,612.3
182.38,1294.9
178.59,980.06
188.79,432.1
189.27,1113.3
181,300
187.04,1027
182,536
190.88,640.17
187.34,745.47
192.38,325.12
187.89,958.09
188,3.8571
187.94,222.41
190.17,822.35
194.05,267.43
207.78,548.88
207.77,984.79
191.23,841.91
193.35,566.92
200.7,926.43
197.91,1044.4
203.69,84.219
200.17,407.73
201.89,592.23
210.74,1269.1
224.86,1017.3
228.42,91.539
233.15,736.35
207.79,439.69
205.84,660.92
247.81,844.64
210.29,1300.5
212.08,946.05
210.25,153.38
212.87,1287.4
212.65,1097.6
224.61,233.1
224.3,685.84
222.57,1329.1
220.67,138.22
222.38,421.56
259.62,621.34
220.97,628.23
220.2,1061.8
227.82,353.89
241.94,1267.4
234.86,1043.5
233.28,1120.4
231.72,402.28
234.58,614.14
237.63,455.53
250.07,933.7
247.92,188.17
238.5,431.7
251.22,795.94
242.4,278.79
243.81,256.1
253.3,700.88
243,1131
257.54,351.24
248.11,217.58
255.92,391.14
251.77,683.93
248.89,1279.4
271.16,1290.7
256.42,496.41
253.7,1148.9
252.21,431.49
255.08,574.89
251,274
271.14,463.24
255.93,3.7442
286.24,1222.1
280.11,69.989
267.29,1202.8
269.74,46.747
276.87,1245.4
268.82,163.77
270.47,586.04
268.34,151.37
270,417
270.5,250.5
280.46,673.15
276.78,812.8
274,35
274.94,979.41
281.46,504.48
279.5,955
280.14,1050.5
291.66,741.48
291.49,262.71
282,685
285.24,798.84
304.83,979.9
300.56,875.15
292.34,1029.7
295.62,145.12
293,376.34
296.01,444.49
296.03,316.28
303.11,344.2
292.64,428.9
292,163.5
320.84,579.53
295.63,905.11
297.1,113.1
296.82,957.33
301.24,286.61
297.83,516.13
312.05,1257.1
307.87,395.15
313.63,673.68
299.32,1305.2
305.09,455.83
301.83,31.667
302.64,66.213
321.61,1014.2
307.88,6.994
305.33,110
328.29,163.91
306,104
311.61,1327.1
311.12,44.333
322.56,271.23
317.02,233.29
317.02,1304.8
314.62,328.53
323.85,471.06
318.08,1226.8
326.74,499.54
326.66,951.1
327.34,721.69
327.86,885.63
325.9,86.038
326.54,369.49
352.11,783.2
328.71,22.074
334.08,243.15
329.01,1207.4
330.77,992.19
330.89,74.5
333.27,1322.3
334,419.75
337.35,213.94
347.62,322.68
342.53,385.3
350.03,438.27
339.19,637.46
337.71,92.289
336,99.5
369.05,668.79
337.97,1291
354.51,532.24
339,260
342.72,691.7
350.71,17.774
346.82,960.27
345.19,1246
348.8,416.38
355.35,865.99
344.92,1314.9
350.5,255.56
363.88,747.45
366.12,1306.1
351.07,822.47
347.5,1049
356.72,642.45
352.21,296.76
383.75,949.18
363.09,1187.5
364.64,273.5
357.81,396.37
356.78,1211
359.62,232.88
379.51,1032.9
369.44,517.57
365.44,1238.2
374.88,54.817
373.45,413.41
366.05,1074.8
362,1090.5
368.75,236.57
371.3,710.99
376.54,814.77
391.95,334.08
366,417
374.01,1101.7
386.95,95.606
372.46,875.94
379.9,579.95
377.11,796.83
383.03,366.12
376.78,856.88
381.61,1135.3
375,1170
376,1185
386.62,1004.3
384.59,1064.6
380.52,1222.7
385.76,1179.9
395.06,884.27
385.54,836.89
386.45,496.09
385.95,1158
407.24,1237.8
387,484.5
390.56,618.39
395.87,1316.5
417.72,681.72
397.75,197.17
401.3,1119.2
405.56,7.3784
406.91,155.52
402.62,449.61
400.69,33.444
401.91,768.19
399.97,406.83
397.75,1148.9
412.72,381.59
413.08,1079.1
399.62,225.78
442.16,999.01
413.48,741.42
402.27,579.23
404.92,672.39
403.47,213.13
408.27,494.76
405.5,301
412.32,1031.3
418.98,848.86
407,1045
411.02,1184.1
412.17,270.61
410.91,1101.5
412.04,406.46
414.14,533.56
442.15,1132.3
422.66,59.669
418,600.06
427.91,1320.6
425.48,903.89
456.62,780.37
427,963.81
430.14,211.66
438.68,705.19
424.43,1095.7
440.31,1178.4
440.37,6.8182
427.4,35.96
429.66,370.25
461.74,510.62
431.75,572.5
435.46,942.31
438.5,1267.8
439.54,595.03
439.37,295.37
444.15,146.8
440.02,228.2
439.5,728.5
441.75,1088.4
444.31,368.89
444.41,577.14
441.64,276.73
449.41,911.92
447.61,103.41
453.53,725.62
459.28,331.23
452.54,239.49
456.84,1253.7
492.95,1281
465.95,257.51
458.06,856.78
454.44,444.11
480.87,50.181
472.87,402.15
461.81,21.486
463.57,226.69
460.5,371
464.2,1219.7
472.03,1188.7
466.57,917.96
473.04,4.1511
468,954.28
473.14,614.23
473.57,439.98
474.4,360.96
478.97,832.65
477.66,738.74
479.2,925.34
481.09,276.49
486.26,453.07
533.01,394.11
492.33,212.39
484.67,1140.4
483.36,1025.4
495.17,1079.2
484.85,641.52
490.33,811.21
487.27,23.367
492.68,103.34
494.51,308.65
493.55,733.2
505.45,2.813
493.06,1279.6
497.78,81.849
502.15,419.24
500.25,909.26
493.88,1040.5
510.05,1210.7
507.73,115.41
494.5,508.5
495.14,594.14
512.99,687.54
502.55,279.1
505.6,519.42
542.09,662.41
499.31,879.59
510.22,1041.4
521.78,136.53
513.37,232.16
550.13,715.63
510.63,544.92
517.96,609.64
509.32,793.08
517.77,260.11
524.86,1316.7
514,554
517.82,1238.9
521.36,55.234
528.42,337.72
544.23,457.62
579.05,818.43
529.37,1078.7
534.99,212.25
534.19,1180.8
533.94,528.69
560.95,300.05
547.53,759.17
533.96,1008.2
536.07,7.3023
538.98,1052
537.5,883.36
548.1,12.576
538.39,344.14
566.47,129.53
548.75,629.13
554.94,242.52
548.06,521.86
551.06,930.09
554.23,1228.1
550.58,46.565
548.59,1044
563.83,1142
552.19,1105.4
550.85,1326.5
561.17,1022.6
557.16,220.75
566.77,25.716
560.88,1087.9
580.49,1179.7
570.68,49.364
586.6,1318.5
584.95,1104
581.78,202.72
618.89,1270.2
592.17,441.98
575.08,1075.8
590.01,1011.3
577,887
579.57,765.32
581,159
585.32,13.478
582.95,371.05
591.85,462.58
601.78,730.36
585,365
588.14,375.9
591.89,490.82
597.19,1222.5
590.07,896.35
599.87,953.11
592.85,917.23
593.41,37.059
605.57,241.92
610.53,784.73
599.92,1131.6
613.3,914.07
605.84,1181.3
612.58,479.88
621.58,877.61
606.97,984.18
607.16,129.62
606.55,162.71
612.86,685.67
616.08,369.95
612.14,1027
614.92,144.68
615.47,1159.6
622.29,389.27
628.35,70.364
620.76,995.53
625.41,437.26
669.37,1037.3
624.5,705.14
631.88,1319.7
623.6,1215.6
628.92,794.05
624.29,1168.4
651.01,247.73
627.38,530.5
629.5,204.02
629.95,287.96
654.8,1210.8
637.3,20.252
667.96,350.52
648.98,296.75
638.61,130.33
636.98,907.58
640.74,113
639.03,641.84
640.32,989.62
639.22,1113.5
646.8,1075
640.5,55
652.84,815.61
644.93,502.13
647.93,968.61
646.5,1106
650.56,1317.8
662.14,492.48
655.53,1329.2
653.31,134.2
653.68,473.74
656.86,1248.4
656.79,163.25
656.16,448.68
663.21,747.96
662.54,984.25
658.92,416.97
660.81,722.48
678.47,859.82
663.3,928.51
668.28,909.41
666.73,21.643
740.3,500.63
666.4,714.4
675.13,442.16
679.42,401.72
706.24,72.243
717.37,121.26
674.74,306.45
675.35,825.94
678.29,1324.4
679.84,157.39
678.32,937.64
680.26,963.94
681.44,755.08
683.31,259
679.97,710.21
686.93,790.16
702.2,972.74
683.43,145.57
686.64,312.03
685.29,680.17
687.58,244.38
687.11,1120.6
703.33,1263.2
703.54,1305.2
715.52,701.47
692.5,193.5
695.51,815.85
705.32,427.62
714.48,600.69
703.04,761.6
706.12,937.2
700.19,2.9302
696.26,262.87
703.79,289.16
697,1027.5
729.98,356.63
702.5,1221
713.34,1227.1
714.22,1006.1
716.28,522.6
710.38,226.78
718.53,314.5
727.1,738.36
715.24,783.5
727.52,1160.8
720.76,822.72
717.5,50
728.18,981.03
723.64,809.18
720,46
723.61,873.2
724.67,937.33
733.11,1271.9
727.03,36.375
729.28,22.507
734.71,660.41
749.05,194.55
729.17,1232.3
730.23,13.091
746.01,408.26
749.79,3.2658
732.1,1194.2
732.06,260.41
733.94,33.588
734.5,870
738.05,962.39
739.56,781.66
738.67,1330.9
758.25,911.13
738.43,752.74
746.21,849.8
739,1323
751.8,537.46
746.67,1006.7
760.94,1089.2
768.72,449.1
743.65,1061.3
759.3,686.85
744.89,814.42
749.54,303.23
754.29,33.09
754.63,952.56
760.03,1039.4
758.27,652.71
762.71,782.54
788.57,1295
768.35,60.636
776.35,315.44
757.36,865.74
756,1014.5
756.39,1067.3
772.86,265.57
780.18,588.53
762.91,847.95
765.11,1126.1
782.7,1188.6
769.77,236.58
765.89,812.44
771.84,955.65
766.2,1158.2
768.24,35.741
771.14,391.45
781.88,978.89
772.25,705.87
786.29,121.72
772.24,1148.3
770,884
771.5,746.5
775.46,1255.9
776.86,1021.6
778.57,36.286
791.69,1033.8
782.64,295.71
781,1072.1
782.05,337.09
813.62,339
786.75,793.9
795.61,220.93
785.9,872.44
787.6,708.48
799.46,1096.2
831.34,451.54
788,767
792.85,839.38
790.62,1209.5
797.14,276.84
803.13,773.33
794.42,477.89
796.87,714.82
821.86,400.91
800.81,619.54
805.04,306.76
802.77,824.16
811.74,803.67
816.36,862.25
825.95,1206.8
813.43,21.711
854.18,240.74
834.59,1110.9
811.89,743.44
841.63,587.7
819.64,972.71
815,207
844.7,949.53
815.91,754.91
835.08,1069.3
831.83,152.61
834.05,691.92
822.48,55.699
823,751.5
826.97,928.69
837.7,1260.9
834.16,24.351
839.72,221.33
833.68,771.16
887.19,806.54
845.76,880.89
835.7,739.16
837.61,1329.8
862.33,298.26
874.46,607.5
840.41,312.41
850,1157.5
848.39,1282
846.78,420.62
852.32,75.115
860.63,353.93
850.32,1034.9
847.22,13.978
849.46,52.885
863.67,915.47
848,1203
858.19,172.69
908.96,1178
870.01,1239.5
853.42,18.875
853.3,387.6
866.68,728.16
871.14,90.457
856.03,824.95
856.76,860.03
853.94,10.588
863.85,1260.7
877.69,405.39
853.56,1134.9
856.38,1079
878.78,18.581
866.4,266.14
883.26,559.62
882.62,115.75
869.86,1133.9
887.21,473.87
883.39,167.19
876.34,1163.7
878.76,1065.8
880.72,750.21
897.9,1277.8
884.13,322.67
884.15,68.827
883.58,366.11
899.05,213.4
898.63,1079.3
893.38,1259.6
909.21,753.84
901.73,291.83
898.4,1042.8
902.26,536.54
895.92,1061.9
921.35,871.79
900,1101.3
916.06,450.24
903.89,699.43
900.5,1031.5
903.36,428.18
904.76,240.76
914.47,729.84
915.86,998.3
949.11,600.28
914.95,937.61
910.08,84.224
902.71,655.23
911.21,1126.2
913.51,263.67
915.14,1260.8
916.5,385.36
924.19,521.44
922.76,154.15
938.77,287.73
922.45,320.21
938.36,1065.5
928.26,899.68
931.2,172.21
924.4,682.7
925.89,1312.7
926.68,337.28
932.1,696.99
929.29,543.86
927.89,1252.4
932.62,371.9
930.83,484.87
934.52,1029.9
931.24,1129.1
955.15,1133.3
942.35,1238
935.35,184.97
960.52,323.08
930.82,965.86
944.04,74.972
942.16,494.56
940.74,660.6
947.88,234.64
938.36,1111.7
967.32,831.29
939,952
939.85,1283.4
939.86,59.857
944.69,357.12
941.13,910.5
941.44,931.92
943,8.7586
943.25,129.1
957.85,555.75
959.93,1008.4
945.7,793.42
946.29,749.79
948.2,947.27
950.86,1211.1
957.78,459.55
962.15,699.72
957.73,777.67
952.96,915.36
954.84,2.7568
952,627.5
956.83,1082.6
959.12,412.65
959.79,637.23
958.02,186.35
962.25,882.1
973.12,1270.5
960.19,956.9
962.59,79.841
971.47,361.08
965.37,15.284
962.3,262.68
970.03,661.98
962.51,943.69
963.77,1028.7
963.77,852.77
966.21,920.21
990.59,251.41
985.13,135.63
1009.1,559.77
978.26,762.32
980.52,1063.8
971,903.5
968.4,985.89
1053.8,984.8
972.71,1024.7
972.62,1091.1
975.6,487.6
978,610
989.77,708.26
984.99,1039.9
980.41,1234.1
981.68,11.636
987.57,469.56
984.39,1016.8
985.29,1328.3
990.62,1115.1
1005,614.17
989.8,872.16
992.37,972.31
992.54,69.035
993,649.5
1003.9,789.38
1025.7,1149.3
997.72,376.4
999.7,498.02
999,3.9167
1011,168.48
996.86,319.86
1002.8,339.91
1000.5,358.42
1039.4,805.59
1033.3,1286.5
1003.5,746.85
1013.7,53.638
1007.7,510.7
1004.8,1034.9
1006.2,1256.7
1010,1072.8
1010.9,205.88
1011.3,639.61
1015,529.58
1015.4,732.79
1014.6,1002.9
1026.4,754.69
1015.2,806.2
1022.9,1096.1
1020,846.01
1025,324.31
1024,124.38
1026.5,1228.9
1022.2,1076
1024.2,9.375
1027.6,1323.8
1033.3,214.12
1030.9,376.39
1024,852
1031.4,1202.1
1039.2,269.45
1033.8,478.84
1023,412.76
1063,143.1
1039.6,132.47
1040.5,353.55
1034.5,45.5
1039,187.58
1039.5,732.63
1038.1,1328.7
1042,530
1043.1,651.88
1074.7,1231
1044.5,937
1066.3,1166
1049.9,1255.8
1055.4,68.706
1057.1,858.44
1051.6,478.96
1052,718
1049.3,1153.4
1052.8,702.86
1060.4,753.99
1062.9,451.12
1078.8,925.11
1056.9,1209.5
1057.3,498.62
1061.4,1312.5
1055,733
1058.4,872.43
1060.2,1089.3
1059.5,1103
1064.5,285.26
1075.4,246.56
1064.3,650.84
1089.3,704.57
1073.5,208.01
1067.1,112.59
1085.9,1101.8
1084.4,1322
1072,317.22
1078,377.9
1077.5,174.15
1072.5,295.64
1075,349
1093.3,625.79
1090.5,812.44
1102.3,553.13
1079,560
1080.5,1299.7
1078,481.4
1079.1,1087.6
1079,843
1082.6,393.92
1089.8,863.85
1085.9,286.93
1082.7,835.68
1089.7,93.857
1103.9,1179.7
1091,755.86
1091.6,580.32
1091.8,306.45
1102,1279.4
1091.5,394
1094.2,187.34
1095.9,134.97
1130.9,19.171
1105.6,402.84
1104.8,1123.8
1102.1,242.59
1109.4,336.77
1105.9,380.97
1116.6,1301.9
1109,884.61
1109,856
1122.5,161.87
1114.1,926.02
1116.9,1072.7
1114.5,732.97
1144.6,418.17
1126.8,853.54
1128,368.7
1131.6,280.83
1118.4,137.94
1121.1,708.12
1119,1217
1120,51
1124,1101.9
1123.4,804.04
1131.6,680.53
1129,214.91
1139.3,47.91
1136.2,508.14
1137,977.86
1130,966
1134.9,801.39
1132.3,1303
1133,138.43
1135.8,934.72
1134.5,462.29
1137.6,180.16
1147.3,713.22
1137.1,1322.4
1143.1,1238.1
1158,133.96
1170.2,458.42
1186.1,1058.9
1157.3,1187.5
1142.5,1266
1146.9,446.16
1153.1,617.92
1164.1,762.07
1159,1276
1151.5,88.939
1158.9,174.44
1183.8,320.82
1152.7,313.26
1173.4,1120.6
1166.2,1256.6
1154.4,573.94
1176.8,930.57
1162.5,1302.1
1176.1,807.42
1158.9,286.77
1173.4,506.01
1168.3,579.99
1173.2,115.44
1162.6,196.32
1202.1,222.65
1161,593.5
1167,40
1170.7,695.01
1184.5,1320.7
1175.9,219.75
1179.8,261.45
1187.3,399.48
1179.6,722.07
1177.2,1024.9
1177.4,1234.9
1179.1,1150.4
1190.6,855.37
1182.3,1278.3
1185.7,559.56
1200.3,1161.3
1192.4,29.257
1196.2,57.219
1205.5,648.81
1185.9,610.32
1188.5,617
1207.6,680.6
1191.4,723.07
1201,1226.5
1192.3,1273.7
1195.8,569.53
1197.2,1251.2
1194.5,529
1196.6,412.71
1195,421.5
1198.3,107.4
1198.5,775.5
1202.3,144.5
1199.5,418
1200.5,542.12
1206.2,1266.6
1212.9,473.11
1213.5,92.684
1203.2,752.33
1205.7,1309.8
1209.1,1202
1208.4,1179.3
1213.1,581.34
1211.1,553.88
1209,801
1226.6,28.086
1214.5,124.34
1220,336.9
1225.3,857.6
1224,384.06
1218.4,1302.9
1216.7,592
1216.6,838.5
1224.1,776.47
1225.3,1171.7
1224.7,164.32
1223.7,558.72
1220.2,704.17
1220.4,60.286
1228.6,879.71
1222.6,1152.4
1224,667
1255.7,811.5
1224.5,1099
1226.5,977.5
1229.4,1122.3
1240.7,1068.3
1228.2,1330.7
1228,227
1237.4,844.84
1246.1,352.19
1262.9,902.95
1244.4,1202.7
1241.1,60.138
1273.9,270.49
1237.2,892
1247,715.84
1235.9,1311.6
1275.6,213.82
1239.6,432.82
1245.5,672.05
1241.9,745.9
1242.7,953.86
1254.7,141.31
1254,474.79
1243,1112
1258.4,535.92
1246.6,876.43
1253.6,1240.3
1249.8,601.65
1249,1091.5
1266.4,1112.1
1252,232.33
1256.4,427.58
1254.6,983.61
1254,58
1270.9,58.747
1258.7,406.12
1255.3,1142.6
1275.4,363.46
1264.9,1302.5
1257.1,184.11
1259.2,511.33
1296.2,874.96
1264.2,1260.5
1263.8,307.18
1267.7,1081.5
1263.2,1331.2
1268.8,753.81
1295.9,699.37
1268.4,946.99
1268.2,441.74
1273.9,1039.3
1266.5,1159
1267.1,1180.9
1285.5,29.443
1272.4,120.54
1273.5,511.02
1270.6,1012.1
1278.2,620.15
1295.7,1195
1274.1,314.59
1277.4,460.98
1280.9,334.12
1302.7,766.87
1282.7,1178.1
1282.4,927.53
1282.3,496.63
1284.9,9.6742
1283.3,950.9
1299.6,1239.3
1291.9,463.05
1283,797
1314.7,1100.8
1291.6,428.48
1292.3,1145.3
1291.7,122.06
1306.4,142.32
1314.4,78.85
1296.8,738.85
1298.8,1068.2
1302.2,1298.7
1311.5,325.13
1299.5,1263
1304.2,953.79
1302,56.417
1308,988.88
1319.2,1141
1309.2,482.62
1307.7,547.45
1310.2,923.62
1310.6,1161.9
1321.7,245.39
1320.9,170.06
1310,304.17
1312.4,792.29
1321.1,425.23
1322.3,444.65
1320.8,831.86
1323.1,29.576
1318,336.33
1326,941.35
1320.8,148.35
1325.8,4.2024
1323,506.09
1327.6,213.78
1328.6,534.51
1328.4,1175.5
1328.1,1267.7
1329.5,663.08
1329.8,355.61
1330,861.19
1331.2,601.23
1331.2,1156.9
