11.083,1202.9
26.048,787.63
27.823,903.01
39.642,691.36
47.176,289.3
47.425,419.53
55.125,1221
66.781,593.57
66.338,830.28
65.765,1016.6
73.473,326.22
86.306,930.1
88,703
92.667,868
100.5,464.5
103.19,1004
118.77,533.42
116.91,52.091
119.61,80.597
124.35,723.51
120.62,1068.6
131,350.21
130.41,924.66
137.16,173.44
138.07,1124.4
141.55,511.35
145.68,1219.4
154.22,1241.1
159.21,972.76
161.11,406.67
166.06,494.7
167.93,936.34
179.71,405.87
185.19,1048.1
190.83,178.07
193.23,435.37
197.03,517.72
205.18,211.33
212.43,787.68
214.1,913.23
226.97,406.94
234.22,996.32
235.14,537.96
256.96,222.48
269.83,697.46
270.72,460.49
270.69,729.65
271.11,1068.6
279.27,1211.1
286.58,520.89
308.65,844.44
312.44,892.37
315.52,36.875
316.96,692.56
321.82,483.89
323.42,667.06
324.06,561.02
329.52,1192.8
336.99,467.89
338.96,173.17
341.78,603.53
343.59,111.39
345.92,956.92
350,313.5
357.03,107.28
353.69,166.07
360,429.5
359.37,1094.9
365.02,352.83
370.74,596.04
379.93,62
378,926
391.95,721.48
405.53,220.42
417.21,380.23
418.09,1134.1
423.51,1055.8
426.26,497.24
429.22,1110.5
429.63,1234.1
433.42,62.895
436.16,1092
438,1136.5
438.41,767.12
441.23,372.66
444.26,632.91
447.78,1244.9
461.35,971.89
461.41,833.13
472.08,759.41
476.1,249.62
480.42,161.96
476.74,323.19
479.41,421.5
481.59,861.2
481.44,65.096
490.03,9.9858
493.83,89.591
498.04,805.69
504.75,1013.6
504.28,474.98
509.61,1191.2
517.9,631.3
515.02,1095.9
522.18,308.44
527.05,1110.3
533.25,1133.2
534.59,959.61
536.76,227.76
536.89,1015.6
543.87,848.83
546.14,284.73
555.13,79.324
559.99,460.29
574.06,801.64
574.76,472.71
579.1,629.38
590.96,1199
591.14,38.389
592.89,786.34
599.03,427.46
600.15,840.56
602.86,708.39
607.62,544.92
620.91,915.8
617,236.67
620.05,1052
633.64,1164.6
633,1142
636,736.76
644.97,73.904
646.93,344.71
643.05,500.93
647.92,972.57
645.08,30.56
649.87,376.51
651.67,297.21
649.93,784.44
664.42,328.33
661.29,394.29
670.41,123.39
669.89,800.42
681.24,536.14
695.56,958.58
699.23,253.6
704.86,396.52
697.5,998.5
709.27,1114.6
713.88,563.33
717.43,1198.3
730.06,912.17
730,453.32
731.41,206.93
742.26,144.39
741.31,984.11
744.24,592.22
753.13,422.45
753,739.5
767.76,223.6
772.2,826.02
771,244
774.82,274.03
772.6,747.72
786.36,221
803.01,1034.3
803.07,964.32
809.38,86.551
811.67,801.99
812.35,755.86
816.59,920.32
815.37,244.13
822.88,360.4
818.98,436.72
823.62,1022.5
824.57,457.59
830.79,195.5
837.07,212.01
844.08,26.795
848.44,1188.9
853.07,801.07
858.08,748.92
863.93,766.59
868.83,216.46
874.26,796
878.67,707
886.41,354.1
886.34,490.59
889.45,216.41
890.49,761.48
893.09,550.32
897.17,1127.8
897,285.14
906.6,1031.6
914.55,236.94
914.51,560.07
915.18,15.875
920.22,394.71
919.08,151.08
919.5,917.5
924.97,260.7
922.73,1166.3
930.5,308
932.76,1082.6
934.86,51.5
939.4,923.56
941.82,1040
947.22,140.53
946.58,430.42
949.41,884.11
949.77,752.15
955.05,444.95
954.44,525.37
955.76,589.03
959,81.081
958.92,1061.1
965.56,96.482
967.15,160.28
964.75,196.25
965.83,1147.8
969.33,281.4
965.09,644.09
968.41,994.59
969.3,1113.9
971.57,853.98
973.96,500.48
972.5,19.5
980.63,102.48
987.44,440.83
987.58,1157.1
990.5,242.5
994.68,164.58
1002.6,659.42
1000.1,615.42
1005.7,506.78
1008.1,345.86
1008.5,716.92
1010.6,1071
1011,1030.4
1012.1,532.07
1018.6,200.26
1024.4,733.87
1032.5,150.34
1035.1,469.32
1038,575.71
1033.5,24.5
1038.9,198.62
1041.3,776.41
1042.5,43.377
1051.4,1089.7
1051.3,104.54
1055.3,20.286
1064.8,732.58
1065.9,1103.5
1069.8,810.23
1073.4,710.48
1075.7,317.19
1086.6,797.1
1086,1094.6
1084.6,189.06
1094.2,1181
1097,7.3
1099.8,679.19
1104.1,235.09
1111.7,37.265
1110.7,167.55
1111.1,18.28
1112,303.5
1118.5,1005.5
1118.5,72.713
1122.8,13.679
1126.4,929.54
1124.6,425.63
1127.3,379
1132.7,454.7
1142.1,33.048
1146.8,529.95
1147.3,86.711
1143.7,1010.9
1146.3,822
1151.1,162.24
1157.7,426.12
1159.1,211.78
1160.1,492.93
1165.7,123.78
1167.9,330.12
1179,450.06
1182.8,358.85
1186.1,269.6
1192.9,668.72
1193.4,29.775
1194,811.86
1201.3,991.78
1206.7,1029.9
1211.2,527.19
1215.6,321.94
1224.3,1245.8
1230.9,790.42
1229.4,1019.7
1236.8,448.54
1233.4,264.93
1235.6,841.79
1236.6,47.175
1239.4,117.78
1242.6,519.37
1246.6,894.5
1247.2,184.09
