51.122,246.56
6.4098,604.24
10.679,657.47
3.6214,735.89
1.8462,783.5
5.5364,843.3
3.2143,943.5
19.268,550.15
24.78,979.55
11,163.5
12.174,219
14.75,428.79
15.538,780.75
22.083,1119.8
28.693,147.25
16.5,303.5
29.551,892.53
30.783,194.17
20.069,1139.7
20.579,332.89
52.742,685.05
29.558,227.99
81.765,468.35
64.362,804.75
29,612
33.107,776.04
34.061,416.65
38.289,603.58
44.223,1305.5
40.5,663.3
40,1139
42.758,1325.1
98.503,59.643
50.914,772.58
66.791,1268.9
63.176,280.37
50.745,406.11
80.75,953.05
54.223,1117.2
56.448,927.27
71.318,1223.2
67.332,137.56
60.708,1316.5
62,1154.3
72.572,878.08
68.179,429.9
82.724,1324.9
71.462,574.69
72.318,384.64
80.078,246.58
74.5,392.5
114.88,980.64
76.562,1059.7
82.942,1112.6
128.79,1133.6
88.437,749.15
84.699,381.48
85.48,893.4
92.121,281.98
103.44,646.63
97.728,1272.4
92.833,581.93
100.28,189.29
104.47,672.43
103.37,1026.1
109.59,1095.9
109.89,836.15
111.56,171.84
107.49,566.36
115.06,1286.6
114.94,597.72
140.82,1318
114.14,781.69
126.33,729.84
120.61,489.35
121.34,138.44
121.91,630.89
123.5,614.62
123,682
125.5,879
129.5,452.92
130.09,313.51
139.04,1066.6
135.03,1267.3
131.92,552.92
144.46,663.45
163.17,349.39
155.69,490.79
144.41,867.63
141.81,1010.7
140.08,281.98
139.4,331.4
146.72,174.21
142.65,877.12
149.74,780.38
166.26,113.61
213.03,823.49
155.14,80.721
155.24,72.68
155.82,232.64
156.94,1261.5
170.04,1168
160.75,762.3
161.07,175.59
162.02,613.62
165.11,956.11
214.93,1030.6
170.77,980.82
173.4,1330.5
172.55,1291.8
172.39,668.39
175.8,78.4
269.76,713.1
175.03,1109
180.8,144.2
180.6,1312
258.66,359.01
181.71,939.75
189,1153.5
189.36,999.82
195.23,667.51
191,1302
217.72,50.587
199.76,441.03
203.28,1124.7
209.34,1169.3
203.94,641.14
231.79,894.64
313.52,1196.4
207.86,1307.6
243.62,588.82
214.58,778.54
216.85,1330.3
214.17,550.65
226.82,1196.5
214.37,533.87
212.57,570.61
232.47,126.14
263.81,487.31
232.9,1135.9
242.49,978.83
246.77,1143.2
252.98,427.87
249.16,682.77
256.36,1314.8
256.01,1033.1
248.85,5.9231
255.5,1107.5
260.84,954.37
264.15,776.66
262.73,1050.4
266.36,1277
268.1,1150.7
269,1028
277.77,431.82
275.52,459.32
297.5,877.68
288.77,1078.5
304.48,1226.8
344.59,953.31
309.32,431.31
297.94,941.59
300.48,1258.7
303.77,401.44
309.61,376.91
318.99,11.761
358.43,316.23
312.3,1061
312.23,986.93
312,29
328.28,1278.6
323.74,653.77
329.86,919.78
328.65,433.72
328.98,1222.9
347.58,878.46
337.34,400.93
342.97,626.37
343.43,191.77
341.97,438.55
343.86,361.86
350.19,1260
455.14,150.05
355.84,695.95
362.81,495.57
357.76,520.8
357.43,377.43
358.32,655.36
365.43,924.58
390.55,1016.4
369.07,599.08
488.23,376.25
366.91,395.3
376.86,881.72
373.44,839.46
386.66,440.17
379.8,478.92
384.04,1274.4
391.66,907.15
389.11,156.95
401.37,373.4
400.41,491.46
395.32,1243.4
395.62,1306.1
398.91,1271.9
404.9,1288.5
435.32,1325.5
407.94,555.57
409.52,1174.3
413.21,1303.5
413.24,4.2973
426.91,1127.6
419.61,1007.9
423.65,1260.9
422.45,1225.8
437.82,1301.4
505.37,1127.8
431.34,1280.2
457.48,932
453.46,541.43
464.81,1262.2
461,1073
465.06,261.59
483.67,1307.9
474.05,918.32
471.67,514.48
473.93,828.53
474.45,838.11
475.5,284.5
483.71,1088
485.68,58.355
478,993
501.02,1013.7
486,258
489.74,840.07
487.58,1166.5
497.84,1263.8
521.43,1038.7
497.1,239.8
529.95,66.341
503.67,220.31
498.49,889.4
502.91,139.29
500.37,838.27
501,898.5
502.69,990.79
503.08,1080.1
505.36,493.82
507.16,31.098
512,59.5
516.99,1295.3
515.32,1329.3
528.77,495.76
529.21,1137.3
529.57,869.23
529.03,133.93
534.49,945.91
534.69,528.28
535.57,538.23
533.08,999.08
536.6,1070.1
560.71,1236.1
540.48,1195.3
542.01,550.24
540.5,1007.1
545.55,1171.1
547.12,162.68
546.28,4.9559
547.12,938.85
553.11,993.3
556.53,1051.8
550.5,501.5
556.97,323.33
593.89,1008.5
560.38,1138.8
559,605.5
570.77,663.08
578.6,319.69
579.75,959.96
568.67,610.68
567.65,537.15
579.77,20.477
573.8,828.98
569.62,1003.2
576.75,987.45
575.5,262.65
576.57,1251.6
585.23,214.17
581.15,771.35
581,1147.5
582.65,1241.9
583.64,678.68
606.71,35.212
585.58,107.65
589.48,185.32
608.96,618.42
585.76,1272
587.5,399
594.54,754.25
619.02,220.63
593.09,736.91
619.81,101.87
602.28,686.48
608.43,1052.6
646.25,854.6
607.49,180.02
628.41,916.21
609.65,85.673
651.67,757.94
613.49,408.63
618.04,422.59
631.09,786.64
648.79,272.79
628.56,437.84
626,1277.5
631.88,1251.8
639.29,1045.7
630,796
638.51,877.53
652.48,1228.9
644.16,7.1875
640.56,774.51
647.48,508.27
646.11,186.21
653.07,1171.1
648.36,460.31
713.03,980.5
655.23,96.691
651.41,168.26
653.92,726.56
658.61,203.58
660.14,237.1
665.23,474.06
669.93,157
676.27,566.73
669.03,1058.9
720.38,38.716
676.25,819.42
672.57,202.75
668.33,451.24
672.81,239.36
675.89,487.21
678.15,1117.3
683.86,287.3
684.31,135.65
692.38,144.88
692.73,1072.8
692.51,905.16
694.14,1014
708.3,210.98
699.58,1291.6
697.02,111.58
714.23,1102.3
696.55,511.61
699.85,847.24
702.29,825.64
714.26,376.12
728.13,609.12
704.8,883.44
707.88,599.38
719.19,1261.9
712.5,301
716.44,436.43
722.4,1061.1
718.3,1156.8
726.83,406.88
729.63,1229.1
730.86,1080
729.76,106.76
738.47,283.17
737,1175.1
748.74,107.91
737.95,673.39
761.79,934.98
759.96,1121.2
778.9,337.55
763.14,674.72
752.41,1065.7
753.76,1212.9
757.76,241.47
763.34,1198.7
766.07,62.228
763.78,313.49
764.41,6.9655
776.62,1249.8
773.09,695.56
774.53,988.93
782.87,234.9
780.46,3.6711
777.67,387.77
782.27,1102.1
804.62,23.971
781.15,827.1
781.72,62.349
791.65,111.44
786.43,843.37
811.77,1033.5
795.24,1157.8
787.21,539.71
786.08,1066
789.93,683.31
798.54,947.99
794.62,860.62
801.13,1190.2
806.46,824.37
799.76,455.79
818.57,930.15
809.13,103
841.22,1233.2
811.89,348.42
814.41,1000.5
814.21,358.36
830.18,1114.8
815.56,1058.1
817.14,1217.4
842.78,316.81
870.84,622.06
840.78,85.416
822.4,550.4
843.21,600.83
831.16,549.39
840.77,13.433
839.39,58.923
841.56,170.8
843.84,1163.5
837.94,854.41
844.72,1307.6
846.97,552.03
848.85,808.66
851.74,214.13
851.38,431.13
853.5,547.5
855.22,1175.5
861.12,1306.4
857.61,806.57
863.83,525.54
888.75,800.52
872.92,466.24
874.89,426.63
871.89,171.51
871.44,1128.2
875.47,140.69
873,554
876.85,506.79
876.83,1193.9
880.65,845.84
903.99,738.07
884.56,1131.2
886.5,524.5
945.6,895.6
883,1156
895.67,1083.2
898.34,937.2
891.34,1323.6
912.17,326.35
888.07,493.14
929.54,208.85
897.72,10.655
890,852
923.05,72.302
898.84,304.05
900.93,429.16
894.31,193
894.83,580.65
895.6,537.6
896.46,558.61
901.36,661.98
911.82,1029.5
905.3,1250
911.68,856.67
900.92,644.92
902.2,987.39
917.34,1205.3
924.55,1283.7
908.86,696.24
927.41,1156.4
1027.1,1272.6
911,686.35
919.09,756.66
917.91,654.91
924.14,943.69
928.8,683.31
929.1,649.34
930.45,1223.1
932,580
941.19,794.72
935.57,666.68
937.48,87.365
935,1232.5
955.98,543.1
940.43,591.59
945.98,983.75
1037.9,76.946
963.76,668.31
974.64,1179.8
950.42,613.3
947.5,581.5
981.47,983.85
964.9,852.39
951.78,1086.3
952.41,636.59
976.03,1270.2
958.3,1.8
959.39,786
970.32,1104
978.47,35.35
967.17,567.6
967.8,1075.3
968.16,550.18
966.91,319.94
978.03,1151.8
967.97,1207.9
980.85,452.39
984.73,697.8
998.38,762.22
980.25,591.82
977.93,86.841
981.41,617.35
985.19,1227.4
1018,1020.1
986.39,514.57
1055.1,1123.8
989.96,647.02
991.83,1111.9
1003.8,570.61
995.59,1068.4
1017.6,539.31
1085.6,779.21
1006.7,939.94
998.54,436.85
1020.7,686.94
1007.6,645.66
1005.5,728.28
1013.9,1102.9
1011,1071.1
1008,386.5
1009.8,176.26
1023.2,617.35
1027.7,971.85
1019.2,1085.8
1034.2,22.272
1030.6,921.8
1029.3,331.9
1028.9,160.15
1047.7,568.71
1042.2,854.65
1034.1,589.62
1038.5,1056.2
1036.1,627.91
1037.9,515.95
1082.2,656.01
1044,762
1062.6,153.09
1067.7,514.32
1047.4,1222.9
1050.8,764.59
1054.2,1049.8
1050.6,1095.3
1058.7,1189.1
1058.6,615.12
1064,897.82
1057.7,1320.1
1058.7,699.21
1059.5,1017.2
1064.6,1213
1058.4,842.06
1059.8,643.77
1061.7,986.97
1083.5,937.75
1120.9,1046.8
1068.1,859.3
1072.7,604.82
1076.6,1315.1
1092.2,335.08
1082,1235
1107.9,595.17
1091.8,1199.1
1119.2,167.34
1112.9,1207.3
1116.9,206.48
1124.3,429.27
1115.7,1152.4
1111.8,824.24
1116.4,916.67
1115.4,1330.4
1120,238.5
1123,822.5
1124.7,1270.2
1136,324.44
1130.5,270.5
1152.2,1322.5
1138.8,220.61
1147.3,377.56
1164.1,797.63
1143.1,573.59
1151.6,28.046
1147.4,588.4
1156,1106.3
1162.2,1203
1214.2,537.33
1150.6,1177.6
1166.9,460.86
1160.6,768.9
1173.7,635.32
1194.1,1261.5
1162.1,939.91
1164.2,44.245
1166.9,396.5
1168.8,832.52
1170,382
1259.5,1001.5
1175.9,756.08
1178.6,844.5
1181.5,1293.2
1195,512.07
1189.6,1066
1207.6,136.22
1199.9,846.93
1205,948.5
1213.5,479.93
1214.9,28.833
1218.1,641.08
1212.4,914.65
1214.3,1046.7
1219.3,872.07
1220,945
1236.2,772.31
1225.1,1150.2
1232.5,149.83
1236.6,1309.6
1232.1,909.62
1237.4,859.63
1249.6,677.65
1243.7,1261
1244.6,887.94
1245,939.57
1248.2,953.93
1252.8,870.72
1269.2,1297.4
1256.9,806.16
1257.7,551.53
1267.5,725.86
1264.4,891.13
1266.3,453.97
1275.1,784.33
1289.2,679.86
1269.7,525.8
1274.2,1062.7
1296.6,625.66
1279.2,149.07
1281.7,1324.9
1277,130.85
1276.3,1192.9
1287.5,481.51
1290.7,98.35
1286.1,1037.6
1286.1,1106.2
1289.3,1136.2
1291.4,1023.6
1291.5,813.64
1295.1,864.93
1297.3,1050.7
1295.3,1189.5
1301.6,124.77
1300.5,351.25
1317.4,739.6
1316.3,1029.7
1317.6,1239.6
1301,373
1302.6,944.6
1306,1107.8
1318.6,359.08
1306.8,725
1306.9,951.93
1307.2,1051.2
1320.6,842.73
1310.5,571.23
1315.5,774.04
1315.2,1084.4
1322.4,181.3
1322,1105.3
1318.4,109
1321.8,257
1326.1,481.18
1322.8,1062.2
1327.5,903.17
1324.8,3.6744
1325.9,414.42
1328,1194.3
1328.4,19.574
1328.4,1040.1
1330.8,1064.6
1331.5,46
1331.5,152
1331.5,984.5
