3.75,116.19
1.875,955.88
4,894
12.116,75.884
16.433,479
13.308,885.05
25.405,879.36
27.466,146.69
30.409,1051.1
29.824,591
39.643,417.18
45.556,18.175
52.067,894.58
57.908,55.504
58.582,263.45
61.848,388.1
58.103,535
67.5,436.55
67.148,454.07
73.957,554.06
82.91,437.41
82.941,1011.9
82.605,586.93
84.836,181.52
85.29,293.71
86.4,917.6
97.667,808
102.17,450.43
101.79,404.13
109.39,492.34
107.42,325.45
111.43,671.6
118.93,451.74
122.17,348.95
126.69,1245.9
131.31,436.17
138.65,454.13
135.91,381.09
142.5,486.5
143.5,524.35
143,622.17
153.11,511.86
159,88
162.87,404.15
163.12,247.17
168.11,558.49
163.63,468.37
166.61,585.39
170.82,334.82
175.05,532.26
177.11,517.02
184.96,468.27
185.56,486.46
192.05,586.06
189.66,453.68
193.48,427.71
201.21,214.5
201.34,291.92
205.03,857.41
214.04,691.11
212.1,213.38
220.87,572.33
222.61,458.07
226.67,191.36
231.57,489.81
236.22,554.29
240,597.5
249.02,793.41
251,561
259.98,570.58
261.88,175.2
265,523.06
268.52,37.299
272.15,568.26
283.97,265.12
287.55,835.23
287.63,534.61
289.82,1033.3
292.89,282.63
300.1,403.55
297.5,204.5
302.84,38.2
303.5,97.5
304.91,531.91
307.32,708.15
312.09,189.51
313.58,817.89
321.67,248.41
329.5,18.133
324.56,617.07
325.93,1096.4
341.23,245.07
344.1,1126.4
351.53,5.4186
354.5,948.5
353.63,242.37
356.86,55.5
360.91,28.868
366.99,229.8
374,418.75
382.56,1109
384,486.38
384.99,1134.1
395.16,144.41
399.13,162.93
401.58,127.31
408.14,461.5
409.54,684.89
411.54,569.81
416.32,793
423.34,444.9
422.86,1030.4
427.85,925.67
437.43,150.4
437.63,435.7
435.42,685.89
449.76,1016.2
457.91,199.09
475.09,312.91
489.58,413.42
491.52,474.57
494.96,545.89
493.57,318.69
498.23,595.72
496,669.32
502.12,410.98
501.08,727.08
502.56,278.08
507,399
510.04,721.43
513.78,345.22
517.31,280.07
522.6,296.96
523.63,508.37
530.25,77.814
529.54,286.91
531.51,27.629
532.94,57.658
533.17,806.43
536.77,662.05
536.1,261.84
551.95,118.69
549.34,255.39
548.81,590.27
548.47,961.87
547.8,675.56
549.11,1171.6
572.53,653.58
575.89,83.37
577.42,123.89
577.91,602.09
580,891.25
582.12,30.773
597.94,974.26
607.12,5.64
611.28,116.85
608.88,575
626.34,965.62
634.71,522.6
634.22,640.12
641.51,805.17
640.5,259
649.67,189
656.17,1216
657.5,1119
660.09,642.09
669.24,1043
670.2,55.964
685.59,718.54
686,804.32
686.83,41
690.5,662.41
688.58,1176.1
698.5,404.59
704.94,969.45
708,255.79
711.26,1062
723.16,657.3
729.44,149.07
728.61,361
728.5,604.5
734.74,418.79
739.39,276.26
751.99,854.4
750.88,1207.6
757,701
760.58,780.89
765.05,428.07
771.66,576.38
776.03,145.77
784.42,218.06
788.93,1115.8
809.81,269.99
819.17,54
818.9,1079.4
826.84,1199
835.97,562.86
836.56,787.03
840.21,1165.5
844.69,909.84
845.26,704.59
844.95,194.44
846.5,1246.3
865.62,89.282
862,972
871.06,210.03
877,485.15
883.18,1229.5
888,548.68
891.6,887.89
892.12,354.12
893.15,407.27
900,289.5
901.5,1160
910.27,438.43
914.75,784.39
913.86,47.609
917.48,953.24
918.91,700.91
921.77,613.6
921.07,928.59
926.48,584.24
925.15,1138.5
926.93,218.05
934.39,1159.1
943.5,806
947,894.65
949.28,962.31
948.14,1180
955.89,484.39
967.34,1215.5
971.19,425.36
980.53,717.73
987.29,771.29
991.45,288.31
999.39,838.08
999.67,474.68
1003.6,243.62
1004.9,961.35
1013.5,375
1012.3,427.09
1018.4,803.25
1019.8,721.47
1026.8,465.57
1027.4,315.14
1034.1,715.94
1037.2,1107.5
1039.9,133.41
1042.5,442.38
1054.1,1046.5
1059.3,536.31
1058.9,669.8
1060.2,450.54
1064.1,837.93
1066.6,413.93
1072.5,804.65
1074,529.26
1077.8,727.54
1081,741.25
1093.1,867.13
1093.9,1086.6
1101.9,450.91
1112,49.189
1114.1,1067.6
1120.2,576.74
1119.6,345.64
1131.9,877.09
1135.2,169.5
1135.5,676.93
1137.2,843.42
1138.6,275.96
1141.6,359.66
1143.7,555.5
1154.1,1002.5
1160.6,518.97
1165.6,780.3
1185.1,837.15
1190.8,820.21
1194.9,606.91
1214.8,537.36
1213,1141.9
1216.2,1060.5
1224.1,54.62
1246.7,126.08
