2.6111,335.89
1.9565,655.35
3.1786,1056.9
3.1,1121.3
2.5122,1186
6.026,918.56
7.9688,428.91
12.119,180
19.667,799.28
17.957,1184.7
21.655,3.1455
19.436,1059.9
22.052,171.79
24.389,1155.9
27,683.86
43.189,349.54
44.581,958.68
45.424,769.39
44.846,908.54
47.5,160.5
55.035,753.26
56.086,422.38
61.806,1240.4
63.324,901.94
70.537,420.46
71.321,798.42
72,873
76.935,846.27
76.327,1091.7
80,903.84
90.424,753.58
92.08,21.44
100.34,1071.2
107.43,1127.6
107.29,581.29
109,155.5
110.34,1175.4
113.46,50.655
117.4,170.13
117.58,354.11
120.54,4.0857
123.87,817.52
123.93,504.95
132.13,667.88
139.14,948.29
143.6,59.094
139.85,636.67
144.96,688.6
147.97,196.22
145.61,28.139
149.25,164.46
159.37,62.728
159.67,275.31
170.12,14.743
174.23,718.6
179.13,1206.9
179.41,35.926
183,756.68
192.48,668.98
196.41,22.897
196.66,165.47
204.06,626.31
204.48,676.42
204.56,494.38
214.17,1059.5
220.7,62.5
223.53,784.59
231.56,443.37
233.1,145.52
231.83,1029.6
233.5,493.5
241,482.74
240.89,576.63
246.9,841.98
245.73,467.43
243.32,672.05
250.85,499.32
257.62,430.31
252.93,986.59
260.38,1178.4
268.45,273.96
262.87,943.19
262.91,718.09
270.53,637.71
273.65,132.69
272.74,1162.8
274.74,1014.7
277.26,531.08
277.36,476.35
277.44,190.26
277.58,792.9
282.51,676.32
289.29,835.9
291.5,261.65
292,353.5
293.93,577.95
297.35,167.5
301.93,614.08
301.24,730.24
301.88,260
308.85,20.229
311.06,70.672
310.43,948.73
311.41,55.037
314.5,2.3
322.31,558.34
322.88,522.88
322.93,1123.2
325.29,137.5
327.85,124.17
329.05,194.9
332.06,538.11
331.57,169.39
335.1,355.94
335.1,598.9
338.53,1115.3
334,931.5
339.65,958.26
338.94,198.62
346.08,550.29
355.52,214.06
365.99,505.95
365.5,892
374.79,147.54
378,187.08
379.38,734.22
391.22,641.31
390.61,716.35
389.84,535.05
395.03,498.22
393.09,289.91
394.71,68.71
396.2,154.55
401.23,1073.6
402.32,1003.8
405.7,286.57
410.57,613.11
412.54,925.21
412.59,571.59
413,1076.5
426.5,1078.4
423.93,151.96
426.33,969.42
427,387
433.54,370.52
434.07,1236.6
442.5,1051.1
445.59,185.64
448.28,716.89
462.17,427.48
467.82,700.78
462.78,803.1
467,930.83
471.53,190.82
470.15,1042.8
471.73,1232.7
473,888.25
478.93,453.41
484.64,776.77
486.91,881.91
488.56,468.92
492.37,1.8889
490.33,903
496.42,895.11
508.88,40.856
506.4,421.94
511.06,775.79
511.66,242.53
521.14,15.864
523.06,635.97
527.03,101.38
526.08,460.59
536,538.17
539.33,1113
550.87,694.32
544.92,448.08
549.58,878.85
548,756
548.07,825.59
555.07,764.99
553,377.5
555.25,430.75
560.4,558.66
557.85,520.32
561.09,1199.1
559.73,1029.3
558.86,1141.5
559.4,751.6
565.2,1079.1
566.7,760.92
566.84,196.57
569.9,103.84
576.34,969.91
574.42,739.11
578.88,383.98
579.11,1144.4
588.09,243.87
581.5,1044.5
585.77,895.5
587.77,1176.8
595.24,1052.9
597.03,17.792
597.42,557.58
603.6,160.18
606.48,547.61
613.1,860.62
616.5,1095.5
627.72,552.75
625.75,340.39
627.35,359.5
629.95,594.53
631.51,657.25
632.23,462.77
629.5,1145.5
632.86,774
639.12,918.13
643.79,184.42
640,526
644.23,456.19
651.88,515.79
659.4,595.34
656.22,926.1
660,324
663.4,609.85
675.51,676.25
682.37,936.45
690.23,133.4
692.33,705.89
697.5,936
698,342.83
710.06,953.63
710.96,1193.7
713.5,229.22
716.27,517.53
715.5,1163.5
725.34,241.15
719.95,1236.7
724.83,695
727.45,24.857
730,464.16
728.29,659.45
731.64,66.051
732.62,488.35
737.09,112.08
733.07,406.56
737.42,229.11
741.67,272.98
744.91,818.7
748.61,370.87
749.87,417.94
753.01,1163.6
754.55,888.06
762.17,744.65
764.29,934.2
768.59,601.54
777.72,714.45
779.74,603.96
778.93,993.41
783.4,572.4
785.5,658
790.73,610.97
793.82,634.08
793.9,384.95
800.11,718.84
802.77,618.14
804.27,855.54
808.53,7.7913
807.8,648.15
809.06,425.67
812.95,578.33
821.31,871.4
816.6,1241.9
820.28,332.88
821.86,596.36
822.58,722.42
823.06,750.43
832.5,689.5
832.82,288.09
835.5,1016.8
843.79,680.29
847.77,649.18
847.59,586.34
858.75,1202.6
859.33,760.73
864.46,15.77
864.09,331.06
866.43,605.4
869.51,372.76
872.84,881.9
876.86,575.05
883.47,427.58
886.1,482.77
883.34,683.84
890.59,7.7195
893.07,765.14
896.66,373.19
899.5,945
902.55,532.13
900.67,571.38
910.42,753.55
912.06,706.92
912.91,413.91
919.91,673.91
926.09,707.49
921.58,504.58
926.59,850.51
932.79,742.83
927.26,986
931.15,1041.8
936.08,637.47
940.21,151.04
941.75,524.19
944,382
946.09,288.5
950.01,1245
951.47,843.17
952.11,1225.6
960.48,565.13
962,738.68
961.39,819.36
963.56,407.09
968.1,1065.4
971.37,185.2
974.78,406.27
973.41,722.14
972.89,753.42
982.25,1038
979.34,769.8
985.18,569.49
986.12,706.15
984.14,401.24
985.21,857.5
988.47,682.57
991.55,489.13
994.1,69.62
999.02,524.9
997.54,762.35
997.67,838.24
1001.1,304.03
1004.2,742.32
1007.6,921.84
1012.4,74.406
1009.9,336.42
1018.2,696.5
1018,166.62
1021.7,773.13
1025.4,306.12
1028.3,822.6
1040.1,784.65
1038.1,989.63
1045,856.5
1049.1,614.52
1051.5,260.86
1055.5,571.51
1057.1,326.45
1054.4,735.89
1065.5,864.67
1067.8,697.08
1065.8,668.32
1070.8,745.26
1072,101.68
1075.6,269.21
1085.2,1041.8
1083.5,719
1087.5,3.6
1084.1,369.58
1089.9,642.21
1095.4,168.76
1100,1174.4
1102.1,616.1
1106.9,1094.5
1106.8,392.18
1104.6,710.51
1104.5,183
1104.5,33.5
1110.7,327.41
1126.9,680.87
1129.4,1156.6
1130,754.38
1142.1,1077.7
1137.6,294.05
1143.6,800.16
1141.6,905.39
1168.1,1039.9
1171.2,57.611
1173.1,1158.8
1173.3,792.52
1173.2,1087.7
1179.2,700.17
1207.4,756.08
1203.9,1013.3
1202.9,1107.2
1201.3,1092.9
1203.9,383.41
1215.6,277.9
1215.1,703.88
1221.9,1082.2
1217.2,310.91
1231.8,313.19
1224,877.5
1232.7,431.73
1232.3,1114.8
1243.7,161.95
1245.7,1110.9
1246.2,1133.7
