2.0909,519.12
7.1613,1039.5
16.094,323.13
30.312,354.07
34.343,512.69
41.422,1003
46,585
52.5,1167
52.583,821.44
56.382,844.16
58.533,461.07
55.744,1039
62.038,1072.5
62.079,210.02
69.716,575.68
72.5,83.5
71,120.17
75.311,814.18
78.098,277.48
76.533,590.05
78.605,70
80.926,1003.4
88.776,1041.1
90.19,1067.1
92.932,146.05
93.651,658.02
97.958,380.58
93.731,919.35
97.083,729.92
112.24,427.68
114.33,1179.5
112,365
118.27,747.35
114.77,972.42
124.52,766.57
126.95,822.89
134.86,216.78
144.09,976.04
146.42,904.21
147.6,822.11
150.07,1242.5
154.09,127.97
149.58,1213.9
168.66,849.82
171.26,729.29
174.11,303.63
177.13,867.95
182.98,74.436
185.36,1082.3
180.92,240.56
197.39,1013.6
201.72,248.22
206.93,935.07
210,874.54
215.42,1161.2
230.68,546.6
226.09,1155.9
228.6,568.78
241.44,1062.5
243.43,488.63
242,809
251.82,169.53
248.5,340
255.86,1115.4
268.8,72.347
272.13,410.08
273.13,219.28
272.78,1017.5
278.51,830.29
283.28,762.32
292.93,942.94
302.18,971.31
299.89,593.58
304.39,877.75
307.67,307
310.19,943.64
314.38,57.87
312.92,1119.5
328.08,27.44
337,182.5
335.57,82.057
339.39,579.86
340.42,1189.9
343.99,750.71
348.61,803.93
349.42,17.576
357.88,788.12
368.18,326.33
368.68,523.96
373.58,423.11
376.4,981.93
378.86,267.63
380.13,492.91
384.02,933.46
387.75,418.77
387.58,950.43
388.41,1026.1
391.42,1226.8
391.76,104.66
392.75,1154
398.4,920.15
404.78,1110.7
409.69,471.15
408.61,953.14
411,700.68
413.12,373.56
416.47,638.45
416.39,1089.7
417.33,213.39
424.52,533.12
422.43,384.05
432.45,921.36
435.5,407.5
446.79,880.71
449.87,851.89
453.07,773.82
452.61,97.139
459.59,112.63
468.85,1151.7
467.24,514.69
482.5,32.392
482.56,260.86
489.16,297.22
486.86,519.21
487.78,634.21
491.55,480.15
491.48,1075.9
491,846
497.34,1172.6
498.8,336.56
508.85,467.54
510.65,677.64
513.7,1060.3
510.56,1040.1
510.58,358.89
515.41,1222.1
534.64,285.93
537.07,1240
541.97,375.32
545.39,262.46
549.03,1133.1
549.66,594.58
554.93,331.21
549.93,512.41
553.06,572.89
557.22,193.91
556.74,1215.4
563.74,416.56
573.2,205.93
576.37,1085
578.94,471.26
583.53,368.95
584.47,19.564
591.24,594.29
591.58,1197.4
591.83,160.7
593.48,890.31
593.61,34.98
602.03,854.41
603.91,1130.1
607.61,1064.6
611.9,1183.1
622.96,558.71
632.68,1026.2
638.32,590.64
645.17,375.03
641.75,1184
647.58,294.58
655.83,1234.7
665.34,63.028
663.01,236.48
667.14,216.1
678.92,500.48
685.21,526.05
687.06,760.68
694.45,373.99
693.83,313.69
694.53,711.19
692,876.5
699.51,62.641
704.74,121.83
705.8,168.28
713.56,848.58
715.2,1037.3
716.37,1186.4
717.46,189.85
726.55,926.92
729.82,148.95
741.58,441.78
741.98,93.122
739.71,331.79
739.75,827.06
749.01,520.88
747.11,644.42
750.39,267.63
752.44,604.47
764.58,67.182
766.62,377.83
778.02,245.12
781.18,923.79
783.39,565.32
789,417
792.21,692.06
801.12,89.479
796.38,1034.3
801.13,419.17
812.5,222.5
814.92,343.92
824.45,26.954
822.86,367.5
823.79,468.59
828.98,130.46
828,1012.5
829.47,811.28
833.97,457.95
841.97,1203
842.22,418.91
856.21,464.5
860.18,985.65
870.11,319.61
866.35,824.15
866.42,356.11
876.61,1143
882.1,612.48
889.29,1068.6
890.07,674.59
900.64,553.53
901.11,85.8
907.93,203.41
908.3,413.5
909.14,930
915.71,749.74
916.64,675.5
919.31,526.45
927.03,1061.4
924.91,719.2
934.05,517.24
931,1229.5
934.39,184.14
936.73,113.18
937.54,352.46
941.48,154.94
946.16,737.34
943.83,327.69
945.04,1199.6
950.77,199.84
949.42,1224.9
966.29,671.04
965.69,758.09
968.78,131.84
972.53,367.99
970.4,1007.6
972.72,882.97
976.95,1064.1
991.2,99.846
991.73,180.25
996.3,863.07
993.68,949.02
998.27,1162.4
1003.9,368.29
1020.3,1205.8
1029,823.32
1032.7,67
1035.1,614.35
1042.5,362.17
1049.3,497.67
1055,961.04
1063.7,1149.5
1061.2,407.68
1062.8,487
1075,650.86
1077.9,596.59
1083.9,732.92
1092.4,764.21
1102.1,993.37
1107.2,476.67
1123.7,636.94
1124.9,689.93
1128.5,473.82
1131.3,579.73
1140.3,106.2
1139.1,291.8
1144.1,1157.4
1143.4,1172.1
1160.8,344.6
1162.4,611.62
1165.8,314.36
1168.1,699.12
1169,670.86
1170,948
1177.5,294.5
1181.1,830.26
1190.2,537.19
1194.5,150.11
1200.5,1236.6
1206.5,1147.1
1203.8,91.5
1205.1,552.91
1220.7,249.16
1218.3,984.42
1223.3,957.38
1218.9,664.41
1223.7,547.09
1223.7,753.1
1229,375.49
1231.8,324.56
1234.3,456.49
1232,724.5
1243.7,8.6577
1243,308.36
1243.5,710.8
1245.1,163.43
1246.6,337.61
