2.7742,597.84
6.0588,1013
11.827,887.14
14.526,480.84
28.815,1053.5
32,892
38.881,419.57
43.717,876.88
49.431,1184.5
56,57
61.548,388.78
69.541,531.22
71.104,226.65
71.354,511.94
103.04,1146.7
103.58,497.45
109.89,674.28
116.41,458.94
126.27,210.64
129.94,438.09
137.85,454.22
144.29,329.33
147.87,1237.4
157.5,90
160.07,249.95
161.47,406.85
169.96,806.45
170,557.5
182.29,472.93
192.63,215.78
190.23,430.23
193.4,585.4
196.71,655.89
236.66,24.542
239.37,241.63
246.38,540.66
255.15,36.654
264.07,1093.6
271.59,570.41
272.93,898.2
273.63,398.03
278.84,100.87
279.81,1193.1
279.43,13.571
291.47,285.12
296.5,207
299.93,407.41
302.47,700.17
301.42,99.895
303.58,359.55
319.61,20.789
332.63,478.37
333.5,13
342.78,1127.9
341.45,664.58
342.56,275.08
353.32,951.36
359.06,31.094
364.58,233.78
366.57,155.71
371.63,179.55
382,488.82
387.38,201.98
392.62,148.91
391.94,743.09
396.44,165.92
401.16,130.72
396.29,194.57
406.7,972.52
409.48,1008.7
408.91,1170.1
425.97,496.07
426.1,928.38
430.55,113.2
431.32,1092.8
435.86,152.7
436,438.5
456.25,101.99
450.74,129.68
449.8,1161.4
456.26,201.85
460.23,685.56
471.53,707.07
474.02,4.9677
472.5,241.5
480.35,66.267
497.32,598.26
501.16,98.571
508.29,723.71
520.3,300.03
528.74,80.191
533.98,259.23
537.98,838.48
540.5,368.5
550.44,783.97
552.27,925.06
604.21,274.5
607.09,579.38
620.14,1006.9
631.09,641
631.68,689.27
638.02,336.17
648.36,191.17
653.25,101
656.91,55.79
662.48,283.62
668.41,1044.6
677.94,713.03
681.42,12.895
684.59,806.59
688.66,664.67
686,1178.3
691.93,412.76
691.26,435.04
691.09,1233.1
697.29,644.43
707.66,950.1
715.81,1240
718.86,765.86
726.49,152.62
737.68,279.42
750.41,856.88
761.28,1086.5
783.5,220.35
834.3,565.35
832.39,749.86
834.6,789.3
835.88,615.7
838.13,833.98
842.09,1133.1
843.24,196.09
842.5,910
844.8,920.56
857.35,579.66
861.36,746.5
870.35,273.45
868.93,678.41
874.24,189.53
883.42,166.11
886.15,54.447
885.82,413.6
889.83,890.81
901.5,590
907.78,53.556
919.11,315.62
919.5,827
920,931.68
924.25,1157.2
924.58,1139.4
932.73,1010.7
933.08,881.8
934.46,457.09
936,1173.2
939.51,587.26
944.11,1160.1
947.09,790.49
949.75,652
949.88,1211.5
952.56,1229.3
959.52,1188.3
988.7,1198.3
998.59,477.49
997.6,838.76
1003,963.5
1025.8,748.35
1037.4,160.5
1042.6,826.97
1052,1049.1
1053.6,145.93
1057,672.11
1061,362.5
1072.5,531.99
1079.4,743.89
1081.7,297.09
1086,1027
1093.7,676.06
1102.3,301.03
1102.5,192.5
1109.9,51.277
1114,236.41
1121.9,338.98
1141.7,557.83
1164.2,782.95
1172.4,334.6
1181.9,1090.2
1189,1102
1199.4,462.11
1209.5,583.5
1214.7,539.47
1216.6,499.63
1216.8,876.56
1232,243.84
1237.4,793.55
1239.1,808.81
1240.5,497.07
1241.2,681.55
