7.0652,28.935
6.2903,378.29
8.9783,1008.5
29.919,958.59
30.838,424.25
39.5,840
53.724,284.68
60.074,509.59
98.615,96.892
105.89,687.72
106.3,824.3
119.42,1087.3
118.5,650
124.89,136.58
130.88,983.88
140.62,142.83
138.45,274.94
138.58,320.55
141,820.5
144.17,482
152.47,549.07
161.93,1017.4
169.21,81.514
180.7,19.28
190.22,1178.1
194.25,312.17
199.07,4.05
204.06,617.75
206.86,942.43
229.12,350.88
231.65,419.19
249.79,705.01
248.19,788.07
250,83.5
253.94,43.5
267,627.18
288.7,340.44
321.47,1096.2
325.5,943
332.94,73.549
335.68,702.77
341.67,518
351.42,436.89
355.3,514.5
370.58,561.39
382,1128.5
382.58,488.89
385.62,811.46
387.98,1009.8
385.95,1095.2
386.5,1239.5
395.5,439
400.25,1083.4
404.66,65.203
409.73,124.73
417.46,804.95
424.23,605.22
441.26,654.86
449.14,902.85
457.5,353.5
473.72,902.52
480.31,75.914
480.89,224.63
502.09,5.9091
509.18,246.33
516.61,1075.4
516.58,1108.7
523.83,930.65
531.37,88.109
531.85,1073.2
533.09,227.91
540.92,87.44
547,965
556.05,410.18
558.71,981.29
567.43,786.71
576.47,123.73
574.5,1189
586.39,1173.3
596.67,1200
600.5,299.5
604.07,218.51
608.09,595.11
624.67,1181
629.01,874.29
637,797.5
657.33,333
660.5,1152.8
671.85,41.061
670.61,855.14
672.94,1215.6
674.73,894.27
689.77,222.6
699.5,1169.5
703.08,196.83
704.44,974.08
730.42,304.42
738.5,1176
743.93,97.593
745.89,560.32
771.45,1088.6
782.74,361
791.07,524.41
796.79,582.03
811.72,227.53
814.5,1179.8
819.21,253.24
827.54,36.711
825.88,1235.4
826.76,438.67
828,775.77
829.65,1143.5
837.06,805.32
859.14,421.75
859,24.5
861.07,132.05
869.46,564.98
869.5,4.1304
904.46,901.39
906.22,962.56
908.55,254.17
935.42,1207.6
943,140.24
942.07,1123.4
948.38,198.44
948.24,708.33
947.46,980.22
958.17,75.114
989.55,1166.6
994.5,347.5
998.58,878.49
1019.9,904.09
1030,769.43
1038.7,719.64
1047.3,426.79
1051,126.95
1054.2,76.604
1059.5,827.18
1085.3,1136.3
1083.4,951.63
1085.1,24.116
1098.4,1199.5
1106.8,1166.7
1128.5,639.67
1153.2,1018.7
1154.3,853.21
1158.2,256.7
1160.6,557.37
1176.5,1241.5
1181.9,259.5
1183.6,972
1189.9,139.59
1196.1,12.885
1218,129.5
1232.1,1122.5
