18.642,28.977
3.38,89.02
2.3158,154.26
4.2288,258.27
12.65,397.83
11.193,446.87
3.8209,610.43
7.0396,700.6
14.405,998.69
60.835,1000.8
8.9333,728.63
7.5,97.5
9.28,354.1
7.7273,803.27
67.256,763.96
11.091,946.91
15.5,271.5
36.115,184.44
116.59,280.46
24.475,1085.3
39.207,231.28
110.75,63.04
28.426,620.23
36.412,264.88
42.369,860
32.412,690.94
48.967,389.26
47.12,14.4
54.598,679.41
49.105,360.58
51.062,24.062
55.43,139.16
52.972,616
61.75,364.33
71.5,187.81
72.7,365.8
84.532,397.31
87.034,567.08
83.12,596.54
86.846,663.82
79.833,72.972
95.865,147.29
94.021,911.34
94.361,512.17
95.9,774.37
107.64,340.48
106.32,905.76
111.56,31.374
114.66,171.73
105,556.5
127.75,591.28
115.23,6.8166
120.36,122.86
152.1,393.95
121.73,708.46
113.59,777.06
114,548.5
120.18,674.84
126.79,512.18
120.65,740
128.35,249.24
129.42,734.46
132.52,629.04
138.17,803.84
148.87,734.98
143.61,412.29
141.11,441.09
140.95,663.9
170.96,862.17
142.4,426.6
291.91,210.71
150.01,774.56
163.65,664.97
156.68,504.46
172.05,695.71
161.16,751.32
182.91,788.81
171.02,547.93
173.57,27.571
177.39,321.13
180.52,216.17
184,564.5
198.41,382.12
222.18,558.86
205.33,6.0682
204.98,721.9
201.15,1040.4
202.96,633.33
209.77,525.16
204.7,934
208,1037
214.21,759
223.02,389.68
215.24,487.54
214.68,693.79
217.69,434.66
214.6,502.4
222.91,196.31
219.5,711.5
220.65,793.77
293.93,536.09
236.23,747.08
226.44,14.111
239.37,490.23
228.42,518.47
254.48,65.732
235,946
238.31,685.54
257.79,221.96
241.04,395.17
240.3,2.25
262.16,934.56
243.13,466.16
261.04,319.33
277.87,661.03
250.97,462.89
266.07,393.83
258.56,845.21
265,856.6
275.11,483.32
290.16,835.79
280.83,31.906
285.07,106.42
287.68,692.41
297.1,901.68
299.24,592.54
296,864
314.85,857.73
311.45,105.29
321.76,770.89
329.39,621.5
349.09,941.14
328.48,911.72
334.9,342.79
336.36,319.73
337,924
348.33,585.12
401.45,570.79
416.35,287.88
370.97,130.61
368.9,594.73
448.85,714.09
361.5,175.5
373.61,1042
363.5,1095
368.77,449.77
370.55,416.76
372,1146
377.85,74.78
381.23,454.23
388.1,11.955
389.83,490.89
383.14,648.5
383,202
393.13,45.776
404.7,415.31
386.8,655.44
401.82,612.36
438.26,1139
407.79,1290.1
407,1300
409.71,385.57
408.77,888.93
415.67,24.592
411.06,543.56
416.97,376.19
418.68,183.71
429.57,1021.3
419.86,339.86
431.5,30.5
447.34,856.43
458.06,428.94
444.6,24.92
455.16,370.65
452.43,1090.6
457.83,1114
461.24,26.556
466.15,1015.1
474.67,1105.6
521.85,499.63
469.57,1153.4
478.35,675.96
474.07,867.41
473,874.5
474,664
482.07,5.1507
699.58,342.85
484.9,707.22
494.85,894.93
488.91,812.06
496.15,941.15
495,698
500.49,1088.9
586.32,699.39
498.5,812.5
524.88,1027
528.4,849.01
505.08,1138.5
506.45,809.29
515.84,1178.3
669.83,1184.1
516.55,809.97
520.8,198.53
524.36,361.32
534.56,541.42
534.34,809.7
541.68,775.15
549.5,899
558.02,880.38
559.2,662.88
569.2,198.48
573.11,507.68
577.18,904.84
573.22,844.12
572.77,933.34
580.15,1233.2
576.62,690.12
600.38,822.54
586.89,782.19
589.49,755.21
587.16,1192
586.72,1043.3
592.86,866.99
621.4,913.28
603.05,584.25
606.11,449.97
605.06,1048.9
655.81,210.93
608.75,774.63
606.32,1031.1
658,1113.6
617.39,746.31
621.36,512.1
627.37,864.7
629.41,786.42
645.3,1003.1
645.13,621.41
629.57,566.28
635.12,959.16
637.07,523.77
634.4,882.4
638.19,492.98
637.69,764.45
637.89,303.42
640.93,225.07
660.34,6.0447
643.05,258.1
665.21,56.231
643,587
708.99,700.03
666.36,289.45
662.62,900.06
667.54,1211.2
670,468.26
716.76,772.23
669.34,1006.8
693.55,109.62
667.5,1184
681.01,855.49
685.19,1058.4
683.78,43.66
690.43,518.18
699.9,738.07
688.7,1330.6
688,473
700.42,657.5
694.43,435.43
695,281
694,835.5
717.87,966.89
706.39,799.34
723.56,884.89
713,811.83
718.04,523.2
721.05,460.5
745.6,12.975
720.41,504.07
721.86,594.32
721.28,680.21
719.4,1069.4
724.84,651.51
730.77,1054
751.01,534.44
730.86,615.14
734.07,484.74
737.95,161.69
738,618
741,609.97
749.6,591.48
742.07,108.41
775.2,1000.8
763.15,83.483
756.78,955.5
757.23,490.75
767.12,295.15
776.02,481.96
794.41,60.666
777.16,471.22
780.5,205.64
785.85,282.02
828.14,901.1
791.19,740.88
803.84,534.87
800.9,498.6
798.94,159.41
799.44,318.84
895.74,395.64
800.43,994.09
825.99,129.96
804.22,1060.6
809.42,207.21
950.89,530.21
812.79,183.54
814.87,606.28
813.96,86.653
812,249.5
857.25,837.19
830.24,7.7258
822.77,554.63
818.37,590.98
822.52,698.64
823.47,823.08
826.02,963.97
822.86,300.51
850.52,480.67
830.12,367.58
830.23,584.23
845.12,732.35
840.95,1036.1
834,1059.5
836.71,780.55
841.88,1256.4
844.19,296.74
849.33,146.23
849.85,1274.8
854.46,1250.7
853,265
854.25,270.75
869.78,112.2
860.66,790.76
872.06,1025.6
868.64,756.26
881.05,253.23
867.11,739.58
872.56,790.17
867,1225.5
872.56,1038.2
916.53,833.14
888.28,721.6
895.49,230.45
942.21,687.53
904.9,802.55
898.68,271.36
907.35,249.94
906.97,575.53
914.59,7.0921
913.33,776.93
915,553.5
916.9,724.44
920.87,851.88
929.56,247.2
922.33,531.4
937.19,639.81
929.72,523.78
951.62,757.89
935.65,662.9
939.9,972.49
938.52,221.88
939.12,23.654
944.86,287.64
944.35,108.88
945.92,494.08
956.91,188.44
959.5,954.5
982.4,1215.1
963.1,837.48
969.42,3.8438
970.5,718.98
966.79,813.79
992.77,832.49
1012.5,357.05
979.27,283.35
1003.6,151.84
1052.7,140.25
1102.6,903.07
1003.6,684.66
1006.3,418.09
1019.3,608.45
1043.9,700.86
1025.6,551.35
1027.6,246.61
1038.7,791.8
1054.4,364.33
1047.7,3.5319
1055.2,1193.2
1056.7,204.84
1055.8,1136.6
1070.2,243.45
1064.2,331.66
1067.7,191.47
1068.9,1176.7
1070,181.14
1072.1,294.53
1077.9,718.87
1098.2,371.33
1081.7,1051.8
1100.8,1255.9
1088.6,658.9
1090.8,737.83
1091.8,293.36
1097.1,1101.2
1091,519.14
1090.3,1079.2
1094.5,1049.5
1148.3,418.15
1100.3,720.36
1102,123.33
1108.9,666.05
1136.7,250.13
1121.7,49.81
1108.5,233.5
1117.8,303.07
1122.4,208.81
1184.4,589.95
1130.4,131.75
1119.8,1.875
1120.8,517.4
1121.5,648.5
1158.9,521.19
1124.8,1319.6
1136.5,1053.9
1127.5,495
1129.8,8.0667
1142,64.354
1137.2,267.63
1137.1,495.31
1138.9,296.46
1149.9,1124.9
1141.3,1000.7
1142,284.5
1163.6,333.71
1143.4,197.89
1150.1,721.65
1148.5,278.5
1151.3,80.917
1156.6,158.29
1154.6,264.13
1153,313
1178.2,96.694
1164.5,185.36
1175,262.49
1174.3,279.83
1189.8,148.11
1194.6,214.04
1192,244.9
1236.9,100.53
1201,666.07
1201.2,106.81
1206.3,465.3
1198.4,1116.4
1208.2,1267.7
1207.8,289.31
1209.8,407.51
1213.1,1246.7
1215.2,623.75
1212.9,599.42
1215,357.5
1219,389.2
1214.3,798.87
1217,1088.9
1223.4,1327.4
1225.9,599.89
1231.7,47.939
1228.2,311.32
1229.3,445.16
1229.6,1274.1
1236,1293.6
1232,283.5
1237,219.49
1239.6,522.39
1254.8,1257.4
1236.6,1235.1
1246.8,994.86
1269.5,5.2485
1254,592.31
1250.9,746.48
1254.4,306.23
1271.6,211.97
1256.3,27.866
1258.9,713.67
1286,361.03
1260.9,518.19
1263.3,739.18
1263.6,753.77
1265.1,179.76
1264.3,480.27
1272.1,154.5
1273.8,121.11
1271,823.5
1268,679.79
1276.4,45.517
1277.5,1065.8
1281,630.3
1282.6,131.39
1288.4,102.44
1283.4,608.54
1309.8,1069.2
1299.2,729.26
1293.5,217
1294.7,818.57
1304.8,1138.3
1305.5,553.58
1307.9,234.93
1311,655.73
1319.7,710.31
1305.9,1304.2
1320.2,267.91
1316.7,73.873
1312.2,563.28
1312.2,587.7
1325.3,604.9
1320.1,901.65
1325.9,1157.5
1325.4,32.333
1327.7,225.6
1327.5,1223.1
1328.1,639.49
1331,70.15
