2.4348,620.39
6.5636,752.33
6.2188,608.38
11.59,452.41
11.17,1127.1
19.673,55.545
20.424,1065.6
23.432,203.95
24.948,545.47
24.826,984
26.611,847.14
29,95
40.061,397.71
38.667,108
42.349,707.3
44.357,918.07
42.074,1019.4
44.382,1158.3
43.424,53.424
46.589,1189.2
57.29,24.97
56.1,149.03
56.944,1142.1
61.387,405.06
62.756,1002.2
62,1049.8
63.5,228.65
67.926,529.59
68.389,750.86
70.955,647.82
75.084,514.8
77.085,217.68
80.833,349
82.617,1051.4
83.028,205.3
83.669,285.98
83.174,955
84.846,1180.7
94.903,814.67
93.421,912.11
98.068,672.95
97.5,607.5
103.85,348.47
102.41,786.12
111.23,479.15
113.7,1246.3
118.89,438.73
121.08,254.08
125.44,861.21
130.26,1168.4
135.56,547.33
134.44,726.56
134.91,956.12
137.8,1025
141.6,445.89
141.15,1199.9
144.09,972.69
148.86,724.5
151.54,856.05
152.02,1143.9
168.92,149.69
166.57,773.47
167,1061
169.12,330.65
171.6,177.32
174.81,528.2
174.98,605.52
177.57,585.61
181.5,1077.5
187.79,588.38
189.06,350.41
195.47,133.36
191.58,300.89
197.59,153.49
198.8,1167.2
201.52,476.22
201.72,402.86
202.79,493.92
207.17,34
210.22,78.412
210.86,634.7
217.86,25.304
218.13,157.13
217.5,386.5
220.43,774.4
225.37,866.37
229.81,494.93
233.5,6.4259
235.06,163.55
234,1195
243.4,1010.7
243.9,302.12
242.07,387.41
245.05,842.23
255.96,153.96
246.17,918.12
250.53,62.032
257.28,864.82
258.41,1037
263.41,664.9
269.39,559.85
270.52,174.07
270.75,1102
280.39,317.95
279.37,1172.8
285.06,896.55
291.1,369.62
298.29,428.71
300.95,827.35
308.25,1220.8
312.49,551.14
315.61,68.694
315.71,136.3
316.2,283.72
330.71,153.64
325.56,938.03
328.72,1027.9
339.07,568.19
342.25,1127.4
349.65,1104.6
345.79,651.5
348.17,1204
349.48,221.78
348.76,601.41
354.62,1154.6
354.82,107.95
355.5,265.5
359.47,332.54
361.42,686.89
364.98,553.41
369.61,252.88
373.5,471.5
379.85,704.05
379.07,886.8
382.65,934.8
387.16,1003.8
389.91,453.6
391.8,34.892
401.86,52.086
403.71,1208.7
401.67,982.25
412.92,467.56
417.1,811.05
414.88,255.35
418.39,319.39
427.29,455.14
427.35,104.32
426.68,684.78
438.48,755.73
437.57,1156.7
438.56,641.92
440.52,490.4
442.56,719.14
441.92,86.56
445.32,1077.4
447.8,890.62
446.7,863.09
447.39,470.61
455.64,849.9
453.11,176.58
463.64,141.02
475.44,41.077
468.5,1201.5
472.25,503.19
482.8,923.4
482.05,968.92
493.53,99.339
490.07,162.56
497.56,665.9
500.76,892.76
506.82,321.44
503.61,524.14
504,618
512.23,845.2
508.09,80.59
513.61,275.57
516.65,737.67
523,476
524.9,505
528.13,411.03
531,839
531.58,535.11
536.43,38.406
540.52,745.7
548.66,108.47
551.37,684.87
557.91,386.57
563,433.5
564.32,1192.4
585.44,267.62
585.14,930
584.5,1234
587.15,631.54
588.93,240.59
592.05,380.46
595,150.75
599.29,401.5
599.84,1045.9
606.13,1125.1
611.61,664.19
610.66,1105.5
616.9,1007.2
616.23,151.46
628.54,1172
627.87,593.33
633.06,1045.6
628.33,68
635.94,615.1
636,83
639.32,669.85
641.5,84.364
643.41,128.76
659.12,1215.1
665,79
669.72,941.12
669.92,610.92
681.83,1095
693.04,562.98
696.33,1042.1
699.09,738.87
702.86,224.97
704.33,239.76
704.77,881.34
709.12,1174.6
708,788.5
716.75,1189.2
722.13,98.642
729.5,587.5
745.7,1070.4
755.55,282.42
762.56,1241.2
772.29,135.08
770.89,462.37
778.41,552.2
781.37,270.37
786.5,558.5
788.04,774.69
790.58,654.58
804.5,190.3
807.96,738.88
810.61,395.51
820.5,21.5
829.5,1125.3
830.88,97.927
847.34,396.62
855.08,741.66
853.89,128.46
854.69,569
856.09,1001.3
861.71,647.53
864.96,709.94
866.5,261
876.5,1242.9
879.69,46.914
883.5,185.5
886.56,1075.1
888.73,820.31
892.92,934.64
895,562.75
894.91,894.09
895.93,911.59
899.39,82.482
901.36,721.91
901.91,484.09
906.42,687.68
911.56,310.31
914.71,757.05
919.8,121.71
915.61,199.84
921.92,534.56
924.54,1235.9
935.65,896.94
938,295.5
954.56,801.36
950.63,167.37
956.17,195.77
964.11,277.25
961.07,650.07
969.04,824.46
970.75,642.05
974.04,627.63
976,180
979.78,134.1
986.82,742.6
985.5,31.647
987.35,1247.1
994.46,439.83
995.23,1018.8
993.88,587.58
994.5,608.5
1003,291
1003.9,61.083
1009.1,311.45
1009.9,972.47
1013.6,683.78
1013.1,818.38
1018.3,167.39
1017.6,696.67
1026.4,107
1030.2,1017.1
1037.6,411.32
1039,1065.9
1046.8,203.65
1047,319
1054.4,702.35
1053.5,1179.8
1053.7,111
1056.1,857.93
1055.9,882.09
1059.7,26.967
1065.1,998.52
1070.9,140.57
1070.4,116.5
1075.1,332.4
1086.5,807.97
1086.2,357.93
1088.6,507.98
1094.2,413.94
1096.6,279.98
1094.9,558.09
1103.9,160.82
1110.2,1181.5
1108.8,350.44
1112.7,860.08
1122.3,442.93
1143.2,291.17
1148.7,1235
1152,992.44
1154.6,595.42
1156.2,69.846
1158.6,289.35
1160.2,252
1160.9,739.92
1163,584.07
1161.9,964.77
1163.5,860
1165.9,994.03
1169.1,632.05
1171.8,371.07
1172.5,1067.8
1181.6,1001.4
1184,221.53
1187.3,40.397
1198.2,988.18
1197.7,743.61
1205,357
1211.3,518
1210.3,586.93
1212.7,195.55
1215.5,302
1217.8,943.67
1215.9,1090.9
1221.4,155.6
1221.5,569.78
1244,686.33
1246.8,70.308
1247.1,602
