3.1467,328.4
7.0982,653.19
2.3636,1165.5
6.5789,241.11
18.541,296.44
26.656,253.68
26.222,658
29.063,1008
31.464,875.68
33.68,59.455
33.268,316.02
35.389,1177.9
44.882,363.1
46.19,754.07
46,1029.8
46.564,339.92
51.112,1068.4
51.1,795.38
51.444,95.926
52.611,161.86
55.487,251.2
54.845,729.69
63.229,482.12
66.5,1093.5
64,1183.5
64.926,328.59
68.388,1159.7
70.576,108.58
73.163,74.653
73.525,786.93
73.909,1052.9
80.947,98.026
86.114,409.28
84.459,49.919
86.619,441.76
91.84,703.83
91.169,429.7
96.306,84.965
99.055,846.66
100.4,101.74
107.05,1087.6
108.75,19.09
114.26,418.9
111.35,110.35
111.61,589.16
117.3,479.66
116.08,203.51
126.66,966.15
130.59,688.93
143.88,502.69
146.41,1067
146.26,1107.2
151.43,342.95
152.57,357.8
157,860.11
160.03,771.02
164.58,746.66
165.71,301.35
166.49,158.3
174.34,25.212
172.93,311.74
177,358.3
176.61,629.07
173.86,676.14
181.14,1176.6
180.5,442.5
182.57,501.26
189.31,131.48
189.63,418.96
187.14,444.41
190.92,336
190.32,654.58
200.46,320.38
199.18,204.88
202,261
203.76,683.04
200.93,228.59
205.11,379.48
206,566
209.2,579.7
218.11,89.431
221.65,1128.8
218.46,226.09
221.28,394.64
223.24,2.6829
224.11,699
225.2,651.91
234.2,1200.3
234.53,828.46
231.66,621.59
236.81,235.29
235,178
237.47,752.57
236.15,661.54
244.81,593.79
246.73,709.11
254.52,160.66
255.77,952.83
259.23,700.14
264.03,1047.7
268,222.5
271.42,494.35
266.4,843.4
271.64,1104.5
277.2,579.43
277.3,888.58
275.86,979.86
277.9,1145.6
280.9,379.63
279.84,514.13
285,110.25
285.56,1154.9
289.32,187.81
286.58,994.89
292.16,452.33
290.24,783.34
290.62,511.81
302.22,39.108
301.83,1107
306.06,532.1
309.03,777.5
306.14,217.81
308.55,1174.6
307.09,1217.9
311,856
317.27,891.64
315.92,520.69
318.6,579.43
323.56,842.64
322.49,2.4878
322.48,1182.6
324.55,117.58
327.53,1063.1
326.91,1091.9
335.72,1244.8
338.03,1081.8
336.5,755
341.17,1057
348.45,71.927
343.06,836.91
344.58,379.11
346.71,924.43
351.29,203.02
348.08,313.08
350.23,1228.1
355.5,595.5
361.33,235.31
362.33,247
367.43,1108.7
374.06,849.6
376.93,332.59
379.71,449.5
381.89,921.59
383.07,341.95
388.35,393.94
387,96.071
389.82,684.15
391.57,908.34
396.95,28.745
398.51,298.15
398.21,1145.6
403.28,657.61
404.21,499.98
408.63,1075.9
412.68,992.37
408.14,1013.5
410,53.5
412.5,330.5
416.45,1111.5
416.75,704.13
419.91,41.012
417.37,210.37
417.92,1134.1
427.08,1188.2
433.57,820.19
423.04,919.43
424.3,993.36
428.04,792.33
431.37,838.89
432.07,876.32
432.69,616.98
432.83,722
447.83,1240.2
437.65,929
443.27,947.69
445,64.116
449.12,623.21
449.07,577.54
448.06,894.53
453.29,932.34
454.23,981.96
460.57,204
457.07,263.59
458.91,1092
460.08,966.92
467.2,1033.1
464.61,1200.1
471.45,62.835
472.03,118.32
470.42,1016.1
474.84,800.08
477.04,1084.1
482.2,1228.1
478,960.5
481.93,791.83
483.9,824.42
486.13,1009
486.85,550.81
485.68,371.42
490.12,639.33
486.44,766.3
485.93,354.59
485.93,929.41
490.58,666.55
495,603.14
496.61,956.86
499.62,271.66
499.98,552
503.26,1095.2
503.1,222.01
504.67,902.42
504,1210
511.74,36.44
515.05,1228.1
510,559
515.04,1245.4
519.86,8.4839
520.27,249.73
521.39,1032.5
527.12,737
529.45,880.66
534.26,897.93
537.21,841.83
533.58,754.81
531.91,997.91
536.2,293.82
537.43,1207.9
535.44,100.92
536.87,206.87
540.78,935.52
542,701
545.42,1089.6
545.07,68.593
548.77,959.57
547.23,975.79
547.85,1241.5
549.35,1060.5
551.39,617.61
553.01,723.12
554,1100.5
559.41,1223.5
558.88,401.17
562.53,924.95
562.5,141.5
568.53,4.7368
571.47,1147.2
571.37,720.37
574.23,957.32
572.14,872.64
576.06,510.8
583.9,1085.7
588.37,1164.5
591.57,1215.1
589.47,1125.1
592.75,995.87
593.92,955.6
592.42,290.45
598.37,863.95
600.77,647.73
605.22,1202.2
604,513.34
605.74,306.5
606.18,1169.8
604.85,671.65
616.3,592.14
613.34,103.4
611.67,1000.8
610.5,195
610.53,470.58
616.3,1113.3
617.2,212.62
613.73,870.55
620.42,1181.7
621.94,1129.2
620.14,655.14
623.52,485.11
625.85,63.444
625.38,622.62
629.1,648.38
636.57,238.99
635.01,1116.2
633.5,1046.5
636.39,1245.9
633.67,1104.8
639.51,140.9
636.52,255.09
638.83,308.1
639.65,474.84
640.38,1003.4
642.66,356.08
645.89,269.72
643.71,532.55
648.01,1198.7
651.86,1059.6
648.9,1177.6
649.86,589.86
654.29,667.01
650.07,987.59
652,455.33
662.57,699.08
661.05,360.35
660.5,582.5
670.87,1089.9
678.38,1155.9
671.97,552.55
677.73,677.1
671.44,1222.9
677.5,452.5
687.52,535.91
681.96,598.82
683.45,199.64
687.99,976.19
681.94,1094.1
685.73,1206.9
685.22,1222.7
686.79,436.72
685.77,588.27
687.62,560.25
687.68,268
691.86,734.52
692.5,523.5
695.31,1094.1
704.77,291.61
698.56,525.8
698.58,793.11
703.79,883.22
700,975
708.69,164.55
704.44,646.02
707.17,946.43
714.5,805
716.45,1157.5
717.1,311.84
720.64,957.03
724.43,965.57
726.5,933
730.07,770.59
731.95,887.47
732.58,309.12
732.96,706.44
736.57,922.77
739.11,367.89
741.5,1136.5
746.53,659.16
750.89,831.58
757.93,684.85
757.6,653.6
759.5,1004.5
759.5,349.5
761.83,942.6
761.85,294.02
767.99,848.3
764,1149.5
765,655
767.66,778.15
771.8,62.086
773.94,1222.5
775.32,486.16
773.18,751.06
782.96,623.47
781.92,1084
783.1,513.51
786,353.16
788.58,263.94
789.28,252.36
792.87,1084
800.51,441.76
799.91,904.09
801.94,291.91
804.12,312
812.7,877.89
813.29,154.48
822.63,937.66
824.22,324.67
826.77,1070.1
833.92,444.61
832.07,982.84
830.59,405.07
840.51,616.35
838.04,716.82
843.56,208.92
844.89,744.68
847,917
862.38,369.06
859.21,743.14
858.88,1120.4
860.45,186.41
866.46,977.94
866.74,1127.7
868.6,44.397
868.41,546.04
872,764.58
872.32,866.04
873.58,225.18
882.86,427.35
878,989.5
884.55,253.48
884.38,725.19
884.59,855.83
882.37,756.37
883.92,408.2
884.97,768.13
891.76,1124.4
890.78,546.88
894.47,128.59
895.53,927.23
894.64,730.93
898.95,823.98
905.79,1064.8
908.41,891.59
912.06,251.69
912.61,1111.4
915.73,739.45
914,769.5
916.76,796.57
913,927
916.6,570.6
921.94,248.94
920.92,890.05
927.7,927.14
926.31,778.09
929.9,980.09
929.45,95.098
929.55,668.03
931.07,347.12
933.05,745.02
939.26,412.92
945.85,513.07
944.5,668.5
951.71,857.65
950,417
954.01,606.61
952.39,761.33
950.64,1150.5
956.62,704.36
956.91,506.09
960,1023.2
965.56,912.47
965.13,873.94
971.58,460.58
973.45,776.64
978.15,869.45
982.8,812.17
982.46,596.74
993.57,1208.5
989.51,291.99
993.94,991.95
991.28,468.57
994.49,702.42
992.64,887.32
1001.9,641.76
1001.2,921.64
1001.9,1129.7
1003.4,608.61
1009.2,658.63
1018.4,353.36
1021.3,484.29
1017.9,837.5
1018.3,919.38
1021,399
1030.2,988.59
1025.4,1157.5
1032.5,197.69
1032.9,536.06
1035.7,941.92
1039.2,1037.5
1035.3,460.22
1041.8,339.77
1047.3,776.2
1044.8,1019.8
1053.3,884.65
1051.3,1222.3
1052.7,439.69
1049.5,955.5
1050.6,541.11
1056.2,999.36
1053.4,804.68
1057.8,1096.6
1057.4,597.6
1056.1,680.94
1055.9,1027.9
1063.1,531.18
1066,358
1064.5,468
1065.5,713.5
1064.5,881
1067.2,385.64
1069,892.5
1068.1,977.9
1067.1,1203.1
1070.4,828.33
1068,1057.5
1070.8,749.95
1075.8,806.9
1079,938.71
1077.8,923.81
1091.6,453.73
1097,770.92
1095.7,1227.4
1091.9,464.65
1099.7,848.4
1098.7,1155.6
1091.5,903.32
1102.2,993.09
1102,343
1107.9,434.67
1105.7,454.08
1103.6,893.89
1111,333.2
1110.6,643.08
1112.1,1136.9
1113.6,490.82
1113,961.26
1113.6,1082.9
1118.4,861.45
1119.3,1002.3
1119.6,1232.3
1119,920.4
1124.4,482.89
1128.1,1073
1130.9,944.98
1131.6,440.45
1136.3,788.05
1135.9,185.63
1140.2,932.4
1143.4,389.22
1156.2,298.21
1152.3,728.96
1158.4,964.93
1158.4,910.75
1160,357.68
1164.7,311.36
1164.2,1035
1167.3,815.59
1174,517.7
1175.9,1152.8
1175.3,454.89
1180.4,400.38
1185.2,901.24
1178.5,1027.2
1180.8,966.76
1191.8,577.46
1189.5,215.14
1194,657
1199.5,1048.4
1199.5,70.685
1205.6,247.4
1203.9,1153.3
1208,914.96
1210.5,1122
1216.5,683.48
1229.4,1031.9
1221,1069.7
1227.1,937.14
1230.4,524.89
1240.6,240.31
1247.1,912
1247.5,756
