8.2151,1115.7
7.8462,481.35
11.056,1174.8
18.57,991.33
17.061,662.31
17.71,1039.5
21.5,14.5
25.5,146
30.5,1019.5
37.52,30.4
39.611,811.75
40.946,1182.6
55.13,943.14
58.82,621.06
60.364,1186.5
70.529,1129.7
75.19,1074.8
73.46,837.42
70.788,940.73
72.5,505
79.934,33.67
90.974,538.4
91.912,940.46
91.139,229
88.286,959.57
100.4,597.26
109.22,856.74
105.26,3.5217
109.46,875.62
106.5,1086.5
117.61,1072.3
121.29,530.5
137.49,617.13
145.48,832.73
140,86.659
143.35,928.36
144.62,697.3
147.12,279.71
149.92,302.05
150,33
149.08,765.28
156.43,851.91
157,51.5
172.98,339.43
174.45,92.587
176.05,906.68
174.35,1142.1
187.86,181.5
192.02,1046.4
190.62,805.46
194,485.32
204.5,242.5
216.14,389.5
221.11,1104.7
220.98,126.88
222.45,369.23
222.32,81
225.03,1016.1
238.61,85.126
239,1165.3
244.07,571.56
252.7,408.21
253.67,444.56
261.16,786.65
261.13,1046
259.95,158.95
261.5,239.5
265.32,572.78
267.5,35
272.4,101.82
275.09,872.19
281.84,1204.9
284.6,448.56
287,955.32
299.34,409.2
302,576.5
310.45,278.43
309,583
315.97,514.53
313.58,159.89
325,96.5
324.38,527.38
329.14,337
331.65,1205.5
332.57,1238.1
337.31,1226.4
340.96,500.18
343.44,340.83
345.35,927.43
348.54,735.15
348.09,1240.9
353.64,197.12
351.2,353.99
354.93,21.2
352.89,242.58
363.32,246.6
363.65,1160
364.99,1065.4
366.44,385.45
364.5,1210.5
370.19,195.58
374.51,36.532
376.55,1116.7
380.5,409
383.5,187
387.76,476
393.48,572.81
393.58,263.24
395.16,1145.4
397.78,1125.9
397.81,620.56
404.75,473.21
411.56,14.035
410.58,113.42
413.07,896.04
415.4,435.59
415.79,1137.1
428.2,1171.1
438.42,1013.7
435.54,1132.2
439.53,953.84
443.59,684.41
459.42,288.89
468.34,755.32
470.94,235.66
472.81,711.14
480.62,982.57
488.11,37.378
494.05,277.04
489.42,848.11
498.14,262.28
502.34,964.75
499.91,751.91
503,79
508.45,287.75
507.61,812.74
507.8,175.84
509.03,6.0862
508.11,325.65
517.49,1009.8
518.54,1219.8
520.19,149.93
525.99,328.74
526.5,504.71
527.63,1135.6
535.94,20
545.02,408.82
547.64,473.15
546.46,524.24
545.05,723.17
546.5,128
547.53,1042.4
557.14,855.16
562.48,1106.8
561.64,257.82
568.96,282.27
568.3,674
568.5,423.5
586.19,279.71
592.7,65.63
591.07,122.26
598.09,82.909
599.05,412.18
602.03,749.93
599.93,837.59
612.03,794.56
612.81,724.07
619.34,136.71
620.29,491.6
624.01,1046
628.2,991.38
630.72,900.61
633.19,406.78
637.06,777.46
638.37,957.11
636.96,1175.8
637.27,258.37
642.04,74.929
641.85,1138.7
642.93,1203.6
653.52,305.15
659.18,667.47
667.78,48.168
661.83,570
667.91,623.09
672.5,113.69
669,129
669.43,289.91
673.72,603.38
670.53,880.84
672.94,1182.3
676.45,1087.2
683,770.5
685.89,519
688.19,247.37
694.17,485.83
691.14,386.61
691.88,430.2
690,748.32
695.45,1047.1
697.92,293.78
697.46,147.57
703.61,964.36
707,605.5
717.5,63
721.04,672.42
724.82,573.75
728.99,246.71
730.02,263.12
737.7,678.19
737.37,603.97
740.85,785.91
740.58,882.55
746.1,1161.5
746.92,404.55
755.95,195.02
750.93,980.12
757.54,1000.4
755.64,1053.9
756.52,455.92
757.91,1091.6
761.56,546.93
763.5,913.22
763.23,168.85
772.68,562.68
772,354.5
776.03,692.7
775.05,798.18
778.02,182.05
783.89,314.38
785.08,1082.8
791.83,892.3
796.5,863.5
801.53,645.92
800.98,967.14
811.89,761.38
813.6,434.89
814,213.68
834.83,397.43
840.45,180.41
836.5,571
841.01,1067.9
840.95,593.02
846.5,774.5
855.99,828.72
858.53,813.74
861.17,881.57
863.66,296.53
867.91,677.54
868.29,413.5
875.74,330.47
881.3,188.61
885.4,1007.4
886,268.25
889.2,1202.4
890.07,835.05
894.83,232.31
899.58,914.89
907,408.5
914.32,338.22
918.24,89.525
920.98,385.12
927.6,1014.4
929.33,585.87
930.71,693.43
938.08,918.3
941.41,566.65
945.75,1007.9
950,795.3
960.68,941.6
959.42,220.11
967.19,450.07
969.01,433.59
971.64,649.06
969.53,144.74
988.43,833.66
992.14,758.86
994.67,97.636
997.55,373.42
1002.1,1044.8
1013.6,568.13
1011.9,470.41
1016,825.38
1016,916.5
1020.3,379.4
1017.8,951
1022.5,186.63
1035.5,635.5
1039.4,473.64
1041.7,324.36
1040.9,374.83
1046.2,1185.9
1052.6,977.88
1055.4,722.58
1068.3,654.67
1071,150.23
1067.1,885.87
1067.8,940.09
1073.4,372.64
1087.3,1009
1089.7,120.42
1099,433.06
1107.6,683.02
1108.8,910.35
1106.4,400.89
1107.5,1109
1117.2,929.15
1118.4,126.45
1120,229.39
1118.9,673.5
1122.6,49.414
1127.6,1081.5
1133.2,244.07
1139.1,1144.4
1141.5,1056.6
1153.4,989.71
1156.9,86.56
1161.8,1172.4
1168.5,1048.5
1171.1,541.29
1176.8,398.2
1186.1,1042.1
1190,677
1221.7,719.17
1234.2,438.81
1235.9,1163
1245.5,784.68
