5.8308,189.09
1.7419,252.52
5.2989,269.11
2.7727,286.23
7.0417,457.69
3.5532,555.4
13.211,663.46
5.098,711
34.841,747.81
3.1379,821.97
4.0046,895.91
1.8,934.5
2.9,1246
5.4615,518.58
8,525
8.3333,1188.2
33.34,1190.6
10.324,250.85
21.726,822.21
14.6,362.85
27.715,571.46
15.5,977.5
16,852
26.22,536.94
20.833,400.42
22.965,439.93
21.083,1082.9
26.065,853.8
28.145,473.82
24,363
33.084,381.32
25.8,876.56
28.4,411.51
35.005,1068.2
29.711,595.68
29.083,248.92
33.482,194.89
32.308,426.5
32.586,484.59
32,810.5
33.5,1225.5
39.532,260.09
38.407,349.96
40.306,508.82
39.31,770.79
39.185,247.26
38.5,660.5
40.132,780.55
39.4,417.5
47.597,800.21
40.4,1243.4
53.451,616.74
45,486
53.105,973.43
48.057,210.6
49.49,503.59
53.69,442.56
61.298,534.76
61.404,574.48
50.105,1113.6
50,246
50.909,302.09
53.955,647.09
53.4,1108.4
54.857,388.14
56.547,1039.6
55.105,1053.4
57.736,306.11
58.527,630.05
57.6,814.6
59,520
78.901,694.69
60.05,753.1
63.947,721.34
63.429,390.43
73.848,1087.4
79.516,1192.4
65,661
71.144,662.96
67.2,849.73
67.862,650
71.346,335.58
86.962,359.53
77.338,1170.9
76.375,1004.3
75,1015
78.286,582.64
82.684,1034.3
83.188,649.1
82.719,629.09
81.5,762
81,942
85.578,819.42
97.78,973.4
88.32,238.65
89.618,1164.9
94.263,614.8
86.857,757.64
96.326,263.88
92.625,575.41
92.954,138.05
91,764
96.804,535.41
95.75,831.75
100.66,219.27
97.345,1117.8
105.04,746.5
99.929,159.4
98.974,190.84
96.75,874.62
99.346,277.85
102.33,809.02
103.16,236.6
108.27,591.17
99,842.5
101.5,309.5
103.59,707.94
104.32,1210.2
114.99,119.08
105.55,936.71
105.5,952
116.15,155.71
108.26,1099.1
110.83,1156.2
122.12,533.43
113.13,290.95
109,448.5
123.63,674.1
112.74,1131.6
122.32,242.86
121.44,914.11
114.5,720
118.23,388.87
116.43,1016.4
119.31,442.38
126.36,1013.2
122.68,480.26
124.07,616.07
125.62,231.26
124.96,774.44
129.6,583.42
131.15,1077.2
138.62,271.55
129.46,561.85
128,104
131.41,737.65
132.85,845.42
160.55,964.84
131.59,417.37
133.83,1158.5
132.76,592.79
138.98,895.15
133.58,470.89
138.5,1207.3
136.42,75.882
138.17,223.08
135.5,368.12
141.56,755.41
138,837
139,449
147.99,529.96
142.13,1179.6
148.45,40.424
151.11,707.34
143.05,775.28
142.92,1020.1
168.97,462.33
144.97,851.92
145.38,829.34
146.78,429.78
156.32,915.66
146.6,493.4
148.85,1037
148,1130
150.54,439.85
152.56,286.44
152.37,326.91
153.12,309.52
154.44,856.29
167.85,1011.6
155.27,1078.8
152.5,1129
153.5,233
155.61,894.56
155.78,1215
156.79,24.485
163.24,4.1339
157,406
159.49,756.37
158,1128
171.43,591.29
160,194.5
160,682.5
164.13,1057.9
174.32,1220.6
162.66,398.29
161.5,678
165.54,299.98
167.67,834.62
164.83,48.933
165,528.86
168.48,858.13
172.28,556.94
167.43,1179.6
170.58,633.04
177.36,1140.8
169.5,1155
171.61,45.419
173.96,627.31
170.5,797
172.57,1170.5
174.5,163.5
178.33,727.19
178.97,716.14
178,1246.3
191.16,231.93
190.85,834.79
179.82,117.32
184.41,703.07
186.04,954.87
203.86,655.47
184.14,797.41
189.23,1030.5
187.43,42
205.1,8.734
191.14,1182.3
189.5,1114.5
191.6,295.6
196.66,1006.3
202.17,336.19
193.37,520.46
201.48,561.79
201.46,461.53
209.4,795.93
207.74,1229.4
197,529
202.32,310.94
199.08,177.28
202.68,1166.3
202.43,510.39
210.27,57.369
204.12,163.75
216.27,184.2
203,504
204.31,592.46
204.45,958
205.09,988.09
208.17,30.366
205.41,121.94
215.81,151.31
206.5,435
219.34,501.49
210.23,1112.6
209,578
209.19,855.58
238.49,1191.7
226.1,597.96
221.72,753.59
237.65,313.03
216.73,351.02
227.02,883.07
241.16,226.95
227.14,454.68
218.5,480.5
220.64,955.91
223.1,75.696
223.19,266.29
233.16,1165.8
221,1119.5
222,805.5
224.11,352.42
224.5,66
226.04,140.58
227.71,1126.7
226.98,1226.7
240.63,522.1
232.53,778.24
227,932
231.54,356.93
238.67,655.6
233.47,29.577
232.45,910.59
234.67,1244.8
234.41,76.059
234.88,130.35
237.25,929.33
234.41,958.06
240.17,353.85
240.71,138.55
244.28,721.96
239,493
240.4,1036.4
246.93,582.74
244.66,469.98
245.83,1024.7
249.4,496.59
249.08,117.18
247.09,550.77
247.68,877.32
248.63,926.63
248.79,38.618
261.21,380.98
249,10.5
249.5,359
250,166
255.21,171.66
253,851
255.77,771.23
256,861
267.41,1113.2
256.9,247.84
263.42,469.79
261.67,561.56
258,672.5
260.48,1051.6
263.13,922.22
260,1063.5
263.81,38.207
263,603.5
263.45,1172.2
268.28,3.5946
263.45,1079.6
265.52,166.63
265.5,24
265.5,30.5
272.4,158.08
265.6,239.4
267.35,873.52
270.45,46.909
269.95,546.9
270,294
301.63,1142
274.45,223.15
273.5,240
274,1168.5
278.96,1245.9
279,391.5
279.67,904.17
289.79,238.32
309.58,1095.2
286.56,107.8
288.94,445
286,547
287.47,869.75
290.16,174.45
290.93,388.07
292.23,475.7
304.26,540.5
293.32,457.11
320.39,871.94
294.5,139
297.45,831.1
297.26,371.86
297.89,182.58
300.69,392.17
299.4,912.4
300.95,925.09
300,1164
307.56,495.48
301,999
305.42,9.3462
310.31,1242.7
308.38,221.59
310.66,457.41
310.18,1222.8
315.71,394.08
324.31,94.823
331.47,370.22
322.14,322.45
330.94,118.37
314.58,247.46
333.45,268.45
322.93,491.26
327.68,840.06
335.72,472.35
335.55,1237.5
331,1112.3
332.5,137
333.6,192.6
335.79,397.26
334.5,381.5
338.85,1088.8
343.22,168.35
337.08,1047.7
348.04,304.86
338.77,1127.8
352.14,486.87
343.7,212.03
357.2,942.23
341.22,994.84
342.26,895.74
343.55,508.95
347.58,397.8
366.46,857.64
344.21,1213.9
346,117
346.58,1122.1
351.11,1192.9
365.73,342.42
363.37,448.47
354.04,7.9541
364.42,49.475
352.12,377.12
357.27,515.67
352.86,1103.3
355.22,120.04
364.94,1076.1
370.61,274.56
357.88,773.35
358.43,1228.6
362.14,892.47
359.44,982.52
370.84,795.37
361.77,500.77
398.99,1226.8
363.64,246.68
363.4,402.4
368.15,1174.5
369.3,744.28
370.17,982.25
370.23,504.23
383.15,407.02
376.5,232
381.88,504.87
383.48,737.29
380.64,66.714
381.93,113.31
391.25,298.06
381.07,1050
386.5,916.66
383.82,1167.1
388.59,1.7838
386.03,1211.4
392.48,337.51
395.38,375.81
386.89,446.58
389.63,1152.7
387.5,428
387.89,438.42
398.58,768.11
390.81,150.95
399.23,230.5
390.25,795.61
389.77,822.77
394.11,877.41
393.12,506.02
440.46,1009.8
403.24,1049.7
394.89,1063.4
398.43,807.9
400.85,830.56
406.76,1128.2
402.86,39.796
398,82
406.94,429.93
405.71,2.1463
402.67,476.3
403.41,448.93
411.91,459.8
426.48,323.39
407.8,494.33
420.25,847.16
420.62,926.11
409.68,339.29
420.3,804.36
408.68,881.24
413.57,709.82
417.34,269.78
413.04,297.92
437.91,1170.1
414,515
416.02,123.1
415.11,1142.6
418.95,396.32
416.91,413.52
418,1052.5
423.42,482.27
420.36,1133.2
420.33,8.1667
423.81,344.63
422,979.67
434.9,900.23
427.45,515.16
432.99,1105.1
435.96,98.719
433.35,203.09
430.09,236.59
431.63,1059.5
437.15,57.771
431.43,366.33
432.26,250.68
438.33,772.19
449.03,481.11
433.77,973.37
444.71,943.5
439.23,384.16
442.33,434.4
440.44,755.8
457.31,18.879
443.24,715.21
445.55,256.06
443.93,785.86
456.87,165.37
446.67,755
459.43,887.64
448.74,1062.6
449,968.41
452.66,1111.1
454.36,738.49
450.59,1200.9
463.4,313.74
461.05,412.56
453,395
461.9,440.08
453.5,1087
453,1148
477.65,84.322
455.5,183.5
469,645.6
458.96,1134.4
459.06,338.15
462.45,830.36
471.09,1077.3
460.42,699.47
461.81,797.12
473.09,204.13
461.96,786.59
461.73,859.35
466.44,130.71
463.25,148.29
466.23,683.2
467.64,511.5
470.72,534.42
466.5,942.5
469.55,253.72
468.65,699.73
474.37,926.58
475.75,764.33
470.06,779.41
480.68,339.7
479.73,15.314
476.13,1117.5
474.83,456.42
492.97,1180.7
478.4,1140.6
477.94,242.83
488.26,314.33
479.02,476.87
476.5,878.5
476.41,955.06
478.95,1157.2
483.7,573.92
486.48,791.74
478.17,840.27
482.79,61.652
491.46,283.03
482.87,508.57
481.32,292.92
480.5,938
482.92,616.44
483.61,676.39
491.58,838.12
488,257.5
490.43,984.71
492.48,1036.1
491.46,481.71
496.81,731.61
541.91,892.36
493.08,248.42
511.12,424.85
493,545.5
500.89,1010.2
500.4,663.72
498.56,471.89
499.73,591.7
500.53,747.74
509.74,978.78
502.89,81.417
503.68,576.62
503.5,236.5
508.22,933.33
525.86,594.04
505.22,823.5
511.06,1044.6
522.41,274.45
505,924
506,154.5
510.66,509.02
508,97.174
510.42,141.85
510.58,576.11
516.53,752.4
516.17,1012.1
512.5,67.5
512,718
516.41,828.86
526.51,9.6941
514.89,820.42
520.21,63.753
515.3,99.2
524.27,563.41
516,794
524.29,306.44
521.43,819.71
522.28,924.78
522,630
522.6,940.4
525.76,845.18
523.96,1037.4
525.74,1026.1
527.3,385.7
530.57,998.9
528.23,92.773
527,125
538.8,952.44
531.65,1164.2
535.26,480.92
529.5,120
539.48,723.49
528.38,797.54
565.65,516.05
530,826
531,837
535.83,917.15
542.33,753.14
534.36,41.822
533.77,928.77
537.43,1018.8
535.73,97.016
544.33,240.8
536.5,255
541.96,548.55
537,824.33
539.15,861.85
539.96,32.4
539.83,788.67
540,819.5
541.5,64.5
541.5,153.5
542.65,83.4
551.04,123.23
548.23,907.91
552.59,263.88
545,567.5
546,209
580.8,915.23
550.07,21.436
552,147.92
549.64,290.47
553.15,1015.8
554.75,780.77
549.71,491.29
549.4,809.4
550.87,761.83
552.34,95.057
583.35,852.1
574.01,32.798
563.1,831.28
556.5,961.61
559.86,995.53
561.07,301.45
556.74,500.09
562.36,973.55
567.87,13.472
558.09,67.156
567.35,52.765
566.52,143.42
572.56,225.85
564.11,684.11
563,693
568.01,1020
577.02,764.37
572.52,113.32
566,543
580.66,469.27
569,538
583.9,128.52
585.18,674.4
594.44,268.55
573.6,359.4
574.5,354
577.43,1158.1
581.72,803.13
578.54,1142.6
580.92,1179.7
578,8.5
588.08,952.8
589.29,332.53
589.75,724.36
586.43,1002.1
590.13,223.95
585.8,734.68
615.72,788.66
588.54,311.41
598.05,151.73
591.5,729
591.95,994.91
598.11,541.8
598.16,353.48
597.53,755.72
597.33,811.75
604.02,6.6813
596.6,1001.6
604.67,313.54
599.07,526.03
601.4,993.24
602.8,717.85
604.29,110.71
603.4,215.6
604.11,500.58
605.62,1162.4
606.9,937.27
605,997
609.37,476.37
670.19,228.99
620.55,214.06
609.06,354.41
610,897.83
611.18,94.853
610,106
613.85,34.415
616.44,87.711
615.94,102.67
615.42,14.895
615,894.5
616.5,356
649.97,471.42
620.5,744
620.63,982.97
626.36,287.33
624,387.5
625.67,705.67
625.77,883.31
627.03,259.68
626.5,78.5
627.07,618.74
626.72,948.69
626.64,960.05
627,365
629.2,497.44
629.35,726.22
629.59,154.94
630,1147
648.47,169.47
635.05,73.159
631.67,350
635.18,957.46
633.13,967.19
633,444
635.11,275.33
644.86,906.76
635.32,931.64
636,151
637.62,889.64
635,982
635.71,1146.4
637.98,294.98
637.41,320.45
639.37,214.77
691.58,957.55
642.17,351.75
645.76,842.18
641.57,114.39
643.91,927.98
644.08,321.28
644,608.5
643.8,826.56
643.94,421.37
661.4,39.379
646.96,272.4
649.36,759.66
663.66,112.02
672.25,700.1
653.07,729.47
654.55,287.92
661.07,321.61
656.36,1154.7
663.05,846.35
658.5,313.5
660,720
669.81,791.92
661,230
663.74,421.12
675.95,1053.9
663.58,931.03
682.53,764.9
666.98,433.9
669.19,888.05
669.67,4.4868
684.51,647.15
670.49,246.56
670,738.75
685.51,865.34
672,909.83
672.33,926.21
674.5,485.5
679.74,917.05
693.34,1141.7
674.67,373.83
674,568
677.47,85.9
679.43,834.94
677,266
702.28,580.18
681.71,287.45
692.76,800.46
684.5,340.18
682.77,784.33
684.48,110.62
683,268
685,413.5
687.09,355.09
698.89,158.81
690.02,290.7
704.42,826.98
695.37,464.16
694.24,488.92
696.1,776
691.29,714
692.72,313.12
694,449
694.93,359.03
701.64,388.25
694,405
697.33,109.17
705.45,425.49
705.19,665.59
704.12,896.84
702.65,748.24
701,781.5
704,1014
710.27,799.8
713.05,294.4
706.33,1204
712.98,1042.1
717.06,707.68
708.6,758.4
733.13,725.2
709.92,1121.6
712.41,1019.2
712,459.5
717.73,317.07
712,1012
712,1199
713.6,413.6
715.08,756.08
721.69,62.797
721.88,460.72
732.71,1136.1
716.5,374
742.11,870.94
717.42,1201
726.76,266.64
722.77,485.06
725.58,140.23
718,405
718,993.5
720.08,165.02
719.5,857
733.72,1099
721.5,796
739.45,1019.1
726.53,660.81
726.95,221.95
726.83,396.67
726.5,1218.5
731.17,296.11
737.39,419.16
729.14,605.86
731.92,845.4
734.82,232.96
730.56,783.11
730.4,798.4
732.58,1001.1
741.27,62.597
739.29,19.985
744.18,196.84
742.77,260.49
736.57,522.39
737.4,165.4
738.33,924.83
741.28,86.916
740.96,304.91
739.41,387.06
739,609
740.62,957.75
742.32,793.92
747.1,393.14
747.39,785.72
746.17,663.48
755.14,128.12
748.17,495.72
745.06,574.65
747.2,358.92
782.85,43.235
754,471.64
750.5,483.5
751,890.5
751.09,1118.5
752.79,178.15
752.61,455.5
761.01,563.81
762.48,402.66
769.05,667.72
756.65,940.58
759.04,455.58
758.57,916.39
761.28,1134.7
762.08,218.69
763.72,771.82
774.32,1100.9
766.43,249.16
767.61,270.34
763,726.5
765.88,297.35
767.97,443.94
766.51,491.49
765.11,923.11
764.5,1042.5
766.86,710.93
769.62,179.83
770.73,815.19
769,808
785.57,1135.3
771.22,325.3
771,1205
773.18,434.36
772.67,497
773.11,714.42
781.15,724.88
786.41,260.28
785.51,444.39
777.82,600.29
776,930.14
777,701.67
784.73,993.28
777,697
780.58,1015
780.53,1028.8
793.81,181.87
779.17,244
780.44,510.08
780.34,846.53
785.56,376.15
784.4,592.21
783.5,1116.6
785.62,15.962
783.84,856.89
792.49,696.53
796.23,765.97
827.32,1033.7
791.39,838.67
787.64,713.05
808.79,138.79
792.19,368.09
804.66,404.32
792,653
793.5,1085.5
795,1191
796.66,19.776
797.09,865.71
799.42,432.58
798.35,713.88
811.57,164.56
805.83,731.05
800.67,290.74
808.72,335.26
806.85,951.94
803.5,210
807.4,687.37
813.19,840.6
805.08,1101.1
826.21,1126.6
805.32,1197.4
805.89,939.42
812.54,1053.4
834.04,306.89
811.81,897.64
817.14,92.987
808.77,704.46
815.56,672.27
808.5,1083
809,566
810.57,284.61
811.57,449.05
814.46,259.51
811.81,783.88
812.33,183
814,571
815.55,230.48
816.39,269.57
822.7,465.53
821.87,443.67
821.13,638.43
833.65,1150.7
832.69,585.66
833.8,813.96
822,857.5
827.82,13.752
823.54,1014.7
823.81,43.259
849.02,356.71
825.33,259
829.13,271.75
826.6,370.4
827.35,504.92
838.34,699.12
852.62,764.88
830.58,1053.8
828.11,1062.4
828.5,399.5
829.84,901.9
829.98,341.95
829.58,1010.9
833.84,258.09
830,1073
835.9,158.03
833.5,179.21
839.74,214.11
836.59,61
837.57,374.93
838.02,873.85
846.11,47.696
840.64,441.96
840.65,1065.5
850.83,400.83
845.41,178.15
844.35,613.4
846.4,582.4
853.63,919.78
849.03,988.37
848.29,666.4
850.35,147.58
850.5,332
850.5,1132
870.87,182.44
868.06,625.14
854.8,689.2
855,1138
860.89,35.978
858.73,77.085
858.35,328.68
861.54,727.06
857.69,809.15
859.07,869.18
865.68,1135.5
867.26,237.31
857.5,1082.5
861.47,139.07
858,798.5
859,985
859.9,1154.1
868.13,1206.3
867.03,534.28
863,1079.5
875.26,408.69
875.62,273.11
864.6,288.6
866.66,485.47
878.63,671.23
896.56,1067.6
867.64,986.02
870.05,331.62
867.38,32
869.46,1105
868.66,75.759
894.98,123.52
871.67,828.04
885.75,969.37
873.02,792.34
876.23,891.73
876.13,1158.5
874.77,1223
877.55,389.98
875,1231
881.32,712.8
906.32,200.68
877.5,884
889.02,377.52
881.57,323.86
880.5,357
880,743.5
890.46,1133
881,985
890.36,148.89
888.29,867.87
884.5,439.5
891.34,168.94
894.4,1231.4
887.4,920.7
892.71,60.645
905.96,640.11
893.2,1006.7
898.42,1106.4
895.29,715.29
898.92,929.78
896.5,346
900.42,742.24
895,1013
897.71,1118.5
901.52,1147.8
900.96,12.711
902.61,684.79
901.43,946.57
954.73,287.45
902.86,988.57
903.61,328.03
912.25,772.88
903.93,898.07
904.63,152.63
903.78,350.44
904,63
927.79,1003.9
907.47,226.19
910.36,1226.9
911.21,30.207
911.95,595.73
908.98,467.43
909.13,608.7
916,1028.5
912.86,68.169
911,621.5
914,1246.5
913.4,379.58
914.45,104.13
917.82,923.01
919.02,973.77
920.56,5.7164
915,142
917.5,21.5
918.68,435.82
919.9,238.39
919,97
919,149.5
919,360.5
922.69,415.39
921,377.5
922.25,674.12
928.53,323.49
947.97,882.13
937.57,1216.5
923.5,75.5
923,602
928.27,661.58
927.98,1198.2
925.97,1245.5
931.11,1142.5
926,234.5
927.02,532.52
926.89,1190.6
927.36,342.5
945.89,94.34
930.5,371
935.98,597.81
932.56,379.33
931.83,963
933.52,612.45
934,386
952.57,1243
935,1048
936,1112
948.2,924.34
939.57,673.57
938,1116
939.42,713.11
941.17,442.48
942,221
945.65,387.77
946.69,700.99
942.4,855.04
941.36,1022.3
943.68,1136.8
944,1109.5
944.6,119.6
944,381
949.1,675.14
947.45,317.73
953.95,202.99
946.5,797.5
953.18,53.707
948.43,447.39
949.08,1033.9
949,1051
956.4,1147.1
955.45,440.57
952,233.85
952.44,575.68
953.37,591.16
951,1045.5
951.83,1105.7
970.44,1177.8
953.41,310.06
955.84,1023.2
961.21,636.47
956.67,250.83
962.59,524.22
956,703.5
958.08,691.92
958,709
958.67,789
963.33,486.74
964.65,1038.8
962,718.82
974.24,2.3889
967.34,430.77
962,466
962.44,558.89
963.17,1158.3
973.55,331.88
963,643
966.14,44.955
967.32,470.53
971.91,804.66
964.86,1165.3
966.45,220.18
974.21,1012.6
968.77,179.3
971.76,681.35
973.5,209.18
967.4,1091.6
968.4,549.4
975.11,624.11
973.5,560.62
969.5,655
970,855.5
987.24,731.85
973.1,65.871
975.5,407.02
973.09,692.52
981.65,1123.9
973.42,1227.5
984.47,34.226
980.17,443.27
975.05,1162.6
975.5,1205.5
976.61,488.16
980.33,116.72
977,517.5
977.5,969.5
977.5,1194
986.55,473.56
980.42,1064.7
981.44,995.12
983.97,1093
1002.1,173.61
988.44,95.738
984.08,664.95
984.05,752.44
984.43,71.263
992.04,520.34
986.91,541.45
984.62,899.22
986.6,1245.8
984,826
984,984.5
988.1,765.35
989.82,121.19
989.64,348.36
988.94,693.59
995.11,828.62
990.21,995.86
997.63,237.77
991.5,419
989.9,1189
1003.2,644.06
996.28,362.72
1034,1008.5
993.67,564.17
995.65,15.731
997.86,329.7
997.36,532.97
1002,950.4
998.12,70
1009,1175.2
998.81,681.26
998.61,802.5
1034.4,1073.1
1003.7,1244.6
1017.5,306.91
1006.9,494.69
998.96,692.6
1001.7,476.37
1004.1,593.38
1000.3,966.81
999.67,1093
1014.7,431.66
1001.1,1156.4
1012.2,27.653
1002.7,454.35
1006.2,3.4677
1016.3,400.64
1015.4,889.83
1003.5,575.5
1006.9,1105.6
1005.5,691
1006.2,769.88
1005,373.5
1005.6,675.61
1007.6,54.367
1015.6,100.9
1009.2,70.56
1008.5,998.5
1011.4,826.96
1009.6,1134
1010.4,816.14
1048.4,496.68
1011.6,727.81
1015.2,1118.7
1012.5,1187
1015.1,414.94
1056.1,336.88
1024,701.9
1016.2,592.93
1016.7,460.2
1018,182
1039.3,265.23
1030.5,817.9
1020,1187.1
1023.1,73.15
1021.4,116.57
1022.5,1197.5
1024.3,235.72
1022.6,631.6
1022,1177
1027,183.3
1024.9,473.94
1027.8,2.5789
1025.7,458
1033.4,636.19
1026.8,1229.1
1026.2,1246.6
1027,439.09
1027.4,154.08
1032.1,906.58
1028.6,1157.7
1031.5,575.59
1031.7,1030.8
1030,122
1030.5,231.5
1031.1,1113.2
1031.7,607.21
1033.7,1246.8
1034.7,103.55
1034,858
1035.5,222.5
1051.4,540.54
1056.5,61.979
1038.6,1102.4
1038.8,231.73
1046.9,393.99
1063.4,650.61
1039,762.5
1079.9,1119.7
1041.5,718.49
1054.7,852.73
1043.3,1212.9
1045,321
1044.5,566
1044,1080.5
1048.9,288.79
1049.6,955.07
1047.2,439.33
1047.6,469.43
1047.5,134.5
1049,522
1049.5,709
1054.2,698.67
1054.1,908.27
1051.1,1173.2
1052.8,179.29
1053.7,191.51
1051,641
1054.2,1086.6
1059.7,742.99
1055.4,1037.6
1058.8,420.63
1057.5,6
1065.2,298.89
1059.4,1188.9
1064.4,1239.3
1071.7,1020.3
1065.7,901.15
1065.8,954.54
1065.1,432.51
1065.5,630
1067.1,182.44
1076.9,131.16
1076.3,739.6
1070.3,115.11
1072.5,436.34
1072.1,553.14
1074.9,787.54
1082,408.34
1083.3,34.418
1078.8,945.65
1080.2,841.11
1076.3,1242.4
1081.1,220.92
1082.8,546.54
1086.6,492.54
1077,992
1079.4,768.08
1079.6,1210.3
1100.6,89.686
1081,1178.2
1080,831.5
1081,144
1085.7,330.58
1082.8,58.125
1084.1,271.2
1089.7,516.19
1101.3,787.78
1094.8,920.54
1084.3,435.28
1087,448.33
1090.8,672.2
1092.6,1002
1098.7,1154.1
1080.9,184.48
1092.3,1049.9
1094,148.51
1091.5,610.85
1091.7,972.8
1091.7,580.35
1091.5,833.5
1092.1,1217.1
1092,685.5
1101.2,384.04
1094.6,1230.3
1096.4,59.609
1097.2,273.78
1118.5,1033.8
1101.1,618.25
1104.6,943.87
1097.6,1076.6
1098.2,1242.1
1099.3,207.28
1114.1,650.53
1101.2,163.58
1099.9,526.05
1104.3,743.26
1105.6,40.827
1114,410.95
1138.1,991.49
1107.5,300.9
1120,842.57
1110.1,686.42
1114.8,155.68
1145.5,550.55
1108.1,568.42
1118.3,23.932
1131.7,1202.7
1118,1180.7
1111.4,1237.6
1141.9,745.49
1114,978.5
1116,1245.5
1122.4,43.938
1121.3,490.62
1119.6,568.23
1121.5,620.51
1117.7,632.14
1123.1,911.43
1116.5,1007
1120.1,109.11
1119.3,139.83
1122.7,367.35
1120.4,1060.5
1125.5,442.42
1126.9,601.26
1128,807.66
1127.3,1090.2
1134.5,74.792
1130.6,407.44
1128.3,479.4
1149.8,127.2
1131.6,1069.1
1160.6,425.67
1141.8,1230.8
1133.6,199.12
1135.7,1140.8
1136,1103.5
1146.5,1247.1
1141.6,640.38
1139.7,32.875
1155.5,189.22
1144.9,616.25
1140,1050
1143.9,366.26
1140.3,672.99
1164.3,714.02
1143.9,1116.9
1144.5,314.5
1149,415.38
1144.4,804.4
1155.8,911.68
1178.2,241.4
1151.8,17.844
1151.5,1018.6
1147.8,1098.3
1151.7,790.55
1150.6,1169.6
1152,5.6667
1163.6,1085.3
1153.2,1213
1191.7,306.73
1153.5,489.59
1153.4,532.96
1152.6,1064.4
1153.9,59.421
1159.2,632.4
1156.2,620.13
1156.8,671.11
1158.5,42.894
1159.4,307.25
1157.6,357.27
1158.7,90.654
1173.9,1148.2
1164,484.35
1175.1,1222.1
1168.8,56.229
1163,375
1176,884.96
1167.4,1049
1170.2,346.3
1166,1014
1170.5,29.426
1168.6,534.89
1172,811.9
1173.4,299.89
1170.4,906.4
1176.6,1014.9
1199.7,640.87
1171.5,642.5
1177.3,1245.9
1173,1209.1
1175.1,787.48
1177.3,777.15
1176,605
1177.1,17.588
1177.8,1044.6
1186.4,854.57
1179,766
1193.5,914.07
1183.2,383
1181.8,518.26
1182.4,794.39
1185.3,52
1185.7,780.37
1186.1,361.76
1190.6,686.65
1190.6,23.974
1190.5,1009.1
1188.5,1027.5
1193.2,885.75
1200.5,154.12
1192.6,1225.6
1210.1,451.4
1199.9,1047.7
1196.6,502
1194,528.5
1195.6,777.89
1196.6,1132
1216.2,820.89
1198,955.54
1200.4,381.19
1205,879.4
1201.5,70.5
1210,486.46
1217.3,596.84
1218.7,1238.9
1205.7,15.545
1204.8,742.18
1217.4,759.25
1205,1122
1222.3,41.131
1206.5,614
1214.3,4.2843
1208.6,229.96
1212.1,121.29
1210.1,1029.1
1210.6,1132.5
1212.3,393.17
1224.1,418.72
1210.9,964.75
1211.9,1080.4
1210,904
1216.7,1111.8
1210.6,1179.6
1213.6,92.447
1219.8,697.31
1220.1,991.08
1218.1,629.3
1219.7,713.74
1222.2,871.29
1227.1,207.2
1224.1,472.1
1224.7,912.99
1221.1,377.07
1221.5,727
1223.6,567.32
1227,960.78
1230.9,1031.4
1225,1086
1229.3,319.53
1231.2,625.69
1230.6,302.09
1236.8,692.25
1237.6,946.96
1230.7,1077.2
1236.8,1131.4
1234.1,99.143
1234,1206
1234.4,1211.4
1235.9,377.08
1236.1,1188.5
1234.5,865.18
1236.9,1086.4
1237.5,728
1238.7,370.23
1239.3,892.19
1240.3,957.58
1244.1,275.33
1244.1,623.28
1240.5,400
1241.4,432.43
1242.8,468.89
1240.5,916
1244.9,653.51
1244.8,925.61
1244.9,1178.4
1242,672
1245.6,92.182
1245.2,875.26
1246.5,44.346
1246.3,298.64
1246.2,752.77
1246.1,1150.9
1246.1,1217.8
1246.6,232
1246.7,1134.2
1247.1,53.143
