2.16,98.44
3.1446,112.33
3.6622,375.64
6.6,771.97
17.5,1004.5
42.676,652.78
54.193,698.69
54.3,710.5
74.036,1012.6
74.128,346.13
79.88,456.36
83.239,143.63
84.693,848.05
84.754,502.62
118.09,928.13
132.73,569.35
176.25,709.91
180.97,673.56
195.57,1018.6
199.03,571.74
198.98,248.12
216,918
223.22,511.9
227.32,889.22
228.08,325.56
237.59,1090.5
246.28,423.9
251.62,1101.7
262.26,85.822
264.12,652.64
266.66,904.46
270.24,242.23
274.61,278.13
296.48,510.65
306.81,776.25
309.77,932.22
318.38,1085.3
326.77,1025.3
343.54,842.09
369.28,61.582
389,823.5
401.5,257.5
401.04,1168.9
409.62,1114.9
419.19,637.07
421,845.31
425.68,195.13
459.65,130.32
457.88,795
466.53,477.75
489.58,1200.5
494.45,412.97
493,629.75
492.5,857
501,1237.8
504.45,120.53
518.61,571.86
551.34,574.53
573.05,188.44
576.07,827.6
601.42,674.89
606.47,600.39
618.45,36.902
630.14,1144.4
648,265.5
652.03,1201.9
650.09,737.09
652.48,232.19
660.89,642.63
673.55,651.4
674.28,250.47
677.46,507.92
684.96,1122.9
691.47,206.58
693.15,315.45
725.2,1181.9
748.3,534.74
765.45,778.14
767.06,150.75
770.85,1094.9
787.72,163.13
812.32,808.35
816.71,656.05
842.35,834.83
846,649
861.79,1116.3
864.5,1180.1
896.69,733.25
906.11,672.54
903.67,444
912.08,481.56
926.63,1055
927.04,410.24
927.5,365.5
942.62,818.9
947.53,70.904
943.5,532.5
949.3,749.45
952.04,610.89
954.76,312.36
984.22,960.48
987.5,208.92
995.53,918.21
1009.1,32.352
1010.4,704.78
1012.5,743.5
1019.2,850
1032.8,896.66
1035.9,948.58
1038.9,1053.7
1040.2,1216.4
1040.1,510.7
1042.8,681.97
1045.8,29.034
1050.9,16.593
1052.8,274
1058.2,887.47
1064.2,789
1068.5,773.22
1073.3,200.33
1076.6,360.6
1078.4,1113
1077.9,1024.1
1079.6,616.39
1083.9,256.86
1086.1,1208.9
1095.3,396.31
1089.3,473.04
1090.8,620.72
1097.9,1070.7
1096.8,679.45
1096.5,314.5
1111.9,678.31
1122,649.3
1122.6,862.4
1120.2,1053.2
1123.5,741
1132.6,916.53
1134.4,434.5
1146.4,695.58
1151,955.79
1153.3,1113.9
1159.2,464.29
1156.9,1138.4
1158,1158.6
1157.2,1194.8
1161,1084
1184.4,1035.5
1187.4,383.74
1189.5,1099.2
1198.7,1172.9
1209.4,1215.4
1209.6,1083.6
1215.4,608.71
1224.5,1102.3
1222.9,677.1
1221.5,1029.5
1228,1234.4
1228.9,192.94
1234.5,871.52
1231.5,894.5
1241.2,853.96
1241.2,1196.6
1242.9,170.37
1244.5,154
1247.2,706.5
