11.899,1095.5
15.08,583.56
23.405,125.64
26.867,309.58
27.451,29.915
34.377,774.18
35.676,1217.1
47.708,645.95
46.671,457.26
56.472,716.3
60.5,431.58
68.497,1083.8
80.218,173.53
93.178,842.08
100.33,603.37
105.15,234.94
109,275.5
112.62,1195.3
121.64,708.64
124.54,592.78
133.95,168.91
134.5,3.1905
140,813.76
147.95,864.37
170.59,1227.4
172.31,458.02
170.87,950.84
173.37,510.03
180.54,401.98
180.15,4.6308
188,564
191.56,283.22
201.6,486.11
200,648.5
202.1,945.93
205,530.77
211.89,78.579
213.96,357.07
224.29,639.71
234.32,311.95
231.27,366.41
239.09,53.123
241.16,589.16
242,1156.4
250.5,89.369
250.6,485.74
259.13,199.72
264.05,318.12
262.73,669.41
264.55,490.97
268.5,622.71
287.96,508.15
290.91,921
286.95,992.57
287.63,51.367
294.84,1246.2
313.72,437.76
313.71,1152.5
319.91,507.09
334.65,798.12
342.34,843.93
349.8,522.12
374.57,19.091
373.06,746.85
378.6,943.12
378.02,569.8
378.31,720.87
381.97,1077.4
401.33,1008
409.86,1071.1
410.58,292.11
413.55,656.74
424.36,460.79
429.17,613.98
437.13,222.68
442.56,629.07
447.65,875.14
442.58,74.105
474.25,1246.4
477.48,402.36
483.34,641.58
483.1,1076.3
481,1172.2
504.46,79.27
506.7,1116
517.86,669.85
528.39,431.61
541.15,810.08
540.58,1095.5
544.89,448.63
555.96,164.23
555.37,347.43
559.5,464.5
563.24,413.27
564.5,1246.3
566.06,687.46
565.88,741.88
569.44,1189.2
581.84,161.19
580.12,717.02
589.48,378.86
593.5,465.36
598.5,1189.2
604.97,1138.9
609.17,1057.2
608,556.5
621.58,813.43
620.92,1126.2
624.5,914.43
629.9,1036
635.45,407.27
639.61,79.75
646.55,172.27
649.78,478.32
658.55,1048.1
661.41,1144.4
674.56,937.05
679.95,333.56
687.98,665.45
691.36,232.64
690.31,442.31
695.3,610.07
707.61,310.14
708.44,93.073
713.71,1148.7
720.6,678.64
730.25,748.17
732.81,1080
746.76,618.54
743.86,850.61
749.51,69.683
750.29,948.71
755.58,587.91
765.91,128.39
763.43,905.09
765.65,941.5
769.45,573.54
775.36,885.91
781.46,629.83
794.63,521.66
792.04,261.43
792.08,1198.2
795.05,94.075
811,1101.4
818.83,260.95
827.27,715.52
832.33,975.33
842.96,39.129
843.2,1085.9
847.33,284.82
855.92,297.98
855.61,697.14
864.55,26.617
862.45,972.95
866.91,87.457
871.1,448.36
881.45,1246.9
884.89,741.58
888.13,573.98
894.24,1208.8
895.68,1153
899,1196
903.56,398.19
902.26,961.35
906.5,367.11
907.53,381.26
912.14,116.54
910.27,139.35
917.11,396.42
925.81,1170.1
930.99,744.11
932.29,172.84
931.5,652
937.21,186.05
944.5,1157.5
949.21,161.67
947.94,952.31
957.35,363.24
959.13,1055.3
964.04,147.86
966.14,902.69
971.63,419.43
981.7,1205.6
981.42,949.45
982.58,798.55
990,380.5
997,157.5
1002,549.74
1002,184.5
1011.5,700.16
1014.2,969.86
1020,548.08
1021.6,1165.1
1024.3,923.55
1033.4,1106.6
1039.1,332.47
1041.3,15.08
1043.6,349.45
1051.6,468.84
1059.9,841.58
1070.3,790.6
1077.4,508.55
1081.5,1125.6
1083.6,300.27
1099.4,724.89
1099,151
1102.4,432.4
1115.6,211.22
1115,983.31
1123.8,720.12
1130.1,212.36
1137.3,292.66
1148.3,139.8
1156.8,328.2
1162.3,266.59
1164.5,537.73
1165.8,947.06
1166.3,661.55
1175.2,379.46
1177,463.57
1182.8,812.81
1185.9,410.47
1189.4,1134.8
1199.1,806.32
1209.5,878.86
1210.1,1035.3
1213.8,948.27
1212.7,170.06
1226.3,300.4
1226.4,819.89
1233.5,1017.3
1241.9,732.32
1241.9,439.28
1244.1,892.35
1243,128
1246,908.77
