3.1429,34.143
2.2923,74.538
2.25,100.3
2.7027,113.19
1.6957,196.83
4.9902,249.66
6.2036,358.77
7.8097,395.68
6.6406,718.02
3.4943,771.99
36.231,790.66
2.8571,839.79
7.3048,853.11
7.0615,870.68
2.3214,919.29
2.6444,941.44
32.59,968.69
24.308,1291.3
5.8947,276.58
10.338,469.24
11.738,313.52
7,1128.5
8.5156,1143.1
13.395,9.5814
22.083,32.945
15.038,226.87
15.968,1246.7
24.918,518.51
14.714,1160.5
20.084,1189.2
21.3,694.29
20.571,769.57
23.774,677.16
21.988,896.88
33.212,556.27
57.326,1053.7
29.833,867.17
44.978,412.18
28.5,773
29,1011
38.469,240.04
37.398,271.7
45.196,880.21
52.725,369.14
107.86,1127.3
45.5,285
59.055,707.9
54.863,756.2
98.342,485.98
69.885,233.1
67.813,14.533
64.628,931.49
70.264,518.56
67,460.63
78.807,264.52
76.074,1095.1
70.806,206.46
84.974,742.03
86.288,193.61
123.6,989.14
80.5,213
83.68,364.2
88.51,1137.4
99.355,301.24
99.842,840.52
87,519
91.395,930.24
95.192,385.44
97.278,233.67
144.93,189.39
138.1,329.4
127.01,3.7778
107.67,1079.9
111.07,1099.1
130.4,254
115.86,383.83
114.56,242.08
116.39,979.84
122.9,178.96
125.01,959.99
124.48,1154.7
128.54,1044.1
131.33,411.62
133.78,989.38
135.44,1288.7
133.72,1183.6
136.91,659.99
138.79,707.33
154.77,431.77
161.37,1271.6
141.12,215.65
147.59,875.79
158.09,760.27
156.69,1043.3
191.12,434.06
163.32,882.77
205.55,502.14
174.54,331.99
185.95,1196.4
175.14,319.14
170.05,1112.9
194.25,742.81
228.14,1158.1
263.49,280.56
193.1,336.43
199.8,1075.5
193.63,169.11
192.74,878.93
198.52,1276.1
243,137.53
205,539.91
232.38,566.08
237.23,1110.2
212.6,178.58
210.36,1064.4
222.38,338.87
213.06,443.23
246.52,785.32
237.71,210.02
214.37,854.25
221.4,878.63
214.57,416.51
214.41,1048.9
208.38,1226
220.65,668.37
242.13,1058.9
223.6,605.6
226.41,693.07
227.5,265.5
230.32,893.64
234.1,1258.4
237.14,539.69
251.18,437.6
240.16,1010.7
246.26,887.32
242.4,266.4
280.71,367.42
289.09,507.55
263.43,760.76
260.93,650.8
296.59,1266.8
280.64,438.89
260.5,98.5
271.58,1270.2
273.15,1097.6
294.13,1101.9
279.89,1162.1
276.42,154.43
272.78,1023.3
281.97,1197.6
276.05,334.12
301.15,687.45
278.98,976.78
279.44,1311.1
286.64,1065
295.7,630.8
294.13,1140.5
319.45,1031.5
311.26,133.45
290.89,130.58
299.53,704.16
298.34,194.86
312.32,775.71
300,658
305.96,1214.6
311.38,2.175
308.7,185.22
308.48,990.54
334.31,828
315.22,840.69
311.25,1163.8
312.52,1181.9
338.27,947.51
314.04,424.6
317.46,857.53
325.74,303.36
329.68,981.33
347.89,1186.7
326.03,1117
348.93,191.76
329.5,672.1
336.31,741.23
342.12,788.94
338.26,3.7241
388.44,123.37
357.72,666.79
343,1233
352.16,908.26
387.74,345.53
351.96,403.27
351.43,277.97
354,3.4
360.09,261.5
354.23,805.77
358.74,1265.5
363.56,40.494
363.74,1190.2
363.06,1096.9
371.27,1318.7
424.93,950.02
369.33,1060.3
370.81,473.06
370.19,988.75
405.31,212.16
417.15,811.24
371.22,1040.9
372,726.5
385.42,50.655
411.14,390.47
412.27,1035.7
385.84,1105.8
402.38,274.01
394.08,1075.5
389.95,1243.2
394.93,2.7391
394.54,630.1
395.61,1297.5
393.57,149.57
397.36,995.5
401.27,1164.8
404.81,1220.1
364.22,718.34
404.8,870.59
402.89,488.58
420.82,617.68
429.09,1279.5
414.84,929.41
423.09,894.4
436.81,351.38
416.94,1247.4
418.5,978
469.6,1183
427.14,62.075
432.9,910.09
436.58,11.769
439.39,976.96
434.93,156.31
447.17,216.97
443.05,1153.9
440.67,1082.8
453.19,236.03
452.56,1307.8
452.88,833.19
452.69,152.42
446.72,1098.4
465.99,621.84
450.16,1110.6
450.61,433.5
475.04,966.03
460.35,867.87
458.42,385.44
457.11,1329.1
459.62,97.83
471.27,683.49
466.45,1126.9
467.56,121.8
538.38,1201.7
477.18,18.41
472.09,444.62
491.51,769.95
471.09,811.94
477.34,1198
476.15,330.69
478.59,181.47
476.43,198.39
486.53,375.23
614.09,1232.9
480.41,1300.3
481.86,838.64
482.89,1091.4
487.61,187.57
488,431.5
495.77,1091.4
498.86,168.56
493.5,728.64
495.15,290.55
500.2,784.17
532.84,113.87
641.69,182.15
507.68,22.971
512.65,287.26
509.38,814.16
509.99,911.92
511.38,196.91
525.4,722.49
518,905
525.8,1043.6
535.94,912.17
535.85,842.13
530.8,1071.8
537.55,315.48
531.24,927.03
533.72,1257.8
532.09,38.062
588.8,768.17
535.12,406.88
539.02,167.08
541.73,563.17
546.61,736.81
562.87,1023.4
554.8,918.36
550.9,157.95
555.3,712.01
581.81,568.93
567.21,316.87
564.34,1142.3
565.59,845.26
557.82,1075.2
558.49,239.2
558.65,260.58
594.38,877.6
566.65,693.49
568.86,627.86
620.92,955.3
569.88,976.6
596.7,424.71
572.65,147.16
630.92,1311.4
577.99,1051.4
578.88,988.5
595.61,286.02
589.48,1093.8
630.75,597.25
615.92,688.28
598.28,907.98
599.94,604.11
644.71,812.98
594.35,1065.6
596.89,535.97
599.02,459.84
603.67,73.803
602.42,836.89
607.44,311.92
678.84,378.7
616,985.2
646.44,1022
614.5,359.5
615.59,842.41
616.4,607.4
628.06,997.34
618.1,1100
619,898
622.32,546.61
621.86,1116.6
629.65,2.527
629.04,337.12
624.84,1066.9
633.78,1134.8
624.94,114.41
631.66,309.22
632.23,73.284
680.01,274.16
633.04,655.64
659.39,131.15
633.41,448.98
638.69,898.78
635,18.5
646.45,1268.1
667.15,649.92
642.24,766.43
668.73,892.42
696.29,1299.4
646.56,982.8
648.92,302.52
655.83,1084.3
657.71,734.98
663.78,788.11
665.15,414.75
664.41,612.95
662.72,935.69
664.66,354.97
672.15,59.904
659.15,380.5
692.5,1036
669.88,323.46
669.49,13.768
679.65,718.05
680.44,751.64
667.99,683.9
674.34,1249.9
676.98,1115.8
674.1,241.05
679.49,591.43
690.04,615.88
683.41,230.46
695.54,520.99
683.5,1330.8
703.17,684.24
689.03,333.57
691.93,769.89
693.47,953.76
696.59,1130.8
701.26,88.222
699.07,702.6
800.79,508.98
706.56,16.896
709.22,618.01
734.63,758.03
712.64,746.55
720.12,867.06
721.51,54.457
712.77,293.73
720.32,389.75
733.22,205.69
720.85,1329.6
719.38,89.681
715.96,432.14
719.52,1106.1
793.4,992.65
734.15,7.7669
724,954
730.56,33.101
736.49,301.55
734.96,1149.1
745.92,1170.5
740.65,681.7
741,1311.3
730,1319
731.5,93
752.55,978.6
758.27,1125.5
734.14,1253.7
745.29,53.196
756.15,101.97
740.96,1091.3
730.01,842.27
736.87,1029.5
737.18,1234.2
740.06,1186.7
742.8,257.59
749.87,225.38
774.66,325.43
781.81,1250.1
748.47,515.6
747.87,1222.8
750,371.9
759.11,396.03
777.65,1057
760.41,1149
756.5,16
761.87,305.21
760.07,462.71
765.77,1324
760.11,489.58
772.5,674.27
764.66,1108.7
767.43,14.918
769.81,825.19
770.64,1200
771.59,854.65
782.85,2.5364
771.5,881
771.88,1209.5
775.77,126.54
792.01,913.51
806.21,1124.3
799.03,39.511
778,381
791.49,1307.4
790.65,724.34
791.15,354.8
784.5,1026.6
792.28,1179.3
798.4,199.85
788.1,173.22
788.87,469.78
798.19,965.48
787.5,1111.5
789,1207.5
801.22,92.951
800.2,1330
832.9,711.33
804.15,1044.1
813.11,548.9
820.75,253.91
804.39,813.9
810.07,1187.1
827.11,808.94
855.31,1060.7
820.43,19.54
813,163.5
820.32,292.74
822.57,317.18
819.58,1031.1
862.83,1144.7
823,73.5
833.31,339.33
825.42,283.89
838.13,4.6885
837.23,92.257
830.39,766.43
833.23,854.93
835.82,27.455
872.7,996
874.68,280.79
844.49,840.66
842.5,560
851.96,870.36
853.6,552.41
851.51,930.3
875.52,142.25
830.39,606.4
877.73,1305.8
856.48,1251.9
858.76,828.9
876.07,814.97
861.4,615.4
868.67,771.44
865.55,607.79
868.87,531.21
867.36,1083.7
866,1089.5
868,554
887.71,679.39
902.08,556.61
869.94,590.94
884.96,1108.3
882.12,1255.8
881.08,910.52
886.59,346.3
884.12,538.84
887.62,325.12
935.43,721.15
882.89,484.2
888.67,1082.4
899.84,490.96
892.35,763.82
897.62,612.28
908.67,948.54
896.05,1011.9
909.43,406.45
895.5,651.5
931.91,786.19
934.26,1223.1
937.84,137.01
899,327
905.69,1288.8
902.52,1205.5
906.61,178.61
918.4,1308.8
965.52,931.2
908.5,897.9
909.68,329.84
912.99,204.61
921.3,1085.8
921.1,507.55
917.26,1023.7
915,437.33
913.39,1110.4
923.42,342.34
917.5,683.3
922.93,879.05
950.11,1252.2
920.65,1143.4
946.83,219.11
919.13,596.39
927.52,162.03
925.83,363
932.49,1063.2
928.52,191.09
932.54,110.28
938.93,837.13
939.56,296.52
946.58,681.71
943.59,885.03
939.2,549.47
945,479
944.86,1127.9
947.98,1307.1
1007.9,168.07
953.19,621.96
963.36,356.82
982.75,1099.2
953.15,1135.5
959.09,825.65
969.28,243.95
957.13,561
962.92,1284.5
960.83,968.77
961.58,379.88
965.7,33.616
962.77,491.46
970.45,666.44
975.43,1144.9
969,286.35
970,277
980.82,849.29
1002.7,1024.2
1034.9,1271.8
1034,584.69
985.29,156.82
983.11,976.58
1003.8,781.71
986,992.5
989.25,1005.8
995.51,770.49
992.15,980.31
996.57,514.04
1000.6,693.59
1000.5,655.44
1015.6,6.0153
1001.8,720.45
1001.5,372.5
1008.4,841.79
1004.9,445.44
1033.6,1082.9
1035.3,335.08
1013.5,1112.7
1014,1231.5
1030.2,1038.3
1021.8,1177.2
1024.9,1134.6
1024,670.71
1040.8,713.51
1025.4,458.47
1044.6,831.03
1031.6,439
1032.3,984.7
1040.5,636.03
1081.4,165.95
1044.3,760.4
1078.1,456.23
1041.4,528.83
1047.9,199.61
1041.5,1169.5
1046.9,5
1043.2,516.87
1044,175
1046.4,779.91
1053.1,1286.6
1058.1,433.45
1057.5,1170
1070.2,528.62
1058.8,219.39
1096,989.18
1071.7,1199.4
1068.4,1284.5
1070.1,715.77
1074.9,48.737
1093.9,761.04
1088.6,656.58
1086.1,1282.9
1090.6,1124.2
1093.3,239.8
1095.6,1182
1098.6,1331.1
1119,1208
1103.8,1124.9
1111.8,372.11
1112,1279.4
1106.1,469.91
1114.2,965.02
1108.1,1013
1111.3,548.81
1119,41.517
1143.4,803.22
1121.4,1163
1117.1,208.36
1118.6,506.81
1124.5,693.57
1124.3,1328.2
1123.6,666.03
1125.3,452.9
1127,463
1132.7,757.75
1137.5,368.57
1137.5,647.94
1160.5,1250
1149.4,176.52
1143.2,673.51
1150.1,1327.2
1140.9,131.09
1144.7,656.92
1145.1,906.29
1140.9,1273.6
1143.7,1215.9
1143,956
1163.6,702.07
1147.7,3.8684
1173.3,946.35
1151.2,228.96
1150.5,1059.4
1160.1,739.77
1170,1013.4
1168.5,1079.5
1161.2,31.511
1163.7,1207.6
1163,218.5
1167.6,1181.6
1177,416.45
1178.3,1329.9
1175.2,326.58
1180.4,872.77
1193.4,1206.3
1207.4,356.47
1184.2,221.57
1178.6,351.59
1199.5,760.8
1179.9,71.579
1184.9,893.36
1211,608.5
1191.9,1025.7
1197.8,932.77
1204.9,698.84
1212.1,315.76
1228.7,1302.5
1210.7,1294.8
1211.9,880.27
1235.3,816.77
1225.7,1131.6
1209.1,49.878
1221.6,533.31
1219.8,848.43
1222,1182.5
1229.9,1106.4
1233.2,715.88
1228.3,1014.2
1266.1,1171.5
1238.1,845.09
1248,963.56
1253,613.65
1248.6,667.33
1247,1107
1251.5,525.63
1249,841
1293.3,967.93
1257.8,858.49
1266.8,512.08
1263.7,76.176
1263.6,830.6
1292.3,559.06
1271.6,323.23
1271.2,120.67
1267,367.6
1270.1,1055.5
1277.1,1251.8
1281.2,712.86
1288.6,609.93
1272.1,1097.4
1272.2,1111
1283.4,830.62
1281.5,1069
1296.8,925.19
1295.3,12.692
1303.6,316.18
1292.6,61.947
1301.7,808.02
1290.6,673.06
1293,1090.5
1304.1,1265.9
1293.4,743.14
1307.7,772.97
1309.6,491.4
1303.5,356.85
1300.2,883.85
1311.2,1231.8
1318,1293.3
1315.6,648.47
1317.6,850.48
1323.7,348.2
1325.2,908.23
1326.1,813.79
1323.2,533.28
1327.3,1196.9
1322,1109
1327.4,602.94
1328.5,1005.4
1328.4,1136.3
1330.2,1102.1
