4.744,381.99
5.9608,535.62
5.9375,625.11
13.66,368.5
30.479,341.73
33.704,740.34
42.136,710.22
43.225,72.75
46.884,756.4
52.451,266.55
57.755,446.25
56.229,736.83
63.909,834.95
80.9,436.95
149.12,719.63
93.933,1214.4
94.6,1196.9
109.25,1232.6
107.79,298.48
111.26,142.89
121.65,1322.2
120.71,1100.6
158.87,1000
131,1180
142.83,1214.8
138.85,1178
138,1164.5
141.89,1198.6
157.3,1232.8
196.53,1296.5
159.43,1262
168.84,794.59
177.81,1232.8
175.06,600.09
178.61,563.46
181,1012.9
192.48,129.48
182,608
188.21,1204.3
193.57,208.57
214.24,1014.4
197.28,1190.8
204.27,158.18
243.96,1076.1
208.65,1177.1
209.64,770.45
211.2,294.68
228.92,785.9
223.53,360.47
231.08,287.57
267.7,1298.9
241.27,815.53
299.03,233.19
250.14,842.14
252.82,854.78
260.41,6.4634
297.34,552.53
281.78,15.022
282.45,1089.3
293.8,686.98
288.43,719.09
290.56,616.08
293.5,650.5
304.95,606.28
307.94,1257.6
497.45,856.5
322.4,339.27
318.1,475.58
315.73,631.32
329.68,1155.3
332.69,1285.2
328.8,491.01
332,512.5
337.92,463.43
342,1306.5
480.52,443.89
355.5,605.19
367,846
375.7,220.78
405.89,133.52
386.24,626.32
405.5,1095.2
391.8,1330.8
408.2,823.85
424.39,19.15
446.44,150.74
458.68,203.47
458.86,559.76
463.43,302.96
457.44,536.56
463.67,519.06
462.76,817.9
479,343.24
469.89,571.58
470.59,663.94
476.52,581.28
480.37,69.702
479.9,1060.3
489.32,471.66
489.62,596.25
495.12,383.26
511.79,521.24
499.33,1029.4
510.97,3.9737
514.41,651.52
528.97,123.02
506.56,499.08
512.57,706.51
524.62,331.69
530.47,602.74
529.84,964
546.46,439.01
564.13,505.14
585.59,657.69
556.72,448.66
562.6,455.88
588.88,480
618.68,490.39
636.41,895.68
653.66,143.82
634.77,277.86
637.56,245.44
635.89,920.27
680.93,565.97
660.97,1209.9
672.01,53.061
678.39,383.28
872.41,548.97
690.59,1237.8
692.27,1167.9
728.19,1255.2
719.17,573.29
711.5,1150.7
706.46,1283.9
712.82,870.26
715.78,1021
725.93,960.16
734.84,1205.8
732.72,306.55
721.61,7.3514
721.61,599.85
731.1,449
733.68,541.4
746.34,771.63
745.88,862.16
757.1,557.51
762.62,343
816.78,821.04
773.82,499.42
768.59,634.01
773.38,314.56
773.2,1279.7
782.75,328.53
801.72,269.65
814.16,457.36
809.09,321
812.65,161.3
813.78,231.17
814.93,548.59
828.37,342.37
835.25,999.73
829.88,511.35
840.6,1320.1
872.71,310.81
855.23,1288.5
879.65,455.26
947.63,341.92
889.64,210.75
887.04,81.442
888.11,677.32
894.86,494.87
900.67,434.94
903.85,768.94
913.42,936.24
911.03,695.03
914.51,381.6
915.88,400.83
1044.5,621.48
929.47,698.2
943.57,700.16
946.85,191.79
953.94,134.36
982.6,244.48
992.06,170.94
1002.5,283.71
1022.6,164.4
1002.1,260.17
1018.9,725.53
1017.9,229.24
1031,737.43
1038.9,774.46
1042.6,236.93
1053.3,314.55
1067.7,1138.6
1061.6,258.34
1091.2,276.09
1075.5,348.51
1082.1,203.79
1114.2,1074.3
1094.5,178.99
1097.7,369.96
1104.3,186.67
1107.2,316.23
1109.3,796.55
1117.1,1158.7
1110.1,1127.7
1111,663.13
1153.8,791.01
1129.8,326.62
1147.2,307.4
1156.2,1162.3
1160.4,463.86
1167.7,821.36
1174,797.57
1181.7,116.21
1196.4,824.47
1246.7,233.91
1193.2,799.93
1232,326.7
1194.2,393.85
1201.4,609.4
1208.4,534.07
1215.5,719.62
1224.6,680.46
1224.3,773.84
1231,1137.2
1228.3,821.67
1236.9,791.96
1252,769.8
1244.1,802.61
1251.2,820.07
1253.1,715.75
1263,319.1
1282.4,841.84
1273.7,541.21
1282,507.34
1279,775
1282.9,1008.6
1287.3,784.59
1299.4,798.02
1322.7,756.5
1329.4,844.44
