3.3913,234.5
5.6063,255.5
2.8852,395.48
7.4242,200.58
10.711,588.75
9.3889,1023.9
12.326,105.85
11.5,966.3
15.558,52.404
15.854,441.15
17.579,846.89
22.075,692.8
23.376,1071.6
23.348,821.78
24.367,405.37
34.069,89.228
33.457,557.66
38.067,780.91
36.091,1003.1
40.617,1134.9
43.178,307.51
47.019,937.07
55.5,236.22
56.541,382.22
60.34,54.986
60.827,583.29
61.083,561.08
64.977,1176.2
73.103,202.57
70.452,384.58
72.244,831
81.6,225.4
81.826,556
89.882,883.02
101.74,764.83
102,444
107.41,692.43
111.07,749.51
107.5,795
112.06,286.84
118.26,1057.8
116.47,503.74
126.42,1135.7
126.35,1045.4
130.14,305.72
132.57,384.73
132.3,992
135.89,455.5
142.54,808.66
146.27,303.95
150.51,989.63
144.43,1082.6
146.24,906
156.74,780.99
156.39,103.14
155.81,888.74
159.99,815.7
162.5,160.5
164.96,622.42
171,846.24
178.42,833.55
181.85,128.45
184.4,603.63
184.17,363
189.77,424.27
192.79,522.32
191.97,1182.2
198.37,67.18
194.38,742.85
196.72,133.54
196.56,204.04
196.56,250.63
206.39,310.69
201.33,867.56
202,83
215.12,724.15
214.17,491
217,442
225.1,1009.7
226.5,531.13
229.45,990.42
231.48,461.97
230.71,667.55
240.42,121.58
244.33,276.12
247.17,836
248,356.5
252.62,112.46
250,984.5
260.5,336
263.5,2.2941
266,89.5
267.19,853.07
281.51,419.44
286.49,610.96
282.42,861.55
294.08,1216.7
297.62,860.32
302.15,501.26
301.58,1237.1
306.57,1041.9
308.44,784.74
316.34,955.81
311.08,1136.3
317.74,908.84
324.96,879.96
322.07,498.05
324.65,55.93
328.77,335.46
328.63,547.37
339.53,631.14
336.65,1018
335.48,969.67
350.41,145.9
347.07,929.92
352.53,322.51
359.6,1057.6
359,201.5
363.38,1019.5
367.19,864.93
369.5,892.4
372.62,1239.3
370.8,596.1
381.99,619.75
382,1112
383.37,232.23
385.76,596.13
384,936.83
395.44,767.47
391.91,998.09
394.04,368.57
396.8,285.32
399.3,664.5
398.58,1190.5
397.5,529.5
399.07,1220
400,1201.5
402.53,786.79
407.09,816.11
415,859
418.61,340.61
417.1,1209.9
421.19,935.02
424.45,563.36
429.21,917.59
435.67,1066.8
427.58,1110.1
427.92,766.7
429.59,703.31
430.83,101.61
431,931.89
432.63,307.37
437,677
437,488.75
438.39,835.86
441.73,652.55
445.88,560.73
447.47,696.84
462.06,954.71
452.39,977.3
462.31,275.62
463.17,1228.2
473.43,33.285
468.48,1053.7
470.63,201.13
469,261
470,930
471.94,528.82
481.75,70.282
477.51,649.19
480.13,554.49
479.94,360
482,982.69
486.35,136.61
484.92,626
490.11,1227.7
486.5,35
490.74,701.17
491.77,1179.8
494.59,1011.8
495.85,554.35
495.58,908.89
501.47,1123.7
503.6,85.475
506.37,1243
505.13,254.13
506.5,518
507.39,905.14
507,1020.5
508.53,806.84
520.72,835.47
525.54,3.5634
530.91,934.1
531.95,1084.8
529.39,12.861
531,392.08
532.65,99.775
535.76,626.29
538.79,465.01
536.58,843.45
537.5,1235
539.2,580.66
541.73,565.78
549.25,1130.6
544.15,1023.3
551.03,679.8
552.63,929.21
553,511
559.89,431.56
557.1,413.38
557.91,981.23
563.3,1044.1
565.44,965.54
571.88,262.44
567.92,849.92
568.58,885.42
571.03,70.333
575.42,1156.7
576.05,608.92
588.95,621
592.63,13.577
594.47,546.55
595.9,810.38
596.5,794.5
598,1190.9
601.53,604.43
602.29,701.9
612.88,466.12
615.23,1125.6
618.84,1218.6
619.58,572.42
631.66,805.89
623,958.21
623.93,56.407
630.05,1171.9
633,327
635.1,534.9
638.45,949.15
637.65,707.3
646.15,619.41
647.07,103.41
653.28,1005.1
654.92,646.2
661.13,205.59
663.58,832.89
669.43,612.95
671.67,1220
678.42,86.574
676.06,686.55
678.56,1145.3
683.43,728.1
683.86,797.19
681.63,960.48
686.05,498.77
687.12,1083.4
700.83,33
704.74,953.43
708.06,1041.2
706,187.5
709.07,882.15
718.65,57.51
718.27,597.66
717.24,454
738.06,526.55
741,647.37
741.62,9.5238
748.92,491.56
762.33,1031.1
757.16,213.54
760.96,1008.3
761,718.68
766.98,773.96
763.94,1129.4
767.56,683.48
771.83,338.71
772.94,994.92
773.95,448.15
777.44,1009.5
790.16,988.72
788.67,799.38
791.56,1051.2
793.18,67.197
793,177.59
796.54,50.956
794.69,1024.1
801.07,149.59
801.39,644.14
805.11,139.58
811.68,1209.2
808.41,571.93
811.41,1189.8
816.53,1138
822.54,719.49
823.01,628.21
836.18,56.575
840.17,71
839.84,1179.4
840.34,506.18
844.04,208.13
842.88,938.12
846.84,916.02
847.84,358.54
851,132.62
851.5,59.5
862.98,1128.5
867.93,149.95
877.99,525.88
874.77,798.6
876.64,1185.2
889.29,1082.7
888.85,1228.7
889.64,148.51
906.67,670.37
902.76,840.22
907.56,60.486
904.13,967.02
908.53,1063
906,595.5
908.14,1115.5
911.06,96.451
913.91,705.54
920.44,600.09
921.88,1183.9
923.96,436.56
931.9,1134.5
939.59,142.31
938.92,1207.7
947.68,1095
954.61,877.92
958,1009.5
962.29,219.29
966.09,124.09
973.37,57.123
993.82,884.09
999.39,400.61
1000.4,345.36
1003.9,821.09
1007.6,852.58
1015.7,643.16
1018.9,280.6
1026.8,1120.8
1028.8,1236.1
1031,766.58
1035.7,559
1038,849.43
1038.5,137.16
1042,1228.2
1047.3,383.05
1050.3,1059.1
1053.2,90.631
1056.3,204.7
1054.3,155.35
1053.8,501
1061.8,49.541
1066.5,629
1069.4,667.65
1073.9,873.35
1073.8,396.47
1078.4,500.84
1084.8,165.71
1086.6,186.59
1092.1,340.83
1096.5,246.07
1111.7,1155
1119.4,142.02
1118.1,56.414
1124.9,745.41
1132.8,640.67
1135.3,957.19
1142.9,743.39
1146.6,1202
1155.5,709
1165.2,1149
1167.6,14.814
1169.1,1061.4
1171.5,257.14
1185.5,444.29
1186.2,249.67
1191.5,144
1193.6,1058
1197.9,558.74
1196.2,820.18
1196.3,540.74
1198.7,1159
1196,396.5
1215,502.74
1217.1,794.12
1223.1,199.43
1229.4,126.75
1239.1,654.62
1242,1089.8
