4.0182,1244.8
6.6739,790.76
12.914,686.6
16.05,44.1
24.105,25.579
24.5,1068.5
26.72,1205.9
31.957,292.77
43.876,1240.3
46.407,621.16
44.13,810.94
49.881,1068
55.473,1197.5
53.833,1219.4
59.893,1015.9
60.22,1156.7
62.21,1237.7
72.174,317.96
76.049,1223.5
80.29,600.45
82.083,929.62
81.216,1162.4
86.107,815.86
91,1098
98.036,160.51
99.475,21.068
102.8,646.2
103.73,1139.9
113.95,1185.2
112,1235.5
113,1242
123.7,823.61
129.77,848.09
135.38,1160.2
153.54,947.26
151.81,46.14
155.09,369.09
160.83,61.727
161.53,994.14
162.69,90.25
166.77,726.62
172.62,301.82
183.91,1025.3
184.57,31.571
187.31,820.27
201.06,670.16
205.13,216.06
221.5,1012.9
217.55,656.46
222.12,18.495
218,725.5
233.57,392.25
238.25,432.95
235,695.34
239.73,1092.1
242.47,742.07
243.15,1065.9
243.11,63.579
250.41,715.5
256.66,1240.1
262.69,669.71
268.44,998.63
274.83,1026
279.8,536.56
280,665.32
284.91,301.09
295.94,245.04
299.67,227.35
305.33,1164.3
312.64,329.58
318.68,765.42
318.42,461.11
332.78,628.02
330.54,756.15
334.06,1154.2
339.5,1105.5
339.08,109.44
346.42,545
345.17,1233
347.09,177.09
356.4,806.6
369.38,840.38
383.06,271.89
383.42,1242.8
398.29,253.29
402.11,969.65
408.34,660.47
425.35,1095.7
430.13,1167.9
438.4,599.87
444,1184.5
454.38,925.43
451.15,394.84
449.92,1110.1
453.37,719.43
457.98,145.48
457.95,246.32
465.67,1168.4
467.79,513
473,67
473,903
481.06,25.01
478,725
479,731.5
489.71,919.92
494.81,767.54
492.63,234.94
496.14,65.694
507.52,683.96
505.91,1173.8
515.14,802.86
524.49,834.36
523.15,700.22
526.12,465.56
545.76,1197.5
548.07,280.59
557.32,1100.3
557.67,843.19
566.82,608.56
565.13,931.03
567.45,827.43
571.29,1038.2
570.58,344.11
585.36,468.31
585.42,710.03
590.53,84.693
588.05,992.83
590.64,275.15
595.41,28.034
608.59,788.39
611.27,39.709
610.14,1227.4
613.85,705.59
616.72,1175.8
633.59,994.14
634.39,928.64
641.8,1049.8
646.87,771.19
647.46,440.8
653.06,712.67
647.91,248.09
649.93,890.56
653.62,114.08
655.1,596.59
666,881.5
669.81,1116.3
669.58,129.58
669.91,242
672.41,955.07
676.88,1020.4
678.5,665
683.58,1132.6
696.08,95.141
699.37,1165.9
701.18,788.62
724.94,971.82
729,933
733.23,1190.5
737.24,1073.7
739.55,1236.5
743.9,568.12
751.3,232.37
760.89,5.6712
760.91,931.95
764,496.76
767.84,71.659
770.82,687.49
781.11,815.51
778.89,1062.6
786.56,2.16
790.78,757.94
790.54,1121.1
790.47,1140.8
790.93,163.41
797.8,730.56
798.93,43.407
802.13,531.31
804.58,847.11
823.4,148.18
832.25,457.96
833.09,363.91
837.07,1203.9
846.43,882.32
851.5,41.5
862.17,385.14
862.95,911.56
871.33,1091.5
871.39,933.59
881.73,768.77
877.07,630.41
887,711.5
898.21,204.36
895.76,792
905.16,47.229
906.52,966.04
911.35,512.36
912.83,1075
913.93,124.41
917.73,96.129
918.12,628.5
927.94,408.52
944.12,1207.7
944.56,921.94
950.54,822.69
948.96,133.57
947.91,874.05
968.06,836.47
969.95,6.925
973.84,1088.3
973.06,38.029
976.82,870.47
979.4,992.54
979.5,159
984.08,1169.1
994.47,1105.9
1006.2,205.56
1013.6,1110.6
1017.1,842.45
1029.2,916.49
1035.2,290.09
1035.4,574.55
1041.8,978.82
1046.9,826.49
1046,6
1050.2,57.345
1049.2,746.26
1057,257.58
1056.6,662.45
1060.3,899.93
1061.8,31.983
1071.4,640.45
1074.5,814.64
1079.5,236.48
1083.5,1038.2
1082.2,597.57
1083.4,668.62
1089.5,799.5
1097.3,1078.2
1095.8,14.287
1097.2,1021.6
1101.1,399.16
1100.4,460.09
1107.5,747.83
1115,925.03
1115.9,1107.7
1118.1,792.47
1128,805.49
1133.7,268.87
1137.1,576
1142.9,10.353
1145.1,699.88
1146.7,382.69
1143.4,1246.6
1149.1,418.4
1146.6,654.38
1160.9,355.7
1162.7,739.44
1168.3,206.92
1173.2,968.04
1171.1,308.8
1169,479
1175.4,717.79
1177,1091.3
1178,1236.2
1187.3,555.02
1202.5,918.59
1209.8,456.69
1211.2,884.37
1217.2,534.02
1215.9,683.5
1222.8,244.55
1224.7,850.1
1228.7,93.098
1244.1,953.73
1244.8,707.26
