16.519,564.81
22.272,664.79
20.436,1000.5
28.517,585.13
35.116,604.12
55.1,465.38
57.412,781.25
57.207,1246.3
62.397,1185.9
61.633,751.63
65.573,887.37
64.641,78.594
65.609,31.319
65,660.5
73.89,193.61
73.9,176.62
75.717,413.88
86.514,714.16
87.154,308.46
94.263,378.81
97.654,234.7
112.27,122.61
114.76,545.33
141.57,918.28
142.43,902.18
150.15,326.7
150.62,1024.8
155.33,195.16
158,823
174.09,470.91
175.43,1012.6
184.65,639.41
182.9,1170.4
185.21,336.5
184.57,361.39
203.54,413.85
203.76,898.85
207.46,492.89
209.75,773.83
210.59,476.93
212,876.5
231.5,76.163
244.25,334.19
256.58,599.58
272.41,661.87
273.04,1189.7
277.11,264.5
278.28,910.86
282.14,373.45
296.1,770.62
310.91,1243.7
312.59,483.94
321.22,53.04
321.07,1159.6
336.75,554.53
336.84,457.01
340.09,365.01
362.61,168.89
363.6,791.65
370.75,1233.6
379.16,596.95
385.44,746.97
394.06,638.43
412.05,591.17
417,33
413.26,1094
435,213
436.31,539.91
436.5,991.5
453,610
461.8,697.91
460.24,1051
463.11,310.58
479.43,470.61
484.14,870.14
491.62,443.5
509.91,338.91
513.42,640.31
518,883
524.26,495.94
532.58,61.639
527.71,1008.2
538.29,697.01
552.68,25.444
554.58,1006.9
554.93,239.39
556.69,908.48
557.17,221
567.9,57.039
569.76,1010
571.29,476.71
585.65,15.545
588.46,382.08
594.52,683.9
596.3,711.5
606.65,276.53
612.16,908.43
613.06,400.66
618.87,14.851
616,1027
620.84,504.19
626.17,259.09
636.2,1133.9
636.42,1220.9
642.52,73.224
644.63,307.48
651.01,684.51
656.47,795.45
664.38,928.72
665.14,149.56
668.76,831.97
681.33,941.31
690.1,356.54
689.84,1193.9
699.21,638.93
694.5,846.6
708,1085.5
707.83,555
713.7,927.19
719,981
718.83,21.768
721.44,830.92
743.63,245
742.94,533.19
748.92,428.72
749.96,808.33
753.56,121.33
754.46,720.57
756.28,698.3
762.37,671.63
768.67,354.36
772,507.83
785.52,1069.4
796,774.25
803.21,272.5
811.31,351.04
820.65,20.115
829.47,418.34
833.37,371.11
837.35,278.11
840.97,889.56
844.23,505.46
845,860.5
850.05,1060.5
850.37,1247.1
860.5,124
866.2,1049.1
865.57,110.97
872.39,385.86
878.37,725.88
891.55,576.29
901.28,1092
903.65,226.45
914.26,846.57
914.06,66.451
924.55,466.98
928.5,1003.5
932.85,351.55
947.76,929.39
958.45,867.03
957.41,712.93
966,344
976.29,478.48
978.54,360.65
994.96,240.22
997.07,368.59
1004.5,1023.3
1000,151
1003.5,804.97
1017.4,692.03
1013.8,923.47
1033.4,712.86
1033,429
1043.6,16.074
1039.9,504.59
1055.8,460.23
1055,190.12
1062.6,262.55
1064.7,604.35
1070.9,134.14
1072.3,458.69
1075.1,721.55
1088.1,1245
1093.1,1021.9
1100.6,363.86
1110.1,925.03
1110.2,911.91
1124,540.83
1132,980.85
1135.4,615.18
1136.7,810.14
1152.2,743.73
1154.3,884.22
1165.4,5.2857
1180.8,510.14
1186.5,424.5
1187.4,925.05
1201.3,854.32
1205.1,353.12
1215.1,324
1223.4,250.04
1227.3,557.06
1230.2,681.73
1231.6,214.68
1231.9,974.47
1232.4,154.8
1231.3,1060.1
1233.9,415.53
1246.8,865.06
