3.625,873.67
3.3158,977.37
5.7619,1026.3
4.4194,953.45
4.5,488.5
5.5789,707.11
13.421,61.105
20.332,631.89
20,520.86
34.582,49.921
31.213,90.128
30.5,1227
37.258,170.17
42.005,1203.7
43.588,524.82
41,236.5
43.5,812
43,1226.5
44,1042.5
46.121,971.7
50.932,943.16
52.576,417.42
55.615,1096
60.229,553.67
57.403,483.11
77.469,443.65
73.13,910.63
73,338.5
76.432,124.16
77.848,1126.2
78,636
94.015,816.35
89.338,7.1618
93.6,579.74
94.083,367.92
98.551,1071.6
101.62,1055.9
103.58,1196.9
117.13,822.73
114.93,390.58
112.98,1218.6
116.05,662.39
117.64,477.15
120.71,889.29
122.71,868.55
127.12,839.23
131.46,864.78
138.94,248.5
135.43,525.5
137.82,426.6
152.61,1240.8
149.2,978.09
151.05,874.91
156,878
159.38,1019.5
158.83,1084.7
160.29,1210.5
163.92,537.92
167.49,868.84
168.94,1219.5
169.92,588.92
175.64,363.42
175.11,421.58
178.16,579.62
185.71,162.4
188.76,753.13
183.38,1161
188.86,541.86
190.92,489.65
189.5,140.5
191.12,1053.5
192.16,1091.9
199.01,1082.2
201.62,1219.9
205.64,282.29
206.25,198.95
208,115.5
215.66,1014.3
225.44,345.38
225.04,32.179
227,2.8261
231.86,1064
234.66,539.61
239.29,1226.3
238.08,777.89
245.97,102.02
246.48,1055
264.77,1240.2
257.55,1051.9
259.15,300.46
259.71,210.57
266.03,1122.7
266.12,909.91
270.16,1032.9
266.91,1187.9
267.5,591.5
279.51,270.55
278.22,1111.4
282.92,429.44
283.04,1037.4
288.2,73.215
288.02,740.79
289.2,491.94
290.1,907.52
289.64,274.68
291.53,1024.2
293.62,175.77
304.96,295.94
301.29,579.24
304.27,394.22
307.75,873.81
312.33,564.02
312.19,1233.1
316.19,467.17
324.26,533.78
317.29,586.45
323.66,599.47
328.61,281.42
332.2,620.89
334.13,915.94
339.38,127.88
339.27,346.73
340.27,282.98
350.35,609.63
343.32,62.385
344.06,563.65
346.71,1132.3
347.06,792.43
348.5,1060.5
363.61,543.86
363.83,717.7
365.88,1176.4
377.91,767.67
377.6,88.643
384.1,1107.4
391.52,811.48
396.21,3.9298
400.18,915.82
402.98,887.23
401.39,943.76
400.95,1192.1
403.47,411.75
404.89,540.63
413.25,577.09
418.62,953.29
420.1,790
426,433.5
427.15,418.45
441.54,931.79
442.88,833.12
443.72,879.09
454.17,895.37
447.37,1174.3
447.87,341.09
447.45,795.29
447.04,918.6
450.87,942.05
453.48,1095.2
454.83,426.7
454.57,916.57
453.5,1185.5
458.62,752.43
460.89,486.76
462.38,189.62
467.02,933.86
468.74,589.47
477.53,118.09
469.5,542.5
471.96,1115.6
472.22,1080.7
479.59,316.93
488.02,240.37
486.5,705
487.85,520.54
490.58,958.52
489,472.84
495.96,626.48
494.42,578.11
509.3,447.93
511.5,594.5
516,759.42
519.57,208.07
521.66,661.24
527.93,22.593
529.43,317.09
530.4,835.11
533.92,1033.6
546.42,993.89
554.56,821.3
554.58,703.11
557.41,266.78
555.92,872.44
566.9,664.69
566.38,459.9
566.57,36.609
573.64,548.51
572.23,896.93
573.59,30.517
574.69,884.83
591,1154.5
593,1136
599.05,759.47
599.88,167.9
599.41,1246.1
609.03,1191.7
610.58,1084
610.48,732.94
610.97,873.1
610.23,514.46
616,751.88
618.66,532.33
618.86,407.5
630.1,4.2558
644.13,482.65
658.05,854.23
661.5,1095.4
660.5,520.89
664.58,1157.8
664.88,830.91
667.84,53.548
667.07,1014.4
670.61,942.86
677.34,649.41
675.92,767.67
678.5,444.88
680.2,66.56
682.2,882.09
688.5,597.5
698,1102.2
693.11,140.37
695.14,525
704.1,176.23
703.13,1054.6
705.37,1231.4
706.63,1070.6
710.02,1204.4
713.28,262.3
718.5,1023.5
722,806.5
733.39,759.91
734.51,1184.1
741.56,919.5
740.9,662.94
757.46,761.91
760.97,787.16
762.79,649.5
767.75,1079.1
771.19,277.24
775.2,491.48
778.93,538.75
778.86,1197.6
781.96,728.31
781,843.5
783.5,748.5
787.15,571.45
790.07,745.82
796.48,981.22
799.46,1102.3
806.5,192
806.91,547.42
814.8,26.356
814.46,132.48
815.37,770.87
817.54,987.34
823,897.5
829,1075.9
843.05,619.48
842.87,1229.7
843.07,1176.6
850.22,1122
851.19,889.02
854.29,978.12
863.52,256.57
865.21,1079.6
868.41,911.07
868.5,853
885.44,852.65
896.87,1151.3
906.43,1001.5
912.55,957.48
912.12,1055.2
922.84,142.61
932.85,512.54
936.53,1124.9
945.27,1233.9
951.59,481.76
952.06,305.93
954.38,1153.6
955.09,958.88
956,510.5
961.5,1069.4
968,837.32
971.73,387.31
976.84,1205.3
985.1,1023.6
983.26,1244.1
989.51,603.17
987.53,1053.6
995.55,1083.1
992.46,1224.2
1001.3,784.96
1005.2,1034.9
1006.5,100.9
1006.1,1145.8
1018.2,1216.9
1018.9,562.08
1027.7,1156.7
1030.9,1067.8
1041.5,701.57
1048.9,885.66
1051.3,824.97
1057.6,519.4
1066.9,241.59
1068.3,402
1078.1,283.04
1079.2,46.284
1076.3,990.32
1079.8,1139.4
1091,1126
1095.8,33.429
1100.8,1208
1105.5,1220.7
1116.6,26.139
1123.6,51.432
1126.1,989.29
1127.5,806.56
1132.3,1063.5
1134.5,790.25
1132.5,1154.5
1146.6,314.87
1142.9,997.87
1156.9,157.4
1159.1,1228.9
1168,1170
1174.8,294.61
1185.7,788.88
1189.1,63.451
1194.8,762
1205,122.69
1208.5,801.86
1213.2,575.12
1212,822.3
1226.8,748
1236.7,388.03
1241.1,1246.1
1244.6,94.692
1247.1,725.5
