2.6216,120.65
3.8889,612.5
2.3793,653.38
3.4886,889.95
11.194,1098.9
12.5,2.2941
21.896,202.98
22.524,562.93
34.053,162.98
38.393,756.5
43.289,899.68
46.171,170.02
45.346,188
50.459,260.64
54.5,212.5
61.341,641.86
57.706,1246.7
67.051,917.44
67.842,489.5
66,531
70.8,1184.2
73.116,713.12
76.05,542.27
81.245,332.25
82.584,256.98
86.139,1094.6
90.378,17.676
94.6,385.04
103.06,12.235
103.5,466.38
116.45,634.47
112.9,165.1
112.17,997
127.66,56.646
120.41,129.07
122.81,83.071
123.73,1190.2
125.07,842.41
138.65,464.5
136.03,701.69
139.22,655.89
138.47,728.9
140.59,1228.2
140.36,337.14
140.5,1180
153.56,271.38
149.87,51.032
154.75,113.64
157.16,555.8
165.29,308.17
165.47,331.28
167.28,38
167.33,1114.5
166.97,710.94
168.65,170.71
170.73,760.17
176.06,656.67
177.18,131.41
182.5,1017
188.06,173.26
185.5,190.5
188.46,446.93
186,302.5
189.94,685.04
196.76,858.46
199.66,835.95
193.03,796.9
201.63,149.63
205.49,297.97
203.5,327.5
207.28,1217.4
205.5,887
209.16,1175.5
208.78,784.47
214.99,256.59
215,1011
216.42,766.11
218.14,656.14
222.13,838.28
220.09,1191.9
222.1,244.62
224.38,1038.8
226.61,21.861
226.5,599.5
225.5,654.5
226.58,1107.5
227.09,866.09
233.42,907.2
230.5,566.5
233.74,808.99
237.96,139.24
239.19,81.929
240.65,291.68
249.37,369.8
252,608.32
256.5,118.85
255.7,926.77
256.82,1054.2
261.22,22.282
258.62,308.15
257.85,753.83
259.02,815.41
266.99,237.66
266.65,283.83
267.07,708.26
273.42,833.11
281.52,553.67
280.82,392.26
294.59,1193
292.5,32
294.33,38
298.12,1042.9
309.88,211.28
299.88,941.55
302,1243.8
313.4,451.36
316.27,866.38
307.94,372.92
309.86,262.31
313.68,1043.2
317.44,661.58
321.67,421.2
321.46,683.61
325.46,122.31
323.97,1124.5
330.71,895.76
329.5,153
333.13,746.92
330.95,434.9
334.65,544.35
343.1,629.29
347.55,650.58
352.63,138.64
352.58,829.58
356.84,467.9
359.06,614.91
361.91,226.09
365.17,526.51
366.24,88.5
364,841.5
376.43,1208.3
377.74,770.98
378.65,81.382
377,211.26
379.94,636.48
378.33,695.74
381.04,845.72
384.83,41.508
382.65,544.33
385.68,969.11
385.77,993.6
392.57,1138.7
392,956
398.91,1072.1
392.61,719.35
404.88,1139.3
412.84,607.75
412.81,406.58
413.3,475.38
410.11,956.58
417.41,238.11
421.51,552.22
420,841.67
428.87,757.62
431.86,1106.4
435.14,982.68
434.38,287.43
433.95,495.85
443.84,365.06
442.58,64.105
443.7,721.8
454,486
458.96,655.57
454.96,783.92
458.52,1204.5
459.52,1179.1
457.94,859.45
461.77,997.25
466.55,594.88
464.83,121.35
467,233.25
478.21,315.33
472.93,373.41
477.66,771.09
478.4,1060.5
482.01,159.19
478.5,182.5
481.75,139.48
488,990.95
490.28,903.75
493.02,434.46
492.1,415.84
494.7,589.86
492.6,1101.8
493.31,1154.1
493.42,445.89
498.88,531.25
499.32,767.6
508,810.5
510.92,881.59
511.32,926.17
508.89,1063.5
509.57,773.57
518.03,1023.7
520.15,374.56
520,1101.3
524.89,813.53
524.73,865.57
534.82,1039
531.22,974.9
530.57,1016
532.31,1210.9
531.36,953.14
536.06,141.94
537.92,442.92
541.42,815.11
545.22,298.32
544.55,1078.3
560.41,1139.8
552.91,1063.9
552.32,804.68
548,1105
557.74,765.04
557.24,402.69
554.5,1234
561.3,474
567,79.679
571.5,37
575.76,959.14
571.59,479.06
577.75,924.42
584.08,46.245
580.5,867
584.2,1088.6
580.5,360
585.83,852
600.03,1096.6
588.37,1171.1
593.58,1242.9
593.51,21.64
594.58,450.82
598.08,1137.8
606.83,1171.1
602.6,1056.1
605.02,895.62
607.03,1074.4
605.93,44.593
611.99,1022.8
615.94,297.31
620.6,11.964
619.5,431.37
623.92,680.02
620.53,920.83
628.98,518.39
628.6,869.74
636.5,763.44
628.91,1232.1
632.53,847.76
635.46,33.2
638.52,695.38
639.54,922.55
643.88,374.82
644.79,490.75
651.8,551.33
647.23,70.329
652.05,241.25
650.83,594.38
648.49,673.5
649.91,85.119
649.62,431.23
652.79,711.58
651.1,936.36
651.94,156.42
654.5,1195.5
658.49,1080.6
661.86,1067.5
664.68,367.84
665.35,1193.8
668.8,953.42
669.5,1081.5
672.47,348.37
674.86,75.182
675.96,451.27
679.69,921.17
679.91,865.91
683.63,267.63
686.42,513.8
684.46,49.846
688.87,745.36
693.04,652.53
692.17,1066
689,1207.7
694.33,547.5
695.5,399
699.92,617.08
697.36,805.85
708.09,222.16
707.43,1111.2
706.57,1141.6
708.92,480.37
709.52,544.54
712.16,382.43
713.83,700.49
718.59,135.02
716.75,364
718.82,1066.9
719.92,342.67
718.93,72.767
718.5,855.5
723.13,484.28
724.61,1173.9
728.3,757.61
732.71,995
730.68,1034.1
734.27,346.3
731.26,692
735.41,550.61
737.41,650.78
735.5,673.5
739.08,731
744.29,1232.5
742.07,67.407
748.91,1113.6
751.16,894.22
751.32,1212.5
751.34,353.32
755,755.5
757.05,778.77
762.54,80.441
761.14,954.53
767.66,421.54
773.17,1223.8
775.19,1055.3
777.91,661.91
778,1134
780.08,1001.9
782.23,1211.5
788.74,1068.8
788.69,73.929
794.5,209
800.55,1221.4
803.03,1235.9
805.72,756.52
806.82,1026.6
812.29,360.02
812.93,544.39
815.06,1078.6
814.48,171.01
825.99,657.95
815.05,1009.5
814.5,195
825.43,1001.9
829.17,218.58
831.27,174
828.69,1177.1
832.68,808.68
837.27,749.59
832.41,972.59
840.04,922.26
846.38,149.43
844.6,818.74
845.5,1157.5
860.33,20.026
859.41,81.308
857.46,174.16
861.52,220.98
864.21,393.28
863.16,191.5
864.86,414.8
868.98,313.25
869.93,115.42
870.65,1247
877.4,189.87
875.11,738.32
873.97,425.11
874.92,577.96
877.5,786.5
892.32,456.6
887.68,615.89
886.17,139.7
887.97,974.5
890.58,760.69
890.4,649.23
892.17,1080.1
891.23,1198.6
894.46,374.75
898,119.63
907.98,78.16
909.71,1002.4
912.41,711.34
912.09,165.91
917.22,769.93
916.06,1219.2
916.19,529.16
918.35,1130.9
923.6,291.86
918.08,1037.9
917.91,1191.9
921.88,801.33
922.8,856.8
927.69,268.86
936.94,617.87
941.24,226.39
941.89,852.46
945.88,294.88
948.64,421.91
950.19,703.65
950.64,440.5
952.42,796.76
955.56,183.57
958.55,499.49
955.11,404.61
958,889.17
964.14,382.77
962.4,444.4
970.28,1181.7
971.07,57.587
971.71,1246.3
971.17,924
976.78,105.29
972.86,304.5
979.47,46.86
974.5,318
978.31,1146.4
977.54,599.65
976.92,979.44
979.39,349.61
984.6,535.31
983.63,390.83
990.18,237.25
992.01,863.9
994.71,786.88
998.56,1207.7
993.43,836.94
996.86,80.15
999.91,506.18
995,988.5
996.96,221.49
997.75,1184
1000.6,197.63
999,890.25
1001.8,945.48
1008.1,1230.6
1009.7,174
1017.3,642.47
1024.5,434.91
1025.7,217.19
1026.1,451.15
1028.4,1161.5
1030.6,967.49
1033,167.83
1031.5,319.85
1031.7,415.47
1032.4,88.424
1035,584.18
1045.4,837.56
1038.6,247.36
1048,1159.2
1051.7,524.78
1055.4,564.98
1055.9,338.1
1057.6,981.48
1061.4,190.89
1065.4,436.62
1069,829.21
1071.2,916.52
1075.2,113.43
1078.5,797.88
1079.9,351.22
1079.2,886.87
1093.5,401.08
1094.5,240.78
1095.8,202.01
1093.6,781.77
1094,950.73
1097,336.9
1097.5,495.18
1097.9,1069
1098,282.95
1102.6,318.33
1102.3,179.8
1103.6,709.46
1106.3,1134.6
1107.4,369.31
1107.9,625.96
1109.8,293
1113.9,745.89
1111.1,269.13
1111.8,1099.3
1114.3,500.45
1116.8,386.27
1114.3,818.85
1119.1,712.95
1132.6,1061.4
1129.1,510.09
1129.5,763
1132.7,363.44
1134.1,934.12
1133.6,998.59
1133.5,180
1138.1,598.42
1138,1083.5
1141.3,1096.9
1145.5,327.42
1141,1209
1146.4,722.94
1150.4,978.76
1152.8,361.77
1172.4,99.709
1154.4,708.07
1153.3,1121.9
1156.2,471.64
1158.4,1100.3
1159.9,422.6
1169.5,42.907
1165,783.41
1168.3,287.75
1167,466.32
1173,589.5
1175,1082
1179.7,1130
1179.1,918.35
1183.1,755.61
1191.1,522.74
1190.5,586.45
1189.5,601.65
1194.7,864.31
1204.8,758.52
1199.1,446.41
1201.2,955.65
1203.8,601.5
1202.5,774.06
1205.7,832.59
1218.9,746.39
1208.5,1246.8
1213.8,865.05
1212.9,457.96
1216.1,769.92
1221.6,279.93
1223.1,48.366
1221.7,372
1225.5,1089.2
1227.4,687.9
1230.5,5.2892
1229.7,1158
1232.1,97.872
1231.1,322.92
1230.5,984.5
1239,803.87
1239.1,1130.9
1238,329.61
1238.9,773.54
1238.5,686
1244.2,480.95
1241.6,1144.9
1245.5,957.97
1246.2,67.53
