11.602,260.72
18.412,1076.9
21.6,272.03
41.578,1083.4
56.584,1011.5
59.488,1071.3
74.258,1048.2
84.032,822.3
86.672,1083.1
108.91,530.48
113.97,770.92
172.94,33.145
178.8,625.99
178.8,817.73
176.05,874.62
184.49,1289.5
198.04,937.82
212,1329.3
190.39,1297.4
192.76,1272.2
252.97,193.1
208.45,1253.2
210.82,579.1
232.86,1302.5
242.13,800.06
220.86,550.86
224.81,38.407
231.5,21
262.45,660.02
263.17,619.35
275.33,971.83
291.35,881.15
315.29,23.606
299.08,396.1
282.89,659.44
317.31,477.17
315.87,878.96
316.6,558.44
345.09,820.02
342.66,447.27
355.48,983.92
378.44,140.34
384.85,344.61
423.93,1122.4
435.18,1186.2
444.66,1281.6
438.02,222.85
425.4,139.4
461.86,421.46
460.77,5.8142
472.49,1324.5
463.5,1203
506.59,280.62
460.88,1219.3
467.72,1169.8
473.5,390.5
486,705.2
473.5,471
493.16,402.6
506.83,1120.9
525.33,66.779
529.72,94.773
524.94,1116.4
529.01,127.15
540.24,137.36
546.66,597.58
550.52,1109.1
551.2,321.93
558.76,894.44
590.43,1091.8
593.75,258.89
593.98,188.09
607.45,794.82
606.71,205.01
611,2.2121
614.1,469.1
618.09,235.22
621.23,877.84
670.72,472.29
626.33,264.4
629.2,303.87
641.26,552.71
651.47,1205.5
648.68,1014.7
652.31,933.31
657.94,1045.2
658.21,973.67
667.51,1148.7
692.84,835.36
685.9,847.31
745.38,899.12
768.41,495.95
770.62,875.14
772.5,907
790.76,878.91
795.46,842.98
791,860.5
813.49,986
813.28,809.51
835.68,330.98
857.67,932.09
834.83,309.44
834.29,786.48
838.81,776.09
848.06,1042.4
860,779.56
887,825
907.38,768.54
921.95,699.95
933.96,559.52
931.9,685.84
973.71,396.71
984.69,862.18
981.41,571
1000.9,289.56
1001.5,1027.3
999.51,189.49
1065,566.62
1071.1,505.86
1088.4,1088.2
1081.1,524.91
1079.2,1231
1090.6,894.79
1078.8,163.9
1110.7,585.01
1136.7,1136.8
1128.2,1318.9
1124,192.71
1146.3,414.33
1142.6,318.31
1162.7,1101.4
1168.6,296.16
1175.7,378.22
1173.2,572.96
1186.8,284
1191.4,535.04
1222.2,825.65
1220.6,25.165
1233.6,510.9
1227.2,401.14
1249.4,892.88
1277.3,666.87
1290.7,196.28
1293.4,1283.5
1286.5,370.78
1288,625.71
1300.4,348.2
1299.9,251.33
1325.4,253.69
1326.4,1204.4
1329.2,652.99
