3.1842,389.96
3.25,1025.3
10.76,849.02
21.457,513.03
18.367,1034.4
24.025,1056.6
22.909,282.09
29.364,1134.7
33.479,711.4
33.349,541.56
43.288,1033.9
42.074,95.407
47.842,681.05
48.861,170.61
49.132,1067.3
55,813.35
57.8,156.1
55.917,520.92
57.122,720
58.542,191.34
58.083,1173.9
66.58,285.38
66.569,673.07
78.6,732.3
76.564,452.92
79.2,861.8
79.903,335.16
87.903,129.31
93.929,1002
96.038,548.04
94,561.5
99.471,803.67
103.5,1012.5
103.92,608.08
106.91,913.13
108.33,724.53
108,862
112.83,1094.9
111.04,123.82
116.03,577.55
114.68,1021.8
117.12,1035.6
131.45,577.8
127.26,830.1
129.69,606.77
130.8,1028.8
135.88,627.58
134.33,1135
141.62,902.08
144.52,823.36
147.66,923.56
143.35,742.6
154.66,53.166
151.1,677.51
151.02,582.27
150.92,2.9167
153,72.256
162.38,304.38
161.94,643.09
164.57,943.09
167.11,49.421
168.07,844.8
173.5,749
176.95,640.9
179.5,151.5
182.06,920.14
188.34,976.43
196.5,1081.2
207.17,789.69
212.57,1075.2
209.09,18.227
214.65,246.72
212.95,379.09
217.52,757.63
216.58,1233.5
224.34,830.57
228.21,1028.5
233.45,789.03
235,1002
237.56,806.31
247.13,1157.9
241.12,982.5
250,88.5
261.55,1037.8
258.32,235.04
255.58,783.11
269.42,455.93
260.87,104.56
265.43,990.26
267.4,534.82
267.42,892.89
272.7,238.12
275.14,122
278.5,1207.6
281.25,229
294.88,514.75
294.95,842.58
295.67,331
303.85,790.87
306.05,507.95
308.25,534.92
314.08,563.27
309,417
312.91,387.91
315.93,347.01
317.61,499.86
319.69,1055.2
323.95,514.14
322.5,578.5
329.56,1066.7
325.07,1207.4
329.25,924.25
331.5,1047.1
336.06,490.06
342.11,242.72
345.57,573.68
345.93,997.12
343.47,844.28
351.79,823.54
355.62,599.24
356.47,496.72
360.91,15.196
359.5,1101
363.22,44.413
363.14,552.5
367.9,896.88
369.74,523.73
363.4,878.04
366.31,162.4
368,591.48
367.09,367.91
372.3,798.3
375.11,975.74
373.13,1169.9
377.23,1188.5
381.4,783.79
383.42,145.45
384,595
389.68,375.22
392.1,1030.8
392,1154
399.5,470.26
411.5,995.79
401.91,773.64
398,1155
402.4,455.5
404.97,979.58
407.66,4.7097
407.67,14.167
411.65,524.29
410.05,1160
414.05,477.95
422.83,967.67
426.83,214.24
422.39,551.14
424.93,1088.4
428.91,802.29
434.54,927.97
432.93,380.59
435.72,945.86
437.68,1166.9
437.38,485.88
438.17,1095.9
441.07,221.8
445.44,528.25
442.51,1234.2
442.5,446.5
447.02,290.55
450.76,1133.6
452.74,1006
448.49,864.78
448.88,845.35
455.82,1095.3
452.35,44.29
456.6,413.9
454.65,1051.6
453.5,914.77
457.15,1168
456,839
458.77,933
457.5,1189.5
460.24,1032.1
461.68,586.05
462.12,1212.2
462.15,922.54
467.74,805.32
467.92,865.08
472.85,591.23
476.01,394.15
475,1086.3
477.07,483.53
476,620.17
479,913.92
480.85,527.55
485.39,1186.6
487.5,983
489.55,723.29
491.05,1154.9
496.08,392.54
494.89,808.58
501.46,731.48
505.59,848.75
509.06,554.3
509.5,1208.6
510,763.5
514.88,869.4
516.34,1057.4
515.59,290
515.64,976.19
518,357.75
516.93,370.8
519.93,136.44
522.48,683.18
524.85,830.74
524.56,1130.3
526.9,621.39
526.58,534.97
529.41,100.1
528.58,932.45
531.39,988.04
546.59,1209
541.46,291.08
550.93,555.89
542.06,1105.6
544.23,1015
547.36,524.51
544.75,802.83
545.71,780.86
545.9,831.6
550,603.61
551.3,17.32
551.57,195.9
550.1,367.22
555.4,210.64
558.63,1048.1
567.85,181.38
559.71,831.39
568.31,987.77
573.65,356.62
572.91,372.91
579.13,730.22
581.66,1098.4
583,211.83
588.24,91.067
590.76,656.62
599.5,778
626.27,195.58
607.44,116.28
607.05,1232.2
611.09,249.49
609.13,1128.6
609.56,898.93
613.74,370.93
613.37,467.5
615.16,303.61
616.69,110.48
617.34,139.52
618.4,346.03
615.58,1058.1
616.33,1204
620.99,917.62
618,1073
619.74,671.07
618.57,1008.4
635.95,989.8
623.42,590.11
625,79
626.44,296.08
629.35,135.38
626.5,505.5
627.22,1022.4
627.09,1195.9
629.07,513.45
628.91,362.91
635.23,805.34
633.63,1236.5
637.82,331.52
638.65,869.78
638,604
639.42,739.88
649.29,944.3
639.32,36.14
640.83,574.72
642.34,469.95
641.5,443.88
645.56,924.08
648.33,321
658.21,847.98
656.32,717.36
662.67,155.33
661.21,422.88
663.6,703.55
660,773
666.55,8.8457
662.41,324.89
666.58,1132.5
666.63,207.63
671.6,1068.9
671.08,409.23
672.5,1168.4
672.91,559.09
679.7,748.63
678.09,1047.1
679.42,444.58
681.75,781.17
681.5,418
685.18,939.81
684.55,295.35
684.67,366.36
685.44,212.2
690.4,802.54
686.09,1172.6
688.89,888.66
688.11,1124.3
694.03,1004.4
702.15,744.72
694,248
712.35,7.2447
706.33,389.58
706,229.17
706.8,280
707.7,294.91
709.14,718.08
710.35,945.95
711.55,838.94
714.15,309.75
712.44,814.85
712.5,772
716.4,1015.1
714.9,1180.4
715.06,40.364
714.07,1162.4
715.12,1204.3
719.08,145.21
718.11,558.58
720.29,510.42
719.79,746.79
719.5,877.5
724.1,721.09
721.86,829.71
722.5,336.5
723,1098.8
728.79,680.5
730.91,133.91
731.95,1012.2
733.14,1231
737.12,215.65
734.5,384
741.32,308.92
742.32,900.48
740.95,400.41
743.67,748.19
741.5,805
748.15,128.78
746.4,276.47
749.87,433.05
747,1059.5
747.92,1097.4
751.97,253.81
753.46,858.03
753.11,489.37
761.72,734.02
756.44,451.95
762.32,299.57
761.79,1199
759.2,503.8
761.7,512.28
765.05,823.44
769,24
768.67,431
775.95,379.69
782.94,971.7
782.01,1160.6
778,2.2667
780.22,1228.1
779.09,267.91
783.41,398.58
790.57,721.24
787.75,745.38
784,868.83
795.84,28.439
786.56,529.56
788.46,81.795
788,779
793.41,315.34
798.67,4.1134
794.31,1079.8
799.53,1008.9
801.06,1100.7
798.54,416.54
798.66,1205.1
798.53,217.69
796.58,276.89
800.08,619.44
798.89,976.58
807.66,60.655
804.03,348.35
810.33,716.39
805.5,1087.5
808,936.83
818.36,473.89
812.82,1150.4
817.07,728.52
824.55,639.9
816.88,701.5
820.13,623.41
823.68,783.77
830.64,748.08
820.09,675.65
823.68,830.64
823.56,484.78
829.48,1080
827.73,532.91
830.58,657.17
827.85,901.17
846.14,225.56
829.93,256.6
834.68,331.94
831.07,489.93
834.66,78.683
838.64,206.4
835,623
840.85,269.3
841.86,560.19
843.09,1213.5
846.24,719.24
844.81,1070
859.73,185.42
860.24,498.3
851,305.65
851.5,281.5
855.76,1117
855.5,517
865.76,465
867.05,62.047
866,1093.5
869.33,959.01
873.07,617.53
877.94,881.56
874,232
875,1183
876.9,264.51
879.84,296.72
886.76,595.28
877.72,913.95
879.72,1147.6
876.62,732.12
883.59,975.4
884.8,472.99
883.54,547.71
883.43,784.95
886.94,369.08
888.34,1180.8
889.08,310.08
901.49,877.92
894.65,702.44
894.5,988.5
901.61,789.1
905.12,393.91
907.75,589.06
907.55,762.54
907.17,286.38
907.33,340.77
907,427
909.84,609.22
907.58,1095.9
910.29,139.29
912.16,485.36
913,572.59
913.22,316.19
913.76,361
916.74,541.07
921.68,847.93
921.69,388.83
921,817.67
923.5,1092.5
928.97,448.86
937.4,861.03
926.26,1243.7
926.5,542
926.45,991.73
931.84,69.62
932.68,730.93
933,91.5
934.76,1083.2
941.06,484.66
935.91,977.09
939.54,712.29
970.94,824.09
939.6,300.4
940.78,504.72
947.81,737.76
943.37,414.37
952.79,575.16
958.81,347.21
950.59,891.41
953.28,1048.7
953.3,438.2
961.03,747.51
953.39,1229.9
955.62,413.5
956.41,630.07
972.88,591.82
963,320
974.29,445.84
966.09,95.091
971.53,718.3
975.12,861.08
973.52,753.09
977.58,563.96
979.86,970.89
980.58,994.23
985.68,1222.2
984.4,58.643
987.66,780.97
995.98,717.46
989.44,867.68
993.04,1173.9
997.12,892.48
1000.1,1077.2
1013.2,736.88
1003.2,974.8
1008.7,303.96
1008.3,142.31
1015.7,322.92
1020.7,248.9
1019.1,1066.4
1024.1,171.9
1023.6,269.41
1036.2,313.26
1024.6,871.59
1025.8,604.02
1028.7,1018.7
1028.2,280.23
1029.6,512.97
1031.4,635.05
1033.2,289.6
1039.2,756.52
1047.4,804.67
1043.3,1117.3
1044.8,286.02
1048,341.67
1042.5,985.5
1046.2,973.9
1053.9,255.27
1052.6,765.4
1053.1,1076.2
1056.1,379.09
1062.9,572.09
1074.3,770.25
1071.4,1171.1
1086,1125.1
1075.2,620.04
1089.3,578.12
1080.6,970.86
1082.5,555.34
1087.3,400.35
1084.3,869.73
1109.6,791.99
1088,1084.5
1096.3,599.51
1092.4,1107.7
1093.2,1154.2
1097.3,1070.8
1097.5,244.13
1097.5,856
1104.1,374.53
1104.2,429.33
1104.4,975.37
1106.7,576.13
1113.3,967.68
1117.5,260.23
1121.9,552.81
1120.4,569.95
1120.8,1112.3
1120.5,816
1125.5,274
1131.1,828.39
1131.1,1040.1
1131.7,320.98
1147,444.46
1138,602.5
1139.4,1060.7
1140,1231.8
1142.9,356.46
1145.6,580.05
1159.5,1063.7
1149,534.62
1166.8,959.54
1152,1157.3
1157.2,926.44
1160.8,284.53
1159.4,622.43
1162.8,1176.5
1161,1193
1168.1,931.93
1167.5,1084.1
1178,584.71
1174.6,724.61
1177.6,649.82
1184.9,1079.7
1181,1062
1198.9,989.08
1182.4,1032.7
1181.7,1045.2
1185.6,1239.7
1194.5,963.24
1194.9,523.9
1199,473.67
1202.6,289.93
1206.4,305.92
1209.9,19.955
1213.8,1100.1
1213.3,511.66
1217.4,621.62
1214.6,657
1213.4,1127.1
1220.4,531.78
1222.7,1067.6
1221.6,1208.1
1227.6,500.46
1227.4,369.63
1228.5,646.78
1225.8,1221.7
1236.5,540.31
1232.3,328.04
1233.5,1237.5
1235.6,768.58
1234.7,1120.4
1236.6,964.07
1242.2,20.053
1239.8,612.53
1241.2,788.41
1241.9,638.23
1246,1237.8
1246.2,1000.2
