11.148,4.5423
3.6408,164.22
1.8333,184.89
18.374,279.09
25.932,392.37
1.5,398.5
3.6757,420.7
21.448,450.31
21.778,491.57
58.261,799.28
19.812,95.879
12.546,1126.1
7.5319,677.53
12.645,705.06
22.044,202.07
15,165.5
20.292,413.16
29.105,543.35
72.073,662.97
84.991,610.39
41,763.4
56.33,10.006
48.31,175.85
47.791,569.81
47,529
71.51,529.64
71.945,286.43
56.83,609.43
76.293,915.06
83.977,102.7
63.615,627.9
70.333,569.33
88.685,368.3
107.78,463.25
96.724,160.62
104,823.39
101.33,501.83
101.24,3.3905
106.57,560.42
101.45,425.71
105.94,237.45
118.09,306.08
111.5,536.5
113.85,424.42
120.88,154.27
122.27,215.51
123.49,723.08
128.23,920.11
122.99,328.35
124.38,62.321
125.12,249.13
145.3,722.66
126.78,773.75
124.58,227.89
128.85,875.45
128.12,628.68
131.39,823.82
148.75,510.6
144.47,542.14
161.1,80.615
149.64,797.14
161.85,995.88
155.05,181.2
168.8,215.79
174.84,322.21
172.49,632.77
163.71,254.83
161.69,792.09
162,164
168.02,187.73
192.12,412.23
167.12,367.92
169.95,353.24
170.54,820.56
182.29,520.52
175.57,108.62
180.09,242.27
177.25,667.25
180.1,598.03
180.35,1013.6
183.89,313.58
196.6,1247.9
194.91,117
192.25,956.59
190.67,609.52
195.33,802.89
192.61,233.3
221.26,534.67
201,626
201.8,193.66
234.27,267.03
205.17,529.33
215.64,622.26
221.56,713.98
217.26,588.16
221.72,773.17
238.15,25.889
255.67,419.56
221.1,807.58
225.94,645.1
236.06,308.31
236.68,199.47
229.06,378.87
227,606
232.2,802.95
247.6,706.6
250.34,582.74
244.49,91.977
235.4,167.4
242.75,959.53
263.24,133.4
250.6,156.95
253.36,654.36
259.12,330.32
264.65,510.3
256.6,550.6
258.38,1011.1
260.45,543.41
273.72,883.24
313.31,26.387
286.47,561.72
279.53,302.78
299.75,662.58
281.91,110.08
310.68,1161.7
291.5,222.42
324.85,285.68
290.9,176.62
284.9,600.85
285.42,83.895
292.5,258
304.81,1109.7
322.25,439.54
319.95,390.85
368.62,114.65
323.84,571.29
326.31,1049.4
329.6,206.34
334.34,609.7
388.55,365.73
327.91,855.52
342.51,236.22
334.67,880
335.6,744.6
358.15,568.46
340.83,446.8
357.31,1003.4
340.67,893.67
350.82,516.47
376.4,191.45
357.27,765.22
362.38,732.44
369,16.194
369.77,657.37
375.86,30
376,36
419.14,421.53
380,1146.8
388.5,229.61
393.66,711.26
401.51,34.507
399.19,160.43
404.24,522.96
416.84,563.5
414.75,464.42
411.84,112.5
420.01,247.01
431.04,976.03
418.66,1166.9
429.31,165.28
422.89,339.11
428.77,90.193
442,126.29
426.6,353.6
436.69,299.89
434.52,467.09
456.34,514.75
456.17,1217.4
463.79,296.48
453.16,83.857
455.44,1187.4
455.26,355.51
460.86,234.32
476.19,58.563
466.65,585.84
478.07,187.27
477.13,1261.5
486.8,359.48
492.1,924.37
482.5,296
486.89,247.49
495.09,225.07
498.12,1276
498.32,65
501.3,1329.4
536.46,64.599
501.29,493.82
529.11,458.34
515.91,124.56
503.5,295.5
517.81,238.42
529.98,404.43
580.73,1108.6
526.35,168.18
558.32,278.11
525.56,696.89
530.59,3.8919
565.26,510.59
533.74,933.61
541.43,10.857
548.76,840.83
542.14,629.14
558.96,973.94
616.02,686.48
555,913.33
557.08,184.56
556.85,718.54
579.74,21.969
578.89,200.15
603.82,347.51
581.2,135.9
586.27,785.04
592.76,168.77
592.82,406.32
625.09,59.743
612.43,200.66
609.64,78.298
688.79,274.34
612.5,1153
625.19,159.87
629.87,1050.4
649.44,1220.8
654.12,185.91
667.97,293.4
644.31,1017.5
670.6,974.46
662.82,332.82
673.34,781.89
685.5,91.394
701.53,1002.2
684.07,769.17
689.88,1187.6
732.25,89.047
717.73,187.42
719.32,153.26
744.88,55.03
744.15,262.04
756.79,588.88
761.37,283.6
762.2,183.5
763,958.31
786.11,77.169
779.75,41.388
830.08,578.52
781.98,821.2
789.92,1005
821.66,819.31
794.53,10.313
800.24,279.77
807.22,388.82
809.93,322.39
800.83,270.02
844.47,65.038
812.64,946.64
814.93,1136
821.07,203.04
814,927
826.72,736.24
827.91,899.48
833.1,861.18
835.88,411.07
853.38,484.4
846.4,450.4
862.95,172.11
868.07,1002.8
867.5,747
882.83,517.41
886.29,102.18
876.7,940.12
896.37,960.22
893.36,266.58
919.9,569.93
918.28,22.207
899.21,225.34
902.05,919.77
899.5,447.12
913,536
922.84,125.17
920.81,285.06
924.93,315.43
922.21,212
940.83,781.25
939.45,928.84
927.22,67.822
937.99,974.53
933.5,890
940.82,954
958.76,869.54
978.87,989.06
1011.2,160.66
957.11,811.03
960,951.69
961.36,909.01
967.2,930.81
964.39,45.25
966.61,264.12
971.74,233.31
984.47,822.58
973.21,224.28
985.29,590.85
996.76,332.88
1003.8,456.43
1002.3,943.33
983.21,57.448
1004.3,391.49
1008.1,53.15
1024.2,578.52
1025.8,366.96
1023,909.65
1022.1,1003.1
1032.3,506.94
1043,16.313
1050.1,872.88
1059.7,462.28
1058.8,898.71
1064.8,741.88
1079.7,126.13
1073,482.58
1153.3,1035.5
1080.2,37.658
1083.3,70.943
1101.2,769.14
1117,567.06
1085.4,53.029
1091,447.58
1096.5,388.53
1099.2,417.88
1119,1000.3
1106,55.756
1098.3,10.005
1118.8,451.95
1119.9,728.88
1123.7,68.86
1129.3,115.26
1132.4,940.27
1127.9,464.11
1145.2,706.15
1128.9,689.09
1143.3,643.1
1179.1,78.349
1180.7,777.45
1187,620.68
1180.1,537.62
1174.4,597.14
1192.2,43.709
1191.4,680.48
1202.7,1089.1
1200.7,1272.9
1201.1,641.39
1216.6,544.43
1207,650.18
1244.8,710.1
1239.3,96.76
1228.1,605.54
1236.2,543.44
1237.9,613.22
1238.2,906.36
1247.2,676.58
1245.5,124.71
1248.2,886.25
1262.2,772.65
1250.9,49.209
1258.1,581.56
1291.1,1051.6
1256,89
1267.8,653.52
1263.5,426
1270.6,841.73
1266.6,125.6
1283.9,184.97
1271.6,556.06
1277.7,501.85
1278.3,545.58
1276.2,814.68
1288.6,746.29
1278.1,672.34
1284.6,148.7
1291.1,118.97
1290.4,889.19
1290.9,985.17
1293.6,962.39
1306.7,224.85
1300.5,375.24
1308.2,156.62
1305.1,484.8
1309.7,75.399
1301.4,399.63
1305.6,300.27
1307.8,676.76
1308.7,338.31
1310,538
1319.4,822.25
1318.8,268.44
1319.6,248.43
1324.4,2.2069
1327.7,397.81
1329.3,722.6
1330.7,74.219
1331.1,656.98
1330.9,859.77
1331.1,807.62
1331.5,668.5
