29.353,1067.7
32.567,189.67
35.442,1221
41.159,912.22
40.115,1141.1
40.636,475.23
41.806,315.76
42.611,767.61
45.481,285.02
57.377,244.18
58.5,912.5
62.079,44.882
69.254,1154.2
72,120.1
75.5,502
85.775,870.37
87.809,8.7943
85.718,794.54
89.734,507.27
92.178,154.51
99.917,1244.1
104.8,363.32
108.86,1155.4
114.17,519.8
117.56,1102.1
123.42,192.57
133.91,1205.9
136.93,285.75
139.85,379.46
148,262.5
148.9,1108.2
152.14,342.24
152.05,884.48
165.58,1007.6
170.07,1199
170.82,904.72
178.14,85.544
178.96,567.92
181.58,488.06
181.12,431.42
182.9,914.38
197.28,273.42
196.94,749.18
207.52,60.404
209.28,938.42
214.66,548.62
219.5,358
227.09,1144.7
229.34,1225.5
234.08,718.54
237.67,500.39
241.68,1180.6
240.58,279.11
261.1,62.738
259.28,1219.5
266.4,863.37
273.26,662.09
277.62,685.22
288.21,128.3
304.94,432.09
308.43,373.39
314.91,911.54
313.82,58.4
316.5,728
317.15,435.77
322.69,393.17
329.6,1080.6
334.66,1211.2
341.96,415.07
366.26,955.59
370.5,622.86
373.13,1097.3
377.4,456.6
394.88,974.57
394.43,1151.7
414.48,891.44
422.2,319.91
421.54,1149
424.69,1031.7
428.87,772.5
453.15,96.532
456.23,234.54
458.78,299.04
459.07,1220.1
465.41,647.4
468.7,858.13
488.27,426.96
494.34,1232.4
495.01,295.22
498.65,1045.9
499.39,31
500.57,516.92
514.99,583.72
528.79,775.84
532.11,923.44
535.15,542.25
535.41,1003
533.93,206.41
547.21,694.77
554.18,1139.4
561.16,466.96
561.92,257.08
562.38,509.62
580.65,76.462
580.65,857.71
584.18,1235
588.55,547.41
595.72,511.35
591.57,1064.1
593.68,533.22
611.62,356.62
629.92,432.16
646.21,160.37
644.08,183.56
647.53,863.49
649.16,618.39
645.15,1049.7
651.46,740.96
651.17,882.02
657.33,1102
674.85,932.69
677.7,945.39
685.16,402.59
684.21,1130.4
685.95,367.58
698.54,558.88
702.36,54.321
714.87,333.21
719.68,993.05
724.37,1024.4
732.22,918.2
732.11,495.33
738.44,676.34
738.04,1092.8
741.77,384.42
757.66,244.37
758.54,557.74
764.14,495.39
765.35,971.6
770,977.5
782.97,20.56
783.95,490.92
789,60.5
808.08,905.92
811.21,1218.1
813.33,983
817.92,50.841
819.64,1157.8
832.93,821.36
836.94,1065.5
848.53,584.24
849.34,935.16
846.93,332.59
854.47,121.28
856.95,1170.4
854.5,1136
860.75,1194.5
860.74,899.79
862.89,62.744
877.98,838.96
881.42,608.21
883.82,494.44
883.61,520.5
885.18,955.87
883.44,1212.4
897.11,164.96
912.4,711.09
915.46,88.376
912.42,388.11
915.48,1149.4
919.05,906.99
930.5,1141.5
940.55,30.69
944.14,481.39
947.57,260.9
947.1,1021.6
964.23,297.22
966.24,396.74
977.92,150.86
992.13,3.9487
995.76,1220.5
999.67,891.49
1001.1,703.09
1005.3,218.76
1009.9,1121.1
1007,1170
1017.7,685.93
1018,173.5
1019.7,295.74
1028.4,605.47
1033,117.5
1037.2,1173.4
1045.3,516.73
1067.3,1219
1083.1,865.44
1087.8,1057.3
1086.9,984.41
1094.2,1231.1
1100.2,903.65
1112.5,696.57
1114.3,372.78
1114.6,184.36
1120.6,640.14
1123.5,353
1126.7,777.48
1130.5,314.94
1130.6,514.8
1137.1,618.37
1135.3,1174.8
1137,756.32
1137.4,960.42
1139.3,972.36
1147.3,1233.1
1175.4,375.46
1180,942.35
1187.1,241.9
1185.4,115.16
1194.1,788.93
1194.5,368.28
1203,51.174
1206.5,478.81
1205.1,912.38
1211.4,273.47
1218.9,393.93
1220.4,717.02
1222.7,830.82
1220.4,1111.6
1226,272.87
1225.1,755.42
1242.4,7.8
1246.7,457.22
