17.218,176.15
4,350
2.2927,382.41
4.7654,546.88
4,1091.5
27.132,421.93
27.299,284.22
30.735,151.81
30.952,1091.1
29.333,500
33.984,199.59
39.432,121.13
36.5,574
49.989,173.82
57.093,208.33
58.331,409.67
56.4,758.97
58.333,474.08
57.938,1173.1
62.519,941.05
65.137,575.1
66.407,162.07
70.661,390.13
72.656,699.37
87.346,164.61
92.109,225.46
97.519,211.41
96.885,852.52
101,27.75
101.94,389.97
115.97,1240.8
117.3,120.7
119.54,61.934
120.5,328.88
127.64,889.17
128.55,1211.3
128.57,466.8
138.16,187.87
137.95,1198.8
146.69,439.94
144.69,497.56
146.13,254.44
146.29,270.5
148.61,643.25
157.09,126.8
160.5,1198
169.01,561.41
172.86,317.48
174.5,1239
178.5,1217.3
177.58,1048.9
190.93,56.593
193,32.75
195.81,363.48
198.17,267.58
214.58,1027.1
211.55,125.29
219.18,426.46
222.97,87.945
224.54,285.55
230.5,20
234.72,439.65
236.83,644
234.93,688.81
249.47,585.27
249.57,343.44
247.07,470.41
256.12,688.11
258.01,791.67
259.64,646.22
261.62,409.62
262.08,483.17
272.62,377.15
272.66,1140.4
276.67,121.44
276.58,881.45
280.49,533.68
293.06,431.7
302.45,1232.4
312.04,13.63
312.19,518.83
318.92,93.541
330.04,506.47
334.45,480.51
330.44,221.93
334.66,1074
336.94,434.07
337.43,1045.1
342.43,721.16
345.88,499.53
344.91,397.91
347.89,208.14
346.76,747.41
349.03,69.678
348,929.32
353.14,10.857
358.07,118.87
357.7,489.92
363.04,625.55
373.6,957.75
382,43.745
382.29,164.71
382.11,562.58
383.92,1006.9
386.8,63.535
386.08,902.92
391.58,291.37
390.44,515.37
399.54,56.926
404.32,909.23
402,693.5
405.6,944.73
405.34,259.62
409.03,245.76
413.19,816.64
412.41,639.93
415.38,293.24
417.75,582.19
421.23,634.61
425.05,110.48
434.93,329
431.57,190.61
435.85,1208.4
436.23,145.54
447.51,1239.4
445.91,125.09
450.19,518.37
449.61,998.29
458.36,618.65
468.4,544.04
470.74,951.48
471.89,689.71
477.91,1134.2
480.58,1203.9
486.16,750.57
486,831
488.94,59.058
488.57,291.61
493,122.5
496.1,1005.3
497.5,441.38
501.39,1200.3
503.68,88.874
503.5,424
505.62,436.29
510,183
514.54,362.93
520.73,623.57
526.11,75.5
528.72,456.12
535.14,146.19
535,191
539.54,321.39
540.5,1078.5
542.05,274.07
544.44,1130.3
550.65,666.12
553.94,1057.3
558.41,733.39
568.57,601.54
573.32,122.73
579.53,777.07
584.47,1141.9
588.6,190.57
588.16,44.571
593.92,404
595.59,1041.9
596.87,831.65
598.04,100.6
599,649.5
601.66,963.15
603.32,1214.3
609.94,345.09
611,990.75
611.93,880.41
618.17,529.4
621.73,942.61
631.81,680.66
649.69,690.96
650.45,144.06
659.86,1136.9
657,155.5
660.24,49.242
664.5,458.5
671.24,255.09
676.55,453.69
680.11,1060.8
682.69,361.82
683.86,575.14
686.68,1117.2
687.75,1215.5
693.12,9.4581
696,1002.5
699.43,97.622
698.96,189.85
704.75,797.75
703.37,922.37
709.31,1081.8
718.04,1156.1
721.26,822.71
723.5,514
725.7,767.75
729.53,182.74
733.27,607.19
732.74,1191
731.57,943.61
734.59,692.39
738.14,214
750.76,158.19
776.65,676.12
778.72,175.57
783.98,620.05
784.5,694
792.11,239.86
793.35,416.67
793.19,842.6
798,511
828.5,52.655
834.14,333.37
842.02,176.68
851.9,64.856
853.48,432.64
853.96,864.97
854.2,19.829
857.45,171.81
858.43,108.94
864.41,8.0741
867.38,1091.6
867.81,795.07
867.33,493
874.95,1203
877.31,374.98
883.17,422.48
883.36,85.428
884.62,529.12
882.44,356.92
883.86,948.5
892.69,762.02
894.85,712.52
895.49,1010.4
897,1.92
896,387.14
898.08,347.08
899.5,370.5
903.7,261.46
903.48,619.71
908.91,302.09
906,166
917.36,1171.4
922.21,560.24
927,167.67
925,1239
927.92,354.92
932.86,379.38
932.17,842.1
935.18,301
938.48,26.607
945.52,320.22
946.74,176.57
956.94,85.157
958.17,421.62
956.08,935.92
962.67,739.78
968.89,223.42
969.93,865.41
988,100.5
991.83,351
998.63,386.03
1002.5,856.76
1002.4,287.31
1003,1026.5
1005.3,513.55
1009,254.5
1017.3,1123.4
1017.6,1154.3
1026.2,194.11
1029.7,360.54
1029.7,1205.2
1036.8,412.74
1038,693.86
1040.3,1223.1
1050.1,87.464
1045.5,27
1055,886
1059.9,429.09
1073.8,1137.3
1077.8,1179.9
1080.1,121.67
1083.1,357.34
1081.4,325.4
1083.5,700.12
1086.9,878.2
1093.9,25.946
1098.1,166.61
1095.3,343
1109.4,720.55
1111.2,183.97
1112.9,160.5
1119.7,588.76
1118.7,753
1120.4,436.07
1129.6,79.561
1136.1,471.09
1141.5,66
1144.5,265.88
1147.3,42.939
1147.7,500.59
1150.4,545.5
1151.5,1139
1157.9,388.98
1160,74.579
1160.2,362
1161.1,962.46
1165,729.3
1179.5,363.55
1184.1,138.17
1181.3,317.83
1184.9,511.09
1187,227.32
1189.7,283.47
1195.1,42.443
1199.9,422.63
1205.4,540.79
1207.4,287.57
1209.9,676.95
1218.6,270.59
1222.8,1150.1
1224.3,157.83
1222.5,627.85
1223.6,494.5
1222.9,584.59
1229.7,1009.6
1230.5,328
1235.1,1241.6
1235.5,595.5
1242.2,766.35
