3.0781,617
6.0469,927.66
12.564,1212.1
22.767,231.69
27.227,72.333
35.175,397.95
40.074,817.24
44.909,978.91
49.395,416.84
59.971,308.83
61.074,201.59
69.074,1062.6
86.331,257.19
86,631.5
99.057,810.66
116.3,233.74
118.58,1241.3
125,607.76
130.63,767.63
135.09,1107.9
137.56,514.92
146.5,1093.9
156.03,42.408
183.96,751.94
189.97,890.94
193,91.736
209.68,1032.8
210.44,1093
218.05,1212.1
228.9,840.62
246.6,759.64
268.63,314.11
266.58,165.11
267.87,700.89
283,1229.5
300.75,654.97
302.68,554.78
336.58,682.86
338.4,420.4
341.87,930.61
341.41,853.86
351.5,83.5
351.61,657.86
357.83,275.56
382.88,705.88
418.38,371.55
415.5,432
430.39,852.86
436.03,6.4865
457.07,909.95
458.93,891.05
468.34,211.96
473.74,841
512.17,463.89
518.03,159.69
545.72,308.49
549.42,1061.4
569.19,553.86
568,643
567.87,832.5
574.57,158.57
575.58,1092.5
590.45,823.29
597.37,118.51
625.14,1065.4
646.07,665.86
652.55,914.64
657.32,450.05
658.47,645.34
667.42,471.44
670.29,539.29
670.5,353.5
681.64,573.79
685.43,838.04
685.69,1096.9
697.5,969.5
703.22,907.12
703.08,545.2
718.44,995.45
734.5,368.71
733.17,412.96
740.96,288.99
743.5,763
744.4,1089.8
743.5,1156.5
747.69,515.17
756.9,837.39
757,691.5
759.46,51.216
771.89,116.5
782.31,1001.8
790.87,402.26
787.85,602.65
794.66,541.08
801.34,436.05
812.91,393.26
809.93,425.41
814.87,514.48
815.5,434.5
818.29,368.29
824.72,419.48
819.5,495.5
824.8,982.93
832.92,749.14
835.09,429.31
839.12,395.46
840.89,502.86
845.76,140.25
851.57,48.946
863.5,510.78
871.3,453.35
874.43,257.21
875.12,358.5
876.44,382.8
884.32,707.27
882,1086.2
888.41,355.94
894.72,1134.8
900.18,936.66
908.48,162.19
913.45,545.06
920.67,991.9
925.65,647.74
931.14,930.95
934.09,434.91
935.47,92.419
947.83,1076
967,328.68
970.21,374.05
969,479.88
981.37,940.63
1004.5,993
1018.1,703.09
1041.9,100.38
1051.5,604
1059.3,803.96
1066,767.5
1068.9,991.47
1072.4,567.63
1109.5,842.58
1108.9,964.14
1109.9,736.41
1113.4,11.389
1128.5,970
1144.3,215.95
1146.2,819.98
1152.9,1144.4
1164.8,752.38
1164,1006.6
1178,1086
1182,448.83
1182.5,1002
1206.6,1116.9
1207.6,64.606
1214.8,354.5
1222,670.38
1223.5,31.5
1226.4,778.36
1224.2,1049
1231.5,576
1236.8,1043.5
1237,1030.5
1242.4,828.93
