11.123,208.28
2.9184,237.69
39.682,265.81
1.7027,351.89
4.7818,418.89
6.4732,469.08
4.8362,632.03
3.3291,779.09
8.0871,1028
2.9487,1056.8
44.238,1126.8
6.133,1148.8
6.4049,1200.7
38.495,1262.2
4.3333,1330
10.752,1178.6
111.86,347.76
33.981,74.248
17.316,270.25
15.31,379.86
18.379,485.61
68.379,709.37
32.864,177.53
21.306,753.59
28.694,629.78
22.346,765.4
23.585,776.68
24.627,506.75
27.653,523.47
31.407,1317.7
31.309,541.71
34.664,416.66
39.086,14.341
33.929,561.69
37.048,134.9
40.447,803.91
58.047,1022.1
49.052,1300.2
55.543,208.12
52.017,459.47
62.159,1052.2
54.781,489.79
73.941,141.26
59.5,373.5
61.702,799.08
63.146,380.75
66.097,23.742
68.797,191.05
66.5,79
100.04,978.6
69.721,535.38
79.313,1198.1
69.667,1221
71.781,1229.5
72.9,1100.8
80.069,406.01
74.9,385.95
76.641,552.67
82.518,8.3066
75.412,357.94
75.826,396
77,1087.5
181.59,1237.6
93.291,183.51
88.974,216.51
87.735,1067.5
98.81,361.32
124.27,1058.5
94.145,411.6
98.868,1148.1
98.656,1113.7
100.13,1193.6
105.26,1225
133.53,1202.3
114.7,1160.9
116.73,25.636
143.49,734.47
120.16,3.7206
118.35,958.88
120.48,1070
121.5,603
146.71,346.46
129.36,1114.8
137.62,454.33
131.39,1190.9
151.28,2.4479
162.5,438.58
144.63,544.48
150.28,1017.9
155.52,390.88
162.66,324.64
163.07,601.54
163.86,617.22
187.37,507.37
168.5,7
172.28,721.74
170.41,1212.9
176.51,665.72
181.29,1171.5
182.46,1318.7
188.52,1081.9
186.26,411.4
186.5,1024
208.72,395.48
210.96,989.6
211.9,545.6
200.48,354.4
199.23,422.23
213.33,177.29
202.67,1019.8
219.22,219.11
211.03,580.97
220.22,962.74
222.55,194.29
232.17,568.37
230.43,1281.8
226,457
227.45,384.09
227.5,1197.5
236.47,1310.5
237.15,1008
253.56,473.95
237.5,520.5
265.47,291.31
242,1326.5
245.1,1196
250.58,354.39
248.46,211.15
306.91,998.64
263.67,996.43
263,933
267.41,1045.2
290.69,606.03
268.23,943.15
276.1,1178.5
284.45,176.97
302.35,752.82
274.53,934.32
280.03,986.49
278.5,1215
279.15,1241.1
293.44,467.88
349.98,1142.7
284.45,740.29
293.48,657.49
286,515
289.73,1168.2
291.91,1298.8
295,617.5
298.2,1189.6
300.6,363.6
303.59,344.41
312.93,1181.7
315.78,323.02
313.63,309.46
317.71,584.79
358.09,690.9
321.04,357.01
322.16,15.68
332.47,1018.3
335,20
346.3,212.13
350.44,13.483
439.85,1107.2
349.67,1064
345.14,524.5
349.84,750.77
354.37,235.98
357.47,104.89
368.14,323.91
370.22,237.05
365.86,1012.3
366.14,1284.5
395.71,29.098
382.71,144.39
389.9,1235.3
397.39,555.69
382.07,350.46
390.04,726.12
385.94,1215.4
390.6,1256.6
394,1216.5
401.01,311.75
398.43,366.25
407.63,273.68
442.21,171.9
491.17,202.11
413.57,702.99
406,1267
435.53,113.15
434.41,670.82
413.56,441.04
450.45,744.08
424.57,1005.3
428.89,635.74
425.38,1287.4
461.72,585.13
436.42,258.46
434.03,1217.1
463.82,512.8
451.42,1235.9
436.35,398.77
436.6,319.4
437.53,1060.3
444.9,421.1
443.33,2.6667
539.42,289.41
446.92,1178.1
454.11,409.4
449.16,614.72
450.16,763.16
455,319
479.88,455.2
470.98,250.68
463.5,716.5
468.87,386.82
475.98,411.45
468.55,638.18
481.67,68.152
483.88,116.09
482.86,388
484,268
505.1,672.79
491.11,131.51
487,123
491,268.89
514.09,559.42
494.96,262.82
495.5,238.5
510.04,139.82
501.09,384.94
500.5,416
508.09,433.96
505.22,1163.3
540.81,512.37
504.4,567.6
516.76,743.65
514.71,222.19
512.14,476
515,398.57
519.21,237.96
535.61,809.98
527.78,404.01
525.94,141.41
526.13,386.17
529.88,600.81
572.56,428.01
539.02,100.88
539.95,750.64
579.61,882.38
572.63,761.3
547.41,866.37
566.27,386.25
546.58,716.89
550.7,100.32
559.74,469.05
555.68,620.63
554.73,545.45
559.38,571.62
561.53,682.85
560.39,655.43
576.58,84.708
563.98,712.75
571.39,402.26
570.14,614.88
572.14,645
572,651.5
577.4,700.4
609.04,485.27
589.1,1321.6
585.3,455.89
606.36,626.9
590.62,740.25
583.59,546.04
589.19,672.79
582,825
593.14,386.78
738.85,821.45
593.5,248
595,550
598.53,560.44
621.49,713.18
611.67,651.28
613.53,822.41
607.42,331.35
611.98,306.41
609.5,789
657.36,658.45
629.6,142.17
624.08,600.12
721.86,242.48
628.83,96.978
620.58,522.89
629.87,315.19
628.87,395.13
664.19,402.08
634,302
946.51,551.77
637.83,707
643.89,35.402
706.06,1210.8
665.5,386.3
655.56,991.33
664.85,15.506
668.79,287.87
654.67,366.96
655.69,221.81
657.75,234.01
664,1098.1
666.4,335.37
667.49,41.279
670.31,1113.2
705.36,179.94
673.05,420.74
688.45,218.92
685.56,818.94
733.18,430.6
695.57,36.726
691.11,314.8
688.9,396.76
738.96,350.45
712.54,393.66
697.45,922.41
702.74,931.87
707.61,625.62
756.75,97.319
707.75,945.49
730.15,38.219
712.04,373.5
723.34,664.1
710.55,692.89
716.35,1083.7
712.35,551.32
745.18,1017.4
714.94,277.41
720.09,927.07
718,597.86
727.88,606.43
723.5,628.5
727.38,136.8
744.04,376.44
803.06,628.51
734.37,1296.9
733.6,1250.8
731.4,705.65
737.78,169.46
750.53,53.15
750.65,1102.2
740.5,1268
742,325
745.05,991.9
754.83,308.53
746.88,534.5
753.44,7.2712
773.43,161.62
763.23,681.21
758.5,269
758.67,1134.8
760,924.67
772.11,953.45
772.93,467.49
765.09,982.54
766.95,151.28
771.76,313.89
799.28,268.88
774.83,1258.4
774.86,1318.4
801.57,431.9
774.78,1087.6
776.56,890.11
785.01,1109.6
784.65,982.91
786.07,1152.3
783,37
802.6,33.534
793.32,371.69
787.98,1125.6
788.5,127
797.08,55.436
810.76,113.04
797,464
807.94,1250.2
825.88,365.31
868,1123
802.4,292.8
799.75,1000.2
815.03,1324.4
803,1184
804.11,195.42
812.76,173.22
809,1191
812.35,908
810.99,1101.2
854.61,75.358
819.5,587.17
820.5,1149.8
833.62,281.97
827.39,1226.8
824.77,1251.4
856.71,239.01
830.46,647.59
846.74,172.85
828.91,1276.1
839.42,133.05
831.67,1264.3
832.26,401.99
846.72,1306.8
836.93,63.058
833.5,867.5
878.96,308.62
837.42,590.71
844.31,2.7308
841.3,681.17
841.3,667.7
874.84,740.28
846.55,349.97
853.3,572.99
850.98,604.84
862.22,817.25
862.48,883.16
970.65,970.86
862.85,194.42
859.59,272.79
877.76,339.51
884.41,1283.8
909.63,1086.1
875,187
878.09,709.22
895.66,890.23
902.44,1026.7
894.33,846.64
961.85,346.32
990.39,826.24
893.68,110.23
937.11,175.06
899.73,520.68
912.51,453.96
897.18,70.211
897.62,612.22
899.58,338.15
904.77,347.23
914.41,626.46
910.92,353.48
916.42,8.4455
912.86,642.86
920.55,31.187
917.11,968.42
929.25,403.71
929.88,303.25
945.93,1132.2
937.22,1110.5
932,45.083
966.16,91.022
945.15,1053.3
942.01,1181.7
939.59,59.941
954.65,438.78
942.53,1309.2
954.01,16.048
980.75,395.08
949.02,916.11
948,581.5
948.5,1156.5
958.67,1204
961.7,293.29
950.42,1150.9
1021.1,1214.7
970.34,243.41
964.37,1326.5
957.94,314.41
964.5,282
971.5,1084.4
971.5,323.5
981.94,1102
982.19,1031.9
990.37,266.9
1156.6,1295.5
1031.3,1144.3
992.09,120.11
1003.9,1254.9
988.34,884.19
1025.6,778.36
1007.8,343.55
998.93,611.56
1000,281
1060.8,227.09
1023.5,13.542
1002.3,1094.4
1002.6,502.11
1010.2,921.24
1023.9,967.12
1014.9,39.573
1022,113.03
1014.3,788.56
1058.3,41.405
1088.6,148.52
1061.2,378.71
1025.8,264.74
1030.7,1117.8
1045,559.62
1051.5,1163.9
1050.2,985.96
1059,764.6
1061.2,895.71
1067,181.72
1063.1,932.79
1086.6,548.35
1066.5,618.5
1075.1,977.13
1075.7,1214.8
1085.8,798.97
1082,340
1085.7,62.426
1084,776
1085.3,943
1095.9,1223.9
1112.7,185.21
1089.5,776
1178.8,872.52
1096,308.05
1095.4,1078
1097.9,603.05
1163.3,739.07
1145.8,57.028
1210.3,1103.7
1104.5,871
1107,610.33
1109.7,61.694
1114.8,557.63
1111.6,36.125
1116,480.29
1112,608
1134.4,401.31
1122.3,619.94
1117.2,27.654
1149,789.22
1143.1,320.13
1127,277.08
1138.4,42.241
1146.4,1014.3
1140.3,2.6604
1139.5,644.44
1171,204.69
1144.6,821.49
1141.6,994.4
1177.7,1211.6
1145.1,435.15
1146.9,1045.5
1156.1,761.06
1161.1,959.14
1167.1,814.45
1171.2,390.39
1174.2,454.17
1170,896.71
1191.2,968.56
1177.8,6.8627
1206.2,643.53
1221.2,85.324
1181.6,313.86
1183.2,370.47
1185.7,541.44
1189,492.75
1201.1,990.73
1186.5,357
1210.1,12.821
1201.3,244.06
1195,1063.5
1199.1,893.94
1212.4,296.65
1200.2,692.3
1242.2,454.54
1202.5,1155.5
1220.9,912.48
1211,760.5
1212.1,866
1214.6,678.36
1228.7,341.09
1218.8,314.8
1231.8,742.93
1244.4,242.89
1229.5,805
1238.6,1250.6
1226.5,884.31
1265.1,148.08
1270.4,290.14
1243,786.74
1247.4,196.47
1242,872
1242,967
1244.1,338.41
1260,949.55
1260.6,605.11
1252.6,626.41
1258.7,883.68
1275.4,493.99
1262.6,1162.3
1293,736.3
1261.3,1330.3
1265.5,970.44
1264.8,262.35
1299.5,663.45
1272.6,1300.4
1266.8,21.068
1271.6,634.97
1274.6,464.35
1273,863.16
1284.2,5.1216
1277.6,885.62
1280.7,1153.6
1278,820
1282.6,939.6
1290.1,1119.7
1281.6,1254.7
1310,830.68
1290.8,875.21
1287,234.5
1292.3,332.23
1293.2,958.83
1307.1,522.38
1288.9,562.42
1289,230
1291.5,1151
1295,1297
1304.7,154.97
1301.5,379.39
1314.4,216.38
1316.7,477.04
1315.4,1148
1315.1,259.74
1318.6,1066.6
1306.6,1321.4
1320.2,421.1
1310.4,1091.1
1310.5,239.06
1303.5,1225.8
1310,870.81
1323.6,343.32
1322.2,553.28
1321.1,1116.2
1316.1,1324.5
1316.6,459.6
1321.6,446.53
1321.5,1044.8
1326.5,592.05
1322.1,319
1326.9,1277.8
1327.5,988.78
1327.1,158.76
1328.8,47.383
1329.1,100.47
1328.5,122.72
1328.8,683.68
1329.4,1169.4
1328,111
1329.6,1102.2
1330.5,845.92
1331.2,74
