9.6471,221.03
4.3014,349.51
289.56,584.16
2.25,919.7
13.059,562.59
34.722,418.96
16.132,528.26
32.431,345.99
18.286,324.5
20.214,541.79
25.132,610.95
50.677,225.96
67.571,1023.4
81.287,1264.2
99.161,770.16
94,818.5
113.46,108.8
119,296.86
122.08,770.08
130.5,587.44
140.73,797.89
153.4,393.55
142.9,1239.1
145.67,285.47
151.83,319.79
178.59,814.29
171.88,3.2973
165.05,590.95
173.06,329.86
184.05,371.85
190.43,265.09
190.57,405.06
198.98,45.362
197.39,106.25
209.71,848.93
209.2,65.826
236.54,513.05
223.57,330.55
217.75,90.765
224.49,393.29
227.5,1301.7
227.56,64.116
242.83,807.75
232.37,82.581
235.78,234.62
240.54,675.3
268.11,837.23
240.05,316.1
256.71,1289.7
265.62,83.635
266.42,428.11
278.86,372.83
285.9,884.01
282.42,86.533
292.52,264.48
300.42,86.203
303.51,907.07
314.52,1127.4
333.46,759.51
314.55,272.1
321.82,895.41
333.07,935.59
364.14,1136.4
341.79,892.61
371.32,887.66
359.42,1178.5
364.74,757.85
376.15,843.79
386.03,773.92
382.42,795.94
382,475.59
426.4,681.63
406.48,362.31
411.26,603.92
411.32,754.97
413.68,525.64
450.35,1118.1
415.1,1325.5
420.35,264.81
422,744
448,376.13
447.61,296.08
427,1328
442.36,718.67
442.36,976.45
445.5,1077.2
448,137.14
452.88,1316.1
462.73,988.76
460.91,709.64
463.07,410
481.5,141.28
477.05,784.99
480.81,406.07
480.9,614.73
494.09,974.29
507.63,1084
500.28,880.13
502.64,714.2
506,757
516.76,892.04
517.31,424.72
543.04,52.362
537.91,432.36
546.01,737.65
538,303
541.5,891.5
551.54,287.72
560.82,583.4
563.18,1291
551.5,272
564.03,419.15
556.64,643.97
574.63,670.52
558.77,899.43
592.06,905.54
580.22,62.677
579.43,750.66
581.44,885.54
580.22,863.56
598.33,389.58
596.79,121.11
601.4,254.71
615.34,279.52
602.6,430.6
608.68,647.3
613.69,504.62
618.82,1188
625.78,855.09
635.13,492.31
638.37,989.94
647.24,789.17
632.63,636.17
630.5,893
647.31,178.1
650.93,553.71
637.5,1179
645.79,109.41
646.96,69.909
652.87,346.89
652.06,899.33
653.39,1176.9
660.83,46.377
663.5,1179.9
686.07,901.25
680.06,741.16
673.16,986.18
681.8,1044.6
690.85,503.33
690.54,713.36
685,1181
706.04,222.41
691.06,451.3
697.03,989.13
696.62,428.29
695.44,746.67
698.16,36.103
713.24,15.813
730.17,334.27
710.07,1035.2
724.79,1197.8
726.61,136.58
715.46,541.46
728.05,1169.1
729.2,487.65
730.8,1126
744.27,35.199
737.04,241.1
746.75,9.125
747.36,167.79
756.75,469.44
758,179
767.62,391.43
762,981
768.39,1319.8
771.12,190.38
773.67,986.66
782,1104.5
786.46,1111.6
785.42,274.11
795.53,828.55
798.08,872.7
804.23,790.68
805.22,339.27
816.97,911.27
817.14,323.14
820.19,1004.7
825.05,260.05
827.51,329.11
845.75,821.9
831,800.5
841.75,938.71
836.16,511.26
837.48,494.03
839.48,455.12
840,256.5
847.37,669.15
846.17,308.72
882.03,940.09
871.5,762.54
863.2,1031.2
864.27,709.68
866.65,184.38
869.3,594.95
878.94,723.55
870,789
881.65,198.84
898.02,577.38
891,748.65
899.84,846.13
924.25,181.59
900.01,1038.5
917.73,877.32
931.07,417.6
929.34,586.19
927.73,881.35
932.11,671.58
935.5,647.39
937.7,534.06
956.45,873.27
952.23,661.67
948.51,592.7
950.15,39.258
955.39,613.38
976.85,402.29
963.75,213.64
969.5,33.5
973.19,77.568
979.53,25.404
993.18,824.99
989.64,243.38
996.73,21.902
1020.9,559.4
999.21,206.7
1003.6,607.09
1154.1,158.32
1018.5,790.52
1096.3,876.24
1029.2,186.54
1037.4,650.51
1032.6,849.48
1034.1,728.11
1038,975
1038.8,482.45
1040.1,347
1050.6,1285.7
1092.3,784.33
1067.6,25.418
1052.1,415.62
1056.4,568.59
1066.6,582.24
1062.4,862.4
1076.5,271.18
1081.5,444.27
1094.3,578.41
1102.6,689.5
1096,1305.3
1107.4,391.45
1096,861
1094.9,597.09
1106.8,550.4
1103.9,499.35
1115,514.49
1111.2,930.68
1118.4,426.6
1113.1,451.56
1119.7,466.74
1127.5,617.87
1126.9,920.45
1127.6,501
1129.9,398.83
1136.8,938.04
1131.8,483.5
1141.5,747.92
1137.4,799
1150.2,395.42
1147.5,430.55
1144.5,445
1150.7,607.42
1153.5,578
1163.3,940.19
1162,1.5
1161.8,627.44
1187.7,3.9212
1193.4,1036.9
1181.1,666.7
1181.1,420.86
1194.2,239.97
1220.7,890.4
1222.6,1297.3
1219.1,1216.2
1214,747.9
1224.7,866.47
1236,769.86
1232.6,40.321
1239.6,233.83
1239.6,428.57
1247.3,215.21
1249.7,551.81
1255.8,1179.7
1263.5,1304.5
1262.8,1050.4
1269,1284.1
1269.6,962.66
1281.4,988.31
1272.3,1171.3
1278.6,1318
1287.4,1167.6
1295.8,1254.2
1296.5,1331.2
1316.5,100.57
1316.5,914.16
1324.7,765.24
