2.1,1161.7
8,501
10.006,1071.8
7.8,547.56
9.5641,682.92
15.809,539.98
22.485,295.16
20,228.5
35.092,497.85
35.5,881
52.692,506.5
56.857,345.5
58.292,565.44
65.721,785.84
70.34,922.25
74.614,500.99
75,162.5
86.667,949
97.804,541.58
102,206
109.93,444.39
113.19,195.6
131.03,861.35
135.54,975.42
140.11,1166.4
146.08,848.75
146.07,975.59
148.86,459.86
149,705
156.36,495.72
160.5,44.114
170.06,525.35
170.5,342
176.71,541.12
182,291.67
193.06,594.16
195.6,1147
194.42,35.895
200.49,178.51
197.03,451.09
203.08,290.08
208.84,588.95
220.56,896.84
234.66,380.12
217,518
224.38,579.64
226.05,118.18
224.11,925.58
228.89,27.252
235.24,895.28
236.5,514
240.5,350.58
242.32,1029.8
245.36,334.79
250.71,407.32
266.28,853.65
263.39,869.14
268.49,348.27
265.5,919.38
273.81,576.14
274.17,878
281,750.5
284.75,292.69
283.19,40.123
290.38,835.38
294.4,582.04
298.25,568
299.61,1001.7
305.03,733.78
308.95,537.48
309.92,286.56
314.89,945.62
313.93,63.863
313.07,903.97
320.12,627.9
321.59,678.34
320.63,1009.3
322.71,147.45
323.66,1204.4
332.74,1046.7
333.42,1108.2
334.24,538.46
342,906
349.57,362.89
354.19,918.94
355,2.6296
357.52,748.64
359.91,1193.9
364.47,374.93
364.69,540.55
394.39,286.03
378.12,507.28
375.29,1104.2
382.22,921.54
386.47,400.44
386.29,369.14
389.97,39.866
395.07,927.59
409,750.5
421.65,46.89
420.21,820.5
425.25,783.83
439.26,508.42
439.43,228.13
436.5,56.5
437.74,776
439.07,1223.4
446.63,591.63
448.11,494.58
454.31,218.63
451.58,1066.1
456,1036.5
458.25,841.6
459.04,810.29
462.12,1120.4
470.25,33.185
470.53,880.73
471.5,52.5
473.4,1155.6
481.52,36.5
481.04,812.43
481,70.5
485.31,697.91
498.94,787.57
500.43,474.05
514.07,1189.1
510.12,273
516.82,485
517,699.4
518.42,649.11
526.53,711.93
526.68,528.03
526.83,31.78
541.09,506.91
544.5,758
550.44,1145.3
553.23,699.16
557.04,742.93
565.89,572.21
568.94,993.62
569.66,831.47
574.09,511.07
579.45,110.21
586.96,623.67
588.84,450.32
600.45,768.73
604,877.5
609.02,301.61
629.06,485.81
611.58,643.33
610.95,532.47
621.5,857
622.02,1119.1
625.16,1245.4
635.09,447.47
631.35,1042.5
639.84,622.92
634.43,661.06
636.94,772.09
639.32,891.86
646.09,833.91
653.05,317.11
656.31,842.23
657.08,59.083
660.82,162.43
665.26,1130.4
667.74,937.48
664.97,721.03
671.41,17.789
666.44,153.11
673.1,920.88
680.78,785.34
680.88,170.46
680.34,624.85
680,130
683.95,675.28
684.11,939.44
685.12,1059.5
690,1066
690.87,177.97
693.5,142
699.72,28.128
699.93,1127.7
701.28,1089.8
702.91,858.52
707.8,818
705.42,536.11
710.59,518.55
713.82,107.76
712.24,1006.3
718.24,480.75
716.5,825
722.26,545.55
730.58,705.71
728.2,941.84
732.62,204.62
735.14,454.61
737,1245.5
738.84,798.42
741.74,1162.6
741.93,329.41
742.2,824.91
743.84,78.347
752.77,1019
764.56,634.07
769.96,342.9
771.23,586.18
769.5,1225
775.37,994.67
776.08,907.08
780.24,437
790.94,849.53
793.15,983.93
790.64,418.14
794.91,1049.1
796.58,690.11
798.85,902.12
798,999.5
807.4,855.34
809.23,904.63
808.65,642.88
818.19,16.963
814.42,843.11
822.47,988.68
828.47,894.41
825.5,837.5
829.84,174
840.61,925.71
841.62,1157.4
843.1,711.55
846.07,661.69
845.5,182
846,785
848.13,936.87
848,1139.1
850.66,883.71
850.5,685.13
858.34,810.5
867.05,64.972
878.06,898.04
870.1,550.52
870.68,103.78
870.44,1127.1
874.62,848.13
874,997.5
879.93,883.5
884.33,259.82
882.63,1090.5
883.77,794.77
888.77,25.783
895.24,748.37
894.09,1017.9
905.46,621.78
905.88,961.65
916.87,344.17
915.43,838.39
916,903.17
919.08,953
924.09,543.76
923.59,886.44
921.75,991.05
922.96,1229.4
928.81,951.11
931.52,293.9
934.71,907.79
933.57,359.31
934.24,976
941.5,333.14
937,697
941,687.79
947.26,865.42
945.12,514
949,898.35
960.06,885.66
969.03,974.58
970.91,990.95
973.19,362.6
975.78,715.87
989.42,340.11
994.23,1068.1
997.48,490.64
998.42,722.11
1004.9,437.42
1006.9,526.06
1013.3,540.51
1014.5,208.5
1025.4,403.07
1040.5,1225.8
1043.5,541.24
1047,711.66
1057.7,620.21
1057.5,1034.8
1056.1,999.57
1062.4,515.67
1058.9,960.41
1071.5,662.24
1068.4,1243.1
1076.4,873.89
1073.9,511.64
1077.5,708.85
1076.9,1106.1
1089.1,397.09
1091.6,456
1105.7,426.09
1095.8,531.39
1101.5,558.87
1102.8,635.84
1107.9,73
1113.8,937
1120,1045.5
1128,1069.7
1131.5,971.76
1129.1,409.13
1131,616.88
1153.1,19.857
1154,673.48
1160.1,599.03
1165.6,893.42
1174,762.16
1177.9,666.8
1180.3,419.42
1184.5,1155
1186.4,723.5
1200.1,1238.6
1199,852.5
1202.6,592.05
1206.4,864.59
1206.7,684.03
1212.5,895.59
1212.2,414.95
1215.7,1053.9
1219.5,593.7
1228.3,608.79
1239.9,1063.1
1244.1,5.6471
1245,1015.9
