2.6667,2.7619
5.5361,35
8.3333,154.48
4.073,245.74
2,533
7.2151,628.34
9.0929,871.05
3.5,893.5
7.8136,664.42
20.678,530.05
9.3333,676
17.206,481.17
11.08,504.32
21.291,3.9884
23.091,242.18
22.25,629.83
25.574,565.53
35.612,946.88
26.686,596.29
34.294,617.1
25.6,886.6
26.532,348.15
32.045,3.5
34,179.14
34.041,813.85
65.534,909.39
49.052,736.05
39,163.5
45.135,224.08
46.559,689.82
47.432,63
47.81,853.12
48.409,645.14
49,190
50,195
62.89,645.96
57.462,34.846
57.346,857.73
61.053,792.8
69.221,812.55
59,964
72.536,723.89
66.105,257.58
67,657.5
69,312
72.227,299.91
78.421,207.89
78,805.5
79.853,855.59
80.6,16.4
82.697,705.7
83.895,232.42
86.571,724.57
106.47,122.35
92.827,298.27
102.71,259.7
100.8,620.2
104.91,1049.4
97.5,5
110.56,287.68
105.15,1007
103.74,224.28
102,776
105,52
107.5,908.5
112.97,635
110.25,939.51
115,360.5
132.23,236.37
139.52,796.09
140.84,658.26
142.33,234
159.96,230.41
150.53,14.667
151.06,637.64
151.35,676.35
158.16,113.63
154.64,1007.9
159.09,255.04
162.41,273.06
174.72,120.61
169.4,642.4
171.46,855.2
177.47,246.95
185.25,893.59
194.77,813.64
181.06,956.32
180.88,995.02
179.5,106.5
180.54,1033.4
181.54,263.29
188.83,256.07
200.46,190.38
203.33,860.78
202,1007
211.74,30.015
208.03,217.93
208,73.5
211.31,84.612
210.67,68.222
214.62,931.21
225.67,911
222.14,1087.7
221.42,343.59
222.15,1246.3
226.77,872.83
222.91,1202.9
229,334.5
229.56,994.08
235.67,64.897
237.09,1113.6
246.36,187.86
250.23,724.52
250.61,296.96
252.73,112.65
252.6,120.6
255.67,82.167
259.09,118.52
263.88,47.848
265.66,876.41
271.16,1028.7
269.42,233.11
278.22,143.18
279.49,713.14
276,864.5
283.6,89.4
283.42,950.89
283.4,996.4
286.48,629.88
288.42,978.89
288.59,1003.1
298.71,186.02
298.27,781.67
301.46,940.15
313.23,87.818
297,849
306.56,140.47
316.6,1050.1
316.08,912.35
311.84,931.23
319.63,826
321.45,160.45
323.4,117.08
322.5,135
326.05,34.88
342.33,779.63
326,1044
340.37,1207
338.96,127.12
331.29,633.36
333.19,10.259
335.33,893.58
339.26,1112.7
337.36,18.5
339.21,198.82
341.6,870.99
349.05,243.15
342.63,961.53
342,367.5
351.47,101.8
346.87,1046.5
354.3,1134.5
349.83,572.91
352.33,1054.8
360.89,1074.4
356.54,1243.8
364.57,196.42
361.21,125.29
365.4,709.79
365.43,1011.5
385.45,42.201
370,245
372.18,989.67
374.91,131.94
377.54,322.71
377.5,241
378.97,1015.5
390.82,475.95
383.8,134.44
385,217
386.88,953.38
387.92,1190.8
389.88,1204.4
389,216
394.47,170.26
393.2,1064
405.29,228.73
391.72,985.26
395,666.67
399.48,119.63
398.58,232.89
399.5,330.5
401.61,604.39
407.88,1067
402.35,186.4
417.24,28.233
406.17,503.83
412.56,985.81
406.81,177.59
410.12,688.74
408.75,133.75
416.99,1183.3
412.36,2.3333
410,1096.1
411,931
410,1102
413.36,451.66
432.26,769.93
415.71,89.661
416.39,145.91
415.65,1049.1
420.05,189
419.04,205.11
422.53,243.34
419,334
422.76,329.12
428.61,97.219
423.5,1051.5
431.41,955.41
430.44,328.97
435.67,478.13
431.6,605.4
435.19,211.26
438.81,86.012
439,594.17
441.74,208.91
443,1018.5
444.83,126.31
448.58,141.85
454.06,1061.9
447.4,1192.6
450.15,233.23
450.38,664.85
451.07,1212.3
449.33,1020
457.13,321.43
450.5,641.5
454,1023
457.93,1034.9
465.93,1145.9
469.56,1074.6
464,1034
470.13,1114.1
475.65,46.968
471.07,580.03
470.89,1234.4
474.49,230.58
472.4,788.38
473.57,928.61
476.6,275.6
478.5,971.51
480.96,251.55
477,271
478.04,342.42
478,348
485.94,1091.9
482.35,922.42
487.15,176.95
484.64,347.5
491.31,867.83
496.49,202.76
489.42,432.88
503.05,63.586
491.5,1227.5
498,397
498.11,270.75
499.64,608.87
498.8,1126.4
506.66,117.33
504.49,175.74
514.76,549.88
509,163
511.5,128.5
516.3,1236.7
522.42,181.94
527.32,1011.6
521.67,106.75
526.88,635.17
525.1,204
532.79,259.19
536.5,89.535
530.48,1050.9
530.53,1233.7
532.24,743.89
531.57,863.61
535.34,65.068
534.5,1026
537.59,626.49
537.5,274
540.86,187.43
542.51,308.97
539.71,359
544.64,621.12
544.97,826.12
541.43,871.96
542.61,1032.4
567.3,275.1
551.26,606.4
547,369
547,861.5
551,816
552.5,213.5
557.87,579.13
557.81,764.69
559.5,336.36
559.86,586.14
568.74,1127.9
570.53,363.95
567.39,1088.2
568,861
576.84,13.555
571.53,112.06
573.5,854.5
575.92,203.56
577.56,222.44
578.67,117.18
578,774.5
581.58,160.12
581,195
580.57,992.43
585.67,2.4167
587.84,541.75
584.29,980.29
586.06,1005.4
592.29,129.47
592.47,1134.1
597.43,169.32
596.18,292.98
596.45,1013.5
598.43,619.71
600.57,427.53
601.8,960.52
599.33,899
605.33,946.34
603.54,1027.4
602,149
603,350
607.81,229.35
604,542
611.66,511.64
619.43,92.467
617.32,446.42
617.11,34.322
612.69,393.62
616.86,59.457
616.17,330.85
619.92,1006.7
615.94,1094.1
617.19,766.57
618.6,159.4
626.74,755.38
623.85,966.03
620.5,1101
627.72,667.73
622.9,7
622.5,147.5
626.93,807.09
627.35,282.96
626.58,358.22
629.85,909.2
627.27,621.35
628.89,119.58
634.58,948.95
633.11,960.58
636.21,1016.2
635.09,141.09
640.36,178.02
640.6,1237.2
641.39,234.48
644.34,1198.1
638.97,97.438
644.92,382.98
640.62,1185.2
647.23,196.35
649.61,761.69
643.33,410
646.62,958.67
647.85,998.57
646,89.161
646,332
650.21,110.04
653.34,800.81
649.8,46.8
649,82
652.3,775.78
650.92,1039.1
650.36,266.68
652,6.3529
655.5,434.2
652.75,416.75
661.31,509.41
657.13,236.68
668.66,304.82
662.7,1205
659.5,108.5
660.38,377.12
659.5,1212
664.63,285.05
664.98,761.08
665.74,1233.2
668.73,368.65
670.06,883.24
671.55,274.15
672.78,330.51
673,91
674.09,136.95
674.62,762.09
675,824.5
684.28,156.79
680.04,620.82
680.98,114.47
686.71,79.527
678,243
688.78,576.22
683.6,249.28
685.06,326.78
682.95,1201.1
694.42,906.12
690.94,964.31
690,394
693.91,605.74
691,1164.3
692.72,210
696.8,373.03
692,409
693.51,1065.7
695.23,393.77
699.36,406.47
699.11,789.56
699.12,64.92
713.19,806.25
706.21,340.43
708.75,722.48
705,58.333
705.64,172.32
705.77,752.77
709.04,1228
708,38.5
712.28,521.91
708,1194
709.44,967.92
715.11,118.64
715.11,196.63
711.5,1199
724.76,615.32
716.68,921.91
719.85,1193
717.17,702.83
723.47,83.28
720.05,178.98
721.38,153.67
726.66,496.62
720,738
723.5,1052
725.93,229.6
723.5,724
727.27,321.76
727.62,359.83
725,719
729.22,768.34
727,1161.5
729.5,295.5
731.6,527.79
729.6,776.4
730,520.5
739.73,962.67
733.8,8.7
740.81,163
732,300
734.99,835.55
736.87,1171.3
736.5,300.5
737.14,714.86
739.4,361.6
740.76,671.34
743.61,104.01
741.5,1211.5
751.5,890.35
744.58,570.11
749.24,605.18
744.64,742.5
745.24,840.16
744.86,1204.5
748.77,670.96
749.52,1099.1
750.3,592.02
753.1,1138.5
754.83,475.21
752.63,554.47
757.84,68.913
759.91,1184.7
758.13,955.12
755,964.5
759,1089
760.62,213.92
767.1,630.44
762,296
769.26,186.23
765.75,755
766.64,216.32
766.59,825.06
768.6,852.73
766.4,970.4
781.59,909.34
772.19,692.74
777.8,438.05
779,133.27
777.17,158.62
779.3,1191.1
779.19,994.78
782.09,222.64
781.25,1097.2
780.51,1225.9
780.42,643.89
784.89,545.42
787.93,778.36
783,232
785.25,192.25
789.44,367.68
788.5,687.5
789,205.5
790.08,654.92
790.81,663.69
789,694.5
789.58,1192.1
790,682
795,540.94
798.71,125.66
798.5,726.88
799.64,1003
803.96,1026.9
800.58,632.89
803,114.5
803.85,1145.5
813.12,190.94
807,489
808.47,757.58
808,897.5
808.77,1201.8
812.03,983.54
812.63,1153.9
815.3,761.76
820.23,1040.6
821.72,124.7
823.23,844.84
831.34,915.61
820.7,601.19
820.44,1078.5
823,998
828.31,234.59
832.4,386.79
830.36,354.58
832.18,278.48
830,751
832.91,429.11
835.5,194.5
838.97,538
840.52,699.8
850.35,238.73
844.85,323.24
839,606
843.09,622.95
843.81,612.4
845,212
851.82,1163.9
858.79,448.73
852.02,129.98
849,212
857.17,313.32
881.28,365.6
855,305.5
858.85,322.53
857.36,946.32
860.81,193.47
863.44,917.3
863.18,1199.3
861.5,1239.5
869.53,949.51
865.21,112.81
866.3,658.91
864,910
880.54,1245.2
867,905
871.06,1042.9
872.09,418.09
872,595
873.67,1054.6
879.52,756.74
889.58,834.58
875,318.33
884.86,225.75
883.27,181.54
889.18,309.43
882.72,598.96
887.12,191.75
890.36,1059
892.72,603.97
897.08,249.46
895.36,927.5
900.69,302.79
906.48,101.52
901.55,926.41
907.24,1217.3
905.5,578.36
909,1189.2
909,163.5
909.19,675.22
925.63,180.82
918.4,299.48
911.57,573.39
916.45,367.33
915.87,943.02
908.58,1131.8
914,205.5
925.27,228.99
918.48,450.11
915.6,198.5
917.3,618.84
916.23,1163.9
918.93,570.24
922.49,1095.6
918,206
946.59,847.5
926.74,599.65
922.67,1106
922,1124
924.43,280.89
925.7,638.64
930.58,1119.5
926.5,1162.5
925,572
927.26,1172.3
937.71,145.28
931,153.5
934,510.33
943.7,113.19
940.22,418.71
942.15,282.51
943.98,399.89
941.57,533.57
941.55,508.59
943.6,1026.6
943.5,228
943,366
948.06,991.38
945.94,169.41
949.61,370.56
953.67,280.73
952.9,1215.4
951,456
952.57,143.39
959.75,1195.4
958.57,171.94
960.36,450.91
959.5,374
962.45,105.94
961.48,269
961.84,665.43
965.59,620.06
967.98,216.55
971.54,446.62
976.93,143.87
986.2,179.91
974.69,214.96
976.59,243.94
977.87,1138.2
978,135
994.14,350.64
987,725.24
984.1,1147.1
985.12,943.35
985.73,387.46
987.72,396.89
988.45,882.11
987,144
989.4,692.4
995.24,443.06
993.33,148.12
995.02,783.91
995.73,1179.3
1000.6,429.5
999.23,498.21
999,668
1000.5,905.51
1004,689.79
1006.1,666.34
1017.4,291.41
1014.9,914.25
1011.8,372.47
1008.1,1103.1
1019,1229.8
1008,234
1021.4,1198.8
1011.5,804.23
1018.9,183.21
1016.2,234.91
1015.8,476.25
1017.9,555.3
1019.3,489.86
1019,975.98
1017.3,999
1024.6,1145.9
1025.5,575.35
1021.4,392.45
1021.4,957.34
1020.4,967.6
1024.1,160.15
1022.5,503
1022.5,947.19
1025.6,988.05
1027.5,552.77
1024.6,830.4
1028.2,449.49
1029,523.5
1028.8,594.67
1031.5,341.1
1029.6,457.94
1030.5,528
1040.2,162.48
1040.5,475.83
1034.8,586.21
1048.6,136.05
1040.6,449.31
1039.2,347.61
1041.6,550.52
1050.5,1010.6
1043.2,1211.4
1042.5,264.5
1043.1,565.74
1045.4,227.4
1046.5,578.85
1046.4,311.4
1048.1,346.36
1046,538
1049.5,757.09
1063.5,821.08
1050.1,385.83
1055.7,311.42
1053.3,487.86
1063.5,451.15
1055.5,346.5
1057.9,386.39
1060.8,285.74
1062.6,1136.9
1066.1,501.76
1063.7,595.36
1062.4,755.4
1063.5,1081.9
1064.9,276.62
1068.6,762.69
1066,855
1072.6,754.32
1078.9,680.62
1079.2,356.3
1079.3,441.56
1078.9,1093
1091.6,320.32
1088.9,1147.8
1094,238.48
1086.8,686.07
1087.4,823.53
1088.6,184.53
1106.1,416.57
1090,543.5
1092.5,430.55
1092.5,347.06
1094.4,777.11
1098.6,765.28
1104.7,349.18
1103.7,581.12
1104.5,609.16
1105,314
1113.6,497.36
1106,454
1109.3,1188.9
1108.1,449.42
1119.1,297.97
1108,458
1117.2,752.79
1109.7,198.87
1120.3,327.87
1113.7,1110.6
1116.2,981.56
1114,234
1118.3,198.29
1120.6,688.56
1123.2,958.35
1129,932.48
1133.6,886.99
1125.3,449.67
1124.7,229
1129.2,666.41
1125.5,522
1129.8,560.78
1128.5,1103
1129.2,501.4
1140.8,1246.1
1131.8,248.1
1134.9,694.15
1137.7,538.42
1140.9,591.94
1138.5,1130.5
1140.5,231
1141.8,449.67
1149.8,329.57
1144.3,618.14
1147.8,181.52
1146,404.5
1150,1130.2
1153.3,482.3
1152.5,911.21
1150.6,399.42
1155,443.83
1158.1,1159.2
1157.4,1143.4
1156,214
1173.9,398.08
1157.7,1011.1
1164.8,1091.9
1161.9,216.59
1165.1,176.57
1163.6,676.14
1173.3,865.28
1163,1120.1
1168.6,1243.7
1162,555
1164.2,1170.7
1164,1000.5
1166.4,291.29
1169.6,461.28
1166,553.5
1166,1143
1169,302
1169,1012
1178.7,655.27
1172.9,237.14
1180.4,1043.1
1197.9,431.93
1179.7,1170.7
1184.3,746.92
1182.9,1156.4
1194.1,286.37
1189.4,1004.1
1190.1,1168.3
1187,173.5
1204.8,183.88
1189.1,907.41
1193.2,334.25
1197,949.5
1202.2,752.79
1200.8,572.26
1193.9,933.41
1195.1,423.44
1200.9,1044.6
1199.5,492.62
1197,387.68
1197,683.6
1200.5,1206.5
1201.6,457.97
1206.4,382.79
1207.9,1106.3
1203.9,1244.6
1207.1,149.73
1207.9,550.16
1218.1,275.49
1210.6,225.12
1211.2,244.2
1210.6,767.11
1216.8,777.86
1220.9,454.07
1213,601.5
1214.8,206.75
1216,1042
1219.8,792.6
1220.4,335.55
1222.3,703.19
1232.4,627.58
1231.7,368.23
1225.9,479.26
1227.4,898.11
1230.6,1246
1230.6,869.22
1236.1,667.82
1243.7,838.83
1239.1,1014.8
1244.1,333.79
1243.3,883.74
1243.5,460
1245.7,1156.8
1246.7,296.79
1245.7,603.17
1246.6,949.06
