19.725,106.14
16.689,191.95
16.327,229.71
3.9714,318.44
16.26,388.01
1.5,446.5
20.756,469.67
3.5536,573.29
46.809,716.99
6.2557,808.14
8.7181,884.27
1.75,928.67
12.267,946.18
7.5236,1005.4
3.9683,1049.5
20.712,1074.9
43.042,1306.1
5.3548,1151.9
159.24,924.73
32.569,1168.5
18.438,856.64
20.106,60.337
28.257,536.82
22.071,1267
30.357,432.25
25.565,168.61
28.868,450.99
28.588,73.059
30,500
42.573,878.62
41.049,861.72
45.478,708.04
40.606,913.98
206.38,46.599
45.867,118.44
48.36,207.62
49.189,1197.8
46,230
47.982,895.75
51.333,947.59
114.44,343.7
53.63,542.51
67.978,312.86
56.721,483.14
59.659,1069.5
83.691,252.75
60.074,620.59
62.34,1011
64.021,904.09
66.821,495.48
99.622,194.24
73.304,569.61
80.688,1060.2
76.586,1016.1
80.074,464.13
87.632,901.43
82.096,987.27
83.906,1296.9
83.826,11.13
83.6,630.6
137.57,608.44
123.2,1279.5
108.22,1108.1
229.39,511.92
98.546,1284.2
105.89,154.97
94.259,2.8148
100.73,131.79
98.77,1311.3
108,1049.2
111.12,770.98
114.13,288.87
136.08,666.13
117.9,26.517
133.91,112.4
121.5,710.5
132.54,263.51
136.55,1324.5
125.5,1321.5
128.5,163.75
127.5,58.5
133.22,756.6
152.02,1038.7
178.21,714.74
137.27,547.82
134.86,691.5
168.7,391.13
137.5,283
141.28,231.82
149.74,305.24
146.04,982.1
160.08,1112.5
148,924
151.72,205.05
150.5,949
208.9,1327.8
158.98,959.64
160.35,132.19
162.17,671.05
162.59,1073.5
164.37,93.41
171.61,1273.9
174.29,809
169,1087
173.09,119.55
266.43,297.33
174.16,516.55
182.55,128.85
181.84,502.23
176.4,79.4
180.73,280.77
237.63,1278.9
188.15,1093.7
188.5,88.976
186.38,1154.9
185.5,1001
210.13,1031.4
243.52,1180.7
206.19,453.45
200.63,769
201.56,1116.8
199.88,1137.6
201.29,982.29
216.2,109.52
277.94,980.75
239.81,745.33
211.03,433.23
213.96,398.23
230.18,823.71
219.97,338.29
219.75,646.43
221.81,1100.6
218.93,266.85
221.35,316.27
231.54,662.81
244.63,399.43
261.48,1071.7
235.21,545.53
236.36,1088.5
241.86,1109.9
247.65,341.44
243.11,30.556
263.77,134.52
245.32,1289.8
261.22,757.51
263.22,822.63
255.64,1035.6
257.83,362
271.62,607.38
269.12,172.7
270.84,327.96
268.62,795.21
271.44,1044.1
278.45,106.53
273.9,736.96
297.19,1198.7
272.8,78.44
275.13,698.65
274.6,1057.6
280.88,1236.4
279.41,690.06
289.52,427.67
284.31,1028
284.98,1249.6
282.5,161.64
305.29,59.413
283.42,843.47
290.44,392.52
289.06,1137.7
287.61,234.57
286.58,854.11
289.97,1121.6
290.5,332
297.75,873.61
303.63,732.46
300.06,1261.9
304.68,551.2
299.51,1036.8
299.48,778.44
304.49,218.8
324.87,384.99
303,1069.5
305.33,1059.7
312.09,1130.4
311.71,1088.3
322.54,679.92
314.42,564.67
326.11,832.48
316.5,442.5
324.6,521.54
349.08,856.11
317.35,1293.4
325.32,429.92
328.92,1311
330.68,1046.5
336.93,1135.3
331.94,621.31
327.89,457.93
331.59,1074.4
346.41,1226.4
372.71,36.801
372.71,1097
338.49,1161.2
354.76,1326.8
341.85,910.13
344.1,542.47
354.39,237.25
341.71,85.429
360.68,418.87
346.61,514.6
349.8,202.17
349.15,728.17
353.68,881.7
352.72,5.243
352.24,580.98
473.02,529.82
359.16,753.98
365.27,386.14
368.5,1143.8
361.92,259.72
370.58,912.88
362.93,1049
374.69,967.43
383.59,292.62
374.21,273.15
379.33,442.88
421.94,232.14
385.18,1200.2
450.49,399.62
383.75,1244.1
384.41,111.8
383.84,928.27
382.91,1033.9
391.29,1286.5
389.9,1008.4
385.45,99.085
393.04,1127.6
391.67,82.207
418.72,1051.5
395,1024.7
398.18,1246.9
399.23,435.27
396.5,987.5
418.6,79.121
399.71,1255.7
409.55,281.59
415.33,973.09
411.11,910.08
438.14,1236.4
413.21,1295.3
412.21,476.67
432.32,939.68
410.85,786.85
524.64,108.78
428.62,356.63
417.17,522.57
413.09,1318.9
414.43,38.622
423.41,423.59
450.6,790.35
430.76,1310.2
437.82,1092.6
429.91,105.52
453.53,257.26
441.44,1282.9
449.9,906.58
454.04,55.561
452.03,876.56
461.87,162.11
454.08,972.75
456.68,1039.3
453.62,1212.2
473.16,361.64
473.42,1130.9
480.83,1057.8
463.5,879.64
481.02,850.83
471.07,1270.4
471.67,67.48
473.84,959.33
472.58,1093.7
472.04,564.56
471.18,1192.8
487.9,1237.7
492.27,276.97
473.57,1327.5
488.17,539.46
530.61,1267.5
487.3,233.89
493.69,1216.9
496.55,198.79
502.62,344.47
498.62,573.42
499.34,302.36
501.82,751.18
504.57,1199
505.97,1103.1
505.07,1326.9
504.33,973
513.13,732.98
510.34,376.61
511.6,471.52
514.92,954.96
509.88,977.98
516.23,1031.7
511.4,234.4
526.42,347.86
519.5,900.85
518.39,546.67
535.71,300
520.71,563.55
524.34,181.19
531.33,235.89
555.81,799.76
529.5,382
536.11,763.35
539.04,948.24
545.48,852.02
578.76,446.7
542.56,1117.5
545.01,1169.9
536,380
541.71,782.06
552.57,1022.6
546.95,971.84
543.64,999.14
545.2,362.28
551.92,472.68
570.07,891.42
604.25,310.71
569.73,267.75
561.45,374.87
560.77,503.33
571.36,736.04
581.01,683.68
562.2,632.56
564.28,1072.1
566.95,1195.2
569.18,240.89
572.21,1136.3
580.7,303.14
573.69,651.11
575.43,229.9
580.94,472.86
583.45,627.75
585,829.99
580.33,1212.8
586.06,3.1714
585.5,1300
594.78,1183
598.66,148.12
596.61,1116.5
611.65,1077.9
600.25,1254.4
603.89,1227
601,673
611.84,1320.4
611.14,174.29
612.96,232.04
613.42,707.92
609.41,1219.9
616.26,47.061
606.17,394.46
611.98,739.52
613,246.16
660.06,561.14
619.07,822.5
617.57,150.14
623.95,1115
665.79,1271.9
629.18,258.78
626,1099.2
633.61,1005
628,223.5
635.14,540.11
648.21,820.76
641.65,1144
640.06,228.88
652.94,1109.3
646.92,1052.6
649.94,781.94
662.11,229.87
654.46,706.55
650.41,386.24
655.82,1146.9
658.48,1183.1
659.89,292.75
658.62,71.5
709.02,623.96
676.42,1054.1
664.85,467.3
705.6,1102.8
667.2,84.634
667.79,1165.4
669.76,119.63
668.3,1190.7
672.3,446.7
672.53,826.15
696.86,831.24
675.75,457
678.55,141.29
688.97,289.82
695.49,52.678
682.11,1099.6
670.84,1208.1
683.36,623.59
684.38,673.82
687.62,1162.7
690.27,173.35
690.9,688.64
700.61,907.28
704.49,1307.1
692.47,192.67
704.01,104.04
692.92,199.68
699.68,657.18
717.29,146.07
702.08,855.68
700.98,1257.7
702,1178.5
707.66,1167.5
719.74,723.95
747.91,827.65
718.41,592
718.47,966.56
763.38,1117.3
789.16,104.84
725.69,55.718
744.59,800.07
733.77,342.16
729.39,1328.7
729.05,740.57
735.48,1017
732.69,392.89
738.41,1230
748.12,1307.1
746.52,747.82
758.14,393.93
744.61,1047.6
748.95,688.3
758.07,1263.9
754.31,138.54
752.09,629.08
756.3,992.88
758.5,515.67
757.98,1028.2
758.79,1330.7
765.76,169.75
758.23,1155.2
763.51,918.82
761.62,865.53
760.4,1073.4
768.21,662.51
761.67,904
764.94,641.85
783.64,419.86
779.85,454.88
777.62,954.06
777.14,980.64
806.61,1227.8
778.17,1322.9
784.6,718.94
780.85,927.42
803.33,1037.9
785.57,178.36
786.6,1292.6
787.88,985.55
787,1002
797.03,884.14
790.24,922.29
800.39,1142.3
793.92,1200.6
793.07,379.14
798.55,398.3
839.66,266.48
799.37,487.03
800.65,687.73
800.5,1331.5
803.25,786.49
811.16,817.97
815.5,1318.4
806.58,23
807.18,511.68
807,772.14
827.45,649.17
831.26,403.12
816.33,997.42
818.27,558.35
818.46,319.15
826.01,594.28
830.89,189.37
880.97,1183.6
835.38,226.39
837.67,979.14
834.88,206
834.92,965.85
839.76,1010.4
867.52,1279.6
853.85,370.78
852.17,797.66
852.82,171.72
917.84,938.64
849.53,1313.3
851.04,331.58
862.17,468.48
873.47,232.39
864.93,446.93
865.56,746
867.3,23.625
869.78,181.65
868.25,1162.3
878.16,1321.1
870.26,621.6
867.6,1092.1
876.68,387.64
869.5,1114.5
870.14,651.62
869.41,1137.9
871.11,323.58
877.5,424.5
878.86,655
879.93,667.17
888.12,205.69
889.08,607.29
885.42,1095.7
885.05,347.18
894.06,1137.8
895.24,8.9907
893.81,315.93
894.12,590.39
899.18,650.66
894.13,674.45
893.78,802.8
894.16,815.32
894.1,386.05
908.12,179.51
900.35,271.44
920.6,575.17
921.82,1329.4
905.3,260.23
934.68,407.62
909.1,209.32
919.85,343.14
910.83,761.84
906.29,1057.6
909.67,26.132
914.58,1200.7
917.43,793.05
949.61,84.219
929.6,506.91
937.9,203.51
922.22,275.85
925.3,688.99
925.85,1072
1000.5,662.82
927.4,779.4
934.93,443.96
938.36,2.9322
964.77,268.84
946.08,768.39
949.22,1148.5
940.36,181.95
938.28,227.91
936.4,1064.6
939.53,1105.6
954.81,1261.6
940.85,248.69
947.91,227.46
949.99,1308.6
960,443.49
958.7,596.65
1006.3,728.64
950,489.5
958.86,833.68
964.91,735.96
957.7,176.3
964.74,190.83
963.54,1293.9
963.79,556.95
969.19,1186.1
976.1,790.52
991.63,1054.6
978.8,13.32
983.18,597.63
982.29,222.86
1037.9,895.32
986.39,1328.3
993.03,362.13
990.69,128.17
1005.8,471.98
997.31,441.58
991.78,323.7
1040.9,1125.1
988.89,291.42
1039.5,36.378
996.38,166.89
996.26,234.81
1013.9,363.17
1025.2,1307.8
1002.6,763.19
1007.6,991.2
1005.5,750.88
1007.9,1030.3
1007.6,407.89
1015.5,162.95
1014,125.36
1009.6,775.5
1040.3,232.39
1023.5,82.962
1014.5,707.5
1020.6,131.73
1029.9,1064.5
1039.8,981.47
1030,786.4
1040.5,1242.9
1025,761
1037.2,211.85
1038.6,120.56
1042.2,139.13
1056.7,633.94
1037.1,1141.1
1043.7,76.177
1042,384.41
1048,409.15
1043.1,1085.9
1051.3,452.08
1045,157
1055.6,104.91
1063.8,1068.9
1055.8,168.96
1070.5,984.19
1070.1,551.48
1063.1,832.89
1073.6,1240.3
1059.9,689.64
1060.6,602.43
1064.2,127.93
1061.8,573.33
1075,341.15
1070.1,163.5
1078.6,1328.7
1072.4,221.07
1082.5,188.87
1078.8,476.68
1085.2,711.85
1084.2,116.41
1091.4,399.92
1130.3,509.61
1103.4,1293.4
1144.9,247.92
1108,1257.6
1086.8,636.91
1085.8,90.028
1101.5,966.08
1092.2,1113.3
1101.9,43.838
1099.7,1331.3
1104.2,9.191
1101,318.1
1136.8,662.6
1099.5,726.5
1106.2,103.87
1102.8,700.25
1126.5,1024.9
1111.4,136.41
1111.8,389.85
1111.3,1112.2
1117.2,304.69
1118.7,995.67
1125.6,1180.1
1146,334.57
1206.7,1038.2
1122.7,129.8
1207.7,130.97
1131,907.96
1139.2,1312.1
1133,319.64
1138.3,414.24
1160.6,853.76
1256.1,1203.3
1147.1,383.58
1148,771.11
1156.5,1182
1164.8,390.35
1171.5,813.64
1167.5,190.49
1162.1,1011.7
1163.5,1320.9
1172.4,943.57
1202.8,294.36
1188.8,633.72
1182.4,769.03
1180.7,163.28
1180.5,574.13
1183,1197.3
1180.4,596.58
1180.8,521.87
1192.7,1292
1199.6,342.27
1198.5,479.29
1199,691.73
1200.9,844.28
1202,202
1247.6,1327.1
1205.4,2.2917
1208.9,1035.7
1208.1,764.25
1212.2,807.73
1206.9,497.42
1208.3,222.76
1213.9,1131.6
1212.7,363.56
1237.6,887.41
1218.6,404.66
1220,717.35
1221,1274
1231.2,195.89
1223.5,91.5
1227.1,15.654
1252.2,617.21
1260.3,655.93
1230.7,1254.7
1232.4,29.568
1235.3,844.61
1234.1,962.88
1260.5,758.44
1254.8,472.9
1257.7,260.57
1247.5,1115
1247.4,735.68
1249.9,322.86
1251.1,575.56
1257,706.47
1260.7,530.19
1258.8,685.28
1262.7,819.28
1263.1,993.9
1262.1,953.9
1264,154
1266.2,314.29
1272.7,409.36
1267.9,837.41
1272.5,226.26
1270.8,856.35
1276.5,678.92
1273.5,804.1
1309.4,294.41
1277.4,499.42
1280,322.93
1292.5,523.31
1306,1066.2
1291.3,466.4
1292,905.25
1296.3,623
1296.1,1157.1
1298.5,696.57
1298.6,132.6
1300.4,198.07
1310.9,738.28
1304.4,52.289
1310.8,680.52
1311.1,923.65
1318.4,658.04
1320.3,963.73
1318.5,891.7
1321.2,933.37
1327.2,435.63
1318.7,876.09
1325.5,812.61
1325.7,190.71
1329.2,135.57
1327.3,918.8
1325.1,537.26
1330.3,1328.6
