8.338,374.28
10.483,1143.5
7.5952,837.64
8.0909,102.09
18.66,136.1
23.5,201.5
30.081,1151.9
31.233,250
35.065,75.383
37.242,877.05
38.271,766.27
39.5,507.5
41.388,585.75
40.71,189.29
43.807,278.98
47.116,818.12
57.839,705.47
57.072,538.98
76.176,379.13
68.394,950.79
70.1,180.78
68.265,682
71.083,155.92
78.602,712.91
77.49,403
78.5,461
78.826,735
78.579,800.11
94,143
99.083,566.92
102.58,70.767
105,91.75
109.06,348.09
137.01,172.47
135.63,510.59
144.5,99
145.12,1124.9
153.38,447.92
161.87,851.02
169.14,204.18
168.39,1171.9
173.93,1110.6
180.29,147.29
187.5,48
185.85,398.6
183.86,725
196.89,362.5
205.65,68.937
210.42,417.11
214.19,275.94
215.56,790.27
221.61,652.14
226.78,1032.9
233.09,220.91
241.11,737.63
245.93,116.41
250.93,10.593
258.7,109.16
262.32,1243.3
266.47,425.04
264.88,520.88
267.48,613.57
271.94,309.75
270.42,393.89
275.3,848.42
286.75,1014.9
296.43,1231.2
296.93,272.41
303.56,141.71
317.59,128.59
331.97,39.97
329.58,786.89
333.48,1161
334.63,54.626
339.72,366.95
340.36,783.58
343.03,1224.1
343,139
350.5,311.78
356.32,598.24
357.47,1164.2
362.63,1079.3
363.06,239.34
360.61,271.55
369.53,39.623
372.94,263.3
377.04,714.69
380.81,97.331
382.78,491.41
388.37,664.84
390.83,354.7
392.91,1029.9
392,951
394.13,90.872
394.29,725.5
397.07,434.59
399.51,885.16
405.06,157.23
412,231.83
427,1079
437.19,426
441.34,318.23
440.34,109.15
443.19,168.75
444.42,133.34
444,875.5
447,457
450.36,607.55
451.4,652.05
449,513
452.07,426.59
456.36,69.667
455.38,123.01
458.6,1061.1
460.64,16.594
466.68,241.85
467,748.68
470,598
473.88,49.375
478.1,163.63
479.31,951.17
481,133.5
491.11,591.43
485.58,939.52
494.07,345.82
494.43,530.12
494.4,720.46
495.05,1172.8
499.3,1088.4
502.69,52.929
504.54,959.6
504.45,465.94
507.08,895
510,196.5
513.32,907.2
519.39,55.801
524.17,319.04
526.39,79.714
524.58,1107.5
526,500.83
531.09,465.09
534.14,1224.5
540.23,566.56
541.61,280
539.42,153.89
546.34,750.52
547.5,583.35
550.93,881.61
549,739
561.83,326.8
555.17,787
558.42,563.58
563.96,32.391
564.26,484.68
571.68,1086.3
577.75,712.92
578.88,1030.4
580.66,458.93
581.54,138.78
587.57,102.92
599.95,187.01
597.33,1112.6
602.58,1044.7
602.42,351.34
606.18,285.55
605.56,414.92
615.65,955.7
630.39,1047.6
637.4,566.05
636.1,215.38
638.61,617.95
637.18,690.33
643.25,326.36
648.56,958.63
651.39,291.96
654.1,816.91
656.29,521.4
661.59,1236
662.5,1001.5
699.15,1237.5
680.17,913.77
685.11,296.42
687.98,343.42
691,274.5
697.07,765.59
703.35,1198.5
705.5,646.5
709.36,216.08
716.46,169.23
724,1049.2
724,1194.2
727.05,880.18
742.72,1243
745.77,65.877
745.17,922.66
746.31,1170.8
744.83,946.03
745.14,1222.7
754.78,838.94
756.29,1101.3
757.42,633.11
764.95,1033.6
767.52,419.43
767.41,1207.2
769.5,1242.2
775.05,256.26
772.48,289.57
774.36,382.92
775.76,92.41
776.85,241.36
779.51,825.12
776.09,518.91
786.87,565.91
800.86,990.85
810.56,500.28
812,1017.2
821.4,1144.5
821.62,408.4
828.66,522.2
837.13,731.54
847.78,462.46
854.82,43.806
854,305.74
860.87,193.71
858.48,1179.9
858.85,259.15
859.43,519.41
877.87,484.01
873.8,109.24
876.77,361.74
877.46,968.93
882.54,745.63
888.32,1138.8
891.84,665.35
898.34,584.85
906.01,699
900.05,1136.8
904.59,6.3922
906.34,500.83
905.5,223.5
911.56,1223.4
911.29,79.571
918.92,359.34
920.48,1032.3
928.71,39.071
929.76,690.41
933.58,337.89
949.2,5.7842
938,240.17
946.19,423.98
948.77,1072
954.38,410.11
951,633.5
956.87,787.9
969.61,576.59
971.03,318.95
978.21,732.31
980.81,87.407
982.09,246.4
986.04,127.08
985.95,1101.7
986.82,331.67
988,515.5
987.52,1018.7
988.04,534.33
994.19,1005.4
993.56,876.92
998.27,77.936
999.35,823.07
999.5,782
1001.8,1236.9
1006.2,42.778
1002.8,1174.1
1004.8,799.58
1004.5,366.85
1004.3,838
1012.3,76.745
1013.5,909
1021.4,103.58
1024.6,364.05
1025.6,173
1025.7,619
1030.8,65.333
1037.8,301.78
1040.5,43.456
1036.4,1240.1
1039,557.07
1042.1,126.33
1042.6,483.5
1054.5,38.5
1054.6,462.42
1056,479.94
1060.4,1002.7
1062,386
1060.3,448
1062.3,91
1064.4,301.96
1069.4,10.577
1066.5,782.55
1068.1,532.09
1075.6,159.92
1074.7,544.6
1076.4,238.92
1084.7,856.35
1089.3,176
1092,161.85
1092.2,194
1101.9,478.51
1100.5,1083.2
1103.7,757.16
1101,47.143
1108.5,679.62
1109.5,828.09
1109.8,69
1111.8,166.62
1112.5,42.311
1114.1,425.74
1113.9,1065.7
1113.9,626.54
1118.6,59.448
1117.6,412.4
1120.5,730
1121.1,1149.4
1129.3,460.61
1132.4,519.85
1138.6,269.21
1143.2,428.3
1139.1,555.78
1141,62.075
1147.3,694.02
1146.3,1048.6
1152.9,247.53
1151.3,1111.4
1153.4,1004
1154.4,1033
1155.6,74.857
1157.7,34.914
1161.6,399.15
1165.5,547.51
1165.9,424.08
1169.2,815.14
1170.1,880.09
1185.8,59.571
1185,1004.6
1186.6,321.16
1187.1,742
1188,1104.5
1188.9,1228.3
1188.4,181.88
1189,208.62
1189.2,940.9
1196.7,570.01
1196.2,704.59
1195.2,469.72
1195.1,9.9091
1199,680.85
1199.5,1079.3
1206.3,193.44
1205.1,127.4
1207.9,804.44
1209.8,333
1218.1,650.13
1223.7,292.71
1226.5,96.5
1232.7,923.94
1235.2,572.21
1235.1,768.88
1241.3,3.8605
1243,753.3
1243.4,396.8
1246.1,327.92
1247.1,775.5
