7.2238,622.55
13.797,719.08
13.723,530.47
16.342,863.73
22.585,1042.7
27.925,1107.6
37.154,686.15
36.5,366.5
41.676,223.78
45.444,1219.7
54.735,508.61
54.926,412.43
59.068,262.59
60,1130.5
66.939,219.5
69.377,1112.4
74.818,1028.8
76.062,69.301
81.809,298.68
82.412,832.6
85.475,754.55
95.061,563.92
97.167,265
99.654,606.71
111.45,467.71
114.15,715.52
111.88,842.29
113.22,1214.5
131.04,1164.7
135.34,896.54
138.06,326.65
140.46,506.68
141.5,457.78
142.64,558.83
142,1072.5
142.93,1233.6
149.66,918.75
150.13,410.02
166.42,1078.4
171.58,206.94
171.15,542.58
202.17,157.77
202.45,751.57
209.58,856.98
210.12,978.5
215.61,454.66
217.03,1135.5
219.63,172.62
218.58,78.105
221.05,243.53
230.66,571.37
234.42,160.4
231.92,200.56
236.8,208.56
241.45,183.69
246.45,686.52
248.44,267.11
250.3,1123.7
256.98,1234
258.94,386.69
267.82,220.64
272.47,15.667
275.07,1221.4
277.93,841.59
284.55,998.21
281.91,524.91
293.47,1138.5
297.08,11.861
301.06,231.43
307.73,946.4
307.5,120.5
306.8,561.94
320.94,1081.3
323.25,1207.5
324,1136.1
328.14,278.5
333.62,903.42
331,848.68
339.15,175.55
348.31,229.82
349.42,1006.1
353.61,171.19
352.06,950.91
357.5,181
363.76,858
367.07,210.59
369.92,661.8
373.02,298.32
378.58,447.58
381.58,337.57
379.47,593.47
387.13,676.82
388.35,328.58
391.31,766.26
389.38,1126.3
400.43,444.63
397.83,408
401.24,898
410.5,718.5
435.61,793.84
452.43,884.5
457.17,1184.3
461.1,176.81
458.22,595.54
471.31,988.06
471.94,638.31
475.57,731.77
474.75,788.84
473.93,176.59
475.14,1134.4
484.13,257.52
489.54,950.72
498.05,148.26
496.97,1173.3
504.78,324.33
507.17,104.38
507.84,2.6757
505.5,855
511,339.17
522.79,669.06
528.94,15.428
529.69,753.84
533.43,397.02
535.16,125.64
541.24,1186
541.8,105.85
547.38,967.43
548.83,446.69
549.47,346.07
552.82,524.43
554.87,427.16
556.52,889.38
575.9,1009.4
583.61,565.69
585.88,1117.4
596.09,330.91
597.33,237
605.29,193.3
607.58,1209.5
614.42,951.07
614.17,349.13
628.85,1185
630.9,383.32
628.61,653.14
640.43,885.81
640.09,1040.2
660.68,1098.7
660.08,543.8
666.77,102.69
669.08,280.97
670.13,316.13
675.75,1068
678.37,331.63
683.94,829.32
685.76,1246.3
685.91,194.91
688,395
696.37,497.01
695.89,154.94
695.44,322.05
708.72,54.855
707.87,665.03
710.05,913.08
716.54,675.08
726.55,1180.6
735.29,1212.8
732.33,395.77
736.04,1064.6
740.31,998.87
739.55,68.14
747.97,1180.7
751.68,579.78
752.5,115.61
758.87,237.54
760.68,817.6
770.57,492.41
767.83,626
774.75,724.25
777.94,109.94
788.93,1035.7
792.5,182
793.91,884.97
798.16,270.13
800.24,367
803,57.826
806.14,611.24
805.5,687
809.9,83.052
808.41,1175.1
810.5,766.4
813.06,424.53
817.88,288.12
825.54,385.07
835.64,235.92
838.09,370.37
837.52,275.17
836.83,737
838.5,1003
839.83,758
842,828.2
843.24,985
841.57,572.61
846.41,1121.8
855.42,849
854.56,1076.7
857.73,1004.3
861.02,361.05
861.4,198.36
863.6,101.11
864.69,10.271
869.41,1193.6
880.74,1056.4
885.93,635.35
884.55,281.64
883.15,1133.7
889.27,1084.4
887.28,401.88
890.74,546.93
891.71,1012.1
894.91,260.31
902.88,904.62
910.5,820.04
907.8,834.56
923.12,1199.9
930.13,23.43
930.76,1077.2
944.15,563.06
944.84,791.65
946.65,871.33
950.21,1116.2
953.77,11.377
955.1,517.62
959.39,367.76
958.52,1213.7
960.58,833.58
964.11,146.73
960.21,344.24
962.45,386.53
964.45,1050.5
985.37,761.33
988,859.17
1000.8,230
1003.8,991.62
1012,179.56
1015.5,1160.9
1018.5,529.4
1021.6,731.89
1023.8,690.9
1024.5,655.92
1024.9,485.14
1031.1,244.16
1030.3,57.415
1037.3,1236
1035,916.07
1040.6,459.49
1040.9,861.41
1050.9,748.54
1052.4,961.4
1063.4,233.92
1065,285.39
1062,623.5
1074.4,713.1
1074,228.92
1083.6,114.76
1086.7,701.69
1086.2,587.81
1086.1,1015.4
1094.6,1209.9
1099.9,1161.4
1104.4,951.92
1108.2,638.47
1107.6,437.55
1116.5,854.41
1126.9,446.55
1126.6,505.46
1134.2,788.41
1135.5,592.24
1135.8,713.76
1137.6,895.32
1142,289.5
1143.5,1200
1146.5,412.76
1151.7,581.64
1170.7,322.45
1177.1,794.38
1177.4,541.39
1181.7,578.57
1182.5,131.5
1180.5,505.6
1186.1,1181.7
1181.9,881.91
1187,1039.1
1185.6,217.63
1189.2,784.83
1191.1,110.21
1192.5,57.5
1193.8,261.65
1197.7,501.51
1199,928.63
1199,1091.6
1202.6,881.77
1203.1,693.32
1207.7,187.43
1205,1052.5
1214,215.94
1211.1,344.74
1213.7,124
1218.1,615.99
1214.4,692.11
1227.6,1122.8
1228.8,443
1226.4,546.11
1229.5,518.13
1231.2,217
1233.4,1014.9
1237.6,496.65
1240.2,843.1
1242.1,422.42
