4.4462,8.9385
4.0825,126.65
14.098,1042.5
11.763,1169.2
11.593,983.81
19.644,227.15
27.735,500
30.868,366.26
38.748,1040.5
40.103,673.81
37.262,1109.9
41.5,283
44.058,384.76
51.066,490.72
49.389,583.14
54.717,449.42
56.586,78.897
57.053,730.24
57.5,713
62.391,125.95
64.424,532.78
65.127,1071.2
64.6,899.28
79.109,589.08
80.022,812.95
86,265.35
89.755,99.906
96.271,712.27
97.906,654.13
100.35,991.86
104.62,1018
113.33,1039.7
114.55,426.89
116.19,974.72
116.6,1193.9
118.37,838.22
121.62,36.144
135.83,821.1
132.27,724.77
132.5,714.5
150.52,1154.9
152.47,1000
153.06,1241.8
165.47,103.37
174.5,730.05
174,626
177.53,453.55
181.36,244.7
184.58,626.61
189,1080.3
197.85,1101.5
202.41,1013.1
214.07,1129.3
223,172.5
225.7,644.04
230.54,566.81
229.82,659.07
234,544.32
235.91,848.09
238.18,335.89
240.95,977.08
244.83,1064.9
245.91,186.87
249.28,486.38
257.29,786.3
254.5,167.5
269.64,1127.1
275.45,408.67
276.27,217.41
281.79,828
288.7,120.92
296.59,939.44
296.53,1063.7
301.25,236.35
303.46,964.79
310.06,944.5
315.71,235.55
316.1,377.7
317.01,1037.1
323.84,66.362
334.95,546.52
339.5,81.5
341.75,706.57
345.31,749
353.95,931.16
358.89,980.92
362.5,296
368.4,834.22
369.2,1140.2
376.43,806.47
383.5,3.3182
388.19,413.64
392.2,672.97
395.33,699.71
396.96,952.63
396.39,1223.2
394.94,116.55
396.28,1157.6
404.05,844.65
400.24,644.8
406.6,679.48
409.16,1111.8
412.63,375.64
417.99,33.941
415.88,996.71
416.65,1090.2
414.57,698.81
418.5,638.3
427.81,531.36
432.09,640.96
432.16,808.58
436.03,873.22
435.12,919.66
438.04,744.69
446.59,1003.1
445.45,534.42
448.71,836.29
448.58,878.42
453.27,850.65
457.39,680.56
451.48,732.89
456.49,644.41
468.17,802.48
455.5,30.714
455.59,172.71
458.08,374.14
459.3,468.63
459.26,926.85
459.95,1145.5
466.8,498.52
469.41,40.306
469.86,192.37
472.4,1149.4
481.14,247.04
489.1,522.69
481.93,697.93
485.98,31.151
487.9,226
491.9,752.74
494.42,718.89
492.58,295.45
497,487.5
502.09,470.05
499.33,1040
501.42,335.11
506.48,911.41
518.96,563.98
516.4,647.98
514.11,763.49
516.89,630.4
516.88,792.29
518.25,266.09
517.03,1058.6
523.6,694.48
525.97,1218.7
530.23,596.23
528,18.321
532.13,671.48
533.63,609.37
533.5,702.5
536.94,986.73
539.48,147.09
536.93,327.41
541.61,1238.9
542.93,550.59
548.48,211.07
552.65,294.29
550.01,675.23
549.6,644.28
553.02,510.65
555.68,814.87
558.57,571.12
557.5,525.5
559.09,329.87
561.52,717.31
563.87,1209.1
564.52,416.61
562,51.826
567.68,540.05
573.41,943.67
575.12,806.88
577.96,197.38
582.98,558.86
581.38,495.34
587.5,1183.4
595.1,26.115
600.37,1112.6
593.96,592.87
610.89,287.37
622.58,238.89
629.88,678.93
631.71,90.344
647.31,242.34
646.93,151.41
648.58,372.94
655.4,580.79
658.44,403.24
659.01,982.27
665.29,1182.5
673.36,267.5
669.88,388.96
674.91,414.09
680.14,1052.9
679.18,450.95
693.72,278.53
688.5,525.5
693.05,548.98
690.6,759.73
697.84,882.2
697.74,710.08
703.93,59.354
708,166.65
708.7,119.92
714.11,630.45
712.12,371.88
717.06,573.72
717.62,1035.2
720.37,282.18
724.02,817.95
745.14,440.78
745,877.25
745.85,1044.7
750.65,989.5
752.74,519.21
752.92,1054.6
758.58,363.11
760.5,1152.5
771.52,233.79
768.77,1232
774.54,1009.2
785.43,279.56
792.55,696.74
788.42,216.11
794.31,1185.6
797.17,4.8111
803.48,245.3
803.16,830.31
803.88,86.458
812.21,1013.1
814.73,882.04
814.5,21.5
815.29,53.71
819.68,350.13
821.04,535.96
828.23,26.461
828.94,40.062
833.82,709.78
836.93,1184.1
836.43,273.96
835.65,551.12
836.42,456.38
841.32,845.59
845.2,60.776
842.62,340.6
845.31,1201.1
859.38,464
859.21,896.5
859.32,372.78
866.46,236.16
872.66,74.744
879.68,1141.6
877.41,1001.1
880.56,633.82
886.1,610.38
889.76,586.51
891.24,112
894.02,527.42
891.93,1066.4
898.22,375.41
898.56,70.923
900.58,163.89
905.77,553.25
905.3,217.79
913.03,482.45
919,747.83
925.2,266.81
922.55,761.11
927.24,1107.6
928,1062.5
933.75,1227.7
934.64,715.99
938.19,435.31
945.11,119.94
942.15,405.65
944.38,853.62
953,433.33
956.56,788.59
955,936
955.94,1236.6
959.21,923
969.07,273.23
968.41,428.59
970.04,671.59
973.5,368.41
977.46,1056.5
984.03,1040.1
994.68,97.061
992.62,488.82
1010,852.17
997.42,377.89
1000.7,1151.4
1006.9,898.51
1005.4,826.43
1006.5,546.5
1014.3,508.38
1022.7,297.16
1018.5,421.5
1023.3,1203.9
1024.8,787.58
1021.7,1076.6
1033,267.23
1035.3,629.99
1031.9,697.25
1036.1,900.65
1038.6,613.21
1039.7,594.32
1045.1,568.41
1054.5,97.437
1059.3,961.17
1056.9,734.41
1067.3,1148.1
1080,496.18
1068.4,1186.6
1074,724.5
1079.3,596.57
1082,829.5
1085.9,661.97
1089.4,687.85
1095.5,376.65
1100,760.38
1101.7,820.38
1111,237.37
1112.8,473.81
1112.9,987.97
1126.2,639.49
1131.5,471.5
1135.5,230
1142.6,1060.5
1144.2,105.87
1162,56.292
1166.1,609.36
1170,695.68
1172.1,461.72
1176.9,95.617
1174.6,400.07
1175.6,671.95
1180.6,292.62
1180,916.76
1184.5,828.5
1190.3,751.17
1195,638.5
1196,911
1208,551.83
1209.7,1224.2
1209.4,1145.1
1218.9,227.22
1217.8,982
1223,418.94
1223.5,246.5
1226.9,750.08
1226.2,955
1245.4,54.5
1246.7,7.3704
