2.25,163.15
2.8333,312.2
4.3663,731.19
1.8571,807.62
9.4234,652.41
11.919,73.027
7.6562,1120.4
12.569,1014.4
13.982,966.99
15.832,1078.3
14.952,988.29
13.269,1221.3
13.5,304.5
19.471,14.545
19.378,1193.8
19.5,175.5
21,469.5
22.167,589.07
25.753,310.36
28.287,808.54
33.947,798.26
42.966,198.91
45.425,583.52
38.564,424.08
41.857,901.97
44.081,664.74
46.664,362.36
43.652,810.04
45.08,684.56
49.429,1011.6
55.296,145.47
56.881,391.39
61.333,927.12
58.333,468.26
59.5,484
65.286,753.9
62.529,168.85
63.028,443.36
63.364,536.32
64.115,1003.7
64.174,1168
69.973,579.28
67.5,722.5
72.433,1100.7
69.5,327.5
76.322,879.99
76.937,8.5397
80.626,1140.8
79.231,696.91
77.947,959.65
85.815,1091
81.037,1039
82.2,627.6
83.57,603.49
87.162,835.75
89.344,892.08
84.289,37.895
82.385,763
86.812,148.03
89.794,248.14
89.86,950.2
85.9,572.4
102.42,464.94
92.929,218.93
102.48,399.12
92.735,547.57
94.537,664.34
101.3,1021
101.34,802.07
105.97,1051.9
103.62,618.4
103.41,1186.9
104,1096.3
106,658.5
119.09,608.03
110.94,746.04
111.5,496.89
113.39,1017.1
114.45,585.58
121.94,448.73
117.22,765.75
115.88,810.88
120.5,345.5
121.82,94.504
120.53,398.1
123.84,358.28
123.77,917.2
126.51,664.61
127.91,806.42
125.98,244.43
127.97,1101.3
129.29,199.76
130.66,734.66
136.74,295.67
136.09,346.76
138,668
145.39,466.93
146.59,1055.5
148.5,182.62
155.82,808.52
154.66,1151.4
154.98,80.36
158.32,856.79
155.59,499.93
158.8,571.64
166.57,336.77
158.5,715.5
160.73,1138.7
164.74,261.36
162.91,922.91
168.3,1194.4
167.42,100.41
166.19,377.07
165.5,451.61
166.5,1100.5
179.04,440.93
171.02,634.43
173.93,1221
177.38,325.75
176.41,1172.9
179.41,481.07
190.26,276.21
183.5,44.5
190,495.65
189.5,662.5
189.4,1164.4
192.59,1194.3
192.34,331.73
195.17,1003.4
197.64,294.16
199.7,411.07
200.74,576.05
199.6,1050.9
202.22,1154.7
199.32,5.9474
203.04,158.92
201.16,312.9
199.83,790.3
204.05,826.99
211.05,782.3
205.66,485.53
208.59,1006.4
211.78,925.96
211.47,1037.3
214.43,983.35
212.95,1071.8
217.46,297.79
215.57,67.021
218,267.75
219.97,448.14
222.91,390.12
224.45,119.22
222.75,928.39
222.2,1141.9
225.52,38.822
225.68,547.05
223.86,875.9
224.32,1062
226.5,484
235.32,506.63
230.74,274.36
231.7,996.18
228,1174
231.94,476.57
235.4,845.6
243.95,351.55
244.21,722.28
241.59,926
243.15,179.94
244.4,1099.4
250.2,643.18
247.5,1009.5
249.98,422.61
254.93,682.48
253.77,845.04
255.89,262.44
256.97,1134.4
257,899.68
262.07,1164.7
268.08,18.934
269.91,1051.7
274.99,1019.1
276.91,1207.9
282.25,513.3
280.83,871.66
283.3,744.25
282.39,621.57
291.64,562.55
287.88,1062.2
287.57,1126.9
289.65,309.51
291.74,834.19
293.44,33.492
293.5,1044.5
303.37,520.97
306.07,14.05
305.5,559.5
307.95,114.93
309.3,87.391
310.18,831.61
311.63,327.11
312.42,50.105
316.07,343.3
317.98,475.77
319.45,902.19
320.74,1211.3
323.79,358.18
320.84,1096.9
320.45,1239.9
324.76,781.88
323.23,932.46
323.29,980.07
329.86,572.53
337.18,1097.3
332,45
335.8,1232.4
336.07,726.02
345.64,332.85
339.32,804.29
339.93,888.1
341.8,179.89
338.75,921.38
344.57,41.914
354.67,120.81
351.11,1006.7
350.35,260
355.01,616.43
350.5,202.5
354.68,1153.8
359.13,20.021
358.55,147.41
363.27,917.12
360.69,308.07
360.86,382.98
365.18,939.64
369.7,97.116
367.21,735.03
367.4,164.5
367.47,524.63
368.55,765.17
370.88,124.12
368.2,336.68
370.14,601.61
373.39,148.37
371,646
372.85,547.65
374.39,889.62
374.91,744.77
375,1007.2
378.87,238.77
377.89,179.42
379,977.4
387.21,454.45
391.61,167.17
396.44,489.29
396.26,1216.9
396.5,709.77
398.23,694.5
399.45,1185.3
404.29,731.21
403.04,156.92
406.37,1239.9
405.67,978.16
413.15,1001.9
406.76,558.29
408.07,329.2
412.07,360.76
410.95,1192.1
417.39,1073.1
417.7,1172.3
418.66,878.18
422.14,1209.8
417.09,400.09
416.39,973.93
423.21,701.03
425.14,1193.1
427.68,2.5532
428.22,730.25
424.59,948.97
433.28,515.9
432.97,11.523
433.3,482.79
438.12,680.73
438.5,1053.5
438.17,1235.1
439,959.5
441.07,3.175
442.16,187.48
442.58,833.47
445.29,220.59
447.39,739.09
446.02,930.88
449.91,250.57
452.14,333.91
454.05,413
453,1230.8
458.26,559.82
466.86,1189.1
460.24,740.8
462.71,104.15
463.91,902.91
471.59,980.63
466,435
467.42,507.58
478.27,124.14
469.89,363.43
472.35,1022
475.45,424.25
475.7,859.67
477.5,41.5
477.25,155.38
484.25,451.74
481.08,961.35
485.36,799.46
482.87,1145.2
483.38,94.625
488.76,56.797
492.92,35.796
491.9,924.62
492.68,543.44
491,553.5
502.85,109.97
495.35,306.85
495.42,64.895
499,389.33
501.79,1183.6
512.11,429.42
499.35,740.6
500.78,343.44
507.88,528.68
503.93,1142.6
505.86,814.72
502.5,870
508.5,783.63
505.5,724.5
511.56,1001.1
518.92,135.88
508.5,1229.5
511.14,1160.5
520.68,203.14
518.94,702.85
516.5,220
518.43,824.57
519.35,49.442
521.09,789.72
523.6,982.95
522.58,493.11
530.49,555.53
524.17,680.93
530.52,228.11
527.94,71.438
527.35,512.5
529,248.33
530.64,471.76
531.04,1241.6
536.74,610.05
533.51,853.98
535.2,165.94
534.23,145.17
534.68,532
534.5,800
537.08,372.05
538.97,977.43
539.78,777.91
541,533
546.85,21.346
551.6,1089.8
548.07,308.59
548.67,260
554.36,578.15
551.88,52.116
552.84,474
555.73,448.62
561.05,614.61
555.91,521.05
556.06,944.94
557.5,357.5
565.07,43.841
566.76,207.7
568.96,677.68
564.71,1057.9
563,451
568.92,1013
569.47,313.42
569.63,538.63
571.67,601
572.5,961.5
578.97,1032.2
578.65,513.68
579.36,813.07
578.41,1017.1
578.59,1071.7
585.3,269.63
585.83,903.6
582.33,856
584.46,923.19
587.35,685.73
590.39,1079.2
587.43,233.61
588.38,990
592.86,389.99
590,883
593.09,489.4
597.48,589.4
598.64,896.26
604.72,199.38
602.58,523.14
602.94,429.45
605.61,180.72
609.7,478.14
610,1245.4
610.12,112.77
613.05,280.15
612.77,546.36
609.89,660.58
615.89,1063
612.6,563
611.91,861.91
614.5,315.5
616.23,740.75
618.39,967.42
618.45,3.4138
625.98,383.64
619.27,407.18
625.66,261.45
621.59,210.07
625.53,1007.3
629.33,76.611
629.97,467.23
635.49,6.7941
633,289.8
635.34,673.31
637.97,423.57
637.39,882.25
634.42,586.11
640.71,643.68
638.83,212.79
642.07,328.7
640.5,198
641.58,69.895
642.5,165.87
649.73,179.27
646.12,345.06
645,514
648.29,809.89
648.55,947.67
649.52,471.74
649.15,544.13
654.03,887.54
657.53,276.09
652.61,568.14
657.39,320.02
658.45,241.27
658.58,294.98
657.04,1196.8
660.09,69.239
659.71,377.64
662.61,599.27
666.1,560.04
673.25,32.824
670.79,200.88
670.18,1224.2
673.41,539.94
672.17,255
674.47,272.73
674.98,419.65
675.83,1128.4
674.65,1191.4
674.97,1204.8
679.74,291.67
676.52,519.17
680.59,908.2
680.05,871
686.82,212.06
683.25,499.23
688.66,1178.6
682.74,461.19
686.77,1210.8
684.91,738.91
685.89,443.58
699.39,248.52
693.14,1120
694.94,224.79
696.02,287.47
701.78,333.72
694.42,753.93
695.71,300.43
699.78,139.05
705.88,192.08
703.15,1186.5
704.63,625.63
708.46,595.79
705,697.5
706.9,1164.8
706,1227
711.25,287.28
710.09,223.72
716.33,1115.2
712.73,398.41
718.49,9.3917
721.54,1160.3
716.23,58.884
723.26,1144.5
718.31,143
720.75,1183.9
721.33,72.729
719.69,768.09
725.62,207.65
728.73,129.86
726.39,1214.2
731.44,187.89
728.69,328.67
728.36,1033.7
729.17,529.7
730.63,927.2
733.08,991.56
737.92,752.37
737.57,566.47
747.52,812.6
746.15,1019.2
738.37,288.13
741.85,344.99
742.56,933.33
739,1181
742,53
752.94,91.208
748.81,768.74
749.28,1072.3
757.6,552.74
754.82,184.62
757.95,857.71
763.81,213.66
754.87,951.17
759.52,612.19
763.93,122.68
758.57,780.43
760,343.5
764.39,45.382
768.59,177.05
765.71,951.43
776.55,454.49
773.22,1075.9
777.56,1108.9
782.55,1086.3
786.8,628.91
796.52,409.55
794.93,34.259
799.46,529.85
801.63,932.16
800.62,1005.3
807.56,31.271
805.96,465.77
802.35,668.42
804.52,690.12
811.16,80.975
811.35,898.41
809.14,1016.6
810.64,152.5
813.8,943.43
814.66,854.18
815.92,1229
822.26,531.33
824.33,802.85
823.38,1205.9
826.93,85.628
831.17,172.03
832.75,945.88
838.58,156.59
832.23,1183.9
828.67,47
834.16,573.38
832.03,201.44
830.39,1074.8
835.3,549.56
836.04,31.757
836.82,439.6
840.44,1160.2
842.04,112.01
843.45,12.893
854.41,223.82
843.64,511.5
845.92,979.44
850.04,4.4222
850.48,1244
851.95,34.429
851.2,743.68
854.52,721.44
853.57,88.429
853.39,922.52
857.37,176.94
854,316.16
860.85,367.78
855.08,161.08
857.88,1199.7
862.58,4.1053
861.19,409.67
863.67,1117.2
870.45,334.84
871.89,219.02
874.43,199.22
880.5,89.737
876,1192.5
878,358.5
884.47,426.28
881,619
884.57,964.17
886.34,1160.4
880.36,1186.5
885.6,105.23
884,57.5
893.92,732.56
886.62,1125.4
889.64,754.77
889.43,1203
890.61,1141.9
899.33,799.56
893.06,900.38
898.04,709.89
903.22,167.57
902.92,91.56
904,1036.5
909.48,529.78
913.26,384.25
909,942.83
916.66,81.515
915,1139.5
914.66,181.94
915.5,200
919.96,67.06
917.12,904.15
920.4,939.28
918.07,629.59
921.09,692.13
925.96,444.7
930.27,996.78
928.73,660.58
926.34,813.47
927.74,25.095
933.06,175.74
937.64,406.25
930,485
933.18,77.436
941.11,226.56
940.55,201.64
937.06,644.25
936.94,957.7
939.89,336.59
938.34,145.2
943.49,109.37
952.46,1187.6
950.93,683.07
953.46,288.08
957.74,81.445
954.83,511.58
956.91,23.091
965.29,6.5935
969.87,304.2
969.08,612.41
969.38,1010.2
969.5,514
980.64,1037.4
980.71,586.7
979.8,743.32
986.61,2.6364
991.81,630.53
990.06,646.95
987.63,761.27
987,85
989.68,542
989.26,75.8
990.47,502.18
992.54,286.84
1001.9,657.07
1003,210.51
1000.4,314.11
1002.4,569.03
1008.2,435.56
1006,490.5
1007.6,786.5
1010.7,576.62
1010.1,863.91
1016.5,5.032
1014.9,320.08
1011.4,496.57
1012,1035
1016.4,509.58
1022.6,822.53
1024.2,1016.2
1027.8,156.13
1027.2,58.268
1027.4,1105.1
1028,648.58
1028.9,439.09
1029.4,1076.2
1038.5,685.43
1040,744.13
1040.7,505.38
1037.1,912.91
1041.9,1108.8
1041.1,1208.9
1043.4,621.48
1041.1,489.91
1043.6,928.86
1047.9,86.625
1045.4,804.5
1049.4,70.552
1051,157.29
1051.2,135.06
1050.7,273.4
1056.3,943
1062.3,1195.1
1054.1,1221.6
1058.4,11.101
1059.9,73.694
1069.6,431.74
1074.6,117.38
1066.5,409.6
1071.1,804.28
1069.6,1237.1
1078.6,1066.3
1069.2,509.26
1068.8,196.35
1069.2,597.56
1076.8,669.32
1075,979.04
1082.8,82.712
1080.4,20.977
1079.8,990.95
1081.6,395.53
1085.3,476.91
1092.9,627.76
1089.5,647.71
1094.9,472.27
1096.1,1222.6
1098,417.93
1106,122.91
1105.6,1043.7
1105.2,187.02
1104.1,1154.6
1106.5,497.56
1104.9,523.28
1109.5,1098.1
1110.9,600.76
1109.9,447.71
1115.1,1217.5
1114.1,403.18
1115,341.5
1120.1,29.45
1116.8,79.13
1117.4,472.09
1119.6,695.22
1120.1,146.97
1121.2,811
1125,95.153
1124.3,607.85
1125.7,8.0286
1129.3,470.25
1129.6,317.38
1131.4,505.61
1131,576.5
1135,726.82
1137.3,81.615
1135.9,102.91
1138.7,203.19
1139.5,813.68
1137.5,409.78
1144.3,328.43
1139.8,485.03
1139.8,119
1142.9,879.96
1145.8,302.49
1159.8,589.92
1140.8,796.26
1148.6,1241.5
1147.1,557.08
1151.8,694.1
1148.9,31.622
1154.9,256.75
1153.8,312.98
1153.9,550.13
1154.1,620.43
1155.8,182
1158.1,229.39
1161.7,82.054
1165.3,1219.5
1170,429.04
1169.1,338.42
1166.2,823.58
1169.5,968.68
1170.4,358.89
1174.4,452.56
1176.7,829.76
1177,1045.4
1178.1,293.44
1183.2,460.92
1177.5,520
1179.4,856.33
1179.7,890.63
1180.8,158.93
1185.5,484.95
1180.5,698
1180.9,759.09
1184.5,721.96
1188.6,100.08
1184.5,435.5
1188.1,819.37
1188.8,608.85
1194.2,693.65
1193.8,342
1191.3,982.46
1191.3,314.17
1195.6,1158.1
1201.1,1050.7
1199.3,885.21
1203.9,1075
1202.6,634.41
1210.4,59.688
1212.5,825.95
1212.2,1000.8
1208,269.9
1214.1,332.69
1215.3,588.23
1211.9,1163.5
1213.2,355.77
1219.8,727.56
1215.9,850.34
1218.1,228.29
1222.5,68.246
1224.6,38.906
1225.1,349.27
1227.7,489.7
1227,1175.1
1226,148
1228.4,456.11
1227.4,804.5
1234.2,95.754
1230.1,591.7
1237.5,144.35
1232.1,787.59
1232.8,888
1240.3,329.51
1236.4,382.33
1241.9,457.44
1239,691
1244.2,403.3
1245.1,484.28
1244.2,684.14
1245.7,1099.2
1246,1181.5
1246.9,804.33
