10.755,398.34
15.046,816.77
37.091,191.09
42,767
45.75,889.69
79.486,1003.1
85.457,224.09
86,909.5
86.926,1040.6
97.383,1106.4
102.53,360.44
102.5,1087
116.37,830.37
117,427
156,89.588
175.93,1243
189.4,490.5
192.43,410.9
201.2,547.56
204.06,746.3
216.5,963
238.67,51.564
246.94,936.04
253.06,386.06
270.33,941
275.22,1238.8
291.44,328.27
301.83,804
309.22,461.41
316.09,819.09
324.85,500.51
325.1,1064.8
339.52,1242.3
340.69,1206.9
346.37,1226.7
360.41,569.89
362.94,676.97
367.16,735.47
381.34,35.375
405.32,1243.8
410.73,7.2542
416.59,219.72
427.5,37.5
428.95,1242.2
430,1046.5
440.81,598.48
440.83,282
442.93,380.93
451.21,1245.6
466.91,1247
471.43,1014.7
472.92,397.3
486,63.75
488.77,443.63
492.85,1156.9
514.96,946.97
520.52,796.71
520,50.25
543.57,571.34
548,412.87
549.68,395.83
551,466
556.54,258.47
552.83,816
563.47,1163.9
567.21,720.71
580.08,23.487
581.33,766.64
587.41,508.1
591.37,705.37
605.5,776.72
605.47,651.58
609.1,188.62
621,355.5
627.67,744.83
633.04,519.44
640.04,1178.1
645.99,898.84
649.95,828.05
670,1101.3
687.13,21.118
694.71,672.1
696,715.7
696.17,465
699,598.5
707.74,277.93
721.86,1132.8
723.59,1169.6
743.39,869.86
750.92,793.25
766.3,279.98
779,265.25
783.26,1146.2
788.2,1235.6
799.93,1121.9
813.92,5.1087
830.89,1225
840.56,725.72
860.66,679.52
860.37,494.96
867.61,1221
872.17,797.35
871.62,390.12
877.5,53
878.07,658.07
889.04,420.09
889.63,381.03
905.91,407.13
906.61,802.11
913,1047
923.4,981.89
924.47,834.15
950.11,1113.2
942.53,639.58
952.36,39.123
972.33,1218
996.88,347.12
1010.9,483.91
1014,720.5
1032.5,507.5
1037.6,1009.3
1037.6,889.35
1048,900.78
1054.2,755.9
1063,1109.3
1072.7,781.88
1083.5,514.52
1096.1,855.44
1102.6,115.4
1108.7,238.56
1109.9,1102.9
1125.8,778.9
1127,793.83
1132.1,456.35
1136,266.5
1139.5,1110.5
1147.1,652.96
1156.3,1110.5
1167.8,1084
1179.3,667.91
1177,339
1180.1,1005.6
1185.4,836.93
1186.3,705.28
1204.4,1036.5
1228.3,496.86
1238.7,993
1242.1,1193.6
