3.7805,51.012
4.0216,182.75
13.831,356.69
7.557,430.9
3,614.17
21.833,750.62
5.8721,1067.5
2.3519,1152.8
8,592.91
24.495,599.17
11.2,1107.2
24.327,1145.3
17.821,374.78
19.763,1229.3
21,48.429
38.431,442.99
24.878,391.98
25,118
27.923,545.46
27.868,108.82
36,801.5
56.607,566.3
57.304,654.99
60.305,1110.8
42.622,858.12
50.49,513.23
55.5,240
66.865,1038.7
84.145,1296
62.092,1274.6
65.949,909
74.735,479.81
68.462,952.32
73.308,1246.5
70.429,172.29
81.703,1203
71.244,1079.3
108.38,111.38
75.702,458.4
82.488,910.93
84.267,439.6
108.23,10.908
95.939,786.9
99.643,1249.6
102.11,437.44
129.3,907.73
123.49,729.52
108.91,644.2
114.58,1183.3
123.86,795.17
113.01,1155
113.57,663.39
128.32,419.06
136.72,1115.9
134.31,688.29
127.22,1193.4
413.38,856.64
127.23,875.91
139.11,569.26
135.23,624.07
139.83,755.76
156.47,625.09
146.15,742.58
148.71,1126.5
156.13,377.39
151.91,420.48
154.17,938.63
186.58,672.24
162.72,724.95
204.77,10.769
163.13,118.89
155.75,1210.8
204.6,429.1
164.87,1077.9
170.96,1128
166.96,1198.9
178.7,814.42
173.09,366.43
172.6,944.65
172,782
197.01,881.58
207.99,1084.4
190.88,1186
177.44,41.8
201.12,92.095
191.34,641.41
181.83,1048.1
198.19,755.95
224.9,1033.4
214.92,360.33
243.95,38.871
211.18,915.93
211.04,600.44
214.59,444.82
225.37,568.2
229.68,830.54
216.26,1107.5
216.38,643.26
218.8,734.18
231.09,119.11
228.23,706.57
222.75,790.85
246.95,526.25
234.44,857.92
231.5,767
258.5,781.66
236.68,1105.9
234.11,1185.4
240.65,807.57
252.65,576.83
330.53,79.403
259.58,556.82
316.14,1070.1
264.24,328.27
258.91,287.57
261.82,638.82
263.97,537.13
267.91,1125
269.73,711.77
303.11,31.901
283.81,835.46
293.62,1030.7
279.04,1057.7
277.83,1005.7
290.27,571.38
287.15,214.49
287.03,371.21
288.58,543.23
285.35,981
292.91,882.46
288.17,952
293.12,139.64
309.86,330.22
302.78,971.11
303.6,539.74
304.97,280.54
308.61,227.92
312.76,882.95
313.21,1042.5
326.59,798.52
316.28,544.52
319.67,989.76
317.09,480.8
320.61,757.61
353.26,1106.8
326.58,528.7
353.95,1015.5
329.93,1141
357.53,835.99
327.45,462.55
326.42,486.11
341.15,210.02
343.9,529.9
349.24,1179.5
348.33,625.68
357.31,865.86
347.2,486.59
353.15,738.33
344.6,457.6
396.9,185.44
356.2,453.52
355.15,222.15
385.19,506.87
356.53,981.58
362.35,589.31
359.57,412.43
360,385
369.65,752.06
367,966.67
407.98,580.44
376.25,772.42
373.96,431.42
376.07,456.14
377.5,967.5
380.43,685.06
382.12,812.88
385.76,673.52
390.34,798.09
444,1008.5
388.04,1029.1
394.5,831.64
403.52,958.37
421.14,903.42
408.97,1086
407.68,1116.1
416.01,633.87
413,453.5
418.29,731.18
414.32,1169.8
418.88,361.76
426.19,1319.4
419.12,1126.2
425.28,818.18
423.93,445.19
426.58,1145.1
427.64,765.78
425.59,750.06
430.41,472.09
460.25,608.21
465.64,1110.3
446,753.51
498.5,384.11
441.76,442.88
437.88,1063.4
441.87,1052.6
447.41,486.84
443,626.5
443,953
515.66,55.523
446.5,890
478.65,936.9
462.39,875.73
464.53,484.1
460.19,436.74
462.92,749.46
470.07,893.14
505.63,978.78
472.5,381.5
478.45,738.73
482.78,452.81
480.44,572.47
499.48,698.82
489.14,364.02
499.54,873.13
506.84,81.429
501.5,128
523.37,441.15
513.42,1053.8
550.33,983.25
535.33,5.0061
529.78,1084
544.26,1112.5
538.51,1098.1
547.77,1024.6
545.44,402.76
554.19,453.52
548.44,912.8
549,543
548.96,487.7
563.54,384.78
565.97,1128.5
562.55,417.58
589.92,638.59
567.81,986.06
570.55,29.065
580.88,520.71
577.19,362.25
576,501
582.73,3.9211
582.61,295.22
588.77,226.45
600.62,315.28
604.24,456
585,1003
586.21,1153.6
630.08,195.51
589.23,940.06
594.87,909.03
603.97,374.03
608.27,803.94
608.43,828.41
613.18,1216.2
606.89,152.58
608.24,1182.7
619.45,410.8
625.66,1296
620.11,368.42
626.9,272.18
622.61,1264
632.43,979.76
629.71,628.99
626,757.5
630.8,917.55
629.65,357.51
645.81,606.24
636.5,843.31
663.62,424.88
643.79,10.096
641.48,297.23
643.31,33.155
641,558.5
644.76,1330.7
662.88,2.72
677.34,355.23
691.67,115.11
669.75,1234.9
685.01,925.49
678.43,1321.4
675.03,972.58
682.72,1001.3
681.7,288.15
680.95,1039.9
684.26,267.81
693.56,1033.1
690.17,286
692.11,212.58
692.42,1045.6
695.47,2.6389
743.02,538.51
719.77,490.79
737.66,1300
699.47,973.47
745.28,1097.7
702,504.67
714.54,612.93
704.93,823.27
711,435.11
723.3,1005
715.65,878.19
725.68,853.32
721.3,954.27
737.56,210.84
737.89,424.01
756.65,851.54
733.6,910.55
744.65,1149.3
736.66,1226.8
739.14,315.92
749.45,582.97
738.95,269.56
746.61,662.69
739.89,155.57
739,369
742.15,451.22
743.68,513.2
744,987
745,367
750.74,157.09
749.63,1248.9
750.13,295.11
758.4,475.38
760.08,268.9
766.64,942.91
770.83,596.39
772.97,458.77
778.03,1010.7
799.71,907.87
774.29,390.71
779.67,474.07
795.63,723.07
781.63,1262.9
779.72,572.98
782.13,1199.4
782.37,412.63
783.85,773.49
791.84,869.82
793,556.81
785.83,751.67
790.42,1131.1
796.32,455.83
792.5,1117.5
800.86,766.31
825.85,619.39
815.9,967.35
805.98,1328.4
823.32,421.21
801.67,476.36
804,522.67
808,534.71
810.9,1154.2
811.86,805.71
815.55,383.69
816.98,558.55
820.94,1167.8
819.4,1323
819,445.5
835.59,480.24
849.51,1199.4
824.68,751.33
825,726
853.25,1079.8
829.26,1135.2
852.98,803.7
844.42,1041.9
882.8,758.99
850.23,921.45
853.31,554.1
858.95,929.93
858.73,1300.3
867.96,846.46
860.08,693.92
861.5,613
868.58,608.11
878.28,1315.4
875.81,546.26
877.08,1124
879.89,957.45
879.06,1292
882.4,1283.4
887.61,1110.1
886.22,1213
888.29,813.12
889.72,544.1
975.43,621.92
933.77,1089.7
898.5,917.5
921.62,806.86
905.71,1063
960.14,149.05
910.4,660.4
920.31,669.83
922.35,154.17
922,755
923.59,873.98
928.46,1050
932,657.85
928.17,906.6
930.06,757.59
942.35,686.09
935.5,538
939,840.5
940.61,864.52
950.74,280.63
951.04,1016.5
963.24,48.136
951.72,343.51
951.83,885.17
952.09,840.59
961.88,782.73
954,5.5
985.75,1146.6
972.91,1042.5
967.11,1238
962.6,360.04
964.12,898.71
972.73,1257.2
1007.1,324.43
973.24,374.85
971.54,695.95
975.1,824.26
970.52,259.84
973.53,1121.7
973.93,621.67
974.33,937
976,302
987.15,987.71
982,299
982,619
987.62,510.04
1073.2,1151.9
986,1268
1045.8,224.14
1001.7,152.2
990.75,1263.2
992.59,1098.1
996.92,1022.2
997.62,1255.2
1085.4,293.72
1009.1,1310.1
1008.7,1283.6
1009.1,754.85
1028.9,53.559
1018.6,811.55
1018.4,493.64
1026.5,178.02
1027.8,1107.6
1026.2,712.17
1022.9,791.57
1024.9,693.21
1025.1,1179.4
1031,1264.1
1054.9,762.38
1032,1130
1049.2,819.09
1029.5,1065
1030.4,1073.8
1047.3,117.56
1058.2,911.09
1039.9,1219.4
1088,1236.2
1056,378.73
1052.6,572.27
1050.3,1253.1
1051,166.45
1064.6,720.04
1050.2,974.91
1059.9,934.32
1066.4,1321.7
1071.5,264.02
1075,734.75
1070.4,341.49
1069.9,88.094
1074.7,1191.1
1079.1,71.843
1093.5,1319
1101.6,172.64
1104.2,400.11
1090.5,292
1099.3,225.66
1097.8,895.24
1098.7,769.67
1096.9,1293
1108.3,610.81
1099.7,1172
1105.3,1067.3
1109,1278.9
1118.9,200.49
1105.9,638.49
1106,1135
1110.8,279.45
1113.3,808.69
1133.1,750.57
1125.5,840.74
1123.3,655.91
1139.9,60.48
1165.3,712.84
1124,1280
1212.8,115.26
1140.3,284.4
1133.1,1135.1
1140.2,224.11
1141.5,325.52
1152.3,1044
1139.3,250.6
1146.8,774.36
1141.7,1100.1
1152,1298.4
1161.4,642.3
1188.7,241.27
1157.1,1181
1156.4,487.39
1157.8,9.1064
1157,1072
1224.3,1164.6
1163.6,1072.5
1171.2,1011.5
1163.7,1135
1169.4,209.35
1191.2,1079.3
1175.3,1237.8
1189.3,321.11
1182.8,291.57
1180,37.333
1183,188.1
1202.7,429.38
1191.8,174.28
1197.8,298.65
1228.2,526.83
1198.7,626.16
1197,260
1201.2,1023.7
1209,593.07
1218.1,1199
1223.8,141.65
1219.3,732.95
1267.2,357.41
1226.8,487.27
1227.5,1057.5
1252.8,619.2
1228.5,772
1231.8,390.32
1241.3,556.32
1249.4,1320.3
1240.7,585.37
1266.5,676.3
1238.5,1068.1
1233.3,417.87
1244.8,1014.5
1286.1,1019.4
1248,384.91
1257,490.69
1250.1,991.62
1254,441.69
1260,210.07
1271.9,14.139
1272,405.71
1273.3,1330.9
1305.9,1204.4
1274.5,238.12
1279.6,385.79
1284.2,475.63
1287.4,1096.8
1288.6,1327.4
1298.9,511.39
1309.7,16.21
1293.7,445.17
1295.8,1307.2
1317.2,590.91
1301.9,32.808
1312.3,1096.1
1320.7,930.72
1321.7,751.9
1323.5,76.313
1313.5,443
1322.4,1294.8
1318.1,34.125
1322.3,473.71
1330.2,715.19
1330.8,680.84
