7.1223,495.81
3.1905,624.32
6.5833,778.93
9.839,422.42
12.091,284.32
9.4603,583.06
17.458,222.91
18.392,622.75
17.4,485.4
28.552,902.75
34.099,55.154
30,461.5
35.539,579.76
40.462,947.02
43.135,513.7
43.627,484.51
45.945,982
49.172,1222.9
56.554,654.05
58.32,936.5
57,960
60.832,170.18
68.5,922
71.926,491.41
73.067,649.93
81.265,474.18
82.947,1181.3
82.455,1225.1
83.877,611.68
83.568,841.05
100.35,965.17
109.13,28.889
114.88,969.1
119,882.5
122.41,206.93
124.92,590.46
130.59,814.28
129.41,412.07
133.7,995.39
145.34,1064.3
145.81,1244.2
148.82,1103.2
158.77,610.65
158.39,535.5
166.24,641.69
165.58,676.11
171.03,825.74
176.26,518.2
178.34,455.81
179.44,313.65
183.64,238.19
185,994.86
192.67,1024.7
200.02,1171.4
199.92,53.465
199.43,637.2
207.22,588.6
204.52,705.36
209.03,748.79
208.64,788.68
209.76,1056.4
215.95,453.19
212.5,1131
217.21,671.19
223.4,658.56
225.9,703.12
223,975
246.48,909.58
246.72,626.12
254,232.5
259.35,4.4907
261.25,911.62
262.17,1093.3
264,667.84
264.1,192.69
266.41,1214.1
264.33,331
275.41,611.14
277.74,1065.5
289.82,458.49
292.09,990.92
297.84,688.83
299,417.75
305.89,361.41
313.18,150.33
313.21,764.52
313.2,1103.3
316.93,1084.5
327.39,1063.9
342.84,590.99
344.81,68.284
347.94,847.98
343.42,820.89
346.5,996.5
354.6,1088.9
354.56,676.85
361.76,971.75
363.58,1016.8
366.2,880.93
370.14,76.136
369.06,207.3
372.39,624.61
373.36,1165.7
374.5,118.39
377,1077.5
386.22,1226.4
385.91,318.93
389.24,958.97
396.82,143.41
396.68,628.78
402.08,1186.3
401.78,1011.5
412.54,1105.2
409.92,421.44
417.87,749.57
417.67,24.368
420,912.12
422.77,323.27
421.91,816.88
428.24,985.14
424.26,1158
435.26,952.28
443.91,590.09
447.98,1212.6
450.9,969.58
454.52,725.15
457.33,684
459.83,414.07
468.61,73.136
471.15,606.46
476,475.66
474.62,811.38
481.56,177.36
482.03,739.25
482.85,1040.1
484.88,1063.4
487.75,946.4
486.93,101.44
489,1148.2
492.5,327.11
493.94,341.06
500.18,1071.4
500.68,1057.8
512.5,406.5
518.17,956.72
520.12,628.83
528.61,180.34
530.36,1024.5
532.47,994.28
537.04,764.05
536.77,90.426
540.9,343.12
545.67,978.46
545.63,376.37
548.25,753.06
552.61,236.39
554.8,1087.1
574.24,381.32
569.91,439.91
572.39,463.39
572.5,90
578.42,1176.7
582.61,738.13
586.05,1153.3
590.42,756.42
599.46,1022.6
599.58,873.11
610.74,1159.6
608,202.5
607.78,537.44
612.91,575.24
612.5,983
613.1,1010.6
621.9,1200.8
621.17,244.49
621.85,911.71
623.86,134.3
628.2,923.68
638,925.5
639.83,746
641.42,718.58
642.78,76.444
645,198.5
651.99,904.33
651.33,1099.6
656.07,820.41
662.69,23.671
658,993.5
662.77,713.36
665.99,191.37
669.56,793.58
668.61,1246.6
672.22,93.397
672.45,1118
671.53,1139.8
676.68,914.78
681.95,468.39
684.52,1030.9
684.81,1093.1
691.79,6.6372
691.5,341.5
699.01,899.83
702.42,811.68
699.24,1101.6
703.68,367.45
706.76,123.98
708.31,995.17
711.59,935.15
712.17,979.37
717.69,164
714.33,473
719.79,1158.6
722.56,360.44
726.12,762.94
728.38,930.16
727.2,1041.1
727.97,47.033
734.91,781.91
742.87,414.38
743.39,155.39
748.43,266.17
747.26,686.96
753.56,1051.8
755.61,551.64
756.12,772.4
757.44,429.95
764.37,31.632
768.94,148.3
780,388.5
791.49,281.3
794.64,1039.8
794.43,519.66
803.3,428.39
800.12,993.67
804.07,181.99
809.5,1109
812.07,372.2
818.66,711.62
827.06,1243.3
829.47,127.12
828.22,1125.3
837.48,1044.3
843.56,435.35
847.47,232.46
852,726.66
853.98,856.74
860.05,276.01
858.37,494.17
864.64,650.6
864.45,1171.8
870.89,170.82
875.48,322.78
875.1,132.73
874.96,156.62
879.39,690.61
880.41,1137.9
883.18,434.35
898.96,69.267
897.1,725.62
901.57,511.67
918.55,357.06
930.39,435.25
933.2,167.61
931.03,313.56
937.23,113.93
940.66,806.26
940.79,627.26
941.61,379.87
944.68,833.78
955.65,187.99
956.62,589.59
954.67,213
954.58,637.89
962.62,153.66
966.69,361.09
970.78,725.13
972.26,675.59
979.01,399.1
976.08,313.08
979.58,827.64
988.43,590.27
985.42,109.55
987.38,123.62
1000.5,303.27
1009.2,243.12
1010.6,994.95
1021.6,651.84
1019.8,978.3
1021.6,896.42
1027.1,826.29
1031.5,691.2
1036.2,779
1043.6,51.73
1042.5,1001.8
1046.2,246.82
1045.5,1.8
1045.9,190.2
1045.5,381.13
1047.8,1041.7
1052.4,419.25
1049,937.13
1052.1,888.97
1051.5,725.73
1051.4,826.63
1057.2,228.31
1059,46.5
1059.6,642.58
1065.5,1224
1067.4,1163.6
1072.3,875.42
1077.4,775.11
1085.3,352.99
1086.3,265.55
1086.1,676.98
1099.4,891.61
1099.1,340.05
1104,489.03
1112,653.55
1116.4,215.09
1118.3,489.36
1118.6,49.611
1121.5,71.969
1121.9,284.63
1128.2,522.36
1128,831
1127.3,472.01
1129.1,10.8
1129.5,619.5
1131.8,904.26
1130.6,332.07
1140.9,867.44
1142.4,341.59
1143.4,621.07
1144.6,841.75
1146.5,157
1147.9,304.05
1149,290.15
1152.1,1182.4
1154.5,198
1164.8,799.77
1160.4,420.76
1164.5,736
1164.5,1003.5
1169.5,1106.7
1171.5,1211.2
1172.5,73.5
1173.4,927.11
1174,961.5
1195.4,1214.4
1200.3,281.37
1200.3,974.37
1200.3,375.95
1200,440.17
1203.1,127.41
1209.7,859.84
1209,942.25
1214,688.64
1216.9,619.41
1219,1070.4
1227.2,157.05
1225.6,454.14
1227.9,587.86
1227.6,901.11
1232.5,517.48
1233.2,1120.2
1236,253.69
1240.6,563.01
1244.4,340.56
1245.4,97.591
1246,865.97
1246.2,707.56
