1.8947,376
3.4507,401.24
10.146,490.68
9,777.45
9.1509,620.26
13.862,282.35
13.171,917.83
18.884,223.58
14.795,386.23
15,419
20.049,621.58
26.962,902.75
33.397,252.63
36.157,52.759
35.5,729
40.454,1101.1
41.973,41.635
41.812,761.81
45.167,512
50.552,610.84
48.88,979.5
56.327,1214.1
59.615,840.66
62.563,168.24
67.8,155.56
73.157,489.11
79.154,885.98
84.299,1179.8
84.5,839
88.798,664.97
94.559,575.75
106.18,11.28
112.75,970.67
121,879.92
124,205.5
124.07,608.91
132.33,813.11
131.35,955.08
135.03,1223
136.04,993.03
143.21,722.14
145.54,699.03
147.34,630.08
151.69,1101.7
153.88,1176.7
159.63,533.7
160.67,802.72
161,660.5
161.47,1028.7
173.5,641
187.11,1178.2
187.92,236.33
187.07,298.41
197.35,1019.5
191.76,1219.1
203.04,1169.7
196.5,376
200.95,1127.9
198.5,186
199.46,605.44
201.19,634.88
202.04,981.19
202.07,51.955
201.58,957.45
210.85,787.6
209.79,543.5
215.13,122.2
213.86,523.5
217.82,451.45
227.11,697.27
226.58,393.18
232.66,677.47
248.65,908.35
255.95,230.68
259.93,463.09
263.2,254.45
265.18,666.55
262.84,910
267.44,1212.9
268.67,936.83
273.41,639.07
276.73,609.57
279.14,492.14
278.16,698.43
280.7,630.82
281.45,789.55
292.98,987.95
291.06,456.91
307.98,1134.8
307.58,359.58
315.03,151.06
314.46,1101.2
316.37,118.52
320.59,1083.4
322.07,1217.1
344.1,591.63
336.66,437.61
347.43,846.2
339.5,1052
341.42,154.89
347,66
355.71,245.5
356.04,1087.4
356,668.83
359.28,1061.3
367.12,1014
368.12,883.95
371.43,686.02
374.4,712.8
374.54,622.35
376.41,116.94
378.14,833.86
378.71,963.85
380,935
387.47,1225.5
387.69,316.11
388.43,903.95
391,957.66
395.39,1152.1
409.49,1105.6
403.06,1184.5
407.86,443.14
413.5,772.5
415.97,468.08
419.15,747.78
418,166
424.01,321.65
424.53,731.22
424.44,815.95
428.26,154.51
433.13,981.96
428.05,1103.5
452.08,967.92
458.87,681.59
456.8,724.17
460.77,410.54
460.57,627.91
469.62,72.415
465.38,862.78
473.74,336.8
473.12,603.12
472.09,793.91
477.85,473.5
476.61,808.86
482.36,176.61
483.67,1036.8
490.92,1146.2
494,325
500.69,55.272
500.91,1069.9
509.41,465.29
514.04,405.13
520.7,1080.2
520.12,955.55
519.92,335.08
525.43,264.9
525.48,871.62
535.19,793.01
536.5,988.5
542.54,947.83
546.36,744.98
547.12,243.5
551.5,1245.2
551.74,665.21
552.42,614.58
555.35,1032.1
559.86,1226.6
560.9,142.5
562.34,307.44
574.25,87.951
575.71,379.61
578,493.5
582.72,1177.1
583.42,735.42
586.32,1209.6
585.67,94
586,253.83
588.38,1151.6
592.13,754.87
598.26,641.14
599.67,1122.6
601.5,1212.5
610,201.25
615.91,57.48
611.91,270.6
617.39,312.14
619.35,1001.5
620.09,428.4
621.08,548.03
621.24,1195.7
628.38,512.37
625.44,132.52
628.61,922.04
634.69,939.73
633.06,219.65
640.74,963.14
649.45,89.383
652.18,265.4
652.54,902.76
654.67,980.44
660.98,26.218
661,1135.5
660.44,961.8
664.94,291.45
667.86,188.44
671.79,791.59
670.4,1245.4
678.45,679.21
688.5,905
690,297.83
700.43,1099.7
703.79,808.24
700.5,898
708.47,122.34
707.15,366.55
713.58,978.11
713.62,160.73
711.4,847.89
722.17,1155.9
713.96,754.54
719.58,1056.1
725.6,1044.7
725.73,358.5
727.41,560.76
730.18,928.11
726.93,77.067
728.07,761.05
730.9,40.902
738.57,1239.7
740.06,450.47
744.73,412.98
743.58,464.13
749.91,263.87
748.91,479.57
751.61,495.88
754.65,773.17
752.35,423.85
757.32,550.41
763.86,1084.5
770.5,60.364
770.72,146.47
773.16,765.77
773.5,1134
776.38,341.38
780.19,390.25
792.12,561.25
800.68,1034
793,684.5
795.57,716.41
802.54,991.17
806.08,180.03
805.33,425.95
812.26,868.99
830.45,127.14
826.74,514
830.28,1124.1
835.85,100.54
841.41,360.72
845.06,433.91
845,633.5
851.02,550.69
852.14,1153.9
855.98,953.59
854.09,725.01
856.13,855.46
854.4,560.6
861.56,274.65
867.03,648.58
879.27,319.34
876.98,131.26
881.4,1135.3
885.78,621.54
900.91,66.885
902.11,508.9
920.91,355.3
920.9,453.19
931.56,606.25
933.05,498.46
936,114.37
936.27,949.02
941.69,803.62
947.06,831.86
957.3,587.26
957.59,186.11
972.61,722.86
977,861.5
981.22,826.25
981,995.82
995.42,586.7
989.58,120.79
995.91,231.83
999.42,558.89
1003.5,300.44
1008,127
1021.9,650.05
1021.8,378.71
1022,976.74
1026.9,273.57
1029.2,824.11
1031.7,1086.5
1039,777.3
1045.7,80.597
1045.9,246.13
1045.5,1001.1
1045.6,49.643
1047.7,189.15
1050.7,934.94
1049.5,1039.9
1054.7,416.56
1052.8,724.26
1054.1,887.33
1057.7,795.97
1058.9,225.46
1059.8,460.5
1064.5,1192
1073.5,874.04
1074.9,86.143
1078.1,1214.3
1078.9,772.56
1083.4,384.2
1081.6,1183.5
1088.2,350.72
1088.1,675.11
1106.1,657.61
1101.6,137.43
1101.5,882
1105.3,1049
1105,487.5
1108,898.07
1112.2,1081
1123.6,70.021
1121.5,48.433
1131.7,517.93
1124,284.4
1128.8,697.64
1128.5,470
1129.2,827.73
1130.3,328.74
1133.7,903
1144.7,340.32
1146.4,839.26
1143.5,589
1146.8,721.43
1146.7,1197.8
1152.4,289.2
1158.1,463.38
1166.6,796.78
1165.5,1001.2
1163.7,715.11
1173.3,70.622
1172.7,1209.6
1172.4,885.13
1173.5,137.2
1174,394.5
1182.6,203.39
1185.1,417.39
1184.1,878.08
1185,1066
1187.9,1180.5
1197.3,1213.3
1197.8,243.38
1197.4,718.89
1199.8,282.09
1201,375.46
1200.2,442.5
1200.4,976.11
1205.4,800.96
1210.9,857.32
1209,998.86
1211.6,227.37
1213.1,14.459
1214.5,910.81
1219,618.07
1215.4,686.91
1220.1,598.2
1223.1,1089.8
1229.1,155.43
1231.3,419.09
1235.1,515.97
1238,252.4
1235.5,1009
1241.3,1073.9
1245.1,96.866
1245.8,337.78
1245.7,551.44
1247.1,862.5
