4.8506,161.92
4.3538,734.94
4.0538,805
9.0333,75.395
8.7647,117.76
8.0769,459.44
8.3333,496.17
10.5,896
15.789,1013.4
17.542,967.39
17.696,1075.8
17.5,986.04
17.884,692.88
21.116,1192.1
29.188,1220.8
34.755,494.69
35.083,809.08
38.3,205.23
38.636,214.82
43.25,125.25
41.54,258.2
46.545,359.45
40.091,580.09
47.395,683.8
48.634,195.99
53.443,580.72
51,607.83
55.298,467.46
56.389,516.19
55.541,339.22
56.857,314.14
58,392.5
64.4,926.15
62.317,594.6
62.115,487.65
63.8,258.93
64.884,93.521
66.427,543.28
68.547,752.36
66.167,443.57
66.333,166.08
65.421,478.11
67.906,507.06
75.573,573
72.885,1042.7
74.074,288.41
75.5,935
80.458,879.34
86.472,1090
85.858,35.47
81.671,695.41
88.736,69.128
89.145,834.8
92.697,247.81
91.568,547.56
92.5,948.5
91,147
100.01,400.19
102.84,432.82
101.72,363.24
105.9,1093.4
106.68,127.25
107.94,1053.3
105.04,304.57
105.81,1185.9
106.84,511.44
108.32,654
111.76,383.95
110,502
113.57,446.06
114.33,490.44
112.5,967.5
124.47,606.3
115,788.5
117.53,7.3125
117.68,695
120.62,630.09
125.83,762.27
123.88,89.871
124.93,344.13
125.02,726.49
125.77,915.96
128.75,1100.7
130.48,167.01
129.09,384.02
130.42,975.69
131.83,199.46
131.92,446.64
131.89,804.51
131.53,65.49
132.17,309.77
132.95,741.81
132.42,572.94
141.07,293.93
137.62,346.06
139.31,481.31
147.66,465.92
149.26,1123.8
151.88,449.43
152.04,833.82
152.58,170.89
163.19,803.39
157.45,48.667
158.06,481.17
160.32,897.26
163.44,864.54
162.5,1068
163.5,1154.5
164.92,200.08
169.72,259.07
169.61,98.672
175.45,330.69
169.5,375
178.24,2.2
182.76,991.54
185.45,43.591
184.97,181.75
185.06,216.91
192.32,446.91
193.88,658.79
194.39,1192.7
200.12,412.26
203.67,159.43
202.32,3.6111
204.06,827.32
204.08,308.3
202,1049.3
204.7,1153.8
204.38,386.5
206.13,1013.3
216.68,919.45
216.49,782.85
211.07,1086.6
212,1027.3
212.5,759.5
218.38,263.12
215.37,981.45
220.6,296.36
217.5,642.65
225.67,387.98
223.16,447.43
226.97,502.91
226.55,545.05
224.04,866
228.1,1061.3
228.71,996.64
233.34,271.46
234.77,728
233.42,1230.1
243.49,717.66
239.75,1097.2
243.83,405.87
249.22,349.53
256.38,681.1
250.5,1008.5
252.77,462.88
249.58,581.89
261.09,259.21
255.42,74.455
261.2,1139.1
270.35,916.2
270.15,17.227
275.98,1018.1
273.74,1041.7
276.61,821.78
272.42,1060.1
276.44,147.77
277.12,964.64
280.61,429.14
284.95,510.93
287.77,620.07
285.89,742.38
284.44,869.3
289.19,1060.9
293.48,560.67
294.17,304.72
294.44,832.2
294.83,662
295.62,33
303.21,22.031
302.58,1196.1
307.87,428.24
307.09,539.05
310.5,82
316.58,342.07
320.93,473.95
321.75,900.21
320.94,536.91
324.07,1186
324.58,156.58
325.31,755.79
326.74,356.32
332.49,234.61
330.94,249.55
331.13,571.79
339.03,887.89
341.26,1093.6
338.16,1232
349.88,799.92
340.3,324.92
342.39,286
343,645.9
353.09,53.498
345.43,385.47
347.07,334.93
349.69,82.531
349.57,36.057
351.2,199.98
350.93,524.59
353.74,877.97
358.65,115.6
355.27,572.96
356.93,1152.5
364.13,524.68
365.11,3.8161
361.14,73.857
364.51,981.92
362.25,1015.9
364.94,306.02
365.58,915.57
368.17,936.8
369.74,772.35
369.07,337.19
372.76,732.65
372.32,82.714
372.74,94.553
377.47,72.099
372.45,161.58
379.4,142.07
378.27,182.44
379.28,1103.2
379.68,241.54
382.17,124.86
384.64,105.01
383.4,760.5
384.29,608.29
384.5,1009.5
389.86,453.17
388.57,475.95
392.63,1025.9
396.4,1214.3
402.72,1241.7
397.5,712.26
397.5,890.65
402.09,1183.4
401.38,915.05
404.1,992.42
402.58,491.58
405.8,1103.8
406.05,350.97
407.19,457.71
407.14,556.66
404.56,1164
411.02,697.44
410.85,164.01
414.95,330.11
418.77,1071.1
418.63,55.5
417,180
434.55,733.44
420.74,876.61
423.18,1210.3
420.14,205.53
420.26,1170.1
419,399
426.25,860.57
427.67,703.68
426.82,743
424.7,942.17
432.98,516.94
436.02,1054.1
434.23,10.588
432.59,946.81
438.66,52.375
450.08,754.61
452.15,328.07
456.5,409.88
454.37,684.37
460.72,558.71
458.18,1043.2
461.96,739.78
461.16,1104.7
459.5,772.5
461.88,110.88
461.09,835.91
465.81,303.53
468.7,1070.4
471.39,361.4
475.83,979.01
476.18,860.42
472.46,1042.1
489.52,34.178
479.03,422.34
476.05,1025.2
482.28,157.47
478.05,238.07
487.28,124.8
486.17,451.1
483.18,1177.3
484.42,1143.9
485.12,88.306
489.01,1217.4
488.08,801
491.22,1132.4
495.55,57.009
496.59,1031.3
496.85,957.35
506.12,91.649
502.56,1074.6
506.5,1134.3
510.03,269.67
509.5,1203
517.33,393.51
512.08,432.92
513.85,527.46
517.09,138.41
519.83,1164.4
519,987.93
521.23,201.23
515.5,699
520,50.5
523.9,823.12
530.84,246.11
530.81,349.05
529.6,35.173
531.45,173.32
532.77,222.54
533.2,69.592
539.14,610.11
535.73,852.01
536.22,514.7
539.44,371.14
542,562.84
546.52,862.97
549.29,76
555.06,447.92
550.39,970
555.33,1083.9
552.9,823.38
559.13,567.06
556.46,422.29
558.14,593.52
565.66,201.96
570.66,677.18
568,461.5
570.43,312.57
573.77,486.65
579.96,1069.1
580.25,207.95
580,975
581,1112.5
581.5,60
581.95,185.07
585.12,257.78
586.97,808.16
587.05,901.05
593.54,382.63
594.38,1147.8
598.7,2.25
605.97,428.56
603.38,392.38
605.09,218.95
611.91,112.98
615.62,318.19
613.06,1245.7
616.36,762.14
614.57,279.53
616.91,522.5
620.96,965.51
617.68,1062.9
617.59,156.93
619.39,738.85
621.26,1186.2
621.94,189.82
625.21,38.973
623.63,361.63
628.45,209.16
627.5,1059
628.13,1221.1
627.86,346.14
628.43,68.571
637.91,5.7358
640.75,261.27
640.48,422.08
637.93,288.59
642.24,644.21
639.89,330.53
642.25,883.84
646.17,181.28
643.35,661.14
647.81,811.42
646.83,41.933
648.08,316.02
649.19,343.74
651.23,944.62
649.43,290.61
652.72,633.78
658.65,194.5
660.68,275.06
662.56,596.77
667.35,235.55
663.2,377.34
662.44,1096.9
671.25,328.25
672.45,29.792
669.5,939
671.87,408.99
669.43,1244.6
672.73,198.59
671,253.5
672.46,672.92
675.9,539.5
674.86,272.5
678.18,1126.5
681.18,426.89
680.63,294.51
682.62,101.5
684.8,486.46
680.42,1170.1
686.05,404.55
691.95,1221.9
686.91,1109.1
697.45,1183
688,161
702.01,209.43
689.09,474.11
693.62,753.15
690.5,248
696.72,283.21
693.36,900.01
694.08,802.75
696.82,1246.8
697.59,300.41
700.93,600.35
707.6,190.11
706.28,694.33
707.93,258.24
705.76,548.96
705.5,92.5
706.5,1247.5
713.61,329.73
709.94,636.24
708.47,907.47
709.09,364.91
714.88,496
717.41,835.56
713.67,287
722.02,7.1887
722.59,49.75
728.49,698.67
728.16,570.73
731.26,128.66
733.28,1140.4
734.16,189.76
731.42,1121.1
733.17,916.3
737.95,752.78
740.26,565.97
740.43,93.959
751.89,811.23
747.87,1018.8
745.56,932.75
752.73,87.341
757.84,551.44
757.44,224.47
760.1,856.12
757.39,950.96
761.35,776.61
760.59,1092.9
770.86,210.54
761.33,796.53
764,124.83
770.79,181.14
777.66,1106
776.73,455.44
782.37,82.49
781.94,1241.1
785.04,49.296
783.07,240.44
785,662.83
787.11,626
787,1176.5
792.76,28.534
794.52,116.9
798.5,1118.1
808.62,1072.6
803.98,930.12
807.16,463.5
810.27,817.87
806.44,70.92
809.05,1157.9
814.42,1193.1
826.43,84.653
831.91,158.82
821.41,241
826.5,801.05
829.26,1184.3
834.37,742.85
831.12,30.923
834.47,942.91
836.37,574.67
844.35,246.44
845.74,1191.7
847.81,71.178
850.56,842.89
846.76,440
848.5,10.5
853.05,1238.9
852.05,226.05
853.61,31.139
864.11,364.6
855.89,920.37
861.14,1198.4
859,156.82
860.38,174.98
863.42,55.895
879.7,1156
866.89,591.58
880.12,86.525
871.06,938.43
872.94,332.89
874.09,996.97
874.59,216.2
875.68,1240.2
877.23,353.52
879.19,691.7
883.29,1051.7
888.08,104.27
888.43,422.55
887.52,962.61
885.07,180.59
886.54,524.08
894.71,1203.4
896.25,898.45
896.93,639.41
900.17,675.48
900.56,93.04
901.95,709.84
909.31,726.87
907.15,56.447
911.99,528.73
910.45,384.69
910.4,707.4
914.23,245.16
917.07,629.83
920.77,903.73
917.42,1138.4
919.07,67.535
922.13,381.88
919.06,593.67
923.43,937.76
930.59,1094.1
928.53,443.94
939.48,405.48
931.89,659.08
933.42,994.92
934.57,73.185
938.28,230.8
937.08,590.32
940.2,738.62
937.5,813.5
942.99,200.76
947.71,181.92
948,884.5
950,360.5
955.22,1185.8
958.12,243.02
958.95,669.61
960,859.09
967.56,9.4485
964.74,311.93
966.09,83.091
972.26,683.89
977.86,484.94
979.58,136.44
979.14,1037.6
986.79,383.39
989.89,2.1429
989.4,757.24
992.64,932.52
990.03,83.9
990.57,638.32
993.24,501.77
1001.1,676.56
1008.5,429.83
1003.3,470.56
1004.5,590.51
1005.8,962.43
1008.8,491.71
1007.9,184.43
1011.3,212.82
1011.6,290.07
1013.9,1175.8
1017.9,318.21
1016.4,559.39
1017.8,762.45
1020.4,1011
1028.8,154.38
1027.6,561.27
1027.3,530.32
1029,355.88
1030.1,647.83
1037.3,683.9
1034.3,231.06
1043.5,505.05
1043.1,741.93
1044.9,803.17
1045.7,87.411
1045.2,618.65
1042.8,543.75
1052,457.03
1052,551.5
1053.2,1130.4
1057.7,269.32
1064.2,404
1054.9,1222.4
1066.9,1190
1061.5,774.57
1062.3,906.86
1059.3,942.45
1062.1,8.6607
1066.1,195.58
1065.4,434.78
1066.1,1058.9
1071.3,1236.3
1067.4,657.92
1068.1,177.91
1070.2,118.84
1073.5,929.5
1071.9,943.41
1074.7,249.54
1072.4,541.61
1079.1,803.58
1084.1,1059.3
1086.7,82.582
1083.2,452.51
1083.2,916.7
1085.9,115.29
1088.4,365.93
1084.2,748.44
1087.2,193.7
1084.6,301.4
1089.1,398.19
1092.6,473.13
1086.7,938.92
1089.7,26.91
1089.5,620.5
1091.7,1103.5
1092.4,646.5
1099,419.65
1098.6,716.26
1096.3,240
1099.2,626.09
1104,17.161
1107,938.03
1108.6,1048.8
1108.1,119.69
1108.7,876.99
1108.3,1032.4
1109.5,285
1118.1,1214.6
1112.5,188.38
1113,601.39
1115.6,160.4
1116,1095.5
1117.4,398.76
1117.3,471.08
1116.5,808.5
1121.6,978.88
1122.2,355.77
1126.8,93.463
1126.9,893.06
1130.6,1135.5
1136.2,223.49
1134.7,461.67
1145.1,327.51
1138.5,81.918
1146.3,483.72
1142,808.65
1146.1,464.84
1145.5,566.5
1147.2,35.692
1151.1,1244.7
1156.1,255.93
1155.4,690.07
1152.5,7
1155.5,205.4
1152,244.17
1152.1,1131.4
1157.7,618.19
1160.5,182.38
1163.8,583.82
1160,979.31
1161.5,352.15
1165.7,74.8
1168.9,385.25
1172.6,337.43
1171.8,65.122
1184,484.45
1177.6,143.8
1176.5,450.5
1181.8,171.03
1179.9,132.25
1188.8,230.42
1183,1055.6
1182.9,435.38
1183.5,10.5
1189.3,98.651
1185.2,587.13
1187.6,720.59
1190,818.02
1187.4,356.11
1194.7,603.66
1196.8,51.936
1194.3,977.67
1191.9,116
1194.3,312.85
1196.3,692.18
1198.7,1156.9
1204.1,1049.3
1206.4,635.25
1208.5,830.28
1201.6,1245.6
1213.8,999.86
1210.5,59.067
1214.9,586.21
1214.1,298.58
1216.4,1229.1
1220.5,39.831
1220.6,730.63
1221.1,225.56
1221.5,1076
1223.5,123.36
1229.2,783.06
1225,934.35
1227.1,281.56
1225,709.5
1228.1,58.065
1228,183.21
1227.3,483.22
1226.4,702.6
1232.8,315.24
1236,691.05
1232.9,588.64
1238.6,757.55
1241.1,141.8
1238.4,1028.6
1241.9,459.31
1242.4,328.15
1237,775
1239,887.5
1243.9,403.32
1244.4,919.38
1242.6,1041.9
1246.7,204.87
