4.5059,301
2.797,662.68
8.1823,707.93
9.1988,741.07
9.3103,689.09
13,856.5
11.381,1139.5
14.074,322.41
19.746,74.112
20.667,680.13
22.254,368.86
47.937,174.67
46.344,799.38
64.908,157.41
66.621,509.76
77.429,752.27
78.403,1007.6
77.812,60.729
80.906,226.5
84.266,900.43
92.449,139.57
101.54,164.13
99.424,1241.6
101.93,749.49
106.91,243.12
109.29,1004.7
116.57,743.19
116.04,46.339
125,257
127.73,164.45
129.66,945.26
132.04,387.53
148.07,847.41
156,283.83
163.94,651.74
164.71,446.29
186.33,807.69
188.5,674
190.65,897.48
189.52,139.91
194.05,1243.2
196.88,703.88
199.66,108.62
203.52,945.13
214.6,569.4
223.36,851.25
232.56,701.45
236.65,1100.5
239.11,722.5
243.47,923.22
240.07,1245.4
255,87.5
256.39,1112.5
258.76,1242.7
257.63,643.37
258.34,848.62
267.99,1172.3
270.72,315.99
270.21,1089.6
280.5,461.5
280.85,553.07
285.42,510.59
284.65,840.86
290.66,340.95
286.04,1073.6
294.46,292.56
296.78,758.1
302.41,680.07
309.34,571.92
312.4,211.33
319.42,323.44
323.06,1088.7
323.41,191.93
330.26,732.35
333.12,21.64
344.47,943.85
352.25,175.68
357.31,789.62
361.35,1136.6
364.75,940.59
373.05,361.2
379.12,236.74
375.5,911.5
377.59,671.07
388.06,901.34
387.37,1167.6
423.17,1080.5
423.52,422.93
423.57,494.23
424.02,1239.9
422.91,559.91
428.34,568.16
436.09,1079.8
441.09,1132.5
457.89,516.53
463.87,651.43
483.09,268.72
487.69,413.09
488.5,768
492,362.82
493.67,1080.4
498.43,1171.4
506.62,1187.4
506.94,472.45
509.82,52.045
510.84,785.53
512.5,1230.5
524.88,663.98
523.07,1196.4
531.88,1051
537.86,718.61
536.94,836.09
542.94,96.46
555.24,1130
568,1134.8
582.25,404.83
589.5,758.88
586.5,802.5
597.76,781.02
604.16,88.944
609.5,728
614.02,49.939
613,458.5
630.97,39.56
641.8,1192.3
653.66,632.53
654.89,1163.5
654.43,463.06
654.91,1124.1
668.83,1147.9
668.06,451.06
670.83,474.9
673.17,715
687.58,646.76
692.79,1004.7
689.4,397.47
699.09,557.09
706.69,1021.8
723.23,1007.1
709.42,374.89
711.8,402.65
712.34,648.6
716.84,585.08
720.06,1236.1
720.95,243.25
724.56,841.02
731.4,306.21
730,105.68
737.87,1047
737.06,816.03
745.54,607.85
748.22,1004.2
743,897.5
745.77,880.16
747.59,864.13
747,985.5
751.06,1141.9
754.78,987.2
755.36,902
789.36,321.13
765.84,734.65
767.27,1039.3
772.41,1096.2
771.5,276
780.41,1195.7
781.42,1122
795.09,898.58
798.25,975.16
798.27,483.02
806.5,560.89
806.59,187.93
811.1,610.29
809.08,1080.5
811.1,352.62
821.28,102.72
820.71,1210.2
822.32,355.92
830.01,1157.7
831.93,251.59
834.28,897.45
834.93,689.41
842.97,73.442
844.87,1202.2
868,327
873.06,1187.7
874,243.5
875.18,639.8
880.5,726.5
880.5,518.5
883.93,768.05
885.83,835.88
888.12,581.01
890.37,1145.5
903.21,1101.2
904.38,350.47
909.82,699
915.5,764.5
923.19,1046.7
927,601.17
935.58,225
936.13,743.02
947.99,415.16
954.12,649.83
956.81,577.34
958.55,1026.2
970.51,94.279
976.58,284.76
982.42,943.74
984.48,699.79
989.9,586.67
995.72,13.535
1009,780.5
1010.4,555.75
1013.7,801.09
1014.9,1120.4
1030,550.05
1032,295.73
1038.7,865.9
1043.5,1119.9
1046.1,1055.1
1042.5,682
1048.7,1143
1058.4,345.89
1059,427.38
1059,632
1066.1,1035.8
1078.3,965.95
1079.6,845.63
1081.5,617
1085.1,1026.4
1088.7,631.1
1104.1,807.26
1111.1,43.937
1114.4,856.5
1120,351.5
1124.1,1166.4
1124.9,618.09
1127.1,324
1126,927
1128.5,1223
1141.1,249.43
1141.7,352.04
1143.6,1092
1149.6,889.35
1166.7,628.07
1166,871
1169.9,451.61
1169.9,27.37
1173,765.83
1174.6,649.61
1176.6,2.8649
1196.7,255.58
1196,955.43
1207.5,97.5
1208,382.43
1212,756
1215.3,1121
1221.5,637.41
1222.5,1192.7
1224.5,244.5
1226.6,713
1227,536
1228.4,792.93
1245.6,1119.5
