2.2105,154.58
21.493,185.05
2.1831,215.32
7.9274,308.7
2.3169,351.16
1.5,518
2.0952,543.38
1.5,688
2.1562,696.59
3.6559,885.78
5.2066,1007
2.6047,1095.3
13.352,1115.7
2.7586,1192.2
2.2667,1223.3
9.1608,1261.8
8.0145,718.83
8.0635,746.73
21.955,1212.8
16.2,634.26
21.268,236.73
10.367,773.23
25.555,926.08
19.977,570.16
20.54,279.14
28.729,789.68
23.174,839.82
20,293.5
22.667,402.19
21.5,585.5
22,419.5
24.573,715.37
35.551,1264
29.333,290.42
33.663,304.33
43.93,456.82
32.56,619.23
32.091,1118.9
35.658,535.29
38.308,256.93
37.583,392.96
39.905,552.96
42.888,570.14
39.877,372.74
62.366,354.31
41.571,1078.8
52.41,238.1
46.028,278.38
43.013,684.1
43.878,742.03
47.319,603.99
43.583,702.67
43,692
44.446,852.31
54.89,213.96
49.885,291.69
51.38,1122.2
61.532,765.3
50.5,810.25
51.5,264
56.768,706.63
58,661.5
60.525,909.39
62.156,291.41
62.554,604.66
62.654,1055.3
69.77,1193
63,574
68.652,1331
70.703,637.26
71.636,982.82
84.449,284.09
73.255,495.62
74.338,569.49
76.275,796.96
74.067,1151.8
81.873,691.73
78.543,670.3
90.959,580.31
80,641
85.128,258.82
87.7,331.08
84.048,1042
87,436
115.29,1110.1
146.66,945.99
93.455,377.39
93.065,432.55
97.68,858.53
97.609,616.57
100.83,805.99
103.25,890.56
103.38,716.67
100.89,523.58
116.02,399.78
106.9,289.83
110.85,325.49
106.83,534.83
108.09,572.79
115.87,1027.5
112,1331.3
126.04,1246.7
116.99,771.94
112.4,875.4
125.7,992.39
160.2,1200.8
118.45,594.87
119.19,736.76
122.19,360.83
123.13,1061.6
122.7,462.18
122,537.16
131.98,318.88
129.84,1038.5
131.15,534.38
131,1032
143.55,782.73
139.66,856.19
141.75,1130.2
145.96,701.35
158.97,241.38
142.28,891.49
140,532
141.27,357.68
187.08,456.54
148.28,569.63
153.51,1319.3
156.13,279.17
150.6,203.88
150,679.5
155.05,665.89
156.36,827.04
152.75,992.17
169.37,360.43
159.57,545.96
157.13,1005.4
156.54,740.34
163.21,526.28
158.84,838.44
160.69,182.05
165.74,881.85
160.17,922.38
168.57,191.84
164.21,788.83
165,419
170.02,670.07
169.06,999.94
173.27,825.8
178.64,776.48
183.5,1116.6
179.18,530
190.61,513.67
191,717.62
196.23,742.13
192.82,1248.3
197.62,826.99
194.12,1065.5
203.7,178.86
214.65,1132
202.33,160.44
197.6,926.4
204.49,411.16
219.31,117.52
209.1,1064.3
217.34,239.9
218.7,354.25
205.5,519
207.26,747.81
210.37,1108.3
208.05,1202
221.73,798.83
211.5,392.5
226.34,295.19
212.33,386.33
227.14,733.79
236.75,967.73
221.56,395.96
230.74,681.99
229.92,577.14
227.22,1331.2
237.96,1014.5
233.85,937.77
234.09,167.95
247.12,391.78
234.4,704.02
244.46,1151.8
238.4,185.4
244.7,333.73
246.73,132.23
254.28,267.59
244.08,197.56
246.38,359.45
250.31,747.24
250.81,1188.7
255.27,76.8
254.16,528.59
255.25,110.27
262.14,604.29
256.6,143.66
269.41,1003.8
264.83,784.52
259.76,1161.7
273.38,247.75
260,133
263.4,260.6
264.86,102.36
270.33,57.388
271.15,514.37
274.08,805.18
270,1.5
297.64,1080
283.93,561.66
270.72,1030.1
272.63,181.66
284.73,210.56
289.97,439.06
282.28,26.735
285.79,169.06
282.62,383.31
282.87,652.54
293.74,1040.7
288.64,98.794
292.21,719.67
292.47,980.76
287.5,1286
294.45,45.899
297.04,334.69
298.92,278.58
304.96,623.96
305.28,1317.8
302.2,1180.4
303.16,771.4
301.11,1007.5
300.69,247.14
307.29,384.05
303.95,1200.9
318.41,815.58
317.6,470.89
310.18,34.122
312.78,25.56
310.5,420.5
312.5,42.5
318,78.183
318.96,241.27
316.48,1201.4
322.29,1023.1
317.73,986.93
327.32,411.38
328.88,942.35
323.63,747.96
322.29,1056.9
336.75,333.15
336.79,917.08
319.45,6.4262
325.96,280.68
328.17,649.79
339.17,112.44
324.5,589
341.33,1320.8
328.5,21.5
328.5,983
338.99,39.123
335.49,445.7
337.44,546.26
335.51,969.98
342.29,1085
339.97,1211.2
341.04,168.64
341.34,139.71
340.5,1243.5
340.77,982.77
342.97,555.55
362.05,850.21
346.58,774.55
345,96
347.45,132.71
349.53,731.1
354.42,665.2
353.52,790.21
363.71,80.335
361.65,479.92
357.05,1010.1
351.44,411.03
353.14,182.43
357.09,1285.8
354.26,246.84
356.02,307.28
362.79,693.18
361.73,282.56
361.22,539.63
361.06,1029.6
361.59,583.07
361.72,1165.9
364.57,3.3636
372.42,1037.5
380.89,549.37
375.59,253.23
372.35,684.84
376.34,107.28
384,196.04
380.67,928.97
386.77,723.58
386.29,973.73
388.7,33.508
390.27,218.73
406.04,492.53
400,768.76
387.1,359.95
386.5,571.5
387.77,305.77
392.09,427.85
394.88,292.03
394.37,387.62
395.61,406.57
397.72,906.9
409.98,925.92
399.4,248.93
399.85,568.92
405.62,1206.1
407.67,339.09
404.13,956.7
410.02,315.19
414.16,1312.9
419.8,656.53
419.15,1096.5
414.62,129.17
436.3,990.77
418.89,83.765
414.5,1286
418.35,1274.1
424.35,339.04
437.57,586.19
423.87,172.03
421,821
422,826
426.21,965.17
425.6,1134
425.33,894.92
433.79,133.48
427.5,71.5
430.24,778.24
433.85,20
433.09,41.017
435.61,105.5
431,306.5
438.82,1188.7
436.23,215.71
442.46,339.04
437.57,1230.4
442.31,1208
442.69,879.44
445.78,73.095
446.92,723.71
444.29,10.143
467.36,695.68
447,1229.5
448.59,843.06
474.99,1117.7
450.9,27.839
450,1206
451.35,186.78
456.01,313.17
453.5,897
464.64,1271
458.5,1.8
463.17,256.75
457.6,719.6
459.56,45.2
462.9,209.75
460,715
462.11,135.93
462.57,231.05
463.19,881.81
466.07,623.6
462.95,1005.9
470.66,404.47
484,57.387
468.77,1171.4
471.46,735.04
471.86,971.86
472.42,965.89
473.89,74.421
476,1218.5
479.34,271.09
482.01,634.73
479.53,773.17
484.32,1168.9
483.78,846.27
480.72,972.08
482.71,1238.9
480.5,206.5
487.44,863.75
484.11,345.58
487.51,4.5135
487.58,784.55
489.41,1022.1
490.09,976.66
493.19,737.65
491.82,348.32
493.44,580.32
505.95,820.77
513.1,1316.7
494.39,1006.6
498.99,449.96
494.43,506.43
498.22,962.6
499.89,221.28
502,309.58
503.3,978.21
505.86,522.27
502.13,1041.4
504.03,1209.6
508.8,26.79
514.93,891.7
506.44,1003.9
515.24,554.31
521.59,1229.3
515.22,1142.7
517.1,681.67
514.13,494.98
521.87,223.64
527.25,647
517.25,398.75
517.95,981.66
519.25,421.75
523.75,998.61
520,406
529.47,474.82
527.39,296.84
532.43,266.85
532.53,1067.7
535.89,852.11
535.52,319.34
537.83,920.66
545.12,510.76
558.55,59.927
540.61,436.62
548.3,372.81
552.31,590.84
540.76,948.91
549.14,679.75
541.86,27.323
542.1,214.86
548.41,964.82
542,1189.5
547.51,992.28
552.34,268.96
555.75,332.65
545.5,773
558.93,1033.3
560.23,725.23
556.14,864.62
562.54,203.48
559.23,629.36
575.91,1118.8
560.62,1316.5
566.68,10.599
561.2,997.07
572.91,950.74
564.35,1197.6
564.9,1285.4
567.31,225.85
564.35,418.56
566.76,916.4
566.38,1158.7
567.85,180.06
568.5,713.5
574.09,34.022
570.08,903.68
577.99,696.11
575.86,763.86
578.6,752.02
582.38,911.49
577.53,1188.1
594.65,1255.2
580.06,545.65
582.02,820.28
581.38,610.91
588.71,633.27
581.23,984.73
591.26,508.55
584.23,1180.8
583.95,333.09
586.9,442.1
590.27,1035.7
588.4,1306.2
585.41,1102.9
586.35,474.27
587.56,485.05
593.6,290.25
588.83,404.25
586,726.5
594.04,744.17
606.94,4.2894
589.35,89.387
591.86,976.72
601.22,56.013
592.39,374.86
593.43,872.14
594.1,788.96
597.7,129.51
602.31,148.26
606.9,463.59
607.11,1216.2
606.74,699.43
599.42,1200.1
600,354
601.87,911.17
607.61,772.97
611.04,35.66
607.56,160.44
606,186.17
605.73,546.23
614.89,1322.7
610.74,246.54
614.61,1045.8
612.24,366.35
617.21,814.21
616.48,334.45
616,895.57
663.04,183.99
618.86,981.2
627.91,258.71
619.11,974.58
649.3,1112.8
627.78,362.07
627.49,1230.4
622.82,97
626.64,280.6
624.9,1256
628.08,384.59
627.49,939.42
626.61,903.23
631.94,642.92
635.33,995.02
632.13,134.87
639.47,1289.5
639.14,60.882
647.94,397.4
638.82,682.69
638.41,6.1852
641.28,310.41
638.42,617.89
643.58,606.98
640,1011
643.23,1021.2
641.47,1243.3
643.86,710.31
643.5,10.5
649.61,1038.3
652.37,261.5
658.71,849.26
652.87,1063.7
667.12,1244.5
662.17,1167.3
656.53,81.16
654.27,93.324
662.08,3.5
662.35,674.78
660.2,1202.7
672.35,31.063
666.75,743.73
665.04,451.49
664.93,968.42
663,1209
669.09,143.18
671.53,156.11
674.47,424.27
668,1207
672.07,80.2
676.44,777.62
673.86,403
675.77,830.77
680.95,492.05
688.87,926.48
687.65,1031.6
685.6,1085.8
688,87.5
688.5,92
695.17,351.43
693.1,108.2
694.29,157.17
691.36,571.63
706.57,615.19
694.54,596.05
696.5,738.49
698.82,55.623
699.69,806.96
703.88,505.48
707.38,849.66
703.56,961
703.05,641.48
704.35,584.4
708.23,822.07
705.64,934.5
713.22,394.61
706.67,11.878
709.09,1027
715.29,879.23
722.17,346.79
717.05,1115.8
718.04,525.14
712,1021
713.5,415
721.22,70.163
725.51,708.12
723.82,46.5
723,974
725.05,992.79
733.76,884.95
733.53,283.31
740.25,372.76
733.92,1153.6
738.58,214.29
735.97,322.12
732.75,748.83
735.56,1189.8
732.93,270
733,262
736.69,1312.9
741.89,1.7027
746.09,649.93
738.04,999.5
751.66,496.35
738,1210
752.47,604.56
743.4,29.365
742.12,728.96
747.75,972.75
743.86,1067.1
744.5,696.5
749.11,168.21
747.9,80.216
747.56,109.54
754.56,310.79
750.32,994.92
760.26,268.35
753.69,1145.9
756.02,745.74
757.66,777.7
758.03,829.91
762.22,132.38
757.42,862.89
764.93,363.19
778.92,791.08
766.48,1101
771.36,1047.7
768.4,556.6
768.5,619.5
789.77,1220.2
770.43,86.391
771.32,346.8
774.1,1109.4
772.5,880.5
781.9,1074.4
776.14,1192.4
774,837
788.99,651.38
775.67,568.83
775.5,683
781.22,477.02
777.11,1150.6
784.09,267.39
782.49,185.9
781.9,688.64
781.4,1145.4
793.86,1306.8
793.29,446.21
794.39,881.34
801.23,932.94
792.5,1003.5
800.1,1018.2
813.78,1286.9
797.06,1260
794,272
802.97,728.89
803.37,172.66
797.21,28.357
800.93,288.39
801.79,1055.3
800,216
803.27,1172.5
811.81,91.191
816.98,300.87
806.52,870.36
805.18,1078.2
806.33,1139.1
810.75,754.05
815.19,221.71
819.7,525.28
816.84,1321.9
813.22,1183.2
815.63,468.15
819.39,27.653
819.31,449.86
818.56,16.2
821.49,337.58
826.36,666.47
821.11,422.58
821.35,1131.3
822,1168.5
828.58,947.34
829,1036.8
829,194.5
838.04,697.24
830.5,782.5
832.5,817
831.86,1233.9
834.35,498.27
833.59,770.64
833.5,1029.5
837.44,212.93
835.11,1161.6
835.42,388.24
840.63,920.92
838.93,887.12
837.83,1141
837.4,1192.6
848.03,149.3
843.14,1297.3
857.26,72.945
844.02,358.07
846.96,173.55
849.66,582.73
848.33,26.385
846.97,124.03
850.73,1088.1
850.84,764
858.36,914.87
862.66,504.58
859.6,746.4
866.87,278.94
863.93,305.3
876.66,711.06
862,742
866.39,132.14
864.48,1148.9
868.06,321.88
874.82,154.49
872.71,808.5
871.92,1121
880.42,238.16
870,1083
871.12,1262.5
871,1251
873,800
877.07,1213.6
874.3,1059.1
877.71,505.41
876.22,1243
877.46,1286.6
882.95,1272.1
893.97,413.85
882.03,541.48
882.47,1162.4
885.93,565.9
885.78,515.67
886.55,526.99
896.81,659.48
888.93,1260.2
896.22,329.7
894.65,199.14
895.62,583.24
898.55,939.79
894.19,1008.3
893.27,870.35
917.97,779.89
899.55,498.77
901.03,1225
908.29,1278.2
901.57,469.19
902.14,477.1
908.67,541.06
903.85,1030.9
903.39,356.02
909.94,115.16
905.11,870.58
905.91,1054.1
906.58,1097.9
914.72,190.5
923.72,1019.5
922.27,39.092
915,141
921.51,899.78
917.5,79
918,508.5
944.43,548.36
926.69,1106
921.66,834
927.37,339.94
927.28,1222.8
927.67,113
929.92,208.57
935.67,240.26
933.67,195.17
944.64,1270.1
942.77,282.95
942.17,326.35
951.37,937.64
941.45,982.87
947.84,885.16
945.3,769.17
949.15,36.674
949.63,807.1
954.17,527.66
957.24,1320.2
958.05,625.23
963.5,1.5
960,368.5
968.97,797.33
971,1154
965.05,752.83
968.65,525.87
968.78,90.541
969.54,377.11
972.23,292.44
970.33,639.17
973.51,448.21
972.09,573.05
973.61,1193.4
975.22,79.863
976.93,556.96
984.6,376.53
990.03,1258
986.54,851.99
990.08,932.63
989.68,1327.2
998.33,1297.2
1006.6,403.61
993.5,90
1004.1,684.85
1007.3,981.56
999.44,381.35
1000.3,90.213
1030.1,446.34
1005.4,1201.5
1005.1,1219.8
1004.4,6.1333
1006.3,108.65
1020.4,1179.3
1009.9,496.8
1017,750.33
1011.2,1277.2
1015.8,376.45
1015.1,227.41
1024.5,1329.3
1020,249.83
1030.1,1093.5
1023.1,75.679
1019.9,1204
1023.7,1298.1
1025.2,549.64
1022,283.5
1028.7,210.42
1032.3,328.04
1029.5,677.24
1033.8,130.55
1037.4,773.52
1031.7,912.12
1041.9,582.01
1038.4,666.56
1046.8,716.27
1043.7,109.09
1045.4,1288.4
1046.9,79.503
1042.7,959.65
1046.9,356.42
1046,1107
1067,1128.8
1051.4,255.21
1048.5,601
1054.4,643.15
1052.6,1198.7
1054.8,162.65
1058.2,7.5581
1062,788.26
1062.1,184.47
1065.5,313.47
1065.1,513.9
1065.6,730.95
1074,1062.6
1066.1,522.16
1066,1331.5
1068.1,939.08
1072,1213.3
1075.8,139.67
1072.7,459.9
1075.6,1296.9
1075.7,697
1075.8,885.36
1080,982.32
1077.8,486.75
1076.9,547.58
1078.4,657.9
1079.8,1252
1084.4,82.911
1080,745.5
1078,537
1090.5,779.43
1099.3,1169.9
1081,387
1097.4,1010.3
1086,6.3902
1092.1,1266.9
1086.5,974
1086.1,766.59
1087.4,951.17
1089.9,1227.8
1106.6,687.34
1097,401.56
1098.3,1090.8
1096.2,795.23
1097.4,755.58
1101.8,232.06
1102.9,938.68
1103.7,1327.8
1102.2,843.51
1099.7,1054
1101.1,126.56
1101.6,157.63
1120.6,721.62
1124.9,1282
1102.7,569.51
1110.6,902.64
1111.3,367.2
1106.2,118.55
1111.7,605.69
1110.4,1161.3
1114.4,297.41
1111.5,279.5
1111.5,820.5
1117.1,983.31
1116,964.5
1128.9,17.706
1123.4,1163.9
1128.3,921.3
1122.2,44.829
1126.5,527.14
1129.1,882.44
1130.8,56.937
1137.2,1217.9
1135.3,239.5
1137.6,590.02
1137.9,113.29
1135.5,252
1141,544.81
1137.9,391.08
1140.8,827.31
1142.6,557.57
1146.4,685.17
1152.4,956.63
1146.4,1157.7
1158.8,1202.2
1152.3,565.93
1151.1,714.25
1141.6,1323.5
1152.7,1141
1153.6,915.91
1154.3,144.4
1171.4,968.49
1165.7,83
1160.7,156.75
1163,110.57
1180.3,540.87
1167.3,682.8
1165.3,1039.5
1167.6,1082.5
1166.3,190.17
1170.7,1181.9
1169,183.43
1178.5,1310.5
1180.5,927.45
1175.2,1234.9
1179.3,1095
1179.6,1286
1190.6,1220.3
1198.6,897.77
1198.7,822.3
1192.6,385.77
1198.2,867.64
1202.7,454.73
1201.8,1021.5
1210.7,1051.7
1201.4,1081.6
1206.9,154.57
1208.2,268.59
1211.9,561.43
1216,125.14
1208.9,1307.7
1209.6,1244.3
1208,1258
1211.5,839.96
1217,942.45
1223.3,1258.9
1215.7,783.49
1216.5,1212.6
1219.4,826.89
1238.7,991.27
1220.7,1319.8
1251.1,859.67
1234.3,910.15
1224.7,1151.8
1222.4,460.6
1223.6,925.06
1227.5,224.58
1234.1,66.806
1242.5,441.77
1243.5,1193.9
1239.6,938.27
1260.4,608.75
1242.7,141.54
1249.1,298.19
1244.4,1292.3
1262.9,652.08
1257.7,492.5
1254.9,830.09
1254.4,1012.9
1259.9,780.57
1256,1121
1262.2,1107.5
1263.8,108.74
1261.5,547.42
1265.9,246.66
1264.8,364.33
1283.3,753.53
1273.9,84.225
1279.5,1235.4
1267.6,1217.1
1276,1137
1273.7,871.47
1290.6,1164.2
1272,954
1273.9,1215
1281.1,426.62
1277.1,474.68
1276.9,933.8
1279.2,1277.8
1281.5,970.65
1285.5,5.0625
1293.6,1030.2
1282.5,1284
1294.2,914.83
1285.1,1158.7
1298.4,968.5
1289.8,1191.3
1286.5,839.5
1291.3,1090.2
1289.9,513.56
1310.5,1322.4
1309.5,834.69
1299.7,1136
1301.4,1269.3
1301.3,1291
1300.2,1307
1303.9,1125.6
1301.9,164.27
1302,611
1307.2,1191.1
1309.3,886.73
1308,731
1312.2,735.73
1314.3,212
1315.5,1087.5
1319,239.5
1323.6,988.7
1323.9,275.28
1325,719.56
1322.5,931
1324,737
1328.7,1045.6
1326.6,1300.2
1328,249.89
1329.7,700.2
1329.3,773.98
1330.5,349.68
1330.4,514.46
1330.5,561
1331.3,1069.5
1331.3,1120.8
1331.5,1299
