8.187,693.79
21.871,208.16
28.532,589.76
47,303.5
52.566,356.34
70,600.32
71.912,804.4
77.656,451.08
77.579,1053.1
81.436,389.92
92.049,46.631
101.48,567.46
100.44,91.966
104.2,1009.9
109.85,261.65
120.89,1021.1
126.56,11.687
129.04,404.96
132.6,380.88
136.59,1015.4
150.05,864.52
154.57,288.35
161.22,135.88
161.1,467.41
165.92,832.66
171.18,297.79
172.11,543.2
181,1247.1
181.46,462.38
183.54,594.8
186.95,1094.9
200.97,3.3684
205.6,369.6
205.69,779.09
208.37,355.37
216.63,411.86
217.5,831.5
229.16,190.84
246,71.5
257.67,138.98
281.06,269.45
289.76,8.9655
312.73,923.61
320.4,817.77
319.43,656.92
335.18,228.6
342.05,450.18
348.91,314.95
351.3,475.08
360.61,973.86
377.37,196.04
382.64,596.57
383,752.75
382.5,1185
390.67,37.221
393.03,696.65
394.68,277.54
396.73,1121.8
394.5,590.5
410.36,445.68
416.89,457.91
413.27,824.65
420.8,926.24
443.36,593.5
460.52,982.35
470.19,1100.8
473.78,1067.9
478.5,839.27
483.29,683.25
486.62,64.135
490.11,837.42
498.9,886.16
504.06,1173.6
530.18,857.6
545.11,938
548.63,762.45
548.45,1142.4
551.27,524.73
564.07,77.407
571.66,648.03
584.84,77.425
592.64,1036.1
599.74,698.04
603.61,223.86
618,214.68
622.45,9.5806
622.75,182.08
660.48,442.18
665.39,932
672.93,948.09
685.3,411.86
690.87,863.22
696.95,765.49
693.5,1201
700.39,631.67
702.12,489.84
703.94,101.91
719.51,1070.6
718.76,635.06
718.42,151.42
727,863.5
732.47,570.8
742.77,734.47
754.34,541.31
774.91,67.263
777.41,855.96
781.65,462.67
780.08,732.8
785.2,576.59
783.04,623.41
780.42,603.89
782.66,534.68
795.01,554.09
802.82,541.39
801.65,444.5
804.42,1020.7
807,44.333
818.88,435.88
824.71,712.42
823.79,247.81
838.12,522.12
842,490.5
849.08,747.22
852.59,1195.4
863.1,534.12
866.59,919.92
867.52,1227.3
879.35,351.33
882.11,2.6429
902.7,73.218
919.5,348
946.32,413.64
950.2,470.32
961.65,591.82
973.61,1056.1
971.24,267.35
991.68,854.38
990.48,985.43
993.56,1162.4
1024.5,298.53
1024.8,781.81
1045.2,1060.9
1044.1,1105
1048.2,873.34
1050.3,1090.9
1051.8,427.13
1068.6,1158.4
1073,932.31
1084.7,659.5
1087,546.5
1091.4,94
1106.4,659.37
1116.9,1127.3
1122.4,148.46
1120.2,1156
1131.5,488.84
1134.4,203.04
1136.9,790
1145.5,941.21
1146.7,738.55
1154.4,1186.8
1176.6,884.61
1189.1,536.88
1188.5,799
1192.2,1055.6
1198.9,578.55
1210.4,1246.2
1232.1,1101.1
1233.3,1048.2
1236.9,1069.6
1245.5,954.24
