3.9333,428.2
10.874,531.18
2.7692,1242.3
10.338,268.17
9.9692,318.05
15.483,188.28
13.389,841.14
14.917,332.33
22.552,688.53
24.535,218.7
20.579,283.11
23.368,51.868
29.857,450.5
34.213,333.25
42.734,242.45
41.972,23.972
49.935,4.2717
47.936,381.7
56.837,1222
57.344,103.27
59,1193
83.409,276.47
62.174,1015
67.135,212.15
67.9,963.41
69.074,802.59
70.625,171.62
74,828
85.523,229.19
84,27
89.867,1176
91.953,415.52
92.065,66.935
92.906,254.06
96.899,1053.3
113.91,897.67
99,1091
107.82,314.46
107.63,191.3
115.69,350.92
112.85,550.02
112,1179.5
118.37,294.66
120.1,1204.4
113.5,138
122.53,435.06
123.1,1232
124.09,258.7
131.97,378.18
134.64,358.83
137.72,305.6
145.01,24.41
150.79,902.89
148.63,1138.7
154.45,987.05
152.5,259.5
156.95,321.17
157.24,359.66
155.74,557.41
157.54,833.98
159.89,1218.8
163.33,72.583
164.91,794.84
164.11,1112.2
166.5,121.5
172.6,57.969
174.52,569.26
176.44,749.48
183.29,401.16
182.59,360.38
189.23,588.03
196.35,61.57
195.92,1218.1
196.34,325.53
200.71,933.11
199,150.68
201.17,1020.2
203,334
204.71,533.87
211.95,639.36
220.2,333.32
213.63,709.9
224.59,300.07
229.3,553.59
227.82,508.53
229.96,433.05
231.52,140.79
233.4,491.97
239.47,869.62
239.87,1240.8
262.88,816.91
268.32,83.291
267.33,111
272.64,934.22
279.93,138.71
281.9,1097.1
283.86,1122
287.72,107.53
288.04,570.87
290.83,452
296.96,147.99
297.4,1030.4
298.5,800
301.59,178.13
309.99,884.08
311.8,566.68
313.23,486.9
316.32,132.66
320.42,525.76
324.43,905.61
326.55,12.537
334.31,83.5
330.55,245.16
340.14,355.83
341,53.679
345.85,911.43
356.94,432.24
359.03,556.79
357.86,390.5
368.61,367.09
367.99,76.216
371.56,779.22
370.48,168.22
375.92,1021.4
376.4,1213.7
382.6,1202.7
384.15,241.06
384.9,999.62
398.5,959
398.86,1161.9
405.25,682.4
402.77,1010.4
400.43,197.61
406.41,1151.8
406.58,589.96
405.34,715.16
412,107.77
414.31,456.07
410.63,232.89
414.03,606.99
416.42,411.11
417.58,769.55
425.71,590.5
431.12,468.91
430.95,200.08
450.31,508.18
456,558.5
468.91,693.87
475.55,18.463
478.92,794.48
478.6,1143.1
487.43,1071.4
498.02,755.59
493,1055.4
494.56,708.05
503.88,871.59
507.35,12.246
506.69,978.09
512,1218
516.58,1165.4
521.76,228.07
526.96,559.57
531.76,117.63
529.8,475.09
531.59,927.25
529.83,12
536.05,52.371
540.63,365.56
543.32,243.83
544.47,899.63
545.7,137.04
548.95,32.804
547.5,876
554.04,949
552.55,469.31
556.5,933
557.47,1052.9
560.93,167.41
564.49,359.18
569.2,491.56
579.7,1239.6
581.09,505.09
589.35,826.57
590.91,80.378
587.38,942
590.58,806.11
598.72,562.49
595.15,1245.5
599.07,1168
605.5,1199.5
609.77,1130.4
615.15,455.61
617.54,333.55
615.44,943.08
618.4,228.4
622,487.5
627.8,643.55
630.76,433.23
635.8,1032.7
640.35,209.43
642.31,488.37
642.39,20.822
640.08,153.33
648.06,563.91
644.91,922.6
646.59,672.59
651.21,5.0357
650.03,1024.4
662.84,971.42
659.46,43.124
660.49,490.36
662.15,222.96
659.57,153.39
671.92,986.84
676.29,199.52
674.08,417.56
679.48,685.68
680.73,998.19
683.98,71.795
683.33,131.74
684.01,269.85
689.08,424.2
685.6,893.6
691.09,1012
699.79,868.96
697.5,222.5
699.66,507
700.9,801.62
707.65,154.43
706,839.5
708.76,167.45
710.2,592.25
709.1,95.441
719.61,1227.1
725.39,311.92
723.83,100
726.68,1198.7
729.27,283.95
731.06,752.43
741.08,638.96
744.45,139.65
749.29,363.29
751.46,882.3
750.89,559.11
754.88,307.5
760.86,827.34
763.08,172
768.17,56.067
770.6,855.55
771.44,409.85
773,638.55
769.45,1002.3
777.46,19.435
785.43,60.443
781.47,490.09
784.43,825.36
791.29,128.56
793.66,37.225
793.72,883.64
796.15,410.64
798.95,1093.3
801.65,209.66
803.18,538.27
800,612
802,148.5
802,1007.5
808.81,232.84
807.05,690.92
812.63,981.15
818.06,92.679
821.25,913.92
824.1,648.62
827,215.5
829.11,811.63
833.3,499.94
844.93,167.93
844.56,505.29
847.57,1085
847.06,1241.3
850.26,278.86
860.37,1091.6
876.06,878.54
872.09,1043.9
876.34,1127.1
880.34,965.53
887.55,830.38
891.08,14.642
888,297
896.93,512.26
894.53,776.17
898.12,862.88
899.92,1080.1
912.56,93.759
907.48,390.44
909.5,28.857
912.08,971.24
914.5,686.5
917.64,1155.6
920.81,193.44
919.63,271.05
922.09,602.54
925.16,811.64
925.12,449.02
927.47,428.56
929.38,528.72
934.67,1188.4
934.41,1029.1
936.29,880.85
945.69,855.78
951.43,629.35
946.29,743.55
959.28,98.721
961.24,24.765
959.54,698.41
963.39,744.86
963.42,326.11
969.05,920
968.79,446.5
971.34,669.83
970.34,895.64
971.68,571.91
976,415.58
971.95,527.93
973.14,855.39
975.42,517.89
982.56,1028.6
984.63,749.12
983.5,1247.1
986.16,1154.8
984.89,1240.1
985,289.32
987.38,1043.4
989.59,102.26
988.34,404.38
992.97,391.41
1001.8,13.462
1008.2,1042.2
1015.5,206.29
1015.1,445.23
1015.4,701.74
1020.2,1218
1021.5,1093
1033.2,4.3438
1033.9,179.86
1036.4,994.62
1035.6,279.89
1043.3,354.9
1043.6,325.61
1046.6,42.764
1046.9,61.165
1052.4,88.649
1051,1086.5
1065.2,743.52
1061.1,187.16
1065.1,363.5
1074.7,871.23
1077.6,350.89
1084.2,88.872
1083.2,203.1
1086.1,820.45
1089,994.5
1091.4,143.24
1092.2,258.98
1091.5,375.07
1093,205.5
1099.4,643.29
1101.5,451.57
1103.6,251.46
1102.9,209.59
1109.2,413.15
1114.2,45.938
1113.3,1162.5
1113.1,188.08
1119,632.62
1121.3,1145.8
1123.3,547.23
1127.2,689.19
1125.7,278.92
1126.7,573.27
1125.5,941.29
1127.5,1132
1132,505.72
1133.6,1198.3
1135.8,278.65
1148.6,576.89
1153.5,949.92
1170.6,107.83
1171,212.31
1171.8,914.52
1172.7,557.05
1175.5,146.38
1177.8,768.14
1185.7,170
1188.6,676.6
1191.8,369.14
1196.1,1241.8
1194.5,427.65
1201.4,885.94
1202,72.451
1203.4,49.576
1207.6,919.36
1211.6,977.89
1216.5,55.686
1224.2,758.93
1221.3,26.86
1225.6,205.83
1230.1,456.09
1231.7,590.93
1241.6,1159.5
1247.2,678.22
