1.9091,75.5
4.5946,595.91
4.9353,964.42
3.5,1013.4
6.9032,995.16
11.821,271.79
11.952,982.17
15.874,792.17
14.8,906
26.375,179.1
27.516,929.06
29.048,100.93
29.309,915.29
30.015,965.76
39.295,1006.1
40.479,152.09
38.551,1020.1
45.312,1050.2
56,1067.8
61.303,989.01
61,580.24
61.098,1035.1
68.705,977.64
77.495,1010.7
76.88,944.12
83.896,108.26
78.083,275.92
80.909,373.09
87.939,1185.7
107.54,279.04
114.29,669.33
118.91,581.91
141.21,1042.9
148.32,977.05
150.5,861.5
160.76,971
168.05,935.2
201,1090.5
207.39,933.65
204.89,872.42
211.83,980.08
225.13,995.58
226,936.5
227.07,315.59
228.39,749.61
234.48,2.7241
237,1110.7
237.5,1185.9
244.2,491.69
245,320.5
249.39,1010.1
250.28,586.32
252.5,373.5
257.1,635.5
256.55,1166.4
260.97,1156.1
270.3,1195.6
285.46,1048.4
289.46,673.73
291.55,1138.3
290.5,1196.5
297.46,1156
305.29,1195.4
305.39,1015.4
309.27,844.59
313.91,1160.2
321.03,675.84
335.43,76.471
335.79,944.4
342,724.65
343,1162.5
347.6,1021.2
359.98,974.88
361.13,174.52
360.87,999.34
366.97,389.63
378.32,157.28
382.09,110.57
381,210.35
384.32,602.78
392.58,144.85
391.4,811.08
393.72,1162.1
397.44,327.67
424.46,1039.2
430.08,152.54
441.93,883.59
450.62,861
448.09,933.09
461.15,163.45
461.37,839.63
469.93,578.41
471.91,399.65
485.84,79.877
490.96,103.78
492.96,1086.7
501.93,952.05
508.71,31.294
508.11,1196.7
525.38,461.08
533.79,542.33
539.92,301.81
542,575.5
546.74,803.67
547.39,631.14
557.64,360.03
559.58,442.42
558.47,397.08
573.71,404.29
579.5,381.5
583.96,591.42
594.95,326.44
598.95,390.97
598.96,1076.3
601.91,762.89
605.1,1186.6
603,35
607.05,316.93
609.94,472.99
606.89,594.42
609.97,418.18
616.91,162.11
620.68,344.18
618.5,901
626.05,1245.8
626.41,281.48
623.5,584
627.83,482.54
628.06,681.94
626,968.5
632.22,332.72
630.5,645.5
635,433
635.83,376
638.68,407.61
640.12,493.06
644.29,306.42
642.5,511.5
645.39,419.43
648.59,755.07
653.01,549.15
653,277.32
654.04,377.82
659.13,363.91
662,115
664.69,588.54
668.79,322.72
669.5,667.89
674.31,404.88
678.16,368.58
681.13,1047.1
683.14,484.29
682,662.33
688.1,1215.1
690.24,318.29
696.5,374.96
699.83,593.02
700.43,485.65
701.62,358.74
710.02,561.43
711.81,424.6
713.33,329.2
715.33,398.67
716.94,820.43
721.49,736.37
727.97,412.95
728,430.68
737.23,152.79
729.88,345.5
736.57,374.09
735.92,1131.1
749.1,458.99
751.87,80.261
756.17,990
759.5,356.5
769.8,376.06
772.41,931.22
776.42,964.33
773.95,1139.5
779.58,784.89
802.15,556.35
804,396.5
818.08,596.44
822.93,978.74
832.02,585.94
841.06,159.55
844.87,815.49
841.91,412.09
843.55,852.59
864.5,1078
869.18,559.75
874.09,45.308
875.77,291.12
882.65,1236.1
886.85,896.75
891.17,435
897.3,14.836
894.6,667.89
900.03,726.29
899.57,1222
911.63,110.03
935.07,990.41
942.19,634.03
945.25,443.21
950.74,741.57
951.95,689.38
959.6,614.2
955.88,183.88
964.52,312.57
970.24,692.88
982.86,360.03
988.4,451.92
1018.9,950.09
1027.5,1110.1
1037.2,361
1045.6,1221.6
1063.1,1107.1
1062.6,733.17
1066.5,393.66
1066.5,570.92
1064.9,802.92
1073.5,724.04
1081.4,308.99
1081.8,216.44
1089.1,332.77
1095.5,752.86
1093.9,639.09
1097.2,401.38
1096.8,426.56
1098.1,1151.8
1107.8,305.38
1104,483.5
1108.6,362.74
1112.7,267.3
1111.5,891.42
1129.7,874.08
1128.5,355.54
1128,584.57
1131.5,1110.9
1130,890.5
1137.3,316.4
1134.3,1077
1136.6,133.14
1140.9,960.3
1153.8,117.11
1142.5,979
1144,1142
1151.2,92.093
1147.8,496.9
1156.5,999.45
1160.9,1074.4
1167.9,54.178
1165.7,1158.3
1172.4,11.623
1171.6,713.39
1174.4,71.132
1177.3,244.12
1180.6,43.808
1183.9,862.41
1189.6,1148.1
1193.3,826.33
1192.4,330.32
1220.5,309.77
1221.6,366.04
1220.8,801.92
1222.8,397.08
1222.8,127.62
1237.3,310.71
1240.6,391.89
1244.6,372.85
1244,397
1246,94
1247.1,59.5
1247.2,273.5
