6.219,769.07
2.25,1029.5
13.756,1141.7
13.421,373.11
24.218,1181.4
22.5,22
38.912,8.8772
51.621,208.69
52.591,804.59
58.628,345.33
67,930.33
76,859.54
74,749.5
79.981,723.61
87.174,746
90.861,540.39
95.87,191.75
97.937,673.61
100.71,410.45
110.88,515
110.61,698.86
111.46,796.92
117.27,1086
122.61,572.33
122.5,37.5
135.48,1181.6
150.23,571.23
149.5,953
160.03,303.04
157.67,494
163.18,721.13
163.66,853.65
163.88,591.37
166.26,188.7
171.29,633.4
177.5,893.5
179.81,549.91
192.35,639.45
196.04,1012.8
203.89,98.717
212.4,698.27
224.84,765.3
226.98,928.88
232.9,236.02
236.42,1085.1
239.33,450.42
245.22,1070.8
246.43,138.08
247.75,1091.1
248.5,586.5
265.22,247.99
271.62,1091.7
271.48,218.88
270.95,616.77
277.22,905.79
276.07,104.95
280.47,486.13
277.6,560.6
282.86,1002.6
290.21,765.62
292.24,1134.4
296.12,715.66
298.3,481.2
297.93,551.95
300.29,735.29
302.46,397.36
307.41,508.85
314,613.56
315.43,940.95
317.9,733.9
319.24,32.593
327.59,1029.4
330.82,437.02
333.16,516.95
336.81,1224
338.66,1173.4
347.83,331.82
349.78,379.31
349.45,275.13
350.34,365.08
349.29,321.43
358.16,191.31
362.14,51.09
362.65,398
377.7,843.7
380.58,356.31
382.21,537
382.33,368.56
384.52,1184.2
386.47,1230
396.15,979.87
396.5,261
400.91,1043.1
405.68,135.59
411.39,804.21
418.61,1029.1
418.4,274.22
419.88,1117.6
420.97,198.53
427.27,629.98
429.51,474.35
432.07,734.42
434.46,1155.4
437.58,1190.1
438.5,275
444.2,2.2333
447.39,370.79
450.78,764.62
457.92,1216.4
470.27,1063.5
471.69,174.13
468.12,730.12
472.4,133.89
476.08,254.15
481.88,500.7
487.45,546.69
490.15,447.6
494.2,882.39
502.02,336.71
500.32,1122.4
503.33,3.6393
503.95,208.08
521.76,158.06
522.05,383.84
521.02,1186.6
523,1117
530.88,126.12
537.28,588.14
539.83,338.58
541.42,354.58
547.49,1166.7
551.65,699.13
553.6,425.64
556.21,1206.2
559.42,1096.9
566.59,468.14
577.52,485.58
589.14,230.19
587.72,779.95
587.63,1180.6
589.73,669.27
594.17,1007.7
593.91,55.426
597.35,390.65
601.67,1113.8
600.82,16.24
601.44,378.41
602.94,434.3
611.09,789.79
617.19,623.23
617.96,1242.7
617.42,221.11
634.11,134.57
636.01,902.08
636.87,437.93
636.44,1170
643.34,1228.5
649.35,1186.2
652.93,818.78
650.42,795.11
669.39,521.37
660.69,1099.9
678.76,72.074
677.75,550.84
687.45,51.939
683.98,386.88
684.61,900.86
685.5,332.5
691.44,701.16
692.65,551.88
697.94,322.72
698.17,468.57
699.66,1160.2
702,389
706.41,1125.2
709.09,410.91
715.74,1101.6
715.5,844.64
716.5,559.5
717.09,596.13
719.36,783.04
726.12,52.116
727.87,41.839
729.69,534.67
731,1104
735.06,704.65
736.5,595.63
746.31,561
748.61,358.86
757.26,217.47
764.08,563.92
768.38,575.15
764.93,1208.2
780.72,430.12
783.77,491.63
784.4,1115
792.6,219.2
791.41,804.75
796.91,1108
802.44,1092.3
802,417.83
803.92,349.46
807.11,723.14
808.04,1213.7
810.78,31.444
814.65,590.35
816.58,822.52
816.27,972.35
820.5,96.5
824.19,150.52
825.69,611.17
830.5,908.04
834.19,248.74
838.09,90.091
840.12,437.12
839.42,798.42
841.95,6.3559
846.47,633.31
850.03,358.67
850.65,916.22
853.83,1227
859.12,1083
860.21,1009.2
862.53,160.98
867.24,1243.6
872.6,298.52
874.77,119
886.44,830.93
888.08,640.59
894.48,6.8736
895.93,598.59
901.87,970.61
907.32,239
913.16,490.11
915.59,654.61
923.68,40.167
928.21,909.55
930.58,719.58
942.19,360.81
950.09,112.09
951.15,676.54
959.23,371.27
961.1,37.361
977.5,102.5
980.5,1045.5
987.07,575.88
988.57,83.609
994,707
999.62,452
1008.1,1153.7
1009.3,639.41
1019.5,86.75
1020.6,180.25
1023.7,687.67
1030.3,73.778
1025.1,415.12
1028.9,669.86
1030.9,920.09
1036.5,490.35
1039.3,23.709
1037.9,1152.1
1040.5,572.5
1043.6,822.86
1052.4,56.662
1054.6,437.13
1055.1,488.35
1067.6,86.97
1074.2,201.89
1079.6,77.4
1105.7,973.39
1103.5,1175.7
1110.9,42.279
1111.5,890.13
1117.6,1021.6
1120.7,669.42
1122.1,268.7
1123.2,1176.9
1123,884.32
1134.4,186.26
1148.5,873.7
1156.6,144.95
1157.7,502.63
1161.6,436.42
1171.1,38.397
1171.7,113
1177.2,267.89
1182,368.45
1184.3,1232.4
1184.4,1194.4
1190.7,1246.8
1194.1,132.4
1201.9,1019.9
1202.5,810.92
1226.1,1143.8
1227.4,322.22
1228,293
1236.4,649.05
1235.1,562.37
1242.1,39.474
1246.3,454.3
1246.7,1080.1
