2.8333,802.5
9.911,466.51
18.302,1135.9
19.959,735.43
28.091,60.091
33.849,393.84
34.682,115.36
43.884,634.12
48.083,11.917
58,347.5
58.809,1127.2
61,85.25
62,213
72,500.5
77.5,26
81.68,272.27
91.677,1228.8
100.55,381.97
103.39,81.102
102.15,206.42
105.65,137.78
105.04,17.557
105.62,677
117.99,77.681
125.02,125.55
137.93,929.51
142.24,168
142.19,492
144.07,107.95
144.09,477.91
147.46,24.852
147.42,70.105
153.72,538.73
161.04,73.066
159.54,137.98
167.58,1131.1
170.17,312.13
175.64,55.929
178.1,262.39
179.09,1051.9
194.61,118.34
185.99,27.663
196.16,207.09
202.29,80.163
196.58,278.11
217.18,168.54
208.5,943
213.61,182.82
215.75,85.083
215.87,1210
220.99,108.6
229.37,232.01
233.56,404.48
235.6,190.81
233.44,686.92
239.9,147.74
237.94,296.86
239.5,830.3
241.92,88.342
244.87,121
248.14,846.28
248.09,1055.5
251.5,172.5
253.02,219.53
253.05,818.41
255.18,192.13
255.06,59.155
256.34,232.14
256.33,106.62
265.5,258.85
268.33,494.44
267.34,923.38
275.43,106.03
276.46,29.671
279.52,452.47
278.7,896.77
278.81,688.67
281.54,251.93
286.8,167.83
292.61,133.03
297.04,159.43
294.5,854.5
302.39,327.18
297.09,729.09
310.84,155.44
314.77,268.23
313.44,1034.2
321.87,163.97
325.26,241.02
330.29,310.29
333.44,405.28
346.93,151.49
338.91,336.13
344.64,1156.8
348.05,87.769
358.6,329.24
361.44,591.75
365.21,422.73
376.03,171.55
366.5,913.5
370,121.25
369.5,1048.5
370.95,871.15
378.28,328.87
378.28,509.2
379.8,263.6
378,354
390.23,338.65
390.64,447
397.3,243.93
395.91,311.91
400.24,1077.9
397.55,840
397.5,997.5
405.14,219
410.95,279.65
409.56,894.46
411,27.756
413.52,937.22
416,572
425.84,842.37
422.83,642
433.82,147.7
431.97,759.29
430.24,1147.4
433.12,817.62
433.68,279
438.65,641.43
438.91,388.91
443.12,53.832
447.23,831.08
451.12,323.65
470.31,8.6957
476.67,1025.2
475.58,211.06
478.48,459.06
486.85,860.71
481.4,1139.8
486.43,824.6
489.93,78.31
492.12,142.78
493.04,529.15
517.42,782.9
515.85,937.17
524.79,1158.7
529.68,188.11
541.21,932.8
554.47,344.83
555.18,493.84
560.02,615.45
561.26,748.01
564.93,824.49
566.86,1231.1
564.5,368
568.06,1100.6
573.56,950.08
588.3,560.26
586.71,302.5
596.04,921.42
603.84,81.526
606.98,64.65
615.37,372.35
611.4,105.85
613.09,1050.3
615.5,304
626.68,116.22
633.52,1010.5
630.5,253.5
640.83,326.88
647.04,68.531
645,191.5
646.5,236
653.21,1107.1
651.5,1242.5
653.92,326.56
658.37,376.63
663,1145.7
670.59,826.07
673.62,237.7
684.14,894.86
682.52,1124.1
687.3,837.07
688.42,1156.5
687.5,764.5
696.97,535.2
697.56,602.5
700.63,846.65
716.64,1059.1
715.68,633.55
716.17,142
717.05,789.08
722.1,58.096
724,1037.4
729.64,120.11
730.81,299.17
731.41,1145.1
733.28,679.37
741.62,44.08
739.93,376.59
751.24,963.78
752.15,402.65
754.75,753.04
758.85,527.42
764.28,368.91
767.83,880.31
774.33,1040.9
782.88,375.77
788.54,532.68
805.47,2.5614
804.3,1087.6
816.79,876.76
817.66,256.35
823.21,951.4
831.41,648.31
834.42,436.39
835.56,1029.8
836,598
845.96,234.84
842.43,1154.1
844,1170
853.07,759.81
862.57,111.36
867.9,859.78
872.28,744.9
877.93,585.17
875.39,368.86
884.56,1196.4
892.35,243.15
894.28,394.54
891.18,1008.4
896.06,1117.2
895.5,758
903.61,1071.9
906.75,1147.3
906,1192.5
916.93,284.93
918.33,990.78
920.42,1192.5
925.05,596.13
926,275
937.61,580.7
934.64,1188.5
938.95,544.4
949.12,572.92
949.83,586.8
955.66,1021.5
962.39,1182.2
963.82,853.04
981.2,380.11
979.74,1063
984.5,350.6
990.51,46.42
988.08,412.15
988.59,437.83
994.68,113.78
999.38,1223.3
1018.6,464.99
1022.3,324.5
1023.8,1209
1027.7,566.78
1041.2,961.54
1040,362.32
1042.4,878.92
1050.5,627.24
1055.2,124.91
1062,518.31
1069.5,92.031
1072.4,1042
1074.9,1144.8
1078.7,327.72
1090.1,188.47
1104.8,817.56
1116,1051.4
1117.2,966.58
1118.4,363.14
1120.4,261.67
1131.5,20.282
1140.6,192.17
1150.6,339.07
1154.2,1102.7
1159.5,739.1
1161.3,482.2
1167.3,660.45
1175.4,267.39
1196.9,1200.2
1197.9,323.25
1206.6,430.3
1207.7,910.03
1212.3,166.27
1206.5,1232.3
1210.8,109.98
1221.7,1032.5
1222.8,731.56
1228.5,1198.5
1235.9,136.61
