10.489,412.15
17.389,634.86
29.08,302.4
37.808,585.62
44.788,119.27
68.128,854.1
61.938,882.09
63.339,339.93
98.317,314.69
67.794,81.206
77.379,133
93.868,112.95
105.11,15.421
112.63,346.63
115.42,176.17
130.35,148.69
132.5,1005.5
134.58,1046.1
138.47,791.14
142.92,744.92
141.5,91.5
143.56,328.95
144.95,138.64
144.9,393.38
159.86,140.14
180.79,35.5
179.92,191.08
181.87,1030.9
187.67,1246.2
191.49,896.15
193.07,43.407
195.08,124.08
201.38,849.3
208.7,5.274
209.1,874.82
221.8,1165.4
222.5,3.5
224.92,115.46
236.32,10.189
235.2,32.925
234.71,1041.7
249.76,934.75
248,4
250,9
255,22.161
266.9,6.413
267.15,89.192
275.06,1191.6
280.09,624.6
281.29,17.408
294.52,5.9379
295.58,54.076
301,311
312.63,272.33
318.07,5.5926
318.46,1234.1
324.02,391.86
324.63,569.37
325.34,893.62
332,426.5
343.98,1185.8
344.95,425.88
371,72.5
372.4,114.6
373.5,1181
376,18
378.91,1048.1
397.88,566.14
414.29,80.851
416.5,985.5
421.36,403.32
421.15,415.65
433.54,1050.8
436.6,765.11
450.06,575.45
450.09,668.09
464.17,1105.7
464.05,1166.2
469.14,388.64
473.78,907.6
482.43,314.94
492.61,105.69
519.01,545.2
517.85,25.423
518.55,1023.3
529,927
546.37,1104.2
575.58,1119.6
580.44,512.63
593.77,1055.4
595.4,962.66
608.17,853.07
607,754
623.42,888.57
626.19,1244.6
623.26,859
627.41,1213.1
638.49,1201.4
640.09,809.4
642.07,530.24
639.11,938.42
647.42,1033.6
655.59,1215.2
662.46,859.57
665.31,1196.7
671.86,1224.4
678.94,758.7
682.68,783.24
683.78,1167.3
685.55,1242.4
699.43,336.43
707,1206.4
706.72,923.59
705.62,1245.2
708.06,98.549
712.53,1236
722.53,1181.2
724.63,728.37
728.45,789.4
735.37,1200.8
740.06,66.094
740.15,448.35
748.19,731.26
750.42,1163.4
755.06,856.43
754.12,1237.3
760.24,679.96
762,41.5
763.5,367.89
767.91,1184.9
775.95,1240.8
793.25,457.13
791.97,619.23
797.65,882.45
804.67,1207.2
814.41,1197.3
819.91,680.41
821.5,745
823.08,197.08
828.93,662.22
828.3,436.25
835.94,1166.4
846.14,1054.5
852.51,585.27
850.19,608.07
863.05,911.58
900.4,909.9
928.73,187.77
943.55,981.54
951.45,356.71
966.95,203.5
970.31,984.16
970,100.5
972.46,728.91
983.63,656.58
983.11,1204.4
986.93,1026.5
993.68,615.05
1007.5,978.1
1008.2,754.56
1010.4,1102.4
1023.5,754.31
1037.1,648.63
1038.2,1180.4
1048,464.71
1051.7,779.65
1064.2,1167.5
1067.1,730.41
1070.5,461.5
1084.6,460.25
1087.4,500.4
1101,1097.3
1135.5,837.26
1140.3,1097.6
1147.5,713.59
1149.5,1128.2
1156.8,965.67
1160.2,175
1163.6,558.89
1174.6,272.07
1181.6,737.05
1192.6,1226.5
1201,1049.5
1202.1,78.091
1208.1,307
1223.4,99.918
1226.4,515.6
1225.5,845.66
1233.6,667.4
1240.8,630.95
1243,431.04
1245.3,308
1245.4,822.27
