9.6,376.96
3.2326,718.33
10.333,983.94
31.721,535.86
36.597,472.89
38.025,40.025
40.91,400.42
50.239,234.24
42.333,484.37
45.395,706.6
50.224,151.59
62.333,325.09
62.724,767.3
73.329,527.92
76.943,707.34
76.885,167.35
80.083,919.08
92.227,151.18
93.5,937.23
97.107,655.77
99.383,453.74
103.2,277.07
108.19,538.17
113.48,1084.3
117.35,810.13
123.29,955.29
129.75,1044.8
135.29,770.26
138.45,933.78
142.87,4.8718
144.63,702.7
147.29,354.84
150.67,375.31
150.08,675.08
158.38,855.62
159.81,1172
157.66,147.53
165.23,676.99
167.06,369.7
170.95,455.24
175.68,1203.5
177.34,381.52
182.43,655.76
186.4,270.62
188.2,541.44
190,209.33
195.53,1080
194.5,588.5
202.54,468.24
201.86,1192.1
211.77,410.09
223.08,560.47
225.1,722.67
224.54,706.69
230.66,277.13
230.64,642.54
228.42,666.42
242.01,343.25
235.5,925.5
240.93,545.41
247.04,508.06
253.47,851.72
253.12,755.92
252.25,382.74
252,242.5
255.86,396.14
255.43,449.99
261,799
272.41,450.65
268.88,311.6
271.57,685.66
279.37,966.62
280.5,302
283.32,498.36
287,781.62
290.67,512.71
292,235.5
294.06,1010.9
298.96,1092
302.4,765.08
305.12,886.04
306.42,500.36
304.44,927.58
305.62,169.62
307.18,573.93
317.67,266.68
317.36,198.5
323.67,714.5
324.98,1140.5
327.12,378.41
327.88,1050
331.08,1019.8
333.89,854.02
341.03,516.25
338.5,67
347.25,589.92
358.47,551.11
361.93,114.59
369.59,296.53
368.15,26.224
374.63,762.02
374.81,1214.6
375.26,568.65
378.02,587.29
380.16,469.98
390.3,420.93
393.12,95.5
402.07,836.36
406.5,1.875
404.82,1091.5
405.51,1111.8
407.48,764.24
412.2,1076.6
413.14,487.69
417.8,1200.7
418.11,275.98
420.22,1093
419.87,150.57
417.91,973.91
425.63,1014.4
424.69,644.43
433.95,182.77
433.52,88.446
438.73,841.82
440.15,363.32
448.23,106.71
450.6,929.78
452.56,1092.8
452.5,374
454.47,176.85
459.2,101.31
462.07,829.53
462.09,1004.9
468.24,156.1
472.6,927.5
472.94,377.09
484.44,864.33
488.7,1083.6
490.08,805.12
493.4,441.11
494.81,190.91
495.83,855.53
498.9,1168.2
501.26,737.08
504.11,155.18
499.91,760.91
505,99.5
517.02,217.7
518.47,449.44
521.53,661.55
520.77,983.01
524.97,555.72
525.66,853.74
530.6,1004.3
533.84,699.6
534.06,520.96
537.41,535.93
539.08,54.8
539.32,353.78
551.56,116.47
551.58,47.452
554.5,938.25
574.38,251.56
578.38,396.5
584.58,186.04
586,296.55
585.99,734.77
594.97,598.79
591.35,201.41
592.17,456.41
591.5,580
599.71,895.3
598.9,1054.1
598.93,1129.6
601.42,308.55
601.61,463.71
602.42,780.58
606.46,924.38
610.12,253.58
611.44,1001.6
612.17,75.425
618.3,922.08
622.25,90.342
629.07,545.8
624.03,657.9
625,1029.2
633.94,1014.3
635.09,889.25
638.53,611.85
646.02,1216.5
646.75,345.02
645.88,1146.9
650.67,233.16
655.63,91.947
664.09,755.09
668.9,881.92
667.9,437.38
679.12,374.59
681.26,996.84
686.81,207.99
686.5,1219.4
689.98,447.82
689.54,919.08
693.47,339.33
692.13,1044.5
699.29,364.09
696.86,193.86
698.6,516.6
712.72,1214.2
713.13,404.47
710.5,1180
716.18,824.66
719.08,26.083
724.56,966.34
727.37,862.56
734.6,291.6
741.91,597.62
743.51,940.38
751.78,572.07
751.96,664.15
750.89,401.58
755.56,1182.8
763.5,423
764.02,758.76
768.19,885.09
768.52,512.31
772.66,1070.7
770,373
787.62,479.56
785.7,1060.1
791.52,340.85
800.27,873.42
794.35,444.29
800.49,686.74
802.75,751.88
804.78,898.67
803.74,359
805.63,1244
806.86,474.19
807.83,597.55
810.44,462.92
811.24,550.5
818.61,836.91
819.7,220.21
814.64,1138.8
828.56,1210.1
822.93,812.41
827.25,854.85
825,437
826,344
833.53,20.353
831.09,649.91
835.01,1024.5
852.05,891.52
840.62,125.2
848.44,430.18
845,1169.5
849.63,1225.7
850.43,933.96
856.96,1174.9
865.68,1222.7
860.15,521.54
862.05,627.95
864.43,299.56
864.36,807.68
872.43,1193.8
873.19,18.03
869,164.41
876.34,881.68
888.63,1178.1
879.2,1080.1
887.3,791.27
893,1017.3
900.98,559.95
900.89,620.31
902.5,1059.2
908.66,750.85
915.26,1019.5
911.93,1001.2
915.53,637.99
916.41,88.897
918.6,619.4
924.42,465.4
926.46,333.77
930.36,428.86
928.21,677.5
930.68,152.67
931.12,1139.5
932.07,1030.4
936.5,331.76
936.42,1145.1
941.77,1109.6
947.54,75.956
952.43,134.4
960.06,1119.6
958.05,1229.8
977.63,1042.4
966.32,1142.1
965.98,548.07
968.92,629.67
966.69,1012.5
967.88,846.5
978.53,435.9
976.08,774.46
984.51,1021.7
981.62,704
984.67,1125.4
987.15,192.94
987.61,491.56
993.54,317.93
991.9,1077.6
996.31,743.04
1002.7,1027
1000.6,272.04
1012.8,783.78
1013.9,568.5
1025.5,451.26
1025.6,153.7
1028.5,747.28
1033.3,542.98
1036.2,919.38
1040.4,817.95
1038.4,372.08
1040.5,1137.6
1041.4,1198.8
1051.1,614.32
1067.5,1100.3
1070.4,541.52
1067.3,637.93
1072.6,164.6
1074,1050
1081.5,235.35
1080.5,260.38
1084.2,1087.7
1083.5,79.333
1088.5,581.66
1085.7,1122.5
1088,1243.6
1094.1,366.2
1100,703.33
1108,397.29
1111,448.43
1117.2,296.44
1119.2,109.02
1118.6,1022.9
1122.3,1139.5
1121.9,1200.9
1129.9,871.94
1133.2,1213.2
1134.1,562.07
1138,226
1145.6,666.11
1155,762.76
1154.8,482
1167.4,736.7
1176.7,556
1182.5,378.48
1180.7,33.319
1187.6,119.7
1194.4,1102.5
1201.4,278.54
1201.2,1026.6
1204.9,727.95
1204.8,996.62
1210.5,122.09
1225.3,300.93
1223.5,445.3
1226.9,641.98
1225.8,868.86
1233,1238
1235.8,972.9
1237.7,1128.1
1243,866.5
