3.3409,48.114
5.9286,107.18
2.5,236.5
7.5,924
11.926,33.444
15.917,2.9167
26.254,982.3
26.559,956.03
29.091,279.95
44.293,508.77
51.5,937.5
52.5,958.5
56.062,45.094
57.5,92.422
61.441,492.22
68.4,39.525
71.642,301.61
67.435,1155.4
74.278,549.93
82.885,118.5
95.714,327.42
94.593,848.93
96.942,355.96
107.71,226.8
103.91,988.37
109.71,1000.8
116.94,335.74
125.5,311.79
127.48,277.29
130.17,1033
131.38,1104.6
148.18,1209.2
145.2,102.44
148,1162.8
148.72,280.11
149,110
155.13,358.68
157.71,590.71
161.03,1006.2
159,1221.8
162.79,330.86
164.78,781.19
169.9,314.9
171.84,2.6757
170.33,1165
174.58,328.11
182.5,1171.5
188.37,501.23
190.42,1144
199.34,1219.5
210.05,200.49
203.5,293.5
208.97,185.86
210.07,468.44
214.76,594.24
223.07,910.99
223.35,111.72
225.95,925.1
231.54,266.62
229.32,584.53
236.38,632.37
231.64,680.33
235.49,298.84
238.71,720.35
238.5,1013
246.3,379.48
248.18,589.64
250.88,1040.4
257.87,1020.3
258.32,1083.2
263.42,572.89
264.5,765
269.68,111.95
269.07,1195.6
269.42,909.11
277.49,545.28
275.58,298.58
278.09,450.12
278.59,730.93
282,90.174
285.22,623.75
283.85,818.83
301.04,989.1
295.46,1080.1
296.42,4.1053
300.14,930.93
306.66,588.47
305.5,1017.5
314.55,1064
316.5,1029
322.32,278.71
324.23,13.182
323.84,71.059
324.95,232.41
330.65,251.51
335.16,730.35
336.18,628.18
334.79,870.66
341.96,650.34
334.36,788.68
337,693.5
341,1033.4
346.77,988.93
352.15,312.95
354.42,719.04
359.74,798.75
364.7,254.06
362.91,1162.9
367.44,1001.9
370.9,710.66
371.05,923.69
369.38,1199.8
375.59,817.28
380.4,462.01
381.11,699.64
384.55,257.27
385.93,191.36
384.5,1021
391.27,784.25
389.52,869.84
391.73,289.15
393.88,327.7
401.9,432.51
402.93,24.362
404.88,150.24
405.32,1240.1
409.17,1189.4
412.21,499.01
412.65,586.6
410.34,765.85
412.72,185.17
413.15,172.89
414.17,543.01
415.73,519.41
415.37,3.6333
416.09,1153.9
418.11,349.63
421.07,719.43
419.11,384.42
424.98,359.02
429.42,309.6
433.97,1167.6
434.35,717.38
439.31,509.07
447.73,738.26
437.55,871.98
436.27,382.32
444.34,358.22
447.19,546.18
448.5,1032
448.5,110.5
450.6,696.11
449.86,851.59
464.59,1116.3
466.31,621.4
465,794.32
468.43,1029.2
469.5,973
476.56,907.06
472.91,1213.1
479.69,46.963
477.34,230.55
477.07,954.93
476.83,107
478.36,502.21
486.08,751.42
482.5,92
483.71,858.85
487.18,838.24
487.79,624.06
494.84,702.9
490.96,219.57
491,652
495.16,451.25
497,1011.5
499.04,12.426
502.73,906.73
515.56,697.16
516.93,599.59
521.33,366.39
520.64,121.32
522.67,111
528.94,1040.4
528.33,471.15
531.5,993.5
533.39,253.86
533.96,1165
537.56,767.59
536,841.5
537.11,472.58
541.75,939.14
540.25,811.97
544.76,265.05
545.89,423.99
549.84,1172.2
553.94,122.45
554,459.5
557,1024.7
555.43,1238.9
557.62,607.5
560.53,1205.6
563.93,579.04
574.08,468.55
571.17,73
578.16,389.5
575.77,1110.3
576.39,741.91
581.33,229.89
578.09,489.09
583.47,1180.7
580.56,854.04
584.26,133.32
588.19,625.13
591.74,1237.3
594.12,588.5
597.73,336.32
601.32,564.32
603.47,385.26
604.15,1241.6
607.77,190.09
608.78,888.9
611.97,534.8
613.81,474.27
615,634
613.5,801.5
619.73,687.83
618.11,333.58
622.03,854.03
627.41,479.59
630.67,567.91
628.6,923.6
631.38,701.22
634.18,70.419
636.65,475.74
635.07,945.26
641.89,525.42
644.97,507.59
643.58,1222
647.43,647.72
644.91,443.09
648.95,570.75
651.02,1049.8
653.07,150.62
653,604
659.5,973
660.67,1140
669.89,761.62
668.83,1172.8
672.76,273.06
674.44,553.69
670.86,618.86
673.67,520
678.46,355.55
682.38,917.32
684.04,31.121
684.07,204.93
687.59,587.82
685.5,950.5
688.86,1074.7
688.57,939.39
697.48,415.73
698.55,627.66
703.43,1202.3
701.52,787.03
703,515
703.5,750.85
712.07,657.56
716.89,1117.5
722.22,368.79
727.19,455.65
731.22,328.82
734.89,56.5
735.94,668.31
739.5,1008
746.54,21.381
743,1050
743.69,1147.9
748.09,1032.1
751.54,986.83
750.16,79.451
752.17,594
753.68,1059.4
768.5,322.5
769.23,162.77
773.98,545.2
781.35,166.67
779.5,773
791.03,431.17
799.83,125.24
793,1125.8
796,365.81
797.67,520
800.59,1081.9
801.43,700.43
807.28,1043
807.68,507.05
814.64,554.72
814.75,1004.6
814.26,274
817.26,1019.9
822.95,646.13
819,301
823.29,513.36
828.14,676.5
830.92,909.03
832.16,457.93
835.08,44.658
835.09,496.04
833.78,534.62
842.11,715.02
839.5,820
843,408.57
843.2,86.409
842.94,202.91
853.14,471.26
853.05,1149.1
859.03,190.35
857.66,15.372
860.51,1115
860.45,916.23
860.23,378.46
865.72,757.19
862.5,47.5
868.03,443.78
871.62,409.31
870.4,1026
868.5,705.5
873.97,1140.8
870.93,91.593
875.56,115.53
878.13,465
874.89,959.07
880.94,845.45
885.92,138.56
885.04,1106.9
886.9,676.74
886.68,923.78
887.7,490.19
890.88,520.34
890.22,896.25
891.52,859.87
903.4,165.65
904.02,966.81
908.07,1098.9
911.97,669.06
912.53,304.99
914.35,1014.8
910.42,1196.1
914.34,613.9
921.51,584.36
920.04,791.82
919.92,290.58
924,268.4
922.11,1187.4
927.3,408.71
926.25,603.05
940,514.5
944.79,718.54
949.74,1149.3
950.54,626.56
949.64,586.5
951.55,661.31
951.67,875.54
954.84,491.09
955.16,133.57
959.65,608.47
960.32,688.53
961.04,147.69
967.05,866.53
967.47,1073.6
968.24,915.57
968.15,203.5
969.39,243.31
969.16,378.43
971.95,331.91
973.91,1057.8
978.72,614.99
978.62,638.39
975.97,353.43
976.44,387.96
981.4,164.34
984.76,435.25
983.71,275.06
985.34,668.88
984.08,708.92
992.37,386.15
990.73,769.33
991,597.5
993.16,1008.1
992.93,721.93
993.46,1239.8
1001.4,741.02
1000.7,470
1005.3,776.98
1007.7,378.53
1009.4,152.54
1010.5,421.89
1009.9,480.64
1010.6,898.89
1014.3,308.2
1015.5,402.54
1016.9,81.188
1014.3,116.83
1016.2,1103
1016.5,884.5
1017.8,1002.9
1020.3,696.64
1020,50.5
1022.8,488.32
1030.9,797.95
1024.5,1092.2
1033.2,885.35
1026.6,342.04
1030,414.89
1031.8,606.11
1031.3,152.53
1033.4,688.89
1031.9,98.909
1033.9,915.7
1034,283.14
1038.7,245.67
1037.6,759.42
1039.6,2.2927
1043.1,363.43
1043.9,311.02
1045.9,767.95
1049,949.07
1053,930.62
1052.5,406.42
1055.5,870.1
1052.9,615.91
1053.1,979.91
1058.4,287.75
1058.1,709.55
1058.9,313.41
1063.5,412.93
1068.8,898.06
1065.7,859.23
1064.9,988.45
1065.4,664.41
1066.8,1028.6
1072.6,1148.9
1074.3,584.9
1075.5,19.551
1078.7,434.52
1077.3,145.72
1076.6,948
1081.8,385.93
1078.8,873.43
1084,728.7
1085,854.92
1083.6,360.37
1084,7.6786
1088.5,524.62
1088.4,967.74
1090.1,898.06
1091.8,30.37
1095.4,669.58
1102,951.74
1105.7,692.05
1106.9,989.89
1107.6,805.25
1106,1080
1109,55.844
1113.4,652.23
1112.8,960.36
1114.4,457.09
1113.9,1181.2
1116,589.67
1119.8,411.59
1119.8,729.09
1125.3,35.158
1127.1,793.11
1124.4,737.5
1128.8,10.804
1128.7,1005.4
1132.6,462.11
1132.6,389.17
1135.4,930.91
1132.5,948.57
1136.8,976.75
1137.3,445
1138.1,1004.1
1143,499.94
1149.9,1001.8
1155.9,423.79
1153.5,281.5
1157.6,752.89
1159.9,941.02
1160.7,989.3
1161.4,216.91
1162.3,659.56
1170.3,349.3
1165.5,1016
1169.4,625.52
1172,710.5
1170,1057.5
1173.9,394.84
1172.5,811.08
1179.1,481.07
1179.4,636.98
1179.8,1047.5
1178.7,781.45
1181.6,946.63
1182.8,701.75
1186.4,997.57
1184.2,984.97
1183.4,505.89
1191.1,206.43
1190.9,419.86
1192,346
1198.2,887.11
1196.7,1058.9
1197.4,588.07
1199.6,620.82
1199.9,791.87
1198.7,248
1202.6,824.87
1205.5,297.93
1208.6,1215.2
1209.5,1001.5
1211.6,65.105
1213,368.5
1218.4,1173.6
1220,249
1222.1,515.59
1226.2,102.2
1226.4,214.09
1234,166
1237.6,92.957
1239.9,427.6
1242.3,180.09
1240.9,754.92
1242.4,706.11
1245.6,269.78
