6.575,2.075
32.915,36.53
1.8947,57
15.286,272.3
9.9939,462.55
1.8462,535.77
12.743,711.29
12.035,808.58
20.098,845.86
1.8462,897
1.5,904
3,924.73
11.163,1019.2
19.154,213.38
10.482,599.43
8.0704,511.87
13.825,106.2
28.259,395.67
9.7632,1064.8
13.392,527.64
10.32,1117.2
21.323,428.37
30.86,979.96
16.4,1071.4
23.413,52.945
19.875,725.92
38.456,886.23
22.024,1128.3
28.096,483.76
24.143,746.14
23.5,1071.5
37.977,674.95
26,870
26.304,1152.3
31.259,516.06
31.281,97.235
37.858,729.32
33.1,754.05
94.309,789.04
56.583,456.96
50.934,540.04
42.623,713.68
44.797,232.99
46.207,1040.4
44.128,1277.4
56.319,1072.5
46.516,740.94
45.714,1020.6
55.175,300.24
53.296,200.12
65.508,232.43
63.492,325.42
82.985,260.78
68.158,689.96
67,1039
70.853,174.58
79.689,593.07
75.812,305.53
82.064,925.97
112.18,401.08
80.426,1100.7
70.578,80.914
84.257,545.53
79.364,616.69
85.975,1071.7
80.526,719.26
92.212,111.69
97.707,225.34
92.217,480.62
89.938,705.94
90.429,468.69
98.679,324.79
93.429,882.29
97.033,689.03
101.21,956.21
106.42,158.94
101.61,724.35
108.29,6.8308
139.63,79.607
108.83,513.1
118.41,908.76
108.45,1122
117.69,979.57
113.36,1191.4
113.23,276.44
115.89,934.19
129.67,667.75
120.58,960.62
131.41,222.51
133.53,151.13
131.11,291.13
136.64,812.03
136.22,719.94
135.5,1213.6
137.09,515.95
148.61,570.94
142.07,1113.4
143.52,858.15
145.94,316.31
160.52,684.46
160.22,979.52
260.34,185.63
151.25,936.69
178.84,524.92
160.18,167.33
159.67,1119.1
171.7,330.15
201.89,611.59
163.97,854.87
164.2,392.43
163,929
244.61,301
172.45,717.81
230.55,723.15
167.5,596.5
178.02,652.08
176.11,363.2
175.17,472.2
174.98,930.06
203.73,1224.5
181.97,864.24
176.65,584.08
202.38,455.62
186.51,5.0853
190.54,100.54
198.27,940.76
198.67,738.59
191.44,349.92
196.5,571.5
197,245
209.04,814.76
198.5,1325.5
201.73,962.65
209.8,352.56
221.7,390.04
207.86,227
214.86,691.77
214.76,567.59
220.35,550.87
219.85,448.85
235.31,135.44
224.29,84.414
222.05,944.05
225.77,960.19
225.23,342.58
223.5,428.5
226.5,6.5422
237.77,905.58
228.64,1081.3
232.05,559.9
238.01,41.05
236.04,581.07
236.39,867.68
234.58,527.45
249.29,1239
239.54,930.21
266.84,490.98
250.87,14.836
241.91,1134.1
244.88,1.875
252.61,558.11
257.45,427.47
251.44,783.47
250.15,483.7
261.11,849.98
257.04,1000.8
273.2,389.86
270.5,571.84
262.5,762.4
274.59,30.654
266.42,912.61
283.51,956.48
277.03,607.5
270.79,441
273.95,1191.3
274.9,1021.8
275.92,916.56
277,1102.5
278.09,298.91
305.91,639.17
331.57,871.53
284,400.14
283.71,730.45
284.33,993.33
304.28,808.99
290.81,1016
291.14,352.14
293.21,905.98
294.97,403.73
333.09,93.865
294.06,992.59
297.87,1041.1
343.75,398.59
296.23,41.773
308.29,931.44
299.91,884.38
299,621
303.3,673.9
305.24,995.45
334.06,515.79
305.78,692.78
312.7,604.59
333.78,1088.7
345.11,665.56
320.79,577.87
316.3,888.45
349.25,337.16
326.53,463.37
334.6,956.05
332.5,595.94
338.44,1166.1
334.76,42.761
350.97,842.27
347.4,761.61
341.78,440.33
349.27,917.57
364.9,572.92
353.99,20.2
357.54,989.21
356.5,280
367.94,1180.7
360.84,605.93
372.89,741.91
378.86,1108.1
377.05,668.98
370.12,1019.2
387.16,37.377
378.92,929.33
399.38,559.88
377.73,123.52
375.5,305.5
380.69,712.71
390.76,328.39
396.12,1005.6
387.36,856.24
391.48,304.14
396.14,624.69
393.32,785.65
392.54,962.56
397.42,180.21
395.11,889.5
393.92,866.92
452.96,427.76
396.59,800.07
396.5,872
406.48,1060.7
403.81,52.702
415.5,846.92
406.49,1225
409.74,374.64
413.46,282.09
407.5,139.5
408.55,244.65
413.96,958.43
417.17,135.05
414.69,167.66
418.01,812.06
419.85,352.11
418.6,1083.2
421.87,1283.9
423.16,323.1
444.88,638.36
434.97,3.6667
427.65,20.115
444.69,278.49
430.69,797.31
562.36,122.92
437.86,178.82
430,310
432,1294
434.8,143.83
439.1,353.84
437.91,745.91
444.84,841.4
442.28,1300.4
443.8,1056.8
444.5,1232.5
446.32,512.92
494.36,670.34
451,951
535.39,732.75
453.4,61.4
475.76,905.06
459.07,232.18
460.98,851.46
463.69,1323.3
465.87,200.69
462.38,588
468,1.5
469.03,1086
470.36,1241.4
471.62,77.676
474.56,806.91
472.25,1064.4
492.83,1277.1
479.49,855.26
478.51,567.56
484.34,1102.2
491.39,1078.1
487.62,327.66
496.54,520.57
495.66,280.37
492.67,779.74
499.29,870.36
492.5,1015.4
493,920.5
500.85,559.97
502.18,705.42
514.74,490.76
503.49,957.32
508.1,845.17
508.53,773.72
541.07,348.87
532.72,1064.2
612.96,914.01
529.59,1209.7
524.12,133
527.35,403.26
546.11,93.353
527.26,548.6
523.39,776.44
531.73,453.78
532.75,832.9
526.31,603.55
532.29,1159.1
532.69,221.67
538.5,1236.5
545.74,1169.8
550.37,378.83
546.28,844.85
548.11,873.68
550.83,1089.7
552.35,524.06
561.1,450.64
578.84,284.92
556.5,1256
560.71,645.03
566.23,1327.1
565.16,381.77
599.61,795.4
573.58,1024.1
569.67,1303.3
579.57,622.15
568.66,655.54
571.31,1059
579.11,1220
578.77,1113.9
579.33,781.67
584.5,376.9
586.36,454.05
586.84,398.82
587.08,1205.1
586.5,340
587.29,357.29
586,741
594.33,594.26
601.76,1049.3
600.43,161.13
592.86,1258.9
597.94,655.91
610.16,122.94
615.18,637.12
603.11,1008.3
602.58,707.11
603.17,1257.2
612.99,609.59
607.1,1240.6
641.34,356.43
609.91,510.68
612.77,689.19
613.01,324.5
612,719.38
617.2,865.77
615.5,379
624.01,666.39
660.03,573.7
639.88,254.64
631.73,705.42
627.19,1058.9
637.78,492.27
659.62,1252.6
630.39,1096.6
635.7,363.82
653.05,644.45
646.62,829.77
645.03,870.58
654.33,200.25
659.87,5.1238
661.58,1079.9
683.65,1301.6
686.05,962.83
664.8,452.41
669.35,674.12
665.71,189.29
667.85,1328.7
674.79,1096.8
673.62,762.19
672.72,1040.5
670.43,81.391
673.68,180.84
675.99,929.64
690.16,383.07
682.86,717.45
705.61,1067.3
702.08,664.28
688.59,560.63
688.5,67.5
695.73,112.46
693.47,1272.3
694.19,32.625
699.18,347.95
705.27,265.36
713.55,1013.8
701.08,1123.9
701.43,809.43
704.57,558.57
713.52,416.28
740.93,1216.5
718.47,15.22
716.78,304.9
722.61,484.61
722.91,853.15
722.36,1329.3
733.5,957.38
721.75,567.75
761.61,1039.9
733.2,80.398
728.88,440.05
728.9,264.44
727.07,280.53
744.29,668.77
735.06,109.5
765.61,465.33
740.68,832.75
748.51,537.9
752.16,976.41
748.94,1133.8
749.58,263.48
771.73,836.42
737.16,1295.9
757.62,791.51
768.72,741.04
769.1,207.26
836.99,365.98
763.76,47.04
775.8,991.39
769.11,229.42
772.72,515.38
772.58,1168.4
774.51,1110.6
848.79,600.49
818.88,973.86
781.86,1084.6
791.94,1318.6
806.25,87.981
785.91,1164.8
789.84,848.28
789.81,728.16
816.58,483.06
793.74,497.07
794.71,860.29
811.68,1017.3
801.91,1093
806.87,658.66
806.7,440.63
810,1163
810.09,1121.3
809.32,1070.5
823.22,23.549
828.99,694.97
827.16,198.27
857.47,256.15
822.77,1330.6
821.29,63.452
825,719
826.58,662.89
836.55,1296.2
853.57,836.55
829.11,564.42
834.16,591.84
855.29,1041.3
833.58,1155.9
845.67,1003.1
837.68,748.78
840.58,175.41
840.59,1262.5
845.76,207.35
848.92,663.33
870.5,1121.1
892.86,1230.4
861.93,1280.3
861,712.5
876.18,174.24
878.47,671.05
880.55,810.82
894.93,769.97
889.84,1051.6
891.25,484.22
902.38,670.64
895.7,793.72
893.43,966.4
899.95,1137.1
894.9,1218
896.39,254.5
899.36,814.16
902.77,881.07
911.13,1035
914.5,487.28
912.31,507.98
922.07,801.73
925.27,757.06
913.12,331.52
918,1329.9
917.16,287.23
941.95,444.22
928.87,297.45
937.41,5.8566
948.67,1142.2
927.15,697.91
929.88,521.97
936.4,367.46
930.87,853.79
932,472
933.14,1209.6
937.1,195.31
949.82,575.25
938.24,810
936.91,911.95
951.67,215.64
941.79,987.46
957.61,648.89
948.69,260.86
957.63,1269.6
947.88,324.97
946.5,468.5
956.23,852.87
955.35,967.4
963.32,880.6
964.24,1033.9
958.14,98
1006.7,1199.1
965.45,713.06
974.25,1309.8
980.46,677.52
988.05,759
974.34,268.96
987.29,854.15
986.36,287.76
1024.7,234.81
985.63,1083.4
1048,397.31
1000.1,1119.8
1007.2,670.24
1021.4,1279.7
1012.1,785.14
1014.6,810.07
1047,1068.1
1015.5,1109.5
1024,265.65
1020.8,703.4
1038.6,863.48
1019.9,637.41
1028,780.48
1028.9,1124.6
1025,1149.5
1028.4,1163.9
1080.9,79.082
1028.5,1140.5
1033.5,1259.2
1038.2,930.8
1040.1,690.81
1050.2,291.06
1042.8,1291.3
1059.2,1252.3
1052.6,206.84
1054.1,957.08
1055.3,808.18
1052.4,919.58
1077,164.08
1061.3,856.61
1063.9,929.71
1070,981.59
1063.9,141.92
1064.3,200
1071.2,764.18
1074.5,947.22
1079,334.69
1077.9,1041
1074,897.24
1080.5,713
1091.3,927.5
1090.6,183.62
1097.5,450.3
1086.2,1150.4
1101,1048.2
1096.9,1075.3
1112.2,852.54
1100,901.41
1106.4,1090.2
1104.1,674.95
1118.5,315.71
1106.5,470.45
1106.6,972.27
1138.1,1015.4
1111.6,702.33
1153.1,643.97
1123.7,209.41
1125.7,427.68
1126.7,474.38
1131.7,1175.8
1126.5,269.42
1126,1094
1132.9,448.2
1130.6,488.41
1130.6,992.4
1135,864.5
1142.8,508.88
1136.9,917.09
1139.7,466.6
1140.1,560.63
1148.4,1073.7
1225.6,887.47
1154.7,468.21
1162.6,607.51
1172,1124.3
1160,5.1864
1160,1004.5
1183.4,174.84
1165.5,1028
1169.3,479.29
1167.5,1160
1171.5,28.087
1174.6,627.14
1179.4,42.5
1186.2,541.12
1183,499.31
1181,533
1182.5,1066.5
1183,284.5
1203.3,585.7
1194.2,671.11
1197.7,2.8182
1195,1053
1201.7,733.35
1198.2,628.85
1211.6,604.86
1201.9,1103.4
1203.9,689.64
1212.8,643.56
1216.9,702.11
1213.9,1097.1
1224.3,718.09
1233.6,1071.9
1281.3,287.06
1235.9,25.44
1236.6,581.65
1238.7,139.76
1250.6,589.45
1253.7,1052
1251.6,523.6
1297,580.5
1271.8,764.78
1287.9,642.81
1275,1321.6
1279.5,656.96
1283,745.19
1283.3,901.62
1296,184.86
1301.5,693.92
1294,1330.7
1306.6,143.42
1295.1,406.11
1307.1,783.92
1306.9,1256.1
1310.9,1035.3
1304,664.93
1324,988.61
1317,528.8
1320.9,1302.8
1323.5,1077.4
1325.7,887.39
1321.9,1111.2
1325.5,183.82
1328.9,1150.6
1328.4,861.84
1326.9,823.87
1331.5,198
