3.9394,875.32
12,1190
22.656,878.59
37.171,1139.7
39.994,1154.4
48.411,318.18
54.064,1107.6
63.768,1240.3
65.3,39.925
70.115,1126.7
74.885,875.94
76.71,969.91
78.136,1113.3
83.925,13.8
83,787.5
88,586.5
92.411,852.59
99.071,837.21
101.46,33.161
109.72,958.14
108.44,671.96
114.54,763.92
115.94,650.96
128.65,935.06
132.34,3.8511
134.5,25.286
146.31,102.22
153.69,1226.9
158.62,501.19
161.19,1067
162.7,540.58
165.95,603.92
177.06,515.44
179.37,95.127
179.58,599.11
189.43,367.06
191.82,505.82
191.12,541.35
197.79,562.37
195.42,497.97
207.73,445.18
211.39,537.87
216.47,348.56
221,641
227.61,685.7
229.88,470.73
237.39,215.43
241.84,458.89
246.8,893.77
249.63,191.87
250.18,1075
252.42,10.895
262.07,114.95
266.28,226.61
264.38,572.58
264.21,270.5
266.53,858.86
270.17,1192
277.81,390.79
280.64,185.56
283.78,1174.8
289.79,295.17
293.61,751.19
295.55,254.43
299.57,400.39
300.5,231.5
305.78,445.79
304.93,670.74
306.69,1176.9
310.27,819.58
310.08,1046.4
310.37,474.37
310,1032.3
311,1102.5
312.54,712.22
314.5,88
317.35,960.5
323.21,1139.4
329.08,1186
327.55,336.58
333.72,1173.9
341.5,879.17
339.44,956.2
342.88,1189.7
342.63,975.37
348.46,342.08
355.61,552.13
356.86,1190.6
362.91,613.09
368,958.49
367.23,1075.6
372.28,455.34
379.5,119.5
393.29,262.29
393.19,1216.7
394,409.25
401.54,276.31
405.05,474.65
404.29,1178.9
405.65,501.28
407.07,688.44
415.86,1166
418.05,456.97
421.15,1116.5
425.07,746.02
429.5,443.58
432.64,1170.8
436.43,330.46
442,479
444.03,1214.2
446.07,500.41
447.59,1169.4
451,818
459.85,525.71
458.18,846.04
461.11,828.42
466.09,886.43
471.03,860.28
470.63,870.57
472.09,456.09
478.16,33.314
485.5,71.25
488.68,209.97
494.5,487.5
502.88,495.81
501.92,350.92
507.74,506
508.38,889.66
515.92,104.54
515.3,343.5
515.17,917
520.28,549.26
525.92,1015.4
532,505
536.08,987.08
545.61,60.704
552.8,582.85
552.94,503.8
553.78,65.595
555.43,121.18
559.55,175.97
567.12,437.72
569.64,232.11
567.58,35.105
568.66,656.53
572.1,169.1
573.5,192.21
576,400.75
577.79,645.01
580.02,155.75
590.25,686.56
592.59,833.07
593.5,368.5
600.02,153.46
599.92,233.97
600.05,719.9
605.38,205.09
606,723
610,791
611.9,285
625.37,254.44
630.06,170.63
629.13,860.87
630,575.5
635.22,204.46
637.76,549.5
636,1058
636.94,190.06
644.66,592.52
646.9,1086.8
646.88,639.5
651.14,253.99
650.71,657.45
652.65,701.5
652.43,1238.9
652.89,767.42
656.48,492.91
655.94,555.19
663.44,1042
663.68,265.5
671.64,1064
676.57,429.16
692.22,1047.6
700.19,816.1
704.29,523.76
713.92,317.38
718.77,1131.7
722.65,1086.9
730.52,918.63
735.36,438.51
737.38,1048.9
743,421.5
754.88,959.83
755,354.5
766.49,874.63
766.23,35.077
768.56,898.03
768.81,803.93
772.29,1074.5
773.14,20.5
773,191
773.58,382.11
777,548.5
816.66,733.36
818.95,583.77
823,1096.1
826.27,1161.5
828.44,946.11
847.43,812.92
850.92,680.08
853.54,964.71
876.42,748.93
869.58,83.105
877.95,794.77
885.55,1004.5
890.5,95.286
891.15,1019.5
898.22,733.66
902.97,958.8
907.34,417.87
911.82,1208.6
912.94,29
915.62,868.33
917.27,796.65
920.47,38.306
924.55,383.55
933.78,909.46
936.45,287.71
937.15,606.46
938.59,513.07
938.32,942.78
943.39,1243.4
941.37,893.9
943.43,906.19
945.19,1138.9
948.1,867.01
950.93,247.59
952.33,932
955.22,396.39
955,642
956.19,704.38
958.9,1025.4
961.3,513.46
960.92,296.92
962.16,569.43
961.91,590.74
961.66,1038.5
964.18,1144.9
967.36,71.883
968.03,271.45
966.5,852.5
968.83,448
977.4,873.78
982.89,1199.3
980.82,500.49
982.7,447.15
981.09,944.09
981.57,1052.6
992,1049.8
998,521
1004.6,674.45
1013.8,317.66
1013.3,413.72
1016,984.18
1018.3,428.94
1022.1,936.13
1024.5,282.5
1027.9,424.58
1031,486.12
1038.2,605.56
1043.1,692.59
1047.8,386.21
1051.5,1040.5
1054.5,317
1065.2,1210.8
1075.7,1186
1071.6,947.95
1071.2,469.76
1071.2,582
1073.6,1243.6
1077.9,495.91
1079.1,731.4
1081.3,1218.7
1087.9,886.43
1095.4,91.391
1102.9,1137
1117.7,853.87
1117.5,719.39
1118.4,330.87
1122.1,501.19
1122.1,924.86
1125.6,686.25
1131.2,1004.9
1130.9,655.08
1133.3,833.85
1135.5,904.26
1141,1235.4
1146.6,1007.9
1148.1,831.8
1150.6,1078.1
1152.1,38.043
1149.9,560.09
1157.9,600.91
1160.1,689.19
1167.8,1015
1171.1,654.76
1170.4,1158.6
1172.8,946
1178.3,139.46
1185,254
1194.9,692.54
1198.9,559.92
1203.7,370.09
1203.6,891.55
1206,1179.9
1206.2,403
1212.1,855.09
1218,467.28
1212.8,995.56
1220.7,384.7
1226.3,214.07
1229,919
1241.8,497.05
1243.1,478.19
1245.3,1117.4
1246.2,281.43
1246.3,984.17
