3.2941,173.73
6.3509,546.4
15.931,908.41
21.452,1130.4
29.384,176.66
28.5,1202.4
32.337,149.88
41,712
41.579,118.11
41.421,200.89
47.693,1183.4
49.686,466.83
53.184,171.62
61.123,205.67
57.891,271.37
60.242,725.83
60.396,1171.7
60.043,290.32
71.923,388.56
74.86,697.83
73.5,184
77,309
78.938,160.09
84.415,1240.2
87.5,721.5
87.062,994.91
99.541,210.79
106.47,1193.8
118.81,1179.2
126.1,1213.3
122.92,1138.1
129.52,887.61
131.03,464.96
131.83,781.26
135.49,1234.4
140.27,1098.6
142.58,1189.4
144.66,362.08
145.38,915.62
150.39,407.14
157.64,1219.7
153.58,180.11
159.07,99.586
162.42,1197.6
175,540.5
184.43,787.05
194.55,31.529
197.29,362.53
201.63,262.23
205.07,93.739
203.86,486.5
210.75,565.78
219.06,286.68
210,369
212.73,1110.1
216.07,1026.5
218.12,94.709
220.89,521.38
220.65,425.5
225,813.29
245.81,1050.7
245.14,254.86
249.5,122.29
251.89,581.39
253.6,1127.7
254.13,721.58
255.76,491.24
260.52,790.38
260.94,644.97
269.96,374.71
273.07,341.52
272.27,309.55
276.17,1143.4
278.5,120
279.09,1219.9
289,3.8302
296.11,394.58
297.24,1159
299.94,1099.1
306.63,126.14
311.79,314.5
316.48,298.6
316.56,517.93
319.49,361.74
321.6,92.113
322.85,340.65
327.36,720.6
327.89,1155.5
330.33,1107.6
338.99,478.18
332.75,220.25
336.18,1073
338.91,433.91
344.74,720.62
344,246
347,397
350.5,68.5
349.5,206
353.5,8.7436
358.47,1126.1
359.91,694.45
363.59,822.07
365.1,869.97
368.3,996.74
378.54,139.97
384.58,181.18
389.92,284.2
395.05,1025
392.93,515.41
404.61,668.13
402.12,1050.3
405.4,909.36
412.37,1144.6
432.67,1222.5
434,189.24
436.69,327.79
437.23,1206.9
445.6,443.38
446.5,173.78
449.74,1238.2
451.69,996.64
460.59,118.39
460.88,369.64
460.5,616.5
462.71,133.71
463.92,811.53
470.5,543.48
471.68,1080.7
478.64,258.58
477.42,580.11
482.08,1134.7
479.35,246.28
484.68,25.216
488.04,749.64
489.98,350.79
490.94,1027
493.45,499.42
497.52,1004.5
505.16,87.929
516,643.35
518.22,114.53
518.58,86.895
526.24,623.24
525,168.5
532.79,403.21
537.19,146.4
541.58,320.04
545.8,1129.9
546.58,526.11
556.61,52.139
556.5,125
566.77,363.63
572.14,1167.5
575.29,121.5
578.26,376.86
577.42,851.11
583.56,1030.5
590.51,189.49
592,88.5
590.52,443.72
595.6,244.64
597.55,1010.4
598.17,1041
601.16,1245.6
604.47,1212.4
619.65,219.7
618.09,648.55
623.75,941.19
621.66,301.28
619.92,528.08
623,1056.5
632.67,43
638.91,321.91
642.53,410.93
650.49,690.65
659.34,155.37
661.29,960.99
661.77,1136.2
662.11,48.421
666.13,430.87
666.88,1104.9
671.06,920.85
672.6,253.8
678.92,452.64
677.62,1246.6
681.86,1059.7
681.04,637.06
680.09,664.09
684.54,360.84
686.81,468.71
688.65,326.04
694.97,7.8766
692.57,129.96
691.83,493
694.61,695.4
696.91,1177.1
700.77,91.841
704.96,147.3
702.65,227.5
702.83,499
706,1072.2
710.79,96.111
714.28,546.12
717.74,1158.1
715.5,658.5
725.39,510.86
727.06,766.53
729,308.39
730.39,541.39
733.46,852.15
734.38,1190
732.07,592.41
735.43,606.34
736.57,690.65
739.88,213.03
746.68,819.85
745.42,416.58
756.45,965.86
759.82,245.93
761.57,557.28
763,88.5
765.83,887.55
767.29,791.71
779.38,328.3
783.58,668.77
793.5,7.5
795.48,415.83
796.13,357.58
799.81,249.75
811.32,716.36
811.76,205
819.32,972.78
820.56,922.92
829.5,51.581
828.81,435.56
830.14,246.79
831.33,913.53
834.39,1166.7
838.31,236.91
840.81,1197.8
845.12,1165.3
855.95,431.79
859.03,170.5
856.95,738.89
856.26,864
858.49,11.275
860,206.5
863.88,544.58
864.91,100.91
869.25,1090.3
868.52,28.586
868.45,422.29
876.45,1246.4
876,1202.5
884.84,86.36
886.38,421.86
886.18,376.33
889.58,605.11
896.56,310.63
894.11,761.37
897.87,1009.7
898.8,464.24
902.06,942.31
905.45,618.63
907.5,1041
909.64,212
912.17,817.21
912.71,51.625
913.4,327.98
918.89,837.38
915.94,1032.1
920.42,75.5
922.5,1151
930.36,165.39
926.53,250.32
926.95,1238
930.65,58.465
931.27,106.48
930,353.5
934.34,840.9
934.59,378.33
942.91,622.58
941.07,61.593
946.28,161.53
946.91,7.0909
953.86,73.955
954.7,90.537
957.73,973.39
959.68,420.38
958.12,934
962.67,485.83
962.25,632.89
965.01,116.85
962.91,787.91
964.58,228.45
971,507
971.5,864.5
988.32,906.62
989.5,629
992.66,84.465
993.6,738.9
1004.3,855.66
1003,289
1019.9,321.79
1019.4,1153.4
1020.2,1120.6
1028.5,246.44
1029,66.116
1031.6,359.69
1029.9,175.5
1032,90.815
1032,1067.5
1034.4,570.58
1039.8,692.7
1041,336.74
1042,1221.9
1045.2,430.06
1052.5,86.083
1050.1,118.39
1052.9,1187.9
1054.8,379
1057.5,211.07
1061.6,104.43
1060.1,481.32
1070.9,398.91
1081.4,48.878
1080.7,894.92
1083.9,464.3
1088.8,876.35
1085.8,700
1088.3,115.37
1091.1,210.5
1096.1,730.59
1098,341.87
1097.6,588
1095,989.5
1100.5,637.8
1099.4,508.89
1103.6,612
1104,1018.5
1111.1,719.76
1117,687.5
1119.5,908.39
1121.7,876.37
1122.1,435
1121.9,587.88
1132.2,78.05
1137.6,469.72
1139.1,287.41
1142.5,185.35
1152.9,545.08
1159.5,388.38
1159.8,644.5
1162.5,242.95
1168.5,1122.2
1166.6,12.861
1170.4,43.561
1181.4,362.43
1185.3,136.8
1186.7,510.54
1188,605.49
1193.1,283.55
1189,126
1197.7,41.148
1198,456.24
1196,132
1201.4,421.67
1203.1,816.46
1205.6,606.5
1207.1,710.09
1209.7,200.55
1211.9,57.043
1212.9,129.48
1214.7,1180.1
1217.9,10.091
1224.6,69.434
1224.5,626.65
1229.6,918.63
1231.6,1009.1
1230.7,1114.5
1231.5,851.93
1231.2,969
1238.1,593.91
1240.5,871.5
1244,765.19
1246.2,826.5
1246.8,471.3
