7.1512,777.91
1.92,1003
9.2,244.93
17.559,1225.3
29.209,72.026
26.321,995.36
28.29,859.32
41,623
47.382,1136
56.912,432.79
63.03,407.91
66.353,390.16
75.587,679.33
73.373,199.16
78.896,1078
83.429,611.35
83.975,331.75
92.306,963.94
101,1212.5
106.91,1157
121.44,515.51
119.15,830.32
118.37,1233.6
124.32,434.39
127.84,1048.1
137.67,1075.5
148.43,725.4
153,628.75
158.09,358.72
167.79,1223.2
169.53,908.42
174.27,18.757
177.58,1134.1
180.85,812.46
196.55,920.42
199.29,973.02
202.29,934.59
202.67,855
220.43,1139.1
219.05,291.96
230.96,617.27
234.95,796.63
234.4,390.6
237.96,917.19
243.88,1104.5
246.42,1195.5
249.22,228.47
253.86,4
256.25,1004.5
262.32,921.22
275.94,251.65
278.5,560.75
277.45,892.89
290.16,111.54
289.35,1138.1
294.5,1156.6
315.56,203.01
316.82,404.89
321.3,98.646
330.63,547.37
343.57,183.97
350.38,775.37
350.56,447.97
362.54,689.85
367.21,599.58
364.07,235.59
374.14,238.57
373.09,438.91
374.83,1090
383.94,1076.4
385.58,1020.6
388.5,895.36
388.07,906.59
393.63,108.63
399.07,517.47
402.39,1186.3
402.5,202
403.59,1142.9
406.91,90.7
409.17,289
423.85,73.538
428.09,781.91
432.42,1128.9
433.5,253.5
436.52,740.81
437.71,957.53
443.22,1230.7
444.52,307.86
454.78,1062.4
456.39,389
461.96,494.43
473.73,319.41
475.12,985
480.06,813.89
484.13,850.9
484.63,703.52
485.63,1009.2
489.37,801.37
497.84,838.95
498.42,774.58
506.71,566.02
512.16,104.04
512.49,313.2
511.9,903.5
513.91,393.91
522.26,673.1
525.25,866.17
525.5,1218.1
529.57,622.6
537.71,1089.2
537.26,379.72
543.65,966.17
547.65,998.49
549.06,331.2
570.97,94.79
568.03,1137
567.15,788.65
568.57,1225.2
570.87,694.55
573.1,1114.9
578.36,301.45
579.12,851.96
583.05,283.55
592.59,424.81
607.63,500.57
608.79,546.67
611.1,180.18
610.42,327.11
617.43,1193.1
621.18,976.01
628.5,587.5
629.46,614.24
632.09,1004.9
636.01,656.85
636.78,1089.5
641.92,261.38
645.36,320.76
649.14,1237.5
646.42,1175.9
651.5,286
651.92,447.44
659.86,226
664.45,361.03
669.45,526.29
680.56,808.39
687.24,1222.4
687.04,378.67
690.42,479.25
698.06,674.31
700,474.14
702.57,153.34
706.55,773.91
708.83,221.58
710.99,1206.3
714.11,241.63
719.55,416.57
719.75,1192
726.02,478.73
722.5,1017
722.84,2.7742
727.04,793.88
731.72,261.55
738.5,1090.3
740.16,132.16
746.46,33.919
748.83,352.85
746.58,380.89
749.5,846.5
760.86,552.5
764.01,875.06
769.52,909.74
791.63,525.63
797.17,402
798.99,755.88
803.43,439.65
810.54,292.27
811.64,324.84
809.73,654.73
813.58,408.89
816.96,466.62
818.85,161.79
821.4,220.24
822.8,578.48
823.44,875.97
826.8,255.94
828.84,801.6
831.58,72.606
830.37,912.37
835.52,1148
842.16,123.55
854.5,855
857.07,703.41
867,1081.5
868.85,972.6
871.93,217.02
879.55,444.7
882.11,1185.4
884.85,825.65
891.34,1115.9
896.21,140.28
902.53,436.11
901.81,987.07
907.5,54.5
913.69,839.41
912.95,215.94
913.5,871.37
913,1035.7
917.44,395.3
917.42,287.97
920.67,440.19
921.05,349.07
924.59,1046.1
924.5,113.86
935.4,209.14
935.33,526.87
937.18,432
943.23,1038.3
942.88,335.88
944.86,570.88
943.4,375.6
946.52,808.26
948.13,931.13
955.68,872.92
955.11,149.58
971.7,301.76
979.73,259.38
980.88,913.12
985.5,338.22
985.5,736.42
995.72,908.09
996.12,1199
996.1,956.38
999.45,981.64
1000.8,658.6
1005.8,325.05
1016.5,419.46
1020.8,1235.8
1020.9,618.38
1032.9,976.9
1034.4,514.99
1044.4,743.17
1043.1,1131.1
1049.9,983.31
1050.7,1101.6
1053.3,30.382
1062.2,289.08
1066,552.82
1069.5,962.86
1071,381.5
1074.2,766
1082.7,638.94
1092.3,318.27
1093.9,607.96
1093.6,789.05
1100.9,1189.2
1114,552.05
1104.3,468.45
1117.3,596.1
1120.6,783.32
1125.1,1171.4
1129.8,412.15
1130,859.44
1135.8,241.03
1141.5,1057.8
1144.3,221.33
1150.6,235.56
1151.6,1021.8
1158.9,1195.6
1170.5,643.55
1169.1,1063.2
1171.9,862.08
1175.6,1091.1
1182.3,1134.2
1191.4,1088.1
1217.2,266.76
1214.2,890
1216,1098.8
1222.9,986.12
1229.4,1055.2
1238.1,878.02
1240.1,756.73
1246.2,537
