14.939,11.249
13.889,180.24
6.0455,238.55
7.7171,531.79
22.299,633.77
13.618,1279.2
3.5772,1318.4
7.5556,707.18
10.738,1037
67.276,1051.7
22.364,679.36
86.718,820.77
25.818,1028.2
38.487,277.03
41.106,1008.4
36.15,43.717
59.662,761.51
37.786,668.46
40.389,171.15
40.947,701.87
49.121,190.02
58.901,6.7465
51.105,549.58
68.887,694.29
52.476,169.93
56.68,222.9
60.634,436.17
57.299,650.46
80.809,166.96
70.918,614.58
67.317,20.268
67.295,328.16
69.799,783.18
97.871,543.56
80.135,443.08
83.169,3.2034
84.851,627.51
89.109,392.46
98.8,1143.6
102.36,1329.8
107.89,17.57
132.87,1029.8
98.407,450.48
95.155,634.93
97.5,574.5
95.367,673.25
107.65,1067
100.03,398.07
103,820.86
129.34,589.51
112.08,1046.6
110.1,402.22
109.95,506.44
129.1,465.58
116.86,1090
123.05,622.46
272.54,393.09
130.71,517.71
127.03,822.5
133.08,1091.1
131.83,1330.2
135.18,485.73
137.47,1147
171.72,1215.2
144.45,677.73
144.5,88
149.51,775.07
148.08,485.08
179.28,789.06
157.09,453.76
162.93,540.28
161.12,683.66
171.48,34.187
160.83,631.67
173.54,689.22
183.09,669.8
181.07,941.2
216.08,628.78
184,638
191.93,1329.3
197.49,315.78
197,10.385
264.43,273.94
201.41,426.62
207.81,342.1
207.5,1311.9
208.51,751.16
208.75,724.94
212.25,1137.2
211.51,1210.7
215.87,694.93
219.86,1330.8
220.59,215.94
241.98,849.47
237.27,766.95
249.03,1284.1
234.5,672.5
236.72,683.33
259.09,797.31
244.69,1328
252.53,223.77
257.71,66.863
253.2,392.9
259.84,881.39
272.5,1242.4
265.41,333.18
267.94,1072.7
267,130.5
273.16,888.99
268,88
274,852.4
294.84,322.73
285.72,512.66
309.45,114.78
284.44,612.8
283.6,946.6
290.96,1087.9
287.59,807.12
284,952
296.19,1143.4
301.76,4.4512
329.65,46.318
298.18,893.62
301.93,1223.2
314.31,1065.9
308.37,946.53
304,1331.2
310.55,180.38
319.72,1194.1
316.27,514.79
314.81,488.25
329.93,1218.7
316.08,844.32
364.88,5.6242
398.45,1003.6
340.37,177
334.43,1294.6
331.88,202.35
337.59,781.54
336.35,1098.9
397.75,416.62
349.92,814.51
348.26,1314.3
347.59,747.09
355.83,475.99
431.99,751.16
369.85,724.13
361.39,914.42
366.63,199.33
364.12,488.85
370.93,510.97
381.92,401.81
383.88,112.42
375.21,754.7
403.01,1197.6
382.89,1207.5
386.81,208.72
390.6,50.809
417.06,841.77
393.24,1268.4
400.6,951.51
401.55,389.36
407.49,1275.3
452.77,533.39
459.75,256.88
425.63,118.39
421.47,582.06
420,869
422.08,1072.7
422.3,59.233
426.55,454.39
438.31,1208.6
442.71,183.1
430.48,627.09
437.03,221.28
440.37,581.11
446.65,808.26
453.07,924.49
450.28,69.323
449.91,415.56
453.11,428.31
453.58,437.55
465.11,803.27
529.3,1161.5
465.54,864.41
466.1,124.53
463.56,473.89
468.07,832.92
465.44,970.78
528.07,1067.7
484.03,1111.1
505.41,323.81
481.96,1075.3
482.9,870.61
504.07,825.65
486.9,773.67
485.7,1017.3
515.94,110.75
527.32,967.59
503.85,374.32
505.35,466.75
508.87,1019.8
506.67,996.06
509.73,714.63
515.12,406.51
522.45,441.03
533.02,1330.4
566.01,597.33
523.91,995.74
530.17,471.25
529.04,1108.8
528.97,723.77
569.63,271.18
536.23,697.31
571.3,401.5
535.45,1311.4
535.91,1169.9
538.6,201.36
540.94,796.27
559.34,362.17
550.4,864.42
551,793
555,1326.6
558.25,1304.2
564.65,117.51
560,15
586.21,430.45
583.37,1216.4
574.07,215.62
584.62,840.79
584.08,884.23
612.27,46.051
583.82,668.08
588.94,1277.5
594.51,149.24
606,1030.8
601.96,948.27
617.07,1152.2
599.95,859.9
612.16,861.63
620.48,355.61
614.48,464.65
611.01,754.93
615.09,658.47
617,783.35
624.26,825.72
617.96,1108.9
627.26,800.76
620.77,667.34
674.12,368.94
632.44,1110.9
639.44,869.4
631.04,760.02
638.73,1318.9
699.06,228.31
645.46,1133.5
643.45,354.71
655.78,695.55
643.57,776.06
643.5,573
676.65,428.49
655.87,885.73
675.42,172.15
661.07,1151
656.5,608.5
679.79,621.54
669.28,341.78
670.57,227.17
680.66,864.19
682.05,1141.8
685.78,1042.4
695.64,272.91
696.4,9.3047
690.98,89.306
693.91,217.47
707.15,1153.2
699.48,1055.1
725.74,879.96
700.89,95.421
702.64,1223.4
709.22,1112.3
712.86,175.58
743.43,648.03
712.5,943.88
737.72,429.1
715.71,16.452
721.73,365.71
791.11,1155.8
733.41,294.68
736.02,279.6
741.68,356.99
746.45,979.03
740.15,1114.5
740.59,1204
743.86,326.34
745.5,1102.3
767.1,1127.1
764.52,1229.7
755.43,353.43
765.61,1027
765.09,6.5217
772.97,150.45
792.13,548.89
789.75,1198.3
779.46,480.93
784.56,842.06
781.95,436.1
790.09,8.8438
830.46,210.28
805.64,641.95
816.19,1256.9
814.78,354.47
812.05,7.7345
845.49,1082.7
811.59,853.93
816.59,1009.1
822.87,893.95
831.57,1125.6
830.81,991.2
831.04,580.35
833.34,1188.1
835.1,381.38
844.05,3.4815
843.5,977.5
857.3,1183.6
860.45,388.01
851.49,674.82
848,969
854,450.41
856.5,988
895.01,1108.5
862,987
865.45,1227
869.93,933.09
879.24,897.22
880.7,1262.4
871,331.5
876.68,466.65
878.28,1166.3
883.96,1222.3
893.54,5.9205
901.87,1311.5
888.24,362.05
923.12,402.75
893.03,1078.3
937.27,1000.7
899.39,1187.6
900.63,849.63
909.4,1129.6
905.39,1158.3
919.49,1225
907.5,128.5
919.06,1175
925.7,1077.2
930.66,915.56
929.26,849.94
928.12,382.58
928.23,1192.6
932.76,1140.8
990.85,1310.9
944.09,1190.9
944.41,777.57
948.19,1214.7
952.43,481.29
959.66,889.02
961.82,1073.7
966.32,1196.3
974.5,1153
981.64,1070.6
983.61,943.3
984.12,1093.3
993.22,671.01
981.09,763.13
1053,1251.9
987.49,1056.3
994.93,1069.8
1000.2,474.02
1005.5,784
1005,1070.5
1012.8,468.19
1012,827
1013.9,1106.4
1021.8,808.28
1036.1,468.69
1032.3,913.45
1034,1082.2
1032.6,1222.1
1034,1187
1034,1194
1041.2,1283.3
1039.2,1056.6
1041.3,612.53
1048.9,283.42
1050.9,1305.3
1049.2,835.23
1055.6,1028.7
1068.8,915.84
1061.1,473
1126.7,504.36
1066,824.5
1063.2,1173.1
1073.9,694.78
1104.8,756.98
1072.2,351.16
1070.7,1091.9
1083.3,390.77
1080.2,472.57
1072.8,1109.2
1078,1051
1086.1,733.47
1107,1044.1
1099.1,1081.2
1100,1138.3
1148,1301.9
1091.2,1118.7
1098.7,702.78
1105.8,945.05
1121.4,590.19
1119.8,333.13
1110.8,543.38
1122.6,378.34
1113.3,562.96
1114.1,1203.6
1117.8,644.08
1119.7,817.45
1125,831.11
1140.6,1048.8
1197.7,706.22
1140.9,427.35
1167,597.91
1159.3,1235.6
1181.2,1039
1154.4,332.1
1160.4,554.61
1167.1,815.79
1159.1,971.67
1160.4,626.5
1172.6,472.71
1173.6,412.7
1185.9,1329
1197.7,312.53
1178.1,1190.3
1242.6,920.28
1179.7,779.54
1181.1,1167.2
1184.2,337
1182.2,1127.2
1226.6,1157.9
1233.7,1234.4
1198.1,343.64
1197.6,782.71
1235.1,613.97
1209.2,442.75
1241.5,454.67
1218.6,779.68
1218.5,1307.4
1266.2,403.98
1218.4,1228.6
1237.7,1091.2
1220.1,1117.3
1220.9,515
1232.9,875.12
1228.8,553.22
1230.9,473.21
1226.6,739.6
1233.5,1263.4
1281.8,1040.9
1257.6,562.09
1257.6,480.85
1258.5,816.13
1262.8,700.51
1269.1,956.71
1261,759
1267.5,487.5
1267.5,434.5
1270,1319.1
1282.8,729.24
1290.3,1190
1288.9,1105.1
1310.9,502.53
1289.1,1308.7
1293.8,486.06
1308.8,789.54
1305.7,557.26
1307,1144.8
1304,445
1309.1,1236.5
1312,1071.8
1312.5,571
1322.4,1166.4
1328.7,1315.9
1327.2,623.23
1324.6,644.03
1327.1,820.14
1330.3,1204.2
1330.6,1156.3
1331.1,1221.5
