2.8444,57.222
9.728,18.816
12.203,449.97
26.534,1219.2
30.869,1108
45.811,1085.6
44.843,810.13
59.818,1240.8
53,1211.5
63.39,1191.4
58.788,498.3
62.64,755.41
58.541,816.08
73.685,316.59
75.586,213.72
79.47,1226.4
74.333,260
78.677,1154.8
81.565,1201.2
84.707,855.44
84,504.5
90.83,942.82
88.469,1181.7
95.878,1095.4
101.31,85.662
96.767,1179.5
106.54,582.52
124.28,1187.9
114.1,1244.9
120.33,478.22
123.66,187.57
123.5,1247.5
132.21,1156.2
136.66,407.09
138.82,345.34
146.71,1226.9
149.13,1130.1
153.89,426.5
156.1,945.91
162.74,200.9
161.93,1117.7
163.54,992.77
169.85,1177.2
173.16,301.52
168.42,724.55
171.12,629.35
175.14,96.633
177.89,1134.2
183.4,1186.6
189.57,818.71
204.27,974.73
208.34,696.26
210.73,1132.5
219.31,339.47
219.5,725
219.66,1242.7
235.14,694.6
229.5,938.5
229.91,1007.1
238.08,6.5169
240.87,474.09
239.57,431.13
244.62,417.88
257.91,1045.4
264.64,668.18
297.24,947
298.97,1123.1
302.31,618.93
302.94,823.7
306.64,1162.9
317.33,263.21
320.93,763.59
326.74,512.64
330.36,230.8
334.14,626.8
334.94,820.77
330.58,905.11
342,108
344.57,77.917
346.91,1063.9
343,1084
346.84,137.14
351.07,542.07
360.55,526.69
374.58,233.23
371.68,950.75
373,915
379.16,281.93
384.14,887.81
389.8,936.23
388.96,1185.2
388.42,317.58
391.4,342.5
400.5,251.5
403.61,968.14
425.08,471.42
425.24,909.72
426.07,1094.6
431,765.59
431,302
436.42,564.58
438.08,920.46
441.29,902.86
439.67,1077
442.17,94.702
443.93,1044.9
447.12,807.61
449.35,1155.8
458.79,1078.8
459.06,246.52
458.5,924.5
466.62,555.61
471.28,991.86
473.87,378.87
474.98,65.878
484.01,25.725
479.86,362.18
483.98,573.88
481.17,630
491.18,919.05
497.03,770.55
494.98,898.11
499.5,586.81
509.36,682.9
514.08,584.56
521.02,540.85
521.29,1075.7
519.71,227.22
520.5,883.5
534.22,1217.7
537.97,1052.9
541.89,162.37
568.1,889.78
567.39,697.87
570.5,296
573.24,1036.8
577.36,1235.5
584.7,154.39
587.48,609.87
586,467
585.5,1066.5
589.26,993.07
601.42,891.36
605.63,257.2
613.07,39.407
616.15,705.1
620.71,760.29
619.7,1129.2
619.9,239.84
626.06,297
626.58,834.11
635.15,993.53
636.94,732.09
643.93,1048.5
649.08,439.58
654.51,767.58
651.08,889.82
649.71,966.73
647,1179.5
656.98,594.81
655.07,711.05
670.46,239.9
670.86,841.99
671.61,101.75
674.59,1005.8
675.5,706
677.62,984.18
685.7,1132.5
704.13,1236
701.5,1164
711.59,542.86
710.5,160.5
715.63,438.73
718.45,593.57
722.6,1107.6
722.79,980.59
725.42,726.55
727.5,970
741.09,1234.9
745.69,964.99
744.88,346.54
752.26,148.58
753.59,231.08
765.93,208.87
764.23,6.5385
769.85,615.93
772.19,686.39
774.26,164.67
775.5,1183.5
779.46,747.52
777.83,1205.9
780.17,1217.9
783.33,1066.4
786.59,599.21
784.76,766
792.43,1140.5
802.09,433.66
804.03,886.15
804.33,529.16
804.43,814.96
807.5,955.65
806.69,913
814.83,1073
824.95,147.08
827.95,796.6
832.4,323.9
840.21,459.14
839.15,1202.4
840.06,933.97
846.16,50.965
842.95,843.5
848.34,880.9
864.37,383.62
864.27,910.43
864.46,242.87
874.51,932.23
877.79,977.42
883.62,767.27
880.33,637.17
884.87,1089.1
897.51,357.24
906.47,255.09
907.5,50.534
911.18,664.95
913.4,511.36
916.98,175.76
914.5,1059.5
918.62,1240.9
925.12,554.94
924.52,302.29
928.35,1022.5
925.93,210.59
932.94,1050
936.77,660.44
946.25,1103.4
948.95,1203.4
949.58,35.679
954.48,738.92
952.34,821.53
960.16,1018.6
961.85,1097.5
969.49,931.41
971.1,349.24
970.83,1031.4
972.91,102.43
975.92,437.83
976.07,1086.6
983.42,625.41
982.5,728
994.9,558.31
991.37,1047.4
993.08,405.73
991.42,587.11
1008.4,201.11
998.84,109.59
1001.6,1240.3
1001,989.82
1000.5,216.5
1004.8,778.11
1007.2,1024.9
1012.4,54.111
1014.9,1158.6
1018.2,1233.6
1021,402.04
1021.2,561.43
1027.6,774.66
1027.6,866.31
1036.9,681.04
1040.4,759.03
1043.5,436.93
1042.9,889.38
1051.1,55.989
1054.5,783.45
1053.2,859.57
1057.6,887.42
1055.9,320.12
1059.8,28.484
1058.3,68.651
1059.1,256.09
1062.1,898.09
1066.7,328.57
1073.1,1244
1076.1,2.0889
1075.1,812.82
1078.3,436.37
1077.8,1016.8
1087.3,556.73
1089.8,626.43
1092.1,672.37
1098.5,1077.4
1119.1,791.53
1118.4,1106.4
1126.4,672.44
1129.5,60.607
1130.2,837.35
1130.4,456.42
1140.2,10.04
1144.5,954.41
1144,926.97
1150.3,424.7
1148.4,653.37
1155.9,15.296
1156.4,499.97
1153.9,1166.1
1162.3,204.88
1157,852.93
1161.4,85.208
1164.7,1015.5
1164.7,1183
1174.9,965.78
1174.4,735.91
1183.7,978.69
1183.6,955
1184.2,1217
1189.1,553.94
1189.4,288.58
1193.5,394.5
1204.9,211.67
1204.6,818.96
1206,636.5
1211.6,1085.8
1209.6,467.53
1211.3,378.18
1212.6,626.45
1218.6,532.31
1226.5,849.37
1225.5,274.8
1230.1,91.407
1236.5,5.8347
1241.1,930.02
1240.5,261.5
1242,1064.9
1245.2,951.15
