1.7727,120.55
1.9286,130.14
3.5085,149.92
2.6613,178.31
7.2722,413.89
2.7742,482.84
10.505,679.41
3.4621,904.01
9.4923,973.23
3.7423,1015.9
1.5,1074.5
20.218,1144.3
10.293,30.293
14.352,242.19
43.403,5.3087
35.673,905.1
46.344,404.81
49.104,1123.1
51.316,436.36
54.602,453.27
66.017,630.29
64.493,1077
57.056,973.83
104.65,855.3
72.767,141.96
72.287,1000.1
70.5,694.5
72.587,222.41
72.767,564.68
93.037,467.59
111.83,188.76
116.64,575.39
215.16,1255.1
137.25,1028.3
123.9,101.26
124.46,958.46
132.69,241.17
124.04,691.79
146.65,652.42
127.35,57.649
135.93,13.615
142.5,180
152.94,574.19
148.42,544.76
177.21,242.98
155.41,911.88
168.99,159.18
178.93,363.15
162.42,1048.9
229.61,1058.2
169.13,417.9
173.58,782.68
185.11,77.04
189.57,644.57
219.71,659.74
200.33,643.21
202.42,963.56
208.15,1182.8
221.32,159.29
244.96,376.78
212.22,1217.1
214.47,289.66
222.35,752.77
316.62,571.51
222.63,312.92
228.43,994.86
223.88,1158.8
228.27,666.76
243.7,1137.1
240.99,847.51
249.17,458.95
258.59,555.95
269.09,104.93
270.72,1108.3
277.01,613.17
313.68,338.99
279.39,147.29
271.51,559
271.05,658.95
273.5,347
275.89,435.11
284.41,357.5
308.48,906.54
286,262.33
289.94,467.76
292.1,329.6
298.61,623.02
310.38,248.97
301.5,186.16
308.67,216.56
315.34,756.83
313.64,157.95
318.43,1057.2
327.89,1267.3
331.83,832.92
324.65,861.67
328.5,393.36
329.94,213.36
330.12,711.18
358.11,373.93
332.87,1084.4
347.09,188.09
344.13,687.67
346.25,1092.9
346.22,485.44
416.51,1200.1
353.57,167.43
387.95,1077.8
360.29,492.21
378.55,211.06
395.99,673.41
362.63,349.13
363.99,1146.6
365.26,395.12
370.31,1163
372.63,134.6
382.74,634.52
378.12,993.32
383.83,811.03
391.3,756.46
384.44,1160.6
416.67,555.66
391.51,704.21
394.24,795.92
393.51,225.04
396.17,366.74
455.98,574.8
398.59,255.09
402.93,263.89
429.1,716.88
415.38,280.42
428.1,815.31
450.82,395.94
426.38,878.22
436.81,529.84
509.12,44.843
447.7,75.7
451.98,527.39
458.37,790.47
470.9,509.67
475.35,1302.2
472.06,778.96
515.4,661.56
487.48,1068.3
504.17,400.05
483.55,87.091
590.78,997.06
500.66,86.586
524.83,1156.2
510.18,961.3
515.04,273.85
515.89,864.43
575.32,193.17
533.15,700.14
526.91,789.91
533.14,948.16
531.76,397.45
529.29,782.29
530.6,871.6
534.26,756.78
536.56,126.26
537.26,611.17
549.29,741.53
549.5,668.3
550.88,707.97
553.8,1041.9
550.08,1072.2
581.26,91.445
556.33,252
582.19,288.22
712.96,295.86
602.03,783.92
591.25,622.14
582.53,733.13
585.12,1119.5
586.68,224.61
591.9,690.13
617.5,849.21
604.36,1191.7
623.29,1034.1
608.61,1239.1
635.37,122.29
626.04,12.592
618.18,500.98
648.95,1266.2
631.5,879.35
620.59,1323.4
619.09,1197
645.7,510.01
624.32,725.89
640.38,315.93
631.9,1302.6
652.65,761.4
640.18,154.14
649.05,1031.8
666.91,156.53
650.33,555.13
655.9,285.95
682.29,564.69
666.93,25.911
685.34,729.28
680.72,854.92
672.22,963.98
685.78,926.56
675.94,96.412
694.31,75.692
682.31,191.23
718.79,644.63
691.37,774.83
701.87,877.82
702.47,1001.6
714.3,704.29
747.12,959.25
735.43,1087.8
727.95,317.63
736.57,75.741
743.75,1158.5
763.37,29.328
739.25,716.24
738.05,884.67
738.15,594.12
735.5,895
745.7,565.87
739.42,125.55
774.51,441.39
750.28,860.02
762.37,634.56
753.4,579.6
766.17,10.381
771.15,799.89
757.2,708.44
778.81,693.92
765.81,840.16
787.75,321.42
768.71,572.25
769.79,415.54
769.25,1161.8
788.09,1154.5
802.87,641.1
797.22,947.76
789.5,633.5
806.19,811.6
800.55,974
808.11,353.1
807.91,705.55
820.09,1167.6
811.48,979.91
898.14,400.79
818.9,501.24
817.32,666.24
818.91,1018.5
816.82,87.917
831.26,469.38
864.73,834.03
824.8,180.17
839.55,608.81
826.07,961.57
849.05,559.96
837.58,963.57
837.81,638.94
854.84,1187.9
879.13,637.9
853.52,121.57
853.33,655.67
871.75,146.87
865.93,736.27
862.92,455.68
867.27,98.658
882.21,1199.9
882.58,358.15
881.36,967.62
896.63,704.9
898.9,660.88
996.12,499.04
899.83,1187.2
929.9,17.003
961.39,1159.1
917.65,490.5
931.94,470.21
937.42,1068.9
966.39,699.33
956.42,419.11
958.66,1191.5
964.15,612.79
998.07,676.66
988.06,59.977
983.91,445.39
998.33,9.0541
998.66,34.908
999.65,521.54
993.91,629.09
998.94,563.91
1003.5,1009.8
1006.6,778.69
1027.1,540.65
1003.6,1038
1019.8,976.37
1025.4,79.352
1015.1,159.57
1021,99.364
1021.3,129.61
1021.4,117.6
1028.3,426.05
1044.1,124.9
1031.9,1082.1
1062.1,727.06
1048.1,419.89
1050.2,690.69
1081.1,120.78
1077.4,885.46
1065.7,1002.9
1066.5,1147.7
1080,1153.5
1090.8,517.24
1097.7,665.86
1091.4,790.85
1134.8,733.98
1113.9,42.915
1095,1160.9
1104.4,1293.5
1114.4,163.11
1089.2,1039
1104.5,1183.1
1101.5,767
1102,826
1106.8,845.29
1128.6,689.79
1108.3,1208.5
1112.3,1219
1117.8,1259.7
1130.3,12.441
1147,495.3
1123.7,1132.2
1132,1275.1
1193.2,145.25
1151.7,445.11
1182.7,23.551
1158,813.65
1170.4,632.39
1174.3,813.67
1178.1,1088.3
1187.3,941.9
1214.7,499.39
1194.4,594.11
1201.6,779.59
1212.3,618.54
1227.8,878.3
1209,559.38
1219.1,11.119
1226.9,101.33
1244.9,552.25
1233.6,244.3
1233.2,55.75
1244.4,185.89
1241.5,254.5
1263.9,660.61
1247.1,500.34
1247.7,1203.8
1252.7,247.63
1249.4,165.84
1264.7,791.14
1273.6,30.516
1264.8,1200.6
1283.1,226.87
1281.2,886.26
1287.6,1196.4
1284.7,599.74
1309.3,655.15
1302.2,948.39
1304.8,745.73
1315.4,1279.7
1310.9,5.4414
1314.9,1090.2
1322.6,60.223
1314.9,616.31
1318.9,560.56
1322.9,924.68
1327.2,605.43
1320.4,2.6
1325.5,2
