2.8293,169.83
1.92,511
4.9403,1016.9
6.234,451.43
10.657,263.47
15.069,782.28
10.074,431.59
17.364,1022.5
20.769,450.66
25.771,893.6
28.881,795.09
28.256,652.86
30,501.5
34.959,435.33
36.047,277.77
36.301,68.192
35.346,1236.2
43.441,333.97
43.58,503.82
47.417,1222.9
46,913.67
54.241,535.02
60.31,500.06
55.068,681.64
54.639,809.97
63.578,449.09
60.321,1190
62.88,475.5
65.897,632.41
65.828,14.918
70.899,583.31
72.043,290.45
67.628,344
70.647,562.09
78.609,856
74.781,1246.7
80.473,492.02
78,1014.7
78.562,477.3
82.679,371.58
89.745,301.96
85.545,404.44
86.909,1085.9
93.673,837.95
92.094,248.87
98.205,637.86
107.09,368.59
94,569
94,573
100.5,651.5
107.93,690.06
111.4,433.83
107.5,526
110.38,1235.1
112.54,590.3
113.64,760.13
116.44,113.08
122.79,475.27
121,342
126.57,1205.9
131.48,415.98
127.56,488.82
129.76,792.48
128.85,1079.7
128.92,367.73
130.92,1024.4
133.02,698.42
137.16,1042.3
132.07,519.41
136.52,572.87
127.44,729.23
136.89,131.06
138.33,148.96
138.4,429.41
141.14,943.33
138,461.5
139.59,812.41
143.76,172.5
143.79,310.17
145.6,677.73
147.3,988.96
147.95,193.55
149.83,407.45
149.79,1073.6
148.14,525.39
150.38,1001.2
150.5,511.6
158.49,434.8
156,630.5
158.92,1023.4
161.2,934.18
163.1,571
168.19,1069.8
172.83,496.54
170.42,475.45
171.71,1011
172.89,926.58
173.91,962.09
179.04,981.27
180.81,1045.6
182.09,468.47
186.58,420.22
190,521
189.67,936.64
192.66,967.4
191.33,430.17
193.07,764.59
197,1008.4
208.06,417.14
206.95,622.53
210.68,993.94
209.34,1065.9
210.92,179.67
213.54,652.09
211.5,44.5
213.59,1026.9
215.18,1157.7
220.35,1178.2
221.32,457.9
221.07,377.41
225.15,591.87
225.5,292.5
227.72,647.02
232.5,386.36
233.12,1187.7
233,801.68
235.59,944.07
241.25,1128.9
249.67,2.7143
271.09,416.39
249.92,543.08
257.46,446.92
261.33,1201.8
261.09,643.09
264.06,1142
264.82,458.45
267.38,604.38
267.8,698.8
266.76,811.9
268.03,298.17
268.44,721.2
277.5,1058.5
283.08,906.82
279.06,1187.9
283.77,437.27
283.04,590.46
283.57,296.14
287.15,1239.1
288.26,1015.1
288.56,1074.4
301.04,554.95
300.59,628.87
301.17,274.26
306.91,51.824
308.62,870.25
309.43,926.21
311.27,724.9
309.27,358.61
313.16,287.87
309.62,328.38
316.91,385.07
315.55,501.75
316.69,313.89
322.23,1232.1
320.5,592.5
323.46,819.26
324.98,870.54
325,455
328.52,764.36
327.41,301.43
327.67,392.33
328.59,654.38
334.95,379.59
333.44,702.55
333.07,48.444
338.94,727.57
337.88,1017.8
338.23,547.57
339.3,582.46
341.08,652.3
340.92,500.52
343.63,843.67
344.22,1121.8
343.92,564.56
343.96,706.92
349.45,978.71
352.68,517.05
349.59,785
354.8,963.88
358.24,368.74
362.89,1014.1
364.76,998.07
363.92,194.08
372.26,515.03
367.17,1034.7
366.09,219.87
364.6,769.6
371.74,616.12
365.56,1113.4
366,85.5
369.83,78.933
372.9,331.75
373.08,453.52
372.93,34.9
375.5,407.5
377.95,655.5
379.5,551.39
387.08,1032.5
382.5,601
383,674.25
385.06,1159.3
388.8,273.02
394.51,793.73
393.61,1112.9
394.5,18.5
394.16,979.75
398.47,1007.7
401.6,1202.8
402.31,756.91
400.44,920.07
405.11,527.3
407.48,261.08
408.12,781.88
410.82,708.15
413.14,650.12
414.75,756.62
415.04,1134
413.42,405.55
417.85,548.44
415.34,877.75
419.7,937.11
418.82,973.67
427.22,532.15
430.93,1222.1
429.48,505.67
428,431.33
430.5,1184
437.63,895.37
443.6,865.56
442.85,997.11
440.93,1105.6
442.5,782.5
445.26,1024
446.5,1143.1
449.13,987.13
456.39,628.52
452.39,641.86
453.64,714.45
457.81,814.62
466.95,1008.4
463.57,278.57
475.09,391.05
469.18,588.98
465.54,962.8
469.69,1128.4
472.42,566.39
472.25,894.75
481.8,417.84
480.67,492.71
479.1,951.4
485.01,902.85
486.62,998.61
485.93,673.38
485.5,604.87
486.11,939.58
494.7,1203.9
498.7,635.64
496.05,370.07
499.35,512.88
501.06,160.66
503.5,930.5
501.55,359.58
505.36,974.92
505.09,567.09
512.07,786.11
508.33,386.83
514.23,361.41
509.5,472
511.5,446.5
515.96,532.66
516.59,374.59
516.09,429.91
515.88,690.65
519,856
520.5,1242.5
521,711
524.08,1081.1
522.83,111.48
523.42,645.14
526.1,1038.1
525.5,383.5
533.36,366.85
526.79,1184.5
528.36,511.92
532.59,696.19
532.5,1069
538.7,404.18
540.09,946.55
542.79,769.16
556.16,677.19
551.39,383.86
552.67,466.53
555.95,615.09
560.39,9.3735
562.24,1018
574.23,334.23
569.58,1164.4
571.44,507.08
582.08,564.66
582.39,1103.1
583.5,724
610.85,549.17
593.05,358.91
596.45,722.63
598.48,341.25
599.6,780.38
604.09,824.2
605.92,1246.7
614.6,717.58
607.71,660.71
608.98,1057.6
613.26,7.9722
610.5,336
614.49,384.09
616.65,505.29
617.1,964.2
617.5,1148
621.08,353.77
624.17,769.59
623.45,790.26
647.93,734.88
624.98,1100.4
632.87,334.94
642.75,674.18
637.56,522.6
643.28,798.53
642.5,545.12
645.07,1022.2
645.57,1043.6
652,268.5
654.95,663.82
656.04,1202.1
659.29,517.88
665.71,421.83
661.69,1093.5
662.19,771.4
663.41,377.41
673.64,757.49
674.67,771.83
674,1039.5
676.85,858.12
677.87,23.605
677.5,1069.5
681.77,1030.6
683.16,642.93
690.49,599.43
688.6,741.36
690.85,670.04
695.38,1184.1
702.09,723.96
700.19,450.07
699,998
706.52,915.83
712.31,346.23
706.5,1188.9
708.69,370.03
708,553.5
719.01,1031.6
727.48,351.78
727,1237.2
732.82,521.93
733.93,607.17
739.24,675.84
734.17,782
739.13,270.11
749.38,401.24
737.93,312.41
750.27,780.77
758.29,34.747
752.13,73.128
752.83,358.17
755.11,1189.6
762.96,335.28
761.12,442.41
761.53,516.98
760.5,604
770.6,876.05
770.91,895.05
773.47,964.85
776.8,252.84
784.74,346.86
775,522
776.66,290.28
777.5,844
788.79,899.39
786.98,1012.5
786.96,402.42
796.29,940.22
800.67,1243.6
810.97,675.9
801.67,401.83
804.69,252.55
812.9,319.99
807.15,373.2
808.14,820
812.56,992.52
813.94,614.63
818.61,956.56
817.58,931.89
820.86,465.76
821,808
826.11,914.58
829.01,288.28
829.58,797.43
831.1,506.77
831.33,907.71
836.09,1167.2
837.47,350.61
842.03,427.27
839.77,1111
839.92,759.92
844.02,1227.9
846.5,853.5
846.5,881.5
857.05,261.07
852.48,764.5
853.02,291.47
853.14,319.31
853.96,365.99
853.63,742.21
853.35,419.44
863.83,1011.1
862.16,1089.5
865.98,699.24
863.42,1209.5
864.31,798.64
865.89,328.04
867.97,449.97
871.07,745.24
870.87,1116.5
876.92,241.25
879.55,128.31
888.56,256.91
882.8,874.89
883.15,1226.5
881.67,364
883.73,475.27
885.69,453.78
887,1110
888.92,289.08
891,628.5
892.9,891.5
898.6,861.86
910.66,302.76
897.06,955.43
899.5,1155.4
900.69,905.8
901,1073.5
905.58,156.93
912,172.29
916.18,132.19
913.5,731.5
914.2,886.44
915.87,492.08
917.41,991.83
920.01,1102.6
928.2,792.53
927.09,189.67
926.5,865.5
929.14,176.38
938.7,218.07
944.77,852.29
943.24,879.22
942.88,539.88
944.5,361.59
944.58,440.31
948.35,205.16
949.76,179.61
955,559.76
955.57,425.02
956.5,852
958.74,648.94
963.52,53.43
968.36,441.62
965.09,1091.9
968.16,882.43
971.98,772.55
974.05,688.63
971.91,792.63
970.5,802.5
972.9,814.16
975,424.5
979.74,217.44
979.97,1083.7
982.39,1163.4
982.97,182.46
983.86,404.1
981.35,245.05
983.07,598.5
983.92,757.22
983.45,584.31
988.76,77.937
994.66,845.58
988.91,1246.7
995.79,711.77
989,1152
1003.6,64.577
993.82,483.76
999.78,1205.4
1004.8,36.728
1007.5,180.76
1006.3,1026.3
1010,97.5
1009.6,352.95
1011,386.5
1011,999.5
1024.1,1164.9
1016.5,863.88
1016.1,16.593
1017.6,415.42
1016.1,751.58
1022.1,428.96
1017.9,152.17
1018.5,892
1024.9,845.92
1023.5,177.41
1025,1078.5
1026.3,397.92
1026.6,799.38
1029.7,130.4
1028.1,344.43
1031.5,523.5
1034.6,182.56
1035.8,959.85
1043.2,578.41
1046.2,436.3
1039,358.68
1043.1,262.14
1041.8,1025
1046.5,489.69
1045.3,807.37
1044.2,990.23
1052.4,370.64
1048.3,411.54
1053.3,1057
1048.5,155.39
1051.6,16.603
1052,1223.9
1055.6,387.62
1057.6,906.01
1054.7,996.6
1056.9,599.91
1060.3,402.96
1059.4,657.63
1060.4,617.44
1063.4,326.33
1063.1,968.38
1071,502.15
1082.7,422.79
1073.3,1042.6
1074.3,357.47
1075.5,979.35
1075.4,1130.6
1078.8,247.8
1086.2,390.69
1083.4,313.26
1085.2,928.23
1084.3,363.41
1081.9,664.43
1087.7,769.55
1084,257
1091.7,850.99
1098.9,271.67
1098.4,1147.4
1100,290.18
1104,1087.9
1106,903.62
1101.4,1207.6
1103.6,221.84
1103.5,518.5
1108.7,448.38
1109.9,725.5
1114.5,1054
1122.8,229.52
1121.4,250.72
1121.3,194.22
1123,36.068
1123.4,696.93
1127.2,918.69
1126.9,52.6
1128.3,847.87
1133.5,1209
1135.8,363.18
1137.3,666.5
1142.9,622.12
1143.7,133.94
1144.3,1162.1
1144.6,218.86
1148.1,38.63
1149.8,529.62
1152.2,1149.3
1154,410.25
1157.4,378.11
1162,1202.3
1160.6,838.61
1171.4,902.42
1165.4,291.93
1166.2,429.22
1170.2,1243.2
1167.5,203.5
1168.9,766
1174.7,1228.5
1174.9,1197.6
1178.4,282.77
1180.1,694.32
1181.4,791.39
1186.5,646.63
1191.7,793.64
1190.9,1243.6
1195.1,173.11
1196.8,746.31
1202.3,695.23
1199.6,913.07
1199,270.5
1199,280
1203.9,163.59
1210.7,874.97
1207.6,820.86
1218.1,1245.1
1214.3,754.45
1223.5,277.16
1229.5,921.95
1228.4,1032.1
1238.4,756.17
1236.5,1206.3
1237.1,1010.6
1237.4,985.61
1242.4,303.61
1247,1082
