4.5728,840.31
3,1107.8
6.7656,1123.9
6.5,270.5
7.6515,716.5
17.349,441.48
12.636,157.5
14.582,762.67
17.597,893.81
20.012,230.73
33.772,77.889
28.548,106.58
40.97,263.41
39.017,7.2667
47.237,679.5
50.979,917.23
53.444,174.42
59.906,845.87
63.835,1159.2
67.052,813.45
65.19,68.222
70.943,304.11
78.32,205.45
74.226,155.23
83.132,1002.6
81.833,899.15
84.78,1190.1
83.115,774.35
92.465,505.76
91.443,47.525
92.436,823.92
93.531,912.34
101.06,794.76
104.59,1055.4
104.53,26.658
106.96,102.52
109.56,454.86
108.47,931.9
115.92,360.63
116.79,533.2
133.45,894.56
143.44,241.44
147.95,303.02
150.61,776.99
158.73,176.02
166.69,845.89
170.47,206.87
166.78,574.14
174.43,1015
176,939.24
179.77,384.37
185.02,432.91
189.29,61.014
195.6,661.45
194.38,1016
205.37,1062
209.31,504.18
207.41,328.5
209.12,602.02
207.76,795.39
210.87,864.17
226.59,102.57
239.62,557.74
239.41,476.02
240.36,1151.7
250.59,674.18
252.06,1055.8
251.95,860.18
267.96,237.87
260.3,547.03
272.1,665.28
273.37,270.55
282.59,911.8
282.11,1181.5
282.96,848.68
286.87,589.17
288.93,658.41
288.58,705.89
298.98,22.719
306.76,547.19
306.89,518.25
313.65,754.23
309.76,413.47
314.77,48.354
317.24,182.9
327.37,417.96
320.92,776.08
324.42,123.95
326.33,1242.8
335.72,223.15
337.17,1023.9
339.5,532.77
337.31,939.93
341.22,246.46
345.17,867.7
348.49,86.368
350.98,820.41
347.92,141.92
354.04,1165.2
353.93,301.95
355.2,689.25
357.78,33.121
355.5,413
359.96,51.569
360.55,949.36
364.41,214.83
362.89,630
363.5,883
367.11,795.78
365.93,1071.1
371.21,444.15
379.12,457.32
382.56,330.39
380.22,227.85
396.16,380.48
393.42,936.55
397.01,1011.1
398.43,154.05
402.91,774.77
400.12,236.65
405.12,333.12
403.27,463.41
405.19,364.39
408.82,489.95
408.45,612.36
410.36,65.776
410.58,875.68
412.08,974.31
415.4,918.11
419.06,1186.1
429.15,1084
431.66,394.24
429.73,950.55
431.25,817.65
431.58,715.89
439.57,335.82
446.27,817.27
444.93,717.41
449.6,740.15
454.29,578.06
457.44,711.72
459.36,851.85
462.09,459.12
463.4,623.5
482.38,315.67
481.5,1105.5
484.87,772.97
486.41,725.93
491.98,1029.6
489.95,42.929
490.24,862.18
497.26,921.06
501.66,14.943
504.72,543
506.8,714.67
508.54,804.78
510.5,67.5
525.57,321.12
523.95,462.13
520.5,805
530.25,1024.7
530.5,1107.6
533.48,1149.4
532,993.5
536.4,1125.6
537.81,426.88
543.4,995.41
547.52,130.05
547.73,2.825
554.13,607.32
549.28,428.54
551,116.5
552.44,700.22
557.33,339.05
556.76,1137
575.15,60.117
563.82,1058.8
569.22,294.21
568,749.5
570.53,651.41
570.51,32.192
571.76,231.96
573.8,504.56
576.96,81
583.18,183.54
580.04,254.94
584.66,583.43
584.8,2.7
589.67,546.06
591.63,757.37
595.87,783.1
595.84,669.34
596.44,487.08
601.23,1226.7
606.46,391.63
607.66,152.17
606.86,22.143
607.85,449.65
614.02,1079.6
617.82,97.856
620.28,771.67
619.15,1241.6
619.05,114.09
617.34,230.94
619.85,1011.9
625.07,502.49
627.42,176.45
623.88,786.65
629.09,25.281
632.31,1206.3
633.19,552.18
636.88,141.65
635.91,772.09
649.06,26.115
652.44,1101.8
657.6,77.484
653.98,194.8
656.98,715.43
658.97,947.58
658.44,283.83
660.79,530.7
664.9,181.07
660.06,679.09
667.27,135.03
664.34,40.375
676.94,1094.4
670.16,282.43
675.4,453.54
673.16,114
672,971.5
676.4,24.895
674.56,1236.8
678.19,225.35
681.26,614.16
681.37,181.22
685.86,350.94
687.68,1151.1
689.19,89.15
688.29,151.4
692.02,477.57
695.06,113.88
716.38,138.92
706.88,244.27
711.93,300.34
707.88,704.35
715.83,65.511
717.28,96.087
721.24,31.133
719.78,667.43
720.3,1177.1
724.08,172.81
727.16,346.7
727.57,431.08
725.41,392.45
729.32,958.12
737.74,271.18
733.07,1222.5
735.02,154.58
735.48,1179.6
734.92,177.64
739.14,245.16
746.62,10.837
746.06,77.273
746.44,132.5
741.6,163.4
742,592.5
752.89,187.47
747.5,772
750.93,1024.4
759.17,271.4
762.77,178.66
762.75,1149.9
764.33,159.22
762.65,120.63
760.4,598.6
764.52,761.13
780.61,114.17
783.04,819.63
781.9,381.38
782.69,541.92
786.91,596.39
787.98,129.46
792.37,674.93
792.78,1121.9
793.25,232.25
793,1210.7
792.93,550.07
794.54,194.59
796.1,906.05
799.01,46.498
805.54,699.14
821.99,153.03
807.6,256.01
809.24,379.11
811.02,958.05
813.19,502.02
812.22,1188.4
814.79,122.24
817.87,31.415
823.34,211.86
820.84,977.1
820.63,172.87
824.17,279.72
826.32,406.32
828.65,879.69
843.64,629.46
847.33,692.53
844,204.88
844.58,616.89
857.05,997.62
858.04,479.83
859.87,301.61
862.5,75
873.41,173.94
871.56,1086.6
874.31,479.22
876.28,59.967
875.76,1160.2
876.61,586.86
878.79,112.25
877.85,1121.3
889.62,330.03
885.27,269.03
889.84,541.47
891.54,563.91
890.19,648.37
896.09,622.58
899.02,1171.5
908.93,424.73
917.1,300.67
919.41,944.3
922.04,1081.4
922.5,45
929.63,784.02
933.64,1208.9
933.54,195.52
940.12,330.73
945.78,648.32
947.86,852.08
947.42,1023.9
953.45,959.31
957.55,889.86
960.08,225.53
964.17,1126.6
964.36,666.34
966.27,774.72
972.06,278.73
974.31,424.97
970.94,892.43
975.97,1083.1
976,1062.5
982.23,187.09
978.5,883.5
980.05,464.84
983.8,1149.9
985.63,327.47
991.22,541.22
992.06,575.35
994.21,903.52
997.34,688.94
999.6,252.87
1001.5,481.96
1000,277.57
1002,532.52
1006.9,1100.5
1016.8,426.96
1024,406.24
1021,889.81
1020.9,824.77
1029.5,360.33
1033.3,612.49
1032.4,913.46
1049,498.07
1063.7,770.84
1061.3,972.93
1066.5,1016.7
1065.5,531.55
1066.3,952.09
1076.4,964.54
1076.6,986.93
1083.5,1112.5
1085.3,272.81
1082.1,912.62
1085.3,126.8
1085.2,396.44
1089,728.29
1090.6,888.14
1104.8,113.08
1115.3,760.15
1120.6,401.65
1120.2,604.21
1120.6,801.04
1126.4,6.8921
1126.7,707.63
1124.7,872.41
1129.3,1043.3
1141.1,835.6
1147.6,1115.5
1143.6,457.57
1143.5,172
1147,286.76
1146.6,523.34
1148.6,589.11
1147.2,1210.7
1147.4,1095
1150.3,499.92
1154.7,539.25
1158.5,294.23
1159.5,336.78
1160.5,749
1165,954.65
1167.1,62.703
1165.9,739.91
1172.5,668.56
1169,715.83
1173,926.14
1175.1,941.66
1176.4,686.11
1189.4,241.95
1186.1,934.04
1189.6,740.65
1203.4,955.58
1194.7,1022.6
1194.8,938.39
1194.7,460.41
1196,598.5
1198.9,759.95
1204.4,205.04
1203.1,861.97
1212.4,909.09
1216.5,1196.8
1228.9,751.62
1240.5,647.86
1238,832.15
1241.1,160.33
1244.4,356.56
1244.5,273.96
1246.4,221.7
1246.8,923
