6.1797,477.23
5.0306,856.41
4.3143,989.36
4.5,935
8,1221.8
9,778.93
11.925,173.15
13.613,247.69
13,89
12.931,444.98
16.556,706.07
19.018,830.22
27.026,1200.4
23.143,83
28.587,103.93
24.5,464.5
33.078,841.7
33.346,759.27
37.091,383.05
41,800.5
43.377,364.82
46.195,42.575
51.92,1012
55.556,320.19
56.532,1121.6
53.956,656.58
54,921.5
66.287,752.75
58.565,494.61
69.029,837.01
61.857,480.14
62.925,706.11
69.777,242.06
67.522,1088.6
70.551,175.86
74.878,341.98
79.051,77.949
78.5,504
77.826,1118
92.761,456.31
95.502,1115.5
97.426,1083
111.83,909.87
126.85,201.19
121.13,990.51
119.37,681.27
121.78,442.02
127.6,926.21
126.09,513.09
130.18,1107.6
131.54,155.85
129.66,636.32
140.62,744.1
150.42,817.89
153.62,156.78
155.81,874.16
154.93,206.59
157.5,1064.5
161.2,462.92
161.15,83.779
167.58,1084.7
166.42,960.11
170.09,479.09
175.28,188.35
174.5,381.5
182.63,1181.6
185,103.5
186.07,573.05
190.82,710.54
187,1069.8
189.52,236.37
191.46,489.85
194.64,382.75
198.69,117.84
194.43,1073.6
198.94,393.41
204.12,1059.9
200.5,613.5
202.03,1016.6
202.63,361.37
207.89,1085.2
214.78,740.88
214.39,670.71
222.07,223.07
224.09,199.91
225.5,124.12
228.06,1106.5
228.82,738.33
239.71,531.71
240,55.5
246.55,1022.9
252.16,641.57
251.61,1046.6
263.38,398.62
266.55,626.01
269.45,1026.6
277.06,60.188
284.24,436
285.5,968.5
286,649
289.5,86.115
293.87,1008.5
295.08,306.11
303.59,272.67
300.61,701.98
303.08,505.27
303.54,601.88
308.5,585.29
308.43,318.36
308.41,185.41
310.05,1151
315.57,365
314.56,999.81
324.13,997.61
322.63,1046.5
325,51.5
324.16,1146.6
326,686
332.12,503.88
338.98,349.62
334.15,691.46
336.84,1054.8
337.6,1222.7
339.24,1124.5
338.95,235.84
344.09,984.06
346.45,140.54
356.62,313.3
359.81,348.54
359.46,940.61
359.09,153.35
366.09,526.88
369.83,359.5
381.56,955.12
380.54,477.94
382.01,705.93
383.68,521.11
384.5,381.52
388.67,506.12
387,682
390.89,448.39
392,530
397.65,1145.7
398,125.83
400,593.5
403.84,771.43
403.48,799.29
401.79,729.33
403.75,985.17
413.11,1147.6
418.23,942.36
420.48,509.21
418.76,660.96
418.25,692.61
423.63,442.96
423.08,136.91
425.36,716.5
431.48,154.41
438.65,443.38
436.42,40.105
443.95,1104.4
438.58,54.105
447.28,1124.6
454.58,720.99
449.93,830.41
450,762
452.48,979.4
457.35,462.66
453.64,499.68
456.61,769.95
457.29,111.71
460.08,482.38
462.53,319.38
469.54,1030.6
472.86,1079.5
475.82,893.73
481.13,976.17
483.19,1158.4
490.55,736.95
496.09,1015
504.77,237.67
505,946.26
506.29,394.21
513.29,300.7
517.27,133.73
522.42,915.45
528.37,776.48
541.43,780.34
539.58,1158.6
539.42,235.89
542.93,1023.2
543.94,159.66
545.81,430.01
544.66,525.54
552.94,41.646
553.11,312.42
556.29,912.44
559.41,1180.3
558.5,386
566.49,966.95
570.61,1091.4
568.93,923.93
569.63,873.63
575.48,891.2
578.21,107.84
579.68,1183.2
576.83,911.33
580.11,89.739
582.89,1147.6
584.5,1093.5
587.23,202.48
588.45,239.45
585.5,792.5
587.73,867.49
591.44,877.2
591.5,171.5
595.4,359.2
594.07,996.41
600.1,305.4
598.53,237.33
599.45,1180.9
604.07,911.23
607.08,53.083
617.24,24.074
613.44,111.75
620.82,629.82
629.13,674.97
629.96,379.67
636.25,137.81
643.44,256.94
647.45,906.03
645.61,1117.9
660.26,1039
678.1,1196.4
670.19,175.39
677.17,927
679.33,281.97
677.5,962
681,593.5
686.09,1006.9
686.96,1029.4
697.85,1163.2
695.79,684.5
699.55,1090.4
708.74,448.86
715.08,496.98
725.8,1204.2
737.09,445.09
737.62,1211.2
740.44,108.55
742.29,545.45
746.98,517.81
746.65,1171.9
747.74,887.81
752.43,542.9
750.95,830.93
761.12,1240.9
765.5,572.5
773.55,526.94
779.49,974.35
784.95,866.95
786.42,1169.9
790.4,832.4
792.09,1244.1
793.5,1186.5
798.66,120.77
800.38,1084.4
804.29,82.481
809,1153
811.34,954.59
820.38,514.36
823.05,816.25
821.5,496.5
823.89,1194.6
832.83,1113.7
840.51,1199.9
836,873.5
837.97,932.2
856.78,756.44
859.43,1057.6
863.64,807.89
880.02,414.69
869.5,135.5
876.52,754.4
880,902
883.17,1044.6
888.67,328
894.97,786.59
896.55,1128.3
900.64,806.59
903.89,819.61
904.57,345
907.96,847.2
905.5,333.64
907.5,686
909.86,639.14
911.05,781.65
910.16,1135.7
911.96,675.06
918.38,411.84
917.42,70.895
927.16,679.87
926.08,918.92
931.53,1152.9
932.93,747.95
940.11,61.175
942.4,379.74
945.93,483.59
949,1234.9
948,422
962,121
966.08,176.4
967.19,599.36
971.52,337.1
973.8,824.18
976.36,858.38
979.59,929.97
980.06,836.45
992.06,143.7
983.28,168.12
983.59,356.69
983.09,1010.1
991.58,12.105
999.27,308.5
1010.6,667.94
1015.5,179
1017,993.38
1018,1055.6
1019.7,383.17
1023.1,189.06
1030.6,614.19
1025.9,774.18
1028.9,836.81
1038.2,144.07
1038.6,995.36
1040.7,446.22
1052.6,1142.2
1061.5,331.22
1058.4,999.86
1060.5,1247
1062.1,286.91
1067.1,722.89
1069.4,578.59
1075.9,1163.2
1080.3,58.402
1076.3,73.833
1082.2,30.36
1079.7,297.86
1078.9,340.41
1081.6,454.71
1088.4,551.34
1085.7,932.73
1086.9,89.5
1090,740.97
1090.9,751.91
1098.3,416.61
1098.9,97.702
1101,140.18
1104.7,462.79
1099.8,509.35
1101.6,742.89
1101.6,895.07
1101.5,1077.1
1102.5,705
1104.8,181.35
1107,550.26
1106.6,759.45
1114.2,209.88
1112.6,1167.3
1111,849.41
1112.3,915.38
1115.5,417.12
1115.7,599.55
1117,1193
1126,913.23
1126.1,850.79
1123.9,147.55
1127.8,776.26
1131.8,596.84
1130.5,1061.5
1132.5,1185.1
1138.2,1024
1139.5,370.91
1144.2,283.19
1143.9,447.88
1149.2,1109.2
1151.5,464.5
1152.1,647.38
1155.5,39.784
1165.4,833.08
1160.8,1134.3
1159.5,676
1161,285
1163.9,265.84
1166.6,382.94
1166.6,631.06
1170.6,419.9
1169.6,767.58
1172.7,574.04
1176.6,491.33
1174.3,800.72
1177.7,1244.7
1174.6,1029.4
1179.8,892.29
1179.1,597.53
1180.8,140
1182,817.59
1182,1092.1
1186.3,18.571
1183.3,803.93
1190.8,583.37
1195.4,622.86
1196.7,1229.8
1195,510.09
1195.4,895.77
1195.3,484.38
1202.5,461.39
1200.6,1108.4
1201.8,561.35
1208,809.52
1204.7,525.66
1213.3,482.56
1213,982
1217.5,833.75
1222.9,1242.1
1222.7,407.52
1221.5,140.13
1221.9,2.4211
1225.5,582.32
1227.4,531.17
1225.6,624.02
1232,84.13
1229.5,1216.9
1231,828.5
1233.2,771.87
1237.6,1028.8
1236.1,1054.1
1239.8,540.81
1244,1114.1
1246.3,292.76
