5.35,136.96
1.875,162.25
3.3077,446.95
4.9398,471.83
10.059,735.45
18.172,998.38
22.633,685.37
21.579,1121.9
24,948.5
28.296,697.23
32.945,870.57
32.058,147
34.778,996.57
46.071,794.92
44.633,722.22
52.757,883.89
59.078,844.35
58.824,825.02
57.5,720
61.062,916.25
62.656,756.47
80.136,865.13
65.388,431.71
72.785,384.24
70.397,1172.8
73.628,279.6
74.762,408.67
81.511,912.68
80.786,569.85
80.854,496.88
81.366,659.44
82.242,396.73
89.139,1217.7
84.333,621.33
88.451,938.41
85,468.5
95,262.11
98,768.68
104.47,860.14
102.93,1244.8
103.53,98.778
103.61,446.14
107.39,823.42
105.7,901.58
107.6,1020.4
106.39,209.89
113.84,601.17
111.31,1173.1
110,1247
117.34,1231.7
117.92,474.34
126.93,239.47
125.55,429.67
123.96,1012.4
130.24,370.08
135.51,446
130.55,717.86
130.07,633.59
139.45,781.31
141.66,653.59
142,267
144.26,640.19
145.5,470.5
150.02,959.98
155.54,482.02
164.65,1106
163,319
163.63,815.63
166.42,656.58
170,743.5
173.4,409.01
174.91,23.091
176.61,656.14
175.5,686.5
176.86,1197.4
180.58,209.62
180.96,234.5
180.83,1111
191.5,1089.8
193.27,650.55
198.96,229.36
199.07,332.93
199,509.32
206.15,158.19
203.45,894.5
205,1070
223.33,749.19
218.57,1062.8
221.98,43.906
222.14,330.64
223.84,424.23
223,616
227.75,781.56
227.37,1050.7
228.89,510.59
231.85,1067.8
235.25,595.31
233.46,1245.8
240.53,822.24
242.7,407.22
241.91,324.91
247.58,845.9
248.15,935.07
248.4,1065.4
255.16,191.99
250.25,727.92
250.93,1056.4
262.19,500
258.68,1045.8
263.48,734.82
263.55,23.419
264.27,1071.1
267.08,540.92
274.93,1049.8
273.5,1098.5
279.93,351.59
279.89,555.58
282.03,1068.1
283.94,176.09
288.65,594.13
288.09,24.543
287.71,531.45
291.01,917.29
291.03,961.5
291.5,990.07
294.62,719.27
296.47,1040.3
293.77,569.23
294.57,425.61
295.93,221.93
295.5,1098
296.91,855.95
299.5,1107.3
304.11,800.88
303,1117.5
309.15,1087.5
310.68,333.78
313.84,355.31
315.21,1097.2
320.54,1058.9
323.19,125.76
326.08,602.57
327.5,555.14
330.53,470.1
331.93,746.73
335.68,365.47
339.59,142.93
342.09,1080.5
342.5,1232
348.94,327.41
350.04,901.95
349.76,390.53
352,848.88
351.59,1186.1
354.8,807.97
358.31,586.4
358.91,1124
366.44,785.33
366.55,803.42
368.68,237.89
369.06,472.91
373.43,8.4286
375,552.5
376.07,198.59
380.44,802.9
380,565.76
380.58,952.56
380.42,95.091
380.83,490.38
380.6,990.62
385.08,872.86
386.37,314.37
388.87,182.13
394.6,600.36
395.59,991.93
401.36,533.61
398.63,477.71
408.23,646.59
407.62,804.77
408.18,386.29
406.5,1065
412.5,179.94
411.6,163.6
412.17,278.74
413.56,110.49
413.5,930.5
414.93,529.41
423.33,800.19
421,532
430.72,645.15
432.83,837.07
434.83,461
438.59,161.59
442,617.17
443.71,267.71
449.12,513.66
449.83,805.63
449.37,921.24
452.91,388.09
454.43,527.53
465,295.5
474.24,859.67
473.46,887.48
469.67,669
473.15,687.2
482.62,928.31
487.28,296.99
499.79,249.21
496.2,1145.8
493.73,259.27
500.62,1177.1
501.85,147.26
502.98,622.2
505.12,471.04
511.13,1225.4
517.84,627.05
520.34,8.2857
522,544.17
523.62,883.07
523.5,196.5
526.48,341.28
524,357
527.44,409.82
533.23,359.64
533.57,802.61
538.76,885.81
535.38,926.22
534.58,1053.1
537.71,952.48
538.57,811.09
541.97,709.68
541.63,907.63
542.06,1104.3
545.69,537.81
549.51,592.13
555.15,627.96
554.42,172.55
555.5,729.5
559.21,1011.9
558.57,321.89
561.05,575.42
561.83,421.31
567.34,683.38
568.69,1229.5
572.05,655.83
577.89,273.25
584.17,782.37
580.41,859.93
581.09,528.09
583.65,1212.5
591.9,289.66
582.42,625.89
584.8,106.97
589.05,833.76
590.84,990.23
609.7,627.63
598.81,121.74
609.45,935.03
604.52,1200.4
606.36,247.14
614.2,883.32
609.65,187.85
609.5,568.5
609.17,1050
610.17,221
612.85,520.37
615.7,1101.8
622.86,368.64
629,823.31
636.04,187.3
631.73,435.42
633.08,477.26
632.26,234.76
633.24,365.22
635.83,839.7
635.21,997.14
635.37,116.52
634.67,156.83
638.39,894.86
640.66,496.06
643.78,52.281
648.46,234.14
648.11,458.58
651.18,104.95
650.52,1103.1
654.48,806.01
657.75,880.59
660.41,269.83
661.58,1125.9
670.48,33.697
664.31,360.62
664.07,675.59
667.43,659
671.07,800.83
673,917
676.35,249.73
676,1134.9
676.81,443.59
677.49,526.45
676.96,726.44
676,1056
678.11,875.53
679.42,206.11
679.5,560
686.17,1051.5
689.12,1126.2
688,183.53
687,871
690.64,611.24
689.19,809.26
691.09,121.06
694.5,1103.6
699.69,952.11
700.62,144.18
703.14,117.67
703.15,346.55
703.26,509.19
702.14,1082
706.51,711.03
706.5,253.37
708.84,169.99
709.42,66.569
714.81,1150.7
717.82,281.23
718.06,330.18
717,1036.3
718.64,674.44
721.1,1171.7
724.6,135.23
732.06,306.32
723.07,465.04
725.09,886.91
730.29,1036.7
728.38,1056.2
728.5,5.5
730.74,989
733.5,666
738.31,805.22
741.54,936.12
737.09,838.88
742.76,277.74
742.03,768.6
741.09,1132.9
748.24,143.35
746.25,294.66
745.2,883.44
745.42,1087.9
748.87,1231.7
752.54,3.3143
751.58,111.58
753.93,873.29
751.58,911.89
754.69,286.09
754,633
756.07,994.71
761.13,29.525
758.4,542.68
762.42,1144.6
772.47,619.15
774.37,858.57
777.11,508.56
780.47,1120
780.78,1155
783.17,827
788.16,840.62
787.5,812
787.89,1009.4
791.23,31.822
789.5,91.5
792.42,544.89
795.8,918.2
799.17,1009.6
808,664
816.87,804.13
814.8,644.56
818.07,87.593
821.2,571.82
827.62,42.092
823.32,1098.4
828.33,255.08
828.12,134.15
832.96,983.79
828.37,15.633
830.62,528.4
831.36,751.33
833.61,700.84
841.08,634.9
835.14,305.41
840.05,837.39
836.83,910.5
836.33,691
846.62,62.346
842.45,1046
845.59,1207.1
846.34,19.254
848.83,916
852.81,190.59
856.49,898
861.29,59.966
869.17,514.1
861.3,1057.3
864.47,849.07
869.32,71.835
869.82,300.7
869.74,595.11
872.9,678
880.2,37.816
880.15,1093.3
886.23,650.51
888.02,953.85
888.94,332.97
886.5,1103
890.08,1170.3
893,607
897.23,4.0769
897,179
897,605
899.91,580.91
901.59,769.07
901.44,596.89
905.27,754.6
906.14,1105.9
910.89,335.31
912.8,21.444
912.43,153.08
916.59,922.02
916.09,1075
921.89,760.13
919.12,417.92
925.67,14.811
923.6,2.6
923.4,343.6
926.9,52.16
928.27,318.8
937.17,168.81
934.81,963.29
937.5,16.5
939.63,260.37
943.33,347.7
939.91,879.91
944.56,306.36
944.04,636.22
946.68,779.68
947,139.5
948.37,1019.6
954.96,1134.3
972.29,1158.9
960.93,1216.1
965.36,14.364
963.39,66.417
965.83,138.22
962.58,1024.1
965.41,154.55
965.88,245.88
973.49,255.5
974.55,1118.2
975,188
977.88,122.69
979.75,1139.4
981.36,831.5
985.5,34
986.88,255.12
987.23,511.44
986.59,1049.9
986.5,97
994.48,310.77
993,542.75
995.47,936.1
994.29,1220.1
999.76,415.57
1002.1,3.5
1004.4,819.14
1003.9,877.12
1013.6,266.93
1011.4,746.95
1011.1,28.982
1010,787.17
1016.7,1172.9
1012.7,232.97
1012.5,178.62
1022,16.432
1019.3,309.65
1020,364.33
1023.8,939.52
1028.8,83.62
1027,188.76
1030,230.34
1033.6,255.65
1028.7,1239.1
1031.8,114.54
1034.5,1115
1048.6,412.88
1046.4,814.11
1063.4,846.74
1049.7,912
1055.5,126.17
1052.4,798.58
1055.1,257.32
1055.4,95.92
1055.4,47.6
1061,244.27
1062.7,915.87
1065.7,564.92
1070.6,1245.6
1071.4,55.056
1069.8,610.03
1068.4,1062.5
1074.1,216.04
1072.9,1124.1
1076,1100.1
1075.8,1167
1079.6,468.54
1076.4,958.63
1078.1,880.71
1080.7,583.46
1084.3,1142.4
1087.3,101.66
1087.1,1121.2
1092.4,629.2
1096.9,131.13
1103.5,236.57
1104.4,665.63
1108.2,263.73
1104.5,1166.5
1112.4,57.439
1115.6,32.861
1112.9,619.8
1115.2,640.98
1115.4,855.25
1119.1,763.01
1118.5,900.5
1120.4,1055.1
1120,482.5
1130.8,45.256
1120.4,1203.6
1126.3,619.1
1125.4,221.79
1123.8,324
1128.9,865.79
1131.9,927.83
1131.5,323
1132.9,646.82
1132.6,886.8
1138.3,550.26
1140.3,635.3
1180,670.07
1141.9,1018.6
1142,1179.8
1146.7,908.07
1144.6,703.67
1149,162.27
1147,735.5
1148,936.83
1153.5,978.92
1153.1,632.84
1160.9,934.6
1158.4,860.07
1157.9,953.44
1158.5,505
1166.8,529.03
1159.9,1172.4
1164.2,34.389
1167,368.43
1168.8,448.23
1167.6,622.55
1170.8,159.71
1167,835.5
1173.5,876.42
1177.5,210.08
1179.9,813.84
1180.8,310.57
1179.6,1081.4
1186.6,958.97
1192.9,276.59
1198.8,305.15
1196.3,547.64
1193.6,565
1195.3,982.49
1201.6,332.43
1199.3,600
1203.1,189.59
1206.7,37.959
1207.7,971.05
1204.4,1095.1
1204.9,1137.2
1206.3,584.6
1207.3,996.87
1210.5,318.67
1213.1,334.05
1214,505.5
1213.5,536.5
1215.4,988.11
1218.5,1219.9
1216.6,942.11
1220.1,1006.9
1220.7,355.71
1222.7,771.45
1220.8,956.38
1223.8,580.38
1224.9,135.97
1228.9,449.5
1228.4,864.43
1233.2,589.5
1236.6,865.79
1241.8,1183.2
1242.4,934.13
1238.8,335.31
1238,784.86
1237.8,1213.6
1240.8,54.169
1241.4,248.52
1238,791
1242.6,121.14
1242.3,304.6
1245.6,822.58
1245.7,331.17
1246.7,842.71
