2.6154,309.31
1.8462,442.23
4.2115,505.4
3.1351,828.17
2.7361,849.97
2.9818,1255.7
7.6118,1280.1
7.9482,41.904
21.974,793.3
19.422,290.15
16.693,247.27
9.0435,452.46
14.139,1149.6
18.888,351.46
30.486,1022.4
27.636,645.85
20.5,879
23.115,1161.3
24.833,467.33
40.115,1284.2
29.059,435.08
35.34,819.97
33.507,53.881
60.585,184.78
35.477,371.79
51.942,512.99
34.396,884.35
50.42,710.97
47.692,106.68
41.134,340.34
67.162,230.05
46.233,411.35
55.781,587.97
62.44,784.31
60.097,858.86
88.893,800.22
62.303,610.45
68.705,115.51
65.905,1293.3
67.649,50.703
67.5,358.62
80.386,518.88
73.306,247.84
70.909,454.09
81.167,886.62
73.1,1089.6
74.119,1324.7
75.292,371.01
73,1284
84.197,64.579
89.791,497.24
80.306,1262.4
81.5,543.5
83,1129.5
88.173,766.88
85.29,260.45
93.964,448.56
92.313,627.57
92.488,205.64
97.825,390.11
94.654,780.12
98.857,829.27
97.381,935.4
100.33,187.83
167.12,23.42
106.95,1123.5
117.29,527.07
106.55,1168.6
106.77,41.909
111.45,2.7368
112.44,266.92
125.16,828.67
121.98,103.99
166.04,421.03
129.11,915.68
117,257
130.2,365.35
119.9,215.95
121.33,588.33
126.97,161.4
130.25,282.34
126.59,1146.1
134.4,189.15
129.16,209.59
138.17,484.4
130.9,878.95
137.5,105.5
138.97,636.25
146.22,1286
152.49,762.73
174.25,865.47
145.01,373.39
145.31,946.04
144.13,968.39
147.32,148.25
155.43,653.58
151.15,991.31
149.44,501.08
155.87,694.1
153,861
197.73,515.23
166.07,53.494
185.03,1260.2
165.25,596.67
170.83,566.33
170.59,484
166.09,952.52
171.94,674.1
173.49,620.93
187.22,816.01
180.99,959.73
183.41,327.54
178.95,992.87
184.86,1165.3
195.58,763.93
189.03,632.76
200.29,668.71
202.46,184.45
203.14,134.1
196.73,390.06
202.31,592.3
240.94,1230.9
209.58,347.57
208.12,1146.3
213.1,552.14
227.47,774.69
211,1000.7
219.56,239.69
215.99,465.43
215.56,3.6512
237.63,1084.9
228.97,672.69
233.35,930.68
224.87,399.13
229.42,208.56
234.3,1128.2
233.56,280.2
236.49,428.57
236.8,61.273
271.24,260.34
253.28,41.119
246.7,1045.9
252.36,1302.4
248.65,169.37
258.35,404.04
253.73,504.7
270.58,135.4
270.15,779.4
263.53,1208.2
261,493.59
270.83,639.99
266.6,171.47
265.82,607
295.24,379.39
268.49,1172.4
268.6,420.56
283.02,918.24
274.29,363.5
275.73,1041.7
290.58,812.11
278.4,1124
280.35,1141.3
275,1296
281.08,675.44
301.53,161.45
286.9,1047.8
289.83,444.24
286.53,563.5
289.5,830
291.84,190.02
309.21,322.73
308.65,227.68
294.33,428.83
303.63,189.82
318.27,449.45
325.22,872.06
322.79,977.38
309.03,795.66
314.38,422.64
313.77,1006.5
315.83,1205
332.3,605.35
331.52,22.175
360.8,1074.4
325.26,121.54
327.51,798.15
321.82,928.33
374.75,214.65
329.3,255.8
339.05,833.53
322,946
347.35,82.913
336.46,771.31
336.69,529.96
339.13,1198.8
347.68,148.35
351.12,395.36
338.59,557.66
360.12,435.33
348.48,1092.8
345.04,526.04
355.92,293.9
349.18,1178.2
358.9,795.69
397.78,556.22
363.28,178.39
354,474
357.88,594.35
363.05,759.23
360.76,928.3
365.11,509.58
369.34,951.8
379.99,235.25
390.73,619.79
373.5,291.5
391.29,326.01
386.98,378.65
378.2,1015.8
387.53,792.72
411.77,70.105
385.28,298.5
387.02,477.13
389.71,961.23
426.87,263.09
385.6,515.6
390.02,1214.2
405.7,414.25
392.29,524.25
400.06,904.15
397.63,1108.5
403.97,1182.9
399.69,883.08
421.19,111.04
405.46,1062.7
407.27,1221.7
422.65,1122.7
408.78,368.38
408.5,694.5
488.18,823.82
412,194.5
424.49,646.68
421.33,957.85
425.59,370.4
424.74,1039.7
433.44,520.71
433.39,1170
431.99,1316.6
440.46,963.6
478.54,1272.8
441.57,331.8
440.23,611.81
439.29,1043.5
454.05,1084.1
445.5,629.99
443.74,552.31
438.38,772.38
440.83,188.3
446.78,371.63
460.5,495.55
453.37,90.184
460.11,1133
452.33,668.96
482.48,119.11
453.85,356
469.64,179.73
462.84,164.32
463,147.5
469.25,329.73
473.54,201.87
481.86,944.52
476.64,369.7
470.33,628.53
510.67,405.53
478.83,544.92
482.34,1320.9
483.47,269.18
484.67,907.42
477.98,817.57
481.26,1110.9
490.6,1159.5
482.53,445.94
492.05,472.28
487.8,681.86
486.23,1293.8
512.4,696.64
493.44,739.14
532.32,970.81
501.36,316.49
502.83,169.43
510.71,1316.4
513.58,85.895
513.28,441.99
513.56,533.01
518.13,735.94
519.35,1128.5
518.96,913.8
523.11,138.04
539.19,310.32
525.24,765.29
526.38,1206.7
531,517.35
533.22,1317.4
566.96,602.76
566.45,1274.8
552.81,701.21
540.5,661
546.34,419.84
552.58,659.64
551.4,739.4
555.39,432.97
564.38,527.26
558.92,731.79
563.77,251.77
582.24,658.88
568,1220.3
575.25,1180.3
571.24,1148.7
574.5,745.52
593.51,485.76
673.62,175.69
575,540
585.17,812.31
583.68,47.054
599.06,884.53
587.87,1098.7
584.75,13.909
586.54,542.02
600.18,198.29
584.5,1199.5
590.6,1186.4
591.84,530.5
593.2,682.74
603.08,444.9
599.27,78.674
601.98,844.59
599.19,290.68
600.51,701.89
611.62,800.68
603.92,267.16
658.61,658.58
604.84,766.4
609.71,152.81
614.11,290.37
607,739
608.76,623.09
609.48,776.42
661.94,1048.1
622.85,331.53
623.93,408.51
623.29,525.29
630.78,1204.8
650.96,816.3
634.09,53.489
634.03,485.24
639.39,616.15
631.63,1227.1
647.91,685.76
646.72,912.59
632.36,290.68
659.19,525.13
642.42,586.11
652.02,1262.1
658.54,7.2976
657.33,302.05
660.2,1231.4
660.99,599.09
683.35,390.11
671.97,935.2
675.64,25.824
679.75,590.41
688.65,1316.2
689.4,1118.8
709.63,543.11
726.25,12.95
701.4,149.35
716.84,717.42
714.56,961.17
715.47,1129.1
710.91,410.91
751.25,372.4
719.58,1084.8
718.89,669.58
730.69,1205.1
740.49,950.04
759.9,680.21
770.31,814.72
732.33,283
738.88,330.97
739,401.91
735.2,545.11
739.25,1239.1
741.97,1178.7
738.55,1130.8
753.78,506.16
743.29,1078.6
834.94,170.92
760.23,637.53
758.76,244.67
746.93,908.44
753.45,553.56
780.5,50.936
756.29,1115.2
757.81,299.09
757.04,991.18
762.34,1273.3
798.97,1182.3
763.58,1002.5
765.14,1083.6
773.21,744.83
780.42,537.17
776.76,948.27
779.38,453.56
785.9,1026.4
789.82,1284.5
786.48,489.08
793.08,1126
789.41,728.66
796.96,616.21
818.66,302.01
790.68,954.73
791.94,510.94
793.5,428.5
797.41,651.29
801.19,364.83
807.09,571.94
813,1086.7
814.88,485.49
809.03,1040.6
810.96,1285
812.97,348.61
809.14,528.14
811.38,379.32
818.43,582.64
824,436.28
829.88,1030.9
836.2,1287.6
824.59,713.06
834.78,1099
838.08,1219.1
858.34,966.59
842.6,454.9
842.92,1207
847.1,1163.5
844.83,1195.3
848.82,590.29
851.26,1031.7
847.82,1224.6
851.75,808.33
861.75,1300.6
865.76,1116.3
858.43,477.43
869.23,1225.6
864.43,670.39
893.07,112.93
870.65,686.28
912.8,335.43
878.89,981.59
887.3,416.76
879.87,584.36
884,568.91
897.46,873.03
895.07,934.75
888.79,384.79
891.3,221.75
890.56,1236.2
895.8,730.23
892.99,1030.4
909.5,654.6
923.89,767.29
930.6,1105.5
918.31,128.08
937.12,613.52
925.9,1249.5
920.67,1197.2
925.85,204.13
944.09,449.58
932.17,1151.5
924.19,238.7
947.56,966.39
933.12,686.28
941.12,319.58
932.96,251.62
937.3,818.26
941.95,1276.6
932.15,157.23
960.64,172.19
947.8,711.95
945,1051
950.41,694.92
963.23,1294.5
964.79,588.57
976.33,994.96
956,405
962.4,659.61
959.56,1059
956.86,1080.9
969.4,484.21
963.02,1119.6
965.45,911.91
964,267.59
970.42,771.97
966.96,1023.9
985.89,49.928
972.54,1143.4
981.48,1179.7
977.42,807.86
982.36,869.35
983.42,1034.8
991.39,1268.2
1019.2,623.95
981.93,1087.2
985.24,1056.5
988.4,730.1
986.53,429.63
1001.4,1135.9
993.33,537.49
996.44,487.07
997.17,700.93
999.47,649.21
1004.4,1033.4
1050.4,247.84
1016.4,808.89
1000.4,445.43
1014.6,302.39
1014.2,4.8916
1011.4,1220.1
1011.3,1062.4
1013.7,1171.8
1016.5,364.09
1020.3,576.69
1038.3,896.75
1024.2,1012.7
1026.8,1072.5
1038,1048.2
1043.2,38.216
1030.7,1330.3
1035.8,594.47
1033.6,15.5
1039.3,1231.6
1045.3,1303.7
1062.6,782.92
1046.5,1199
1054.7,218.11
1049.5,1180
1057.2,1127
1055.7,520.4
1072,624.64
1064.6,454.19
1060.5,707.7
1063,336.57
1069.2,997.77
1071.1,179.8
1074,206.97
1096.4,567.23
1075.7,1208.1
1079.5,822.65
1097,845.98
1087.1,712.89
1082.8,507.44
1090.3,35.804
1097,1077.2
1098,87.99
1093.4,1016
1096.7,666.68
1098.2,436.25
1148,463.83
1100.1,317.91
1099.7,998.53
1111.2,1198
1108.6,1016.2
1113.9,662.77
1115.6,986.24
1114.4,947.7
1121.1,920.51
1117.5,1117.4
1152,1152.7
1138.4,101.9
1122.5,298.9
1121.5,1316.9
1125.2,742.27
1125.3,253.85
1122,774.91
1135.6,1007.9
1127,472
1153.4,687.25
1135.2,477.07
1232.4,822.46
1142.1,790.88
1140.5,988.7
1144.2,201.54
1194.9,221.44
1160.5,952.19
1154.7,432.73
1161.1,15.909
1191.4,1011.3
1175,80.789
1171.5,829.35
1179.8,1181.3
1188.5,585.63
1188.3,139
1188.1,550.24
1202.8,648.11
1196.3,697.96
1265.3,554.33
1209.7,952.07
1219.3,41.687
1215.2,456
1215.4,901.97
1216.2,1068.2
1223.4,417.75
1258,42.467
1237.3,923.1
1236.2,1062.6
1255.5,1104.6
1244.9,500.94
1253.8,440.4
1267.6,246.94
1299.7,261.1
1271.1,1060.9
1283.3,687.17
1280.9,1000.2
1282.4,98.318
1306,348.7
1310.5,1009
1310.5,767.88
1292.7,1021
1294.6,307.23
1300.3,611.25
1306.6,179.62
1315,2.8421
1323.1,158.88
1320,564.37
1330,1303.8
1330.6,1115.6
