14.906,184.27
2.7727,238.91
4.8508,319.06
10.91,395.4
3.5,509.5
6.8615,869.19
2.2609,914.09
19.937,1004.3
4.5867,1128.2
2.9775,1217
14.59,1249.3
9.0851,1316
12.997,754.8
13.097,457.38
7.2353,489.92
9.4112,439.09
10.919,1180.1
22.227,708.66
12.383,613
78.075,1207
10.4,538.6
24.098,275.29
14,483
17.676,132.95
32.926,317.04
17.857,158.86
19.571,526.51
25.944,1166.4
41.907,1081.6
34.411,613.82
31.321,379
35.782,157.19
36.098,194.2
34.51,464.14
44.767,482.59
46.3,894.15
35,260.33
47.813,413.57
40.26,676.93
37.37,925.54
36.548,1308.6
37.909,254.91
43.781,804.99
40.581,593.45
40.71,1243.5
80.647,360.26
44.006,556.95
46.252,451.94
70.968,667.56
54.949,1273.7
88.735,1327.4
71.374,230.86
51.077,528.29
78.37,915.27
58.432,765.39
58.246,217.85
80.972,581.45
57.22,745.68
64.643,285.93
60.909,489.95
50.677,856.3
68.658,1257.8
63.5,1289.5
66.564,197.67
65,535.5
70.357,183.73
73.54,325.7
78.699,547.14
70.139,712.89
73.771,834.84
75.993,442.43
70.875,498.41
77.35,422.58
76.667,473.99
96.859,266.32
74.667,275
74.636,1268.7
77.315,784.89
78.444,1088.6
81.145,751.16
83.17,491.28
85.444,1106.5
85.893,767.49
82,177
100.45,1023.6
117.67,173.92
91.528,300.67
96.021,813.91
167.11,1240.1
101.89,1290.2
97.963,520.63
104.39,849.24
117.72,1109.9
109.21,989.11
119.93,235.1
104.23,535.54
111.54,742.04
106.6,947.6
109.24,386
109.39,726.24
112.59,601.02
112.08,420.08
118.45,398.41
115,527.5
129.27,432.21
126.94,866.35
182.76,1103.9
123.59,413.02
133.87,535.07
128.81,329.42
126.45,643.42
142.38,562.52
152.45,1044
129.44,919.8
149.23,787.56
138.56,395.78
142.8,142.79
142.73,471.58
142.88,621.95
161.38,265.26
148.52,704.99
155.86,956.94
158.82,418.66
179.04,592.92
150.41,545.07
163.14,734.25
153.54,170.21
159.1,511.66
155.1,143.83
156.26,156.46
155.39,196.63
166.21,844.43
188.83,469.01
164.15,1313
172.56,364.21
162.87,1148.1
163,908
177.87,151.05
174.2,487.54
164,903
166,1208
207.23,819.11
185.29,382.37
174.45,930.88
178,1204.1
177,531.9
181.44,913.69
185.39,437.99
180.86,1143
185.78,1015.1
205.44,331.89
189.22,517.12
211.6,550.37
196.33,705.15
188.36,286.73
192.6,872.6
193.06,1323.8
191.5,892.5
197.05,129.11
230.72,731.26
201.61,785.5
202.12,409.66
215.33,370.19
225.14,241.58
208.07,305.16
265.85,1003.4
239.39,171.25
231.6,137.23
216.95,446.35
219.54,522.18
215.92,928.92
245.39,1327.7
230.63,284.83
221.8,399.76
232.5,468.72
241.93,392.88
250.72,1155.2
243.37,544.16
250.14,352.71
248.65,589.34
248.39,616.15
250.16,663.8
245,250.5
246.6,636.95
281.44,1238.7
248.67,63.333
251.32,1208.7
267.62,250.3
253.35,435.4
256.46,1101.1
256.29,6.6053
254.96,234.44
271.49,942.13
259.4,643.6
261.58,232.89
267.94,621.33
279.19,683.11
272.71,809.47
264.62,673.84
266.65,728.12
268.62,715.09
269.5,641.63
269.64,1219.8
291.68,35.452
269.5,404.5
294.49,173.95
308.68,365.95
281.93,425.93
307.41,103.2
289.76,737.57
297.32,1098.2
281.96,1224.5
290.89,976.81
282.42,466.58
283.57,512.07
283.88,1075.9
283.57,147.61
287.9,1133
292.11,816.84
289.5,767
296.41,1040.7
297.42,70.77
292.17,956.07
294.61,945.7
305.91,434.03
298.85,44.636
301.93,763.38
302.04,1197.9
304,1191.5
308.13,634.63
305.37,885.56
312.26,812.93
308.87,1289.8
326.17,479.73
333.13,961.4
318.5,179.5
319.6,662.4
321,765.5
326.77,1330.3
341.33,186.11
326.36,683.8
322.1,988.05
330.1,389.35
327.43,780.58
332.17,1053.8
329,137
333.91,224.6
348.05,665.92
338.21,284.08
348.9,749.48
335.69,138.51
338.32,548.82
338.77,153.76
366.24,24.229
348.2,119.98
347.95,1036.8
339.3,1110.6
351.53,1318.2
342.65,4.7528
346.42,1268.6
343.23,103.09
345.56,307.22
348.06,415.96
347.85,584.69
351.37,479.08
351.44,1166.2
349.5,159
356.26,351.86
353.46,373.44
352.87,1003.3
367.58,128.48
364.75,275.57
384.78,65.107
354.04,517.48
357.45,155.48
374.43,701.97
355.39,807.43
377.35,541.31
361.13,305.58
362.74,982.29
361.52,1118
369.23,227.21
362.5,1166.6
362.88,1249.8
402.69,464.24
368.22,1205.8
369.6,1294.2
368.83,1222.4
368.5,1284
370.93,173.93
387.26,1016.1
372.07,1241
394.09,1194.6
379.42,750.27
384.26,576.65
380.98,1097.4
380.84,1300.5
383.8,442.47
395.62,186.15
389.7,28.907
422.78,1056.1
388.08,1226.5
390.28,1155.7
400.62,103.8
412.95,835.98
406.15,773.37
398.04,526.33
420.98,1234.6
414.31,1310.1
413.81,1166.5
410.86,366.41
404.84,853.95
416.75,125.51
408.76,333.3
407.65,406.12
409.2,548.27
409.18,869.29
408.91,616.91
411.09,417.56
429.23,574.55
417.44,694.2
424.79,10.541
414.61,793.5
436.09,1265.3
421.54,155.47
420.11,636.16
422.58,992.05
421.7,178.2
420.5,419
435.81,411.29
442.17,314.54
452.36,607.46
430.67,192.13
437.19,467.12
444.23,749.15
435,961.5
461.6,1190.2
468.14,510.35
502.06,224.57
466.37,536.17
446.91,27.156
449.78,66.903
446.39,340.72
468.38,677.45
454.04,1065.5
468.69,1115.3
451.71,415.55
450.05,1138.9
460.97,856.91
457.82,387.68
455.86,1098.9
461.44,1328.6
461.39,4.9867
457.86,984.51
461.32,448.94
464.41,249.67
460,1234.5
466.37,821.11
467.82,1249
511.52,288.95
474.1,1144.6
474.17,577.08
478.09,1303.5
470.11,867.58
496.91,808.65
495.84,15.642
497.7,1152.2
492.92,1326.5
478.88,878.32
489.13,989.24
494.79,345.41
483,244
484.44,414.56
495.43,948.34
484,1129
490.37,1040.3
496.46,1263.4
489.73,670.1
486.73,888.35
493.85,911.61
492.24,454.07
493.93,533.97
490.53,1128.6
495.69,1180.7
490.83,399.33
495.76,1223.8
506.22,640.21
495.39,848.29
511.79,1067.7
506.65,879.71
502.26,495.68
502.82,927.32
503.12,584.38
506.32,606.06
502.11,1108.6
508.63,382.01
515.09,993.43
519.9,1215.6
508.04,963.59
511.84,471.32
513.63,1328
510.59,557.12
518.49,614.45
516.04,398.33
531.82,718.96
519.07,81.934
516.57,959.49
519.24,355.07
521.81,1107
517.13,1159.5
524.33,850
520.5,757
521.81,1279.4
526.11,655.21
521.83,896.33
522.68,1019.4
530.46,433.64
545.97,581.02
526.27,299.67
531.17,563.11
528.67,868.58
539.14,939.34
545.95,87.438
534.76,34.276
531.3,62.415
538.85,635.11
535.7,1258
536.13,827.62
536.07,1011.7
545.75,178.01
570.73,479.79
536.9,1223.7
538.19,997
538.09,745.23
545.08,52.868
545.43,125
553.89,866.1
541.19,1050.3
543.16,768.06
549.22,1169.3
546.7,1202.2
560.41,34.633
551.09,296.5
559.7,1017.2
585.46,1205.7
594.11,134.06
552.72,390.39
561.32,1064.6
568.41,688.34
552.77,1143.3
558.83,332.71
552.89,650.42
561.82,1263.1
570.58,961.32
562.08,419.04
559.11,1099.6
562.5,345.5
564.35,645
569.57,1160.7
588.1,1306.3
571.7,289.74
570.95,279.9
572.92,340.92
576.59,1087
588.06,1108.3
579.62,775.67
578.08,837.1
594.54,299.24
589.01,1013.2
578.83,813.43
596.85,875.41
579.58,849.92
582.29,896.56
584.59,977.93
587.93,272.87
584.5,1259.5
594.88,71.287
587.78,987.72
606.51,232.11
588.54,743.95
588,1063
598.72,723.17
600.73,1071.4
589.5,1154.5
611.3,359.42
596.68,910.63
596.22,805.88
619.49,10.078
607.77,1271.7
600.53,1254
608.84,946.67
601.59,856.52
613.49,49.911
602,928.5
609.03,773.29
607.58,1232.1
655.52,235.91
610.35,686.11
619.09,1313.2
610,697
621.2,978.65
613,318.43
613.81,1011.3
614.84,467.1
623.01,871.63
623.1,1119.7
628.37,670.53
618,1049
625.69,1224
672.96,610.82
622,687
628.97,815.69
625,598
626.74,835.29
633.83,97.13
627.21,1167.1
631.77,909.29
654.17,692.07
635.7,1247.7
641.62,301.8
632.85,1052.3
632.29,1202
642.11,939.26
639.45,183.15
685.02,433.44
640.41,69.822
645.56,840.43
637.11,1087.4
635,606
635,619.5
635,1029.5
635,1041
641.1,1296.7
642.31,150.34
640.43,603.43
641.5,1233
648.62,1189.1
642,1239.5
658.03,955.64
652.6,506.59
651.55,588.91
650.72,977.6
657.96,91.045
652.47,131.06
650.72,1010.8
661.91,39.112
659.41,1149.3
666.86,795.41
658,716
677.32,1031.4
675.56,1212
666.58,149.12
669.7,1248.5
669.91,1091.3
670.74,676.58
672.71,499.01
673.64,72.583
678.16,333.25
679.15,834.23
678.24,476.57
680.11,980.45
678.71,461.35
681.36,905.74
678.6,810.6
681.64,863.48
687.06,945.41
698.05,157.3
686.31,243.81
693.15,1193.6
690.65,361.19
695.32,1152.2
713.41,699.9
705.59,86.179
709.57,4.4055
696.63,493.04
700.66,647
720.56,1199
707.77,189.38
699.54,1088.4
709.01,216.61
708.04,1193.3
705,37.5
711.85,490.46
709.15,550.93
745.39,1145.9
707.83,29.63
719.51,1120.6
709.45,349.1
718.07,623.33
715.58,936.79
719.99,526.89
720.5,1228.6
719.9,357.3
734.89,1070.4
740.14,268.71
728.21,322.36
723.96,229.5
735.21,856.26
736.65,478.36
728.69,341.04
733,948.76
727,237.5
728.73,351.69
766.43,563.49
740.58,207.97
731.88,531.74
730.4,757.4
737.1,978.43
733.14,441.84
745.09,802.2
738.5,8.0925
736.12,426.85
736.59,145.22
736.46,895.15
738.97,639.27
742.85,74.512
746.78,1218.7
740.81,704.13
740.38,528.88
747.46,495.97
745.6,875.38
743.9,961.95
744.41,1013.9
746.12,347.11
757.99,602.29
760.37,12.915
779.59,155.88
757.34,302.03
763.66,371.72
749.93,889.59
753.85,990.94
763.13,1033.5
773.22,699.8
756.52,1168.8
764.5,35.337
772.2,1102.3
774.36,421.68
782.69,898.26
763.07,1054
793.72,746.64
773.34,875.54
779.65,520.79
765.5,798
768.51,1181.4
769.18,973.47
769,792.5
778.47,1217.7
769,813.5
774.15,488.15
774.08,1237.8
773,40
774.95,1067.5
780.38,319.66
790.47,833.65
795.71,20.486
788.69,617.86
785.92,785.45
785.04,656.13
786.49,1131.8
789.4,326.62
788.29,637.73
787.64,1034.7
798.35,383.45
813.78,1146
799.63,269.12
809.81,435.48
800.83,932.1
812.99,1239.9
809.3,1317.7
803.57,1010.2
795.54,348.2
796.69,1139.3
798.88,339.83
801.7,1053.4
823.49,305.11
809.95,1185.3
805.79,1074.1
810.56,1102
803,79
807.35,729.23
808.05,1219.2
807.73,1286.3
825.34,612.37
822.57,686.27
813.35,808.79
808.95,786.95
819.08,864.19
814.6,701.6
820.51,780.5
817.86,543.86
835.38,336.2
819.55,572.58
824.21,901.79
823.65,1083
834.56,1066.7
837.23,208.18
825,837.5
835.68,1278.4
824.64,482.37
833.7,1024.7
835.84,400.14
833.12,635.82
833.07,245.41
837.69,928.09
835,1295.1
845.46,890.56
842.05,912.51
850.91,1106.3
842.38,681.76
845.44,796.02
845,665.39
853.99,984.25
844,1040
846.87,420.07
855.89,948.06
841.03,112.45
860.66,1277.6
853.76,57.071
857.97,645.01
894.11,802.26
852.09,196.91
852,373.33
867.97,258.41
857.44,854.38
861.34,915.44
860.84,340.55
868.71,39.737
869.49,582.28
861.05,1161.5
861.04,211.59
861.36,172.91
862.44,319.93
870.78,356.69
868.64,193.67
867.59,1135.1
867,421
894.85,414.12
869.91,308.05
881.42,630.13
873.24,715.05
884.92,526.1
890.2,670.94
880.59,959.05
885.31,740.72
878.09,1024.5
902.86,1274.2
877.5,337
880.59,165.35
882.08,1131.6
882.74,117.31
891.42,101.66
889.12,877.77
893.46,917.95
885.46,1064.8
886.16,213.08
889.24,1191
893.88,998.52
888,1243.5
893.42,196.32
890.11,605.67
898.52,322.18
891.48,1237
907.44,549.46
894.79,589.79
893.86,714.86
896.51,1127.2
902.3,935.96
902.37,498.62
901.78,1037.7
900.92,66.125
913.76,1164.4
918.19,1219.6
907.73,17.78
913.14,1185.8
909.44,44.32
919.66,161.15
914.44,1093.5
916.31,1061.3
917.2,313.83
917.56,861.04
925.29,1005.8
917.5,927
921.72,504.44
931.25,120.11
924.45,185.42
923.02,708.97
923.45,423.41
930.46,33.064
935.69,245.45
930.92,287.24
927,869
930.4,9.2766
956.91,439.25
943.01,589.55
929.71,339.65
934.18,510.71
944.32,1328
937.87,537
928.03,888.65
938.12,306.61
936,1202
951.44,942.07
941.62,1266.8
939.5,46.633
938.82,138.87
943.27,196.81
952.87,630.89
940.84,922.05
948.93,163.62
946.54,354.91
945.5,1003.5
947.5,881.5
946.5,1117
978.41,1126.3
955.38,562.51
948.4,790.6
956.88,272.36
969.53,695.43
953.5,857.87
952.94,981.81
965.97,752.88
958.3,818.35
965.24,988.48
957.48,1297.7
956.44,805.29
960.6,71.388
957,578
969.39,5.4488
976.22,1255.2
961.41,1315.4
961.18,283.44
965.61,846.35
965.42,900.82
966.42,315.58
964.61,673.43
970.88,554.38
971.36,1315.6
970.5,95
982.81,589.24
981.24,816.73
982,214.28
980.94,49.797
975,325.5
976.44,294.94
977.09,376.91
979.54,885.14
980.35,281.14
980.58,273.89
986.08,539.43
997.39,1325.6
983.13,1196.6
996.06,843.83
984.65,937.23
987.58,951.18
987.46,499.75
991.26,288.35
1001.6,980.42
995.8,5.2947
1010.4,68.634
992.14,522.14
993.38,648.54
996.65,741.3
1006.2,763.18
1018.6,1188.9
1014,901.92
1003,187.78
1008.7,1267.7
1014.5,945.15
1008.4,1298.7
1008.8,441.13
1019.1,539.2
1013.3,19.627
1009.5,409.23
1007.1,572.64
1012.6,158.86
1010.1,491.84
1008.7,516.19
1010,581.15
1008.6,1036.4
1022.9,782.39
1017.7,354.49
1020,297.56
1027.5,641.01
1022.7,254.98
1018.9,214.94
1022.2,1075.6
1018.9,706.87
1025.9,985.45
1028.3,1226.9
1028,330.88
1024.8,685
1034.1,729.94
1024,189.5
1024.7,196
1030.3,457.66
1036.3,8.4436
1027.3,414.17
1101.9,1090.7
1031.6,94.061
1034,937.49
1040.4,113.23
1087.2,704.59
1038.1,514.94
1036,139.5
1055.9,309.05
1070.1,758.13
1045,50.421
1038.1,175.96
1037.2,922.87
1043.1,1316.9
1041.5,1027.5
1049,373.35
1039.5,666.63
1039.7,672.36
1061.1,1207.7
1043.8,337.09
1040.9,1284.9
1042.1,281.58
1049.5,207.42
1050,462.35
1044.5,1111
1056.7,622.08
1056.8,250.49
1061.7,858.87
1051.5,989.5
1054.7,159.77
1053.5,144
1055,344
1055.5,179.5
1058.5,1292.3
1058.9,399.88
1074.8,805.97
1058.5,263.5
1078.5,207.84
1066.4,522.85
1065.4,441.82
1122.9,1276.1
1071.6,554.9
1075.7,671.03
1088.5,956.59
1074.5,1193.8
1078.3,976.72
1077,790.5
1082.4,1158.7
1089.8,1248.8
1103,239.39
1103.4,1185.8
1091.6,84.86
1087.4,850.8
1092.2,323.36
1097.2,585
1100.8,887.29
1096,568.08
1107.3,366.59
1097.5,1139
1101,37.08
1094.6,514.54
1103.1,126.43
1106.5,329.76
1104.4,407.16
1104.5,442.71
1129.8,591.53
1124.8,1221.1
1140.5,1308.1
1109.9,744.42
1119.5,1115.3
1116.1,1001.9
1116,581
1132.7,1141
1123.1,1169
1126.2,526.25
1154.9,910.34
1128.4,170.18
1127.4,56.419
1125.7,318.83
1131.3,242.42
1148.3,537.07
1134.3,641.43
1136,26.333
1143.7,106.38
1146.6,659.64
1144.2,1038.4
1138,1103
1182.8,975.51
1147.6,87.898
1141.5,1098.5
1156.8,1018.8
1155.3,358.02
1158.8,145.88
1148.2,948.28
1185,823.01
1164.6,1329
1168.1,78.078
1163,700.09
1164,1244.1
1171.4,262.08
1171.4,1188.2
1169.6,616.72
1169.7,116.25
1173,1099.6
1193.8,565.14
1194.9,769.84
1181.3,1225.3
1177,2.15
1172,366
1180.6,1126.3
1175.7,48.259
1178.1,667.56
1175.9,696.44
1178,1002.1
1177,1306.1
1187.4,156.34
1193.1,88.557
1185.4,1275.5
1195.4,337.3
1188.7,283
1188.3,313.83
1193.6,662.95
1204.3,278.63
1216,472.08
1200.9,1021.6
1203.8,1143.7
1201,1249.9
1198.6,455.12
1216.7,1074.5
1198.4,74.895
1199.8,719.84
1213.7,859.4
1203,63
1207.2,638.49
1212.3,957.07
1208.2,121.64
1230,1186.5
1208.2,51.871
1210.1,234.1
1207.3,1028.8
1213.6,657.84
1211.4,1326.6
1219.7,184.24
1219.9,1021
1215,1039.9
1217.4,1156.7
1217.1,519.4
1221,274.13
1227.1,427.32
1221.5,887.09
1223.5,86.676
1250.2,981.11
1225,1105.1
1227.7,352.54
1231.1,66.953
1247.5,1323.8
1226.4,750.79
1229.9,949.25
1229.3,1292.9
1228.6,35.417
1234.5,664.66
1252,764.81
1240.5,127.28
1245.1,232.3
1242.6,548.11
1236.8,1104.3
1239.6,1148.2
1259.4,1024.9
1257,336.46
1243.3,178.29
1261.2,594.05
1251.8,481.38
1246.8,669.2
1247.8,13.912
1264.7,849.7
1243.8,910.88
1252.8,624.42
1259.8,795.43
1253.1,411.68
1255.1,117.56
1255.7,504.63
1267.3,705.76
1261.3,521.33
1272,661.72
1268.7,180.66
1286.4,1050
1272.4,154.7
1276.2,217.83
1284.4,50.892
1277.4,1091.3
1299.3,969.35
1287.4,908.48
1276.7,951.24
1296.4,731.62
1280.4,1268.7
1280.9,361.5
1294.4,864.9
1294.6,1315.2
1296.5,1137
1285.8,178.61
1284,575
1285.1,887
1285,560
1292.1,131.93
1286,146
1288.3,538.92
1287.1,554.87
1286,1169
1302.2,1084.2
1291,564.5
1293,1274.7
1305.7,1158.8
1308.1,680.53
1295.9,1286.5
1320.7,811.67
1315.9,994.92
1312.6,164.65
1306.2,405.01
1311.6,240.76
1311,922.41
1313.2,291.54
1317,445.77
1313.5,349
1325,1092.2
1326.8,579.66
1327.4,1052.1
1328.6,1073.2
1328.5,1236.6
1328.7,249.11
1329.8,630.27
1328.1,695.42
1329.7,1135.3
1330.4,342.34
1330,551.15
1329.5,968.16
1330.5,181.15
1330.7,1031.6
1330.8,299.15
1331.5,570
