2.6364,107.55
4.1702,865.66
2.617,947.55
6.784,575.28
15.272,214.18
12.5,453.5
12.414,1246.1
15.421,189.89
28.176,1156.8
31.016,416.37
38.833,502.91
44.823,1163.6
42.182,687.82
45.09,764.59
57.424,923.42
56,271.5
57.174,1136.6
64.362,87.905
65.407,732.07
69.888,1049.9
78.574,1079.9
78.75,1128.2
93.779,334.79
98.985,1241.5
108,790.38
110.67,759.8
109.63,312.37
113.73,382.46
111.88,1037
124.01,795.21
129.09,10.5
129.02,1086.5
136.05,575.36
135,1176
137.53,802.09
146.19,55.443
142.82,948.93
143.55,1101.4
151,152.49
146.5,257.5
147.41,773.07
150.37,585.37
155.74,665.53
157.36,130.67
162.79,1014.7
165.12,1245.8
163.38,967.97
172.08,33.029
171.79,346.71
172.4,719.86
175.84,1001.8
175.49,1186.5
181.06,1085.4
184.04,220.11
183.5,51.5
199.36,605.86
199.86,1073.6
201.63,1177.6
204.74,566.47
209.47,458.54
212.33,540.82
209,787.17
212.51,706.37
221.11,386.58
229.93,334.07
233.43,649.44
233.2,61.467
237.57,857.09
243.31,905.38
248.03,92.77
252.94,1104
254.38,585.15
252.93,624.59
253.91,1223.9
265.06,495.55
271.11,1135
281.45,583.42
286.35,1187.8
285.47,519.72
299,187
302.56,110.02
311.77,630.93
311.8,1165.5
313.63,291.63
314.04,929.32
322.5,136
330.42,207.85
343.81,298.21
345.8,244.8
351.44,802.85
350.91,1149.1
353.56,1125.2
357.8,429.75
365.5,13
373.56,407.77
371.02,535.02
371.77,714.37
380.47,672.53
382.41,606.89
382.5,36.5
388.5,964
393.43,349.59
394.86,649
403.6,523.07
407.22,1028.8
403.58,71.105
410.17,990
414.17,1134.2
421.28,794.56
433.77,811.32
435.41,685
436,171.25
437.84,1121.1
462.15,1189.1
465.58,1057.5
471.68,565.66
467.91,994.95
479.83,451
484.67,62.286
487,951
488.5,249.6
492.66,573.21
498.16,217.86
500.42,561.89
511.67,579.32
511.06,661.99
518.5,914.5
527.75,535.41
529.41,116.4
538.25,1202.5
536.38,608.78
542.24,61.513
550.74,493.73
551.35,112.35
554.46,863.54
563.89,309.42
567.07,356.59
579.51,284.16
583.08,112.05
590.54,552.78
602.99,842.41
611.74,258
613.5,173
618.54,282.41
619.82,475.52
618.61,962.87
621.09,313.91
626.21,104.5
629.68,389.53
632.19,747.07
639.34,1021.2
657.89,106.86
660.56,575.9
681.44,306.33
683.06,142.09
692.48,810.28
699.37,719.4
708.12,57.5
711.08,407.86
709.92,305.93
714.05,367.18
712.93,817.59
715.93,1238.1
721.61,589.08
730.37,248.95
738.34,803.47
745.13,846.13
747.02,310.42
749,875
758.5,992.5
762.96,189.94
760,652.5
765.36,83.418
770.5,649
780,892.68
780.39,955.86
787.57,665.44
792.39,1066.8
795.86,78.491
801.96,453.69
802.86,1027.6
804.29,134.85
818.52,401.62
820.73,244.59
820.74,1156.1
824.3,314.4
830.97,914.71
829,1242.5
832.06,616
844.86,410.14
840.94,952.91
844.28,525.28
853.84,972.57
856.11,518.71
857.01,953.19
860,903.12
860.4,506.04
863.52,530.48
864,1224
867.91,448.23
866.6,788.7
868.34,126.68
884.26,792.68
883.51,296.9
881.85,1041.3
879.72,1064.5
886.13,89.126
903.08,401.37
909.76,734.33
905.5,230.5
908.91,1080.9
914.28,625.87
917.29,283.85
922.8,154.97
924.61,334.46
927.43,125.81
930.88,1240.3
946.07,453.59
954.86,31.205
956.06,1212.2
961.35,900.97
965.26,1108.7
970.69,472.45
971.5,97.143
975.15,1094
1004.9,997.6
992.72,508.4
993.82,524.33
995.93,595.41
1003.6,648.71
1005.5,106.82
1004.5,395
1008,931.97
1007,432.5
1006.5,454.5
1007.5,1165
1012.9,40.116
1013.4,204.42
1017.4,1120
1020.1,116.09
1028.6,421.01
1028.6,442.21
1027.4,1199.6
1035.6,794.45
1037.1,734.31
1041.7,645.41
1051.2,367.59
1052.8,766.76
1052.3,581.87
1057,794.21
1063,1165.2
1063.2,563.86
1069.5,890.12
1069.8,960.11
1068.3,32
1074.2,500.87
1070.5,268.5
1078.9,311.18
1076.8,131.74
1076.6,282.17
1090,811.44
1091.4,126.92
1092.4,141.14
1098.7,287.84
1097.3,460.36
1108.5,576.91
1110.5,899.5
1113.9,197.87
1115.5,768.5
1119.3,436.65
1116.6,495.63
1124.7,936.31
1123.5,524.5
1123.9,749.5
1137.3,332.87
1143.5,369.25
1145.9,1126.9
1147.5,906.02
1150.9,22.086
1160.4,558.82
1163.7,152.61
1174,199.21
1176.3,1119.5
1175,1206
1182.9,77.325
1181,424.77
1179.7,508.73
1197.7,782.5
1201.4,76.511
1212.5,270.24
1204.2,803.05
1207.5,487.5
1215.7,580.5
1220.3,887.87
1218.4,95.105
1221.7,1136.6
1226.3,476.95
1232.2,734.51
1241.6,1169.7
1246.3,1079.2
