6.7946,62.321
3.3061,171.22
3.6892,1181.4
9.4294,543.27
10.169,459.27
11.5,1017.5
24.814,1128.1
27.175,913.05
31.318,1201.1
36.787,173.04
31.146,1002.3
37.419,350.42
41.38,607.27
44.157,710.59
45.528,262.06
44.091,558.09
51.247,1181.5
62.737,460.79
64.881,257
73.436,638.92
83.567,305.97
80.633,481.63
81.93,1002.4
84.5,546
87.646,127.65
87.324,1237.9
90.735,718.61
92.594,604.62
97.672,1235.9
102.19,208.32
110.05,1190.7
122.13,778.55
121.42,1177.7
126.97,1130.5
129.8,1210.8
129.94,1164.9
131.07,181.41
132.5,885.5
139.87,1125.9
138.56,1231.9
143.71,1095.9
148.91,359.88
155,3.0962
153.5,405.5
156.5,712.5
161.11,1216.8
163.91,839.64
164.71,1243.6
165.79,106.51
169.31,292.38
169,1156.8
177.19,874.27
183.67,1198.7
195.95,681.53
201.28,603.92
204.18,873.82
207.41,93
214.75,286.5
214.85,141
215.5,1108
221,46.667
223.69,518.94
224.06,866.45
226,235.5
230.45,1223.4
235.1,481.4
240,1142.5
245.05,379.35
249.43,1049
247.59,253.07
251.46,541.82
251.53,213.34
254.07,50.465
256.08,1125.9
258.85,489.39
265.55,168.47
262.5,683.5
263.42,788.45
270.43,854.88
270.17,1013
276.53,289.96
285.26,82.874
290.84,162.36
293.37,2.6286
312.68,120.61
313.45,313.82
321.54,44.784
322.91,358.5
328,534.84
330.13,305.87
330.88,718.01
333.03,1205.7
342.56,161.92
343.15,474.95
346.87,718.63
352,292
353.43,64.391
364.09,691.69
362.92,523.57
361.18,1124.3
366.94,819.34
368,653.33
371.92,994.41
371.27,124.35
374.99,168.74
380.78,137.52
387.64,178.81
398.37,1023
397.07,1153.4
400.41,341.08
400.18,439.61
400.87,946.45
407.55,665.51
409.82,994.53
409.05,1054.7
407.5,1205.5
410.63,19.633
416.5,847.5
420,606
425.49,555.33
433.29,420.81
436.36,1220.3
434.82,1147.3
454,796.17
454.92,994.44
461.62,281.19
463.03,880.33
464.57,115.84
463.98,366.94
466.18,155.98
466,1144.8
467.27,131.41
466,598.5
468.55,569.32
474.49,1078.4
478.95,1195.5
478.82,107.36
480.55,556.02
481.94,256.03
481.48,578.22
487.84,1132.2
489.59,519.82
495.76,346.86
499.46,444.96
500.19,636.33
501.15,196.07
501.12,1001.1
502.98,65.873
506.94,768.77
515.62,579.66
520.48,640.07
518.92,908.89
527.66,166.38
529.5,620.5
540.1,174.34
542,1165.5
550.43,523.47
558.93,244.95
569.5,361
569.83,266.7
573.34,1107.9
576.71,451.29
579.25,598.3
580.45,849.97
587.55,487.03
592.14,1216.5
595,86.5
596.15,342.52
592.92,352.92
594,441.25
595.43,699.94
600.67,1008
604.69,1243.6
603.94,1168
608.39,1019.4
609.64,1069.1
628,536.5
641.19,319.68
639.44,246.67
642.61,397.14
655.72,685.47
652.14,285.24
650.37,410.63
655.97,804.09
664.23,957.73
664.89,839.97
670.82,1103.1
673.66,917.52
671.25,856.19
673,790.26
681.34,414.18
680.61,1246
686,62.028
685.11,634.38
683.61,662.14
698,693
697.82,128.6
700.24,1175.6
704.83,1071.2
711.69,102.09
717.68,543.27
718.11,656.63
720.99,1155.4
719.79,198.5
720.58,123.42
727.12,1238
730.04,1167.4
731.98,306.24
738.91,478.09
744,509.5
746.04,1199.9
743.92,958.92
748.11,414.42
745.93,983.41
750.25,817.19
751.97,159.36
757.03,992.27
759.86,962.88
765.3,242.53
765,555
763.47,87.656
769.38,888.15
787,666
793.23,473.78
794.06,805.18
797.07,7.4633
793.5,129
801.13,356.44
802.51,250.02
814.72,713.52
819.62,1167.5
827.8,1222.9
824.83,406
833.37,245.37
835.53,910.98
841,234
856.37,1035.4
861.54,442.38
860.33,198.17
867.45,542.53
868.06,1094.6
873.5,1151.5
880.42,3.5088
877.78,15.444
878.53,422.55
879.42,1162.9
886.26,531.74
890.12,83.522
887.05,360.58
892.66,7.8416
891.81,413.75
893.22,601.47
897.07,427.64
898.36,461.13
904.6,309.63
904.73,1246.6
911.06,1038.6
916.84,325.61
916.38,18.89
914.77,48.533
915.11,413.63
915.94,712.15
913.93,1202.4
915.07,815.41
916,958.32
919.54,1121.9
922,835
923.09,71.091
929.95,247.77
929.82,1157
938.56,33.667
935.24,103.56
936.82,786.23
938.75,71.591
945.85,620.17
951.06,364.97
950.89,159.5
956.18,53.447
953.58,950.03
955.68,70.32
965.34,630.45
965.91,483.33
964.94,20.343
967.1,1010.9
968.58,518.68
970.76,9.8333
970.5,125
979.51,428.54
989.24,398
985.86,1103.5
991.42,904.02
996.81,736.26
994,876.5
997.17,1187
1007.2,995.86
1006.6,554.07
1007.9,219.63
1010.4,683.38
1023,319.83
1032,244.54
1035.9,217.24
1038.5,568.29
1046,449.56
1048.4,428.6
1051.8,792.5
1054.1,649.97
1054.1,116.41
1055,1232
1058.1,332.08
1060.2,764.67
1063.3,3.5
1064,941.04
1069.3,159.69
1072.4,25.192
1070.6,360.14
1074.9,395.8
1075.5,733.77
1080.4,236.47
1080.5,927.5
1086.9,461.74
1083.9,59.917
1092.6,420.72
1086.6,863.93
1091.6,873.86
1095.1,710.79
1100.5,586.02
1102.6,505.89
1107.5,609.62
1108.9,81.465
1115.1,1007.5
1118.8,476.27
1122.8,72.95
1120.9,685.38
1122.6,905.61
1125.8,873.47
1131.7,241.37
1133.5,629
1132.4,655.11
1138.2,543.12
1140.9,487.98
1153,70.943
1158.5,740.08
1163.2,974.02
1166.5,240.16
1169.3,368.08
1174.4,184.09
1171.8,1120.1
1174.3,704.29
1189,602.23
1196.1,281.33
1201.2,454.52
1201.1,694.74
1202.9,381.51
1203,1245.4
1205.9,528.5
1209.6,795.08
1214.6,53.713
1216.1,84.286
1213.6,198.83
1215.4,1231
1218.2,387.93
1228.1,66.775
1224.9,279.95
1228.3,817.87
1231.5,477.35
1232.7,915.5
1235.1,21.819
1234.3,849.53
1237.5,734
1242,323.55
1243.1,1002.9
1246.9,1219.8
