3.76,58.18
1.7647,76.353
4.3964,104.02
63.749,139.3
5.7117,194.12
59.894,237.92
14.623,308.25
31.184,335.15
9.2784,391.5
4.881,429.71
4.2394,449.76
4.8952,465.45
12.57,595.89
4.971,720.03
9.5763,735.06
26.922,962.46
9.1086,1140.6
3.9792,1183.4
2.5385,1298.5
2.9028,1321.2
6.3649,483.86
5.1613,679.81
6.1579,86.158
9.4624,1166.2
50.467,495.92
10.462,757.92
10,990.5
38.824,1234.3
19.724,633.57
49.883,448.81
18.349,555.56
22.586,464.2
22.324,69.647
26.719,542.12
51.418,690.61
77.644,23.938
35.083,370.36
32.421,884.89
35.212,926.48
34.941,1060.6
33.5,1170
131.08,378.48
37.481,595.48
35.4,1146.6
43.594,284.96
40.932,1189.3
41.556,1138
100.07,594.5
47.032,106.81
47.032,1290.5
54.668,886.5
58.505,573.74
46,1298
56.128,63.415
50.333,1023.2
150.15,946.3
55.885,197.77
84.534,1112.3
56.032,914.39
56.178,1272.7
62.14,350.81
62.804,1325.5
86.783,780.83
72.551,848.71
68.154,926.35
80.795,298.72
80.118,754.68
79.291,1279.3
74.1,402.05
93.259,896.39
83.28,931.33
93.48,71.197
110.19,821.96
82,215.09
92.254,347.93
90,1221
91.868,108.82
99.723,1294
96.688,215.85
100.17,1324.6
97.5,1233.5
101.85,326.97
100,1250.5
106.38,1010.8
119.27,444.6
105.9,512.57
106.11,164.42
106.11,686.58
113.34,1118.1
119.91,1220.6
110.7,340.17
110.6,738.92
115.43,1273.1
111.45,1055.8
122.37,170.54
86.799,659.01
122.81,311.65
125.52,1312.7
122.89,98.664
125.15,737.4
173.05,770.13
119.23,1198.2
134.57,131.97
125.79,53.713
124.5,1.9091
128.81,601.17
125.97,1044.5
141.93,1178.5
130.99,1098
126.5,265
126.5,479.5
133.05,920.61
146.85,1275
129.7,1025.3
176.14,65.94
131.05,1076.1
143.03,498.47
134.5,470.88
137.7,295.4
136.86,546.86
147.73,175.24
145.41,153.77
142.41,1033.3
146.15,1216.2
144.09,98.594
144.91,34.303
144.6,543.04
152.17,692.86
144.56,1134.4
146.31,1326.6
147.62,229.34
149.5,246.24
161.43,646.18
151.56,1064.5
154.18,849.09
150,530
151.5,534.5
167,1106.8
210.07,1215.6
162.23,1041.1
165.78,521.21
162.87,708.6
160.26,821.71
168.71,1073.7
182.06,459.4
160.97,480.13
170.24,236.33
183.88,1306.8
166.06,323.59
167.96,1026.6
169.32,5.0769
171.22,97.968
166.81,187.41
180.38,865.13
183.88,723.18
191.59,324.45
180.77,832.15
187.53,1006
200.5,1131.5
190.15,144.82
244.26,552.81
180,228
183.33,655.33
182,979
187.14,258.54
183,975
204.28,1069.2
197.35,1029.8
215.59,193.35
194.39,221.58
222.16,867.37
227.47,634.39
202.78,419.21
197.12,604.57
198,180.5
206.47,800.91
217.35,838.58
203,1002
215.61,372.94
244.5,458.91
212.44,2.9333
217.3,167.93
234.62,520.29
212.13,1004.3
226.25,103.97
220.42,1018.7
229.84,970.58
235.07,407.24
226.68,805.7
234.03,9.9375
228.02,884.17
230.54,901.68
242.06,1109.3
243.75,125.7
226.46,150.91
237,741.38
235.03,1031.8
233.08,766.68
239.52,917.79
233.94,1049.1
247.19,146.34
240.66,216.46
238.18,336.26
265.64,352.09
241.01,1256.1
242.69,493.34
241,434.5
254.42,579.92
272.65,1276.9
255.07,1055.9
247.92,1301.1
264.28,951.59
248,989.5
246.86,1217.9
249.19,303.16
259.08,724.32
261.65,259.13
270.05,1169.2
257.93,68.461
255.5,1310
274.06,95.179
264.24,1327.1
263.5,1018.8
267.1,9.8205
268.87,421.86
318.89,965.91
266.81,1032
266.31,1196.2
291.47,668.38
277.7,40.302
377.61,1085.6
271.5,611.5
272.58,1315.1
277.99,573.65
280.12,122.42
280.15,270.3
324.98,1020.6
289.61,730.5
284.55,588.88
303.04,1319.5
283.6,478.6
317.31,1246.8
288.85,405.66
295.29,452.27
294.64,235.02
290.11,249.42
290.5,1331.1
301.31,35.919
314.5,623.5
294.8,1144.9
292.39,1252.1
431.22,168.33
295.9,1058.4
295.79,1167
309.3,408.69
310.63,1175.6
312.27,191.65
287.7,886.75
300.23,910.27
300,699.17
303.16,717.97
306.94,312.78
302.5,326
307.12,1206.4
308.11,106.71
304,501
308,499
315.17,1148.6
352.32,1273.8
330.6,922.72
321.89,1298.4
333.79,17.331
327.19,505.24
327.58,943.14
354.44,137.89
326,318.5
324.32,779.79
349.56,56.566
333.36,1186
332.1,43.38
346.54,846.71
364.13,321.79
333,210.5
350.31,287.79
350.96,450.58
356.9,522.63
351.09,167.91
336.73,583.77
335.56,741.2
337.45,370.95
338.18,1302.8
340.69,482.33
349.42,869.44
346.82,266.04
345.65,654.12
344.5,426.36
351.01,1012
375.64,1179.4
345.5,713
359.45,621.59
348.58,248.45
359.95,424.44
349.06,1091.6
355.28,1299.9
357.17,721.18
357.51,393.19
359.75,574.65
352.08,700.08
353.5,564.5
358.71,815.69
355.93,899.46
356,18
359.4,106.88
365.33,1038.8
359.23,794.23
365.37,1071.5
370.42,648.49
388.9,549.43
364.25,886.01
363.05,91.206
361,662
366.55,904.71
384.43,178.6
368.48,849.95
385.76,1325.9
377.99,102.78
374,113
380.57,575.22
379.93,2.7333
383.24,815.14
383.76,848.38
380.53,894.06
380.92,1017.1
380.5,68.5
383.23,1082.5
391.3,922.67
394.36,460.55
391.25,1231.7
395.66,126.87
389.83,490.94
390.12,875.28
389.21,943.71
392.98,95.425
392.42,504.91
389,619
390.42,782.35
389.5,1065
435.12,1185
390,1299
391,68.5
393.04,1011.6
392.5,36.5
393,1019.5
414.35,631.57
394.14,680.14
407.96,785.12
412.05,675.83
407.95,1279
399.21,76.682
398.65,292.39
411,386.86
398,7
401.77,63.031
401.05,279.1
405.3,828.46
410.83,591.01
405.12,418.56
410.08,8.5082
410.78,869.79
429.06,276.34
413.03,434.27
425.82,967.61
410,228
432.34,321.46
423.67,916.9
422.38,1310.6
415.87,107.66
464.53,462.07
428.48,443.48
420.32,525.99
424.15,837.78
418.92,750.78
432.02,33.534
458.3,1263
432.81,1141.9
431.26,697.28
431.96,547.03
442.89,813.94
438.72,185.53
437.16,352.11
437,719.99
439.43,406.22
436.58,664.52
452.88,588.77
443.46,224.83
459.95,889.33
447.87,556.73
440.6,1065.4
453.08,1211.1
451.59,6.376
448.96,516.58
445.5,1091.5
449.81,926.72
458.77,1056.9
453.8,667.6
452.85,608.69
458.28,691.56
485.87,942.8
452,419.5
453,425
457.2,704.02
457.02,300.33
463.43,781.65
456.23,1111.4
541.82,308.9
459.67,715
472.93,220.23
459.06,234.41
467.83,1025.9
480.1,1118.9
476.05,239.07
469.51,816.1
487.37,640.46
486.1,263.69
468.5,716.5
472.2,692.2
470.08,1324.8
492.02,970.72
474,253
490.16,490.37
484.89,1280.2
467.3,746.91
479.79,1307.2
484.84,184.58
479.12,1227.5
480.68,592.42
481.53,1329.8
482.9,101.93
520.02,703.68
483.77,990.73
483.14,1053
487.54,683.42
485.39,203.43
487.89,5.9508
487.39,400.26
494.67,576.71
495.69,288.05
490.81,1195.5
498.29,813.31
546.07,997.41
500.57,740.06
499,1125
501.41,1277.6
519.74,1166
507.72,19.919
505.44,777.81
510.17,1051.6
544.54,1294
518.18,206.25
520.07,662.99
507.15,1131.2
513.84,595.64
509.41,885.06
526.65,459.21
514.96,1247.2
523.35,260.48
520.19,1097.5
536.91,1131.1
521.72,898.87
552.97,1238.4
521.77,768.24
520.5,369
522.56,1115.7
523,285.23
522.42,782.94
521.95,862.05
526.55,933.29
528.63,238.71
529.44,800.2
533.46,1051.7
561.62,574.23
528.39,1200.3
542.28,832.88
532.57,643.43
533.11,921.42
537.04,372.23
534.91,1254.9
537.75,511.1
559.36,91.171
547.86,180.52
549.23,1083.8
543.85,411.78
539.5,852
549.83,1181.4
541,19
559.49,920.66
548.76,549.93
559.44,611.81
549.03,1154.4
552.66,950.1
557.51,666.95
560.9,228.4
557.32,503.91
573.47,448.87
580.01,1061.8
560.07,1103.3
558.89,211.42
572.77,699.96
563.29,264.88
563.27,1144.5
564.96,172.65
564.54,488.57
569.99,743.34
565.31,1028.3
568.07,1116.4
591.11,626.89
571.75,781.01
589.81,397.8
573.98,1325.8
580.16,314.34
578.14,938.14
584.04,949.57
584,357.63
606.66,842.09
587.49,5.8205
609.7,1143.4
589.2,328.75
587.5,149.88
589.23,1027.5
594.35,1186.7
587.44,28.963
588.54,340.46
591.91,497.59
593.44,222.91
602.03,868.94
589.5,205.5
605.84,1264.2
623.9,98.525
604.08,1310.9
618.31,40.567
601.59,928.91
598,1012
607.34,1328.1
600,1076
601.83,1117.6
605.55,688.39
614.74,13.646
657.21,546.61
602.6,994.6
641.86,1045.7
612.66,1173
637.01,984.54
607.43,480.84
604.8,797.56
618.33,1219.8
621.97,956.5
609.11,973.11
610.79,917.57
624.83,660.92
612.09,376.91
614.37,811.37
614.5,302
622.63,636.11
615,805
622.07,1083.6
652.68,610.72
629.02,243.91
632.75,307.25
648.45,469.91
634.4,361.11
640.66,911.68
639.42,1167.1
641.35,152.52
678.27,1206.8
645.58,12.065
644.72,314.15
641.08,569.6
641.15,1292.7
647.14,946.09
659.72,267.9
658.42,1324.2
650.06,344.09
661.54,1100.9
669.77,155.37
659.27,925.21
660.22,1240.9
657.5,907
671.26,1150.8
663,1306.5
670.3,874.59
669.67,1278.2
678.76,642.02
681.65,356.84
675.71,1297.5
686.74,11.498
680.06,670.53
677.41,1244.5
707.15,283.82
680.16,996.68
684.54,1064.7
682.05,572.16
702.51,461.19
703.07,250.88
685.39,961.02
686.44,869.46
686.06,951.41
694.38,1229.7
686.91,322.09
688.36,1029.6
699.19,1101.9
690.23,237.63
691.6,1310.4
693,157
726.52,1328.1
694.86,350.86
698.88,378.69
726.11,1055.7
701.28,104.89
697,153
704.4,398.62
700.65,426.03
713.32,902.01
703.24,149.62
709.41,974.53
703.47,676.07
715.92,190.82
708.67,350.66
714.29,607.53
708,883.5
708.04,725.48
727.06,73.254
711.06,701.64
714.4,1246
712.22,1305.8
711.86,137.86
719.13,419.84
763.14,867.67
718.71,620.42
717.15,712.61
718.41,367.07
730.23,110.09
807.94,1099.6
733.28,1147.7
729.96,675.13
719,766
720.25,1309.8
725.51,340.12
721.67,585.22
750.16,484.45
726.15,572.01
724.75,752.43
728.23,984.93
726.98,211.95
736.84,1244.2
737.81,127.78
752.98,707.67
729.23,1181.3
733.48,1126.1
734.44,39.548
735.01,256.33
736.64,910.47
736.22,614.44
735,448.5
740.05,761.16
747.19,364.42
751.69,1174
745.54,153.58
746.05,9.4273
765.01,682.59
748.22,649.43
745.42,854.89
753.66,200.89
749.02,450.15
768.79,978.38
759.58,338.94
755.15,670.03
756,931.5
754.83,1013.3
758.52,1194
783.24,102.8
757.84,130.56
760.55,375.61
771.5,1039.7
760.77,855.58
782.45,1012.9
770.13,825.92
766.16,2.4222
767.12,158.27
767.66,946.21
766.96,244.66
765.17,1251.3
771.31,1306.3
779.5,285.57
786.2,1320.4
767.5,306.5
774.61,509.85
772.05,225.25
773.69,382.01
770,567.5
771.23,1196.8
774.5,434.19
774,1204
776.95,527.22
789.26,4.0256
805.15,929.56
791.93,552.46
782.7,628
784.62,616.7
788.1,1262.6
808.91,1069.1
812.43,619.06
821.52,152.23
794.86,325.57
796,690.43
800.89,128.34
797.94,419.65
797.67,757.62
798.81,848.19
798.47,884.43
807.35,787.99
858.84,1258.7
805.7,977.83
812.21,249.99
808.21,521.13
807.32,269.97
829.69,53.894
826.65,463.1
822.11,657.84
824.81,563.4
821,1304
902.34,826.25
832.55,1296.6
833.3,1318.4
827.31,785.22
826.22,191.64
835.71,1033
829.73,1012.1
834.5,1210.2
839.59,1153.2
835.69,545.37
840.64,987.26
834.2,506.3
833.92,97.917
837,774
842.19,895.38
842.42,215.67
868.52,942.47
850.57,1014.7
850.08,173.1
848.53,463.91
850.38,499.25
847.68,325.05
862.27,912.96
849.52,61.571
850.5,17.5
858.05,358.25
852.65,782.7
857.36,760.5
860.73,244.05
854.62,1324.4
871.29,725.49
858.18,999.75
856.64,1220.9
858.43,463.61
862.13,1192.8
864.46,206.71
865.64,683.39
870.43,378.21
867.37,593.58
868.32,257.34
880.31,296.7
872.8,396.94
893.01,25.013
873,895
887.95,1141.4
878.99,998.11
886.21,497.24
880.41,766.31
880.37,875.53
879.55,411.43
882.93,216.27
883.78,1097.9
944.86,54.592
882.5,663.88
885.11,1187.4
883.78,252.22
946.36,191.23
898.34,949.79
892.61,1295.7
901.52,305.05
897.56,1046
903.31,1075.7
900.67,686.5
902.16,977.72
902.64,416.17
902.86,1128.1
904.75,137.43
908.17,375.56
904.75,1119.7
912.94,652.38
908.52,1003.4
944.66,556.81
909.47,628.77
910,102
929.34,1311.6
912.91,610.23
913.34,731.41
921.45,1257.5
914,624
931.55,1187.9
917.17,42.074
915.89,604.58
921.17,1027
985.36,108.08
933.35,502.83
937.3,599.22
926.04,626.2
942.73,979.55
927.08,256.46
929.69,452.43
926.95,737.92
928.62,3.3243
934.34,275.62
930.5,1060.6
970.75,668.77
937.34,950.29
934.39,992.43
937.98,1116.1
952.98,642.62
941.78,334.08
938.67,446.83
942.09,5.0526
950.07,724.44
950.5,1187.1
945.51,354.75
943.68,366.24
948.11,295.34
945.77,613.84
970.84,1259.3
981.65,1029.7
952.67,1073.2
952.62,1296.5
957.1,59.056
958,91.812
954.76,385.3
954.5,763.5
995.84,1132.8
960.34,144.84
975.02,1092.6
961.44,596.88
960,762
962,338.5
1011.1,741.06
962.64,1312.6
963.5,505.5
967.95,1330.5
969.66,436.62
984.17,268.03
1033.1,790.33
972.98,312.58
969.96,1173.2
971.13,232.22
970.95,779.93
971.27,589.14
973.04,841.89
976.12,1064.3
977.36,965.55
975.81,343.74
996.79,1209.1
986.97,1275.3
988.63,601.85
994.51,993.92
993.69,1312.6
991.81,463.67
986,772
989.02,952.57
993.2,389.46
1004.3,669.63
989.5,581
1011.2,969.71
998.08,1088.3
1002.1,134.14
1013.5,529.74
1001.8,1228.8
1005.2,947.84
1031.5,560.69
1004.9,244.15
1005,393.86
1005.1,429.05
1005.7,320.11
1063.3,177.57
1016.3,1297.9
1022,457.23
1018.5,869.54
1015.1,14.521
1027.7,1030.6
1016.8,1279.2
1033.3,924.77
1020.4,1255.3
1031.1,626.69
1018.6,2.1818
1022.1,57.245
1019,1154.5
1041.3,394.68
1029.6,300.92
1021.5,309.61
1030.2,1139.2
1031.7,9.9485
1029,1081
1029.5,850.18
1051.8,1198.8
1029.5,593.34
1031.1,272.87
1034.3,32.476
1036.6,1326.3
1045.4,979.46
1036.4,994.62
1037.2,1252.1
1036.7,457.33
1039.1,600.76
1041.1,1236.2
1041.1,378.58
1041.5,89.5
1046.3,302.76
1048.7,141.03
1057.3,1313.1
1050.3,99.574
1048,431.91
1062.6,686.02
1049,798
1051.1,903.93
1048.1,953.14
1055.2,312.47
1053.1,460.59
1060.8,1080
1091.3,278.14
1056.4,1139.9
1064.9,1243.9
1056.3,1284.9
1055.3,13.429
1067.8,357.09
1058.9,855.63
1071,331.3
1061.3,1275.3
1065.6,100.17
1072.7,918.46
1081.9,952.24
1066.1,728.44
1073.3,979.58
1066.7,465.02
1066.4,444.59
1071.2,619.05
1072.9,27.458
1083.4,1015.8
1072.5,3.6
1072.7,483.98
1072.9,933.43
1079.3,1134.8
1093.1,18.134
1088.7,534.45
1077.4,1166.1
1093.2,707.09
1080.9,989.33
1085.9,626.96
1102.9,1302.4
1086.6,1212.6
1107,1087.3
1095.4,926.63
1089,1143.2
1137.6,148.45
1108.5,601.4
1105.1,664.2
1097.2,899.08
1121.5,81.681
1095.3,682.85
1106.8,1040.1
1100,544.5
1101.4,339.08
1118.1,744.42
1101.5,722.5
1104.3,771.3
1140.9,816.18
1109.3,1150.8
1104.5,155
1108.8,346.26
1107,966.5
1151.3,1107.3
1116.3,1219.3
1111,1173
1120.7,381.73
1112,923
1149.8,938.7
1114.5,981.5
1117.4,324.41
1116.6,771.05
1117.5,336.5
1136.2,920.56
1142.9,1215.4
1142.8,769.28
1141,477.57
1123.9,1052.4
1126.2,550.43
1127.8,636.65
1124.7,1181.8
1136.4,965.47
1130,1161.6
1132.9,25.253
1131.9,650.11
1130.8,1190.4
1141.3,7.583
1135.9,284.26
1136.2,1037.8
1140.4,858.84
1140,564.93
1154.2,35.158
1150,262.98
1152.6,1078.8
1176.7,1157.1
1180.3,75.114
1190.5,589.54
1154.5,1063.8
1165.5,162.19
1166.5,713.39
1178.3,211.52
1160,592.04
1159.6,786.47
1162.4,951.32
1162.2,565.02
1173.9,646.05
1162.6,746.56
1161.2,1047.8
1174.5,1321.7
1186.2,264.32
1168,1269.1
1176.2,461.27
1177.6,1286.9
1174.6,473.11
1175.4,1131.6
1181.5,23.436
1177.6,743.53
1176.2,893.23
1185.9,984.77
1178.4,1296.5
1181.4,1303.5
1184.5,711.88
1184.6,1195.3
1193.4,1120.4
1184,1158.5
1183.5,1183
1195.1,825.01
1188.8,968.71
1205.5,1047
1185.1,1169.9
1186.8,1259.3
1196.5,546.36
1192,939.84
1199.1,1020.3
1196.6,174.47
1199.8,892.25
1202,1251.6
1208.9,1294.6
1195.4,122.4
1196,225.1
1203.5,96.961
1205.2,1203.2
1204.7,1328.7
1203.6,696.78
1198.8,1080.3
1207.5,137.8
1214.6,1132.6
1198.8,729.04
1218.8,496.66
1212.5,766.23
1216.9,52.886
1228.8,705.81
1213.6,883.74
1226.8,1169.6
1214.4,241.06
1217,99.5
1226.8,559.58
1236.2,182.81
1218.4,1057.9
1229,294.19
1228.1,1328.6
1229.6,115.28
1228.8,1101
1240,798.37
1224.3,22.833
1227.2,1263.7
1239,444.53
1228.8,1299
1230.3,989.43
1230,1224.5
1232.9,820.68
1241.1,915.93
1286.4,1235.2
1242.1,276.18
1254.4,1012.6
1263.6,753.02
1243.2,7.9053
1249,871.41
1248.7,128.54
1246.3,1290
1245.4,45.92
1252.3,1146.5
1255.4,294.28
1263.2,398.73
1249.9,460.38
1255.7,243.71
1251.6,15.059
1255.6,195.54
1259.4,570.68
1264.7,1312.4
1254.9,528.38
1262.3,211.67
1262.5,1249.1
1260.7,1177.2
1261.2,1099.9
1297.5,980.4
1264.3,176.76
1286.6,469.05
1268,924.74
1283.4,685.09
1278.6,841.37
1271.5,619.51
1271.9,92.128
1273.1,111.88
1271.1,504
1276,182.41
1274.6,799.88
1282.7,1030.3
1274.7,1187.3
1279.1,1262.6
1274.1,819.41
1277.8,1200.2
1284.4,551.77
1277.7,290.95
1276,706.5
1301.3,770.07
1282.8,1009.8
1284.4,1327.5
1293.3,434.74
1286.6,519.06
1302.4,930.08
1289.2,97.04
1293.5,334.11
1304,722.74
1292.2,149.2
1290.9,1182.9
1291.5,1300.3
1291,209
1292.3,228.11
1296,247.85
1296.2,314.15
1296.9,878.02
1291.4,1112.9
1292.5,296.97
1307,1098.5
1296.3,281.05
1296.5,365.02
1313.6,514.3
1298.1,172.59
1312.2,1153.1
1298.4,1169.6
1307.9,14.63
1299.7,264.2
1303.7,542.31
1316.9,1319.4
1302.7,393.17
1306.4,564.62
1312.2,893.36
1320.5,582.07
1320.9,633.04
1311.8,1221.4
1311.5,669.3
1315.6,448.94
1313.5,1190
1318,34.432
1316.1,861.54
1316.9,416.42
1322.3,545.29
1317.5,737
1322.2,56.247
1318.5,1014.5
1323.5,381.55
1324.8,312.81
1327.3,1189.7
1321.5,134
1327.7,723.09
1326.7,813.04
1327.5,1241.7
1328.5,77.796
1326.4,159.71
1327.7,788.11
1326.6,772.89
1329.5,681.85
1329.9,833.86
1330.2,1216.6
1330.4,893.44
1331.1,105.5
1331.1,696.64
1331.1,1267.9
