2.7073,26.439
4.9574,1230.3
17,97.5
23.366,933.56
28.481,532.81
37.891,897.63
40,590.76
49.727,3.4545
50.136,1180.7
57.23,205.5
56.926,284.41
73.153,841.9
75.466,875.03
82.936,48.702
90.893,862.06
107.25,69.995
109.59,88.181
122.47,987.67
153.74,391.86
160.25,512.17
165.06,879.96
181.24,862
210.77,409.44
244.77,208.93
248.1,95.38
257.06,537.04
266.15,858.77
270.93,551.81
281.09,1071.9
295.16,542.57
299.14,158.82
311.38,38.462
329.67,547.72
337,843.82
339.27,303.07
348.31,236.52
352.49,399.84
359,923.32
361.5,277.5
395.9,1194.5
418,351
437.71,413.34
441.05,325.17
440.61,846.86
441.33,1065.4
443,1079
444.5,1214.5
455.45,919.87
461.81,191.4
463.41,1202.1
470.88,212.85
479.6,1059.9
484.66,1111.4
488.54,1021.1
489.42,900.42
497.84,162.47
503.17,452
508.5,62.906
516.66,619
515,787
518.9,587.49
519,895.5
523.13,187.98
525.31,994.41
535.39,8.5838
541.32,784.48
543.66,1126
547.1,903.78
545.5,1197.5
550.5,1147.2
551.88,1037.7
565.07,1078.1
564.44,376.08
569.08,724.2
574.39,427.05
578.43,507.08
601,305.5
614.33,487.16
645.11,247.89
650.21,1130
648.93,705.41
653,321.75
665.13,660.13
666.04,1237.2
668.82,198.82
677.09,60.909
678.5,372.5
692.23,534.45
690,1037
693.31,518.38
694.66,424.06
701.09,1119.9
705.92,179.44
720.68,477.33
727.38,884.08
730.19,1182.5
732.4,935.36
732.92,533.8
745.5,287.5
750.47,453.66
750.33,240.63
748.88,543.35
762.12,528.53
760.39,547.14
764.45,1044.6
769.43,454.07
766.92,501.2
774.09,427.75
771.09,932.12
778,621
784.96,504.1
784.05,549.54
785.38,477.46
788.33,464
795.05,446.84
807.76,518
814.9,374.38
815.58,546.45
826.49,506.57
823.91,565.87
825.24,1043.4
825.07,973.59
833.84,390.98
830,540.67
848.4,496.61
852.42,385.7
851.32,52.054
856.15,350.55
857.81,547.1
858.66,859.47
874.22,511.65
864.46,528.07
868.43,778.65
868.41,543.93
875.55,494.96
884.74,478.59
885.37,454.63
886.86,638
889.58,564.11
897.87,950.13
899.67,516.56
903.5,453.28
905.85,498.27
908.35,275.71
910.41,701.07
917.22,85.78
921.96,263.5
920.7,660.82
930.2,510.56
941.66,603.62
944.79,483.89
960.34,615.38
966.3,602.5
971,585
982.25,6.1667
985.19,1106.1
997.23,275.4
1002.4,505.55
1011.1,1130.6
1021.7,595.42
1029.1,362.76
1027.5,1062.4
1034.5,754
1050.7,326.92
1050.6,549.34
1066.8,523
1072.7,260.36
1071.2,1107.9
1084,695
1090.8,82.412
1097.3,359.07
1097.1,392.49
1132,851.23
1137.9,1157.1
1147.4,1178.9
1152.9,378.45
1172.5,1143.7
1200.2,4.9318
1231.6,244.37
1234,221.5
