2.2941,475.5
3.5,671.5
6.5636,623.75
11.226,1234.2
9.8043,690.37
12.03,1153.9
12.012,719.94
10.5,1107
11.674,967.86
17.5,528
28.02,1108.4
45.756,484.96
51.5,1220
57.027,1180.6
57.074,554.41
66.595,219.57
64.7,787.5
74.38,398.51
80.974,299.84
80.87,742.33
79.403,1074.9
82.227,1223.9
93.815,47.988
96.156,265.9
101.85,937.79
107.03,249.45
110.08,738.9
111.53,938.63
112.9,715.77
123.39,1127
122.42,942.89
125,1065
126.86,1205.9
134.03,897.46
130.07,1163.4
137.17,327.5
139.75,458.75
161.44,388.44
170.94,208.39
170.63,544.37
186.71,1191.3
191.5,1162.5
201.29,752.53
205.5,393
221.24,1137.8
217.5,79
220.17,245
223.87,900.31
229.29,1123.1
231.53,278.58
234.92,209.67
245,688.5
245.24,273
249.46,30.215
249.77,798.63
249.58,1124.3
257.73,1234.5
265.37,224.43
274.96,442.93
285.96,246.46
291.56,1000.5
298.75,352.76
300.5,789
306.42,121.45
311.99,1232.2
316.16,635.43
322.39,807.76
323.6,1138.2
321.26,1207.5
332.3,904.55
333.56,984.15
337.65,192.59
340.65,1244.4
343.73,556.65
347.2,83.932
353.06,945.97
355.5,1109.2
362.5,72
365.5,1247.1
365.74,96.681
372.2,119.44
372.17,545
373.27,699.27
375.68,1192.4
380.85,338.35
378.58,599.42
383.35,255.93
385.74,395.43
387.3,902.77
389.5,1126.5
395.65,1143
393.07,1195.4
396.58,408.58
399.39,80.139
400.17,445
418.1,228.48
420.29,201.06
423.54,245.84
422.6,885.36
423.94,556.09
432.74,436.22
440.56,573.92
445.04,340.14
452.91,568.42
459.49,1084.9
460.3,580
461.55,128.02
460.56,176.83
464.79,766.5
466.41,1119.9
468.66,167.15
471.5,478
473.17,407.45
475.07,733.35
476.07,214.59
480.49,487.68
486.59,292.32
491.48,1235.1
495.83,1169.1
497.31,308.21
498.63,628.37
500.65,294.35
503.23,1070.4
503.64,856
510.56,309.22
518.55,480.88
517.45,669.06
517.08,971.2
528.77,755.41
528.79,15.63
531,785
538.38,1115.7
540.23,1186.5
539.8,328.2
541.5,414.27
543,824.26
546,257.81
546.57,448.57
556.81,648.63
555.97,889.56
555.86,101.39
557.42,361.89
570.84,349.93
575.22,1011.6
582.17,651.76
584.4,17.643
584.92,1118.1
588.91,2.9091
595.52,330.92
597.38,521.91
607.23,1210.2
608.02,1094.4
610.88,272.5
613.44,951.77
621.5,1187.5
629.51,383.66
628.2,1229.2
626.5,733.5
638.08,885.89
642.4,576.36
645.8,1187.4
651.57,17.171
659.31,1099.7
662.4,790.11
665.56,103.9
665.19,844.14
668.51,179.25
668,282.17
670.45,1013.5
675.56,201.95
676.25,491.25
677.16,1091.3
676.77,568.9
676.61,332.14
679.34,896.21
688.44,1165.7
694.65,322.82
694.9,497.49
699.94,155.25
700.58,172.11
703.86,788.56
706.71,665.9
726,650.18
726.71,1049.5
730.96,1214.9
731.37,396.81
733.98,1066
738.46,185.73
743.49,68.515
748.94,772.2
754,549.5
756.58,238.11
760.58,1205.7
764.07,33.422
764.59,139.92
765.43,680.7
766.58,626.58
769.98,493.96
777.92,112.08
778.42,327.89
782.24,460.85
781.33,1083.6
787.44,1036.4
788.4,527.36
791.58,183.09
791.41,320.1
792.5,886.5
793.9,341.62
797.02,270.77
796.92,1109.4
805.53,611.93
805.43,687.37
806.61,1161.1
813.1,424.7
814.67,13.74
825.07,387.9
828.22,956.09
829.75,1120.4
832.49,1105
834.18,236
837.61,371.43
839.86,441.5
840.81,828.93
845.78,1121.6
853.59,850.01
857.22,1004.1
856.43,1208.5
860.54,198.9
857.42,820.11
857.93,1148.6
869.64,1063.1
870.66,508
874.82,651.67
884.95,635.81
888.06,1086.1
888.3,1189.5
887.73,546.62
889.24,1012.2
894.91,296.09
897.41,1002.3
904.71,532.26
902.12,906.12
913.69,1076
914.64,754.08
915,948.69
924.27,1162.9
928.09,1078.6
941.29,1167.4
942.95,208.98
940.65,51.5
942.69,824.48
948.85,1118.4
952.5,12.339
954.09,518.46
953.36,639.55
959.5,368.5
962.45,85.29
963.15,1050.7
971.61,865.59
970.93,272.38
972.29,1085.9
973.36,833
982.86,251.49
984.91,819.42
989.5,866
1002.2,992.93
1006.7,892.94
1007,725.5
1007.9,1010.1
1012.4,98.633
1014.1,1161.5
1015.5,599.13
1018.5,277.5
1017,578.68
1019.4,733.13
1024.1,793.08
1027.4,647.91
1029.8,276.21
1036.2,744.7
1036.2,1237.3
1041.4,1155
1044.8,551.23
1051.8,962.48
1062.3,235.04
1062.2,928.26
1071.1,693.09
1073.1,255.35
1075.9,882.19
1078,312.35
1080.5,377.22
1087.2,805.46
1096.5,890.23
1100.3,431.44
1097.9,1092.9
1098.8,1161.8
1105.5,24.947
1106,937.41
1105.3,387.88
1107.5,957
1112.9,858.32
1117,1037.8
1120.7,1195.1
1130.5,559.1
1132,794.34
1142.6,891.65
1140.9,290.14
1139.9,390.88
1139.5,34.5
1141.5,1005.1
1146,413.85
1142.9,566.62
1147.2,212.53
1148.1,444.09
1153.3,251
1153.5,493.29
1159.6,546.07
1171.2,38.505
1171,1018
1170.9,13.593
1176.6,542
1178.5,943.17
1180.9,580.01
1182,196.26
1185,1181
1188.2,786.73
1190.7,759.04
1192.1,1039
1198.2,929.79
1201.4,883
1202.2,694.12
1201.7,41.862
1199.1,987.41
1208.3,337.28
1204.9,307.09
1212.5,216.38
1208.8,736.96
1217.5,617
1225.8,547.25
1227.7,443.78
1226.6,1124.4
1227,1241.5
1232.6,531.72
1229.5,1198.5
1236.4,491.42
1241.4,722.5
