7.3673,587.41
12.402,548.98
16.099,377.06
15.389,82.139
27.424,913.58
30.938,898.16
45.472,639.7
54.064,403.77
61,606
64.262,343.75
66.928,321.17
65.933,254.93
71.103,627.76
77.541,1124.1
92.944,321.17
94.083,1047.9
108.82,568.39
113.04,818.27
126.89,645.07
126.32,74.809
127.5,969
132.42,563.17
134.04,160.57
135.96,118.92
143.69,732.83
146.94,907.55
151.01,448.16
151.57,853.39
163.07,1049.6
163.5,1030.5
166.73,62.271
170.9,599.91
174.2,526.92
194.41,1043.5
203.56,494.87
204.47,11.21
214.73,771.24
207.83,1199
224.05,63.609
231.34,420.23
232.5,1245.8
234.71,668.5
246.43,56.946
274.58,104.11
283.84,423.35
283.5,1209.5
288,370.83
295.5,834
303.07,1182.4
305.71,298.94
316.28,172.14
315.5,720.5
316.58,814.11
323.11,85.579
361.42,1212.7
357.14,967.5
359.56,499.08
368.07,725.59
388.09,973.65
397.35,911.08
399.91,1145.1
415.06,468.26
418.64,383.84
419.21,368.83
428.18,944.95
428.25,871.22
428.54,145.22
437.32,959.43
442.35,822.57
444.39,674.61
451.69,227.06
461.5,80.5
459.91,159.09
489.28,804.12
490,291.18
496.54,352.34
498.5,1148.5
502,82.5
510,715.09
529.3,585.5
546.9,943.72
563.53,159.82
578.72,1230.3
598.51,699.99
597,719.5
599.41,591.07
616.01,706.12
611.93,582.41
616.49,629.47
623.04,835.88
645.86,825.14
656.6,1108.9
655.26,314
666.53,592.44
667.78,954.81
668.5,392.36
682.3,75.209
693.68,635.58
705.07,628.8
714.28,689.88
724,3.9459
735.97,475.86
740.83,997.78
742.09,1057.4
753.8,898.8
752.91,987.09
768.54,409.33
772.08,835.54
773.87,320.6
787.22,940.68
788.12,870.06
811.9,1170.8
818.07,1217.3
819.84,873.19
834.35,938.06
836.92,1030.2
842.67,321.24
844.12,469.31
874.06,323.51
914.54,340.52
925.5,1188
950.89,374.25
971.07,232.59
986.59,171.41
1000.7,534.56
1019.9,611.41
1032,502
1059.9,546.11
1059,670
1062.6,222.54
1080.5,490.32
1097.6,339.77
1109,282.47
1108.6,354.93
1115,198.75
1121.2,305.49
1125,424.83
1150.8,599.07
1158.6,242.11
1173,442.63
1193.5,1108.5
1200.6,802.99
1207.4,462.57
1218.6,80.611
1227.3,487.76
1226.2,573.56
1234.5,955
1245,459.5
