6.4384,347.5
3.7,432.28
2.6852,590.26
6.4237,931.81
11.2,18.44
15.455,545.21
15.556,440.58
16.586,1167.9
19.227,1110.9
26.761,266.33
30.936,389.4
42.308,813.37
38.656,189.47
41.872,113.13
44.656,336.99
42.429,923.57
45.978,1076.9
49.049,677.97
49.851,1100.9
60.447,789.21
69.028,490.89
72.688,20.615
74.419,969.55
85.785,879.09
82.535,161.58
83,843.5
91.729,255.68
87.419,530.68
92.756,1050.1
96.976,237.88
104.67,1220.6
118.96,981.07
129.89,698.23
130.69,467.4
130.12,990.85
132.76,677.67
137.29,637.71
148.87,718.7
149.49,810.57
150.18,200.61
152.18,574.93
149.71,874.45
154.14,409.81
154.8,661.11
168.76,937.95
166,1101.2
170.49,423.97
175.2,574.93
179.27,480.06
193.95,94
193.43,140.39
198.07,947.53
196.5,1069.5
201.44,1039.7
205.44,417.2
214.01,925.11
222.64,1113.1
226.43,43.972
227.43,362.04
225,544
234.24,853.14
249.83,924.74
253.53,757.95
257.02,556.28
266.1,30.381
265.5,191
274.97,622.4
281.75,474.48
279.43,454.95
281.89,39.63
282.78,754.22
287.58,402.94
290.08,1004.4
291.1,1234.5
292.3,454.32
290.6,1088.4
295.46,624.78
294.38,837.46
294.09,1077.2
295.81,360
310.39,733.85
301.74,1093.5
306.34,1148.5
309.28,687.83
311.34,99.789
310.55,277.05
314.77,618.91
314.03,928.57
329.67,819.7
331.93,1073.4
338.4,712.61
334.37,937.63
344.92,589.34
353.31,240.88
351.5,1159
356.81,128.26
356,228.67
360.16,301.56
361.84,1023.5
372.18,46.182
386.3,884.77
385.42,1243.1
386.04,585.89
387.42,1040
392.78,769.36
398.77,61.07
413.23,882.83
411.95,969.19
410.56,1075.6
412.48,291.35
417.94,590.18
420.22,6.2246
419.5,44
427.58,441.55
427.36,783.18
430.44,371.91
432.07,341.59
436.46,641.23
437.26,1057.7
440.44,573.61
438.46,403.78
445.78,1182.8
452.69,607.17
457.91,593.57
463.97,732.23
467.26,992
470.82,659.48
474.02,60.567
474.04,284.32
475.89,1136.3
473.5,267.14
474.69,474.04
473.8,531.39
476.06,170.55
474.33,307.83
483.21,239.5
480.63,802.63
487.27,303.64
485.06,451.51
485.22,751.47
489.78,998.63
490.95,421.18
494.68,873.4
490.92,921.08
492.32,118.22
496.89,674.04
501.66,944.22
499.7,1241.8
500.81,1017.6
514.34,270.73
506.55,1202.4
508.43,821.66
512.8,545.08
517.65,1148.9
521.73,722.27
530.26,247.42
522.58,60.895
537.31,920.22
536.74,62.8
540.91,404.17
549.67,132.15
553.51,1069.9
557.51,11.982
554.04,923.68
558.21,527.4
554.58,1090.9
557.44,245.08
562.39,38.264
559.43,821.09
563.88,115.84
565.67,1133.9
567.92,1116.5
574.01,562.13
571.54,667.26
570.6,945.4
575.94,653.82
584.97,715.56
586.58,294.58
587.54,1190.1
595.18,1114.2
598.88,637.06
602.05,405.96
604.22,61.79
601.65,1026.6
604.09,1235.6
604.68,451.4
609.32,374.16
616.93,113.8
622.06,1213.4
628.53,922.12
629.79,221.43
631.71,57.75
633.12,693.78
634.68,404.46
636.79,271.58
643.66,184.26
644.48,872.72
644.19,581.36
664.43,500.9
662.95,1082.9
665.07,721.36
664.92,455.08
666.6,193.4
669.13,245.16
676.3,1194
691.43,431.72
694.79,535.4
701.96,725.89
702.39,271.17
701.08,222.92
706.35,1142.1
708.71,99.71
710.04,560.06
709.63,743
715.93,669.07
717.04,593.31
723.17,389.98
724.98,96.94
728.13,1108
732.97,892.32
730,1133.3
734.28,624.54
738.16,217.95
739.6,32.643
741.32,442.45
748.44,852
749.06,267.76
747.46,1001.8
753.42,34.234
752.07,448.95
753.98,948.05
755.18,349.62
756.02,688.71
754.5,797.35
758.08,401.54
764.81,533.35
768.12,184.14
766.43,1016.1
769.73,755.99
771.88,316.88
772.42,166.11
774.68,238.75
779.53,620.24
785.47,927.28
789.41,1068.9
787.9,1099.1
788.91,784.09
794.83,1223.3
792.08,631.73
793.13,13.128
793.07,497.59
799.36,517.42
802.65,2.2308
804.7,707.5
805.31,767.17
812,613.5
813.54,429.35
816.29,179.15
813.39,627.86
817.55,552.86
818.22,521.6
823.1,1084.3
835.96,132.24
834.58,187.89
838.57,421.83
844.77,603.56
848.14,786.5
853.29,587.12
858.66,96.149
857.02,1067.4
859,487.5
862.76,1231.8
869.28,1091.7
864.22,556.48
866.29,660.7
870.01,936.72
869.69,731.65
869.93,175.44
874.09,422
875.09,1104.9
880.44,893.6
884.6,385.34
881.68,644.78
885.25,607.02
892.06,762.48
904.03,745.73
911.36,893.61
910.33,1154.8
917,62.25
921.54,1133
918.37,361.52
920.81,1239.6
925.43,282.03
923,610.5
927.09,130.5
928.02,235.5
932.08,181.23
933.63,373.77
942.3,516.75
951.67,592.34
944.67,746
948.03,245.8
954.12,551.84
963.57,748.92
965.8,766.3
967.86,1041.7
968.46,472.61
973,524
973.89,950.59
973.88,1133.3
972.5,20
977.94,415.52
976.91,846.23
982.12,567.62
984.88,785.05
986.34,437.38
988.96,633.13
995.2,274.85
995.99,805.01
995.59,923.95
1008,303.63
1006.6,200.07
1013.2,1064.2
1015.5,754.29
1015,791.5
1018,1241.7
1037.4,763.02
1038.4,295.86
1044.1,1055.2
1048.3,641.54
1051.2,956
1054.2,938
1064,501.74
1082.4,186.82
1084.5,862.04
1085.2,1015.5
1086.6,714.82
1087.3,586.68
1089.2,456.42
1091.5,660.79
1090.5,169.63
1094.9,761.78
1102.6,1015.9
1104.9,802.06
1107.1,484.36
1106.4,394.27
1109.9,528.85
1117,15.455
1117,857.69
1117.6,810.58
1128.4,731.25
1134.7,231.55
1134.4,709.93
1137.9,908.41
1138.9,772.09
1142.2,873.03
1145,11.082
1147.4,33.907
1149.1,642.24
1152.9,600.09
1153.8,1101
1159.4,1144.9
1157.9,323.95
1159.3,422.31
1160.3,486.48
1164.4,179.86
1168.1,1033.3
1171.2,657.51
1177.1,545.74
1177.6,1104
1182.5,318.5
1184,433.32
1187.2,170.96
1194.7,116.93
1193.6,393.39
1198.5,1085.3
1206.6,398.77
1207.4,1222.2
1212.5,1178.1
1222.1,324.67
1218.5,608.5
1219.3,855
1225.4,1045
1236.4,794.57
1239.4,361.46
1241.6,762.75
1243.1,408.26
1245.8,994.05
1246.3,1120.5
1246.7,1161.7
1247.1,152
