2.9259,227.59
1.8947,627
4.6316,691.87
9.2301,582.12
8.4286,462.83
16.241,1204.8
18.069,30.783
17.524,377.71
46.234,652.73
47.814,40.703
60.5,330.38
64.5,281
64.091,310.91
71.5,1050
76.407,690.93
78.447,1174
86.033,621.28
82.5,1016.1
91.427,155.08
96.174,25
97.258,1021.7
102.58,967.48
107.97,404.01
104.47,1003.6
110.6,1022.1
112.53,251.85
120.78,999.41
127.75,376.18
130.39,746.86
133.32,934.73
136.59,102.98
137,577.35
143.09,329.6
145.89,533.98
153.02,81.288
153.89,1147.6
155.69,945.38
157,1043.5
166.12,796.79
166.19,280.07
165.09,600.09
173.27,320.07
176.12,748.68
178.38,409.58
177.16,497.73
178.65,603.16
180.5,1103.5
200,1066.1
218.22,985.02
219.91,551.96
222.33,1082
224.89,1135.8
225.17,435
232.8,746.38
235.04,333.6
244.05,342.47
251.52,113.95
257.98,509.12
261.63,1118.3
265.68,417
269.09,83.6
269.93,306.17
268.09,1049.1
274.47,284.84
285.55,1035.5
288.46,839.3
288.1,6.0714
290.87,64.719
287.72,512.47
294.22,790.32
300.06,732.06
306,929.5
311.59,1062
311,1041.5
312.45,1171.3
324.3,860.91
327.38,759.78
326.62,964.46
344.31,835.72
352.07,619.59
356.23,1197.2
369.32,457.4
382.55,910.34
394.22,685.44
396.32,870.33
403.45,979.43
406.4,740.11
414.71,213.27
416.23,339.45
414.5,709
417.86,131.5
423.52,1089.5
423.18,674.93
424.67,586.17
427.71,873.71
427.5,1238
440.42,996.42
444.5,170.5
445,817
445.53,965.67
450.3,249.33
451.11,863.37
453.36,726.12
465.59,720.83
469.07,544.44
470.74,1068.9
475.61,872.86
488.7,515.61
476.67,780
480.88,959.98
482.39,724.57
486.38,17.947
487.43,290.05
491.04,762.63
490,1009.9
490.17,1185
494.5,217.5
495.96,299.69
498.73,562.82
497.41,1169.2
497,435
497.36,948
514.01,167.43
516.53,978.93
517.54,458.86
518.29,821.5
528.34,1014.6
539.95,574.92
550.95,6.0977
551.04,1154
551.5,880.7
554.76,701.31
558.34,144.58
570.43,472.77
568.48,1003.8
576.58,326.93
574.94,26.058
578.61,963.7
579.22,174.62
582.83,610
593.5,101
605.05,649.53
604.43,406.95
620.12,826.11
620.98,389.78
628.39,18.21
630.17,991.18
630,945
644.4,463.89
644.59,99.926
652.78,282.56
657.57,727.52
667.5,607
672.9,920.5
674.24,420.97
672.25,1080.1
673.37,969.63
679.28,1159.4
681.73,523.61
680.39,623.16
682.75,1012.4
685.33,1127.9
689.25,627.53
688.38,828.5
693.38,860.13
699.15,1113.2
700.16,630.02
705.15,572.53
709.31,13.648
712.44,127.67
713.26,914.5
716.41,846.8
716.93,1030.6
718.65,599.88
720.91,199.4
729.09,1065.9
729.42,1233.1
741.38,498
742.94,865.57
746.32,42.054
756.07,245.12
766.57,72.863
770.11,1017.5
774.84,35.538
777.79,219.89
780.95,945.23
781.08,333.92
804.3,179.5
806.91,1071.9
812.7,157.03
816.75,1192.8
816,200.17
821,845.25
835,823
840.64,1023.6
840.6,508.4
846.09,449.91
845.85,864.54
856.28,1147.1
865.04,1236.9
882.65,241.96
881.71,120.83
884.57,175.97
894.62,796.4
896,143.5
904.3,172.3
909.32,30.948
919.78,1109.4
924.51,1180.8
926.5,798
934.38,372.38
937.45,350.1
937.58,323.1
937.07,464.95
943.17,1067
948.54,106.92
954.93,128.32
954.41,332.07
955.19,566.84
960.69,495.98
967.93,904.41
979.39,718.69
982,1138.6
985.74,615.7
982,77
992.5,259
993.71,625.74
995.6,972.67
1011.6,792.55
1011.2,818
1018.5,473.5
1023.5,184.66
1069.4,926.63
1075.4,552.34
1078.3,431.08
1080.7,842.75
1079,1070.3
1081.9,304.72
1082.9,1050.2
1086.5,539.27
1088.4,114.58
1089.7,687.67
1088,1117
1093.6,504.31
1093.2,303.4
1096.7,1053.7
1096.3,125.32
1111.3,1094.1
1122.5,427.71
1126.1,788.12
1136.6,165.95
1134.5,650.5
1157.1,26.955
1161.1,565.08
1164.8,873
1166.6,963.6
1175.1,1068
1175.4,454.56
1177.2,762.35
1192.2,925.93
1195,229.09
1197.8,1042
1199.5,19
1200.9,827.35
1203.4,212.55
1205.1,329.91
1206,440.5
1210.5,858.63
1215.2,52.892
1213,384
1219.7,97.989
1217.2,397.4
1225.2,504.32
1227.5,315.5
1227.4,1100.1
1236.1,898.91
1232,1019.9
1232.9,822.91
1245.1,135.31
