4.1351,468
16.854,722.12
28.534,675.14
54,442
64.392,390.85
73.5,646
76.909,1066.3
100.83,1034
105.5,797.5
124.17,1065.4
129.86,460.25
140.8,610.89
183.26,798.96
184.98,317.93
187.5,847.76
189.1,540.84
211.65,916.07
212.71,353.71
222,1.8947
227.42,882.89
232.45,679.03
241.76,427.3
266.09,1078.6
269.67,522.64
312.38,228.18
315.74,147
323.56,636.32
323.08,54.831
323.7,4.6377
325.5,320.5
326.17,391
327,904
339.5,716.78
343.9,837.49
346.15,976.51
346.23,866.6
369.91,385.6
373.15,230.49
380.7,673.38
384.91,947.91
391.71,1166.5
389,179.17
399.71,1142.3
402.59,1078.2
413.08,996.72
413.47,447.55
421.42,519.3
422.14,599.86
440.79,404.74
463.58,478.89
472.78,237.1
476.16,719.42
478.73,753.56
493.31,371.3
512.96,1167
526.89,344.5
527.76,564.24
570.56,189.5
587.12,118.48
643.02,954.05
653.52,61.132
663.05,379.1
668.37,795.63
685.58,726.11
697.52,1152.7
697.17,822
715.09,70.123
720,1009
734.68,262.95
776.42,245.11
790.31,806.09
792.5,900.5
813.82,540
814.5,1233.5
830.02,227.36
831.79,400.05
866.96,735.83
866.86,46.442
873.69,960
877.42,1056.1
887,299.5
890.11,838.32
892.91,1172.2
919.48,490.43
925.4,566.6
941.29,585.71
945.3,246.45
946.56,1034.8
948.5,342.42
960.59,578.07
969.09,399.91
971.95,118.44
978.5,1126.5
990.44,724.08
1007,707.33
1028.4,213.86
1035.3,1055.4
1058.7,753.55
1059.2,897.46
1080.1,133.12
1082.4,691.5
1103.9,637.47
1110.4,1223.4
1116.1,733.72
1120.5,761
1129.4,675.46
1134.9,107.49
1138.4,748.86
1149.1,71.444
1152.3,1071.1
1159.4,104.11
1161.1,525.3
1189.6,145.66
1189.9,248.61
1193.9,236.91
1202,246.93
1202,203.5
1204.6,104.89
1205.1,612.83
1209.4,144.92
1216.2,686.31
1218.5,253
1225.4,168.57
1226.4,703.37
1229.5,274.58
1232.5,85.5
1234.4,870.5
1236.8,228
1241.8,49
1244.4,150.6
