2.1351,849.27
11.696,1053.2
15.327,634.99
14.857,335.19
20.915,1245.8
28.017,1142.4
36.467,667.47
37.541,982.22
39.759,700.79
49.183,379.86
45.537,475.46
49.095,265.58
56.491,215.21
60.639,707.94
64.212,579.06
66,1075.1
72.129,2.2903
76.469,468.09
77.596,656.5
88.231,83.646
85.5,489
90.358,1230
91,756.5
91.846,1035
97.926,740.41
104.25,1046.6
107.55,1005.1
110.52,723.88
109.55,185.04
111.31,78.878
115.54,540.06
119.2,136.52
124.5,957.5
129.09,29.132
137.39,498.39
140.79,223.08
145,580.5
149.68,1235.7
157.4,610.6
160.23,1167.1
163.68,56.585
168.59,858.48
176.31,366.97
176.67,552.71
178.98,1185.4
211.2,1208.6
206.35,511.86
208.81,878.93
212.6,4.2833
222.19,799.93
226.18,888.54
234.73,383.32
232.02,944.29
234.3,157.37
234.68,714.12
243.92,1092.1
260.03,675.95
271.44,617.94
263.75,349.81
275.23,210.82
277,497.5
282.6,314.5
281.12,590.65
284.97,629.76
291.97,97.514
292.39,984.4
289,1041
291.07,453.41
300.5,574
308.23,61.773
316.12,610.9
319.61,101.14
338.75,766.78
339.55,357.43
343.2,697.73
345.36,842.41
349.98,560.32
353.85,525.65
354.42,166.89
355.06,611.09
357.01,935.09
357.5,975.22
364.95,457.47
365.32,401.36
368.34,666.98
371.85,185.55
378.93,797.64
385.95,160.38
385.7,685.61
389.87,89.667
399.95,416.58
401.47,349.46
399.91,1177
406.51,45.836
413.17,90
422.1,373.9
420.58,984.11
434.45,394.59
440.83,3.977
438.9,117.62
438.5,210.64
440.32,1143.7
444.04,579.46
445.38,1001.7
445.86,768.75
457.61,933.95
460.13,975.77
470.46,359.07
474.27,944.23
476.41,824.62
479.96,236.38
486.93,294.32
489.56,573.21
492.09,719.77
497.89,442.87
499.48,77.202
508.43,1064.5
514.56,334.33
513.42,1037.1
520.05,131.06
529.15,475.36
535.92,758.73
539.3,552.87
539.93,16.753
541.64,295.19
551.09,1124.9
555.11,55.05
560.35,425.88
574.14,563.86
576.58,579.11
579.91,422.95
595.69,1079.8
594.98,1198.7
597.63,213.56
606.52,1114.2
605.15,90.096
610.34,645
607.84,358
610.67,372.01
613.01,851.26
623.41,686.11
628.05,1086.2
629.91,918.89
631.62,820.36
638.98,188.81
652.02,406.85
650.22,311.98
651.5,1197.9
652.63,484.6
651.76,22.578
656.86,587.34
656.46,330.15
663.96,24.179
674.01,411.36
673.5,1231.5
679.34,261.47
684.45,347.34
681.39,667.86
683.97,1027.7
689.87,902.98
689.33,443
695.06,217.51
700.44,823.45
707.8,981.12
707.46,1121.4
719.52,646.64
717.31,240.66
718.65,445.43
731.22,597.53
735.76,56.775
734.47,329.84
735.11,1006.6
740.68,417.8
737.29,720.5
747.51,908.65
746.67,193
752.36,1044.9
756.53,86.574
757.63,802.11
761.03,420.84
768.64,853.5
774.26,564.93
781.36,118.61
783.07,1063.6
796.64,76.785
808.09,969.87
806.91,829.09
823.18,804.56
825.54,247.98
826.43,635.05
831.5,661.69
835.69,985
838.73,592.55
847.46,118.16
855.42,222.89
859,1175.8
865.6,286.92
865.62,873.31
869.59,216
874.29,560.32
876.42,1028.5
882.13,1014
884.5,659.5
884.91,414.91
892.94,103.1
888.07,756.59
895.16,800.75
898.97,1039.2
901.65,22.651
903.12,1191.2
905.17,1216
910.85,478.35
919.99,636.18
919,839.41
922.91,1007.9
925.29,903.45
927.43,1035.2
929.43,421.37
940.23,1175.7
936.74,559.57
938.14,45.61
936.52,784.4
936.71,343.45
941.68,240.36
945.24,899.12
945.92,394.33
947.53,614.41
955.61,148
957.8,123.83
960.16,693.21
970.3,212.03
969.7,350.51
976.59,192.5
984.88,1235
995.74,365.04
1003.3,734
1013.6,1097.7
1010.4,656.14
1017.8,974.04
1028,354.8
1027,939.75
1026.8,852
1038.1,451.43
1035.9,796.48
1040.7,1001.8
1045.4,600.92
1047.2,555.43
1049.1,708.46
1046,874.83
1048.8,754.37
1054.2,396.41
1057.7,1091.8
1061.7,1236
1064.1,895.78
1064,1068.5
1065,617.93
1074.5,361.99
1078.3,167.53
1082,605.08
1078.9,1166.9
1088,1105.2
1086.3,307.18
1086.5,666.34
1084.9,1048.1
1091.5,810.09
1098,765.73
1095.1,115.59
1099.9,1048.5
1103,249.68
1105.4,410.31
1111.3,1073.5
1113,384.5
1112,515.17
1112.1,1231.6
1117.6,482.91
1125.7,787.98
1122.9,595.05
1125.9,1150.9
1133,133.03
1134,338
1143.3,671.91
1147.2,1062.4
1155.3,427.07
1155.1,662.53
1157.1,261.06
1161.3,6.2714
1184.9,76.799
1183.5,386.76
1184.3,357.24
1189.4,1055.1
1200.2,710.82
1199,900.56
1207.8,675.99
1211.7,972.91
1214.5,784.67
1219.6,1122.2
1224.4,660.18
1229.5,804.75
1231.7,557.81
1240,854
1243.3,1174.1
1246.6,1071.5
