6.5789,1228.1
12.337,1171.2
17.141,1200.8
31.593,17.93
38.745,527.6
35.921,138.59
38.576,1175.6
44.737,244.63
42.5,189.5
53.095,427.32
53.22,768.02
50.058,1021.9
53.878,1174.7
52.926,981.59
57.019,144.17
60.235,203.6
60.457,282.12
97.575,1003.4
112.72,67.065
125.4,985.74
131.85,310.07
129,8.1739
130.91,893.39
149.58,1071.5
156,389.5
154.93,1214
185.71,1112.3
187.09,738.91
195.5,965.33
202.37,1206.8
213.32,407.67
218.45,446.89
222.5,186.38
221.5,622.5
252.74,316
255.42,36.576
267.6,567.94
270.2,378.91
268.39,857.86
272.29,1042.5
283.52,1069.2
289.63,907.52
295.94,111.8
297.71,540.35
301.5,157.5
302.63,848.63
324.57,999.68
339.28,841.96
340.75,302.36
350.85,1094.4
354.36,398.72
361,663.83
395.05,1032.5
398.07,1192.1
420.93,295.59
428,344.58
435.56,1190.7
439.87,410.79
443.6,638.5
472.93,379.22
475.45,800.36
484.34,355.58
485.51,612.86
490.91,1019.7
495.45,705.03
498.78,160.47
509,907
511.15,61.32
516.14,938.5
520.5,586
523,424.83
523,798.68
527.09,992.7
538.11,7.2299
539.92,779.36
546.36,1124.8
550.5,1180
554.05,1036
552,1145.6
560.44,937.8
567.45,1076.5
568.42,399.45
572.73,428.28
571.11,722.37
581.2,504.79
583.96,750.69
603.16,940.75
616.66,485.33
618,1092.1
641.23,243.85
651,1227.8
652,485.65
666.48,55.225
691.97,1233
693.59,270.71
695.23,458.1
697.62,1065.9
716.89,460.42
723.96,61.219
721.61,480.14
726.41,502.24
727.64,770.28
730.58,881.07
728.57,570.06
732.66,1181
732.29,462.45
735.16,531.19
747.59,285.17
747.44,456.92
747.55,608.58
752.86,238.16
754.11,1000.2
754.97,572.53
762.43,544.57
762.39,560.86
772.92,344.4
775.53,29.07
776,457.5
778.56,425.89
780.48,1193.4
782.29,1230.9
784.95,579.92
786.24,545.04
786.76,299.76
792.96,341.03
793,596.75
793.77,1076
794.12,521.31
795.33,378
808.18,863.72
808.95,490.44
810.13,514.44
808.95,529.43
809,770.5
813.56,1233
816.95,816.47
816.5,902
822.11,17.053
820,309.83
821.48,1191.4
827.85,557.25
849.92,384.38
833.34,538.19
831.25,962.75
836.92,1171.6
839.79,519.63
852.65,641.93
861.33,857
864.39,553.61
874.04,508.44
871.04,540.92
873.61,643.14
878,557.5
890.88,483.65
894.96,179.32
898.47,599.22
903.15,666.93
908.27,276.39
913.1,699.45
923.96,261.48
927.19,666.39
929.64,627.4
934.83,739.57
944.32,787.78
948.48,481.38
950.09,274.91
963.93,762.74
966.69,724.91
968.88,1046
973.15,583.06
982.26,1220
985.32,726.78
985.91,156.91
993.95,576.47
994,422
1002,698
1015.5,501.1
1021.6,226.11
1024.8,592.9
1025.4,532.45
1031.7,360.8
1031.1,749.41
1034.5,919.5
1042.1,509.91
1043.5,577.77
1053,158.54
1053.4,325.02
1059.5,518.5
1065.1,588.46
1075.5,260.3
1079.6,438.71
1082.5,518.93
1081.6,814.42
1087.5,538.5
1093.5,80.619
1099.7,357.23
1142.2,1051.3
1140.9,1118.6
1149,801.7
1149.4,736.61
1165.5,524.43
1167,172
1176,470.32
1178.5,1115.5
1191.9,677.09
1211.1,1160
1222.9,140.08
1236.5,760.57
1245.6,410.5
