4.6429,909.41
6.7439,1187.8
11.866,433.18
19.455,999.28
16.455,421.82
21.549,799.67
30.981,33.728
32.018,552.43
42.597,281.45
44.723,297.08
47.587,190.39
50.05,45.737
58.462,1030.1
77.47,806.67
69.826,1125
72,1232.5
78.857,51.247
83.091,761.09
95.936,182.81
103.5,733.36
118.15,733.99
120.01,72.487
117.78,675.59
117.5,21
124.05,1139.5
127.38,702.73
132.5,1110.3
140.09,536.18
156.8,1129.6
160.66,1183.1
163.05,1061.2
162.1,897.38
168,45.5
179.5,1146
181.58,1014.2
180.68,215.13
182.61,289.86
186.9,865.18
187,469
190.95,417.07
205.24,443.26
205.64,718.64
212.7,587.63
215.9,304.64
224.14,687.39
215.93,411.8
220.43,1245.1
227.37,263.81
239.1,1137.5
248.91,73.836
251.02,1049.2
249,445.5
248.03,456.1
256.03,765.59
262.75,1000
269,570.23
269,1054
272.44,985.85
284.85,1173.6
284.07,711.59
287.42,953.28
300.11,1095.2
303.28,407.89
307.26,531.49
310.48,206
313.66,226.28
313.71,780.56
323.96,838.09
328.66,124.8
326.5,363.5
333.54,947.95
338,257.83
346.84,931.17
348.32,63.216
352.11,80.537
354.47,132.72
353,479.75
354.84,395.44
359.33,520
380.51,960.47
384.44,121.08
387.03,1063.9
391.74,1193.1
387.5,34.5
389.38,1161.7
394.82,431.98
400.67,1074
408.03,1015.8
409.63,474.91
410.68,496.37
408.37,645.52
412.67,620.73
418.15,293.1
411.41,736.07
414.5,253
421,1067.4
419.5,798
421.37,66.676
421.91,1111.8
429.82,790.14
430.42,1046.3
437.22,850.03
437.55,403.09
441.47,677.28
439.93,441.41
442.64,1170.8
458.33,344.95
456.89,1246.6
460.31,569.83
462.07,925.59
469.91,1027.9
473.33,288.33
474.83,343
488.09,119.62
494.5,171.5
498.94,309.87
501.19,938.85
501.55,562.54
507.88,327.66
507.18,201.67
508.94,404.5
511.34,490.03
510.61,439.14
525.03,473.97
525.17,240
533.48,388.45
536.24,920.27
547.96,450.57
563.91,480.55
565.77,202.47
564.95,995.92
568.37,593.86
575.91,19.304
571.84,511.73
577.09,191.42
582.29,675.29
580.91,956.91
587,746
588.69,1228
594.41,59.056
598,76.5
599.53,134.93
603.4,44.978
603.25,164.87
611.73,11.124
611.52,792.96
607.56,1027.9
612.1,29.62
618.58,52.156
620.64,370.42
619.72,66.167
623.66,40.405
631.38,119.68
631.85,453.26
636.44,101.5
640.69,544.9
639.92,417.34
643.84,454.94
645.33,193.5
645.08,475.2
646,1208
648.83,388.93
654.62,952.05
656.33,707.2
659.56,1106.8
661.08,1243.7
662.84,1039.1
679.51,456.56
670.73,1245.7
675.58,628.66
675.73,1060.9
676,1050
679.24,671.29
685.9,96.557
685.97,532.06
685.78,1055.6
692.52,301.49
692.93,622.86
696.39,508.06
695,407.33
697,492
704.8,112.69
698.43,527.39
702.56,264.78
703.31,693.09
708.09,519.91
713,1219.4
725.98,105.97
724.22,1127.7
739.15,1037.8
747.74,488.07
743.92,734.44
748.36,1207
747,535
751.77,72.767
761.08,772.8
765.57,568.31
763.36,152
766.17,910.52
768.71,1139.4
775.97,360.82
777.07,211.61
782.58,272.11
794.69,704.09
796.71,1176.9
802.2,247.44
808.06,860.18
813.12,1108.6
812,283.6
822.94,935.44
822.18,481.4
828.32,1047
830.51,842
828.07,660.59
832.54,860.13
834.25,563.24
834.07,804.92
847.15,88.241
843.61,328.87
848.92,664.49
856.82,677.29
857.66,239.14
863.65,1143
860.29,1214.1
865.3,1004.5
866,7
865.91,469.91
870.7,306.35
874.45,45.819
876.72,418.88
878,706.5
883.07,76.407
896.5,3.0435
894.17,883
895.92,282.27
899,508.5
902,691
903.36,725.97
903.94,992.58
906.17,653.55
908.87,492.4
910.71,707.96
914.61,405.18
915.57,973.17
921.24,1157.9
922.15,1226.1
923.83,131.61
922.93,884.8
929.55,808.05
928.76,895.06
928.41,326.4
935.45,1161.3
935.08,1220.7
936.92,28.917
941.92,583.75
940.91,2.9412
944.29,873.02
952.05,290.5
952.15,389.37
953.3,245.56
951.59,600.05
958.94,702.67
965,666.14
977.17,40.297
975.99,284.36
974.53,551.66
974.61,564
974.5,1121
981.5,243.94
983.14,1146.6
984,955.5
986.68,1217
1000.8,1204.4
998,362.86
998.89,1247.2
1000.4,457.91
1001.2,1237.9
1001,242.68
1003.5,1053
1013.2,988.5
1015.5,201.52
1013.5,395.5
1016.8,1006.8
1015.5,1246.6
1021,723.51
1020,938.76
1028.4,358.59
1021.6,977.5
1026,1025
1031.8,1004.6
1035.1,1116.6
1039.4,22.649
1038.4,337.97
1042.4,289.56
1041,1023
1044.4,1060.2
1047.1,117.39
1046.5,403.57
1053.8,1162
1055.4,893.83
1057,152.67
1061.3,878.44
1063.8,1057.5
1068.4,1070.7
1069.1,1148.6
1075.1,654.4
1072.1,1208.9
1074.1,918.56
1078.6,489.58
1082.8,939.29
1086.6,4.4
1090.1,874.59
1091.9,1069.9
1093.4,849.09
1094.9,1136.5
1104.9,1006.3
1102.2,1160.9
1105,80
1106.5,820.05
1110.6,863.86
1108.4,402.17
1112.1,458.96
1111.1,1194.8
1124.5,474.44
1127.2,814.82
1127.6,1146.4
1133.6,21.728
1133,152.43
1137.6,914.93
1142.6,485.22
1145,562.12
1150.4,723.24
1160.4,689.98
1162.7,615.5
1164.9,174.39
1167.9,229.04
1169.4,468.74
1169.5,69.5
1172.4,1203.8
1178.1,133.66
1179.9,549.59
1186.3,159.23
1192.5,857.96
1198,936.63
1199.6,695.02
1202.5,244
1201.9,611.59
1209.8,808.98
1209.5,924.97
1215.5,770.08
1218.9,877.98
1221.5,1198.8
1229.3,211.85
1237.6,329.06
1242,1091.5
1245.5,1195.5
1246.3,690.7
1246.8,72.97
1246.4,409.89
