3.6271,298.29
5.5522,533.21
5.3558,648.4
1.95,816.85
6.9259,318.41
9.9756,740.13
13.81,338.15
11.895,833.42
18.5,859
22,1243.5
25.646,1128.6
28.156,452.79
26.774,814.79
31.13,157.87
36.062,335.69
34.062,1191.8
36.314,1087.9
40.681,17.341
39.95,363.9
47.585,5.4149
44.917,269.92
55.844,294.6
47.5,403
52.091,608.43
53.556,316.87
52.909,29.091
53,629
60.219,1026.8
58.661,1139.1
60.415,266.18
60.5,192.79
59.725,1152.4
63.796,205.69
68.575,173.79
69.688,633.59
69.431,831.04
76.438,280.67
71,1036
78.068,234.27
87.735,882.39
95.269,264.08
97,320.35
97.367,338.63
98.5,395.5
105.15,3.4545
104.61,246.87
108.64,902.41
104.5,772.5
108.32,170.6
108.54,346.08
112.48,389.4
115.3,1209.5
119.15,306.56
114.37,763.63
116.2,621.1
117.44,27.558
120.84,584.16
119.61,437.86
122.67,173.21
122.63,415.37
133.4,1042.1
138.57,866.18
139.15,117.22
143.37,26.032
147.48,580.59
150.32,930.76
153.25,833.57
152.92,987.86
154.26,322.17
157.27,561.58
157.75,1221.8
155.42,115.89
166.56,265.45
172.79,571.91
170.86,58
175.12,750.65
180.23,361.17
180.78,402.72
184.79,1233.3
186.07,11.556
193.21,259.67
195.17,64.705
201.18,1017.8
197.67,821
205.83,899.32
206.05,296.54
215,339.56
209.64,57.693
208.5,723.3
209.71,1047.5
222.63,513.38
213,887.24
227.09,553.43
224.19,829.07
229.48,140.54
228.34,994.68
231.5,387.23
233.4,283
238.73,870.16
239.57,250.48
239.46,351.78
242.19,318.93
243.97,590.16
245.5,93
251.53,351.67
261.19,4.1029
265.35,83.141
267,595
271.68,669.8
270.93,230.95
272.38,989.56
280.13,1095.7
282.15,801.94
282.2,1125
285.6,572.56
283.23,598.53
286.21,108.79
285.02,216.07
287.47,453.55
291.01,549.64
295.07,1031.9
293.61,1192.1
294.93,595.59
303.67,194.9
302.85,1228.1
309.03,568.12
317.71,526.85
321.89,906.13
325.13,13.943
327.4,598.43
329.96,846.77
327.28,238.14
327.35,995.5
328.93,1021.8
332.05,83.763
333,356
352.46,876.48
354.5,432.98
356.59,558.36
355.09,1240.9
365.6,666.62
366.09,369.16
373.98,1022.6
381.03,1204.1
387.09,119.87
389.15,1210.7
391.43,1135.1
394.06,702.23
396.64,960.22
403.14,716.3
404.86,632.63
401,1043
403.23,590.6
410.08,458.74
405.94,683.25
411.05,493.91
411.58,1239.5
418,160.27
419.1,349.62
441.06,179.74
444.27,718.23
451.32,942.69
451.3,420.86
452.5,557.76
457.73,1143.3
463.6,202.16
462.85,1231.5
465.57,1039.3
466.17,964
468.93,1158.4
473.42,20.626
471.98,676.39
480.5,566.5
480.42,632.89
486.01,1106.3
484.54,1071.7
492.92,759.08
493.4,1060
494.77,74.426
502.73,602.45
504.55,979.42
512.57,1090.6
518.57,686.04
524.12,740.2
527.31,562.48
527,1196.2
527.59,108.93
528.91,928.91
530.4,119.64
534.07,53.317
536.5,366
540.95,245.47
545.99,65.681
554.31,473.1
553.76,979.19
567.09,493.61
571.87,40.542
576.54,162.44
575,789.83
583.44,1219.3
584.46,399.07
582.8,706.44
582.89,860.58
586.92,827.97
584.54,944.41
589.21,82.043
593.41,1244.4
598.23,563.64
599.15,743.35
607.66,654.51
612.73,453.02
616.47,869.47
620.5,1098.6
629.39,891.68
627.92,767.2
632.04,345.13
633.7,72.296
637.12,830.49
639.44,1226.8
641.83,923.82
645.37,562.48
643.48,848.9
641.91,1170.4
641.25,22
644.99,587.87
643.83,673.56
646.5,3
657.42,45.069
660.38,494.73
659.07,4.8333
660.8,224.59
663.34,1162.8
675,1246
681.3,132.91
680.34,270.19
681.92,74.105
694.71,402.94
697.59,871.38
697.52,508.78
698.08,740.56
698.92,453.08
703.07,993.93
705.09,333.09
706.46,723.27
706.5,638.18
724.35,318.25
723.22,439.18
721.93,103.41
721.5,293
723.08,1200.9
724.5,52
727,36.735
735.54,634.02
733.71,54.29
737.5,222.31
735.5,65
737.07,352.59
738.5,582
751.22,565.66
760.44,12.966
759.06,63.906
760.98,228.5
761.35,495.12
768.8,857.91
776.16,490.27
775.09,19.909
778.71,2.3214
781.14,850.61
784.5,825.79
786.72,68.494
787.61,932.79
788.93,132.89
791.61,885.23
794.06,38.96
793.94,412.06
797.89,1093.6
811.07,629.42
810.9,982.62
826.59,818.51
822.59,203.93
824.08,379.54
834.46,270.68
840.08,557.17
837.73,886.62
838.57,152.91
844.05,291.89
851.12,1242.7
848.39,508.76
851.06,221.03
851.58,1154.9
854.51,1009.4
860.3,620.36
863.35,421.32
859.99,603.64
864.28,55.909
860.42,994.89
863.5,688.12
868.56,4.2281
870.14,1045.4
875.24,881.16
873.98,1128.1
874.31,114.45
881.28,1230
885.66,661.68
885.71,833.45
890.8,16
894.92,905.41
894.12,605.63
898.23,864.03
896.71,782.29
898.02,1082.8
899,130.5
907.1,1005.3
914.11,95.24
909.5,1022.5
912.59,688.18
910.5,880.5
914.23,1156.9
918.85,194.86
917,159
925.37,1118
919.5,553
925,430
923.27,448.9
927.36,1076.3
934.49,881.65
937.95,702.52
942.32,773.47
943.93,218.93
948.13,1101.2
954.77,103.25
952.5,852
957.18,698.56
958.01,1090.3
958.44,26.8
958.59,772.94
966.65,922.63
966.57,326.84
965.57,603.55
970.57,856.02
972.88,520.94
973.45,417.41
980,1188.3
981.89,266.37
990.45,396.23
987.77,105.56
991.88,775.56
992.35,93.442
996.59,207.94
1001.6,693
1009.8,969.82
1014.3,206.62
1016.5,1147.4
1018.6,1219.5
1022.5,168.5
1028.5,701.01
1031.3,182.11
1031.7,5.0921
1030,893.5
1035.6,379.85
1038.6,41.17
1036.1,817.5
1040.6,356.41
1041.9,327.57
1044,62.076
1044.8,996.53
1047,828.94
1058.2,425.19
1059.3,698.09
1064.8,738.37
1064.7,1145
1073,388.07
1071,505.75
1070.2,952
1073.6,337.6
1078.1,870.2
1079.9,272.42
1080.7,125.53
1081.8,251.93
1084.4,824.92
1086,997.37
1090.7,145.55
1087.5,242.16
1095.7,1183.2
1100.6,210.15
1109.2,414.68
1112.4,766.07
1113.9,1161.5
1114.6,258.86
1117.8,54.743
1116.5,636.12
1122.7,179.44
1120.2,479.87
1120.1,1148.6
1129.7,507.28
1128.5,1183.9
1128.5,1120
1133.4,52.5
1135.7,1212.9
1138.1,284.99
1142.1,767.72
1141.7,783
1149.4,891.13
1150.3,359.22
1158.1,900.05
1164.5,783.79
1163.6,713.77
1163.6,611.58
1165.1,369.17
1163.5,1164.6
1170.2,997.5
1168,214.65
1175.6,368.93
1183.1,171.91
1183.6,1206.2
1191.8,1236.6
1190.1,370.31
1194.9,1004
1199.4,888.22
1199.6,76.354
1204.8,226.81
1201.7,455.68
1207.1,940.46
1207,1233
1214.2,57.269
1213.6,1226.2
1222.7,954.86
1226,819
1239.3,1161.8
1243.7,978.4
1242,1102
1245.7,658.14
1245.9,678.62
