2.1818,253
6.9508,486.61
11.576,75.682
27.549,727.29
29.576,262.42
35.581,1223.5
41.73,316.62
42,1090.2
43.17,767.57
44.926,110.41
49.953,303.06
58.5,192.5
62.515,44.818
63.968,30.295
66.667,449
67.344,1073.6
69.5,1155
72.059,120.25
76.088,827.51
85.069,794.99
89.602,7.9255
86.116,870.88
91.079,971.51
95.364,504.76
93.255,95
93.08,60.44
101.35,1244.8
105.4,362.52
108.66,1156.1
122.93,192.41
137.04,286.13
140.5,2
146.91,1110.6
144.5,79
147.12,208.35
148.18,1177.1
152.57,883.92
163.61,1074.1
166.11,1007.9
173.34,906.99
170.18,1199
170.22,4.15
181.48,432.63
184.26,309.51
182.78,487.68
182.55,1008.7
191.39,100.68
196.91,749.79
197.88,273.24
208.52,938.63
207.42,60.895
214.78,548.47
222.43,45.223
220.71,357.66
220.07,1082.8
228.37,1145.4
232.02,1199.9
237.83,501.79
242.05,1181.2
253.96,20.74
259.98,1220.2
262.09,63.359
261.87,465.13
262.57,832.61
273.03,663.11
273.94,1083.3
280.26,353.93
288.25,129.32
287.5,485.5
290.09,768.09
292.42,1038.1
305.56,432.08
309.6,709.32
309.96,294.05
315.83,911.64
315.06,61.094
316.65,728.5
330.5,1081
335.07,1211.6
338.75,816.5
342.56,762.58
350.71,1088.5
356.02,684.96
360.85,777.35
387.44,874.08
395.02,1151.5
394.54,356.84
397.87,1018.4
413.53,603.34
414.21,891.5
418.1,399.59
422.2,1152.6
424.91,1031.6
423,319.77
429.73,773.99
431.85,623.54
437.23,101.98
442.06,481.87
450.06,872.81
453.56,96.673
457.63,186.21
458.38,232.29
458.73,299.72
457.07,755.59
460,1219.8
466.35,647.5
489.21,427.25
490.17,594.07
492.32,1107.3
494.24,1232.8
496.05,296.92
496.95,1217.4
499.34,1046.6
501.22,516.58
502.07,268.41
506.81,868.01
516.12,583.94
515.1,674
529.78,441.94
529.52,776.13
531.54,923.02
532,508.5
547.19,694.6
559.14,602.66
561.54,466.57
574.47,1135.8
580.89,76.736
580.29,858.16
588.17,338.93
596.52,511.57
598.27,1060.4
605.17,211.92
605.91,429.09
612.04,356.33
628.07,1049.1
646.5,161.21
648.11,864.08
652.3,741.16
652.03,882.23
659.5,1101.7
668.41,335.41
676.8,941.21
684.35,1130.3
685.54,403.5
685.63,368.03
690.65,609.31
690.58,651.58
698.81,559.47
704.3,1179
715.06,333.55
716.18,989.37
724.44,1024.1
732.65,496.39
733.38,981.42
738.42,1092.9
742.09,384.77
757.4,652.84
760.09,1159.3
764.17,496.93
764.58,974.89
766.87,302.87
781.5,560.5
789.25,59.801
789.74,144
792,1247.1
811,1217.9
833.76,821.53
838.07,466.59
837.91,1065.9
846.62,585.34
856.18,1171.6
854.84,121.52
855.85,881.35
860.15,898.83
861.8,1194.2
863.5,62.5
871.66,348.55
878.45,838.9
882.06,608.89
884.18,494.24
889.38,1158.3
897.42,164.89
906.65,197.3
911.88,387.02
915.5,89.5
913.87,711.74
919.67,908
945.5,790
948.09,261.05
947.5,1021
959.29,1121.8
965.06,194.58
965.18,297.43
966.84,396.3
978.58,151.44
987.05,180.69
993.1,4.5
995.91,1221.6
999.86,892.3
1005.5,219.29
1001,702.5
1010.4,1121.4
1008.3,1169.7
1024.5,848.05
1028.3,605.07
1037.6,1000.9
1038,1172.9
1045.6,180.86
1053.4,1245.6
1061.6,337.58
1064.2,1208.7
1067.7,432.38
1086.5,984.71
1095.1,868.5
1091,1115.7
1095,1148.9
1094.9,1229.5
1100.4,903.64
1102.3,1245.4
1105.5,506.86
1102.8,122
1108.4,651.86
1114.1,185.62
1113.2,1179.7
1113.4,696.9
1111,894.83
1114.6,373.97
1127.3,777.8
1125.7,802.25
1130.3,514.06
1137.4,618.18
1136,1174.8
1138,961.74
1139.2,943.77
1147.6,1233.8
1149.5,283.5
1151.1,164.5
1158,1100.1
1156.9,616.91
1162.2,1199
1162.5,638.41
1164.5,524.21
1176.4,967.6
1180.5,942
1182.7,211.99
1185.5,115.92
1185.1,827.09
1187.3,241.71
1193.7,789.98
1195,368.71
1207,479.2
1217.2,95.116
1218.2,431.44
1220.9,717.51
1221.6,1207.1
1222,629.27
1229.4,1090.9
1245.5,457.38
