2.2703,863.08
11.314,1132.7
14.352,624.69
17.556,833.65
16.077,694.23
17.393,679.5
22,294
27.537,380.78
27,680
31.233,639.45
29.561,757.41
31.2,1094.5
36.391,622.32
34,1102.5
42.174,599.26
40.185,336.14
39.18,846.34
38.871,505.84
45.909,260.86
46.286,860.57
58.605,952.33
62.348,491.04
63.421,823.89
66.5,708
69,620.2
67,1001
70,492
79.698,770.77
80.324,554.23
77.125,568.5
99.357,465.89
82.17,914.57
96.553,388.16
85.982,862.61
93.69,565.63
93.091,115.09
94.623,329.13
116.44,165.87
107.07,648.68
109.16,929.13
110.47,601.55
118.95,648.94
120.13,666.97
119.58,1192.9
121.45,1075.6
128.32,231.83
132.41,152.69
130.54,1140.2
140.34,273.26
135.09,5.9832
140.29,693.31
137.5,568.5
142.08,452.92
151.94,158.18
146.77,412.23
148.16,721.65
149,947.5
150.5,315.5
156.58,1020.2
159.5,445.79
160.52,677.5
169.01,487.39
161.15,428.65
166.62,858.59
164.48,125.21
164,135
172.72,794.01
169.6,101.51
174.97,305.13
168.68,277.76
176,535
182.11,599.42
186.6,84.147
186.19,205.41
189.01,290.79
190.85,576.65
192.2,412.56
193.5,391.5
203.33,538.36
194.5,607
196.97,714.86
197.93,528.95
200.97,788.5
200.95,91.909
210.35,584.09
211.9,867.86
218.33,7.7222
221.5,322.5
223.6,539.79
224.22,471.62
235.4,231.33
235.45,665.42
244.95,450.59
252.34,653.59
283.51,269.9
259.5,326.5
265.89,158.73
263,588.32
263.5,559
267.72,33.575
275.04,442.79
268.45,620.42
271.6,544.81
269,981.84
276.69,207.09
277.69,457.96
278.86,510.65
280.92,237.92
286.96,635.01
286.96,106.59
288.31,354.12
290.54,334.18
297.35,556.35
291.58,238.89
292,287
296.39,57.11
295.64,427.59
296.82,535.97
299.74,595.6
296,496
299.64,169.5
305.32,217.79
309.54,133.8
312.3,859
311.71,330.45
310.73,641.07
323.47,537.1
320.98,73.682
320.93,1134
323.15,200.15
328.11,865.79
330.32,1075.7
342.09,39.759
343.42,306.92
349.93,396.02
350.31,890.85
348.19,1136.9
353.31,648.29
353.45,17.693
360.2,485.79
358.56,1211.3
361.58,815.43
365.42,412.08
368.27,194.13
370.05,581.95
368.43,426.39
369.56,600.1
380.71,455.84
373.26,92
374.09,24.091
384.02,142.52
381.5,529
386.15,356.65
401.12,144.9
401.26,283.47
398.65,914.88
398.38,1026.5
400.45,1216.5
403.51,66.605
404.18,113.51
407.12,1005.4
405.91,1110.1
411.24,401.51
409.6,366.4
428.32,472.26
436.86,710.84
452.47,349.02
446.25,119.22
446.26,205.53
448.96,27.772
453.07,863.02
463.04,26.133
461.53,371.66
464.32,752.56
463,326
472.38,528.91
474,895.86
476.12,14.346
477.58,459.28
475.33,906
479.58,865.31
479.5,180.5
482.06,228.18
486.91,69.909
489.57,155
489.41,733.04
490.91,493.39
500.13,59.214
501.06,100.47
500.5,1015.5
503.42,212.89
507.29,302.35
511,663
514,765.65
519,637.55
521.67,276.94
522.09,609.09
526,1144.9
532.98,1195.7
534.1,1077.6
537.36,175.57
537.58,396.55
540.21,599.88
539.57,1147.4
550.32,1201.9
550.05,417.95
559.26,103.26
570.31,163.03
574.14,816.94
574.26,152.19
579.26,2.6852
576.54,681.22
582.53,179.84
593.64,1136.6
597.42,193.85
604.15,537.51
610.77,163.83
608.61,467.39
615.54,93.276
617.49,372.68
614.65,989.41
615.65,600.58
617.55,1108.7
629.91,84.929
625,441.17
631.56,111.92
636.5,920.61
641.52,766.78
650.01,1126.5
650.79,51.373
646.6,120.6
651.03,1030.4
653.44,482.73
658.86,132.08
664.58,79.439
667.56,458.2
667.05,481.23
667.31,904.38
671.5,748
672.46,317.65
675,583.5
679.58,170.89
681.86,913.57
683.88,30.228
685.44,665.7
694.4,916.4
705.73,1018
702.91,258.05
702,748
705.38,848.13
710.77,538.77
718.23,1193.8
720.61,666
722.67,64.833
727.44,283.41
731.52,685.42
733.36,359.68
740.67,1086.1
741.88,898.65
755.31,891.71
754.84,1093.8
764.16,591.44
766,880.35
768.73,473.07
769.94,37.532
772.5,940
774,985.5
776.95,1005.1
794.6,619.4
802.45,1110.2
801.91,568.91
805.5,525.5
808.55,52.345
818.92,1072.4
827.23,129.55
826.92,550.08
838.75,747.26
836.18,1158.2
838.31,323.09
840.89,791.87
846.94,919.75
849.87,9.8387
852.96,167.9
853.36,870.07
866.1,770.85
873.38,1126.7
870,987.25
876.18,688.32
880.28,493.4
879.27,592.65
881.58,86.576
883.27,1084.4
884,515.74
888.74,581.06
894,151
903.81,618.77
897.5,93
901.09,484.55
901.06,24.058
908.52,1110.8
910.64,307.34
919.6,484.23
919.91,597.13
928.47,963.67
924.2,269.44
924.23,501.23
927.95,891.91
935,278
949.74,476.56
946.53,830.03
958.08,898.92
963.19,554.86
963.09,118.09
966.64,15.597
966.22,921.04
967.58,329.89
970.28,1188.7
976.38,158.04
973.5,231.88
988.31,728.21
992.97,832.56
991.95,378.16
994.78,603.38
997.26,74.922
999.78,263.45
1009.1,1120.4
1016.9,619.42
1028,215.18
1035.7,1114.2
1035,702.5
1042.1,767.4
1049.1,1192.9
1055.5,28.154
1053.9,1032.9
1054.4,414.08
1069.6,418.67
1074.3,150.22
1076,1030.8
1085.2,25.206
1089.2,765.39
1098,310.83
1096.5,122.5
1098.9,516.22
1102.1,904.57
1100.5,1162.5
1104.3,1191.5
1105.9,954.91
1113,755.48
1114.1,773.86
1119.7,352.05
1125.9,1242.6
1122.4,371.6
1132.6,71.424
1146.6,368.04
1148.2,1083.5
1151.1,58.042
1156.8,29.818
1160.7,45.855
1167.6,422.11
1171.6,842.33
1173.2,969.36
1174.2,1150.2
1178,283.57
1190.5,174.93
1197,548.5
1211,464.4
1219.4,126.08
1246.1,691.41
