5.0811,117.46
11.926,532.41
15.387,237.25
13.939,857.31
19.573,200.08
34,334
40.306,584.94
40.1,359.38
45.805,120.67
46.424,348.58
49.971,630.94
55.619,517.62
55.083,905.92
58.13,295.45
61,101.5
68.696,1116.2
79.397,239.2
81.783,1117.5
90.693,1189.4
99.218,653.53
105.6,469.24
139.46,1085.8
150.1,69.48
159.83,510.11
166.63,163.37
179.67,86.439
190.5,294
204.83,308.95
216.71,968.91
220.78,1041
228.26,1168.9
230.25,541.88
234.14,1108.1
254.72,932.83
255.58,1031.6
258.08,260.08
265.37,318.97
278.73,41.586
286.23,13.887
283.99,1187.5
282.5,1247.1
283.91,1074.9
292.07,958.05
296.72,712.89
295.56,263.45
297.62,1146.6
305.51,311.86
305.96,972.93
316.05,666.51
323.71,7.1
325.46,908.15
335.61,1002.8
334.94,469.7
336.63,1080.8
337.86,5.3103
339.04,658.56
339.62,931.4
341.26,950.49
342.65,424.11
347.97,58.03
357,8.1818
358.82,360.09
361.67,1081.6
365.48,398.56
366,1146
366.5,55.5
376.95,113.27
379.22,839.12
382.18,268.4
387.57,538.79
395.98,281.48
401.1,230.62
404.48,1205.6
416.12,1226.1
415.68,17.877
417.6,440.79
423.59,1000.4
431.29,908.5
435.3,1173.5
447.65,789.3
453.54,955.43
458.34,414.85
465.11,315.63
470.68,862.11
470.31,396.99
476.65,12.566
477.34,906.13
481.95,1191.7
479.13,725.87
487.22,495.85
497.06,104.66
501.46,1041.7
516.34,749.47
516.25,1219.1
520.31,123.63
528.5,986.5
535.8,399.54
538.37,230.97
537.58,1069.1
551.09,1225.1
562.08,1003.4
578.74,512.96
576.66,768.41
580.93,1151
581.08,286.78
579,547.5
581.92,795.73
582.9,124.24
583.61,1048.3
585,457.32
591.5,366.71
598.21,961.51
604.46,1013.1
611.08,293.45
617.04,1192.2
622.85,1107.6
621.42,538.45
634.86,1243.9
641.63,893.37
646.23,1187.4
649.43,974.17
653.1,532.1
656.81,1244.8
659.52,932.4
662.4,199.46
655.92,1219.6
676.6,111.89
681.52,764.45
689.01,1234.4
685.45,734.46
685.5,443.5
686.89,1106.6
689.67,1002
695.47,637.84
699.51,169.57
700.84,1092.6
708.29,616.5
720.81,614.87
718,709
719.4,884.74
718.86,692.07
727.91,1229.5
726.64,1181.3
727.5,1208
733.04,784.92
738.91,755.16
740.74,1244.6
741.14,593
748.92,730.81
754.54,1171.1
756.7,664.08
766.62,40.825
766.66,678.53
771.43,700.91
784.82,653.5
793.67,1234
800.51,1078.5
802.29,289.75
801.33,708.98
805.46,182.08
807.33,483.13
822.38,630.72
819.73,668.05
823.29,602.19
828.56,316.35
827.44,991.92
829.11,767.44
828.94,917.2
843,514.26
840.98,602.52
844.33,636.72
847.87,1096.9
850.21,669.91
858.62,594.07
860.68,267
861.57,895.82
866.59,855.68
866,747.83
880.91,615.41
882.78,725.22
888.32,304.78
911.18,516.4
915.14,330
920.67,582.2
924.13,863.18
919.79,617.45
919.16,883.45
926.31,1091.6
942.1,1244.1
939.38,775.85
941.45,1008.6
943,661
949.39,930.14
955.17,373.95
960.59,879
958.5,735.5
968.94,34.761
971.93,202.58
977.71,179.89
984.06,108.7
991.06,1025.7
993.42,749.89
1003.5,535.75
1005.1,810.08
1013.1,1115.9
1013.1,98.903
1012.6,977.44
1013.5,632.29
1015.9,118.01
1015.3,447.47
1016.7,671.17
1018.3,1000.1
1027.5,299.42
1029.2,531
1031.1,375.56
1035,835
1040.4,347.14
1049.9,395.93
1056.1,778.79
1060.9,346.65
1063.1,107.57
1060.9,716.09
1067.5,164.58
1066.9,774.56
1072.5,219.56
1076.4,501.02
1079.7,1175.6
1079.6,905.37
1083.1,284.48
1081.5,135.65
1092.8,549.18
1104.8,411.04
1112.3,819.97
1116.4,448.84
1113.1,31.091
1115.6,464.31
1125,503.83
1135.4,450.51
1138.3,503.51
1140.6,837.29
1145.4,545.45
1161.4,964.47
1169.1,453.37
1173.1,43.133
1188.1,98.909
1196,449.5
1204.4,611.83
1206.9,1049.4
1213.5,494.39
1219.2,222.41
1215.7,587
1241,799.61
