5.9126,252.07
5.6842,594.12
2.7955,886.84
3.1111,917.8
9.6305,967.25
6.4074,1038.2
10.089,991.29
18.701,791.66
28.407,928.3
29.866,951.29
34.12,103.2
31.111,1152.2
36.419,530.81
42.852,1008.4
44.656,488.85
45.5,908.5
47.583,1045.5
53.414,881.9
60.65,1006.1
66.574,413.73
73.394,185.95
71.564,771.08
73.067,975.93
75.081,566.57
81.575,1006.7
84.636,720.44
79.375,943.38
86.468,923.41
88.421,939.11
90.091,106.91
104.93,126.59
110.45,277.98
112.5,1019.5
122.44,196.92
122.27,879.45
143.69,248.02
148,381.08
146.94,715.3
151.24,975.56
161.5,934
168.32,181.59
176.64,894
185.71,614.71
193.67,761.85
198.94,480.57
200.45,893.72
201.41,514.41
202.67,1089
209.94,606.46
209.12,933
214.05,976.61
226.74,999.54
225.18,135.49
230.66,747.76
231,820.66
247.2,319.63
252.44,664.97
258.02,1005.5
257.58,684.58
259.15,1236.2
262.79,82.198
265.9,994.84
273.96,457.05
288.9,1046.1
279.58,750.11
281.47,1001.2
285.77,478.54
287.48,714.9
287.5,417.5
291.38,1218.6
293.5,3.2308
293.5,1137.5
298.88,1150.3
296,538.5
300.95,850.16
300.33,609
316.24,1159.5
323.84,674.5
325.87,1242.6
332.07,406.41
338.12,74.885
338.66,943.22
344.18,728.93
360.48,976.1
363.89,172.73
362.4,992.28
369.52,388.78
368.92,295.92
385.7,109.12
390.14,154.49
394.12,809.46
394.61,755.14
436.19,497.4
442.49,884.16
445.58,835.42
447,898.68
452.89,685.62
452.8,859.91
456.95,823.07
463.49,163.78
470.18,361.52
476.25,398.31
484.9,19.618
487.78,79.615
489.02,829.01
487.56,882.92
493.2,777.5
495.5,1085.4
510.38,1196
516.8,1207.1
532.69,823.93
539.39,576.6
542.69,410.01
547.43,985.91
549.47,709.18
548.39,802.86
567.08,1241.5
573.21,444.55
575.5,492.81
577.07,403.42
589.78,590.28
590.41,507.96
597.6,220.6
606.93,383.59
614.62,470.67
612.41,328.07
617.66,664.7
619.68,160.45
622.02,586.2
619.68,1101.8
627.07,682.29
636.39,786.79
647.43,405.67
655.73,547.52
656.12,1118.1
659.2,362.63
666.13,584.44
666.04,423.08
666.12,1045.6
666.94,671.47
670.84,365.9
674,289
675.98,439.87
673.6,654.6
681,107.87
683,1038.5
689.33,318.44
697.36,532.77
705.56,672.05
708.8,346.04
714.79,425.79
715.68,398.64
721.7,1177.3
720.85,924.04
727.95,336.96
738.08,1129.8
748.39,149.55
748.65,408.88
751.63,456.89
751.8,805.68
762.02,412.95
765.39,1223.3
769.7,776.39
775.72,966.99
772.5,375.5
782.09,132.09
803.15,288.23
806.44,913.08
811.45,146.52
811.16,1155.4
820.47,596.42
824.11,1168.1
833.73,412.41
834.01,586.83
833.25,1098.8
833,818.5
836.63,835.37
842.73,664.37
848.2,814.01
845.08,1184
857,226.18
860.12,272.04
861.02,1199.8
864.61,855.16
867.5,148.8
872.34,559.91
874.38,823.31
877.1,791.93
878.93,772.63
885.37,1235
889.65,822.98
892.93,713.51
892.55,751.73
894.23,433.7
892.23,482
902.95,893.33
908.39,1108.3
909.88,321.69
908.4,629.4
914.73,108.88
916.22,1234.5
923.06,704.25
926.37,912.79
930.82,1056.2
935.55,845.8
938.43,988.79
935.42,801.89
937.16,924
943.36,631.58
944.57,1189.1
948.55,449.46
947.78,733.38
954.46,688.2
968.92,49.509
971.82,690.13
972.27,1181.7
984.53,357.93
984.72,325.53
992.36,450.98
989.57,6.9459
994.47,428.12
1011.2,499.04
1015.2,696.33
1022.7,948.92
1025.6,445.11
1027.2,83.44
1031.8,678.27
1039,734.5
1040.7,1026.1
1052,852.86
1062.7,469.24
1060.6,255.42
1067.1,918.25
1069,569.5
1073,911
1077.8,725.52
1079.2,1188
1081.9,299.61
1077.9,475.39
1086.1,473.14
1089.4,1152.7
1096.6,752.43
1100.5,1189.6
1099.1,496.57
1096.4,856.42
1100.8,1150.4
1102.8,1111.9
1102.9,208.37
1108.4,481.57
1113.1,363.15
1115,738
1127.9,87.306
1132.7,873.48
1134,1109.5
1133.1,1230.1
1138,317.67
1135.4,361.53
1133,502
1144.1,959.29
1140.1,120.52
1146.9,976.41
1154.4,90
1152,987.42
1157.3,287.89
1159.5,997.56
1161.9,49.909
1165.1,1073
1165,67.891
1175.7,11.586
1180,243.34
1181.3,633.75
1192.9,1146.3
1195.7,826.04
1196.1,312.19
1225.1,396.06
1232.7,384.33
1237.7,254.09
1241.8,773.83
