10.224,69.744
2.1212,743.15
8.101,796.35
2.0714,817.79
3.4435,918.68
2.7553,976.12
6.3377,1011
5.0213,1038
9.0212,1067.1
5.9304,1145.5
45.132,1271.9
6.8594,112.98
8,167.5
18.748,472.89
14.083,1104.4
17.212,736.61
16.452,928.42
19.051,514.56
70.679,690.43
20.44,962.2
24.955,215.99
24.656,1109.6
26.941,150.41
67.932,1027.1
38.744,1085.4
35.512,1217.5
34.538,1126.6
38.969,184.44
37.69,199.55
57.429,349.91
59.306,146.3
52.457,1241.5
56.619,521.52
63.117,436.66
67.26,373.11
57.926,541.41
59.875,8.7955
62.648,913.77
60.8,612.55
68.128,488.21
69,585.89
73.765,896.57
71.206,474.63
80.267,397.2
74.917,553.08
105.16,737.36
82.34,537.69
79.5,949.5
94.769,1255.9
94.532,1328.2
85.412,428.94
89.836,1001.7
105.29,946.84
124.75,386
110.56,1307.1
103,406.51
103,992
106.73,648.46
107.9,234.6
115.36,837.23
123.16,1054.6
112.16,245.44
111.23,806.23
111.42,266.53
111.89,541.42
151.3,585.61
130.65,1020.9
152.08,1120.1
122,867.5
122.6,911.6
123.33,1185.8
131.71,489.78
136.72,687.68
136.86,1096.7
131.58,1216.8
135.09,859.61
135.09,549.8
136.46,972.15
142.32,1250.5
147.3,894.04
156.86,322.75
139.25,717
146.04,616.39
156.13,764.09
147.47,837.4
150.47,493.21
151.06,712.73
147.91,979.5
160.5,258.1
155,805.5
161.23,1038.5
166.56,1070.5
167.12,912.84
170.77,1056.3
169.92,8.0377
174.19,941.99
174.79,1296.2
173,1161
180.71,361.26
177.78,386.63
178,43.5
181.03,279.05
183.22,331.34
183.61,304.9
189.43,784.95
184.4,1230.6
184.5,258
187.49,404.66
184.5,1166.5
193.42,511.74
199.03,914.18
192.72,1306.2
195.88,1285
194.95,421.46
201.5,748.31
241.71,1086.2
195.07,1175.4
197,301.5
174.24,1315.5
214.99,378.76
215.59,805.32
202.94,122.59
205.41,1223.6
208.65,318.48
210.84,995.12
209.49,966.11
215.65,441.12
216.29,1155.3
245.6,465.88
227.67,1307.9
229.55,1020.4
241.7,962.01
236.16,36.57
241.12,341.03
234.5,1126.5
243.09,18.069
242.5,764
263.74,312.21
267.63,1162.8
244,1268
247.06,418.65
248.1,917.34
320.94,765.1
250.85,2.7647
256.79,1298.5
260.91,1257.7
266.92,984.97
274.31,429.84
296.33,1269.7
266,384
270.29,796.9
280.74,844.9
273.22,1004.3
290.54,518.62
287.54,240.94
275.75,678.25
290.2,1052.5
281.37,695.35
282.58,960.17
287.36,1307
289.46,1293.8
322.67,1084.8
290.91,1117
299.82,136.35
305.3,1116
307.83,713.92
307.69,875.79
302.97,282.91
307,851.4
317.84,1135.5
315.6,206.37
308.5,388
318.02,1070.8
313.91,1103.6
315.17,773.56
314.38,803
376.76,1054.6
320.44,974.61
329.57,847.34
323.99,934.7
374.5,1185.3
325.16,953
326,1002.5
328.82,882.63
331.18,917.36
351.78,342.82
337.32,1005.8
347.04,1221.7
355.69,867.16
351.38,144.32
364.92,217.37
361,1009.4
361.85,952.66
361.23,1118.5
367.18,153.85
365.47,697.05
363.43,1023.4
368.11,675.57
372.44,1234.5
407.86,866.82
380,1248
384.97,158.14
397.41,932.35
385.48,1241.9
398.47,260.24
386,986
395.48,1011.2
395.91,397.5
398.44,224.68
415.07,387.61
416.51,1316.3
411.49,213.1
411.27,729.37
419.86,663.46
412.58,1147.7
433.39,347.87
417,1143
420.09,808.77
422.71,1017.3
434.89,404.93
429.66,950.76
426.05,978.1
450.36,1251.1
435.52,936.81
448.92,1150.4
470.63,1063
435.07,1107.6
435.88,235.35
443.67,836.41
439.6,1011.3
506.59,968.92
445.6,672.79
449.25,820.14
457.22,410.79
470.56,293.35
456.5,274.5
463.43,594.2
471.61,621.81
461.82,1013.8
466.32,865.08
467.22,549.33
468,680.5
474.1,490.27
485.79,409.01
482.02,502.24
478.81,434.92
489.17,457.43
480.45,258.41
480.62,211
486.12,1291.7
486.51,1015
509.59,1307.3
491.91,218.77
497.92,323
491.8,1088.3
502.25,21.628
495.48,906.91
497,1176.6
496.85,1258.2
502.42,1127.8
509.23,1228.1
535.72,1099
506.5,903
510.9,384.95
517.77,423.49
520.31,506.18
518.89,1190.4
524.41,457.46
536,522.72
530.35,807.73
542.92,544.32
546.88,1115.4
552.63,958.59
558.89,1320.8
553.17,407.67
554.23,842.77
554.42,856.61
558.84,1155.3
559.67,399.4
564.88,728.65
569.27,777.33
571.41,965.5
582.61,54.621
585.24,1059.7
606.29,338.34
596.63,1326.3
600.94,1094.3
601.05,1278.5
593.67,8.1667
595.23,1130.2
620.75,374.65
600.37,934.89
607.36,1130.2
618.21,996.28
605.18,1222.2
609.24,884.19
608.62,928.54
606.57,1034.9
614.53,1327.4
617.23,647.23
637.94,911.12
632.03,660.71
624.59,867.7
631.29,49.711
637.79,414.43
636.2,1034
640.19,1067.6
643.24,238.85
649.77,880.49
670.06,300.43
648.92,858.39
649.03,1256.8
655.1,457.9
659.88,814.78
657.13,1152.1
659.33,412.33
663.41,449.45
663.92,214.08
664,397
683.29,241.21
667.56,1224.2
674.59,682.98
684.47,721.64
673.32,898.31
682.51,1073.5
672.08,1187.3
675.45,410.69
679.56,10.279
674.96,1129.7
676,54.721
680.15,775.16
681.48,828.59
680.42,845.89
680.6,1159.4
681.8,853.44
690.67,894.79
688.39,692.46
690.18,166.98
692.81,1160.5
692.26,119.69
695.09,329.26
697.53,800.91
695.59,1245
697,416.92
719.96,1135
721.69,944.47
704.5,913.5
705.85,1216.7
713.6,28.476
706.95,921.91
714.12,774.65
727.74,844.38
727.14,242
728.5,427
737.53,753.63
736.59,125.85
736.04,391.01
736,621.5
738.71,628.66
798.9,1097.9
745.2,714.68
754.33,775.95
750.02,142.17
749.5,17.5
750.67,437.67
758.43,71.391
767.67,150.4
761.24,340
763.5,218
765.74,649.43
767.28,789.67
803.07,183.51
772.86,1218.6
773.72,404.63
819.01,1260.5
772.5,1237
775.83,325.36
776.83,729.23
790.96,1324.9
782.94,775.51
788.37,706.12
785.67,326.53
789.32,153.42
792.99,416.29
819.76,648.53
796.36,96.956
796.59,463.16
806.44,1244.6
817.05,95.63
805,1322
809.33,1193.7
834.46,688.08
810.22,58.556
811.13,1315.2
812.26,68.853
820.06,1160.8
820.38,1305.9
817.43,752.39
820.6,213
824,916
833.83,424.22
837.6,1304.3
848.29,1133.1
856.43,998.76
847.79,592.6
854.17,16.74
864.06,338.6
855.79,429.02
854.5,463.86
859.18,1245.4
858.7,1308.2
860.06,445.82
926.84,1014.7
875.77,1327.8
878.31,389.07
877.27,1114.6
898.43,665.66
880.84,531.45
895.93,817.48
884.16,758.24
886.09,522.29
887.41,1216.5
887.2,486.19
897.35,1169.5
901.2,1109.5
894.89,267.42
935.74,244.1
901.86,1241.3
913.08,509.92
915.18,1305.2
921.08,822.04
924.35,1288.8
926,745
927.43,596.83
942.45,1069.5
944.92,9.8438
929.95,415.18
931.32,653.82
939.4,84.049
935.24,823.79
938.42,1274
941,654.5
944.72,734.77
954.88,909.22
952.49,644.31
960.1,966.18
955.65,737.63
958.22,567.51
967.82,766.11
969.44,1035.2
968.69,712.07
965,1249.5
967.58,483.89
967.42,525.11
974.08,456.6
977.89,726.42
989.76,277.82
981.84,495.1
984.22,645.03
983.18,54.75
993.6,984.6
998.55,258.63
997.86,1253.9
1007.3,315.18
1020.6,1326.3
1017.5,955.16
1013.5,406.5
1020.9,547.75
1027.5,448.61
1043.5,627.99
1017.4,1059.4
1018.1,1099.1
1021.1,397.1
1020.1,1222.9
1031.2,259.83
1020,946
1030.9,829.59
1033.8,581.91
1034.1,1239.2
1036.2,1259.3
1052.3,1197.6
1051.7,1037.6
1062,114.57
1051.8,578.17
1050.1,829.91
1051.1,682.69
1079.1,1149.6
1065.5,1275.2
1061.6,609.62
1065.6,919.32
1063,214.33
1062,1028
1077.6,286.25
1071.9,1314.9
1083.1,349.57
1080.7,595.64
1107.9,1025.5
1075,371
1080.5,1219.7
1078.5,382.52
1088.1,1171.3
1077,1249
1080.1,968.43
1084.7,512.48
1088.1,1244.5
1093.6,899.38
1099.6,679.94
1096.7,644.71
1099.7,118.33
1099.5,185.14
1101.4,714.62
1116.5,925.55
1107.2,332.62
1106.1,1193
1110.4,659.34
1108.8,992.71
1159.6,849.56
1112.4,1216.9
1134.8,1131.2
1120.5,1243.9
1123.7,785.72
1127.9,1018.5
1147.5,633.24
1136.3,1058.9
1132.6,597.07
1135.5,776.35
1143.8,89.417
1136.9,44.091
1139.6,21.088
1143.8,601.33
1145.5,1199.3
1146,246.56
1148.6,213.95
1148.8,60.32
1154,672.15
1150.7,401.78
1148.3,763
1155.5,1237.6
1150.8,696.31
1152.6,223.71
1152.1,1034.6
1196.8,225.74
1171.7,1073.4
1155.5,589.42
1167.3,351.47
1159.3,918.67
1158,1310.5
1160.5,200.24
1164.1,897.25
1180.9,1282.1
1186.7,41.391
1172.4,178.89
1187.8,713.81
1175.5,432.66
1182.3,932.51
1186.9,1170.9
1236.8,50.097
1186.1,160.35
1186.1,171.05
1193.8,1041.9
1189.4,569.77
1220.7,292.21
1201.8,1299.7
1202.5,1136.5
1203.5,930.46
1209.8,346.85
1205.7,131.2
1210.5,961.5
1226,1107.1
1223.5,836.73
1223.5,126.79
1219.5,889.41
1226.5,1042.2
1227,900.11
1228.6,381.04
1231.2,21.429
1230.6,345.83
1231.6,612.8
1239.9,409.38
1251.1,662.55
1253.5,136.7
1247.7,324.97
1244.8,298.91
1260.9,1256.2
1254,834.09
1265,445.34
1271.3,1325.8
1271.5,487.23
1284.1,851.67
1283.8,133.08
1296.2,102.08
1299.4,872.46
1321.2,1328.5
1317.3,1277.8
1318,845.43
1324.6,1246.9
1326,1103.4
1326,541.46
1323.4,1188.8
1326.7,746.67
1329.1,96.209
1331.1,869.28
