4.7287,47.349
2.6538,701.06
8.0638,316.21
9,172.17
12.109,261.37
17.679,1028
18.205,791.5
19.436,821.62
30.049,654.7
30.313,146.14
29.885,176.5
35.986,529.81
37.741,568.55
38.576,980.45
42.389,124.86
44.045,340.07
48.555,1208.7
45,1094
48.102,932.31
46.857,1134.9
50.333,580
55.391,812.7
58.647,996.78
64.911,1034.7
65.909,149.91
72.547,36.609
79.826,645.5
83.314,731.71
87.725,1016.8
89.322,437.97
86.844,1246.3
92.92,128.69
92.763,611.67
91.936,160.7
93.319,481.18
100.16,46.7
106.66,864.09
105.51,1101.3
105.09,830.91
114.59,422.38
117.16,267.34
118.31,543.61
115.95,608.03
119.34,206.45
124.19,321.24
123.68,352.07
129.3,157.16
128.83,177.36
130.99,711.94
133.73,896.08
132.5,1129.9
136.06,1016.1
139.21,573.21
140.06,121.06
141.38,533.6
145.95,313.48
145,183.5
151.04,678
150.38,199.66
155.97,71.688
153,508
154.25,781.68
152.5,921
159.13,264.06
166,300.86
169.62,39.338
172.6,1184.8
170.5,1007
178.5,415.5
183.27,561.92
180.5,1003
184.1,1.8
185.12,512.65
187.97,607.45
189.58,685.18
187.92,1095.1
208.1,18.356
206.16,327.57
218.55,1073.1
208.47,1210
207.92,562.92
217.93,662.18
218.33,348.3
220.08,443.41
222.7,980.03
220.42,521.45
226,855
230,183.17
235.77,737.21
232.14,1030.1
238.6,482.29
241.21,984.92
239.08,390.44
238.17,852
249.05,136.61
243.28,1174.9
244.92,88.333
246.33,272.88
244.78,797.44
247.83,471
252.92,409.14
265.42,779.74
263,379
269.53,530.37
266.43,833.95
272.97,1171.3
270.76,853.84
272.96,337.57
279.06,868.7
279.11,377.32
278.5,291.11
284.64,1103.9
286.38,487.41
284.9,266.71
288.8,899.67
294.46,515.09
289.42,297.89
289.78,821.44
292.96,1028.8
293.91,191.91
295.21,246.94
307.49,278.03
302.41,88.376
299.9,458.57
299.45,806.42
307.86,165.17
315.69,879.15
313.56,1191.4
319.12,1056.9
318.93,82.414
323.6,767.53
325.71,252.9
327.72,155.06
326,624.83
328.65,1241.1
329.45,105.46
333.07,1127.7
333.67,414.94
343.63,762.8
337.56,629.76
336.61,25.139
341.13,185.54
340.67,991.26
342.59,242.55
344.55,962.71
344.08,696.92
351.18,386.84
352.29,866.45
352.91,200.09
360.22,462.45
356.1,170.5
361.75,500.7
362.2,299.5
359.96,395.92
361.93,256.39
362.5,191.7
363.46,755.46
362.91,866.09
368.46,592.84
369.63,1094.7
368,557.83
379.15,173.5
374.57,467.06
374.58,1026.5
384.04,952.69
388.7,781.39
387.1,267.66
384.71,294.68
382.11,718.58
383.92,456.78
386.67,736.6
387.85,139.57
393,410
399.43,647.63
398.22,5.0521
397.39,803.97
399,963.89
404.76,34.475
409.85,693.64
413.09,1081.1
418.23,281.62
417.07,746.69
420.09,720.42
425.42,1079.3
425.04,550.89
429.71,969.82
440.02,930.93
442.5,100.5
445.1,369.16
445.5,855.5
451.89,1003.6
450,840.27
453.91,1170
460.51,545.6
455.42,700.89
456,1110.5
462.4,244.18
461.69,494.93
461.47,963.93
464.52,162.41
466.11,269.97
462.42,409.55
462.88,511.88
464.29,949.86
465.18,64.518
464.9,113.1
465.71,1035.8
473.42,351.62
469.43,587.43
474.41,1089.8
479.06,943.86
485.69,389.83
486.33,1107
489.37,745.63
493.12,917.42
492.38,978.88
496.02,867.55
501.56,560.74
506.57,518.15
504.07,575.95
508.31,984.45
509.26,202.68
515.69,1053
512.4,1025.6
520.46,442.66
525.8,240.44
530.77,268.1
526.67,810.17
532.78,933.37
534.45,326.83
538,1.8947
537.17,992.93
539.06,1222.6
543.23,475.94
540.71,1068.4
544.69,377.83
547.27,719.18
548.58,1176
549.29,237.33
551.31,1013
553.03,504.39
556.78,1140.1
555.52,861.6
558,1194.5
562.19,1080.4
566.96,872.08
565.43,739.42
569.65,539.71
569.05,369.65
568.62,179.83
570.69,788.65
569.1,384.95
578.4,927.84
578.62,1119.2
580,744.8
583.71,721.02
587.58,672.11
597.4,461.44
597.96,837.63
596.8,941.3
602.07,276.12
605.13,533.56
603.59,126.39
609.44,521.36
607.3,702.91
608.37,770.98
609.71,258.52
614.89,292.58
615.87,443.15
615.84,1201.5
615.29,207.9
616.65,1221.1
624.2,320.23
623.99,1060.8
628.02,685.24
629.21,356.02
624.58,972.55
628.97,509.27
636.09,186.54
635.45,163.04
634.46,925.6
635.5,99.5
639.5,17.256
637.28,983.14
641.94,109.8
640,973.68
646.21,984.9
645.5,207.5
648.4,64.032
646.5,184.5
655.19,953.04
655.97,176.37
653.13,294.5
654.2,506.23
657.41,1011.8
660.03,94.72
655.59,992.06
659.66,1225.6
663.91,482.91
665.82,407.66
664.62,854.38
671.08,1131.2
672.47,231.49
675.33,468.33
671.34,812.28
675.89,1067.5
675.76,685.35
680.3,744.4
678.42,848.58
682.08,437.78
683.17,330.85
679.83,480.3
682.9,141.43
693.17,55.484
698.03,874.36
699.91,742.61
699.02,1183.6
708.96,893.22
708.09,169.4
712.31,254.46
710.9,227.28
711.22,389.44
711.91,70.909
713.57,840.12
714.07,45.407
720.67,818.35
722.51,188.85
725.3,416.47
728.94,652.96
730.35,844.47
728.32,873.51
727.06,714.09
733.46,969.5
735.4,290.41
737.86,1035.4
741.98,1008.3
742.24,896
743.67,921.19
744.5,259
747.46,16.216
747.92,443.64
748.64,946.71
756.7,977.11
756.15,428.35
757.16,328.54
755.42,552.42
760.71,951.58
758.62,267
758.04,1191.6
764.5,762.2
759.87,922.59
760.86,80.5
765.33,50.352
771.18,820.67
766.31,1016.8
767.5,38
771.26,361.07
781.7,186.07
780.11,363.11
783.49,137.51
786.58,242.9
788.28,876.88
786.07,395.25
785,418
789.54,103.71
793.03,310.97
798.02,1034.3
800.9,1075.2
799.92,544.49
801.07,573.53
807.54,680.99
811.12,709.53
807.83,1045.7
810.8,887.22
811,59.756
819.04,503.57
821.4,905.22
823.28,1219.7
827.14,251.77
826.78,1130.5
828.21,1077.9
829.59,19.406
832.52,138.42
832.39,572.85
834.64,656
840.35,205.8
837.94,741.41
841.77,1026.7
855.08,1090.2
848.59,152.12
843.32,1066.1
851.19,303.54
851.46,459.74
850.76,92.909
849.31,1130.8
851.39,33.25
855.59,502.67
856.81,927.99
852.93,1229.5
856.48,645.36
864.48,84.258
861.67,1131.2
864.21,255.54
865.29,660.57
867.64,1179
871.36,471.59
878.09,590.31
877.77,744.52
874.4,1053.5
877.37,651.52
879.27,118.27
883.95,21.525
890.01,61.506
892.3,446.54
895.08,942.27
892.58,602.98
892.2,994.32
896,1093.3
902.48,1060.9
898.5,1010.1
899.84,1148.7
901.06,725.03
906.39,884.39
900.77,900.23
909.2,697.56
914.08,770.43
912.56,1043.7
910,1196
913.36,682.55
916.9,641.86
918.07,795.59
922.97,1128.4
927.32,466.54
933.74,525.32
934.59,540.07
940.03,639.61
938.57,764.56
944.12,414.22
946.13,863.86
941.62,1038.4
942.62,347.62
942.08,734.92
949.6,1245.7
951.32,999.05
957.88,776.32
953.4,1045.4
957.09,3.0625
956.07,817.56
958.84,503.93
958.13,664.52
961.23,410.49
961.42,34.105
967.65,354.9
964,437.35
967.97,692.55
966.58,840.3
968.45,557.92
973.86,586.21
975.44,815.13
978.85,859.3
976.79,960.18
979.78,1165.6
978.5,92.143
987.32,452.8
979.92,1118.2
982.08,764.08
985.68,634.71
988.11,780.79
992.22,817.04
994.36,549.77
992.62,58.765
1001.8,620.18
1002.1,28.5
1004.9,591.07
1009.5,1160
1018.1,819.27
1014.3,787.4
1015,10
1020.5,437.33
1025.7,171.98
1022.5,639.94
1022.7,1051.7
1026,549.82
1029,608.99
1031.4,269.84
1030.1,37.769
1032.3,487.17
1030.5,981.14
1032.1,315.07
1031.6,1077.7
1032.1,403.92
1033.4,384.33
1032.4,1015.6
1034,457
1038.1,798.91
1045.5,882.85
1049,342.07
1043,695.5
1051.7,754.19
1056.6,704.02
1057.5,463.42
1059.6,999
1062.6,1031.7
1060.6,1229.1
1059.4,1083.6
1061.5,625.94
1061.5,482.31
1060.7,795
1075.6,609.02
1073.6,1230.4
1078.6,274.57
1073.9,830.41
1079.6,310.55
1080.7,930.55
1083.2,504.24
1084,476.89
1084.9,1113.8
1084.5,447.5
1088.2,867.27
1090.1,390.09
1096.8,1062.4
1097.6,711.05
1099.5,1112.4
1100.4,241.95
1104.5,320.86
1106.1,1075.3
1107.3,217.46
1109.5,1246.5
1109.6,333.8
1116.1,646.99
1117.5,602.5
1130.8,824.62
1126.2,617.44
1132.6,301.14
1136.1,789.48
1132,150.17
1134.4,646.59
1140.9,598.85
1140.9,967.59
1150.2,864.27
1171,614.99
1149.5,644.58
1149.8,685.39
1154.2,1077.6
1157.1,900.44
1152.6,1103.6
1156.1,173.38
1160,793.75
1163.1,584.1
1164.6,677.94
1168.8,441.24
1167.1,1011.6
1173.4,546.98
1174.9,564.24
1177,387.13
1185.8,957.25
1188.3,581.84
1193,455
1193.3,900.71
1196.1,1060.1
1204.4,474.91
1205.3,110.91
1206.6,1083.3
1210,557.92
1212.9,1234.6
1214.3,425
1219.6,464
1223,930.58
1224.8,511
1227.5,1129
1230.6,315.04
1230.3,969.91
1234.2,1130.7
1237.8,1167.8
1242.5,795.19
1240.5,28.344
1240.5,768
1243.8,980.13
1246.3,39
1247.1,1221.7
