3.102,953.16
12.571,693.4
11.9,869.5
16.307,668.93
15.4,787.4
23.405,1018
34.948,1154.5
38.73,657.47
51.926,673.59
59,150.5
63.564,432.96
66.602,789.59
82.972,770.73
84.13,849.78
82.581,1125.5
95.826,695
100,171.25
100.57,342.43
105.3,570.08
106.91,328.09
109,933.5
118,160.75
132.75,382.98
145.09,354.91
149.85,643.33
161.62,53.717
165.85,1221.7
162.93,311.41
165.54,142.66
188.5,957
199.24,874
201.75,673.19
203.83,71
211.02,256.33
222.28,1123.7
224.86,1160.6
244.72,14.574
251.5,854
255.38,1205
262.74,349.57
261,498
264.78,951.47
269.87,766.84
272.93,465.59
274.9,917.38
277,480.68
288.14,312.61
288.95,895.92
298,708.25
306.36,117.91
306.5,1058.5
305.12,1246.6
321.77,595.6
323.48,668.43
327.6,883.11
328,900
332.68,88.783
351,16.167
349.5,690.5
352.69,638
352.07,1051.6
356.12,1138.2
361.62,68.625
363.92,1098.4
370.5,352
386.93,1116.9
387.06,86.922
385.61,474.86
387.8,1179.7
397.5,286.5
396.91,953.91
404,71.5
431.16,477.53
427.42,1127.1
434.5,219
445.74,600.07
452.98,810.1
461.13,844.55
462.83,908.83
463.1,26.099
465.45,1075.7
473.66,1056.4
478.44,835.63
489.83,706.91
490.26,218
490.29,414.29
497.4,266.11
510.5,538.35
518.25,655.06
516.72,972.47
519,11.154
530.14,367.17
532.3,930.6
542.96,95
549.89,237.79
563.06,532.46
566,856
572.5,1129.5
576.08,1231.9
584.65,138.7
587.19,1197.3
595.45,1061.7
598.34,351.9
601.97,741.45
606,698
614.4,1090.4
623.42,1210.4
637.06,191.3
639.5,372
648.42,691.11
653.92,881.54
668.28,388.61
673.91,1210.1
677.4,234.64
684.65,433.12
691.03,305.67
693.47,247.72
697.65,1146.7
703.28,873.47
709.62,366.72
710,683.22
712.68,1196.4
711.94,888.7
714.48,540.17
713.71,466.29
717.5,46
720.83,60.73
724.44,495.45
724.66,1121.9
736.68,388.4
738.31,417.04
746.32,1171.4
746.4,334.64
747.34,167.62
754.98,1241.2
754.42,1038.1
759.88,1152.6
761.5,612.62
765.6,436.5
769.38,990.66
779.87,477.87
786.25,773.21
782.5,1125.5
795.61,97.139
815.35,1014.8
817.14,240.25
817.66,402.06
821.06,1093.4
822.5,1033.5
828.91,888.95
828.34,998.47
836.43,851.99
838.93,134.59
845.38,547.98
845,678.83
854.91,165.1
865.28,1016.9
869,285.35
875.59,1062.6
875.68,241.78
888.22,459.63
890.37,128.37
898,548.83
907.86,48
906.93,283.41
913.58,835
913.66,59.148
921.46,1122.4
924.34,613.47
932.34,465.62
935.94,268.7
956.55,395.98
955.55,168.41
968.5,78
968.99,265.91
967.93,1132.4
984.91,578.91
986,292.5
995.09,1126.9
999,536.83
1025.2,707
1028.4,1157.8
1027.5,52.081
1030.7,1189.1
1033.5,307.4
1036.6,752.4
1040.3,1143
1044.5,405.05
1045,1001.5
1053.3,648.47
1054.1,118.09
1060.4,217.11
1066.5,203.95
1066.7,285.42
1064.4,348.89
1075.2,814.04
1090.6,1086.9
1098,1246.7
1104,664.42
1109.3,860.56
1119.5,546.95
1119.1,955.26
1121.8,1025
1133.5,724.5
1134.9,340.09
1151.2,150.07
1150.9,772.88
1151.6,1060.4
1156,176.5
1161,584.75
1183.6,1166.6
1185.8,475.96
1186.9,493.59
1194.6,78.327
1195.5,634.43
1202.4,24.367
1202.6,156.47
1213.9,494.44
1216.4,425.33
1219,1195.2
1227.6,1010.1
1227.9,302.09
1229.6,841.6
1229,150
1230.6,920.52
1234.5,61.882
1237.6,150.17
1241.5,651
1244.7,789.71
1245.1,525.92
