3.2941,52.863
59.844,128.53
21.731,225.43
12.899,681.96
3.4497,1064.6
22.008,1162.2
14.265,978.84
7.4651,1175.8
4.92,278.4
7.6154,1231.1
18.305,890.94
11.946,1197.3
12.556,1216
31.206,295.2
33,74
43.162,887.91
55.774,1056.2
97.649,350.99
58.793,459.75
73.875,897.29
59.679,1189.6
63.4,539.65
66.4,400.4
82.985,248.08
76.682,358.06
73.735,1313.8
84.644,1250.8
75.976,1283
101.87,1284.3
106.25,887.25
109.62,1048.6
114.53,1314.5
117.36,1236.9
134.84,89.129
144.66,1048.7
140.2,1103.3
147.01,105.48
147.96,1142.8
175.16,755.01
157.66,1094.5
200.11,435.5
164.5,613.5
200.09,1146.6
176,179.5
178.2,881.4
180.39,130.82
193.92,845.82
190.3,540.9
226.88,171.83
189.93,650.93
204.78,315.84
203.59,618.52
215.42,27.576
216.45,966.07
220.25,628.52
226.08,995.3
235.03,736.53
241.8,832.86
244.5,314.07
247.56,723.57
255.64,383.9
251.86,654.9
254.13,633.25
273.81,539.66
288.7,883.44
287.37,329.7
290.79,905.85
294.24,151.22
289.28,820.03
309.1,758.14
311.81,198.14
316.53,842.44
320.52,816.01
320.47,324.12
329.27,1314.8
322.12,366.23
331.4,779.5
333.85,562.45
337.38,551.27
364.5,855.46
363.27,291.58
413.89,732.15
345.08,1065
347,1158.5
452.91,687.23
353.6,1086.6
379.16,601.08
379.63,1148
376.66,515.4
396.87,1328.7
398.82,781.69
400,1121.5
401.44,1140.9
423.61,1211.2
448.04,375.99
441.4,622.19
440.55,910.69
438.82,583.14
458.11,806.05
470.65,639.72
465.52,383.37
478.59,343.07
511.15,717.44
497.59,377.25
498.59,691.06
515.54,81.038
518.75,357.29
554.47,406.27
578.19,713.06
574.68,120
545.63,511.76
545.63,91
567.77,379.27
555.61,694.14
587.51,236.43
580.06,764.72
694.01,643.63
614.58,754.6
636.22,688.65
633.47,833.59
641.59,769.12
678.17,369.72
664.56,604.66
686.47,687.2
682.84,585.26
703.5,769.7
704.05,461.95
721.34,443.02
711.22,687.28
717.68,818.41
722.43,534.71
737.07,482.53
732.5,814.6
768.83,424.58
772.17,712.01
776.22,822.49
795.5,1174.8
783.95,1081.5
783.72,550.71
831.39,675.62
793.31,655.74
806.51,1064.6
816.37,1279.1
814.69,916.84
819.38,542.4
840.26,468.5
850.73,281.93
841.62,742.29
838.34,550.05
838.17,1313
841.84,1283.1
845.59,942.62
845.43,1330.2
844,560.5
856.82,1192.1
865.42,380.07
860.64,153.4
862.8,573.4
878.1,505.8
879.13,786.55
868.61,454.42
870,543
878.29,953.78
882.2,559.48
898.63,1232.2
905.71,574.75
889.5,678
891.08,1127.8
908.87,775.97
902.31,1117.1
906.99,364.47
912.01,442.66
908.03,1099.3
914.14,413
935.15,1208.3
932.64,475.15
925.38,917.35
946.96,618.45
939.04,497.88
956.2,667.6
969.01,316.61
962.31,862.39
980.76,790.48
975.6,980.84
972.33,399.33
978.74,668.08
975.04,141.05
975.28,609.91
988.88,203.35
998.36,1048.3
1012.4,700.09
1006.3,863.67
1004,950.57
1004.1,799.22
1009.4,1006.5
1012.3,804
1027.1,837.78
1015.9,1075.6
1019.2,752.22
1035.9,1221.2
1024.1,1032.6
1029.7,227.52
1044.2,788.34
1038.2,192.42
1030.5,1100.5
1043.6,975.69
1033.8,1131.9
1034,1141.3
1036.4,1301.5
1038.4,1312.5
1033.8,30.285
1063.9,160.22
1059.3,919.03
1045.9,1097.2
1044.5,89.5
1063.5,1072.8
1057.5,1179.4
1063.4,997.14
1075.1,768.82
1071,740.5
1074.5,845.71
1094.2,1179
1076.3,963.62
1082.6,1032.7
1084,974
1099,1060.6
1091.8,740.23
1110.5,708.61
1108,975.18
1117.7,1125.1
1116.6,890.66
1119.9,113.1
1117,878.29
1144.6,1089.7
1149.8,1059.3
1156,798.24
1153.4,1125.1
1189.7,753.83
1171.5,1095.4
1194.7,58.511
1213.4,1097.3
1231.7,120.76
1219.1,280.93
1233.8,296.04
1246.1,629.42
1250.6,778.57
1287.9,90.626
1261.5,651.59
1278.9,789.43
1288.2,156.53
1270.5,625.5
1285.8,645.55
1301.9,678.51
1314.3,804.41
1324.9,814.09
