1.8,156.5
7.3163,645.62
5.0909,382.09
9.6829,787.59
9.4536,1088
17.5,336.5
21.584,756.69
21.364,1136.5
31.78,55.022
33.577,98.908
34.822,1127.6
52.1,1211.6
64.696,219.09
73.083,309.92
82.698,134.44
87.718,550.47
101.6,1011.4
113.27,1132.3
112.68,441.74
118.8,579.49
119.5,816.29
125.11,316.63
131.17,254.26
136.57,346.08
142.05,396.53
166.2,671.49
168.4,758.7
168.5,1228
172.5,153
174.14,1068
176.89,817.02
182.39,182.94
179.25,761
184.67,305.2
201.23,453.79
209.5,749.72
213,46.5
215,416
236.45,303.02
241.92,931.14
243.14,503.14
253.03,309.64
249,1045
256.19,290.4
267,628.5
271.08,1128.6
278.5,433.64
287.34,594.47
287.85,208.27
296.87,122.93
295.5,458.5
296.68,618.36
295.39,892.39
301.28,999.12
301.6,1109.4
314,1106.3
331.67,379.37
343.3,755.56
345.07,828.2
364.6,562.15
364.14,989.14
369.37,684.28
389.5,534.5
391.06,1035.9
392.63,1086.6
403.28,1199.5
410.89,129.62
413.2,567.93
416.73,225.72
416.84,817.9
420.95,447.63
421.59,1177.5
433,1002.5
438,975
436.33,1036
439.88,348.08
450.38,598.31
453.45,421.58
457.79,756.5
480.96,894.62
481.45,515.71
489.58,969.11
510.14,1168.5
526.56,247.96
545.43,757.85
555.06,1065.5
572.76,568.7
570.68,950.55
571.18,330.02
578.5,657.81
579.54,85.804
583.58,1003.8
590.71,238.77
603.83,1163.8
609.6,1082.1
614.39,852.86
630.39,502.61
628.83,781
632.54,366.17
635.41,542.49
636.3,1245.8
635.43,732.43
649.29,831.46
650.42,43.061
656.12,184.44
661.9,910.23
679.09,59.729
687.74,77.13
700.5,1225
724.17,465.43
725.52,1055.1
734.67,165.79
740.5,264.93
742.4,106.36
750.38,224.34
748.33,1013
756.11,500.37
757.38,1245
761.44,362.28
760.44,49.077
773.3,349.93
773.31,1230.8
783.22,217.07
786.02,240.94
790.99,803.85
790,688
793.4,695.72
810.56,185.46
809.32,719.22
812.09,1048.9
821.56,829.05
833.42,247.9
835.92,849.61
839.1,908.61
842.19,272.43
847,496.32
848,867
851.42,1083.6
862.14,496.55
874.17,27.423
880.88,988.61
880.5,1051
889.43,1239.3
898.77,41.562
904.55,540.01
911.09,934.09
914.28,641.36
921.68,70.784
932,689.5
934.39,1185.3
936.59,820.39
936.31,1084.1
959.91,1241.7
960.43,757.39
962,831
966.89,725.58
975.48,727.89
984.96,348.22
984.5,93
989.56,542.27
991.15,684.44
992.08,331.08
992.42,223.11
1006.5,1147
1009,154.96
1014.7,811.92
1017.6,670.45
1022.9,924.45
1031.2,1021
1029.6,897.18
1033.5,1196.7
1033.8,255
1034.3,534.1
1037,563.06
1036.6,774.07
1037.9,458.47
1049.4,139.42
1058,1103.4
1059.8,292
1064.8,62.429
1067.6,493.34
1066.5,1073
1083.7,178.4
1081.8,845.5
1082.5,898.5
1090.3,524.91
1087.5,858.5
1093.5,983.23
1098.4,712.08
1104.2,507.24
1104.5,392
1110.2,674.52
1114,362.83
1118.4,1207.5
1134.7,583.59
1136.5,918.36
1137.9,326.15
1142.1,956.52
1145.2,1103.5
1148.5,431
1155.3,358.94
1156.8,791.62
1171.3,1172.3
1174.3,97.939
1174.6,800.89
1177.9,678.59
1186.6,931.18
1187.7,539.2
1193,1141.7
1193.4,241.37
1198.2,632.63
1204.5,139.55
1202.9,461.63
1213,1173.7
1223.1,459.55
1225,704.16
1225.1,760.37
1228,312.24
1229,225.5
1237,682.68
1238.4,798.63
1246.8,1143.1
