4.5294,514.96
11.453,973.13
10.14,404
15.826,1167
31.257,196.73
31.165,80.078
29.872,1180.9
37.5,231.1
39.5,1247.2
51.5,1086.5
55.279,231.43
58,538.74
59.353,1063.5
60.208,1141.5
62.952,162.07
71.099,989.9
73.575,175.6
88.156,1052.5
91.061,474.92
91.308,632.75
91.5,446.63
101,1054
114.24,895.41
117.63,470.5
120.6,649.9
135.37,1031.7
141.98,419.12
139.18,16.608
140,399.83
148.42,458.58
151.7,1186.2
151.39,931.86
157.09,259.13
158.07,523.8
165.4,207.89
165.5,280.5
167.47,1235.2
170.81,859.33
180.87,1073.6
179.93,638.59
189.06,527.3
190,387.83
198.96,354.99
206.77,418.77
203.83,194.43
214.4,619.12
220.5,513.77
221.58,376.58
224.67,598.38
224.72,1129.1
224.98,204.02
224.94,790.94
231.71,526.71
236.03,253.07
236.69,592.78
238.05,929.53
241.16,1221.5
243.56,582.03
245.55,742.22
246,432
248.4,1087.9
250.75,284.04
256.94,97.397
257.87,414.37
262.57,4.0843
268.33,164
268.5,815.5
272.59,940.91
273.21,660.25
277,1167.7
283.1,371.61
279.58,570.11
282.31,807.17
287.93,667.95
290.91,1223.9
296.13,570.05
297.85,841.45
307.2,667.37
307,230
306.08,1179.1
309.06,990.46
312.06,893.11
315.02,56.62
316.28,608.53
319.36,632.15
322.49,717.42
321.75,1010.8
333.73,347.56
330.1,557.62
340.66,1108.4
343,187.75
348.89,482.42
357.07,1071.6
357.82,1208
358.21,1056.5
360.96,577.55
370,833
370.17,1033
372.43,580.39
376.38,521.04
377.95,720.47
376.58,305.89
386.19,219.24
391.86,527.02
389.96,657.86
392.17,1204.4
394.17,286
406.33,583.96
406.5,1142
407.5,378
421.4,466.68
417.17,661
432.99,249.39
433,404.5
446.53,694.96
452.15,31.1
451,389.92
454.1,519.51
455.93,1001.3
454.58,1073.5
460.55,243.39
481.08,478.92
483.49,801.84
490.3,242.64
496.67,1089.9
502.59,270.59
500.91,1172.7
505.98,429.64
502,468
505.1,172.62
506.85,230.76
511.55,147.96
513.95,519.64
519.58,362.89
540.79,723.48
546.99,126.12
560.53,368.94
559.11,1198.5
562.44,609.03
566.35,697.5
568.07,656.59
578.19,71.815
585.43,458.92
588.26,1086.5
587.06,244.55
594.53,180.07
595.14,1163.1
599.12,329.41
603.96,819.87
610.85,898.48
620.99,330.31
622.06,441.33
622.84,142.06
623.88,944.86
625.58,862.11
628,316.5
636.16,871.13
635,603
638.58,1195.5
641.75,317.19
648.74,822.19
657.89,449.89
662.33,508.35
670.75,1189.2
673.21,306.31
676.93,988.14
680.48,391.26
687.56,334.46
695.32,721.36
701.58,10.105
709.5,699.22
710.27,736.17
720.95,247.53
736.77,18.37
734,608
736.42,698.69
739.5,130.5
741.72,609.02
740.5,818.5
754.12,265
754.88,391.04
759.69,152.04
767.05,630.91
774.91,571.91
785.99,472.22
780.08,767.92
785.57,134.35
788.71,256.81
785.74,613.11
794.93,624.41
797.81,121.07
804.53,1208.8
808.95,791.38
807.11,549.37
808.5,172
814.22,839.59
819.56,1170.7
823.34,59.583
825.18,600.82
828.55,508.57
829.58,305.42
836.43,949.95
842.34,11.8
840.42,882.11
846.93,28.593
852.85,682.71
856.82,601.62
860.59,979.13
871.53,693.41
868.09,877.91
875.05,202.77
887.04,379.52
889.11,1181.5
889.56,410.08
891.97,142.06
892.1,928.22
903.19,81.141
907.57,1227.1
909.63,1168
920.06,166.91
922.49,1239.2
923.44,688.03
935.65,119.24
941.58,606.61
944.48,761.87
947.35,709.27
949.42,861.61
955.62,340.14
955.42,579.21
969.05,909.93
975.14,12
982.77,687.94
985.82,576.39
989.5,1217
997.86,943.43
1003.2,896.93
1007.7,551.1
1009,621.19
1016.4,24.5
1015,792
1017,103.62
1021.5,678
1034.2,240.56
1035.2,88.676
1035.1,744.08
1040.9,388.44
1049.7,552.9
1049.5,964.97
1050,458
1049,769
1062.1,31.493
1071.1,636.9
1079.2,821.33
1079.4,421.69
1081.1,490.5
1089.6,1189.2
1091.5,269
1095.6,90.103
1097.6,1169.1
1100.7,359.84
1111.1,409.55
1107.1,781.09
1111.4,804.94
1109.4,472.58
1110.5,19.5
1113.4,515.89
1121.7,948.56
1127.2,353.66
1124.1,809.91
1136.7,79.35
1148.5,749.33
1156.5,269.27
1161.4,638.09
1167.2,379.32
1166.5,613.5
1183.9,1065.3
1187.7,139.91
1192.4,524.91
1196.3,643.84
1201.4,582.71
1200.9,1092.4
1202,186.22
1202.1,1173.4
1206.9,232.8
1206.2,733.57
1208.7,99.485
1210.5,459.93
1221.5,580.72
1224,796.57
1224.8,873.69
