3.1702,1222
6.0811,1156.5
11.009,54.583
13.412,316.61
8.5758,371.42
7.4211,1186.1
16.814,115.03
19.75,448.57
35.209,202.25
32.069,1210.6
34.367,427.55
37.15,1123.6
38.786,685.95
38.898,1091.7
40.397,1109.2
47.5,856
48.769,43.538
48.062,963.91
59,595.5
61.857,535.49
64.806,63.189
64.828,855.04
69.649,359.02
73.167,766.93
82.11,417.92
75.5,942.5
95.098,1108.5
99.896,580.17
107.28,1198.7
110.57,364.53
113.09,130.03
118.78,865.47
121.34,319.94
120.38,956.82
122.08,890.56
132.5,152.58
130.5,477.5
137.69,555.9
139.5,512.38
141.66,839.89
146.5,404.69
151.45,1188.8
153.48,389.46
150.39,1148.3
156.72,726.06
155.38,645.95
159.98,51.379
160.06,32.5
161.99,165.29
164.2,370.28
167.02,525.39
174.65,150.42
173.12,217
174,546
176.09,234.68
175.55,329.67
186.12,867.38
196.98,638.1
193.36,1007.5
195.14,677.5
201.79,947.64
207.53,879.2
210.57,1225.9
210.58,960.11
217.19,544.59
223.88,303.54
222.1,724.4
222.5,62.5
228.69,1055.9
228,1077.3
234.67,1142.7
240.53,867.81
247.29,925.42
249.06,416.66
248,1015
248.5,61.5
258.71,739.04
259.91,270.6
264.65,412.53
266.53,353.01
265.13,1042.5
265.52,571.37
271.28,739
270,724.67
277.89,598
281.26,741.96
277,852.5
284.91,288.07
282.86,1026.7
297.2,853.56
298,68.792
309.13,666.33
316.36,368.45
316.69,544.83
320.38,698.87
318.06,1145.1
327.38,204.71
326.52,476.8
326.12,600
332.37,925.46
333.65,105.58
334.22,1096.4
337.96,347.2
340.42,417.48
338,809
343.29,189.46
351.48,793.43
357.43,589.38
358.54,406.2
358.74,752
364.18,1005.9
368.37,916.37
371.16,764.53
380.71,243.97
384.06,160.66
389.09,836.54
387.88,1229.4
390.26,650.08
392.23,52.905
396.29,563.88
397.71,110.39
408.32,581.36
408,453.5
409.52,871.71
413.37,279.63
417.84,719.41
418.96,1041.6
420.51,376.45
423.08,570.35
430.34,449.09
442.26,1071.2
441.83,39.426
443.87,964.74
449.99,408.54
449.58,759.93
455.93,935.02
464.59,219.44
459.07,1040.4
461.07,8.9286
469.9,974.37
467.42,897.89
473.39,472.29
483.56,781.79
484.5,1205.5
495.34,714.49
501.43,598.2
507.89,400.89
510.04,283.54
512.8,712.06
509.37,1004.4
515.56,114.92
522.33,1227.3
522,171.68
525.62,222.12
528.98,654.1
528.08,493.92
537.58,311.36
537.56,22.718
541.77,47.34
546.1,242.51
546.95,924.66
545.42,86.105
546.11,632.58
551.27,176.67
549.82,615.8
561.15,394.65
561.74,598
563.42,262.89
573.42,1045.8
579.82,544.8
574.42,384.19
574.95,518.07
579.73,411.98
579.94,190.69
585.29,726.21
586.54,1102.4
588.72,888.66
590,762.35
593.5,690
598.38,237.43
603.43,1134.4
610.17,770.87
614.14,320.07
620.52,229.8
622.91,194.72
634.61,600.14
640.48,927.95
641.55,1045.9
647.24,149.71
645,813.5
661.08,171.37
664.78,288.34
673.96,462.96
672.5,612.5
676.89,881.26
676.41,1202.1
682.32,580.5
701,817.5
706.79,1179.5
711.15,35.388
711.29,700.68
721.5,989.5
731.87,646.95
733.19,375.33
733,165.24
734.29,982.55
738,134.5
746.5,238.11
749.17,566.07
751.64,1172
758.4,722.32
758.49,1153.1
756,387.83
761.18,532.14
761.27,570.35
764.62,1064.3
765.89,887.06
768.25,61.5
774.87,1079.9
782.63,969.01
797.38,350.98
796.9,391.15
797.22,534.38
810.4,449.37
810.42,126.55
820.86,1151.5
822.62,1243.4
825.8,279.37
826.56,87.951
827.97,340.59
831.7,139.64
830.98,739.61
835.92,103.8
840.14,250.5
844.4,263.89
849.92,1153.9
858.55,134.63
863.55,650.24
864.98,3.3958
871.55,962.55
879.99,903.42
885.03,1069.9
884.8,351.57
894.17,719.51
893.21,920.96
909.74,1048.9
912.15,470.38
915.55,258.45
917.95,328.62
919.3,840.82
915.5,54
915.5,172
928.47,634.71
933.85,736.72
934.78,1067.1
936.94,237.3
936.57,498.66
938.31,1090.8
941.17,85.574
965.44,686.54
972,655.32
973.71,1064.4
978.4,1139
978.71,401.2
978.27,291.4
979.33,562.05
986.81,524.62
985.38,617.87
989.59,789.5
991.86,658.66
992.21,1080.5
995.92,963.33
1000.4,455.69
1011.1,254.2
1013.9,1018.5
1020.5,648.65
1022,578.45
1023.9,1241.9
1028.7,799.76
1025.6,520.61
1036.1,518.08
1048.1,356.38
1049,851
1052,868.02
1054.6,1042.4
1053.5,1017.5
1058,1113.7
1059.6,956.92
1069.1,888.84
1074.6,160.24
1075.6,591.54
1079.1,186.59
1084.8,412
1087,1186.4
1089,679.48
1095,842.17
1097.4,216.05
1106.2,460.59
1137.1,177.76
1135.2,1240.9
1142.2,918
1144.9,393.05
1143.9,498.59
1153.4,586.56
1159.7,354.06
1157.3,1165.1
1157.9,630.68
1159,721
1171.7,508.81
1173,131.57
1171.8,228.82
1177.7,1150.4
1189.6,689.86
1188,719.38
1187.5,47
1190.6,309.58
1195.9,187.45
1197,1061.3
1195.5,116
1202.1,446.53
1203.5,856.78
1204.6,902.37
1207.1,431.54
1219.8,226.93
1226.1,797.91
1231,576.83
1240.5,818.31
1247.1,933.5
