4.3906,45.141
2.375,438.23
4.5658,664.43
3.0741,1113.4
9.0644,1188.5
11.192,924.03
12.239,336.26
18.165,636.27
17.809,1026.6
25.486,812.54
23.581,696.55
28.405,505.84
29.903,1185.6
32.728,550.68
39.56,61.92
40.533,593.67
44.516,1073.6
49.934,457.14
47.579,1193.9
52.244,35.449
55.853,591.96
51.925,1117.2
58.753,209.04
55.333,579.83
58.84,1145.7
59.788,675.67
63.808,891.4
66.815,626.59
66.421,7.8947
69.5,1044.5
71.164,1073.6
71.404,386.73
69.938,472.09
70,1146
73.923,406.18
86.544,444.18
88.141,1147
83.5,905.5
88.972,772.31
87,851.5
89.849,859.36
89.424,1000.4
88.5,1107.5
92.471,614.29
98.483,141.99
101.54,1075.1
106.91,892.78
105.48,745.43
108.65,172.5
111.79,279.65
109.5,684.2
110.54,1082.4
111,1.8947
112.47,76.581
128.51,1040.7
126.88,581.99
123.31,222.08
124.82,1090.8
126.75,921.23
126.49,84.835
122.5,1068
127.91,388.03
127.5,1011.5
130.99,1058
138.2,427.97
141,87
143.32,1105
145.32,1154.5
157.26,60.789
167.42,145.32
167.85,1038.5
171.79,935.08
172.53,1092.9
173,205.76
177.18,748.85
173.4,1064.6
176.3,1110.8
174.93,1215
177.81,274.01
176.33,801.63
184.55,460.87
195.9,887.68
189.65,1178.2
190.67,29.513
191.5,555
193.5,662
193.39,854.86
201.47,29.875
201.05,440.15
203.92,484.95
202.93,1173.6
208.01,796.71
212.96,1244.8
211.6,41.6
212.85,33.346
212.43,933.43
219.23,658.47
219.07,760.38
225.1,1063.8
221.32,128.78
224.61,552.14
225.97,1243.6
230.34,607.88
230.08,117.56
235.06,973.6
238.06,101.1
238.04,886.33
235.86,1014.1
239.66,411.46
240.37,1164.3
250.74,670.03
252.89,1205.4
252.07,7.4138
256.66,494.95
264.1,898.03
263,190
264.37,519.3
269.88,1001.4
271.8,669.94
270.27,1039
272.31,802.96
280.85,158.42
284.54,837.55
289.17,193.8
287.58,562.11
290.31,160
296.85,1125
297.85,458.17
297.31,937.83
305.77,1158.3
311.07,262.1
309.91,1057.1
313,444.27
312.66,957.68
313.89,158.73
314.26,622.48
315.23,792.81
319.47,523.68
319.63,62.09
318.53,1131.8
318,587.17
321.51,278.82
323.45,1169.9
321.89,1225.4
326.39,382.86
324.22,551.56
327.91,662.04
332.39,828.19
332.91,233.77
333.08,865.92
334.61,416.14
341.17,188.97
346.09,719.16
346.56,985.23
346.36,793.87
349.3,1185.5
351.54,1057.4
349.22,1215.5
356.34,10.716
354.75,461
356.71,415.55
360.52,631.66
363.07,600.41
369.09,1067.1
368.92,1209.9
371.56,446.74
373.5,754.5
373.5,163.7
376.21,399.74
377.48,1179
376.72,360.07
377.76,846.26
384.95,956.44
384.73,342.13
386.82,24.39
388.23,541.69
387.61,393.86
388.83,1225
394.21,1002.7
391.5,441.5
392.07,700.59
395.09,794.63
395.36,885.92
395.05,469.93
396.44,54.327
401.07,274.08
402.19,241.63
405.13,167.35
403.89,1068.6
404.18,457.76
409.27,211.3
409.09,512.91
410.67,761.56
415.63,936.57
414.94,64.906
418.01,655.74
419.82,951.23
418.07,1080.5
419.63,360.37
431.5,592.95
428,443
435.28,291.95
436.84,270.52
442.93,1235.2
443.38,548.24
448.91,164.91
453.22,737.47
453.6,1038.6
451.67,183
458.8,13.892
461.97,524.56
467.91,1118.6
467.5,756.5
469.57,583.83
469.68,321.22
471.1,604.3
483.11,619.31
490.64,588.32
497.63,410.52
504.08,598.06
507.11,527.58
511.43,441.98
524.5,635.5
529.22,998.31
531.5,527.19
534.31,6.1736
535.47,635.01
533.78,1097.3
536.51,728.88
536.19,343.63
535.75,1157.7
547.93,1045.6
553.09,352.39
553.63,25.519
553.89,473.62
557.37,564.63
558.78,1109.5
558.92,704.46
560.68,2.3636
563,428.5
576.94,688.07
579.02,776.92
583.04,830.33
583.13,127.37
579.06,419.91
583.52,309.41
585,345.5
584.58,389.11
588.94,724.06
593.76,46.745
594.86,1116.8
591.16,1246.2
601.62,405.94
601.43,349.39
605.28,934.67
616.81,1222.2
619.73,587.56
620.29,1020.5
624.36,268.44
622.75,5
629.05,1193.9
632,186
632.96,510.85
633,969.75
637.45,47.989
636.5,1155
645.28,609.1
645.61,1172.1
644,663.25
643,1058.2
650.62,978.69
655.63,1190
656.29,893.44
663.79,823.27
664.1,151.29
668.79,939.61
667.55,21.449
670.79,366.64
677.88,687.08
679.89,928.37
694.96,687.51
697.17,926
701,1052
706.68,1237
706.81,468.73
706.57,753.32
710.78,44.776
713.35,830.76
723.57,114.02
721.63,300.29
722.59,845.92
723.11,1044.6
743.92,1117.6
741.79,25.452
743.85,959.65
751.5,1186.5
756.86,43.086
754.5,103.5
758.91,179.02
766.72,379.85
767.94,659.45
772.93,937.41
790.47,142.92
793.43,890.4
795.55,1154
797.8,954.89
803.58,1225.9
805.28,268.72
813.77,889.12
807.08,821.84
806.34,919.68
809.93,332.31
822.01,384.8
824.46,456.9
828.16,435.65
831.17,998.72
836.18,1118
841,1195.2
843.45,92.581
853.24,391.94
851.43,425.03
857.3,1188.2
856.17,232
861.86,895.34
864.36,1008.4
865.42,1092.1
871.46,161.43
875.53,705.13
881.99,835.2
878.3,451.55
876.65,1242.9
879.7,254.4
882.63,807.44
884.67,898.98
895.15,1143.8
898.55,181.04
907.71,1186.1
916.14,326.98
918.37,203.85
923.5,1091.5
927.91,271.94
925.42,1015.6
929.91,945.91
938.25,32.416
935.04,288.83
936.26,920.7
938.15,957.35
942.3,69.866
941.78,532.66
944.63,1209
952.53,169.77
956.81,1033.3
955.2,1063.9
958,240.77
958.44,1141.5
960.26,819
961.37,1224.4
967.95,315.18
968.05,179.93
973.7,629.09
974.56,278.27
981.55,5.2703
983.56,938.51
985.32,1131.6
1005.1,94.766
1004.9,60.56
1013.1,333.04
1013,672.5
1021.5,715.5
1026.9,91.602
1031.4,82.6
1042.3,701.4
1045.5,629
1051.4,39.48
1054.3,812.47
1056.3,896.62
1058.2,471.24
1053.9,965.59
1056.9,1185.5
1057.3,76.71
1060.1,763.38
1066,637.57
1081.5,255.9
1082.8,1132.5
1084,634
1091.9,482.69
1099.6,960.61
1107.1,433.14
1112.7,827.77
1116.8,183.25
1115,382.5
1119.1,995.43
1124,96
1143.1,813.24
1141.8,74.225
1145.9,478.6
1153,965.48
1158.7,1246
1159,77
1165.9,1111
1165.4,28.483
1177.7,768.86
1180.2,182
1193.7,175.79
1190.5,689.28
1193,157.47
1192.6,330.09
1194.5,1247.1
1195.1,1093.4
1205.8,57.681
1200.5,631
1204.5,999.92
1208.5,741
1211,816
1225.9,621.01
1235.5,1246.1
1240.2,931.32
1239,60
1241.4,1115
1245,1036.7
1245.8,132.21
