3.0833,648.33
20.5,207.26
28.9,97.6
32.782,571.47
40.884,663.88
49.758,1213.1
55.023,462.94
79.497,136.76
79.911,528.51
79.917,643.6
84,553
84,790.17
90.947,246.24
109.63,448.47
108.53,594.78
110.25,1133.5
120.66,1154.4
128.51,257.82
127,664
131.42,850.11
140.59,44.926
141.75,1164.3
165.33,760.76
164.91,1229.8
167.38,671.53
171.83,377
192.88,554.21
199.31,449.08
205.92,752.09
212.27,7.6145
214.82,75.667
231.9,488.04
231.93,366.95
238.11,933.28
237.46,503.34
236.06,302.91
246.81,496.86
248.58,1090.9
258.5,496
263.07,630.59
272.17,739.96
274.97,435.63
283.28,596.73
285.24,210.92
288.5,175
292.93,620.41
297.91,1001.9
297.09,122.05
307.05,1014.8
321.61,775.54
319.5,793.5
324.71,806.98
339.39,555.91
354.38,277.56
360.3,564.21
362.73,944.96
365.77,686.85
365.39,122.14
366.91,988.09
404.43,145.53
407.35,131.98
409.39,232.1
408.93,570.59
414.5,465
417.23,450.79
416.59,1119.9
420.48,950.89
423.97,221.44
433.06,1080.3
446.17,283.07
461.59,135.93
476.5,249
476,265.67
477.76,517.76
496.11,262.58
506.83,1161
524,214
556.69,756.17
566.7,952.95
569.24,569.76
575.39,87.739
575.44,860.55
578.04,796.45
579.18,975.33
586.9,240.81
600,447
602.1,989.62
623.5,1143.1
627.2,505.55
631.66,734.85
641.69,309.06
647.3,45.081
652.05,187.1
658.5,913
663,195.5
665.5,329
685.12,1015.6
690.08,1111
686.58,87.895
700.53,1194.4
712.12,844.36
720.08,296.8
718.09,931.09
719.5,466.5
731.09,315.51
739.32,108.59
742.92,1014.6
748.07,1173.6
749.64,1184
751.71,889.5
755.03,834.04
754.8,857.91
769.47,353.37
770.88,1234.5
783.66,479.23
788.02,805.94
805.8,721.36
803.53,1072.6
816.8,103.85
813.5,784
830.69,250.36
835.28,910.58
838.52,275.45
843.28,662.01
846.5,1158.1
850.88,411.65
857.83,497.83
865.87,373.09
867.23,934.58
872.09,722.2
876.01,493.39
876.27,988.61
877.1,1053.4
879.24,299
878.83,797
887.33,1242.3
901.6,618.5
898.33,1214
902.1,930.9
908,192.5
912.01,225.1
913.73,662.27
917.96,72.901
952.83,269
960.96,574.55
971.74,730.11
973.08,784.23
981.53,349.96
981.52,94.307
982.18,650.39
988.34,818.8
1002.1,626.99
1011,814
1013,672
1017.3,1010.2
1022.8,1026.7
1020,927.83
1034.5,460.85
1046.5,1146
1050.5,344
1054.4,1105.2
1052.3,1165.6
1053,708.57
1058,591.33
1061.1,64.451
1067.9,226.66
1070.4,311.42
1076.6,638.9
1083.3,480.6
1086.7,527.02
1089,985.42
1094.2,715
1099.8,603.47
1101.5,394.54
1107.6,81.66
1108.2,306.29
1109.7,1119.2
1114.3,1210.2
1117.4,752.17
1122.6,844.92
1124.5,413
1133,920.76
1132.9,521.92
1136,15
1135.5,160
1138.8,962.95
1144.7,433.36
1152.5,361.75
1153.3,794.26
1158.5,203.5
1169.5,74.553
1185,557.94
1183,933
1189.6,243.86
1199.3,158.55
1206.7,527.78
1219.1,461.35
1222.4,761.95
1221.4,707.45
1225.7,227.96
1233.5,686.15
1234.1,754.62
1242,29.442
1245.5,1145
