4.075,432.2
5.7979,789.88
11.585,849.68
9.4783,950.71
7.2791,991.83
6.0813,1008.6
3.2188,1032.6
8.9263,1098.2
8.0811,768.46
15.222,752.04
16.78,1022.4
16.727,1062.4
19.417,816.53
20.961,510.43
22.727,1007.5
22.44,839.08
21.565,1124.6
25.055,679.47
24.29,984.23
30.667,824.46
31.222,848.36
50.032,925.54
34.909,695.25
42.303,993.87
35.8,754.09
35.067,791.9
39.131,1056.8
42.864,863.64
36.412,715.94
43.735,1025.6
42.174,840
43.872,471.87
47.765,725.99
46.526,883.74
55.567,1133.7
59.723,1094.5
61.303,974.7
63.92,1061.7
65.473,762.53
61.135,882.84
66.967,723.08
67.574,802.98
69.605,399.78
70.229,1098
73.525,846.55
82.106,937.86
82.667,859.79
85.598,787.68
89.713,1016.6
86,833
87.5,809.5
90.713,883.91
93.644,921.99
94.436,272.04
96.547,1171
98.96,748.28
100.33,907.96
102.82,770.6
102,807.9
104.53,1033.2
104.11,818.09
106.12,1003.2
108.59,69.77
114.79,856.3
111.49,928.93
113.69,914.21
114.94,759.53
120.1,977.56
120.29,997.7
120,793.24
120.05,819.08
123.5,939.5
124.81,947.74
126.84,737.84
131.93,221.95
136.12,790.12
140.41,929.82
138.06,1050.7
139.86,973.15
151.1,909.38
149.59,770.34
150.39,892.63
152.15,461.41
154,962
155.63,794.59
166.1,907.78
167.17,244.26
168.11,813.62
171.38,924.21
168.02,1030.9
167.78,457.54
173.58,967.42
168.4,841.12
179,798.5
184,236.5
187.29,878.45
188.2,811.9
204,755
208.22,640.95
217.86,1067.4
227.04,642.74
225,1065
232.58,1123.5
232.67,193
234.21,977
237.91,459.97
260.58,347.42
268.68,255.36
268.78,411.67
268.57,534.53
278,917
282.9,960.95
284,1056
287.25,1170
293.79,173.21
299.33,214.05
309.05,188.98
324.17,196
350.37,34.367
363.6,890.6
374.5,874
385.08,968.08
407.82,44.178
428.8,372.27
444.24,813.91
469.26,66.463
490.71,854.87
512.65,1184.5
529.98,156.38
533.42,1018.1
550.08,399.54
552.88,647.23
573,938.21
576.87,997.67
592.85,206.73
596.26,480.33
612.83,705
621.85,143.59
624.89,156.37
653.67,216
660.31,886.04
659.29,669.55
667.06,484.94
679.41,160.29
680.04,1130.1
687.38,299.24
692.4,738.4
693.39,128.86
698.83,59
702.5,101
705.77,482.63
718.65,999.08
719.58,431.89
731.37,1048.3
738.91,70.091
745.45,98.769
749.92,159.24
769.42,439.47
768.22,1055.4
774.5,624.5
783.66,474.85
785.98,1000.6
789.92,21.408
799.37,379.3
800.53,269.45
806.93,164.99
813.06,342.91
817.71,1037.8
821.6,997.76
822.43,207.05
838.48,968.56
847.78,473.06
858.37,533.67
862.69,572.38
869.69,309.78
875.27,614.34
898.18,469.09
897.08,778.56
901.86,15.5
905.16,382.55
912.93,166.98
916.47,900.42
920.18,692.1
928.5,747.5
929,474.5
946.06,706.18
953.34,807.23
959.38,68.053
962.25,819.69
964.5,285.78
971.94,402.2
971,962
972.44,875.46
974,1119
986.1,129.62
991.02,828.07
993.69,576.52
1003.4,472.31
1004.8,605.08
1030.3,767
1047.6,351.96
1072.5,151.5
1069.1,535.09
1080.6,1036.5
1085.5,577.88
1096.5,619.5
1095.4,997.89
1141.5,751.62
1142.8,16.298
1142.6,1140.1
1186.6,953.03
1212.5,118.42
1226.1,1041.6
1230.1,11.978
1239,1197.6
