6.2545,120.48
7.3282,178.8
1.75,375.83
17.776,419.08
2.881,474.4
4.4873,501.53
1.5,557.5
15.778,581.42
2.3659,647.2
2.2361,671.76
21.71,783.35
5.4421,820.39
2.1728,886.51
4.5049,926.85
1.5,961
52.231,940.76
12.445,1031.2
11.092,1138.6
1.8214,1175.7
2.7067,1214.1
3.7606,1241.1
1.5,1257
10.48,1312.6
5.1304,1277.4
7.7412,248.85
6.4118,263.94
17.366,858.29
10.703,304.39
13.258,767.73
27.057,73.861
14,1187.4
70.327,640.94
14.629,34.457
12.579,847.89
16.048,1288
30.124,525.01
17.667,1204.6
29.333,1278.4
18.697,1228.7
22,930.5
28.15,810.99
29.141,974.58
25.241,378.66
24.5,1331.1
25.615,478.67
30.028,1062.4
34.834,1110.1
33.266,155.67
28.892,597.3
30.019,834.67
27,627
31.792,540.85
31.849,1214.4
37.534,914.81
40.703,328.98
33.566,611.86
42.305,90.118
62.935,446.65
46.531,609.22
44.902,977.66
57.881,1019
42.185,1306.7
42.5,923
65.827,556.48
44.581,855.42
50.264,1138.8
47.836,1261.3
45.973,19.978
53.54,992.34
59.833,895.72
56.065,502.97
70.678,523.1
109.33,1260.4
56.611,54.796
65.245,341.63
59.714,754.32
72.186,235.77
63.365,772.02
73.411,1059.5
69.067,1.7333
115.3,454.09
76.426,732.99
83.6,48.084
70.909,188.09
74.148,503.72
71,851
91.387,75.294
97.414,741.17
75.392,835.06
84.61,1201.8
74.565,992.61
90.761,361.31
84.27,787.8
80.5,994.64
80,888
83.774,1331.1
87.679,683.06
99.289,289.14
85.091,697.95
93.365,1173.3
88.136,389.61
103.64,175.71
95.521,647.68
96.988,1024.7
95.889,1116.4
98.266,988.21
93.538,1084.7
111.66,1057.4
96.571,690
97.5,578
126.22,851.6
105,840.79
150.11,229.38
105.74,583.3
120.55,949.91
107.9,1212.9
135.63,507.57
111.28,1309.8
111.71,793.39
108.53,1129
150.78,1167.4
131.96,671.14
109.23,645.23
110.83,768.83
119.34,44.886
114.29,997.71
112.21,1104.9
122.99,381.8
129.77,756.09
124,691
130.67,18.77
139.02,589.92
138.75,1228.3
136.66,349.32
129.39,701.83
137.77,555.63
131,896
142.35,293.66
149.31,191.6
133.84,1326.6
135.5,1172.5
169.01,947.06
139.71,1286.8
141.89,372.02
141.53,158.53
142.5,1302.5
149.8,612.47
155.58,1056.9
149,1240
180.92,1304.2
153.43,745.95
167.45,383.2
159.51,45.101
156.52,319.09
158.11,1089.6
166.96,496.31
184.79,136
159,456.5
161.44,558.2
185.46,615.03
170.55,756.83
166.01,1026.3
164,466.71
174.64,570.3
163.96,1096.6
179.94,1113
198.49,834
168.54,711.58
170.56,666.9
193.79,695.08
169,49
181.74,314.57
186.49,1061.9
181.99,1266.1
176.91,273.98
191.64,727.34
179.06,468.59
181.74,975.89
217.04,53.912
181,490
183.62,256.23
189.04,1020.8
193.25,782.17
204.57,347.42
208.89,454.99
197.92,656.38
192.29,508.23
209.37,945.55
197.55,988.06
216.67,229.04
196.33,1329.8
204.84,1235.4
202.79,271.13
198.74,757
200.91,82.023
216.71,370.25
201.44,1074.8
203.93,506.2
203,805.5
227.84,1110.9
205.5,286
210.7,251.62
212.69,1073.4
208.48,1159.2
210.48,561.45
215.6,1170.5
262.73,154.58
215.61,186.11
211.95,541.46
229.34,761.04
238.61,631.06
228.37,1009.3
219.36,1194.9
214.32,812.76
232.81,1329.3
240.49,698.99
231.77,889.42
239.18,798.23
226.3,1301.3
225,1308.5
232.24,274.03
231.9,657.47
253.46,1220.2
258.28,333.29
229,1256
251.22,393.23
236.81,73.743
241.52,1271
240.77,927.72
239.39,374.57
239.17,567.13
260.88,719.12
242,178.5
245.65,831.27
252.24,278.82
260.08,421.84
247.04,200.13
247.15,872.17
269.84,541.52
250.05,917.37
278.91,1002.6
251.64,956.67
253.44,1289
251.16,220.44
258.53,590.9
261.52,921.72
260.64,254.08
263.59,1059
260.97,816.63
270.48,1115.3
261.57,466.71
261.5,1175
266.42,840.16
266,1219.9
262.5,1155.5
263,865.5
267.02,879.42
288.92,202.37
276.99,146.98
279.87,805.38
293.62,1266.7
271.18,786.46
279.47,915.31
276.88,954.45
272,1320
284.57,84.128
275.05,759.2
276.51,495.25
276.31,860.69
276.38,480.48
287.12,722.41
288.05,1328.4
279.06,613.7
283.22,1159.6
278.29,1305.2
290.37,755.08
293.17,404.53
292.07,662.63
297.02,377.59
303.13,1227.1
321.82,964.51
294.2,558.51
296.06,629.17
298.72,1124.4
296.77,1094.3
297,178
300.16,532.98
300.71,738.7
299.14,1113.1
301.33,325.49
301.36,515.26
311.3,684.36
317.08,893.02
309.08,399.72
306.06,521.59
341.28,515.34
315.38,1141.3
320.2,659.56
308.77,1007
309.07,923.68
317.54,1289.7
315.7,469.69
312.21,606.21
316.06,788.71
314.53,820.35
316.2,356.04
318.55,1120.4
316.1,298.54
316.98,720.95
377.04,1202.2
318.48,1244.7
338.88,378.43
319.65,500.27
324.2,745.22
323,495
337.84,766.64
332.53,226.44
336.07,300.16
337.13,632.54
335.48,164.62
333.07,1253.5
330.42,730.58
336.1,923.13
343.39,1016.6
332.8,107.87
341.82,321.58
336.23,1135.2
336.59,1314.6
344.77,670.47
340.88,741.23
360.14,1270.2
337.44,894.08
340,566.38
342.02,438.55
351.84,580.9
347.55,705.41
344.36,194.32
350.07,1326.1
391.19,1129.8
349.03,161.56
375.46,936.68
352.8,401.35
362.74,636.18
361.83,1232.7
360.67,1298.5
396.88,42.829
378.38,770.42
365.42,1093.1
364.17,688
364.4,112.89
365.98,196.56
365,1278
371.63,1311.4
371.07,371.55
385.04,1044.5
374.48,332.13
374.91,119.62
379.36,442.38
380.46,141.56
378.16,166.7
391.69,560.53
381.15,195.12
382.63,658.32
403.89,1289.8
390.87,390.28
387.99,425.56
393.47,841.14
404.27,1166.2
388.87,1274.1
401.12,1320.8
406.52,196.05
416.88,480.03
412.96,726.83
399.73,1008.8
395,431
398.43,1258.3
400.78,173.05
439.81,274.71
404.14,929.61
403.5,442
411.34,942.3
442.41,1024.3
412.72,95.716
423.61,432.42
415.65,503.53
411.85,396.34
412.68,649.53
415.02,967.39
418.34,588.64
447.84,205.79
416.04,682.73
418.04,1059.6
417.76,639.47
420.67,992.08
416.04,1141.1
422.55,564.21
417,1019
417.85,337.35
420.5,908
426.59,112.84
423.5,970
449.28,740.47
461.27,935.02
431.05,1246.1
430.39,540.57
446.17,862.24
443.36,507.39
440.91,1054.7
467.67,1174
445.9,969.66
473.18,1256.2
450.69,437.89
443,588
455.41,129.56
447.07,233.07
456.3,551.26
447.5,529.5
451.02,593.83
447.7,1089
452.49,3.2
456.99,790.27
455.02,635.83
462.2,692.66
495.83,42.895
468.8,1092.9
462,989.93
457.42,1307.5
462.98,617.95
464.08,1276.5
466.93,7.1868
469.61,306.95
468.33,1055.2
464.71,103.18
467.62,334.87
468.61,966.97
468.82,262.67
468,596.5
469.42,284.89
482.79,430.8
487.72,757.02
473.82,353.24
479.94,363.54
489.85,1321.4
475.5,378.5
478.7,675.76
478,1019.5
481.84,829.24
484.67,123
484,153.5
494.89,989.78
486,128
490.62,619.97
488.49,504.45
493.48,178.77
502.9,783.21
513.58,937.08
526.9,866.35
494.5,1141.6
494.43,536.39
503.55,665.76
502.33,1291.2
499.5,227
500.47,603.44
502.91,1046.1
503.08,800.97
503.64,1224.1
517.3,1328.5
503.5,681.86
511.82,1015.8
504.87,1210.5
514.52,551.54
509.38,695.97
510.89,738.35
510.94,103.13
517.6,119.37
518.25,710.56
517.22,978.31
519.3,292.07
520.9,305.26
519.57,277.48
517.5,808
520.23,962.39
521.88,690.88
527.21,1039.4
520.64,1147.9
522.6,503.86
534.43,477.57
525.23,765.86
524.57,1122.4
529.88,746.18
526.5,660.84
539.4,1209.7
533.08,170.26
532.82,987.42
534.47,272.17
536.41,35.986
536.62,549.28
531.34,822.02
544.62,325.01
554.16,1268.6
537.21,681.06
546.94,1099.1
541.07,614.28
538.21,776.97
539.5,1008.7
542.27,703.32
551.79,947.61
547.34,1051.8
553.43,95.154
541,743.5
546.91,792.27
550.02,971.88
544.11,1024.6
551.15,431.43
547.36,281.43
602.57,1013.9
551.6,1307.6
556.99,639.42
553.31,846.9
554.85,367.62
561.57,754.05
553,200
555.77,690.94
557.18,130.6
562.61,245.6
557.62,613.22
561.69,1076.5
564.24,1329.9
564.46,22.038
560.88,198.81
567.98,1183.9
563.11,776.87
561.64,915.03
567.12,164.9
565.64,502.21
562,1112
563.42,59.895
565.5,788.12
568,971.5
569.53,552.21
570,580
577.33,1133.1
576.36,1158.5
585.49,415.64
572.15,661.5
571.25,333.75
573.29,959.95
597.1,48.926
574.38,322.81
615.04,465.54
578.8,134.77
583.75,247.64
578.86,1315.1
581.49,459.17
582.38,588.78
582.52,793.59
580.5,276
583.21,670.9
587.25,768.21
590,980.43
585.9,232
593.61,1076.2
592.45,581.29
596.97,1165.2
600.32,87.489
615.99,359.09
662.36,1247.2
601.88,804.84
604.9,275.76
602.44,520.47
600.14,748.57
610.72,1130.2
604.38,5.9801
603.59,119
608.13,156.68
611.68,316.95
614.85,683.42
606.66,834.59
608.78,1111
614.35,1187.1
618.17,543.92
614.53,958.81
615.66,396.24
612.3,856.3
618.03,744.91
645.74,221.74
616.64,872.79
625.17,1075.3
629.03,817.09
618.77,933.52
627.95,780.68
640.35,125.68
623.47,332.01
622.72,915.11
633.89,1204
620,944
622.5,74.5
627.1,505.51
626.09,842.84
626.56,1107.1
654.24,288.21
636.01,605.05
646.34,860.05
632.83,41.87
632.86,1309.9
635.93,578.76
640.15,709.78
638.29,1330.4
651.69,1100.6
644.07,755.98
662.51,1024.5
644.71,36.808
646.27,1125.2
657.17,914.81
643.43,1282.6
658.85,63.568
707.46,350
652.17,833.09
650.76,735.38
649.5,1214.1
653.43,393.16
650.5,962
655.14,946.39
656.46,185.99
654.51,637.24
652.81,895.26
653.95,545.09
655.66,573.49
682.99,611.8
660.75,494.02
659,589.5
664.45,871.71
663.5,664.5
665.62,408.14
666.6,560.9
677.5,971.71
673.45,89.659
672.71,1329
684.89,447.59
677.06,826.01
677.43,841.66
676.36,515.29
680.57,911.88
687.22,1058
722.13,948.23
683.38,13.6
685.76,884.35
683.13,1300.2
709.32,89.61
694.34,545.93
688.91,856.51
687.36,1104.9
688.22,1131.3
689.68,1266
704.81,695.67
690,928.14
700.12,1147
694.75,257.25
703.05,24.258
696.47,1302.7
702.52,288.1
698.11,675.72
706.08,512.42
699.86,1220.4
701.57,436.57
712.35,169.99
713.32,459.1
707.03,872.94
721.29,129.42
709.88,202.35
717.79,715.2
716.07,430.96
718.98,734.74
714.34,1053.8
723.88,216.55
724.64,1030.4
732.71,472.69
726.17,525.2
723.82,1063.7
726.77,899.19
739.92,995.06
733.79,434.04
729.2,626.59
728.5,377.5
733.9,802.07
737.91,1138.8
754.28,684.13
732.5,727.5
747.48,918.44
738.84,512.71
735,690
739.7,13.741
743.54,331.33
741.51,815.73
743.74,1166.7
749.06,52.529
759.79,420.86
745.35,1288.7
746.84,201.9
768.6,791.52
746.67,422
752.12,617.33
752.83,489.88
754.5,384.33
755.6,1259.8
760.15,191.84
756.3,1013.6
756.42,1230
764.77,11.51
764.48,80.037
765.28,837.32
764.01,1133.7
772.78,1168.8
758,29
766.32,655.01
761.71,1035.3
779.58,128.01
766.91,552.66
769.17,1008.9
772.7,245.91
777.47,267.44
800.16,1270.1
778.45,359.82
780.52,583.07
813.08,161.79
787.14,992.32
782.92,940.82
781.8,210.15
820.31,407.6
781.4,68.4
794.77,26.282
783,75
786.43,322.41
785.36,783.28
783.85,1028.5
802.8,277.28
790.81,880.06
793.49,856.95
795.14,554.13
792.88,888.5
794,85
804.39,645.89
802.82,450.39
797.41,736.45
802.02,614.35
811.32,1037
804.6,769.2
806.74,66.749
801.57,933.43
804.15,1139.3
807.16,870.93
806.49,1121.4
806.11,40.421
808.32,305.92
827.78,83.33
813.88,985.14
810.7,1169.3
810.69,1322.9
811.67,838.17
814.16,113.71
825.39,527.07
818.02,1126.4
824.68,336.09
819.21,585.86
820.15,886.48
821.24,45.652
818.93,133.44
823.1,911.56
823.85,1201.5
836.94,246.8
821.04,669.52
840.53,1292.5
838.88,419.59
828,693.17
837.36,570.33
831.65,1169
831.74,946.55
836.77,888.65
837.33,929.39
836.74,969.54
843.27,994.55
837.68,1106.9
842.21,270.96
839,1159
840.93,4.5926
855.36,946.3
846.11,489.58
849.06,897.97
849.12,320.23
853.87,360.42
849,660
850,1327
855.83,94.889
851.71,60.429
865.32,683.52
862.6,120.38
867.24,21.65
859.32,180.65
857.33,726.42
860.11,303.67
859.92,65.833
879.86,189.48
867.11,1084.9
868.84,614.56
869.06,502.77
871.42,543.26
875.95,266.07
891.96,396.55
877.6,660.66
865.9,1012.4
875,248.71
886.48,36.545
877.5,938.5
881.43,1190.2
882,1081
881.4,297.6
884.37,252.41
890.02,712.76
886.91,788.67
885.08,887.77
883,1245
895.31,470.82
886.43,1209
890.32,921.64
889.56,966.86
896.06,1068
908.6,541.7
892.66,975.64
899.61,374.57
894.35,758.6
894.43,803.61
901.87,298.26
905.62,896.31
900.44,729.76
904.52,1238.1
899.69,1179.6
904.21,482.4
923.82,145.09
903.5,817.12
904,182
904.69,1253.9
922.48,784.06
911.01,254.16
909.68,322.29
910.57,913.43
910.74,975.69
912.18,1148.1
911,1190.3
947.8,639.96
916.93,639.16
938.81,189.18
915.76,719.8
918.72,327.66
934.79,1143.6
926.88,489.8
920.44,1122.6
925.33,277.86
934.6,451.62
924.69,1056.2
933.18,1242.9
924.42,354.86
934,903.91
929.69,1081
922.83,1159
924.11,1328.9
928.16,60.112
928.98,590.46
928.68,856.87
930.03,2.3429
942.41,751.63
932.56,683.38
934.8,435.12
933.85,664.2
942.07,1017.3
934.29,313.94
947.67,873.95
944.59,380.36
935.17,607.85
946.1,245.76
937.11,691.58
941.88,468.99
940.19,1118
940.85,730.11
949.95,1040.9
949.44,297.25
945.97,844.35
946.82,1207.3
947.94,47.169
959.2,110.05
946.5,701.5
948.56,1077.1
955.73,951.73
957.34,394.15
955.56,196.76
955.44,59.114
953.27,735.27
962.01,1169
969.92,918.57
959.95,431.92
966.81,761.4
959,1161
964.23,1329.2
963.99,1058.7
962.92,73.16
963,405
966.22,85.444
970.37,1032.9
967.69,23.844
986.91,289.93
967.65,370.62
966.6,506.6
971.39,780.35
966,896
971.86,1187.8
974.52,190.25
992.53,627.24
969,352
972.73,1011.7
984.41,813.59
975.08,700.12
972.92,404.92
965.59,1249.6
983.59,8.4678
976.09,149.09
982.85,551.39
977.14,138.71
981.07,712.72
979.58,429.75
988.66,489.73
978,528.5
983.27,1210.5
1003.3,1260.6
988.17,110.71
991.76,1022.7
983.98,727.02
983.13,1324.6
984.7,1040.5
988.63,40.897
988.88,133.37
990.07,1056
990.87,330.5
997.95,536.87
994.91,175.82
1006.6,345.05
994.95,85.524
1004.5,410.92
995.83,808.17
995.3,60.303
1004.1,1093.9
998.69,1204.1
1002.2,849.41
1007.3,149.36
999.5,1054
1002.6,2.8378
1005.5,715.61
1024.7,38.621
1017.9,194.77
1012.1,608.88
1010.9,644.52
1024.9,880.46
1013.6,25.512
1015.1,473.29
1014.9,164.37
1036.3,726.11
1014.3,1052.9
1024,1149.5
1016.5,1018.5
1015.7,1101.8
1017,1096
1020.9,375.98
1022.6,441.7
1045.5,96.872
1019,675
1024.4,822.09
1022,668.5
1025.7,461.17
1033.6,1319.9
1045.8,799.63
1072.8,554.78
1034.3,1249.8
1032.3,275.44
1031.2,676
1030.9,1009.4
1034.6,1054.1
1041.2,985
1038.3,387.01
1039.6,429.6
1061.2,610.02
1041.1,830.61
1043.1,153.57
1043.3,206.24
1045.6,1234
1061.2,900.11
1049.1,1064
1047.9,296.63
1045.7,333.47
1054.1,694.45
1050.8,726.67
1047.5,844.12
1063.6,421.73
1052.4,1300.1
1054.8,1113.5
1056.5,63.495
1103.7,385.38
1065.6,238.48
1059.3,840.01
1056.5,858.65
1068.7,10.196
1076.6,144.96
1059,46
1069.4,284.5
1074.1,484.84
1072.8,310.08
1060.9,1079.1
1104.8,713.28
1063.5,1028.9
1065,400.41
1067.5,352.69
1070.3,1052.5
1068.6,38.808
1073.2,689.45
1075.2,664.46
1070.9,960.41
1081.8,1099.9
1075.3,1205.4
1093.2,773.47
1083.2,96.942
1121.1,274.15
1090.5,850.14
1082.4,805.5
1084.5,960
1087.5,1132.8
1088.5,1236.4
1100.2,660.63
1089.5,604
1099.7,1286.3
1119.3,570.47
1091.9,697.42
1093.4,1042.5
1093.1,1106.1
1096.6,448.04
1096.7,1262.2
1097.1,89.062
1105.1,797.62
1120.2,604.66
1101.2,1016
1103.9,953.89
1101.3,1004
1104.4,1111.7
1110.1,412.88
1108.3,65.027
1131.2,845.82
1108.6,1072.5
1109.1,683.47
1116.1,133.28
1114,40.326
1115.7,93.662
1114.2,1126.7
1112.2,1316
1109.9,500.42
1122.4,456.32
1113.1,556.62
1141.5,159.26
1120.2,730.25
1121,226.91
1120.4,990.43
1121.1,318.86
1121,1091.9
1122.1,1194
1121,1020
1124.1,1282.5
1144.5,1155.7
1172.4,98.898
1128.8,868.57
1124.9,1099.6
1153,635.97
1141.4,1122.5
1141.2,16.425
1133.7,1171.7
1130.5,790
1134,1010.8
1132.8,730.74
1146.8,1062.9
1146.9,317.32
1153.3,986.65
1150,1271.9
1138,797.98
1142.2,662.14
1138.5,1189.6
1143.4,189.48
1155.4,594.5
1149.9,753.06
1145.5,939.94
1157.1,230.34
1149.7,423.44
1150.9,959.03
1157.2,344
1151,50.5
1174.1,789.77
1188.1,697.9
1162.7,525.53
1157.4,1027.4
1173,396.34
1181.1,360.47
1161.7,759.38
1248.9,1144.3
1197.2,548.38
1181.4,180.35
1185.2,1110.5
1185.7,1003
1166,288.67
1174.6,578.18
1171.1,722.42
1172.5,2
1178.9,31.345
1177.3,50.064
1178.8,909.31
1180.3,71.634
1201.5,312.28
1197.1,940.07
1183.5,1248.6
1224.1,478.7
1183.8,1064.9
1181.1,253.05
1183.5,526.18
1185.2,825.6
1183.9,1160.3
1192.8,262.68
1197.8,1077.1
1190.7,1128.4
1195,841.21
1190.3,624
1191.5,52
1202.8,209.64
1194.3,138.2
1194.8,813.93
1215.6,361.96
1200.6,887.11
1197.5,1255.5
1203.2,1205.5
1201.1,1016.5
1204.9,28.778
1207.4,1134.2
1213,583.83
1208.7,228.46
1229.4,653.38
1206.9,2.4211
1210.5,107.36
1217.3,846.53
1213.8,418.09
1211.3,489.76
1213.1,1002.2
1215.5,188
1215.3,795.78
1220.6,862.21
1234.2,165.49
1216.1,1203.6
1223.5,1186.4
1223.7,6.4718
1226,387.98
1231.5,46.495
1248.1,319.37
1225.1,1273.6
1230.2,1306.7
1225.4,907.6
1230.8,73.889
1240.8,416.4
1233,886.97
1231.5,989
1248.2,235.88
1249,767.23
1240.1,956.91
1247.4,834.3
1241.4,1324.6
1245.1,64.533
1252.6,288.36
1252.8,357.3
1243.6,926.89
1243.5,1184.4
1243.4,80.367
1268.6,969.8
1247.7,593.49
1248.7,907.24
1256.5,1206.7
1266.9,1281.9
1251.8,90.579
1251.1,704.58
1251.5,181
1256.2,859.92
1269.1,44.032
1255.1,917.03
1259,945.03
1273.2,684.48
1255.5,724.59
1259.5,704.7
1266.1,150.11
1263,399.47
1260,1125
1265.9,168.43
1267,901.86
1271.3,6.2424
1272.5,22.099
1296.8,777.38
1306.5,625.32
1269.5,1221
1273.3,85.121
1285.3,1007.4
1282.2,1317.4
1283.4,885.8
1277.2,1180.1
1279.7,903.81
1285.1,1205.7
1281.3,1243.8
1281.9,753
1283.4,827.62
1285.3,164.87
1286.4,869.88
1288.8,2.1111
1287,564.83
1293.8,743.53
1290.1,210.29
1290.6,227.44
1308.6,15.688
1288.6,201.6
1311.4,1152.1
1293.4,101.15
1301.5,377.66
1294.6,123.14
1295.3,446.69
1294,538.4
1314,161.11
1309.1,940.53
1300.9,51.571
1318.6,1294.8
1312.9,562.97
1310.4,76.284
1306.5,983.85
1302.5,1237
1317.5,960.27
1309.4,1322
1309.7,1268.7
1319.3,675.46
1325.3,345.6
1326.1,410.59
1319.7,646.33
1317,282.94
1322,810
1328.3,33.471
1327.5,1072.4
1328,1123.8
1328.4,800.34
1327.2,738.26
1329.2,1100.1
1329.8,981.67
