6.5522,326.66
11.34,515.5
2.0833,567.67
3.1889,754.88
22.456,802.27
7.9249,880.13
7.3576,910.41
7.4516,995.59
8.5069,1090.7
8.6591,278.66
11.035,851.68
20.837,1040.4
24.956,694.76
9.3438,63.469
9.6667,726.83
62.513,772.13
16.373,350.51
16,332.86
40.409,834.17
23.205,1180.3
16.579,555.89
19.5,148
33.525,621.51
45.749,1123.1
25.682,276.64
25.03,1088.8
27,464.83
45.837,726.77
29.412,977.94
51.157,562.07
43.684,325.77
49.198,997.09
57.56,883.15
44.36,448.56
82.693,1167.4
74.965,1032
60.712,1227.2
59.901,810.72
61.156,1059.3
68.703,836.72
79.867,1199.7
74.256,271.62
87.17,946.14
82.858,814.52
72.875,988.38
73.561,1086.5
86.381,485.22
110.96,640.04
90.167,243.79
87.075,284.76
88.683,1232.5
85,302
88.17,712.69
102.91,343.92
93.771,1133
106.01,1063.9
100.51,680.33
101,888.75
114.81,1113
100.19,872.74
101.74,832.71
105.57,285.86
117.06,458.09
109.82,491.84
107.95,1220.2
119.57,209.08
113.11,809.69
121.49,1195.9
126.74,833.19
121.74,295.82
121.2,795.09
129.56,344.49
135.44,1150.6
138.15,376.77
146.59,806.45
130.8,1014
134.59,1202.9
141.11,33.597
161.07,1030.8
148.98,720.07
142.5,420.5
162.72,529.07
156.16,889.08
182.8,960.71
161.05,1113.5
228.89,990.05
169.11,661.66
162.96,574.27
165.74,402.19
163.71,484.55
165.43,750.39
168.42,164.78
173.18,322.09
184.8,1186.2
180.77,497.45
183.11,606.07
197.38,889.01
191.9,689.12
189.65,1111.9
183,426.67
234.17,742.38
189.28,355.25
185.67,122.24
184.08,843.44
197.76,797.8
188.4,1045.4
200.07,924.16
241.43,593.17
204.03,440.97
207.04,423.58
217.46,655.16
211,813.02
221.8,1142.6
208.75,788.25
212.07,124.59
215.51,689.16
222.91,796.7
229.64,944.28
229.45,1187.1
231.81,394.39
246.09,6.033
238.01,532.68
241.03,630.74
234,638
240.64,660.4
238.54,422.38
267.01,944.11
258.64,688.6
260.72,779.8
272.98,317.49
257.42,1126.4
269.78,1172.2
265.85,543.84
268.74,843.25
275.47,552.44
299.25,671.99
286.74,480.66
283.94,384.13
299.25,1005.9
290.84,922.82
289.62,1149.6
306.05,948.13
291.56,1059.9
298.94,638.72
306.2,747.88
308.87,445.88
321.95,868.94
318.67,334.18
319.62,1097.5
312.24,23.618
320.89,496.79
312.8,317.44
320,742.5
320.55,19.45
327.81,1056.3
326.67,753
330.26,281
340.32,1138.7
334.26,681.35
331.58,813.11
334.06,754.57
342.08,958.52
341.03,924.69
339,1106.3
342.32,362.67
350.42,414.75
345.06,1039
350.61,1012.7
370.76,446.05
361.64,851.6
350.43,881.32
353.71,249.59
351.92,743.88
354.57,802.43
355,808
400.4,1026.4
375.53,1138.7
363,815
362,823.5
362.5,724.5
376.44,916.17
378.72,690.45
390.66,890.5
377.02,1234.9
377.57,972.86
378.9,1106
387.27,1174.7
394.61,514.09
389.14,306.28
428.56,415.06
385.5,722.5
385,937
398.41,669.13
387.58,855.11
394.12,293.12
406.65,1084.6
396.2,1111.6
403.73,1222.7
420.32,253.89
441.59,1128.7
411.96,1189.4
424.44,898.63
422.23,201.07
428.37,812.57
440.29,1054
443.34,62.789
432.18,486.44
430.92,638.17
439.17,989.28
449.47,370.78
440.23,409.56
442.12,1077.7
447.46,636.94
447.8,531.75
467.11,1016.8
455.69,803.25
464.41,846.99
455.49,231.17
453.58,725.11
458.71,417.8
456.8,743.07
468.48,981.6
470.77,695.17
470.1,106.89
461.35,1235.4
466.38,1093.1
467.62,750.85
470.99,610.38
492.93,1062.9
474.51,230.81
493.37,648.25
491.89,429.65
484.98,598.64
482.07,160.26
493.64,740.44
490.85,966.9
496.99,892.7
501.47,933.87
494.22,695.38
497.22,394.76
495.5,515
503.29,1097.4
502.56,295.21
511.73,330.77
500,504
512.81,961.27
510.99,602.34
516.52,1045.5
512.81,200.61
520.86,760.13
526.21,862.05
519.96,1137.1
533.56,253.13
520.92,363.17
518.32,461.46
541.03,1064.9
529.43,183.45
523.63,631.44
523.28,423.87
534.75,1018.9
527.63,1109.7
545.2,1128.5
536.64,47.537
534.95,313.85
644.29,945.11
545.48,623.12
538.59,1242
538.95,894.91
545.91,546.11
548.33,1156.8
547.84,952.77
547.6,588.6
556.75,914.7
550.42,311.11
554.55,336.78
562.18,424.37
562.93,140.07
570.44,1025.5
568.68,533.27
567.56,201.54
573.41,1107
570.07,161.44
575.5,483.18
576.06,175.4
574.28,738.07
583.67,335.02
584.74,1072.3
587.06,790.18
613.41,995.6
611.96,624.76
588.64,1098.6
596.61,446.18
596.98,117.83
585.02,62.621
597.53,1155.6
615.24,397.04
598.5,366.5
606.86,850.27
614.09,1085.3
601.93,215.26
619.1,536.78
619.99,135.52
619.21,335.16
613.26,1146.3
615.5,433
638.98,67.363
669.4,839.75
653.03,1015.4
632.47,1142.2
670.16,227.86
639.27,331.69
642.83,450.91
635.5,225
645.86,99.521
641,316.67
640.5,883.5
647.15,135.62
646.96,264.39
659.4,1062.1
656.55,121.38
655.97,880.91
659.41,663.14
656,428
666.99,63.977
663.16,507.78
676.16,312.01
670.21,709.85
665.76,914.24
668.1,49.129
667.52,550.84
669.46,149.78
684.25,535.86
674.7,411.97
682.4,349.13
679.96,641.86
680.75,908.81
686.76,146.31
703.09,448.87
683,986
687,26.036
686.62,1012.5
712.34,50.661
694.14,81.514
690.79,262.21
695.76,991.66
710.88,272.52
707.1,1028.2
716.21,165.46
708.45,384.9
713.51,1187.1
720.29,495.6
731.87,867.42
717.2,130.98
731.32,698.08
722.21,793.21
725.05,1115.2
739.34,18.609
732.91,962.7
726.07,781.41
768.3,233.94
727.67,364
735.27,1034.4
752.45,134.12
731.93,186.2
737.2,219.05
778.09,334.71
744.38,394.28
742.27,253.73
747.33,174
748.87,448.07
750.68,261.56
766.44,1025.1
757,957.46
774.36,982.72
760.08,915.71
769.3,846.91
767.24,884.61
761.27,757
766.83,575.1
779.24,664.01
766.2,734.77
769.2,440.59
776.97,551.05
795.99,22.518
788.73,70.587
781.31,868.56
783.61,150.51
798.4,946.29
790,190.09
791.68,716.87
814.74,845.33
810.02,437.67
800.27,582.23
820.45,900.11
807.44,555.07
804.17,204.33
815.25,217.06
820.45,1175.1
812.93,671.1
815,199.1
822.92,728.02
839.03,136.84
822,928.5
830.24,1000.7
824.91,1100.9
829.07,60.446
828,532.5
849.25,277.11
831.43,198.57
834.05,247.95
833.5,559.5
837.4,970.73
851.87,1014.5
840.89,68.33
852.16,948.45
840.48,191.31
853.22,510.64
849.62,36.119
849.99,542.82
853.37,612.54
853.91,349.63
855.5,371.74
868.21,845.92
857.05,564.66
861.07,806.91
854.59,1089.2
862.85,459.19
857.17,90.314
862.34,300.86
864.61,522.53
868.55,200.58
867.79,1082.9
880.12,229.26
867.26,94.474
866.09,602.91
885.12,82.428
871.07,551.34
871.05,181.95
884.44,651.13
904.64,857.57
907.16,784.61
890.59,1003.6
888.03,529.52
887.92,9.0506
889.98,851.38
957.77,588.11
912.86,1126.7
896.27,1025.1
907.13,359.67
906.1,198.11
917.79,293.11
898.43,905.61
914.75,94.163
905.96,910.42
905.67,1019.2
914.09,24.57
913.97,550.26
926.38,964.55
921.05,476.55
930.03,1029.6
924.4,754.83
930.88,134.4
926.5,105.08
927.8,253.5
933.5,182.68
936.62,363.82
932.06,1104.3
941.98,222.63
956.41,551.49
942.51,324.45
950.98,638.68
940.65,692.42
943.43,825.87
952.11,1117
945,1092.5
949.32,58.415
949.6,619.65
953.95,1083.4
974.85,917.41
963.07,92.294
978.92,817.64
970.13,1012.1
1002.7,255.61
965.86,133.5
975.04,627.79
973.36,102.42
980.09,186.9
980.72,299.75
980.88,946.62
987.56,67.658
995.14,665
981.67,1062.4
992.05,1070.6
988.58,935.58
997.5,157.99
1008.6,788.78
999.64,856.51
1004.1,121.23
1013.7,523.01
1000.7,953.73
999.95,1182.4
1003.7,207
1036.2,1045.8
1014.8,992.61
1021.3,1094.8
1017.3,917.79
1042.2,941.95
1030.2,880.06
1020.2,895.1
1022.6,295.38
1034.3,285.48
1058.7,507.98
1043,72.436
1039.9,111.51
1039.4,1162
1042.4,912.78
1046.8,962.59
1055.2,592.07
1056.2,694.98
1050.5,701.5
1054.1,287.05
1059.4,94.643
1087.7,259.74
1062.4,560.15
1060.1,298.61
1062,1048.2
1065.9,107.45
1080.9,954.25
1065.6,1054.9
1076.8,301.66
1068.5,865
1078.4,1087.1
1087.3,634.71
1082.2,324.23
1084.5,72.917
1091.8,1025.5
1091.2,551.11
1090.6,100.52
1092.4,719.32
1095.6,304.61
1111.3,700.24
1109.1,510.82
1102,940.14
1122.3,551.79
1102.6,1076.6
1111.3,19.756
1110.7,924.93
1120.9,875.38
1117.3,97.436
1117.1,1105.1
1120.5,628
1121.2,1055.5
1131.3,322.38
1121.4,918.43
1134.6,969.27
1133,504.34
1143.5,535.11
1138.6,51.37
1149.8,1045.2
1155.6,371.49
1160.8,1103.6
1140.4,907.26
1163,256.92
1141.2,722
1142.7,411.95
1151.4,945.73
1158.4,155.54
1173.7,81.501
1157.5,994.61
1159.4,548.89
1176.9,490.36
1169.5,337
1174.5,469.23
1176.7,697.03
1182.7,130.15
1172.5,954
1177.1,406.13
1198.1,289.49
1185.2,330.34
1177.4,1204.2
1181.6,7.0899
1181.7,651.73
1188.3,374.09
1214.1,932.11
1188.6,413.59
1200.6,1077.2
1189,390.5
1204,62.09
1193.5,176.09
1203,247
1209.4,341.73
1206.3,600.31
1210.3,513.6
1210.6,526.32
1220.6,815.35
1212.2,908.06
1223.5,156.42
1215.3,867.7
1214.2,388.07
1217.9,1130.2
1229.9,959.87
1237.8,773.58
1226.8,75.191
1229.9,306.18
1231.2,896.8
1239.5,116.25
1238.1,621.62
1236,337.32
1242.3,863.35
1237.3,877.94
1241.9,68.808
1243.7,351.48
1243.4,822.56
1245.4,1131.3
1246.4,848.5
