3.3019,722.58
11.564,949.1
18.541,1236.9
30.496,126.89
29.389,504.14
44.289,900.54
44,341.5
48.256,1188
58.579,1167.1
62.033,218.74
74.579,105.89
76.5,470
76.581,1179.5
84.461,723.3
86.183,562.52
86.149,919.78
89.361,213.72
99.092,167.67
99.986,332.85
100.29,365.44
110.88,1025.4
116.58,235.11
119.92,440.5
126,719
134.05,923.97
132.67,698.83
146.92,640
147.5,910.5
152.5,1109.5
155.83,292
157,910
163.06,1046.8
174.6,299.68
172.84,566.71
176.5,668
180.59,356.03
180,193.5
180.5,484
186.82,1128.5
191.14,900.41
190.5,789.5
217.06,537.3
217.32,800.64
220,463.5
227.55,604.16
230.25,500.84
228.33,423
231.37,348.37
234.09,303.91
236,856.65
239.9,460.2
245.46,385.35
246.5,706.5
247.87,692.33
253.67,1057.5
256.18,348.04
255.18,446.86
254.17,1018
256.81,482
258.17,962.43
260.45,743.43
263.53,908.13
260.23,919.23
262.07,1177.4
262,143
267.15,1123.9
274.1,251.9
273.92,813.08
275.33,1011.6
279.3,378.15
283.98,222.98
283.68,969.73
290.13,1003.8
290.3,1130.1
298.53,710.73
325.46,1119.4
302.9,1047.8
310.58,840.35
311.05,166.93
312.25,678.84
311.08,729.92
311.86,776.5
312,941.5
320.05,989.39
330.45,1056.5
333.87,839.35
333.26,865.19
337.09,337.94
359.75,1185.9
344.5,854
351,946
353.36,545.48
352.11,854.58
355.95,931.23
359.55,474.57
363.4,874.89
369.5,1098
374.82,1210.6
376.01,631.3
378.93,755.06
380.79,1095.8
387.4,1032.8
392.44,51.027
408.5,66.5
408.66,81.943
416.7,343.3
417.63,1079.5
416.83,249
416.86,1218
425.5,563
427.61,1014.4
439.23,381.8
439.09,402.09
447.93,560.59
453.7,861.94
458.61,85.861
467.5,1229.4
473.34,301.21
475.8,766.38
476,1098
485,503.5
487,1080.8
495.5,1212.1
496.5,515.5
499.37,949.03
501.53,601.37
507.87,79.146
505,1144.7
511.96,414.04
517.86,775.52
527.95,702.77
529.08,1237.7
536.97,685.94
545.47,1080.7
553.5,1013.7
553.91,631.09
555.4,1170.9
557.41,113.69
568.45,1137.7
576.48,116.52
586.06,42.771
586.18,832.33
594.71,100.31
591.57,16.391
601.66,1140.1
600,1058.5
603.42,859.67
603.19,122.14
604.09,505.55
607.04,680.74
607.9,908.38
615.47,997.5
619.61,87.288
620.69,622.93
622.29,205.29
622.58,508.94
623,1011
626.32,37.643
627.56,441.13
626.31,1123.4
627.63,99.635
637.38,451.16
638.8,1181.9
641.06,203.31
644.32,91.014
643,1047.5
655.18,13.289
657,34.5
664.36,140
668.94,160.69
675,41
679.64,1029.7
683.61,391
687.78,89.492
687.91,523.13
690.8,650.91
696.98,352.05
716.86,679.45
717.68,246
720.21,500.5
721.39,406.74
727.9,1053
729,634.5
739.61,27.861
743.49,562.38
743.12,748
749.36,1185.1
754.66,642.62
760.94,340.47
762.6,460.6
781.91,677.87
785.72,494.25
789.25,1115.7
787.58,276.89
794.9,1160.4
795.5,1245.1
796.98,175.76
798.45,137.09
798.85,1087.7
799.67,256.55
808.73,822.35
827.42,929.82
830.05,524.41
830.9,760.11
827.63,946.63
837.09,1182.9
842.31,121.41
844.04,450.46
871.19,336.8
888.55,884.73
891.81,917.73
900,737.5
909.1,546.9
916,585
933.28,920.53
949.5,1196
961.59,581.93
974.41,481.02
990.14,530.35
989.64,377.5
996.08,296.08
1000.5,129
1008.3,392.76
1012.2,242.07
1013,419
1019.3,87.74
1029.1,16.421
1033.5,760.82
1036.5,419.29
1045.6,595.99
1049,36.5
1054.9,309.91
1063.4,75.429
1075.6,992.39
1081.7,972.05
1081.6,317.42
1090.4,1176.9
1091.1,201.09
1092.8,812.33
1108,447.44
1122.4,150.96
1126,766.5
1127.2,743.2
1134.6,108.36
1136.7,867.94
1135.1,708.09
1139.7,67.669
1142,1.8947
1140.5,973.5
1145.6,1238.6
1153.8,968.34
1165.5,783.48
1164,939.79
1172.6,1211.1
1165.9,357.88
1169.2,923.71
1173.7,182.34
1176.5,917.87
1196,1155.5
1203.4,658.29
1216.1,657.29
1225.3,106.06
1225.2,575.53
1228,494
1228.5,509
1236.7,1205.3
1238.5,582
1245.1,534.41
1244.5,416
