3.2333,305.07
3.617,371.91
2.3448,1191.4
6.7215,1065.1
9.8596,519.71
8.4878,325.44
16.045,1178.6
25.089,897.2
21.279,369.95
20.552,489.12
24.109,753.63
26.708,828.65
30.56,1115.2
36.323,1031.8
37.917,1138.1
43.138,753.4
43.917,93.917
46.581,622.58
46.558,1101.6
48.407,1059.1
54,630
54,20
66.388,25.427
59.414,934.41
69.344,667.37
66.718,891.13
67.5,398.81
71.94,716.63
68.579,775.11
72.678,464.95
75.015,598.95
73.067,743.65
81.143,385.14
84.936,278.35
85.674,1140.2
85.571,203.57
96.067,907.17
100.27,1134.1
99.326,656.88
105.64,1174.6
101.15,417.39
108.44,926.33
111.07,232.41
120,870.74
121.09,1215.9
125.58,473.11
140.02,283.04
153.01,970.96
159.35,1146.6
154.34,220.41
155.45,265.94
159.45,175.56
163.93,920.48
160.5,785
163.66,868.62
164.93,1236.1
175.7,1122
179.14,765.14
183.32,377.85
182.8,731.35
181,787
190.16,5.7103
192.01,340.38
190,1130.5
192.82,1163.3
194.6,214.35
201.14,334.14
202.63,189.97
206.98,1225.7
212.83,1027.4
219.16,728.03
222.23,950.7
230,1220.5
237.07,680.2
236.78,495.54
235.87,1064.6
239.73,437.41
242.19,1218.9
248.56,797.75
246.22,909.97
248.04,390.37
248.71,1057
253.05,53.712
255,658
255.52,373.37
254.03,533.07
257,1050.2
265.56,420.38
265,666
266.5,381.5
271,7
271.68,75.2
278.68,401.89
282.33,802.79
287.4,1045
285.07,263.07
287.5,397
290.66,667.83
299.65,982.65
301.2,835.5
302.41,1132.8
299.86,1204.5
303.5,1150.1
304.91,1002.5
326.95,1120.4
319.17,640.43
323.17,988.53
329.07,39.529
331.91,627.09
333.1,931
342.44,544.5
342.92,926.44
344.91,991.09
345.53,1125.3
348.15,1218.2
353.55,676.96
355.67,914.21
356.82,755.95
364,882.17
372.98,347.1
372.07,253.41
374.39,116.86
377.84,844.13
380.42,711.03
386.69,484.83
386.45,864.44
390.34,721.36
408.69,508.34
408.93,440.41
415.38,889.65
413.97,1009.5
417.51,1054.3
420.43,696.57
424.11,900.62
430.62,756.18
437.1,800.9
438.75,1108.7
442,530.5
443.88,536.65
455.74,512.07
449.12,781.84
452.27,806.04
454.24,291.34
460.24,115.67
466.09,400.95
472.34,857.58
471.5,203.5
479.23,115.84
479.3,628.52
485.56,240.44
489.06,1101.5
486,693.5
485.58,830.11
495.82,715.11
503.06,786.13
509.24,457.42
513.11,267.36
527.21,1108
521.11,657.18
521.5,721.5
523.5,395.5
533.38,904.59
535.8,1019.6
541.83,1084.6
545.94,862.53
555.65,667.81
552.32,148.22
555.57,1005.6
554.56,338.92
557.54,1069.8
557.66,641.41
557.46,1026.1
562.24,837.44
562.47,705.28
560.89,1098.3
563.43,758.47
564.66,607.32
571.73,416.46
574.93,743.96
577.79,885.27
580.6,1039
583.5,416.5
591.47,1029.8
594.49,533.22
598.68,546.07
604.33,496.57
607.1,1029.6
609.8,322.54
611.88,863.9
615.77,997.2
631.76,997.62
640.87,656.47
645.71,386.33
665.95,987.95
660.39,95.203
663.42,312.89
666.59,393.89
672.6,707.5
673.06,408.59
675.8,211.8
683.23,425.4
686.5,301
690.28,610.47
701.89,429.61
708.74,174.91
713.37,461.58
714,601
725.18,633.6
729.06,469.61
728.92,946
736.45,1133.5
737.15,331.46
740.11,306.05
743.42,971.45
747.45,450.97
751.07,349.5
759.68,207.66
755.39,714
755.55,745.29
757.19,977.08
758.54,508.12
756.42,609.89
766.49,174.05
766.42,933.89
777.36,552.15
773.82,691.62
771.96,878.12
779.26,103.51
779.99,244.23
781.12,302.24
786.97,327.53
794.89,732.43
792.82,680.79
806.32,818.16
804.74,991.28
802.51,647.09
808.26,76.321
808.48,479.25
807.5,867
809.63,253.37
810,104.17
812.44,684.54
811.82,1164.3
813.21,722.5
812.09,973.09
815.55,209.96
813.8,667.1
813.43,1237.4
823.52,698.9
824.42,78.591
825.67,544.26
822.5,736
824.53,1010.2
826.04,256.43
828.53,270.17
837.13,726.13
837.74,412.7
838.4,1241.9
844.57,326.39
851.36,694.4
848.73,123.35
865.09,1004.5
857.68,400.05
857.57,450.61
866.85,232.97
864.08,542.92
867.66,160.36
874.23,259.72
869.57,172.23
875,316.5
877.77,1197.9
878.77,1185.2
889.5,1191
888.73,801.65
890,319
893.29,390.61
899.63,1043.6
901.85,171.54
911.85,1161.9
904.6,29.4
917.68,1206.2
912.91,601.09
914,784.78
918.39,241.88
920.29,1132.5
924.31,80.271
928.33,60.167
933.66,417.01
933.4,770.36
936.82,565.09
938,779.17
942.06,330.09
947.62,588
947.64,743.27
956.54,532.46
953.89,20.709
959.47,97.787
967.43,413.92
973.71,734.45
977.85,829.67
978.7,428.43
983.47,201.67
994,424.17
1020.7,1211.3
1003,229.38
1003.4,725.64
1003.7,213.43
1003.2,1238.2
1008.8,54.422
1006.9,960.62
1014.1,428.09
1018.8,1116.7
1024.7,1243.3
1025.3,6.5231
1025,733.5
1025.2,781
1039.2,551.22
1037,823.34
1036.4,209.95
1042.8,610.18
1040,511.28
1040.6,242.94
1040.5,1114.5
1044.3,568.19
1047.2,1247.1
1043.4,846.11
1047.5,186.39
1056.6,289.2
1063.7,40.754
1072.8,557.5
1070.8,526.56
1072.4,542.74
1078.8,633.83
1078.4,650.23
1080.7,582.14
1083.9,517.37
1085.7,83.625
1096.2,803.78
1099.6,161.81
1096.5,187
1098.3,816.58
1099.4,888.97
1106.6,925.09
1108.2,94.894
1114.1,275.8
1114.2,44.964
1114.4,180.28
1117.1,392.54
1116.2,662.62
1117.2,1201.6
1122,373.04
1119.9,140.55
1129.6,252.38
1124.5,819.76
1126.4,707.86
1133.2,12.312
1132.5,1022.6
1136.1,955.84
1139.1,84
1145.3,243.58
1146,1203.6
1147.1,213.26
1149,482.57
1151.4,766.65
1151.7,611.78
1152.9,1156.1
1161.7,710.27
1156.8,1184.5
1164.7,203.21
1159.4,754.37
1164.4,600.85
1163.8,319.05
1166.7,521.52
1164.5,1146
1169.3,172.91
1168.7,1171.2
1178.8,655.82
1177.6,411.98
1187,570.37
1178.4,291
1187.3,528.35
1190.4,329
1193.8,797.61
1194,436.48
1194.7,216.64
1195.5,712.91
1195.3,119
1197.1,691.91
1203.7,5.4
1212.2,50.211
1218.6,171.17
1207,288.79
1210.6,155.61
1214.4,331.36
1214.6,144.96
1217.4,597.4
1219.1,746.58
1223.2,7.3521
1228.4,527.86
1224.2,306.23
1228.3,603.5
1224.5,209.5
1227.6,622.4
1228.5,275
1240,250.58
1235.4,385.54
1236.9,1045
1235,1180.5
1241.4,734.47
