2.8095,425.17
9.6,300.45
12.035,943.76
14.66,1081.5
22.429,783.94
25.807,1208.7
26.175,194.57
32.94,330.82
40.576,851.51
38.656,647.62
46,959.5
50.244,888.59
52.436,224.85
55.703,1125.8
63.896,278.62
57.436,665.36
59,774.1
64.75,887.95
66.068,424.36
66.874,1083
67.822,1062.3
72.673,461.65
74.437,186.58
73.217,474.52
76.564,327.05
75.407,1150.1
86.26,537.75
84.11,575.06
86.268,903.06
90.062,688.12
90.956,251.67
94.039,481.55
92.662,277.49
99.073,1097.2
108.96,426.97
116.04,406.07
112.36,890.26
121.27,359.93
124.99,612.07
124.06,913
140.44,497.5
153.59,771.48
159.56,965.14
157.92,1016
156.62,531.1
167.6,986.9
174.48,1112
176.87,272.18
173.34,912.41
177.04,126.58
180.22,727.08
187.92,1178.9
195.86,112.42
201.85,414.68
206.04,760.3
211.55,401.22
211.82,603.61
211,800
217.62,6.5101
217.46,707
216,871
220.1,1042.7
231.52,834.65
231.95,172.68
238.07,1115
234.08,458.08
237.32,523.76
239.1,588.06
237.42,1210.2
237.96,1093.9
238,287
241.58,499.37
245.66,538.74
249.62,294.34
249.67,335.58
256.03,954.57
255.5,739.5
257.76,62
262.54,667.87
263.15,925.45
264.26,941.88
279.15,934.21
279.91,241.88
280.13,740.7
293.82,954.7
285.04,1021.7
287.15,599.45
288.8,758.39
295.07,204.92
293.85,861.56
302.34,908.04
306.93,1195.6
319.82,751.05
323.5,355.5
327.67,832.13
331.78,648.15
331.85,159.84
337.71,356.33
334.81,274.19
340.15,220.71
345.39,756.84
341.64,922.24
344.4,468.74
354.08,858.52
353.95,341.68
365.02,72.908
363.34,548.32
367.05,730.07
372.21,49.195
374,885.17
376.23,593.54
386.22,566.79
388.14,152
387.94,636.58
391.66,1168.1
395,992.5
398.51,879.49
401.5,820
409.07,38.414
414.9,802.89
412.35,317.17
415,133.76
416.45,878.59
417.44,493.85
424.93,1044.4
425.91,335.52
428.32,1132.6
432.22,522.88
429.86,343.14
440.56,184.08
442.5,247.5
447.77,933.69
449.56,1150.8
451.77,1215.7
459.11,513.58
457.96,705.83
460.46,230.29
464.04,543.21
463.63,820.48
479.04,694.14
479.33,471
490.36,1167.4
493.13,621.97
500.16,467.62
496.13,1229.8
511.05,116.14
512.03,818.73
512.5,198.5
515.12,652.12
534.05,518.53
534.07,881.34
541.09,1070.1
541.2,236.89
540.74,395.93
546.19,1109.8
551.43,725.92
551.6,1046.6
556.39,402.18
558.5,1213
557.93,283.59
561.11,1082.8
568.13,1127.9
570.52,440.54
574.73,708.09
583.04,1188.3
586.88,369
588.3,652.04
589.12,241.83
594.43,266.33
596.34,486.82
598.25,1107.2
597.45,707.72
598.71,916.29
607.84,884.8
604.5,1130.5
607.5,1048.5
613.32,1230.4
619.5,721
624.47,989.57
626.89,51.37
629.46,5.3625
633.96,855.88
642.81,1245.1
642.06,511.38
648.51,468.37
647.87,1035.9
647.19,184.4
647.24,922.03
654.38,318.43
649.42,774.42
656.91,625.47
660.61,529.31
672.97,682.96
676.62,31.826
674.45,477.42
678.93,145.87
686.52,1211.3
701.77,291.31
703.18,695.67
704.72,1112.8
709.98,1137.4
712.76,660.5
718.18,136.33
721.47,1232.1
720.25,908.75
721.83,55
724.48,394.76
724,920
732.47,1218.7
736.47,949.11
737.73,570.97
741.71,983.45
756.49,77.774
758,367
760.91,1048.1
763.91,745.91
766.06,981.55
769.07,22.407
775.26,687.5
771.51,81.246
773,1043
772.93,1074.1
772.92,991.92
780.08,1025.2
787.17,518.97
792.1,425.5
799.33,1178.7
804.18,42.685
809.54,334.23
810.7,252.42
819.05,52.932
820.5,730.5
822.32,768.22
822.09,109.09
827.68,575.54
827.6,67.404
831.5,1173.4
829.95,825.1
838.78,982.32
842.56,808.09
847.18,597.28
850.27,735.54
860.66,517.09
857.28,693.83
862.34,749.49
862.61,632.86
866.93,1208.5
869.41,868.82
870.5,1100.3
878.93,911.28
879.98,1032.6
879.09,481.91
894.11,515.22
894.92,456.67
894.9,471.95
899.41,707.55
906.05,1025.3
900.5,422
903,971.67
913.39,61.357
918,253.5
923.02,788.94
924.37,326.71
925.87,1060
926.91,425.09
934.3,127.69
934.41,36.865
933.71,678.29
940.67,372.59
940.24,991.39
954.52,19.093
964.84,1062.2
974.98,635.92
975.18,713.38
975.69,947.9
974,1118.4
978.5,743.8
977.39,213.11
980.63,332.75
985.62,652.78
993,88
997.5,1079.1
998.64,811.56
1007.6,1171.2
1009.1,112.4
1008.7,830.53
1010.2,953.95
1012,1217.5
1023.3,58
1029,420.5
1037.2,12.919
1038.5,805
1052.3,644.17
1053.1,391.87
1054,921.62
1054.6,1009
1055.5,444.63
1061.8,554.63
1059,858.5
1066.4,27.415
1067.5,947
1069.9,1139.6
1074.5,939.42
1073.6,1179.6
1076.4,1110.4
1082.5,303.31
1083.2,707.71
1083.4,813.53
1084.9,1033.7
1084.4,767.02
1091.9,458.45
1093.4,1141.2
1094.9,160.61
1097.9,66.099
1100.5,520.19
1097.1,136.5
1111.7,943.41
1098.6,753.81
1099.7,1084.5
1108.3,505.43
1110.7,923
1113.9,490.33
1115.6,619.89
1123.4,914.64
1121.3,10.847
1124.7,702.48
1125.4,262.89
1130.2,785.34
1141,925.22
1133.9,661.88
1135.7,625.9
1137.5,1088.1
1139.9,256.04
1137.9,470.41
1143.6,846.07
1154.1,769.95
1158.5,932.73
1162.4,702.64
1166.5,339.67
1170.6,1093.2
1172.6,368.99
1180.5,395.32
1181,1058.4
1189.6,643.9
1191.9,860.64
1195.6,163.18
1200.9,118.12
1203.7,1006.3
1209.5,509.84
1210.5,335.78
1211.1,363.28
1212.8,257.75
1214.7,317
1225,512
1229.2,549.22
1229.7,623.3
1241.6,434.64
1241.2,468.1
1243.8,676.47
1245.1,804.58
