8.4259,3.5741
1.8261,235
1.9355,287.29
16.632,440.26
3.6538,683.12
2.0789,1130.9
7.8315,1204
9.6075,252.59
12.49,1158.1
61.092,951.76
35.146,1114.9
31.382,917.33
28.732,1213.2
21.5,1239.5
31.335,474.13
24.607,735.88
27.714,1146.5
27.364,1166.3
46.987,1287.8
45.362,994.14
46.448,831.79
55.693,1143.5
57.517,1231.6
71.296,289.78
57,1200.5
58.061,400.55
63.324,1037.5
62.939,836.61
62.789,383.83
65.782,859.75
65.482,509.23
80.792,415.2
71,369.5
146.38,1143.9
84.211,1074
85.071,338.11
82,1056.1
98.795,857.89
97.55,1236.2
112.16,24.675
110.51,1127.4
124.35,1036.3
117.62,158.19
117.44,370.96
113.9,1215.1
121.47,859.28
125.82,302.48
121.37,1264.3
124.22,1322.5
131.53,378.2
126.49,1131.6
128.79,428.09
132.95,3.6154
132.4,1146.4
134,393
137.5,1238.1
137.42,399.11
162.6,1303.1
153.2,11.38
159.09,43.909
162.21,324.36
165.49,1005.1
166.1,913.35
169.14,889.55
172.85,33.994
172.56,1269.5
209.79,101.38
180.6,972.16
177,328.5
199.45,524.13
218.79,326.61
189.81,1290.1
197.62,54.431
197.92,743.52
195.52,945
195.11,1315.6
207.33,921.87
201.78,175.44
248.6,893.47
202.14,1321.9
216.22,847.17
206.13,716.13
210.57,1327.7
221.6,1071.8
213.3,174.66
218.32,148.41
222.54,2.6857
225.78,27.812
239.31,176.12
250.6,1292
229.8,938.18
234.09,999.6
228.4,20.4
232.45,445.29
234.73,431.35
234.29,1260.4
267.38,1114.1
267.22,673.97
238.38,731.88
246.33,91
251.3,386
255.45,1003.1
264.15,1132.5
267.66,312.84
273.28,1295
276.7,998.39
286.39,55.93
282.85,401.48
281.09,353.09
282.12,1315.4
281.6,145.6
289.65,180.06
309.8,1176
310.35,1227.5
311.06,674.43
306.12,1242.6
315.78,698.91
314,1120
319.86,1130.4
324.62,781.19
326.64,876.59
353.53,158.88
337.17,846.6
335.65,1141.2
352.9,1324.9
362.93,365.03
347.23,36.161
357.09,902.7
350.57,234.53
375.6,221.9
357.93,711.47
359.05,1138.2
382.28,65.723
381.65,801.13
385.34,1182.3
384.21,405.92
388.31,129.55
387.68,1005.1
384.5,422
411.89,739.7
406.32,947.86
398.3,925.12
402.7,1034.6
401.65,1072.8
407.79,838.07
407.75,858.92
408.12,138.69
461.56,1312.5
459.15,341.84
414.61,159.36
468.7,257.64
419.82,688.45
432.09,895.74
419.6,970.59
422.32,776.04
421.54,1138
429.07,113.92
423.85,234.51
435.15,44.4
425.72,1000.5
432.76,1074.8
437.14,834.5
434.19,1288.8
438.5,155.83
429.7,572.59
437,187.58
444.59,767.19
448.9,927.02
447.32,1082.4
455.17,964.6
470.15,291.16
451.42,603.86
455.3,374.55
456.47,1199.5
461.92,747.12
456.2,99.234
461.14,236.2
458.1,831.15
459.15,1012.8
457.5,1041.5
462.11,1068.8
535.98,835.07
464.59,933.98
469.18,1166.7
468.57,1261.4
464.71,944.18
477.88,475.6
470.41,223.94
481.9,697.55
493.76,204.47
482.06,182.3
530.4,907.96
496.53,1129.3
486.84,116.43
488.52,1239.8
487.52,416.31
496.06,955.52
511.51,30.265
503.43,104.65
505.48,696.66
509.21,476.88
522.84,978.83
512.93,1092.1
524.85,144.88
511.84,781.57
515.06,864.17
515.83,1277.3
516.7,1043.8
518.65,215.42
538.64,69.627
519.74,107.31
521,201
541.77,1217
556.36,1035.5
528,324
536.32,1146.7
546.99,260.08
545.33,326.57
543.09,355.91
545.56,225.71
549.79,1292
567.72,162.49
554.46,98.866
551.5,354
591.17,210.91
558.22,1051.7
557.5,200.5
567.28,359.83
559.5,27
565,287.5
592.66,777.38
568.6,887.65
575.43,271.6
572.98,306.13
604.9,178.71
579.57,254.85
599.47,56.715
612.49,1291.1
603.45,272.57
701.2,216.96
590.68,1122.2
594.76,917.62
596.88,1243.4
620.68,714.25
627.15,1021.6
601.84,138.78
603.48,1068.9
602.22,1172.2
606.93,1266.8
617.25,1144.7
611.53,1247.7
613.75,852.62
634.41,1229.4
628.54,61.543
628.83,598.93
628,755
639.73,981.87
649.42,1205.2
638.02,764.2
681.28,143.49
643.05,642.1
645.97,1098
651.41,1235.4
648.57,102.03
666,647.08
652.37,1108.4
670.46,1001.1
674.86,818.25
669.92,1325.8
668.85,1276.8
667.06,963.7
696.03,547.34
683.66,971.72
687.7,228.12
687.05,514.87
693.25,749.04
686.95,310.92
688.38,940.47
691.85,728.67
722.47,952.72
695.39,871.39
710.78,907.49
699,302
701.43,320.18
700.05,956.09
705.18,254.58
704.48,1098.9
715.69,856.18
712.75,1269.4
710.56,1156.2
719.8,300.19
720.45,219.84
730.4,257.7
767.04,811.88
738.33,1275.9
815.95,581.48
738.04,872.61
743.59,784.25
742.95,948.38
752.44,232.21
752.16,1290.7
752.5,287
763.7,1019.9
757.89,1318.6
760.89,624.76
768.43,459.76
787.87,222.31
766.63,1050.3
788.46,1274.6
775.37,649.52
775.24,946.43
791.43,562.9
779.36,1093.3
795.79,586.36
804.22,286.18
801,997.69
822.98,794.91
822.72,846.08
830.44,897.48
819.12,1154.1
829.54,1013.1
819.62,772.04
819.76,75.118
821,638
858.7,257.08
855.25,72.047
838.26,663.9
834.83,341.87
846.51,389.4
849.41,685.33
837.4,1246.4
870.13,826.76
845.42,1214.8
842.91,1238.9
848.62,143.1
851.39,987.45
926.4,166.47
853.27,863.84
862.05,961.2
866.34,209.91
853.64,1013.5
859.02,633.75
859.09,181.53
867.56,285.84
869.2,1027.6
882.27,779.08
874.03,481.44
876.19,653.04
872.32,1207.7
874.16,505.32
877.82,298.79
878.71,382.78
881.35,1121.2
883.3,307.07
884.04,283.51
907.36,990.56
883.5,1188.5
889.38,1330.7
891.1,1226.8
886.5,390
895.53,204.94
892.66,679.05
895.12,102.65
898.08,1027.1
895.87,344.57
893.85,129.15
903.17,479.35
946.92,562.83
916.23,82.273
914.28,313.04
914.91,1019.9
1071.3,388.2
924.19,327.78
925.04,489.52
943.17,946.54
929.42,608.76
934.55,546.24
929.73,393.35
941.18,1018.5
936.66,1208.2
942.93,897.74
978.16,1054.5
964.2,762.98
964.94,405.78
949.86,1122.9
951.89,530.42
956.59,691.23
957.09,508.72
961.47,268.55
980.5,1129.5
979.81,973.29
968.78,519.46
975.97,683.52
971.02,904.77
972.44,1203
973.37,498.05
983.71,363.41
985.25,305.08
989.85,667.1
995,92.5
993.4,308.6
994.6,653.83
994.91,821.31
1022.4,715.22
1008.4,1026.8
1031.9,563.49
1005.8,314.96
1021.2,1114.8
1017.8,1151.5
1015.7,342.1
1015.1,530.7
1028.8,286.68
1019.8,1168.1
1022.5,1015.5
1027.3,176.05
1027.5,776.39
1024.8,373.49
1028.4,1086.4
1058.2,1233
1036.4,798
1071.5,638.59
1068.5,1098.2
1050.6,263.73
1046.9,287.14
1083.2,190.56
1076.7,758.86
1056.5,361.78
1057.5,542.06
1061.1,726.48
1067,1153.4
1060.9,600.4
1065,340
1070.5,1330.2
1071.1,249.82
1075.8,322.72
1101.3,587.36
1080.6,907.8
1091.1,1047.1
1114.7,74.843
1087.6,544
1085.9,828.41
1094.8,230.36
1092.3,216.33
1102.5,706.21
1095.1,871.69
1121.7,884.05
1098,1330.5
1103.3,1197.1
1114.8,541.32
1105.2,271.21
1107.2,298.43
1114.7,1273.6
1105.8,1224.2
1129.8,699.97
1129.7,1302
1135.5,555.71
1131.2,610.16
1144.2,6.1152
1131.5,1284.5
1142.3,51.872
1140.2,1108
1137.3,1313.7
1152.8,673.74
1144.6,1163.6
1152.5,202.69
1143.7,423.66
1146.6,528.24
1146.5,27.087
1146.5,429
1150.7,148.7
1179.2,1093.4
1152.7,437.77
1158.3,886.09
1160.1,966.61
1193.9,1010.8
1163,758.4
1173.2,399.3
1179.9,4.6883
1172.2,73.925
1191.6,102.24
1171,883.5
1184.3,1133
1192.6,535.09
1176.7,985.62
1179.6,857.93
1198.5,244.64
1207.2,753.47
1196,385.47
1193.6,1239.4
1192.7,272
1201.3,1315.9
1207.7,1221.2
1235,360.08
1217.4,1203.4
1221.9,192.78
1212.5,493.13
1212.2,1179.1
1213.9,777.86
1216.1,124.38
1221.2,1267.6
1221.7,51.115
1234.2,1142.1
1233.2,222.28
1227.8,14
1239.4,340.11
1232.1,66.394
1240.2,120.32
1233.1,1321.9
1246.1,34.145
1244.3,265.91
1257.2,820.33
1261.5,748.28
1250.1,992.27
1263.7,686.36
1297.9,625.15
1252.5,1233.9
1257.3,1293.8
1252.5,107
1292.7,59.179
1257,174.5
1264.3,1155.5
1266.4,257.22
1298.6,260.44
1283.7,180.83
1279.2,1200
1280.4,1255.3
1278.4,996.22
1277,46
1283.3,298.89
1282.3,669.37
1283.8,383.08
1283.3,1164.5
1309.3,498.73
1294.3,947.7
1287.7,1273.1
1311.1,982.89
1290.9,385.41
1299.5,1166
1300.7,708.19
1298.8,1131
1304.8,104.04
1313.9,129.44
1308.6,1196.1
1311,848.5
1316.3,17.922
1316.1,1008.1
1323.8,1118.6
1324.9,1053.3
1319,922
1328.8,153.11
1328.8,687.49
1329.3,1313.5
1329.6,374.44
1329,1224
1328.2,106.48
1330.3,304.35
1330.3,437.31
1330.4,1173
