3.4478,224.76
6.7419,719.52
10.887,447.4
10.547,984.33
14.61,213.24
25.051,520.46
27.976,239.43
36.246,475.28
34.915,39.783
43.905,711.45
39.333,399.04
39,781.11
48.506,149.54
51.439,231.32
61.42,326.31
61.72,767.69
76.329,711.15
76.912,204.75
81.5,505
86.074,104.41
93.727,148.64
106.98,539.88
105.58,218.11
114.52,807.86
114.58,1078.5
108.91,369.91
109.91,717.91
114.64,463.77
121.57,1100.1
122.5,955.5
126.5,294
133.51,770.33
130.15,107.46
141.42,5.1053
149.06,374.82
148.71,675.71
156.48,147.43
157.59,855.91
155.31,448.94
163.63,678.31
166.33,370.71
175.81,381.84
181.41,656.57
179.6,775.78
179.57,1200.4
186.65,273.17
203.18,163.94
202.14,468.5
209.56,1107.2
211,409.24
225.83,1104
229.24,642.66
227.91,278.91
234.75,926.25
242.23,345.02
242.78,1180.5
245.35,508.13
252.34,756.54
254.97,396.8
254.58,20.576
260.28,143.52
260.19,799.88
261.7,417.5
271.21,685.74
272.32,769.22
276.11,230.97
275.14,441.5
278.86,556.49
278.25,301.43
281.1,661.48
281.08,728.47
281.89,498.51
285.29,782.55
292.08,1011.9
302.02,764.86
304.48,885.5
304.26,498
304.48,928.29
317.17,638.57
322.21,716.86
326.26,617.07
327.21,1050.1
333.11,854.45
328.39,426.43
336.63,218.05
337.91,914.1
340.32,516.97
357.22,1013.5
360.86,115.06
359.58,397.12
367.87,296.56
375.41,761.16
367.31,26.643
373.73,1214.9
373.85,568.64
379.22,471.27
376.97,587.53
384.16,686.22
384.67,218
386.75,1055.3
392.68,420.08
395.74,655
398.98,242.57
404.93,1113
411.39,1076.6
418.42,1093.5
417.55,1197.1
418.95,151.57
416.96,476.16
417.03,974
417.22,276.53
418.53,44.021
420.5,179.64
423.19,816.7
423.87,645.48
425.49,1014.8
433.29,182.08
432.64,88.979
437.63,842.42
439.35,363.79
438.09,780.09
441.5,628.5
444.58,982.11
451.12,1093.8
450.58,267.55
451.13,374.94
454.82,100.89
453.48,176.83
460.5,829.71
465.21,162.5
466.5,783.5
466.11,1207.4
474.68,833.95
484.29,863.57
487.65,287.82
492.74,442.25
492.73,51.533
494.63,856
498.5,760.88
504.82,100.16
508.15,1111
517.26,218.79
513.34,1217.6
516.57,450.09
520.78,662.5
519.82,983.33
524.03,555.96
524.85,856.23
534.93,522.87
535.2,722.3
538.03,55.337
539.44,495.16
550.3,117.46
553.57,938.61
556.71,1172
573.51,252.18
571.01,665.01
584.39,185.37
588.98,203.15
584.77,297.47
590.43,601.89
590.8,456.58
590.09,579.91
599.21,896.45
605.05,924.26
607.42,254.55
610.24,664.02
611.26,1001.6
625.05,96.856
627.51,1171
640.22,168.41
637.83,612.97
644.99,1217
643.94,726.03
644.38,254.66
646.12,343.19
650.06,235.47
657.07,93.784
671.79,222.75
668.08,882.3
680.39,375.5
682.36,463.96
684.47,207.25
686.34,1107.5
692.47,339.51
698.33,516.67
699.2,362.44
703.37,1118.9
704.5,1079.5
711.65,1214.6
711.59,967.41
713.18,300.77
712.09,533.12
715.07,825.49
712.93,403.95
721.3,1191.5
730.45,874.13
742.68,941.67
740.23,919.25
740.17,1134
743.84,574.66
745.16,799.86
752.37,197.63
762.17,568.4
762.57,423.4
763.69,759.52
766.25,886.74
768.18,41.333
769.3,373.7
779.54,1064.4
771.08,1095.4
790.36,340.79
793.07,248.41
798.33,877.38
802.04,752.8
802.6,73.5
803.43,898.92
805.34,1243
809.91,678.65
807,165
809.69,463.32
819.63,218.59
817.69,837.31
818.94,940.55
828.07,1210.3
825.21,345.1
827.03,856.23
832.31,21.094
838.61,257.46
846.46,1171.2
844.3,787.48
855.5,1223.7
849.31,935.26
856.52,885.84
851.25,1244.2
850,1033.5
852,572
859.3,522.07
861.25,628.16
864.16,1141.4
872.67,1167.6
872.43,18.023
886.16,1189.5
879.57,1081.9
886.35,563.55
889.41,1203.9
900.52,620.87
901.36,1060.9
911.61,1017.2
907.04,750.58
917.07,619.42
917.98,134.12
917.17,1201.1
929.67,429.09
931.23,1030.7
936.18,336.19
943.46,728.13
946.97,76.241
951.95,134.17
952.27,1055.1
960.72,1134.9
956.59,590.93
959.89,1226.2
982.7,1039.3
967.87,630.47
974.91,774.07
972.87,1105
976.84,435.63
978.8,2.7
986.57,193.15
987.12,254.12
991.18,1079
993.66,859.42
994.82,1157.4
993.33,540.56
1011.9,784.26
1012,815.4
1024.6,451.76
1029.8,546.07
1030.8,850.6
1031.9,1102.7
1031.4,365.12
1035.6,919.92
1039.6,817.94
1041.1,786.41
1047.4,512.55
1046.6,108.93
1050.5,614.58
1066.6,621.24
1066,1101
1070.5,539.27
1067.9,638.26
1079,260.75
1084,1122.7
1083.1,1088.1
1087.6,1244.1
1091,71.152
1094.3,675.49
1107,397.89
1104,1104.4
1105.4,1111.5
1116.2,297.12
1120.6,1202
1125.4,688.11
1126.8,757.94
1133.7,563.94
1133.5,852.45
1139.9,993.09
1153.1,484
1154,1189.4
1156.4,467.89
1160,360.06
1181.7,381.98
1188.7,945.27
1203.3,997.36
1212.4,1096.3
1221.7,244.58
1224,302.07
1222.8,446.41
1237.1,1128.9
1240.1,621.41
1246,584.96
1247.5,1201
