3.0476,76.143
7.2432,1245.1
11.57,698.08
10.062,727.85
9.4032,857.89
14.421,308.11
17,368.5
26.463,313.45
23.054,648.05
25.857,563.86
27,92.5
37.878,1159.1
63.635,1044.5
75.496,979.77
73.856,753.31
72.712,1098.3
101.6,1010.3
103.16,244.83
98.087,749.48
106.59,137.98
112.01,646.56
116.26,744.96
114.35,44.885
121.68,258.78
132.87,229.45
131.64,41
157,823.22
156.5,235.86
161.8,649.68
163.46,537.92
166.1,942.09
166.42,135.89
168.82,306.59
172.33,611
183.31,568.46
188.11,125.63
191.22,705.18
199.56,751.31
201.39,395.46
200.54,726.85
205.94,1053.9
213.16,1103.8
213.86,1115.1
215.9,132.95
221.03,171.05
219,427.5
222.8,755.81
229.48,78.957
229,67.5
231,114.17
234.18,1101.3
236.04,820.57
237.71,58.347
241.03,836.71
246.45,1082.1
250,753.17
256.06,311.09
258.84,356.99
260.63,1172.7
256.91,85.091
260.5,1081.5
261.59,1128.9
264.9,546.38
269.64,304.98
272.59,867.93
276.77,541.71
276.59,552.94
287.76,343.26
285.79,507.12
287.56,829.08
295.74,758.07
299.37,681.17
302.09,567.43
307.1,132.45
308.58,929.91
318.32,324.68
329.8,22.441
344.8,948.1
344.16,177.91
345.49,530.49
357.06,1125.9
357.5,1137.5
359.07,787.41
365.25,559.74
376.5,442
381.22,753.8
384,737.75
384.36,1167.7
393.19,732.74
398.94,261
398.84,862.08
419.98,423.8
419.89,1081.6
418.43,155.61
428.02,70.532
427.5,754.5
469.08,212.36
470.56,1129.4
484.48,757.84
498.71,321.71
495.77,1087.8
496.09,1173.6
495.5,829.5
507.16,1085
511.11,308.42
518.16,158.84
529.92,601.34
533.84,815.25
543.48,1141.4
541.5,370
542.92,1088.6
549.89,1237.8
553.5,709
568.11,1056
569.61,164.98
583.65,150.06
591.98,471.61
599.27,526.49
593.23,763.35
596.89,783.58
602.58,773.39
604.5,840
619.27,1099.2
618.08,59.083
619.09,1167.9
622.5,654
630.84,38.271
628.47,135.73
633.79,20.253
633.06,764.31
633.43,1012.2
635.95,1190.5
646.57,1169.9
644.83,735
651.54,857.78
665.79,347.98
670.16,457.61
665.86,473.26
670.64,1147.4
672.19,829.07
672.78,784.06
672.77,998.53
685.27,29.768
693.07,1008.4
694.56,642.07
695.23,560
704.24,358.45
702.86,589.17
699.83,716
708.98,649.48
708.23,741.43
708.43,404.91
713.14,275.45
713.35,1014
720.86,406.47
717.86,1238.7
721,366.75
721.1,842.16
722.68,729.07
725,715.65
742.97,1004.7
762.19,317.9
746.65,1141.4
764.45,978.2
763.59,466.93
769.47,1097.8
775.11,1068.6
803.32,341.3
782.79,298.38
787.41,531.07
791.61,900.97
794.8,513.5
803.1,562.38
801.67,599.9
812.44,1145.3
807.34,855.06
809.94,133.14
821.93,1221.4
831.21,898.41
832.05,559.56
833.44,546.97
836.17,187
839.45,74.71
842,938.5
847.95,1119.3
853.6,1127.4
857.45,925.21
865.81,1042.9
869.42,901.11
871.42,132.89
880.4,921.58
882.7,836.16
884.4,582.6
904.68,299.26
907.74,1170.1
908.31,695.43
913.44,674.84
917.97,688.87
929.41,136.28
930.32,512.78
936.42,534.11
940.65,297.17
939,157.5
944.63,416.57
950.21,880.29
949.4,22.4
952.9,580.25
959.32,101.69
951.23,716.69
953.08,1151.5
953.93,549.69
958.58,124.65
958.39,1224
967.25,359.22
963,720.17
963.93,62.593
967,596.5
973.6,285.41
977.54,636.6
982.67,989.74
986.54,587.08
1006.8,672.57
1011.4,1121
1012.4,550.55
1016.1,199.25
1015.1,846.62
1016.9,925.59
1020.4,941.39
1025.9,298.27
1026.5,830.92
1029.4,647.9
1040.1,1120.6
1038.9,684.05
1043.5,201.62
1048.3,666.56
1054.9,428.68
1056.1,633.81
1060.7,163.45
1058.7,151.88
1058.3,474.8
1057.6,1188.1
1066,1240.5
1069.9,15.577
1077.5,583.66
1089.4,980.18
1097.8,14.878
1108.3,47.328
1126.7,326.73
1127.4,103.11
1139.5,476.56
1146.5,889.71
1155.2,1169.7
1160.4,211.34
1162.5,872
1162.6,408.11
1181.8,259.99
1187.8,324.74
1195,564.16
1195.8,649.77
1202.5,316.38
1203,257
1212.2,1121.9
1214.6,396.25
1221.5,247.51
1222.2,651.63
1219.5,1193.6
1222.9,537.57
1224.5,793.65
1229.6,343.85
