5.6364,60.325
2.375,237.78
2.36,764.68
15.955,849.28
18.5,182
22.951,390.63
20.449,783.06
23.554,824.81
30.125,795.89
28.462,915.06
32.865,92.288
35.03,1005.1
36.783,209.9
41.922,309.86
45.859,939.36
50.418,114.22
50.909,1152.9
60.5,368.5
63.481,1178.2
62.541,994.92
66.457,770.94
66.09,210.31
71.082,833.14
80.406,1071.9
86.35,839.52
101.87,185.15
105.67,942.03
110.9,755.8
113.93,1043.6
119.22,1060.1
117.5,181.5
121.12,336.16
120.44,858.92
124.45,1137.9
122.4,1218.1
139.85,993.96
128.92,78.169
129.11,307.58
140.68,810.05
145.17,306.13
145,46.745
155.06,782.96
161.24,162.54
164.17,860.14
169.05,1140.7
179.39,944.53
183,72
185.65,308.35
190.08,1184.7
188.37,619.63
195.43,252.3
192.16,741.55
196.32,69.828
193.83,521
193.67,531
199.45,457.54
203.5,89
206.12,472.98
210,593
215.79,970.43
218.41,1057
226.35,461.52
219.54,1088.7
222.47,157.24
225.83,1011.4
221.4,562.4
228.5,1029.5
231.16,286.3
242.23,278.69
237.53,520.14
242.17,928.46
247.46,1118.5
246.86,335.61
250.93,115.19
248.42,231.94
261.3,3.1964
259,304.62
265.82,166.07
263.08,512.08
266.26,104.02
270.56,833.35
274.8,1149.1
279.91,421.59
280.21,1012.5
284.36,612.76
288.93,890.39
288.89,1072.6
292.31,1219
299.5,288
304.71,1044.3
307.5,1142.5
314.69,910.53
312.77,720.09
313.04,467.08
317.24,956.09
315.53,126.66
315,584.5
316.76,688.83
320.42,500.17
322.04,1025.3
322.58,58.105
325.5,257.5
331.77,878.58
338.11,632.47
340.5,1009.1
344.98,932.32
345.59,879.21
351.22,145.7
348.58,1113.4
354.25,767.83
360.46,54.122
359.17,741.37
362.34,1057.9
362.2,1178
377.23,598.18
366.94,830.47
369.45,1118.4
375.46,801.89
374.45,1018.7
377.41,892.98
382.59,619.61
388.95,765.18
392.46,371.15
394.68,288.71
397.15,1192.1
397.65,667.14
397.6,926.94
400.47,787.86
405.29,817.86
419.51,936.54
421.26,566.68
416.88,323
421.35,191.94
428.16,919.37
422.97,1056.7
429.07,104.05
425.71,703.18
427.17,1111.1
427,120
433.43,1070.3
429.5,404.37
431.57,309.5
435,677.24
443.04,127.62
450.11,43.815
448.93,683.59
450.4,980.11
451.42,122.55
459.57,959.54
456.42,93.105
479.03,75.371
483.32,41.912
469.37,203.39
472.03,1059.8
469.7,531.51
469.78,441.9
475.99,555.67
473.35,674.65
476.71,138.55
478.65,639.77
478.5,362.5
479.58,990.11
488.5,536.91
488.74,1054
492.72,1120.8
492.28,914.32
496.57,1002.6
503.14,738.19
505.5,906.7
515.81,242.36
519.11,780.58
524.77,4.0536
525.5,932
531.51,102.3
532.06,768.65
536.6,467.6
536.57,673.05
540.29,567.93
537.07,1114.4
544.64,1137.6
549.92,681.34
551.4,932.79
554.86,340.22
557.32,434.09
553.39,1132
567.7,887.36
569.99,264.92
566.96,851.43
576.27,1158.8
576.45,926.54
577.73,879.45
586.88,734.3
591.09,15.909
592.9,548.99
594.86,797.41
599.44,1178.9
608.65,686.71
611.61,468.22
619.51,873.93
622.34,671.93
624.63,397.13
630.01,808.36
625.6,15.476
626.58,1063.1
627.46,1173.1
630.93,105.61
629.64,327.5
631.18,825.76
637.72,950.49
639.82,1018.3
642.06,973.4
643.68,622.2
646,738.5
650.69,984.94
653.12,648.73
651.21,1010.7
654.08,1159.2
660.25,207.78
668.53,612.93
667.94,706.53
670.08,1222.1
677.78,87.112
679.35,963
681.21,1071.5
681.15,730.3
683.96,500.87
685.33,906.62
689.14,331.86
693.26,780.16
694.16,606.16
708.9,1033.8
712.38,1004.6
714,59
718.29,1173.6
720.96,1135.6
725.16,16.914
728.05,755.47
732.24,1166.1
731.25,785.19
731.46,161.78
733.11,1128.4
735.08,218.44
738.82,495.54
737.8,704.16
737,529.32
740.03,649.58
748.05,1169.1
746.79,141.96
749.84,660.5
753.39,1036.9
760.3,1009.9
761.96,291.96
769.66,316.22
772.33,450.46
777.44,31.175
776.76,1011
786.13,991.99
783.92,1038.4
786.47,421.18
787.09,777.75
786.71,801.5
788.58,1053.4
811.27,1213.9
809.61,1190.1
812.53,80.175
810.95,250.53
814.89,1139.6
821.33,950.45
829.04,939.5
830,928
834.69,59.396
836.17,510.55
838.07,1181.3
841.27,210.98
846.29,918.92
848.96,134.71
851.35,62.941
855.14,1146.5
860.38,1131.2
862.55,383.71
866.58,151.63
873.5,734.35
875.5,1186.6
901.41,14.244
904.01,670.66
900.5,1241
904.11,73.703
904.08,598.08
906.48,1065.2
909.78,98.577
914.19,53.429
923.35,957
933.13,108.94
937.63,144.64
935.42,203.89
939.54,1174.3
940.15,1226.9
942.61,746.25
952.58,879.11
959.15,1014
959,479
964.6,125.8
964.38,54
966.63,616.63
966.39,1198.6
974.64,451.8
972.94,1129.8
970.42,1216.1
972.04,1232.2
976.76,816.03
978.48,163.58
997.35,942.15
1005,727.45
1013.8,645.52
1014.6,53.571
1016.8,473.26
1017.9,283.44
1022,271
1022.5,100
1023.6,300.6
1030.2,768.4
1037.2,253.43
1035.2,352.07
1042.2,991.12
1040.5,1230.5
1043.2,114.8
1043.3,382.22
1046.4,282.94
1051.8,503.95
1051.6,93.444
1050.6,219.57
1052.1,1109.3
1053.2,627
1053.9,1042.1
1057.7,49.104
1065.5,711.24
1065.6,1025.5
1067.2,1089
1074.3,559.69
1076.3,502.9
1075.1,531.42
1074.9,1108.1
1074.7,878.98
1085,189.11
1091.4,1215.9
1097.4,254.08
1099.5,1134.2
1102,414.93
1114.9,144.14
1115.3,1101.3
1117.9,334.42
1127.2,1082.7
1129.9,392.88
1130.3,1159.7
1136.1,239.09
1142.5,1134.4
1142.1,743.89
1143.9,291.55
1144.6,1204.5
1150.3,675.45
1151.7,197.94
1152,644.55
1155.2,1149.3
1159.3,234.09
1171,259.36
1180.4,459.86
1185,441.99
1175.3,672.91
1177.5,954.5
1191.2,473.69
1195.8,400.62
1196.7,1161.8
1198.8,140.22
1211.9,1240.9
1212.1,157.41
1217.2,199.92
1213,505.25
1217.9,425.49
1220.2,228.35
1227.6,131.25
1230,169.75
1239.7,818.94
1245,993.1
1244,244.5
1247.1,753.87
