5.3093,1083.2
4.95,21.825
9.1037,461.36
11.714,580.13
8.3143,893.17
10.942,395.38
12.547,629.57
20.41,28.958
18.762,684.21
19.157,335.94
17.605,1203.8
20.5,607.15
28.287,1152.3
29.699,211.78
41.43,1086.6
43.389,1208.1
49.122,166.17
48.184,651.2
59,148
61.731,141.35
73.793,382
78.073,690.83
82.074,444.41
87.846,619.56
88.197,579.28
92.553,791.84
89.564,273.33
95.694,1074.9
96.991,23.57
101.2,627.84
100.02,1016.1
114.05,63.135
104,962.87
103.48,346.43
103.11,510.37
106.72,1002.4
103.42,1206.6
107.69,158.19
108.6,403.14
111.91,1020.1
115.63,278.13
122.97,997.83
126.51,37.156
129.5,207.5
131.5,492
135.47,932.76
134.06,992.45
138.52,101.55
144.65,328.07
152.78,490.47
154.87,82.59
156.13,1145.8
157.21,21
158.3,942.44
160.87,1004.3
174.95,317.04
180.85,847.22
183.29,1104.2
180.96,892.43
191.66,473.85
194.5,1037.6
199.56,833.3
196.86,933.5
209.5,879.5
213.05,358.03
221.58,550.89
223.26,400
227.76,919.83
230.55,614.76
235.94,332.57
241.75,223.13
254.62,838.27
252,630
255.23,7.6338
259.26,507.28
262.19,407.45
264.68,976.12
263.21,1116.7
266,944.76
272,304.45
275.69,282.62
276.35,528.6
275.23,847.77
281.58,881.89
286.19,779.6
287.26,1034
292.6,62.861
291.81,839.86
291.73,511.61
293.39,316.14
295.51,434.35
300,1083
299.17,776
303.09,567.91
307.38,407.9
317.58,356.45
318.3,625.28
322.06,678.85
326,796.5
328.75,580.36
329.14,758.06
337,857.3
337,603
341,428.83
348.74,747
353.3,531.23
354.53,937.31
354.77,618.4
355.54,1196.9
371.59,457.16
373.39,102.86
377.22,705.38
387.18,908.98
394.1,415.38
409.92,877.17
415.11,966.34
418.69,337.43
420.62,95.207
425.67,584.29
420.58,608.11
432.85,1195
446.96,168.29
445.92,1037.1
447.67,962.63
455.43,724.38
470.9,13.897
474.29,208.55
478.98,60.019
488.54,213.64
484.45,194.63
492.34,762.66
493.77,515.66
499.09,1167.5
498.46,402.93
505,1043.2
505.11,937.58
510.74,1173
516.2,165.21
518.26,458.66
518.22,976.72
517.83,400.69
519.42,819.89
520.78,64.444
530.7,1037.6
530,974
533.58,743.55
535.14,59.5
536.34,631.08
553.5,1152.2
556.22,699.55
567.47,525.68
569,316.37
570.42,1004.2
572.79,470.19
578.83,564.26
579.11,433.54
605.29,353.17
603.27,844.65
605.93,997.41
609.86,75.212
615.12,140.88
614.65,1074.9
615.88,372.17
621.87,824.49
621.56,1126.2
623,388.5
627,728.22
632.59,943.13
631.71,989.71
635.46,394.63
638.97,217.37
645.78,1096.4
651.2,161.31
654.39,282.09
661.79,557.06
666.45,256.03
671.52,597.05
675.31,353.29
673.4,1078.6
675.18,968
675.5,19
675,918.5
678,332.19
679.5,496.5
690.64,828.14
690.42,624.73
697.12,1141.2
700.13,1246.8
701.5,372.5
710.38,571.29
711.28,12.366
711.19,159.6
719.46,64.73
718.14,844.37
731.81,794.46
730.5,1233
744.3,787.01
742.31,916.07
744.59,440.5
750.64,748.84
771.55,235.28
769.74,590.07
776.41,74.766
777.95,53.297
779.02,1112
778.5,1181
795.92,620.92
798.75,993.17
808.79,647.89
808.64,463.42
809.3,1070.6
814.08,154.34
815.97,347.13
842.46,1021.9
842.7,507.12
845.69,449.63
847.16,866.2
858.39,1139.6
877.08,432.44
881.9,30.975
885.05,1079.9
884.5,240.5
899,142.5
907,1188.5
911.5,29
909.5,203
918.69,448
919.08,54.917
939.08,462.56
947.91,755.87
951.94,15.24
958.34,728.39
961.78,262.09
957.91,79.091
959.76,1156
974.77,250.77
980.69,1003
984.3,1136.8
984.61,75.281
986.55,408.56
987.7,209.88
991.39,720.86
993.02,181.07
994.08,1223.8
1000.3,738.26
1006.4,280.89
1005.3,1078.8
1009.6,1196.1
1012,777
1013.3,952.33
1014.2,26.5
1014.1,791.13
1016.1,860.54
1020,153.32
1020.2,940.55
1021.8,609.38
1030,1075.1
1038.7,783.35
1045.6,113.05
1049,1214.5
1052.5,251.02
1068.9,559.57
1067.4,589.14
1072.6,928.28
1083.3,840.8
1084.7,1048.2
1086.5,410
1090.5,113.13
1095.6,502.86
1098.5,1051.5
1097,232
1106,113
1107.6,312.41
1111,227.97
1124.2,425.52
1127,786.58
1130.9,471.98
1132.7,1127.2
1138.4,164.11
1148.2,319.1
1150.9,494.04
1152.4,608.5
1159.6,25.861
1161.3,407.81
1174.8,450.97
1177.8,1245.9
1177.4,1065.5
1181,880.9
1180,900.5
1181,49
1185.8,7.4944
1195.5,600.02
1195.4,879.35
1197,228.39
1201.4,392.11
1205.6,211.02
1206.1,518.91
1211.8,651.17
1212.4,856.59
1216,184.17
1222.4,261.13
1220.9,726.53
1221.6,879.87
1226.6,502.95
1225.7,788
1229,1098.5
1233.7,1018.7
1234.2,821
1238.7,1130.5
1240.1,153.08
