2.3636,615.5
8.0426,450.63
7.2353,169.53
18.747,797.95
17.391,942.12
24.984,91.921
32.5,378.39
31.633,746.63
41.269,488.14
44.238,91.362
42,792.5
42.5,235.4
45.321,955.49
51.474,742.84
55.415,420.68
59.6,1222.2
65.116,200.88
70.884,366.88
74.95,613.32
94.936,1059.3
99.408,905.71
100.5,273.5
106.17,134.58
107.41,26.19
103.38,590.76
123.74,529.9
134.6,850.51
143.64,943.82
143.27,395.4
144.02,292.86
143,680.5
163.49,603.38
162.88,1003.3
172.88,580.85
177.5,150.5
181.57,1227.1
183,746
207.89,1216
207,1064.5
212.5,539.5
227.07,337.59
233.55,751.24
234.95,1092
238.25,23.124
239.17,353
246.44,1005
250.13,1062.6
257.37,908.37
263.5,248.5
277.93,3.1273
282.77,753.63
289.06,1080.7
292.42,882.29
295.61,144.02
297.86,722.84
304.12,1034
306.29,74.71
314,1140.2
331.5,18.5
339.27,901.17
345.5,147.5
352.2,816.41
355.08,923.04
363.12,789.66
366.52,960.06
366.47,419.93
385.08,788.61
385.62,122.62
394.98,619.23
417.21,1120.9
423.69,1184.5
431.95,733.74
463.5,862
470,1085.5
474.44,805.4
475.43,569.96
478.44,1180.7
481.76,231.54
486.61,881.86
486,927
495.22,312.77
496.83,541
498.21,526.74
500.32,99.894
504.98,1006.9
504.37,615.63
511.87,763.56
513.55,601.97
518.17,1017.8
534.02,1083.2
533.8,189.09
536.95,869.08
544.42,773.89
549.59,33.893
553.87,1010.9
560.62,970.34
564.91,465.09
575.47,69.842
592.62,1238.1
604.99,777.91
604.94,917.03
617.58,139.89
622.79,32.894
633.54,946.55
651.05,1105.1
656.5,104
659,941
665.58,422.83
666.4,1142.9
679.93,577.53
693.71,224.77
707.19,1154.9
709.59,728.62
708.33,1015
709.84,535.45
716.16,50.571
718,145.25
727.13,18.459
736.73,423.84
742.05,622.07
745.68,936.42
743.88,1110
769.58,10.581
777.48,745.57
788,308
792.11,981.63
799,888.5
804.11,568.47
813.5,256.5
824.94,1226.7
829.81,41.929
838.55,1105.2
852.69,863.84
857.28,1136.2
872.89,530.33
873.47,138.37
875.74,428.13
881,684.5
889.88,260.54
891.18,301.94
896.49,601.02
896.5,164
902.15,275.54
904.47,199.84
906.93,1131.5
918.95,83.576
917.5,174.5
922.16,822.43
926.38,66.317
927.59,919.36
932.93,836.41
936.91,1218.3
950.83,347
954,181
958.42,737.11
966.68,799.58
972.53,1091.8
972.13,703.13
975.85,13.346
975,1172
977.06,469.09
984.12,1172.1
989.05,636.24
995.74,424.57
997.03,34.282
997.38,1038.1
1010.6,327.25
1014.6,1030.2
1016.7,1119.4
1014.2,665.57
1015.6,283.68
1018.4,754.41
1016.8,574
1022.2,1178.4
1024.1,477.18
1025.8,109.61
1025.9,787.22
1026.1,444.67
1027.6,939.63
1032.6,231.64
1035.7,40.436
1038.4,543.68
1037,1199
1040.4,361.91
1045.1,438.16
1052.3,1230.1
1057.3,1084.1
1058.1,1160.6
1071.6,321.35
1071.3,413.03
1074.4,980.98
1086.2,647.83
1087.9,1070
1090.2,563.26
1095.7,512.5
1105.8,367.87
1105.9,764.76
1105.2,897.57
1103.9,1063.6
1103.6,1228.6
1106.4,409.39
1114.7,1009.4
1111.3,384.08
1115,1167.5
1120.2,1066.7
1114.9,1246.6
1117.6,1213.1
1119.1,905.59
1130,946.85
1125.4,1186.9
1140,1205.9
1144.4,591.11
1149.4,150.89
1159.1,1082
1162.2,1127.4
1166,1170.2
1163.8,1216.7
1172.8,172.56
1174,347
1185.4,837.9
1180,999.17
1185.5,1036.7
1186.4,197.84
1198,1149
1202.1,140.14
1207.7,755.81
1209.4,706.39
1214.1,119.24
1217.9,497.23
1219,1021.8
1221.8,1100.5
1221.8,374.84
1230.4,99.817
1235.2,684.52
1233.3,1074
1240.1,1151.1
1239.7,894.02
1244.4,997.97
1246.3,139.76
1246.6,1189.5
