3.8642,58.877
3.7677,818.12
2.8056,983.33
3.0351,1063.8
8.2,938.31
8.5952,160.64
9.5,543
18.364,108.41
12.609,182.57
17.106,876.06
18.724,375.63
15.5,747
15.455,1095.3
21.209,400.56
25.097,37
31.004,287.36
32.278,834.72
34.44,176.88
37.687,1127.6
35.653,228.55
36.844,588.44
39.715,691.94
40,748
50.298,89.832
51.22,742.54
57.637,764.09
57.793,1147.9
57.611,57.611
56.5,812.5
60.804,227.2
61.253,976.47
62.676,1174.2
65.378,912.68
74.208,368.5
76.364,1066.1
77.785,1115.3
77.939,1030.3
81.281,252.09
86.865,377.69
90.593,648.42
88.301,999.29
88.1,1092.6
87.5,814.5
89.766,624.57
89.965,794.89
95.931,745.8
94.625,831.62
102.16,329.72
103.37,181.37
108.23,1161.3
108.15,226.12
110.57,1119.3
114.61,123.75
116.09,259.45
116.5,487.12
118.14,1040.6
127.6,768.89
126.5,881.5
128.56,72.822
127.5,427
130.4,598.37
133.48,51.56
133.01,1090
136.91,156.91
144.66,686.48
143.61,143.13
147.63,982.87
146.54,555.84
150.8,806.55
148.5,656.63
152.88,620.88
156.47,1036.8
157.47,1103.3
160.62,296.43
165.46,176.12
163.06,680.5
163.54,839.93
171.66,324.44
165.4,72.92
170.02,22.951
170.3,538.04
170.5,148.5
174.53,73.723
176.63,604.63
182.77,1107.2
187.46,1030.8
189.91,402.27
188.34,1227
194.69,1009
197.34,665.78
196.25,433.11
199.49,329.92
198.21,557.86
196.34,854.38
199.68,134.28
197.82,792.18
200.5,1164
201.98,777.47
206.79,982.42
209.7,735.6
212.88,1126.4
212.39,344
213.35,295.91
222.27,508.12
219.5,272.5
223.47,1001.9
222.09,703.09
223.69,807.19
230.94,246.36
225.63,677.63
229.37,920.9
228.27,720.35
229.91,120.09
235.47,354.5
234.69,385.07
233.11,76.579
252.04,476.07
242.24,1147
246.76,883.97
245.95,127.93
246.87,395.87
251.97,563.55
247,452
246.57,862.39
250.74,364.24
253.46,242.78
253.08,59.083
256.51,274.82
253.67,792.17
255.09,1170.9
259.1,219.95
260.5,1093
267.18,559
271.11,911.59
271.43,504.04
276.97,410.27
277.71,73.393
278.65,749.35
284.37,16.817
283.65,147.5
290.62,682.94
289.24,1086
291.46,234.11
299.57,467.15
298.11,139.67
299,201.5
300.89,590.28
306.27,296.41
302,521.5
306.59,234.03
308.97,323.37
306.96,392.87
309,611.82
306.42,1158.9
310.94,29.298
317.51,896.98
317,818.5
320.5,794.9
320.97,1245.5
324.85,342.71
326.1,434.97
329.57,510.61
336.23,92.675
333.5,647
343.15,283.73
348.03,913.08
370,664.87
360.98,12.214
356.61,594.59
356.76,766.66
356.09,95.091
360.31,1068.2
368.12,744.24
363.63,195.63
366.61,387.61
366.72,1197.8
369,720.25
370.38,1210.5
372.16,67.414
378,1062
381.58,826.45
386.2,1177.4
387.83,752
390.61,120.39
402.08,834.5
401.9,865.1
405.59,2.7037
408.33,318.09
409.56,662.82
407.89,773.42
411.52,595.55
413.89,65.109
415.41,1193.1
421.64,1232.3
427.32,279.41
427.96,530.75
427.85,706.06
435.4,1210.9
437,627.5
440.42,661.45
441.91,1085.9
444.42,1166.1
447.62,538.65
448.74,139.74
457.95,324.95
462.69,558.73
462.46,647.38
471.45,706.97
472.94,1155.7
478.98,275.87
477.5,484
478.71,31.71
479.91,426.91
483.5,837
489.88,776.3
491.37,237.4
491.5,1230.5
496.59,84.311
496.1,853.1
496,1113
504.09,206.98
500.08,1152.1
507.01,54.478
510.88,426.24
508.19,690.93
516.06,525.66
520.16,614.14
517.17,123.3
516.5,1045.5
518.32,1100.9
528.07,308.58
529.09,486.09
536.11,13.24
532.6,1024.6
538.47,737.72
538.4,570.03
536,146
539.45,877.94
543.55,445.74
541,920.5
546.57,62.415
549.89,498.4
551.5,1218.5
556.59,1165.3
554.93,217.41
555.69,455.07
560.86,1098.9
564.39,558.7
565,440.3
564,872
567.08,105
566.96,958.31
570.45,1083.1
576.93,532.21
575.94,563.05
577.85,1220.4
575.57,856.09
578.38,419.73
587.5,999.8
585.87,903.13
590.75,133.77
592.37,971.48
591.61,339.14
592.26,597
599.38,482.52
605.29,1245
609.05,613.84
611.68,166
614.62,459.24
612.38,1183.5
615.45,386.47
613.48,772.88
623.22,811.08
625.06,34.647
625.87,849.73
623,244.32
624.55,277.29
624.9,1162
629.08,600.08
632.58,888.45
633.09,825.91
634,24
636.44,1187.1
639.45,791.82
640.23,1147
644.03,15.301
646.22,1013.4
650.47,513.44
660.69,5.8139
655.47,177.75
649.88,1133.7
653.8,101.39
654.91,566.91
655.42,944.11
658.5,854.5
660.74,1159.4
660.77,1009.4
661.92,441.8
663.98,899.33
664.38,1205.1
663.77,999.77
667.09,311.4
668.76,166.84
671.24,400.2
669.5,1054.5
669.6,360.36
674.21,78.506
674.24,415.59
671.47,627.42
675.67,373.78
681.92,269.98
676.5,1028
684.06,585.43
682.95,703.95
693.84,635.82
689.36,846.05
694.39,8.8819
693.37,1076.4
697.93,458.56
694.5,796.5
699.18,380.82
702.34,614.75
701.58,501.03
708.52,1071.9
708.06,403.34
707.58,242.11
712.75,986.03
713.61,432.96
718.34,383.82
721,223.46
717.93,1153.5
725.18,809.95
721.08,650.46
720.71,1006.3
727.22,319.86
725.21,286.5
727.89,737.72
727.39,704.86
731.07,617.41
733.17,684.82
734.62,467.01
736,914.22
737.85,956.62
733.86,628.57
734.86,330.14
739.58,195.12
737.72,437.4
736.94,517.09
746.81,669.94
744.78,385.44
739.58,939.89
741.44,1204.1
745.26,54.684
743.59,322.52
749.76,761.65
749.92,440.16
751,719
753.14,1232.5
756.44,1219.5
764.49,489.85
767.97,733.5
768.75,1177.3
769.36,441.83
770,2.6552
774.34,1233.9
777.19,775.68
780.91,443.09
789.45,684.58
789.5,217.71
788.18,730
787.42,1075.1
789.62,957.84
791.52,581.6
794.76,463.28
792.29,1141.7
796.88,99.346
805.92,726.08
812.57,223.88
811.81,1128.3
813.61,293.07
815.65,421.73
817.06,468.18
817.93,324.38
824.96,383.13
828.39,460.34
834.89,538.83
830.2,842.09
829.5,1140
835.71,1054.4
835.91,185.99
833.86,1161.8
844.09,448.32
848.11,1173.9
846.87,270.67
846.25,682.29
847.56,831.4
846,27.5
852.37,760.2
855.56,1014
856.84,455.44
867.99,164.76
861.5,1213.5
865.08,1073
866.88,899.82
870.89,766.61
875.03,853.45
874,867.51
873.42,1150.5
877.26,1105.4
873.92,1129.9
877.69,1188.4
881,73.5
889.66,839.95
888.43,356.82
886.42,1036.9
894.16,287.82
891.32,61.783
896.5,1222
903.24,964.49
905.22,816.95
906.72,1054.2
906.43,737.68
915.15,851.32
913.02,1235.9
916.29,591.32
922.76,1224.6
924.07,1178.7
927.05,947.15
929.55,536.4
934.37,922.18
934.57,170.68
935.41,307.93
939.44,437.67
940.49,896.93
939.5,863.5
946.19,805.95
945.28,1033.6
950.01,1181.5
947.88,392.06
953.9,652.49
952.42,44.895
953.06,512.91
955.13,1051.5
957,563.6
957.77,1005
963.49,354.18
959.14,435
962.31,85.032
966.8,705.52
966.05,1128.5
973.28,931.92
975.8,1020.9
976.14,195.5
979.82,480.63
980.46,781.31
984.18,418.81
980.63,691.37
989.07,609.41
993.78,1151.5
995.65,815.9
995.07,853.83
999.12,1084.6
1005.5,1241.1
1005,751.96
997.8,910.56
999.54,106.92
1002.5,550.54
998.5,1027.5
1004.3,1038.7
1006.8,88.891
1007,290.5
1009.8,324.92
1011.8,883.7
1016.4,938.34
1018.8,238.39
1016.9,427.38
1026,816.36
1019.9,671.93
1027,324.49
1029,219.68
1031.3,1121.5
1034.6,681.24
1038.1,493.43
1036.8,992.44
1040.6,648.52
1043.4,1220.1
1051.8,720.05
1045.9,326.08
1051.9,1014
1053.6,381.69
1058.1,373.53
1061,1196
1064.7,45.197
1062.9,161.43
1066.5,569.36
1069.2,668.64
1074.3,456.73
1071.8,1061.2
1075.4,206.31
1069.6,852.11
1082.6,716.59
1072,7
1074.1,765.87
1072.9,989.32
1079,787.11
1076.4,1078.4
1083.6,339.92
1086.8,742.24
1084.3,472.37
1084.9,563.44
1083.1,827.41
1085,102.93
1090.6,309.02
1093.2,499.89
1091.2,1085.1
1095.1,68.591
1094.1,875.28
1096.8,633.9
1094.5,85.5
1097.7,899.69
1100.5,657.62
1100,924
1101.2,529
1104.9,646.94
1107.7,1230.5
1109,737.52
1110.7,327.11
1110.7,406.52
1111.2,141.12
1120.6,576.41
1113.1,193.59
1116.5,768.85
1117,1042
1113.8,1182
1122.1,222.2
1123.9,1097.6
1128.7,907.09
1130.3,405.13
1133.4,112.5
1128.8,237
1130,841
1133.9,1.875
1135.2,636.85
1136,312.25
1140.2,1160.9
1146.2,1226.7
1143.6,1246.2
1151.8,544.05
1156.6,1126.2
1160,176.5
1160.5,695
1167.5,647.5
1177.2,714.3
1176.7,1236.7
1178,973
1178,1209.7
1184.6,475.31
1180.2,849.46
1184.5,949.43
1181,1080
1181.9,750.41
1186.4,1157.3
1184.7,328.57
1188.9,597.95
1191.2,1110.9
1200.3,197.6
1196.4,324.48
1195.6,962.39
1196.9,387.93
1202.5,1214.9
1214.5,976.64
1211.6,553.24
1210.5,1164
1211.6,1125.9
1215.1,1194.7
1221.5,621.59
1230.3,710.86
1227.1,959.38
1236.4,479.6
1238.4,845.95
1244,1208.9
1244.4,378.48
1245.7,666.72
1246.3,1185.2
