3,28.5
8.1189,60.762
1.9412,244.65
6.375,272.66
23.205,295
1.8947,312
2.2105,485.58
2.5,492.5
8.3591,519.54
5.1517,635.9
4.8783,661.66
58.079,711.3
2.4146,775.66
4.4286,832.83
26.576,175.27
5,389
14.157,376.57
9.8,762.44
10.421,176.11
10.421,925.89
15.029,954.43
15.9,81.5
18.5,526
19,919
20.921,1198.8
30.382,764.09
24.688,575.33
35.395,496.28
24,371
28.85,655.66
28.866,212.88
26.636,37.5
27,144.5
53.918,238.86
28.633,533.37
36.469,612.56
28.5,54.5
32.311,925.02
36.887,576.33
32.045,896.91
34.4,532.6
35.083,596.08
36,117.62
35.6,824.4
36,675
37.69,735.55
54.155,924.44
40.118,52.412
42.39,470.3
45.074,663.71
44.543,632.12
39,642
50.96,827.88
62.862,545.69
49.516,60.354
48.919,31.878
46.909,381.05
54.374,619.27
47.5,393.5
47,481.5
48,21
50.5,80
55,316.1
51.571,749.57
53.68,361.2
55.427,519.6
68.336,169.27
62.265,112.31
59.851,415.94
57.943,748.43
60,758.73
58,669
67.543,87.5
66.377,633.55
62.65,28.4
88.258,430.64
67.503,879.18
65.884,785.28
69.979,593.72
67.68,504.08
74.597,494.65
70.5,791
77.094,12.15
73.724,285.34
74.895,294.58
79.071,71.964
90.142,833.02
142.64,348.42
78.098,642.83
77,969
96.496,1186.2
84.041,794.54
79.412,907.94
82.405,121.81
91.164,287.07
99.849,481.6
84.773,780.23
106.67,955.68
87.074,67.407
87.469,377.63
92.741,883.27
86.565,913.61
87.75,20.75
88.333,768.89
101.21,145.77
88.667,305.17
89,496
90.256,597.08
93.867,270.83
98.734,33.983
99.895,1141.5
141.12,61.018
99.504,789.68
94.667,899.17
101.92,7.2802
119.4,184.71
101.04,572.75
97.787,645.03
100.31,114.41
126.09,1203.9
100.81,1056.1
100.68,802.24
101,259
106.36,524
105.92,85.44
107.57,94.571
110.05,251.17
105.5,543.5
129.26,1021.5
106.83,564.2
109.81,1074.7
107.41,634.94
118.9,426.68
110.43,645.08
109.87,771.21
116.64,797.01
119.92,1107.7
110.7,122.14
115.11,309.51
110.5,704.5
111.76,454.85
115.7,549.65
112.81,574.14
112.72,820.33
117.47,990.69
127.16,613.88
115.4,239.6
145.02,541.22
117.38,41.724
117.42,1011.8
116,1202
119.74,460.74
130.7,875.59
120.59,582.06
136.56,842.58
121.59,237.06
140.79,666.94
133.46,716.67
129.94,280.98
128,1125
149.34,805.48
150.04,762.33
139.8,420.91
131.5,463
132.6,890.4
132.33,897.83
135.14,1058.3
140.46,510.01
140.91,1133.4
181.8,939.09
144.38,502.73
142.27,523.4
177.42,577.49
142.28,925.99
151.39,1210.2
142,716
162.85,271.18
143.95,645.05
145,249
150.19,619.81
149,890.5
148.86,1064
150.67,399.73
174.58,410.23
151,724.5
160.35,182.17
159.5,1145.9
190.37,1033.2
154.94,1244.5
153.5,1164.5
156.3,510.64
157.89,1158.6
161.12,297.15
164.67,116.42
160,841
165.01,642.43
201.61,712.92
164.98,998.1
173.01,1120.1
163.6,517.6
172.79,865.33
167.17,746.82
167.66,1239.9
168.23,786.46
308.29,534.92
170.5,1164.5
171.84,444.69
172.91,1211.6
185.96,769.79
181.27,739.08
183.16,982.59
233.93,1196.7
181.04,195.54
185.13,511.68
182.7,441.42
182.5,525.5
185.65,124.05
183,868.5
186.46,800.22
187.2,1098.6
185.96,34.522
211.72,245.84
187.26,810.09
187.36,309.32
189.93,875.67
205.5,843.96
191.09,300.09
219.76,963.43
192,32
192.58,943.11
201.73,125.05
200.95,811.5
217.29,1115.3
200.29,438.35
196,793.5
199,874.81
202.24,1158
199,408.5
203.53,71.845
203.72,206.74
202.62,32
215.22,780.88
206.05,480.9
224.9,297.38
224.38,109.36
210.7,166.76
211.79,184.37
219.07,893.32
215.61,362.28
211.24,406.21
212.89,459.85
211,124
213.08,496.4
213,270
219.18,435.9
228.85,40.995
234,1005.3
230.53,172.59
222,329.5
231.34,596.76
226,362
264.51,307.87
266.39,643.06
234.44,1049.2
227.62,1097.2
231.58,127.89
232.1,1204
248.2,776.11
235,1024.7
234,1120
237,837
239.4,990.4
239,1116
241.08,89.803
246.16,189.61
253.88,1083.4
257.8,152.14
247.12,589.18
248.85,1108.3
245,1147.6
268.78,1216.1
262.33,821.47
247.17,55
257.98,1027.3
252.71,749.18
268.62,993.27
260.9,1127.6
251,1178
253.14,1006.1
265.45,83.252
255,607
260.42,890.92
256.89,1041.6
259,755.33
263.82,864.5
274.59,1108.5
263,384
283.23,444.18
262.92,5.5132
278.05,1061.7
274.04,694.28
267.88,929.29
278.09,723.21
270.97,135.73
274.34,506.63
271.74,1039.3
276.84,423.32
269,743
270.33,737.83
272,482
273.54,954.02
272,35
274,684.67
277.03,923.05
283.04,30.691
291.56,773.82
282.89,898.23
277.41,1227.1
277,1086.5
282.02,1240.4
281.59,367
294.98,390.31
342.32,784.64
313.13,935.03
288.57,1229.4
291.55,3.1868
285,748
290.77,998.64
286.41,842.28
288.57,869.16
287.93,1044.4
297.47,1069.8
291.11,822.11
296.92,216.95
309.08,688.23
305.92,1125.3
305.62,110.17
296.82,886.67
297.05,830.95
299.94,819.47
302.63,843.69
300.62,1207.8
301.11,132.34
342.82,1154
303.97,461.82
303,1187
304.7,990.9
304,1237
306.77,967.98
403.79,950.77
310.24,981.31
310.55,1060.3
357.18,216.87
308,820
308,1150
308.4,1238.4
311.44,315.41
344.69,406.44
311.14,846.92
311.33,1206.2
312.64,967.68
314.73,67.85
317.37,94.881
323.52,265.23
316.41,307.33
320.43,57.006
338.29,851.15
319,1057.2
322.05,42.1
322,241
323.14,893.86
324,248.5
325.38,352.25
328.42,478.18
328.53,607.13
325.5,34.5
331.34,114.45
327.87,734.7
337.1,96.36
332.48,151.47
328.25,663.17
329.23,9.7727
329.5,1023
330.67,1198.2
329.5,422
329,1044
340.56,33.361
331.5,1110
331.5,223
334.12,934.65
345.99,1064
336,321
337.55,595.42
338.69,893.37
337.96,312.96
348.22,713.03
343.27,331.7
341.23,370.77
339.12,1193.6
350.53,1241.9
344.5,233
346.79,1111.9
354.58,624.11
349.91,480.5
354.56,464.15
383.18,674.66
357.57,75.429
376.99,136.34
361.92,1045.7
363.65,1226
366.25,449.09
361.5,20
399.27,347.91
386.99,481.08
370.5,881.07
362.4,1116.6
367.3,1077.9
375.57,1103.8
368.95,93.724
371.08,639.05
372.27,852.69
371,458.5
370,1048
371.14,1247.1
376.69,319.44
371.5,1137.5
376.22,72.304
374.81,927.26
380.57,728.58
390.11,1088.2
384.76,1199.1
379.48,19.69
381.97,454.52
380.54,642.18
379.95,743.09
379.9,1017
386.53,399.97
382.26,290.81
381.5,387
381,834
383.95,9.4211
383.07,927.07
395.33,1154.4
386.32,852.74
426.77,1193.3
388.19,281.4
389.09,1130.9
390.11,772.42
391.87,750.21
392.71,367.43
391,374
397.66,448.52
394,8.5
407.02,866.51
397.22,774.66
407.17,78.998
398.92,278.05
396,435
396,712
401.58,5.8519
398,764
400.87,135.61
401.88,37.08
401,706
403.76,695.07
410.09,199.56
404.67,242.17
407.55,1114.4
406.11,218.42
450.4,685.74
432.48,441.58
413.23,1229.8
410.06,278.56
413.33,1245.1
416.81,669.46
420.25,1094.9
412.32,1139.3
413.2,131.56
415.5,619.5
416.52,998.83
426.14,255.61
417.94,1129.4
417.65,611.14
418.98,1143.9
419.31,134.38
420.98,159.35
419,326
420,688
421.92,1108.1
423.03,471.53
422.73,150.46
423.45,204.21
422.6,863.6
423.35,1210.2
424.66,40
425.35,1127.4
426.4,579.6
452.04,795.96
427.68,931.23
429,147
431.96,243.85
431,884.71
433.22,1146.4
432.5,204
432.96,1001.6
435.1,78.275
434.89,184.22
440.67,406.81
435,1086
437.13,813.55
446.55,6.8742
437.24,34.103
437.62,361.33
445.73,594.89
444.16,155.53
439.38,552.97
438,244
448.98,1220.2
440,483.5
445.83,389.19
441.58,803.89
441.34,1081.9
467.81,77.765
451.02,727.07
448.56,244.08
451.11,339.01
460.65,532.43
444.5,995
450.77,322.12
452.68,304.27
447.77,1054.8
449.66,1152.7
448.5,376
451.61,192.38
455.49,629.69
452.42,1069.1
460.16,28.212
463.38,234.13
457.5,896.71
457.5,152
458.87,788.39
531.45,1022.6
459.41,173.94
462.11,377.75
462.4,1078.6
460.38,1236.5
463.51,147.4
462.9,193.05
472.52,406.36
465.41,845.94
465.41,1242.9
466.33,369
521.82,543.17
468.67,784.31
470,440
472.22,892.86
472.86,624.26
471,806.5
479.53,345.99
479.16,936.24
475.06,1075.6
476.33,1151.9
478.54,115.19
479.5,434
481.81,468.96
482.14,134.59
480.43,266.41
501.15,33.2
480.29,448.29
484.47,838.7
493.91,193.81
485.19,490.92
487.79,659.6
487.42,442.11
487.5,892
489.64,754.68
489,1175.5
490.98,430.4
491,1068
493.38,416.81
496.78,339.94
494.5,1173.5
500.61,70.895
495,79
515.49,883.76
495.58,1160.1
496,487
498.26,428.39
499.73,449.96
498,510
504.91,935.19
501.55,482.41
503.04,502.93
501,608.62
502.44,1001.4
525.6,1173.4
509.31,842.97
506.43,343.7
505.92,393.28
510.55,162.61
510.39,634.49
506.43,1106.4
508.84,374.92
508.65,1172.1
509.6,516.65
509.55,660.41
517.68,296.84
510,685
513.95,856.91
511,463.5
588.17,830.27
512.33,338.83
513.97,457.07
524.32,72.322
515,466
537.49,651.63
529.59,1092.4
520.87,140.32
517,365
517.5,924
519.64,5.2381
519.07,500.04
520,340.5
526.13,734.96
520.41,1156.9
530.95,481.8
528.26,353.48
523.5,723
535.31,1239.9
531.45,594.19
531.45,899.39
532,1055
534.6,459.19
538.94,8.2357
534,111.35
534.91,789.09
535.95,413.43
535,514
548.22,1126.7
538.85,84.654
542.68,116.36
542.24,593.76
547.32,705.38
542,1046.9
544.11,232.58
546.93,565.82
543.67,714.17
546.14,68.5
546.87,289.35
546.37,361.82
546,843
546.6,128.4
546.5,404
547.1,949
547,1049
550,17.174
553.42,1219.1
558.64,245.79
551.88,395.38
552,79
553,263
554.6,1040.6
581.03,145.7
571.45,588.48
560.09,967.95
560.69,1246
560.6,182.84
562.41,1201.9
558.5,998.5
563.45,1145.6
558,1228
560.33,104.17
560.6,1038.6
579.66,301.84
563.58,1004.5
570.26,528.37
566.77,26.581
565.93,412.59
566,894.5
567.5,993.97
567.46,1214.2
578.45,948.83
569.62,1227.6
571,937.86
574.47,1182.5
572.45,965.71
573.56,266
588.28,207.79
621.4,83.834
582.77,13.167
603.14,1194.6
600.16,448.95
584.5,563.67
595.17,653.66
587.39,339.25
588.76,536.14
589.32,330.86
586.84,709.62
588.5,922
596.64,25.639
596.01,390.79
592.39,782.25
601.85,748.83
596.1,80.07
595.55,368.8
602.87,724.47
600.07,554.6
593.5,900.5
612.66,1066.1
608.93,939.27
597.29,69.571
598.5,177.5
599.6,515.5
600.04,417.42
605.21,343.67
602.29,782.27
601,604
605.05,901.74
606.69,594.27
606.25,370.38
606.5,107
606,889
607.77,52.227
610,622.5
612,769.83
614.05,1246.1
611.35,147.4
628.47,36.32
614.41,276.59
614,247
626.92,690.37
629.54,751.12
618.82,393.02
615,626
615,1146.5
626.79,359.28
622.74,458.27
632.35,967.98
622.4,119.65
626.5,137.29
621.33,245.02
618.5,1012
619.6,112.4
621,386
621,539
626.6,901.26
624,421
625.86,168.14
630.6,572.77
627.1,1130.4
626.32,638.24
654,500.34
632.81,323.31
632.63,729.94
629.6,864.4
632.15,174.58
634.54,376.46
642.46,608.68
631,1247.5
632.77,161.09
633.95,234.54
633.5,1026.5
633.81,1124.6
633,850
634.36,1095.3
667.53,1140.2
646.14,1234.6
639.7,652.93
700.28,226.6
638.8,220.44
647.23,857.95
640.57,192.29
660.45,1062.8
670.61,427.6
647.9,1122.1
694.5,1211.6
723.1,1006.6
654.75,14.38
648.77,1081.2
657.38,140.01
650.14,706.5
650.07,1190.4
650.4,24.4
681.62,624.86
652.08,725
651.4,843.6
653,831.5
663.46,379.19
657.72,870.42
658,585
669.26,1022.7
656.5,1126
658.3,220.3
663.04,203.02
658,789
664.94,350.88
661.22,1116.8
663,707
680.25,52.724
664,581
669.57,964.57
667.58,1103.2
670.92,849.04
668.14,944.25
667.64,334.5
670,1084
671.32,876.35
676.2,4.6186
674.58,824.11
696.2,1078.4
680.93,353.25
776.89,641.08
678,714
681.82,1100.2
680.6,842.04
680.6,873.52
681.53,823.08
680.5,914.5
687.29,379.45
688.23,18.367
687.32,398.08
699.07,883.68
691.76,4.5417
691.44,721.12
690.23,752.86
691,842.61
738.34,931.99
698.89,102.42
704.91,160.74
695.49,147.91
696.44,861.94
698.76,320.16
699.21,756.55
699,967
701,451
730.95,510.64
701.29,1034.7
704.22,540.46
706.83,781.23
705.91,27.522
709.78,824.96
716.5,862.91
711.3,1176.4
712.02,758.13
710.79,61.924
707.67,698
708.4,308.6
709,335
710.9,341.05
715.39,964.77
713.73,201.65
716.73,1062.5
717.81,194.03
717,618.5
722.19,417.81
719,187
720.5,252.5
721.52,577.3
721.7,876.31
719.5,1072.5
721.4,182.4
732.46,755.83
729.67,1037.6
723.56,834.92
739.01,30.189
728.9,129.81
734.81,798.11
727.36,92.955
742.2,1146.9
728.86,1176.8
729.59,443.96
734.8,696.27
729.65,1094
729.94,101.59
729,108
730,1.5
733.35,592.78
733.5,858.5
735.84,78.688
735.39,115.57
746.15,847.18
757.24,714.49
737.5,444.5
737,637
738.24,1188.8
747.36,1068.9
739,125
743.03,1113.5
740.5,97.5
740.6,1171.4
743.49,1245.8
748.38,233.99
742.5,374
746.82,1038.3
754.07,393.79
772.95,438.03
746.6,891.6
746.42,1235.1
749.54,768.41
798.23,357.15
752.98,795.13
782.2,101.48
752.72,490
766.01,872.64
784.36,1211.2
762.95,202.33
756.2,885.07
763.37,913.74
759,236
790.97,768.52
762,631.5
762.5,817.5
775.01,294.72
773.48,161.63
771.86,848.59
769,888
769.44,1138.2
772.9,894.85
771.66,679.44
772.44,981.68
774.02,695.88
776.59,1209.8
816.31,568.3
776.53,1063.3
775.5,435.5
776.45,1073.1
775,1138
777.25,199.29
778.25,467.75
777.5,1159.2
785.11,3.3204
779.5,1130.4
779.58,206.89
780,727
782,18.5
784.57,520.57
787.1,863.3
785.09,204.77
787.08,839.72
786.5,955
790.04,62.607
806.39,229.41
789.97,508.91
823.91,1011.7
791.4,292.96
838.73,20.344
797.63,893.07
803.09,846.17
796.47,282.34
797.26,483.49
804.81,1127.4
801.41,165.97
797.91,468.09
800.6,869.4
806.4,1205
829.18,427.19
807.5,564
808,696
810.49,917.77
811,280
815.4,258.3
814.5,450.23
819.36,272.21
818.55,250.09
820.11,723.34
818,1238
820.41,948.17
818.43,1111.6
818.5,1165
820.5,1222.4
828.79,844.54
899.44,785.4
829.32,168.93
823,730
823.55,1160.8
825.7,471.48
824,935
826,177
907.55,1069
826.59,1235
887.3,1025.6
828,55
837.34,120.09
829.4,132.6
831.93,202.67
836.69,472.58
832.42,976.4
833.76,214.24
836.29,1154.3
832.87,1245
833,55.5
837.99,799.99
836.78,700.03
837.42,486.02
836,441
837.58,592.67
836,772
839.45,959.58
839.74,146.77
838,208
892.9,308.36
842.24,392.12
840.36,284.5
858.61,1203.3
844.58,1243.6
860.44,172.46
841,620
841,713
845.3,450.78
862.94,219.21
844.89,578.42
857.82,717.03
852.14,264.55
850.53,699.41
848.09,826.52
851.65,65.416
866.53,760.52
854.42,485.09
852.57,366.71
851.67,446
864.99,933.05
854.4,570.4
870.91,1126.1
856,437.5
875.85,542.58
859.71,280.28
857.94,406.09
858,1241
859.06,429.59
877.93,476.48
858,726
863.15,47.265
884.89,395.89
868.96,284.95
874.2,659.83
866.8,775.32
868.88,104.81
869,642.5
871.13,252.99
871,1204.5
874.97,1164
881.34,135.92
877.58,49.062
879,632.5
884.77,181.47
886.98,641.97
879.41,649.94
879.38,964.12
883,1001.1
883.09,670.91
885.5,45.5
885.9,1172.2
885,939
887.86,201.09
886.58,850.89
889,413
889.33,946.97
896.79,40.95
902.18,655.49
893.37,935.69
894.07,1123.6
907.63,247.08
942.62,1196.4
900.25,545.57
909.53,91.86
898.58,139.11
900,636
904.43,927.55
904.56,947.72
904,131
917.51,40.319
912.66,359.36
909.96,174.82
908.67,190
913.26,501.1
924.43,880.57
911,1107.7
923.48,1223.2
918.77,147.09
915.62,807.8
912,918.5
912.4,929.4
914.58,201.92
913.5,1124.5
915.41,2.8148
916.42,221.11
957.49,511.3
969.84,375.6
922.69,464.12
921,693.5
922,406.5
923.4,81.5
927.83,352.68
923.85,494.08
923.83,966
925,443.62
926.11,681.63
925,89
926.81,364.4
926.86,222.86
939.8,785.59
934.76,1132.1
934.29,1245.3
933.62,652.38
929,1098
941.01,443.44
954.62,30.269
935.93,59.733
935,112.33
935.09,460.05
935,859.19
935.4,313.4
938.39,625.95
937.58,972.35
937.4,5.4
940.59,327.12
938.67,294
938,609.5
941.82,832.18
941.33,210.04
942.41,277.73
974.41,90.134
976.78,293.94
945.7,476.48
944.15,981.67
945,349.5
949.4,1081
946.68,651.36
947.5,609.12
947.77,1242.9
947.5,335
949.93,2.9655
951.27,883
950,1138.3
952.31,343.23
949.6,395.6
950.34,831.44
950,276
953.15,823.42
954,216
958.86,263.03
954,916
966.36,649.62
958.53,837.17
957.66,61.414
969.21,1036.8
958,582
1026.3,925.46
959.55,1074.8
961.94,1141.1
960,304
963.06,785.86
971.51,951.28
964.67,43.333
965.69,572.77
969.98,862.86
967.86,1069.1
964,1088
965.4,252.6
1064.3,372.44
967.58,772.14
969.95,1091
980.41,1197.3
981.63,607.9
979.98,1173.7
973.63,592.87
985.54,630.91
973,1.5
973.91,269.09
978.5,205
979.98,928.5
978,135
978,453.5
984.85,803.2
990.37,847.66
979,129.5
979.89,856.42
985.13,1068.5
990.3,1088.6
982.86,441.86
984.5,493
989.51,767.88
988.69,829.53
999.92,1118.8
1073.4,650.77
993.52,750.42
992.67,1165.3
995.36,447.08
992,820
1060,985.06
996,961.5
997.86,1158.8
1004.6,793.99
996.5,1183
1000.6,495.43
998,564
998,725.5
998.5,782.5
1044.9,1202.7
999,1230
1010.5,468.47
1001.4,376.89
1003,707.9
1002,960
1004.8,1079.6
1016.5,549.48
1018.8,739.02
1005.9,128.44
1009.2,690.5
1013.2,42.261
1012.1,380.53
1014,711.55
1021.6,870.91
1008.1,1247.1
1014,308.06
1012.9,491.58
1009,616.65
1012.4,583.06
1020.4,1093.2
1026.3,600.86
1019.4,3.1053
1021.6,689.91
1020.7,662.92
1025.4,489.09
1023,501.5
1024.9,800.45
1025.1,1056.1
1027.3,1131.1
1032.4,702.78
1041.8,11.246
1030.9,307.73
1034.5,1110.7
1029,1123
1036.5,350.61
1041.6,34.197
1043.3,462.62
1032,584
1033.4,814.81
1041.1,135.5
1034,486
1035.4,315.6
1039.9,512.04
1040.5,738.82
1038,843.61
1041.4,291.75
1044.5,763.16
1040.7,792.7
1060.1,1081.4
1043.9,1153.2
1040,194.5
1040.8,812.65
1042.3,198.52
1041,1177
1051.2,488.42
1046.5,236.1
1050.2,57.742
1045.9,276.74
1045.2,326.84
1045,602.11
1045.7,836.1
1052.2,1138
1051.6,208.8
1049.5,711.16
1048.4,792.6
1048.9,1041.4
1052,725.72
1055.5,812.74
1052,278
1058.1,262.77
1064.7,310.81
1055.1,1066
1056.6,518.53
1054.5,1161
1055.7,132.11
1100.3,165.41
1074.7,1018.9
1062.7,214.5
1066.4,9.1379
1062,468
1063.4,772.35
1062,1025
1066.6,1038.9
1073.7,1134.8
1068,238.88
1070.7,164.59
1083.9,65.323
1074.7,1094.1
1075,368.15
1075.5,754.06
1079.5,887.63
1102.3,107.53
1077,667.9
1083,1151.5
1089.8,8.9301
1098.1,1150.1
1107.2,1113.8
1089.4,1196.4
1089.3,27.5
1109.6,226.11
1089.6,534.16
1089.4,1157.2
1090.4,512.85
1104.7,873.46
1100.5,464.5
1104.7,742.95
1102.6,28.571
1105.9,381.3
1115.8,503.6
1107.6,884.4
1113,86.463
1113.9,275.79
1116.8,429.6
1112.7,1246.3
1112.5,1229.5
1113.4,395.11
1115.2,444.87
1114.5,1181.2
1115.9,713.86
1117,970.34
1120.9,564.36
1117,1042
1118,707
1118,1163
1121.5,937.58
1128.9,1025.1
1122.5,1225.7
1128.1,381.94
1129.6,1147.7
1125,290.28
1130.4,595.9
1133.5,269.02
1124.8,1087.4
1175.8,682.65
1124.5,1055.5
1127.8,1095.7
1130.1,668.61
1129.3,998.38
1129.4,296.06
1130.4,1114.6
1133,9.6176
1159.6,47.094
1136.3,59.438
1131,204
1135.6,649.87
1144.6,984.8
1132.6,1229.4
1134.9,894.64
1134,902
1141.8,931.24
1134,977
1153.6,1234.8
1143.9,880.33
1154.3,488.05
1142.7,559.69
1172.8,267.35
1145.3,176.4
1145.3,250.07
1165.3,197.21
1146.2,1161.2
1155.4,545.46
1153.1,398.03
1157.8,118.18
1151.6,560.89
1168.1,638.75
1184.6,1163.5
1156.6,1012.5
1155.3,1159.6
1154.6,215.89
1156,1181.7
1163.7,1094.2
1158.1,1191
1162,576.57
1160.8,1029.2
1202.4,898.43
1174.6,986.67
1169.7,1200.5
1187.5,400.83
1166,161
1166,1107
1169.9,347.26
1184.7,21.58
1177.4,1242.8
1171.5,113.5
1173,408
1217.6,190.37
1175.8,952.89
1178.2,108.39
1203.4,1040.8
1184.1,453.74
1184.2,148.46
1180.9,556.09
1181.6,1223.1
1199.1,72.444
1181,102
1188,510.13
1190.4,963.06
1186.6,1093.2
1187.5,488.91
1189.4,553.22
1188.4,630.35
1188.8,585.56
1214.8,941.58
1195.2,1108.1
1192.9,232.56
1193,543
1198.2,34.636
1198.6,51.121
1215.9,123.63
1205.3,478.15
1207.3,582.99
1210.3,518.68
1209,1128.5
1211.8,82.774
1210,1124
1211.5,1168
1220.2,405.56
1212.3,531.17
1216.5,460.55
1216.7,1058.5
1217,429.42
1217.3,545.33
1217,220
1220.7,225.18
1231.5,1165.8
1230.9,9.5497
1220.5,1241.1
1231.2,81.896
1225.4,506.88
1226.2,584.94
1220,992.5
1226.2,1046.6
1227.2,1111.8
1221.5,565
1222.4,374.32
1225.8,349.69
1225.1,572.08
1229.5,649.23
1236.7,1205.1
1238.2,620.45
1237.2,382.09
1228.5,1245.1
1231,243.41
1231.3,1139.3
1231.2,322.56
1241.7,677.33
1241.4,345.55
1234.8,634.13
1235.1,1125.6
1234.7,405.05
1242.2,497.39
1237.2,845.15
1236.4,1234.4
1243,908.87
1238.5,1146.5
1241.8,107.46
1243.3,297.38
1243.7,417.97
1244.6,795.62
1240.3,858
1239.8,971.67
1244.8,722.99
1244.9,1031.9
1244.7,452.53
1244.9,1077.6
1245.8,192.38
1246,520.54
1245.6,1055.1
1246.8,403.55
1247,72.5
1247.2,238.2
1247.3,589.16
1247.5,599.5
1247.5,857.5
