12.517,568.22
29.744,866.3
38.22,431.36
41.536,368.45
41.9,471.3
45.306,1030.7
48.5,511.75
57.333,586
88.141,795.91
92.017,1087.8
90.611,495.14
106.42,355.45
108.87,246.84
116.61,425.87
121.52,1140.4
125.56,1216
131.27,862.2
135.66,592.07
139.89,680.62
141.17,1092
152.5,288
159.34,529.53
162.71,971.55
174.48,879.6
186.72,649.3
189.09,1226
195.29,1157.7
204.63,837.97
225.44,330.4
233.44,537.97
245.88,48.475
250.66,804.47
256.12,1055.5
255.11,502.63
255.92,283.92
278.36,391.44
282.49,1177
295.38,254.1
299.96,611.74
301.88,718.5
309.77,381.37
317.07,955.59
319.93,592.93
322.97,882.44
326,926.5
348.5,204.5
353.06,499.92
350.58,341.11
356.5,255.91
362.28,185.43
363.36,380.93
362.07,467.41
368.14,73.562
379,830
394.09,295.4
404.07,56.955
406.08,964.08
416,275
418.91,908.91
442.12,723.64
449.95,948.8
465.5,365
480.38,479.87
477.86,1172
487.58,957.11
495.53,606.05
498.41,73.07
499.48,1198.7
502.73,929.63
503.48,913.9
506.5,189.5
508,342
528.4,670.89
539.16,785.04
537.5,359
539.67,250
539.5,472
562.93,3.7586
571.24,587.21
566.91,865.09
571.99,934.19
575.6,169.88
578.53,727.47
578.39,955.86
589.32,651.58
592.01,886.13
592.08,152.08
601.08,1112.8
618.89,1084.8
631.55,1110.5
634.09,961.34
633.52,814.57
633.45,293.31
635.58,390.89
640.16,154.42
646,1013.5
647.3,316.77
661.36,1121.6
662.88,96.409
660.64,257.5
668.91,851.72
674.36,240.67
673.09,280.91
678.07,157.59
683.21,379.03
683.74,796.44
683.5,8.5
684.58,639.11
687.4,509.05
708.47,111.24
710.22,563.13
715,916.89
724.12,449.12
725.94,899.76
739.03,747.19
744.88,947.88
745.95,377.16
759,1076
767.29,622.71
775.31,311.48
792.5,585.5
795.48,726.71
794.67,120
798.53,156.66
801.3,605.08
805.83,786
816.93,539.59
828.68,296.48
829.94,539.55
830,480
832.93,312.41
834.91,182.09
838.5,1051
840.29,150.19
847.52,480.39
853.57,1131.9
862.38,1096.3
864.61,511
864.65,83.952
866,1246.8
865.58,593.89
874.59,238.43
872.5,133
883.34,159.38
904.34,409.71
905.56,694.08
908.91,43.909
913.52,658.55
916.41,493.11
923.23,165.79
925.76,1171.5
931.91,575.75
935.22,879.38
948.69,852.5
946.5,878.5
958.93,441.41
976.09,297.05
987.73,588.41
993.5,619.71
1004.4,836.34
1037.1,1209.8
1051.9,985.4
1063,116.56
1059.9,501.46
1063.3,1065.2
1065.1,582.57
1068,438.91
1075.8,874.38
1077.5,901.89
1082,390
1080.9,468.45
1086.3,253.47
1088.5,234.5
1096.2,676.33
1100.5,1105
1111.1,996.51
1112.7,263.29
1127.6,1089.6
1140,903.64
1140.2,803.02
1139.5,523.5
1147.2,494.11
1148.3,932.26
1145.4,1180.9
1148,442.32
1149.6,730.14
1152.6,418.64
1153.5,572.78
1155,366.5
1158,7.5
1160.5,267.71
1175,1165
1173.1,546.41
1177.1,361.45
1191.7,137
1195.3,652.89
1208.1,447.37
1210.9,796.64
1217.5,350.5
1218.1,634.91
1228.3,195.65
1228.1,559.95
1231.7,1124
1234.9,213.3
1236.3,678.42
1236.4,148.37
1237.9,707.13
1237.9,1101
1240.9,861.88
