8.5238,388.29
17,568
28.406,1205
31.926,940.93
45.838,469.9
49.835,1031
56.576,129.94
65.5,385.5
74.826,696
79,450.25
95,495.5
104.92,1245.7
103.5,144
109.99,677.76
130.77,240.92
145.81,460.26
150.5,328.65
157.83,288.7
174.61,833.48
184.98,925.39
194.11,1226.2
197.09,335.87
201.34,1158.7
204.5,1204.5
211.34,550.53
218.62,1113.2
227.59,914.61
240.9,536.4
251.62,49.966
250.33,814
252.58,440.78
260.07,503.09
261.1,1055.7
261,283.5
273.6,915.64
278.52,88.547
277.1,745.1
285.49,405.77
287.87,1177.1
288.95,134.05
301.47,254.76
299,1178.5
306.17,718.3
310.63,856.97
325.93,593.02
328.72,825.29
329,49.4
327.89,882.42
331.29,1006.5
337.24,117.83
352.25,590.19
358.41,636
363.2,719.92
367.44,405.26
385.14,23.551
386.66,737.92
392.28,632.53
401.5,842.5
405,285.59
411.09,924.87
416.04,151.42
421.85,335.65
424,909
431.56,645.08
433.18,348.05
435.1,689.69
455.05,948.92
463.09,576.91
468.7,684.81
470.63,779.04
473.21,113.5
503.09,73.599
503.76,1197.8
508.87,929.99
503.94,1037.1
506.5,164
513.66,342.91
511.33,190
514.76,1201.9
525,415
529,546
533.44,671.05
534.78,31.137
534.74,795
545.16,250.95
543.93,784.59
554.52,308.86
562.37,612.05
569.58,563.11
576.79,934.83
576.95,590.8
582.68,727.22
591.68,955.78
605.29,704.5
612.5,921.5
617.99,135.83
618.3,249.83
621.68,648
625.59,405.93
632.94,82.962
639.32,961.29
638,810.5
641.02,391.79
639.5,639.65
645.54,369.23
651.07,1013.4
654.57,195.4
656.47,787.66
666.9,1123.1
666.86,95.389
676.04,1017.2
680.31,241.65
681.5,256.54
680.42,978.89
684.8,668.43
684.78,852.9
689.01,793.13
702.24,773.4
707.34,120.73
709.21,612.27
715.57,563.75
717.96,1103.9
720.21,917.13
722.04,518.89
727.81,426.98
743.11,47.37
746.59,988.07
745,683.5
747.17,892
762.4,258.11
782.91,1070.1
789.81,621.34
789.84,549.57
801,121.5
800.25,727.97
803.54,384.15
815.5,146.5
817.42,885.11
823.27,19.026
823.07,962.75
832.28,125.83
837.82,312.34
837.2,601.56
838.91,561.91
844.95,529.75
852.5,480.5
853.6,640.46
861.69,1054.6
863.43,383.95
866.24,514.96
868.15,596.48
866.95,1095.9
872.08,164.2
872.53,574.58
879.74,239.06
885.55,8.434
884.29,523.67
897.1,559.84
901.97,406.35
903.5,536
910.76,694.13
912.4,124.36
915.7,331.75
923.61,494.8
921.61,296.39
922,873.68
931.34,1171.5
944.41,581.62
942.93,1022.4
947.36,1169
950.65,878.5
952.46,489.08
954.42,254.58
964.53,554.83
965.95,961.37
968.09,853.09
975.25,211.25
975,472.5
981.14,297.78
987.44,524.45
988.13,486.87
998.31,618.68
997.91,775.13
1004.9,554.86
1008.4,503.06
1010,948.35
1018.4,307.86
1018.8,192.54
1024.8,809.99
1030.3,477.83
1031.5,1192
1038.9,1224.6
1043,763.57
1045.2,1150.4
1046,490.71
1047.4,261.96
1050,1071.4
1056.4,984.6
1063.7,65.358
1064.8,500.81
1068.8,1065
1076.9,1093.4
1087.8,390.77
1098.3,343.53
1100.2,548.04
1117.2,997.05
1120.5,330
1136.2,889.96
1140.1,107.59
1147.7,38
1153.5,932.5
1155.9,693.2
1158.8,418.94
1159.9,366.57
1159.3,572.83
1162.6,550.04
1166,267.37
1164.9,438.14
1166,742
1182.8,1115.1
1182.6,361.51
1183.5,927.78
1191.6,561.47
1193.1,306.31
1197.1,136.64
1200.9,652.51
1201.1,1081.6
1213.1,447.07
1212.5,772
1218.8,694.5
1216.5,315
1215.9,796.07
1219.1,1240.8
1233.4,195.61
1238,1234.5
1241.1,678.14
1241,692.83
1243.5,914.93
