7.2932,253.93
6.2241,384.41
8.6024,479.97
6.8913,977.63
14.072,666.71
13,587.25
14.086,964.4
22.046,426.39
23.198,706.56
25.084,513.31
25,563.74
34.402,407.53
34.5,555.22
42.478,1133.9
40.421,779.89
45.9,1010.4
48.176,880.39
48,175
49.481,347.6
51.091,893.91
53.448,198.59
59.58,574.66
60.591,412.41
62.61,53.037
59.926,335.41
62.596,1103.4
64.75,1076.1
66.2,522.56
70.037,1021.4
72.622,794.69
72.091,144.09
78,199
86.356,1016.9
90.831,875.13
94.134,959.66
104.54,763.61
108.34,129.44
112.58,747.68
118.42,381.29
118.83,3.3
120.74,133.24
123.5,553
129.08,1168.5
132.5,253.29
134.95,382.75
138.6,137.6
140.5,229.5
144.34,806.7
145.06,790.49
147.34,905.89
147.64,1059.5
147.19,663.93
151.38,3.1273
153.97,987.39
159.12,815.19
156.57,25.946
157.4,511.89
166.55,673.02
170.17,995.04
169.97,246.75
175.1,387.79
181.02,590.12
184.64,121.74
186.16,809.5
185.63,14.367
186.5,602.85
194.1,521.4
192.47,423.07
194.01,87.59
197.81,733.66
198.44,201.97
198.44,393.67
210.98,309.25
207,1233.8
205.07,1041.4
218.06,722.95
220.83,441.06
221.84,577.51
226.87,507.44
227.62,636.18
230.56,867.55
233.62,990.09
232,370
238.81,1007.1
245.67,360
245.92,806.08
249.89,834.68
250.19,1131.9
252,1246.1
259.27,914.89
263.54,577.13
266.12,84.694
269.56,434.44
269.72,523.47
273.46,760.07
275.11,885.25
286.94,860.44
289.92,485.18
296.41,218.9
295.53,747.07
296.88,826.76
298.91,859.09
303.7,500.11
303.82,1235.5
310.9,648.05
313.09,1134.8
314.87,852.05
327.25,891.74
322,851.5
327.54,51
323,754.5
335.5,968
343.94,627.44
338,928
350.17,145.82
347.07,226.29
349.57,121.35
350.47,82.271
353.09,94.091
353.75,1231.8
358.44,668.93
358.22,1074.5
365.5,1019
368.91,287.76
371.58,1225.6
372.83,1065
374.92,1238.7
377.52,417.2
376.66,809.62
383.59,618.93
382,1123.5
385.66,230.98
389.39,993.39
393.92,435.5
399.21,766.5
401.59,1218.8
404.58,809.98
410.42,1085.7
417.19,859
420.73,340.42
430.18,766.09
428.86,1108.5
432.47,823.09
441.47,519.87
442.97,967.96
443.17,650.86
445.09,1049.4
441.93,662.07
450.34,696.41
455.47,978.65
455.96,899.65
463.61,856.33
466.14,733.24
466.13,592.83
472.11,749.17
474.45,837.44
477.7,1065.1
479.6,648.55
481.69,552.88
490.12,1223.4
484.97,625.72
488.71,135.13
484,981.5
489.11,700.58
493.47,1181.3
499.42,946.42
507.91,1242.1
514.61,273.86
514.98,844.06
516.65,1114.7
517.85,365.45
526.88,703.86
532.76,1079.5
537.07,626.99
530.42,818.89
534.32,971.6
533.5,180
539.64,453.6
540.42,463.89
545.33,579.04
544.95,1114.9
547.26,1130
551.71,1216.8
552,678.5
556.66,423.92
555.11,1127.6
560.28,819.8
558.83,45
559.29,412.16
565.61,1042.4
563.06,262
572.4,250.66
575.2,929.82
573.77,260.77
581.56,1156.8
577.46,607.47
579.27,535.54
578.45,400.34
582.28,98.913
584.21,288.25
580.42,317.58
580.91,20.909
583.12,266.56
588.11,756.37
593.27,459.31
590.15,619.83
591,730.35
594.65,16.306
604.34,701.44
608.41,35.286
617.76,1123.7
617.58,316.66
620.11,603.37
618.91,663.91
622.47,815.33
624.6,956.98
625.58,107.11
628.09,339.91
630.15,699.46
632.19,1030.3
636.51,1041.9
647.03,615.56
651.12,1135.2
658.93,1037
656.58,35.895
657.88,1153.1
662.34,209.81
658.58,331.89
659,665
664.2,1135.1
672.55,508.07
672.54,1102.8
688.33,87.183
678.24,684.39
685.2,727.06
686.15,795.87
686.5,302
694.08,714.4
703.32,987.73
701.5,1166
706.11,953.01
705.68,156.97
714.06,656.55
716.56,1075.2
716.34,1130.5
720.86,56.065
719.96,595.97
720.67,98.553
725.47,456.08
737.58,1077.6
742.94,646.59
742.66,7.918
746.93,155.86
751.09,772.71
751.13,490.89
758.56,1007.9
760.99,401.89
767.73,1060.5
767.5,1029.5
769.13,772.92
768.5,532.65
769.5,991.5
774.03,337.4
784.17,1074.5
782.69,768.09
786.94,392.52
792.18,321.2
790.08,798.56
789.6,989.6
795.29,374.86
802.81,642.48
804.76,1168.6
817.71,1136.7
817.96,124.66
824.9,717.67
825.41,627.39
829.4,1138.5
834.33,1195.6
835.08,1051.9
842.59,69.306
843.76,603.24
853.16,719.57
857.91,511.91
864.93,1127.6
866.93,175.31
868.1,1068.6
868.79,34.5
874.09,906.91
876.63,1078.3
880.9,524.99
882.66,1027.9
882.95,292.23
891.31,1079.4
885.43,1229.4
897.94,666.96
905.39,61.19
904.13,1037.6
909.26,776.11
912.51,662.87
912.37,504.63
914.92,678
917.48,98.373
920.15,604.89
915.39,1053.8
918.42,51.105
924.63,1188.7
930.81,687.12
932.89,1132.6
937.71,43.71
943.99,1203.6
943.5,1072
945.88,34.884
947.43,440.7
957.14,876.74
958.14,171
960.69,693.83
966.02,292.1
974.54,55.576
982.93,205.09
986.34,1007
986.97,1205.1
985.94,485.91
993.79,1049.6
991.85,40.744
992.5,154
996.05,883.93
1007.5,190.63
1010,851.06
1011.2,733.98
1014,13.5
1015.9,524.57
1017.7,642.04
1020.5,896.36
1027.1,266.38
1027.3,588.58
1026.6,669.07
1029.8,1122.5
1028.4,642.1
1036,1091.1
1036.9,102.28
1052.2,590.14
1059.3,203.51
1058.5,1040.6
1063.4,708.13
1065.8,1023.7
1067.6,1100.9
1072.4,117.76
1072,666.75
1073.3,50.729
1076.6,1119.9
1079.3,1187
1087.4,163.18
1089.2,885.55
1090.2,283.93
1094.8,338.83
1097.5,648.24
1113.8,1154.3
1118,1214.6
1121.2,141.56
1123,1130.5
1125,185.93
1124.4,423.08
1127,414
1130.4,527.91
1131.9,1043.4
1131.1,155.56
1131.4,819.55
1136,1132.7
1141.6,434.17
1139.8,832.13
1145.6,741.04
1158.1,970.53
1155.7,837
1169.6,626.82
1170.4,1059.5
1175,793.85
1178.1,929.37
1178.2,85.417
1185.9,552.47
1190.1,247.39
1196.8,1056.9
1200.4,557.81
1198.3,540.15
1199,289
1209.5,1195.7
1217,84.269
1226.5,136.78
1231.1,907.88
1240.8,652.72
1237.1,747.07
1244,1089.2
1246.3,981.16
1247.3,827.58
