5.8621,613.75
5.7273,1209.3
11.092,1025.5
27.539,630.62
18.531,861.45
19.765,475.24
20.686,938.91
23.114,120.54
23,1071
28.316,843.58
33.823,1066.6
37.689,1025.2
43.547,49.26
36.176,1201.1
43.29,168.29
43.333,198
56.779,527.32
49.125,758.65
48.227,1176.8
51.409,965.96
54.656,1209.6
60,261
65.612,551.31
65.822,960.85
71.597,831.89
84.049,440.74
75.705,854.73
75.053,555.95
83.526,388.84
87.589,474.32
85.143,68.857
90.474,156.75
90.883,1020.4
93.389,198.61
100.45,365.9
103.56,648.9
119.43,278.82
119.72,919.98
122.02,661.91
130.52,840.62
134.14,1054.6
136.57,245.2
142.5,1146.3
146.6,165.05
156.9,1241.4
171.03,731.87
180.91,934.09
187.51,1004.3
186.12,92.351
191.5,144.5
191.9,866.92
196.35,488.4
195.36,375.97
196.39,434.39
201.76,1172
205.63,1190
210.59,145.63
211.42,281.02
214.39,323.32
225.77,1039.9
229.1,786.63
230.66,30.087
236.74,344.22
235.54,706.86
245.5,35.353
252.03,1232.8
255.57,24.214
250.9,99.869
266.29,210.33
264.65,56.397
263.5,1240.8
266.5,494.5
273.6,465.41
273.77,552.37
272.58,1184.4
288.22,744.05
295.55,906.8
293.83,70.618
299.73,302.49
300.15,1027.5
298.5,1080
301.69,1245.3
304.54,646.46
311.56,992.92
321.93,465.98
319.24,563.33
323.84,1047.6
321.63,1162.4
331.11,948.9
334.43,1177
339.41,81.878
340.38,915.82
340.82,1224.7
344.94,288.76
344.54,623.93
350.7,1185.5
354.39,720.78
360.87,1137.4
364.67,1002
372.51,540.97
369.15,806.53
370.12,1233.1
373.04,14.437
376.98,1245.7
376.78,1100.1
382.15,680.17
381.58,476.11
382.31,791.91
382.82,843.95
384.12,25.884
389.06,74.906
391.33,538.29
407.44,886.65
406.57,941.95
405.13,406.5
404.5,931
408.73,1124.5
410.95,573.08
425.83,207.06
425.57,789.32
432.27,589.55
431.56,160.41
433.5,217.3
439.72,754.04
442.94,780.31
459.93,896.54
452.86,1172.7
456.43,980.39
466.87,485.06
475.01,541.36
480.07,117.97
475.5,1056.5
491.85,33.75
493.98,61.233
493.43,6.6176
494.18,236.55
497.96,787.44
496.5,528
500.75,1049.9
520.53,125.9
518.56,1246.8
523.92,771.94
531.33,1211.5
531.8,519.56
539.04,924.88
542.58,564.89
546.18,939.18
556.04,1231.4
561.57,967.62
560.93,651.59
567.09,529.97
565.97,1119.4
572.5,35.5
576.35,905.12
580.39,66.339
585.06,342.26
597.44,965.78
602.09,812.79
604.2,115.54
607.5,1036
613.43,667.3
614.91,1083.9
612.67,460.75
617.22,1004.9
618.73,642.05
618.56,428.89
626.42,867.83
627.5,972
629.91,515.39
628.19,1200.7
631.4,915.79
639.2,40.932
640.09,480.09
651.91,124.09
655.91,1128.1
661,397.17
665.58,522.62
664.11,1098.7
673.06,53.298
680.82,766.57
678.07,621.41
682.87,1035.2
695.67,639.97
700.89,1223.5
703.91,1014.2
708,1053.3
714.02,1203.1
716.83,845.14
724.32,1021
734.95,916.16
737.2,747.47
740.94,595.75
743,35.5
745.41,655.78
746.07,1101.6
748.52,917.54
746.2,433.07
756.22,879.89
758.71,1027.4
770.05,17.98
768.09,647.91
774.37,73.569
775.37,771.13
779.92,633.92
783.98,537.19
780.5,728.5
804.97,1058.1
804.47,1101.1
812.59,1176.3
818.24,770.04
819.22,731.44
823.09,718.91
828.55,787.05
827.5,1057
831.77,817.43
834.75,844.95
838.03,749.72
838.5,630
843.78,146.19
840.39,798.87
848.43,617.02
855.33,70.321
857.09,810.11
861.33,396.51
863.54,977
861.17,685
863,1025
866,782.5
877.65,595.06
899.13,935.4
900.88,120.88
901.69,733.45
906.07,588.59
907.67,838.66
906.86,440.86
912.8,910.85
918.67,208.84
920.93,724.33
923.05,778.46
928.72,140.52
927,932
937.84,640.35
939.5,143.5
941.71,1213.7
948.98,1153.1
950.83,746.62
952.95,775.09
952.1,435.62
960.85,480.56
952.93,274.59
960.55,956.97
965.73,1070.2
964.39,1229.9
968.55,1164.7
974.61,461.6
978.47,1165.7
996.24,599.71
988.59,1021.1
992.53,1163.3
998.94,1052.9
1011.4,127.33
1016.3,100.85
1017,330.59
1020,1245.4
1023,768.71
1022.5,410
1025.1,1206
1030.4,223.89
1053.2,884
1056.1,266.11
1059.1,461.7
1058.8,1240.5
1069.3,1223.6
1079.5,835
1084.2,734.3
1087.1,184.02
1093.6,416.98
1099.2,1197.9
1102.8,987.93
1101,119.5
1129.4,1090.8
1132,806.19
1133,962.26
1133.5,1183
1135.8,33.75
1137.5,1166.2
1142.4,200.3
1146.3,995.18
1146.6,633.49
1153.9,1023.7
1154.5,1199.5
1162.9,155.38
1164.6,186.92
1178.2,696.41
1182.5,1246.7
1183.4,55.367
1192.9,889.69
1209.2,986.37
1213.9,800
1217.5,572.71
1221,553.06
1219.3,995.58
1226.1,1031.5
1240.3,153.08
1242.5,837.21
