6,505
10.481,474.83
11.9,916.38
13.103,505.24
15.306,519.53
15.178,6.6667
19.347,299.89
16,127
25.826,411
33.316,502.64
31.823,913
32.314,851.91
32.5,459
47.471,1007.1
56.558,980.56
72.093,195.98
83,498.68
110,1152
137.09,29.8
153.62,61.5
181,488.5
183.09,1242.1
185.94,1229.1
202,394.5
203.79,912.76
213.73,1124.3
230.82,372.57
234.32,772.78
252,964
268.87,375.46
312.43,309.01
305.79,269.5
308.38,588.38
316.6,425.96
322.66,349.68
320.92,363.92
327.5,334.5
331.46,374.82
333.35,640.5
342.57,306.48
339.46,244.22
346.97,186.92
360.46,333.97
362.89,360.96
368.93,280.59
392.66,842.53
405.08,606.08
486.39,7.1325
553.32,595.53
561.47,1062
592.35,224.5
643.43,740.98
702.5,375
740,10.174
771.27,1066.3
822.41,152.07
836.58,1234.1
854.74,876.86
869.18,1172
877.06,1231.2
890.26,444
919.37,893.37
936.59,548.07
966.08,780.12
976.78,576.32
985.44,88.923
1014.6,1129
1017,980.5
1021.2,1074.2
1022.5,960.5
1024.5,478.5
1113.9,90.029
1128,594.14
1234.2,832.57
1239.5,1229.5
1245.9,1245.3
1246.5,809.38
