3.4174,22.296
8.2077,184.45
2,200
3.7745,287.19
6.8118,308.75
3.7111,343.02
1.5,364
1.7308,378.73
18.445,435.6
2.4737,513.02
2.1471,565.82
5.07,753.61
4.9,787.58
6.4,838.52
4.9276,865.25
2.9167,883.92
9.2848,916.94
2.4314,933.39
7.5699,1028.3
6.5833,1069.4
22.388,1091.8
14.801,1186.2
3.6866,1234.7
5.3214,1261.1
6.6641,990.11
39.515,94.71
6.7083,1048.3
6.8478,1008.2
9.6139,221.47
10.942,680.6
39.156,547.09
14.273,151.19
13.816,278
13.71,1270.8
24.244,514.77
19.639,880.19
22.628,235
37.047,265.65
20,503
21.52,678.6
24.025,241.57
27.224,312.84
44.758,743.7
27.231,1275.5
49.766,175.03
35.068,791.21
30.588,919.12
32.338,45.142
32.391,1043.4
37.771,1138.3
38.204,1159.6
33.167,209.75
38.837,388.19
44.007,1270.1
40.601,10.888
60.078,493.49
42.245,976.26
41.67,1212
43.119,1114
41.333,230.67
47.877,687.69
44.862,134.86
45.914,321.64
48.763,419.26
48.282,602.33
44.6,664.6
45,669
54.742,816.92
60.853,621.15
49.657,703.61
56.423,1327.6
57.151,1078.1
95.896,888.08
57.151,308.36
66.143,340.51
63.688,1129.1
77.694,1182.9
69.323,789.69
63.781,1012.3
66.105,989.35
71.215,1039
62.051,226.17
62.405,42.619
74.878,656.62
81.146,1261.2
69.165,958.66
72.053,1067.8
72.968,52.516
74.93,415.28
78.6,305.4
84.216,318.57
92.956,432.78
86.138,1330
81.523,1132.7
80.579,465.89
99.915,172.32
82.667,987
92.08,366.98
83.25,459.12
85.2,995.27
86.903,1228.7
95.825,108.59
94.771,593.26
92.61,60.876
97.571,229.99
96.186,1071.7
92.918,736.16
103.14,261.36
92.105,1046.6
95.906,809.28
95.625,889.5
115.7,1208.7
98.306,877.89
96.432,945.05
99.267,683.52
98.764,788.2
99.932,1230.5
103.03,1006.8
121.92,1099.3
102.31,319.71
134.28,671.64
103.17,103.7
116.8,560.78
119.26,1264.8
118.1,1328.6
106,606
109.53,796.31
110.91,206.95
110.5,443.5
113.08,1240.4
111.89,669.42
112.29,1028.3
124.22,760.66
121.37,335.77
120.15,288.4
124.92,806.54
136.61,611.89
122.81,956.26
123.11,1136.6
128.89,543.65
129.8,159.15
129.57,72.508
147.09,92.603
158.88,1007.2
132.92,411.37
150.14,187.04
136.97,460.79
136,807.5
139.14,242.46
139.29,767.4
162.52,555.58
145.52,1162.7
150.68,31.211
143.54,936.85
146.19,1208
142.71,1280.1
170.64,303.67
150.14,773.59
149.52,1114
173.13,492.58
159.64,641.31
159.36,1087.3
154.12,1310.1
163.91,1106.4
160.24,1244.4
158,797.5
166.99,874.74
164.77,252.22
162.72,761.96
161.37,804.13
169.36,196.91
176.96,61.417
162,267
163,597
164.33,405.83
165.57,961
189.53,122.56
167.59,855.55
173.99,1052.6
176.95,4.3307
172.98,338.71
171.45,834.08
173.52,399.95
177.69,1224.6
177.67,230.79
181.85,768.52
182.6,1326.7
197.05,1113.2
192.4,1273.2
180,286.22
197.08,889.85
195.35,1189.8
181.06,1252.9
185.61,615.17
202.86,192.45
185.07,1298.4
188.37,1163.4
198.9,1029.9
188.39,267.43
189.38,687.12
197.68,377.33
194.5,19.682
195.08,837.47
209.87,740.69
194.33,416.67
204.65,947.87
211.88,267.83
201,264
213.88,326.66
202.94,717.41
207.03,1226.5
206.45,398.96
253.41,1034.2
214.62,444.7
206.79,775.21
206.82,831.58
214.21,4
209,554
210.12,1141.1
211.06,153.8
213.26,310.66
224.18,236.95
214.5,427.5
216.2,503.09
216.97,1237.4
221.21,33.256
219.84,359.34
228.46,212.66
231.65,147.57
236.18,868.65
221.17,292.2
224.49,511.68
224.36,784.35
223.14,1001
248.26,1229.8
228.4,45.481
223.43,1010.6
226.5,93.5
230.82,529.9
235.37,274.76
235.46,376.16
234.4,414.26
233.2,120.56
243.8,486.97
238.76,167.27
236.5,260
236.92,950.08
244.24,751.93
251.86,170.26
241.19,299.05
243.78,705.57
244.52,685.32
263,1304
262.28,922.18
254.98,287.33
267.55,92.192
263.42,345.08
263.77,56.43
273.41,285.77
260,881
260.94,896.21
261.8,130.14
282.49,699.17
263.69,26.644
286.75,623.77
271.34,421.94
273.12,1221.2
270.61,13.111
271.04,446.67
269.59,556.06
279.11,846.93
273.5,732.5
286.65,246.28
277.75,480.99
282.02,1093.4
290.6,200.36
291.21,380.65
284.61,314.22
284.09,778.23
289.39,936.32
309.27,1327.4
294.55,728.97
310.02,679.85
298.01,952.43
290.07,1037.6
298.03,1222.1
325.45,431.79
299.05,40.97
292.65,1085.1
294.06,908.55
295.02,18.452
295.16,859.77
309.13,281.32
317.42,362.59
305.82,1055.4
313.63,1252.5
302.77,9.4667
301.86,305
301,913
312.71,471.4
302,802
303.31,1084.6
304.5,60.5
315.86,228.43
309.08,794.73
308.42,536.76
311.27,168.27
310.5,601
326.52,895.6
315.97,194.61
320.06,600.94
321.86,262.96
341.76,1207.8
324.4,954.6
332.13,514.2
327.25,791.5
345.91,1260.1
326.86,720.94
327.22,1008
331.69,343.1
338.37,621.15
332.18,25.045
338.55,68.412
336.5,593.46
335.17,137.21
337.22,291.17
351.27,259.01
336,1295
349.4,801.17
342.76,1091.2
344.27,27.69
340.45,125.81
347.14,549.89
350.71,319.72
348.5,565.36
370.84,1310.3
354.02,1098
357.27,96.772
362.27,655.16
359.3,285.69
361.94,129.41
390.24,489.19
367.81,965.43
367.71,455.13
365,903
365.4,754.4
374.28,722.13
372.19,1330.5
376.44,91.297
375.48,376.57
369.48,791.92
372.02,835.37
372.43,1076.3
372.33,1259.5
371.68,65.763
370.76,686.76
378.47,345.83
375.91,904.19
375.98,1017.8
375.43,127.71
379.39,105.35
381.42,302.94
379.88,1212.8
380.56,586.34
386.78,1159.3
390.14,1106.4
386.46,280.28
388.27,428.14
386.5,907
392.73,111.63
403.47,760.58
390.45,981.65
391,1041.5
393.88,1194.4
390.35,1082
400.48,666
392.67,797.63
407.15,390.2
396,417.5
397.7,706.91
398.51,860.84
402.34,642.26
410.96,66.095
411.08,349.09
398.29,739
423.36,1001
434.7,696.38
410.87,3.437
401,287
414.08,298.37
408.95,573.44
424.21,1295.5
420.91,1324.7
415.41,1094.8
419.45,821.51
428.91,510.96
415.56,861.2
414.33,1278.8
418.21,488.29
418.41,1185.4
421.07,700.5
420,654
430.45,788.26
444.45,335.5
427.57,1138.8
427.27,613.23
430.3,1226.6
433.31,7.8125
435.53,67.03
426,592.5
436.06,913.35
429.6,1220.6
434.17,297.11
434.38,598.18
436.53,488.54
445.4,142.36
449.78,1253.7
450.15,760.17
444.54,1201
446.44,9.8
452.39,980.31
456.05,599.02
463.08,484.14
466.12,277.89
460.67,642.24
459.39,8.6
466.76,53.916
477.53,396.54
458.61,300.55
458.38,549
458,764.67
485.68,518.08
461,569.5
473.32,795.89
463.17,1128.3
464.36,628.43
470.29,729.56
466.11,815.58
471.59,616.19
481.06,995.79
469.08,1214.3
469,1012
475.53,1188.4
480.78,3.7961
482.97,772.45
472.71,1165.4
434.1,945.62
490.21,1269.4
478.56,346.8
478.9,533.95
490.05,738.18
483.1,1248.2
500.75,639.93
486.5,1104.3
487.78,64.677
490.78,128.56
489.88,1021.9
495.29,1152.3
489,761
498.86,1213.1
490.32,1236.7
494.02,550.57
506,4.0484
508.2,971.66
511.99,138.79
507.55,409.18
507.08,1182.7
505.39,847.84
511,1169
508.5,800
508.33,1051.8
509,1282
516.14,84.115
512.21,287.89
516.17,811.79
515.33,1026.8
509,1153
512.8,113.2
513.76,301.36
520.81,244.72
515.54,357.13
527.54,449.03
525.47,564.87
518.62,712.12
515.1,870.05
518.21,215.51
519.17,155.23
521.34,914.48
519.25,479.32
523.8,1286.2
541.47,816.44
524.27,309.55
537.64,322.17
526.54,987.93
525.39,1068.2
558.34,1226.4
530.1,691.58
557.85,349.27
532.4,110.9
530.3,410.77
518.73,1118.8
536.09,525.53
542.21,189.29
539.55,27.648
537,596.5
540.32,962.18
539.72,386.43
565.83,1016.5
545.29,122.09
541,514
577.14,1144.4
543.13,502.23
543.98,270.08
566.97,852.27
563.67,224.96
550.52,469.18
545.68,1180.7
546.29,46.026
545.82,943.75
558.47,1319.4
550,1195.5
580.58,142.05
555.61,147.89
556.39,293.27
559.14,664.14
559.42,633.23
560.62,935.17
577.92,287.39
576.86,1271.5
567.02,14.401
561.96,187.98
581.12,49.124
564.3,315.03
566.42,497.41
562.1,815.95
570.28,552.59
569.99,403.62
565.45,1124.2
565,699.5
582.63,899.91
578.06,476.19
605.56,710.52
580.03,777.36
574.05,1084.5
573,635
575.17,819
577.02,756.98
578.64,805.31
586.91,678.93
588.01,507.05
583,544.5
584.5,190.57
593.04,1298.3
587.58,651.3
590.9,816.71
593.3,1.9535
591.65,1325.3
601.68,253.58
597.57,182.7
602.66,532.72
627.41,958.31
604.15,408.76
600.8,211.62
598.5,351.58
597.57,807.04
600.56,1024.1
599,654.5
602.28,62.778
607.87,793.58
603.64,101.96
606.78,826.25
610.62,36.275
675.3,478.76
606.5,120
611.44,128.44
611.98,161.41
625.19,212.48
624.35,457.89
609.5,1226.5
628.1,1292.7
622.73,884.57
619.31,1154.5
613.6,1054.4
618.27,146.4
615.4,1047.3
670.82,262.37
624.62,1180
625.71,1232
626.47,94.847
621.7,771
626.15,1104.4
625.71,534.66
649.32,822.01
624.26,905.85
640.26,1002.9
634.35,9.3793
659.66,46.641
633.2,795.1
631.85,72.326
641.99,745.29
637.92,149.11
635.83,537.33
643.04,1052.9
637.39,1130.3
640.33,333.71
640.06,983.83
641.3,1242.5
638.05,26.95
646.89,633.43
649.56,766.5
640.61,921.39
648.44,1297.8
652.16,693.17
660.9,794.06
667.38,1229.1
658.36,1272.4
647.68,365.34
674.55,81.529
656.06,1126.3
657.58,1021.6
654.26,4
681.71,905.37
657.53,389.65
670.55,137.69
657.11,348.43
664,886.35
680.21,1054.6
668.35,862.37
663.54,968.69
664.33,474
667.59,378.04
671.42,1086.3
688.12,418.36
678.58,988.12
693.03,333.61
682.65,772.27
676.34,952.98
679,1095.7
689.4,1312.4
678.29,1248.6
689.28,1152.5
694.81,537.88
685.5,846
726.35,378.4
694.63,1000.7
692.11,1214.4
703.61,727.32
705.8,758.57
698.5,1053
710.48,1273.4
711.02,1024
720.27,43.04
705.85,1084.7
706.71,1301.4
722.66,1159.5
708,970
709.5,1095
713,966.5
715.38,193.5
713,694
721.6,822.83
719.37,73.753
716.7,135.27
725.72,691.49
724.7,208.49
717.91,508.09
720.89,878.38
720.07,777.41
721.95,741.37
734.75,593.2
781.45,915.03
722.5,264
724.8,986.61
723.89,495.42
733.06,716.23
725.71,1075.7
725.64,521.05
745.54,788.37
751.89,1240.9
732.2,74.227
731.27,322
735.43,1301.5
734.81,131.13
747.21,1082.1
737.79,1010
743.89,499.49
739.75,1279.2
748.42,74.924
741.58,1331.3
746.43,654.96
741.5,1205
750.7,688.57
749.51,299.48
756.05,813.51
747.88,2.2121
747.25,260.75
750.5,213.93
757.81,727.95
746.32,1200.1
748.07,93.407
749.31,120.41
749.5,521
759.5,755.99
808.62,579.39
768.6,1078.2
757.61,874.57
763.41,1128.5
774.53,357.32
763.99,101.98
759.93,522.07
762.13,198.47
762.38,40.663
766.34,269.54
772.55,884.65
765.81,467.32
769.96,627.82
765.5,60
767.88,155.74
785.46,1035.3
767.26,126.13
793.39,1302.6
775.24,506.85
783.83,304.32
781.22,980.69
781.65,795.64
780.96,1124.6
785.21,760.61
784.21,74.036
786.57,698.91
786,42.5
796.5,460.67
786.5,479.44
804.87,119.58
790.95,275.21
790.44,317.04
794.99,1199.1
808.03,421.79
804.56,238.35
812.19,188.3
795,772
798.79,864.2
800.14,1130
798.97,1282.7
804.58,1071.1
798.52,620.09
799.33,778.69
804.48,42.298
804.3,317.91
802.68,839.14
801.5,142.4
806,395.81
810.06,639.81
821.19,85.566
831.84,870.88
810.28,286.78
817.12,682.32
835.99,720
813.43,986.96
820.96,797.65
825.07,1154.8
820.14,485.31
817.52,1071.1
827.83,1263.5
838.09,744.81
840.51,254.86
825.56,324.32
855.57,1117.6
831.38,1179.2
851.67,123.96
832.94,370.72
829.93,961.61
829.59,1041.8
846.78,1221.4
830.51,153.33
831.06,422.13
858.84,791.49
838.83,488.63
838.39,197.83
839.94,385.85
837.43,984.99
835.93,163.83
836.83,828.67
838.14,346.14
860.28,1077.3
844.74,1322.3
842.68,303.65
844.89,1034.2
847.42,1144.3
843,170.17
850.96,1054.2
842.5,1278
846.78,74.917
875.61,86.909
849.09,1295.9
850.47,210.16
850.5,26
863.43,451.01
862.22,906.15
864.92,1000.6
859.6,64.99
883.41,366.4
881.7,1254.1
862.22,1283.2
862.65,13.791
879.81,279.81
863.34,695.55
867.7,1173.5
862.96,167.51
873.85,967.98
866.47,1242.4
872.76,1093.4
869.22,210.39
888.89,481.76
871.88,870.75
878.95,650.76
902.63,742.14
877.25,201.11
896.98,1281.4
882.87,67.536
890.25,175.45
886.52,674.39
885.64,934.85
890.21,117.2
896.52,1194.1
892.41,145.82
893.67,1027.4
934.23,701.72
905.34,1002.1
917.17,661.96
903.22,898.86
897.38,1305
913.2,791.6
901,814
904.31,23.75
911.12,63.321
911.12,128.72
915.16,1138.6
906.4,240.69
911.85,159.3
911.77,217.5
906.3,291.3
922.77,429.38
916.2,1234.5
911.68,102.64
910,1112
914.23,930.59
915.76,978.97
912.5,1295.5
914.55,628.02
913.5,879
922.03,1028.2
915.7,1082.6
919.32,1091.2
915.53,9.6667
914,80
917.4,821.34
921.24,947.82
920.92,191.92
926.64,1171.7
940.96,1323.9
957.28,168.9
928.64,505.78
931.97,73.344
940.19,954.08
929.38,1156.5
927.5,1210.5
934.75,283.11
937.86,987.19
939.55,928.83
933,1080
944.87,9.5653
941.59,132.6
939.21,1124.2
944.58,815.8
939.91,1050.2
944.21,330.02
948.48,425.55
942.73,497.52
942.64,864.32
950.71,1150
953.13,221.81
958.22,516.27
949.22,784.62
961.68,851.11
957.75,53.253
950.07,342.59
951.5,876.88
963.39,1081.6
952.23,1108.3
952.94,1166.6
965.43,1202.2
957.02,757.23
960.38,984.78
981.81,322.41
956.5,294
963.95,606.64
961.09,264.08
958.11,936.42
959,1017.6
962.9,1305.3
961.27,453.08
964.57,410.79
961.34,1258.4
969.02,667.21
964.56,24.982
973.68,558.41
967.18,732.39
982.74,1249.8
971.7,194.09
969.68,281.8
968.5,289
976.56,487.78
968.56,1137.1
975.84,968.16
979.91,243.09
978.54,290.54
1002.9,1060.2
976.07,1315.9
979.39,931.86
980.69,109.72
980.24,1146.6
978.41,1020.1
986.86,628.68
981.75,835.14
981.78,853.79
985.64,56.324
983.91,771.05
985.43,268.6
982,1170
998.24,674.93
990.6,205.03
986.5,1309.5
1006.8,389.75
1007.5,1192.1
988.31,137.91
988.86,79.857
992.67,436.83
1004.9,936.45
992.5,1207.4
1001.3,9.3539
1004.3,142.84
1032.3,449.56
1005.5,565.62
996.4,650.4
1004.7,799.82
1008,744.29
1009.7,50.18
1002.4,91.575
1000,1106.5
1010,991.86
1003,1154
1003.6,25.6
1006.5,418.37
1019.2,866.75
1030.1,822.25
1014.5,192.1
1023.4,537.33
1016.4,636.57
1013,443.5
1017.5,16.99
1023.5,1107.5
1010.6,226.59
1022.8,1299.6
1024.7,85.774
1030.5,329.35
1023.3,379.02
1031,580.51
1021.2,668.33
1020.6,309.06
1022.5,415
1023.5,659.5
1054.3,1008.1
1029.7,35.079
1028.9,906.59
1030.6,1238.3
1032.5,841.57
1053.8,926.17
1037.9,610.08
1031,1039
1033.5,382
1046.6,1162.3
1059.9,969.76
1037.1,1124.6
1040.1,1202.1
1050.8,97.535
1050.1,764.56
1042.1,137.66
1048.7,60.971
1039.1,553.08
1038.4,782.12
1039,129
1061.9,639.86
1039.7,1310.5
1043.6,1080.5
1068.5,1237.6
1058,403.23
1049,529.5
1048.9,1028.9
1054.7,496.9
1051,609
1053.5,1090.5
1052.7,849.58
1052.3,1299.4
1052,147
1057.1,315.56
1071,22.568
1057.7,140.86
1062.8,279
1078.8,721.5
1063.9,244.75
1062.7,853.52
1063.7,521
1077.7,674.66
1066,684.42
1069.1,373.28
1068.9,895.94
1067.4,311.4
1071.2,1272.6
1089.2,189.12
1079.1,335.33
1071.2,450.03
1069.8,539.67
1081,1107
1067.7,788.52
1070.5,123.5
1075.2,591.84
1075.9,493.8
1077.6,739.83
1080.3,1311.7
1081.8,148.6
1092.8,414.36
1079,376.13
1080.7,140.21
1083.2,393.91
1085.5,757.14
1093.6,112.86
1096.6,582.08
1084.5,1078.9
1098.8,1128.9
1086.9,872.6
1090.4,250.83
1105.2,1291.2
1091,1210.7
1103.5,275.51
1088.9,452.4
1096.3,1053.5
1095.7,1328.7
1101.2,469.71
1094,504.5
1104.5,336.77
1113.3,1167.1
1099.3,139.29
1103.5,694.46
1102.2,875.76
1107,966.74
1102.9,1191.6
1104.1,1113.4
1105.7,674.1
1106.4,635.45
1112.8,737.55
1106.4,760.89
1110.8,809.1
1108.3,326.88
1114.6,656.15
1109.9,1058.5
1121.5,1030.9
1111.9,724.42
1114.6,947.93
1115,378.76
1113.5,1077.5
1114.5,1191.5
1115.9,684.84
1114.9,876.58
1128.3,992.52
1118.7,1203.4
1115.3,782
1121.3,701.81
1123.4,823.98
1135.6,879.89
1127.6,856.85
1131.7,341.74
1125.5,760.62
1124,677.5
1124.5,290
1127.4,409.52
1125,468
1127.1,493.66
1129.1,308.36
1128.6,1085.3
1146.2,1267.8
1138.6,32.579
1130.6,432.15
1131,119
1134.8,475.57
1133.7,590.39
1141.9,699.68
1131.1,948.1
1131,315
1136.8,448.89
1148.2,742.59
1149.5,513.08
1135.5,720.5
1140.8,1107.3
1162.6,1213.9
1146.7,1309.4
1164.9,74.874
1155.5,941.13
1153.4,364.97
1142.3,919.45
1146.4,425.79
1151,184.03
1152.6,115.05
1152.2,235.19
1152.9,793.03
1152.7,396.36
1164.9,642.41
1158.3,1180
1156.4,1144.2
1175.4,810.44
1157.2,531.78
1159,468.78
1156.5,899.57
1164.2,43.777
1163.3,561.7
1160.5,986.38
1169.2,423.02
1157.7,849.58
1162.1,342.14
1167.6,1309.4
1176.5,172.21
1167.4,207.58
1170.1,312.04
1168.8,589.75
1183.3,134.18
1184.2,1260.1
1176.5,1066.8
1190.2,712.48
1174.8,461.81
1177.8,510.37
1178.1,999.7
1178.1,1042.2
1177.6,611.16
1178.7,700.35
1180.8,750.02
1191,1121.9
1181.2,945.68
1189.5,220.31
1181,693
1185.9,1325.2
1190.2,572.48
1194.6,887.18
1213.4,480.71
1193.2,296.61
1191.8,666
1204.9,229.19
1226.1,373.68
1195.5,268.36
1195.1,773
1227.2,81.002
1211.1,343.45
1211.8,853.15
1202.4,1018.6
1205.5,286.9
1204.2,1261.6
1200.5,1297.5
1230.1,36.682
1202.2,1249.2
1208.9,153.71
1218.9,649.85
1206.3,1154.4
1205.5,1304.8
1214.4,613.99
1209.2,1328.1
1216,1286.9
1215.3,775.41
1219.1,577.8
1215.8,1201.2
1222.9,167.33
1222.1,318.03
1253,1053.9
1225,1103.8
1221.6,551.93
1227,897.87
1237.5,925.38
1233.7,1221.5
1225.8,1327.4
1234.3,209.03
1233.4,391.06
1237.7,1188.3
1231.8,675.02
1231,788.07
1251.8,1300.9
1231.1,503.91
1231,443.5
1237.9,852.63
1233,800
1237.9,746.68
1255,298.83
1260.2,524.45
1238.7,769.82
1274.1,811.41
1274.4,1106.3
1239.6,558.09
1245.7,886.15
1252.8,89.438
1251.3,1034
1271.4,1219.1
1247.5,161.75
1249.6,184.29
1250.3,651.39
1251.5,1260.3
1261.3,499.14
1264.4,187.05
1255.2,442.87
1265.4,332.96
1258.2,953.09
1253.4,117.03
1259.3,665.09
1256.5,698
1265.6,732.06
1258.5,675
1258.9,845.95
1258.9,1156.1
1266.6,123.98
1284.1,931.02
1267.4,150.96
1267.9,702.53
1271,675.1
1301.8,248.55
1272.4,884.41
1271.3,1324.2
1272.5,209
1274,785.5
1277.3,9.5281
1278.1,86.535
1278,370
1284.3,27.955
1294.9,425.65
1280.5,650
1296.4,718.2
1282.4,743.47
1282,898.96
1298.9,1242.7
1286.8,976.21
1289.6,132.43
1283.9,203
1283.5,1225.5
1288.5,297
1293.6,773.51
1290.9,1143.5
1291,1067.5
1293.1,1018.1
1298.4,1167.4
1307.4,552.34
1300.8,992.93
1299.6,1014.6
1304.9,661.6
1313.2,1205.1
1306.2,27.804
1316.2,73.394
1312.3,1300.1
1312.9,979.79
1309.7,500.87
1315.7,129.99
1304.4,873.98
1306,92
1323.1,795.51
1306.5,820
1307.9,963.46
1307.9,1153.5
1321,347.86
1310,1329.6
1323.2,1098.1
1315.7,319.1
1321,1179.8
1314.3,427.82
1313,601.83
1316.9,1151.8
1318.2,1060.6
1318.9,524.45
1317,920.5
1318,1083
1323,1145.9
1323,1054.5
1324,37
1324,371.5
1324,580.04
1324.3,1032.9
1327.6,866.61
1328,1258
1328.4,7.7778
1328.9,913.03
1329.4,590.98
1329.6,954.21
1330.5,529.44
1330.7,158.59
1330.8,665.37
1330.6,991.07
1331.2,891.6
1331.5,846.5
