6.8267,627.35
5.2381,584.17
16.962,359.38
18.159,200.14
16.686,820.09
25.557,559.68
32.088,894.35
37.857,692.5
43.33,801.15
42.5,330
50.885,166.67
54.836,350.24
53.75,559.77
57.377,876.63
61.776,817.12
69.122,966.88
73.846,423.46
75.925,443.8
83.691,369.61
80.476,1195.3
88.58,744.06
87.219,632.92
86.358,268.36
86.367,848.53
101.37,406.04
99.5,923
100.08,1012.1
105.57,347.32
116.67,416.58
139.07,354.59
145.06,57.519
152.3,790.02
154.47,629.99
152.45,763.66
155.04,1122.5
161.58,931.89
166.95,155.53
172.06,516.96
175.03,637.39
178.64,377.4
176.18,750.94
179.57,1074.7
180.57,583.54
183.15,732.22
186.04,271.97
189.79,337.73
189.88,506.37
191.09,717.91
197.02,465.9
200.05,145.61
199.67,350.22
204.32,78.889
209.28,971.17
204.44,595.08
207.43,701.73
206.1,162.62
211.59,1186.8
210.62,1210.6
214.22,133.9
217.24,567.53
216.77,1092.7
222.51,1196.9
221.75,785
223.79,954.04
225,223.5
230.55,475.48
238.66,321.08
241.5,519
251.28,1197.5
256.08,664.25
257.85,330.57
264.96,980.57
268.03,553.17
269.76,339.59
274.8,648.93
274.85,1244.9
276.78,46.068
280.77,721.21
284.57,136.57
284.86,579.14
290.95,282.57
295.41,326.01
294.08,594.92
300.52,503.2
318.61,550.86
327.26,353.03
325.09,649.12
328.46,848.81
330.82,477.68
327.5,571
332.91,566.91
341.12,465.88
350.6,607.66
351.22,1110.6
354.77,647.51
358.26,375.54
361.96,582
381.58,63.059
386.39,719.89
389.07,869.05
389.5,454.5
391.26,565.12
394.91,88.909
398.53,444.95
404.9,404.87
411.22,97.375
414.93,1039.1
413.55,320.59
414.35,64.885
415.58,734.58
420,450
424.01,66.377
426.11,1206
424,876
427.93,930.27
430.87,439.43
439.38,547.38
443.06,301.7
446.2,873.2
448.81,66.407
449.95,950.17
455.23,1083.9
453.79,150.29
455.1,748.08
459.07,897.8
460.58,198.82
469.34,911.74
472.98,19.929
470.56,443.41
471.68,1059
478.48,529.71
482.52,729.44
487.74,1055.5
483.5,579
500.46,273.16
497.33,567.75
498.97,877.83
499.37,899.38
503.53,963.8
509.69,287.86
513.21,923.25
519.39,35.809
515.26,135.93
518.73,687.73
517,954.32
519.88,800.12
520.57,446.9
521.49,493.89
533.53,427.02
529.37,926.37
531,1202
530.09,1123.8
531,403.5
532.43,848.39
536.74,643.5
540.39,1006.3
547.67,307.12
548.62,8.4038
550.42,944.58
552.27,629.52
563.27,1234.3
557.39,698.18
569.06,12.523
573.06,960.41
573.76,1089.6
575.2,1149
573,639.25
575.36,37.727
580.53,56.12
585.85,4.5273
577.29,546.29
577.42,745.55
587.04,711.27
585.76,1217.7
594.51,984.56
587.85,69.175
588.87,870.68
592.46,107.2
599.04,861.33
600.91,1010.7
603.95,808.48
604,1213.5
606.5,997.5
614.29,358.55
616.12,216.88
616.54,753.92
617,1187.5
620.92,903.67
621.55,794.93
621.45,649.58
632,977
641.91,168.87
641.95,458.92
641.95,836.92
655.45,489.81
651.8,326.48
653.79,545.02
657.63,1226.8
654.94,821.65
657.76,865.56
659.86,698.75
661.19,663.97
668.97,1010.3
675.07,722.08
676.71,479.15
682.59,1024.1
684.67,130.44
683.88,521.88
686.36,1042
687.17,817
689.94,586.45
692.01,554.84
690.09,747.09
692.61,539.8
699.13,826.28
697.58,637.45
700.26,51.052
707.44,964.9
708.67,1243.4
706.35,810
712.75,562.56
716.2,415.11
715.02,1079.2
717.49,1113.7
720.71,523.89
720.94,986.87
725.86,655.35
724.08,684.44
727.72,1040.8
729.17,1055
737.7,918.93
737.84,379.06
738.08,662
739.14,410.77
739.47,536.85
741.93,7.4138
744.61,1175.1
747.45,1043.7
754.65,351.56
755.07,70.407
757,18
761.02,651.88
769.35,854.57
768.6,322.66
773.39,556.37
770.09,981.95
774.62,240.86
775.09,1115.7
773.07,1213.4
775.5,963.92
778.82,271.08
783.99,633.88
780.5,1236
788.15,999.22
785.09,1051.1
788.79,939.15
790.55,283.46
788.31,1183.4
797.3,55.786
793.16,781.81
795.5,812.5
797,726.5
800.5,603.5
808.5,683.5
807.78,767.1
811.71,898.77
810.34,532.38
811.77,56.1
816.09,491.09
819.83,943.85
819,961
831.72,223.05
833.64,357.08
837.63,1157.4
844.23,869.27
844.54,1087.7
865.89,1074.3
861.5,1144.5
871.67,478.8
885.5,804
890.39,589.28
888.59,295.61
890.18,719
894.53,774.5
894.18,471.8
893.29,1246.7
901.88,14.939
908.11,1108.4
912.9,303.69
911.5,939.5
917.21,286.34
917.56,69.919
915.5,437
923.63,548.14
923.12,1170.7
931,166.5
934.11,1000.3
936.6,1079.3
937.89,434.64
941.5,221.5
948.9,40.103
952.23,871.49
949.67,468
958.22,95.595
959.85,1240.4
966.58,42.5
964.98,131.92
965.56,974.05
964.42,307.11
970.6,355.07
969.73,474.17
967.37,695.37
974.42,155.46
976.2,729.04
973.55,682.42
974.32,1089.2
981.89,1229.3
985.06,428.91
990.94,122.03
993.82,77.5
1002.9,923.81
1000,1240
1001.4,1161.5
1004.6,1229.6
1015.2,1182.8
1019.5,9.4183
1018.8,604.79
1023.7,250.22
1021.1,855.28
1019.4,945.5
1021.6,493.72
1026.9,1013.9
1023.6,437.11
1031.3,289.25
1028.2,346.34
1034.8,1179.4
1029.2,926.43
1032.4,328.11
1036,303.43
1039.4,394.42
1037,701.33
1041,994.81
1045.3,1153
1045.6,345.39
1050.9,75.339
1065.1,1010.7
1054,987
1056.1,1159.8
1064.8,1093
1068.7,937.33
1067.2,1162.5
1074.4,961.03
1078.4,161.33
1077.3,1198
1083.1,1178.4
1082.3,653.32
1082.5,1159.5
1088.1,507.59
1090.2,868.01
1093.7,939.45
1087,528.16
1087.5,890
1099.9,446.1
1094,917.93
1097.4,93.424
1102.5,332.43
1107.9,1065.8
1106,1147.5
1118.2,625.66
1114,1023.5
1126.7,1038
1130.4,1189.4
1128.4,767.48
1130.1,783.7
1135.3,1142.9
1136.5,593.19
1135.5,406.85
1139.2,1231
1139.9,528.08
1139.8,939.26
1149.2,698.59
1143,212.5
1144.2,666.46
1150.1,111.08
1152.4,848.9
1155,725.94
1155.7,80.654
1154,1062.3
1158.4,353.82
1162.9,1130.4
1164,819.61
1171.9,433.8
1173.9,159.65
1173.4,739.86
1175,176.12
1177.6,539.07
1181.5,720.18
1187.6,604.18
1188.1,1125.5
1189,421
1202.8,721.95
1203.2,264.56
1207,958
1214,310.83
1211.1,260.26
1217.2,447.6
1219.3,239.77
1219.6,953.36
1220.3,105.53
1224.1,671.52
1236.3,241.92
1229.4,288.19
1233.5,889.06
1235.4,591.68
1234.4,41.656
1235.4,725.27
1238.7,261.53
1237.5,292
1238.5,829.5
1243.4,3.4516
1247.2,134.32
