4.9621,78.705
2.7576,653.42
46.548,31.436
18.696,660.67
25.945,104.57
35.122,680.46
58.586,717.33
65.407,861.07
105.14,211.16
142.19,355.87
119.14,618.81
143.96,758.73
123.86,176.86
129.75,146.17
157.85,555.86
165.59,803.72
143.64,207.51
165.1,141.01
170.12,42.088
188.49,137.84
187.66,577.73
206.25,365.04
249.9,1275.9
224.57,656.32
217.38,564.93
266.35,923.47
265.74,506.2
259.33,765.69
260.24,696.3
268.69,159.45
266.07,1291.5
277.24,773.53
274.11,978.58
274,1304.5
278.49,1075.7
292.59,839.48
323.96,1152.1
300.3,1054.6
293.57,771.76
303.93,656.08
300.37,388.11
302.07,149.41
319.6,926.46
312.72,323.03
312.77,382.57
312,776.5
315.37,852.5
327.05,149.29
331.49,823.83
329.41,339.34
326.6,664.4
362.55,290.25
349,467.5
357.79,638.9
350.5,381
362.34,780.37
372.46,399.15
400.11,757.15
380.68,1318.8
393.76,237.37
388.29,311.55
385.82,405.5
410.5,1304.4
438.28,709.59
424.74,36.772
446.01,1284.3
439.94,473.17
491.97,489.42
461.48,797.77
462.29,1291.9
472.76,706.78
492.65,1328.6
502.71,155.92
499.97,328.23
490.75,701.8
493.53,1080.6
502.24,51.817
513.52,536.5
518.49,96.662
522.75,780.49
525.79,22.902
537.6,5.95
602.23,868.16
553.86,482.45
560.2,578.85
571.77,286.06
576.41,632.36
577.78,1176.4
578.75,257.82
581.91,712.4
606.24,722.63
596.2,865.3
602,1146.7
606.11,1193.1
610.17,1115.7
631.09,740.33
656.44,514.73
656.27,1030.6
667.5,802.64
672.83,700.95
679.75,1034.6
697.61,1037.8
708.46,1162.2
722.7,1054.6
723.81,890.74
745.02,906.39
757.51,1053.1
799.75,928.34
772.54,1084.5
792,1060.3
784.6,724.53
797.15,1201.8
807.38,286.61
828.46,1080.7
848.84,267.64
862.38,1079.1
871.13,232.39
871.14,1180
883.89,1183.4
926.06,1072.9
988.15,557.12
994.02,506.22
991.12,430.89
993.43,491.55
1011.2,1091.6
1013.7,536.42
1022.3,484
1044.2,1168.8
1058,123.26
1061.6,926.65
1073.9,963.78
1084.2,1302.9
1080.2,848.76
1092.7,761.12
1091.1,528.71
1102.2,85.247
1108.3,564.8
1115,126.31
1118.9,1261.9
1125.4,716.98
1128.8,1292.9
1140,582.52
1147.8,51.511
1149.3,415.38
1151.3,1235.7
1162.4,1036.1
1167.6,1190.4
1181.7,678.79
1180,92.285
1172,848.9
1182,258.99
1180.5,1309
1182.2,1319.7
1186,54.924
1186.5,1232.6
1194,839.44
1217,451.69
1197.8,410.38
1198.8,641.56
1211.7,1217.1
1228.3,187.56
1223.8,918.19
1224.4,1238.4
1219.3,415.11
1234.5,104.59
1221.7,143.64
1230.5,722.86
1227.4,1183.9
1231.7,1195.8
1234.6,1261.7
1248.1,1297.3
1245.2,671.81
1251.2,454.66
1256,141.15
1254.4,696.87
1255.8,1179.4
1258.8,582.58
1289.8,494.7
1264,1195
1274.2,679.42
1296.7,965.31
1278.2,418.54
1285,588.37
1302.8,724.39
1305,672.5
1313.6,236.16
1323.2,218.98
1314,383.04
1321.6,1062.7
1324.8,992.36
1329.7,345.92
1330.3,273.31
