5.5,1214.5
22.548,1146.2
16.475,668.07
25.94,938.08
31.978,861.73
32.547,969.57
45.781,1152.6
46,564
57,932.14
82.792,907.05
100.5,899
107.11,489.86
109.47,1141.6
109.04,1202.2
115.55,508.43
113,553
121.69,536.35
119.44,115.92
135.91,910.16
137.44,688.9
135.09,1081.9
141.06,1012.2
145.36,1190.5
155.88,168.88
159,924
160.5,1225
172.04,940.06
171.36,799.03
186.5,1080.4
188.56,830.97
192.85,1230.6
192.91,514.09
193.37,1156.6
195.69,1107.9
201.6,507.85
202.61,881.66
206.58,600
207.46,485.93
207.27,1174.5
208,1155
222.55,1159.6
227.5,361.5
236.4,1136.9
239.04,1019.9
244.6,1042.9
250.97,1095.6
270,135.82
277.47,1115.6
275.81,946.93
280.38,495.85
284.64,706.97
285.71,509.5
289.62,803.08
290.64,676.11
292.93,466
294.47,603.62
300.16,102.77
318.86,1113.3
352,68
372.72,672.98
374.06,304.75
374.05,984.46
380.46,650.02
379.42,162.89
386.22,1094.3
389.12,764.2
399.37,1078
401.75,41.975
407.03,298
420.29,879.5
428.95,186.48
428.18,666.4
428.12,1000.3
428.34,1163.5
435,21.5
436.59,733.1
437.16,931.5
447.7,825.4
443,837
451.51,564.55
459.94,742.46
462.61,1074.1
468.07,777.47
485.08,1116.1
488.5,949.5
494.79,222.43
497.42,103.85
500.7,246.91
510.24,619.04
515.93,880.59
518.33,475.46
525.67,773.94
526.91,696.12
526.58,682.89
535.12,361.77
534,386.5
540.42,321.11
542.71,719.71
550.85,813.43
552.84,792.45
566.21,887.5
571.94,326.48
572.75,708.92
585.63,593.94
585,695
598.88,1032.8
596,579
601.02,1007.7
602.39,211.86
615,620
618.95,955.82
620.19,1245.1
623.47,321.85
624.48,659.07
632.26,118
638.88,65.553
638,1181.5
643.74,895.53
643.94,1245.1
657.68,856.98
659.51,232.82
664.14,1081.8
672.69,1161.6
675.5,71.5
690.24,1239.5
694.42,861.6
701.04,1240.4
708.86,42.256
711.49,128.83
714.19,94.071
725,377
728.18,507.94
732.65,997.5
736.58,751.55
741.78,683.81
753.34,30.426
764.41,722.24
767.98,876.86
769.56,1032.1
768.07,788.59
780.14,425.46
779.63,755.36
788.62,463.1
792.58,305.32
788.14,800.79
801.23,963.69
800,182.68
802.83,359
809.41,519.39
818.94,183.3
834.49,30.926
833.76,1176
838.42,714.1
839.54,1192
841.06,466.43
845.34,524.08
847.12,1056.7
849.58,484.42
851.27,666.41
853.67,1133.2
865.72,23.708
876.86,7.5972
874.97,680.59
889.5,149
899.66,100.53
902.34,309.43
900.45,274.29
903.38,800.93
900.71,899.45
917.95,469.65
918.85,915.46
928.6,73.643
932.39,123.75
931.2,228.91
938.21,782.65
943.66,1084.6
947.9,301.52
947.09,586.87
948.59,133
964.86,902.88
970.39,325.61
971.08,625.56
975.56,490.97
975.19,376.14
977.9,228.01
1002.5,371
1010.1,463.9
1012,101
1012.1,443.87
1019.1,241.43
1027.4,793.81
1032.8,206.33
1032.7,727.74
1032.5,480.5
1035.7,767.58
1034,708.5
1041.5,174.98
1044.8,816.3
1047.3,146.33
1048.5,572.58
1056.3,44.519
1055.6,901.36
1063,396.5
1081.8,21.504
1084.1,2.791
1079.1,286.91
1083.6,671.52
1083.4,216.89
1084.3,365.38
1093.7,333
1104.9,133.12
1107.9,1195.9
1111.9,932.9
1116.7,12.059
1118,531.75
1123.5,150.5
1125.9,34.195
1127.3,395.93
1132.1,7.9545
1134.4,49.861
1137.3,617.59
1143.5,646.1
1150.8,57.459
1152,720
1156,36
1156.8,123.51
1164.5,483.63
1166.1,46.906
1169,1132
1176.7,721.16
1179,14
1181.4,145.55
1196.9,30.925
1206.4,500.6
1207.1,963.97
1207.4,1085.4
1218.1,815.53
1220.6,1032.5
1219.7,54.4
1223,564
1232.9,68.881
1233.9,38.868
1245.7,16.352
