5,981.5
11.926,1182.4
35.07,838.47
36.157,955.07
42,1163.5
46.154,1212.5
53.06,1037
56.353,1104.7
78.309,6.9756
93.064,67.702
98.647,157.5
106.65,896.09
107.9,1119.8
115.31,302.03
127.55,219.26
129.82,255.12
127.95,1149.9
133.66,820
141.89,1002.8
148,841
148.14,1022.6
151.65,989
161.42,47.105
169.98,83.393
184.5,742
186.52,1043.4
190.61,524.86
194.94,243.76
196.86,409.96
199.56,1231.6
201.42,305.55
200.5,745.5
203.37,189.37
204.25,1063.8
208.36,171.04
211.68,896.22
224.69,1065
231.21,125.47
229,1141.7
245.04,72.185
252.91,891.91
266.57,219.88
266.58,288.11
275.67,1196.9
279.16,329.65
277.83,380
289.68,976.78
303.45,812.59
310.33,365.88
312.14,1028.9
324.29,183.13
330,449.25
330.58,1156.1
334.53,207.24
337.32,515.78
340.45,1174.6
341.8,356.56
346.5,73.5
352.31,1140.5
352.55,313.29
359.74,11.86
361.67,392.26
363.36,1111.5
373.71,1082.5
372.06,260.13
379.87,458.74
384.34,551.66
391.05,194.97
396,482.5
399.87,520.98
409.81,433.93
422.42,753.11
427,801.5
430.58,970.82
431.06,929.91
447.48,839.64
457.55,274.43
453,472.38
464.98,404.87
470.25,337.97
478.06,674.66
505.07,535.59
511.4,826.97
526.43,216.73
528.05,110.86
530.09,353.5
534.6,1071.3
546,172.75
546.78,672.9
546.71,23.29
552.28,131.98
567.62,480.96
575.42,899.89
582.46,152.4
586.58,543.55
589.42,530.11
601.76,318
606.31,491.48
606.34,404.47
607.93,1049.2
613.5,519.5
617.42,13.105
626.52,223.32
631.86,119.09
637.5,381.5
638.5,536.5
642.45,473.02
655.59,401.07
658.99,471.9
659.46,556.85
670.68,670.95
687.2,839.56
707.29,791.52
712.5,413.05
711.5,361
717.44,673.56
720.2,332.93
724.5,104
740.07,727.07
750.99,395.33
750.24,612.54
762.43,449.15
763.59,600.1
768.18,770.67
770.88,90.511
772.5,220
772,705.5
782.41,186.91
785,655.5
794.59,184.03
810.43,312.61
815.5,737
840.59,234.41
830.93,253.05
834.12,588.9
840.94,83.298
843.2,649.52
845.52,215.67
850.47,976.28
853,422
856.82,442.57
857.4,268.36
862.5,905.5
867.55,633.76
888.36,250.95
880.21,824.29
883.39,271.5
902.87,400.35
908.32,124.22
912.13,258.89
921.75,1234
926.76,705.76
928.85,147.4
928.98,823.11
930.5,321
933.93,1091.6
940,391.83
942.4,601.4
951.42,276.36
953.96,1164.7
978.93,910.09
988.09,50.459
986.81,644.74
989.19,809.87
989.5,757.5
1017.6,706
1042,861
1045,1030.7
1062.2,307.11
1066.6,947.52
1063.9,1075.1
1065.5,742
1068.6,1022.1
1072.7,817.16
1073,242
1093.5,318.19
1104,626.81
1103,853
1103.8,140
1105.7,572.47
1110.1,601.51
1108,998.5
1109.9,1120.2
1118.9,670.5
1121.1,1216.4
1129.3,1089.4
1131.1,11.857
1146,726.19
1157,803.83
1161.9,580.41
1167,1179
1175.9,729.28
1179.4,39.367
1180.4,601.96
1186.3,172.29
1190.6,719.84
1192.2,783
1210.4,610.82
1212.9,61.935
1227.6,175.02
1229.8,1094.7
1240,34.953
1241.2,1056.3
1245.4,899.01
