3.75,484.5
9.439,465.6
11.5,703.5
17.753,973.89
22.299,252.93
18.973,796.27
19.679,521
24.264,1036
38.253,234.59
39.162,417.94
43.576,60.576
50.975,997.46
53.433,105.82
52.95,1088.1
60.016,826.14
70.027,767.68
72.439,382.44
73.81,897.5
84.576,549.55
87.962,406.44
99.141,464.04
101,328.5
103,607
105.36,837.04
103,1092.8
111.24,575.67
111.62,452.3
110.52,742.97
113.46,261.94
113.1,367.84
117.48,401.69
123.08,662.59
135.15,1191.7
133.4,729.46
142.8,1152.6
146.3,381.42
145.9,769.54
147.64,77.202
150.42,968.58
153.86,1169.1
155.97,26.247
153.64,842.36
155.89,127.02
154.88,1100.9
160.81,519.53
163.59,718.58
161.61,869.14
162.42,372.11
166.37,107.67
166.08,451.54
165.63,1064.4
177.27,652.36
179.62,25.376
180.38,810.08
184.95,589.58
191.4,709.6
205.69,98.581
208.8,28.411
210.78,694.31
215.58,667.11
220.22,533.71
226.13,978.64
228.27,934.39
237.65,88.938
235.83,131.2
238.96,694.47
244,811
249.93,418.59
255.59,381.84
254.98,845.69
254.55,162.35
265.84,718.66
261.86,985.14
268.08,1050.6
272.06,1077.8
272.93,797.59
286.89,999.65
298.35,471.75
299.96,255.48
300.12,632.46
298.21,717.03
297.5,753.5
300.5,704.86
308.01,336.91
305.14,527.5
306.4,1046.4
314.5,306.5
318.28,922.12
319.92,360.8
318.61,691.86
320.05,87.273
319.98,765.5
323.04,677.54
331.84,1003.5
340.41,646.24
335.92,532.59
339.55,67.522
339.06,407.57
343.73,661.43
350.12,1204.2
346.83,444
350.93,245.14
351.51,1096.9
351.14,370.41
351.24,923.42
352.42,1027.4
361.19,1244.7
360.58,608.75
362.58,426.89
368.67,1052
376.24,483.05
373.86,431.3
375.13,503.44
376.01,525.93
374.37,906.52
380.88,1043.6
387.5,236.5
392.46,12.068
408.22,553.49
394,1180.7
396.13,111.02
395.42,446.55
397.5,544.5
401.06,627.76
399,946.5
405.98,116.22
408.43,980.45
409.78,1047.3
413.55,207.63
412.89,690.07
413.84,244.43
416.95,81.649
422.12,161.51
422.59,957.81
427.67,132.33
432.5,916.5
450.07,47.053
451.13,126.61
452.27,1067.2
450.93,580.41
459.87,256.16
460.51,274.43
458.1,653.14
466.52,434.07
475.88,763.94
483.36,35.434
500.91,739.49
496.48,464.3
501.6,282.58
517.35,729.33
513.53,37.284
512.64,648.81
513.07,349.41
514.91,593.91
516,853.33
532.02,957.31
537.13,716.92
536.67,23
538.5,670
544.1,535.12
545,299.67
547.15,734.95
550.59,499.24
553.12,523.88
563.01,968.46
564.18,31
584.53,509.71
576.47,555.5
576.71,656.21
574.45,478.47
587.84,222.57
595,532.63
593.98,961.85
596.41,556.66
598.09,62.034
601.47,613.72
625.63,533.93
615.19,119.14
617.31,409.76
628.19,620.12
628.82,993.57
631.44,890.92
638.56,1047.9
639.82,317.66
637.09,1143.1
641.74,226.45
655.24,724.59
656.29,456.96
654.67,1135
655.67,1236
662,811.5
665.53,542.05
666.44,910.67
686.67,618.38
685.67,38
694.61,56.137
695.18,750.8
698.84,1130
704.56,371.27
701.94,439.41
708.54,828.62
714.15,5.9038
718.56,922.9
718.68,695.61
723.91,153.09
729.97,784.06
733.4,698.89
740.18,1094.3
748.14,67.037
766.1,479.57
765.45,911.55
793.17,706.35
798.83,1015
803.97,657.31
807.53,677.66
809.86,342.41
815.47,524.55
818.95,1244.4
829.01,850.81
830.96,482.76
840.5,829.5
844.65,1186.7
847.5,1043.7
849.05,1242.3
862.83,690.54
865.09,107.83
869.74,649.65
871.49,191.21
873.5,132.31
872.41,496.27
875.57,957.51
873.05,383.08
872.5,120
878.45,895.03
885.08,714.92
899.45,1060.7
903.25,558.75
901.9,822.5
904.23,604.55
913.22,316.1
919.41,780.93
927.8,867.2
941.14,294.77
946.45,581.86
944.17,116
944.59,790.96
947.86,1134.2
947.33,4.7901
965.07,608.37
964.64,124.41
966.9,911.88
968.08,316.56
974.85,393.33
975.42,1026.9
980,373
985.19,25.292
985.82,960.85
985.57,1105.2
990.6,589.17
1000.7,1168.8
999.14,954
1009.9,575.41
1010,812.08
1015.8,381.6
1024,331.07
1032,223.74
1032.2,1142
1056.8,536.63
1058.5,827.05
1058.5,63.375
1065.5,212.5
1067.4,1164.6
1076.1,1042.6
1082.4,571.3
1092.7,906.55
1123.2,583.06
1122.4,810.14
1128,836.01
1140.4,159.2
1144.5,825.71
1150.2,507.18
1153.2,54.091
1156.5,261.29
1169.7,1070.1
1167.5,371.24
1167.6,968.86
1176.9,784.53
1178.7,1025.5
1178.8,1159.5
1186,713.5
1194.6,72.113
1204.5,190.35
1209,714.06
1208.9,906.13
1210.1,478.27
1210.9,595.61
1214.2,880.86
1218.6,1242.7
1232.2,320.25
1233.2,840.63
1246.5,1141.5
