5.4308,19.177
2.8718,30.821
4.7,50.4
5.814,232.36
11.257,266.49
4.088,304.73
5.876,337.47
7.1006,366.82
4.7424,567.03
3.3913,639.57
2.95,662.12
1.5,675
8.6974,701.62
2.4231,725.77
25.588,804.18
4.0563,856.37
14.979,885.09
3.4211,196.89
4.0741,597.74
36.639,184.75
7.5357,927.84
21.668,605.65
11.69,62.793
14.906,114.51
21.683,47.094
13.707,410.22
14.761,729.61
15.441,756.29
19.826,556.91
21.982,292.36
17,353
20,195.5
38.408,721.76
30.85,353.22
24,248
27.289,636.71
25,317
26.5,207
45.836,572.04
30.654,769.73
38.837,256.67
36.221,622.13
33.117,953.32
35.6,17.4
38.234,335.79
46.074,51.989
37.195,772.24
38.367,324.83
42.4,294.04
39,646
42.114,854.66
45.841,359.76
48.15,12.217
46.231,2.7308
53.435,608.3
47.448,316.41
48.105,381.58
50.568,768.7
73.324,986.27
76.172,356.58
52.1,622.95
55.75,90.821
53.579,783.11
61.766,909.32
63.258,413.75
67.29,862.99
64.512,296.48
68.546,65.691
61.593,937.04
73.031,824.83
64.826,663.2
65,612
67.862,722.64
70.418,152.51
77.819,254.02
93.881,385.68
80.351,138.47
74,636
81.504,109.81
76.487,206.23
80.563,725.02
78.467,100.57
85.121,916.66
78,638
84.116,610.88
83.219,34.625
82,61
82,643.5
84.412,694.41
102.36,654.92
85,862.5
88.256,61.769
94.308,833.08
95.189,127.26
97.776,24.918
97.462,317.18
97.95,613.1
98.4,778.6
100.07,937.89
100.71,36.235
106.51,135.61
104.44,920.07
105.5,308.74
113.12,1045.6
120.52,155.22
107.42,242.62
108.5,356
109,611
113.32,319.82
114.42,34.26
115.79,899.35
113.43,180.97
118.91,354.55
125.56,367.38
125.23,820.5
115.14,613.14
117.5,82
122.05,228.44
124.31,699.37
123.07,114.67
122.13,456.83
123.29,197.29
125.05,609.95
124.1,934.16
131.4,216.98
130.65,787.72
130.19,995.1
126.49,1084.9
131.08,904.97
126.5,1096.5
136.53,420.68
146.28,111.47
135.4,327.2
135.1,803.95
141.18,50.436
163.83,272.09
141.45,687.61
136,349
141.19,874.36
139.61,780.43
140.42,1004.4
140.71,162.29
147.77,449.7
142.05,739.9
146.9,914.8
141,1045
143,381.84
144.09,924.63
142,1038.5
149.67,1057.1
150.31,615.47
152.86,1.7143
158.28,754.13
152.55,49.387
153.64,200.64
153.5,878.5
167.8,366.97
166.74,468.74
155.5,600
190.03,1007.1
158.12,48.375
159.52,705.96
158.94,331.91
161.9,391.22
164.74,130.33
162.89,589.04
160,403
179.7,626.84
171.07,559.05
170.41,916.89
169.73,152.1
169.42,353.04
168.65,858.15
189.75,206.14
172.41,413.45
171.07,444.74
170,930.5
175.54,50.208
172.5,346
173.65,29.4
179.62,121.8
175.41,396.66
175,770
192.3,899
177.45,233.45
182.43,1027.4
179.41,925.94
180,818.5
190.97,808.5
183.42,56.895
185.13,77.13
196.44,781.53
190.59,696.7
187.34,336.62
189.82,968.39
191.49,1089.9
187,72
209.1,370.08
200.43,85.475
206.06,665.97
191.29,736.29
217.67,152.1
198.68,863.66
200.4,339.98
193.5,935
208.05,435.63
205.59,592.57
202.2,234.73
200.5,440.5
205.91,835.04
204,696
225.67,114.86
207.93,1043.3
219.11,276.83
207,646
208.46,744.54
211.03,705.8
211.31,794.21
212.58,821.28
211,1033
214.77,62
211,649
216.77,472.49
223.92,780.71
221.11,1075.3
218.5,617.36
216.64,637.79
217.28,647.38
228.27,338.77
218,94
218,341.5
221.17,949.63
219,86
225.06,1110.6
221.91,190.26
227.57,985.65
230.72,452.78
227,540
228.84,1154.5
228,544
237.47,407.3
234.39,830.48
237.83,1058.6
235.05,581.15
236.32,889.61
236.06,4.8611
243.78,325.51
239.82,671.64
236.6,756.4
245.31,249.74
237.4,293.4
238.19,427.06
237.82,930.46
246.64,438.92
239,21
241.35,865.88
252.91,466.45
242.67,1080.8
245.5,645.5
256.67,885.83
253.97,378.43
293.07,177.42
253.56,302.45
251.15,983.15
262.48,405.94
259.28,812.86
266.55,661.21
253.2,119.24
255.46,694.23
261.19,747.02
256.38,565.76
259.39,347.86
255.41,99.941
257.11,1065
257.41,508.94
259.23,75.077
259,1011.5
260.65,63.731
275.88,241.29
260.17,287
264.07,24.819
285.43,715.77
262.76,933.94
261,99
262.54,998.85
271.17,123.81
267.41,769.35
275.49,946.06
269.76,144.26
269,686
270.5,37
271.05,843.91
271.89,918.89
276.51,566.02
275.96,20.941
278.06,88.993
274.37,1046.5
290.27,595.64
281.64,391.11
280.13,49.051
281.64,58.976
285.9,353.74
282.2,985.03
281.65,114.27
281,743
283.79,142.95
291.11,441.12
290.35,476.37
282,879
286.46,314.44
285.57,773.71
284.6,824.6
292.5,566.18
285,874
287,204
286.43,794.39
288.16,818.76
289,260.5
292.35,875.33
329.04,955.73
291.88,106.12
291.2,367.1
290.5,493.5
327.68,63.946
300.23,343.25
293.39,750.57
304.78,403.2
303.12,815.47
295.17,932.67
302.69,241.81
298.72,1077.2
326.07,365
306.39,311.69
301.25,43.714
302.56,69.2
319.16,643.68
302.41,86.059
306.89,203.55
306.74,324.69
307,104.67
315.11,697.55
308.71,762.59
308,594.67
308.36,115.5
333.64,1026.4
320.18,2.819
310.5,332.61
314.42,881.08
311.1,196.86
312.82,526.74
313.5,483
322.39,814.82
329.57,567.89
315.64,901.05
400.18,324.34
319.99,537.32
320.11,1077
318.52,196.25
318.42,337.03
321,240.5
321.36,129.92
323.59,856.35
352.92,205.45
323.89,653.58
336.77,136.49
330.5,333.87
327.73,776.77
343.05,470.53
334.97,243.8
335.5,601
336,821.73
341.63,868.28
347.76,1202.8
340,597.5
340.8,694.44
353.54,1087.7
343.5,243.5
344,218.5
355.22,744.93
348.82,102.35
347,191.12
349.56,17.698
349.13,118.69
361.84,259.09
349.76,518.71
354.59,640.92
351.6,292.4
356.79,1158.9
358.79,362.7
358.55,381.15
357.22,1218.1
359.28,142.47
356.86,1176.8
364.6,84.199
358.04,926.54
359.27,42.769
360.61,103.55
360.67,287.19
360.13,714.39
363.99,347.86
361.05,613.68
366.02,63.5
363.4,97.6
364.75,674.83
364.89,850.84
369.49,771.66
366.3,490.94
370.72,1246
395.47,170.92
375.97,24.14
375.66,559.08
371.05,705.02
404.81,106.15
373.34,189.46
372.5,840
376.93,360.73
383.34,924.61
379.89,676.5
378.87,80.77
377,876.5
380.4,94.262
378.33,132
378.88,513.35
382.65,1120.1
381.36,892
386.33,65.586
383.54,967.08
383.5,249
483.61,287.34
387.71,830.34
386.96,714.88
385,877
389.05,698.37
387.42,609.11
387,873
390.81,1055.8
389.4,843.6
390.5,1004.5
410.13,40.014
392.58,221.35
395.95,1166.5
393.75,997.33
392.6,1117.4
429.72,661.41
394,281
406.2,1139.2
403.55,609.09
395.59,692.06
401.56,909.24
399.68,270.07
398.9,749.7
401.11,805.79
397,1015.3
398.85,1247
401.42,68.907
401.77,945.74
399.5,626.5
402.26,730.98
403.03,992.2
411.8,837.05
404.02,638.8
403.65,853.6
409.83,550.52
409.42,747.28
406.76,1066.9
407.47,591.53
407.45,1102.8
427.55,774.81
409,882.67
411.59,1091
417.5,718.06
409,788.5
414.67,1053.6
417.63,1162.3
419.21,912.63
423.92,996.53
419.33,309.12
417.74,871.84
424.1,118.85
418.12,858.62
419.51,937.47
421.84,969.06
422.41,546.08
419.44,628.4
423.28,192.15
428.65,591.15
423.5,1055
425,925.67
425,214.5
429.5,958
430,213.33
429,816.5
430.5,860
433.52,1024
433.02,1139.5
437.41,990.74
435.86,1037.2
442.51,41.3
436,211.5
437,218.14
445.27,1063.4
442.52,61.084
447.88,132.81
441.14,152.09
439.5,716.5
453.11,945.71
439,1011.5
443,612.45
443.11,982.11
454.75,81.456
476.41,182.88
452.56,1151.5
457.25,1032.7
448.5,225.09
449.42,599.11
457.99,844.08
451.3,1182.6
456.83,994.63
452,60
461.92,416.78
461.5,1119.6
456.5,1093
460.62,49.23
457.5,1222.5
463.16,690
462.5,602
469.23,770.34
463.08,885.56
471.77,1069.3
464.97,1104.1
465.71,136.57
465.12,1091.6
471.81,225.56
466.5,879.5
471.52,795.66
470.69,969.26
471.59,579.71
470.5,1042.5
475,140
480.98,866.56
478.49,1005.1
481.5,1229.4
519.93,59.364
483.14,416.87
481.21,672.62
478,815
478,819
483.91,141.58
479.5,299
480.4,1089.6
485.4,991.97
483.33,597.17
486.94,957.38
487.41,310.86
491.03,603.62
488.5,116
492.13,238.57
491.43,356.16
492.47,1049.4
491.94,1066.9
497.3,1030.9
489,1121
490,1214.5
493.14,1077.3
491.5,1136.5
491.29,1196.6
491.5,1247.5
493.74,706.74
496.15,1111.2
494.69,407.09
498.55,378.44
502.87,731.79
510.25,130.79
504.5,1204.7
501.38,1246.5
502.95,946.96
503.09,867.09
503.75,875.81
503.44,1056.2
542.25,216.37
505.08,659.44
504.58,1085.9
505.17,1097.7
506.85,1166.5
507,428.5
516.27,610.09
508,640
515.19,243.29
513,641.5
540.23,1087.6
515.14,1105.9
516.05,1059.1
518.21,1142.7
517.6,574.26
527.33,732.27
521.63,825.69
533.36,1035.8
534.44,860.47
522,962.68
533.01,784.17
524.64,1180.5
525.5,111
528.12,1012
527.39,420.57
528.3,692.35
528.5,350.5
534.13,191.83
536.84,454.88
556.27,1244.9
534.09,178.09
534.65,844.16
537.16,1183.6
534.6,714.4
534.5,804
540.51,819.94
539.62,109.12
545.82,84.583
538.95,535.9
551.41,596.06
541,198
542.43,357.29
541.33,1066
542,873
542.5,1051.5
545.44,178.72
543,527
549.32,745.12
544.96,879.44
548.79,463.02
551.14,363.98
551.16,263.34
555.51,334.67
551.13,721.04
549.88,897.77
563.7,419.37
554.33,181.25
555.67,661.23
555.69,941.62
557.8,875.98
558.78,480.51
555.67,617.83
559.9,347.05
561.64,363.41
560.21,965.69
567.04,624.62
563.82,848.44
561,527
568.96,707.1
578.87,752.05
566.09,684.66
566.2,97.5
570.36,106.56
569.41,514.86
587.78,572.27
568,594
570.45,836.74
573.6,637.65
573.12,928.5
572,1005
578.45,1137.9
574,501.5
585.34,891.71
573,970
573.33,1107
581.04,1221.3
575.19,84.081
574.58,670.11
622.17,986.08
578.47,1066.3
599.57,325.4
575.5,682.5
590.67,805.08
576.09,949.65
580.6,36.6
584.95,497.44
580,548
582.5,671.5
584.4,90.6
586.2,1244.7
586.2,383.84
589.41,863.59
593.79,1064.3
598.13,1122.1
589.48,544.71
611.06,626.74
590.29,701.5
591.4,807.6
596.25,838
611.08,43.447
599.98,427.25
598.38,1041.5
595,265.5
596.95,259.95
598.38,663.91
603.21,943.94
603.62,226.43
600.97,859.53
601.41,697.62
604,407.29
601.4,670.6
603,1168.5
604.58,253.85
612.39,276.54
604.63,653.27
604.23,1113.7
608.38,1239.3
614.81,392.07
613.35,1094.2
608.95,466.02
608.67,1129.8
614.71,531.41
613.72,665.71
612.5,561.14
618.02,454.7
615.81,915.71
629.38,801.75
616,863
616.85,1131.3
618.39,1191.1
623.8,875.51
637.04,230.4
637.15,569.89
620.42,731.11
622.98,943.46
623.22,858
623.09,658.77
624.64,243.5
634.43,1217.1
628.13,694.76
633.49,1140.9
630.3,363.51
627,895
631.61,205.86
632.93,656.33
631.85,926.25
631,1150
642.09,880.34
636.38,394.16
635.87,715.48
663.74,249.19
661.48,117.96
641.05,177.06
636.76,385.65
639.97,211.86
640.09,327.02
640.29,934.87
648.72,686.8
644.24,378.75
646.25,770.88
651.53,1203.6
643.5,128
644,202.67
645.58,853.25
643.4,1157.4
649.46,401.61
651.86,1163.4
648,896.33
651.36,135.25
655.92,172.78
651.5,207.5
651.5,539
661.08,67.585
654.42,308.42
662.35,912.62
657.96,510.82
656.47,758.19
656.93,187.74
659.8,720.59
659.36,420.11
659.91,643.85
658.89,205.42
659,407.5
666.94,278.73
661.7,1231.8
675.08,338.67
666.52,876.33
661,998.5
671.42,549.84
667.84,1174
667.36,369.43
675.64,504.11
685.34,195.06
668,741.5
668,1034.5
684.94,569.2
675.76,1139.3
674.17,163.19
675.87,381.84
692.97,406.81
683.95,1165.7
674,1245.3
674,995
677.92,644.29
694.5,431.34
681.67,702.16
690.96,1113.1
684.46,1035.8
681.34,59.195
701.46,113.59
681.65,749.27
686.62,388.11
684.57,637.61
688.28,816.7
690.36,684.79
686.92,1000.2
699.93,749.75
691,71.5
690,723
697.51,938.48
693.72,16.283
700.19,850.17
703.19,277.24
705.17,724.69
700.36,1011.3
702.94,1060.8
695.35,90.6
696.69,226.4
713.15,67.846
697,373.5
713.3,783.47
697,1031
704.04,1231
701.95,145.79
704.12,1191.2
700.81,292
700.5,694.5
700.83,1099.3
704.78,243.76
704.22,493.92
705.06,676.16
709.38,1122.1
708.5,225
708,1139.5
709,158.17
754.1,173.98
710.59,704.56
718.12,324.64
718.49,654.41
726.21,962.48
723.07,91.099
715.68,902.76
729.33,379.52
717.74,1039.8
716.66,1194.1
718.5,359.5
717,1061
741.87,681.93
728.05,828.53
721,1097.6
721.55,606.76
721.64,168.12
722.77,907.89
730.96,1046.6
721.36,1167.3
727.3,362.38
734.62,1217.7
734.62,717.16
727.27,565.93
728,903.5
730.31,981.5
729.49,1086.4
730.45,991.55
732.29,168.82
744.42,235.3
731.77,422.5
731.67,742
733.94,129.41
761.42,304.72
733.98,495.72
736.04,910
737,151.33
737.4,361.35
742.59,546.34
752.97,1072.5
738.18,1150.3
739.08,1160.8
739.56,394.32
738,743.5
742.95,1011.1
748.57,778.97
741,850.5
743.03,989.13
760.43,620.15
761.88,736.28
755.26,74.661
745.67,735.18
744,951
751.36,1242.2
745.96,124.85
747,649.5
747.5,1032.5
753.52,807.66
753.21,534.4
758.93,959.57
754.64,1113.3
759.88,1145
755.15,584.91
762.64,997.69
760.67,847.89
757.16,912.77
760.84,576.21
772.28,1044.4
764.36,821.87
767.75,974.72
768.65,500.94
763,860.5
775.45,395.03
767.38,1024.9
767.1,4.6774
767.24,122.32
784.63,436.83
765,866
772.14,1208.1
769.5,201.08
769.57,225.89
770.66,415.79
770.09,562.31
766.5,670.5
767.41,1245.4
770.5,698
795.85,785.45
772.56,1235.1
789.94,221.83
775.35,1158.1
784.92,253.29
775.87,859.23
779.84,534.23
779.8,114
780.51,589.48
783.82,521.22
796.52,679.39
828.97,196.98
782.89,1191.5
786.32,507.12
785.06,237.35
790.29,543.86
791.4,614.35
790.35,345.71
798.04,1016.3
791.11,1059.9
799.96,165.29
790.5,324
800.92,877.61
793.87,175.87
793.14,404.5
792,448
794.57,730.8
792.57,743.43
798.02,849.27
806.89,1151.7
794.89,1090.6
794.89,1182.6
797.98,1224.4
803.34,294
805.3,363.18
801.73,1073.5
807.63,596.74
810.55,716.55
804,1176.9
805.69,696.45
805.5,751
806.4,423.4
811.55,541.88
820.43,397.93
809.28,497.53
809.77,566.83
817.39,973.89
812.02,1102.6
812.43,1192.5
832.25,134.56
818.06,1041.6
809,1199.5
811,955
811,825
815,163.29
814.1,733.16
830.49,862.54
814.5,1201
820.2,242.88
815,1121
818.43,416.7
819.46,683.51
821.73,817.53
817.5,1054.5
819.36,305.82
825.04,1222.7
819.4,749.6
820,798
820.5,1083.5
832.41,513.8
823.67,341
839.02,575.14
825,294
826.91,354.81
858.66,361.04
831.97,756.14
829.49,776.73
828,1246
827.5,474.5
837.09,665.06
849.42,326.89
832,798
832.56,1128.2
863.27,455.31
838.3,705.47
836.04,988.64
847.07,1088.7
834,248.5
837.9,1112
845.2,638.18
838.65,167.52
841.24,1162.3
841.41,429.94
846.59,977.73
841.33,1245.2
856.02,834.57
844.71,1009.3
849.18,47.761
855.09,795.19
848.34,554.62
848.95,1239.3
848.42,619.89
849.5,1164
850.29,865.43
863.24,911.4
855.75,1027.6
861.35,1219.2
858.94,710.29
855.33,874
856.58,879.89
866.26,968.3
860.89,1144.2
857.5,986.5
875.03,1053.5
859.17,759
871.34,594.3
861,612
862.09,947.05
865.23,116.57
867.89,573.17
862.5,1088
863.88,621.79
865,331.33
865,940.5
914.4,522.82
882.5,764.85
867,435.5
876.49,814.02
871.02,883.03
869.64,998.75
877.24,1093.8
886.12,87.177
869,233.33
875.99,1244.1
870.5,620
873.59,934.22
889.7,302.88
873.83,738
875.09,846.57
873.64,1135
876.59,486.06
879.37,677.1
877.19,716
880.36,1137.2
883,725
883.27,927.55
889.09,369.75
892.16,574.48
906.63,1005.7
888.55,1188.5
887.78,603.33
894.41,817.01
888.5,1076
918.16,354.46
894.53,634.47
890.5,937
906.85,552.5
894.33,612
904.59,850.33
896.95,471.42
895.92,1042.2
895,1072
898.89,1062.4
904.53,141.19
899,580
923.54,289.28
903.22,435.98
904.06,503.81
927.03,603.58
907.08,666.06
908.17,745.4
935.92,1195.6
914.37,69.063
920.55,1111
908.4,1137.3
912.76,107.59
939.28,416.67
968.31,461.35
916.58,376.97
910.16,638.89
915.73,696.44
923.42,950.68
917.46,973.27
920.47,145.35
914.15,400.02
911.26,777
915.79,317.04
915.35,628
916.42,481.11
917.33,266
929.11,820.92
924.26,1242.1
920,808
947.1,539.61
925.91,648.76
925.33,847.36
927.32,707.87
952.26,758.39
927.44,931.96
926,663.5
935.12,376.25
950.59,672.92
937.41,915.06
934.68,1036.3
947.15,862.56
947.18,92.36
936.6,331.33
936.59,715.34
953.35,987.97
941.12,965.65
945.54,1120.6
942.94,1148.3
945.94,1231.5
944.56,126.32
965.54,145.49
966.4,815.85
943,975
944.5,732
948,624.5
949.05,1079.1
952,791
953.38,341.07
954.24,944.19
957,301.5
961.79,599.58
958.19,625.53
964.72,641.27
957.41,884.04
979.99,1234.4
958.4,374.6
960.5,357.65
977.86,712.59
961,341
964.25,1148.1
984.91,1070.9
975.15,949.78
968.52,241.11
967.5,316
983.76,106.98
985.45,382.75
971,492.88
970.4,1162.4
975.19,422.84
975.08,897.52
981.04,332.17
974.89,319.93
975.32,608.36
974.33,657.33
976.4,664.6
976.57,688
1004.8,1187
977,516
977.89,616.42
983.16,854.54
982.05,525.47
986.7,749.83
982.01,837.78
980.17,485
980.6,322.4
989.19,1157.3
987.44,215.05
992.76,788.42
990.72,1133.5
988.79,689.24
986.48,767.8
987.72,403.4
983.85,575.61
987,446
1002.5,920.24
989,898.5
993.23,413.2
992.33,1101
995.29,948.37
998.15,966.45
996.77,292.32
995.12,1113.5
997.33,230.67
1004.3,667.41
1001.7,724.26
1000.3,894.58
998.31,541.21
998.42,637.42
998.44,813.33
1007.2,207.69
999.68,343.24
1008.2,840.11
1002.3,423
1008.8,741.87
1004.8,124.44
1004,404.5
1010.4,1125.5
1010.2,142.98
1017.1,304.22
1012.1,352.46
1007.7,420.83
1009.4,856.84
1007.6,993.89
1021.2,882.34
1010.3,941.64
1036.8,547.62
1010.9,582.85
1012,639.94
1019.2,1012.2
1017.3,773.55
1014.7,973.02
1014,600
1016.5,1244.1
1017,230
1022.3,576.6
1018,600
1019.6,726.5
1021.1,1114.5
1041.7,1141.7
1031.3,1087.2
1101,328.84
1029.8,593.08
1023.5,944
1055.2,464.01
1026.1,625
1025.6,810.5
1057.7,242.16
1026.1,523
1025,728
1028.6,1210
1036.6,1242.7
1030,201
1040.8,214.72
1043.5,611.98
1043.9,643.06
1045,133.12
1039.8,1212
1041.8,743.45
1039.5,759.89
1062.6,834.75
1039.5,1041
1041,998.6
1045.9,1025.2
1066.2,890.35
1048.8,1105.5
1047.7,830.7
1058.4,1049.6
1051.3,726.36
1055.2,578.77
1049,757.6
1057.8,950.18
1068.6,1176.8
1050.5,688
1054,694.5
1057.3,764.77
1060.5,374
1063.3,503.27
1062.4,219.66
1075.7,179.61
1063,318
1064,1059
1074.2,1241
1068.1,619.65
1069.1,936.28
1070.3,762.51
1069,319
1074.7,507.4
1074.6,1078.2
1072.7,952.83
1074.3,272.11
1073.4,655.11
1074.5,862
1079.4,557.47
1076.5,311.5
1084.9,537.51
1084.3,785.25
1078.1,1124.8
1082.5,605.57
1079.5,649.18
1088,1205.1
1081.9,678.56
1084.2,720.25
1086.2,1141.9
1101.5,763.84
1096.2,919.85
1088,455
1089.2,1127.2
1090,443
1094.7,492.08
1095.2,725.53
1097.9,1058.6
1097.2,185.26
1100.8,644.11
1097.1,520.14
1102.1,569.41
1097.6,612.89
1098.5,707.5
1102.7,939.63
1101.7,1188.3
1101.9,258.83
1105.3,865.54
1108.3,1229.5
1119.7,517.13
1110.6,673.07
1106.4,689.94
1110.9,307.31
1113.1,442.38
1111.8,1111.9
1114.5,198.85
1109.6,254.06
1109,633
1165.1,725.94
1128.1,902.77
1142.7,972.46
1117,249
1159.8,421.23
1119,239
1136.9,554.6
1126,836.66
1128.3,1006.2
1122.2,1098.7
1123.2,1182
1121.5,625.5
1131.2,1081.7
1122.6,425.6
1122,789
1139.5,215.45
1124.5,793.5
1151.5,1205.9
1128.7,979.25
1138.8,1131.8
1146.6,594.52
1134.7,1245.8
1135.9,790.66
1140.1,519.25
1139,624
1182.7,625.9
1159.1,485.38
1144.9,185.45
1142,1175
1146.6,795.38
1144,1069.4
1145,1179.5
1150,357.11
1153.2,382.45
1151,257.5
1167.2,1045.7
1153,873.81
1153.5,190.5
1157.9,531.73
1154.5,1176
1202.2,157.62
1163.8,290.79
1159.1,374.34
1158.7,1035
1159,614.45
1158.9,1221.8
1166.4,848.61
1161.8,1240.6
1163.5,239.86
1169.1,360.6
1164,767.83
1165.5,823.56
1166.1,898.67
1173.3,412.21
1171.8,601.53
1177.9,574.54
1182.5,884.96
1190.5,291.6
1192.7,542.86
1177.7,1019
1181.2,280.8
1185.7,808.71
1189.3,1008.1
1192,828.16
1185.5,1238.6
1184.8,1219.3
1196,358.04
1198.9,495.18
1191.3,682.31
1186.9,527.65
1189.1,210.7
1190.2,1150.8
1192.4,892.8
1194.6,948.36
1192.1,975.55
1197.4,271.78
1193,1173
1212.2,182.74
1194,473
1199.7,564.15
1200.4,1218.8
1197.9,481.58
1198.4,956.6
1215.9,995.6
1203.8,1169.4
1206.8,917.9
1204.8,687.84
1204,214.5
1207.6,512.66
1204.5,586
1215.2,796.53
1205.1,1191
1208.2,453.91
1209.1,670.38
1211.8,295.51
1210.1,1180.5
1211.3,322.31
1216.1,893.21
1215.9,958.55
1214.9,1143.5
1215.6,254.03
1215.6,727.6
1217,1121.5
1218.1,1245.9
1218.6,690.94
1223.8,716.63
1219.3,1076.1
1227,1092.3
1220,411.5
1221,968
1206.7,1047.3
1223.5,266
1227.7,293.36
1237.9,474.93
1238.2,634.01
1232.1,669.35
1228.1,696.96
1227.7,920.98
1224.3,1015.7
1229,360.89
1233.4,1245.5
1237.1,533.65
1226,897
1227,284
1233.6,208.57
1237,965.01
1238.9,445.23
1240.7,841.36
1240.2,880.52
1236.5,257.75
1240.8,379.93
1233.7,1192.2
1237.6,1064.4
1235.5,1209.1
1241.5,200.4
1236.5,240.42
1242.3,786.89
1242.1,1158.2
1239.7,979.76
1243.9,402.01
1241.4,344.72
1243,414.69
1245.1,706.56
1244.1,281.55
1245.5,178.18
1245.4,295.9
1245,505.08
1245.5,1211.3
1246.5,597.49
1246,560.96
1244.2,572.01
1246.5,1240.2
1247.5,738.5
1247.5,766
1247.5,1076.5
