5.6343,745.76
2.3143,1168.2
8.4259,872.28
12.072,609.53
12.5,294.79
18.048,962.4
20.31,843.51
23.975,815.29
28.43,277.67
30.408,542.66
28.913,636.59
30.353,330.5
40.737,1098.6
43.218,939.16
46.075,1054
53.323,1197.3
57.53,559
56.857,987.25
57.133,698.08
55.265,1103
63.846,1242.5
65.633,175.63
73.107,1246.9
79.436,1100.8
95.805,389.55
93,1003.5
100.09,507.23
102.62,784.7
113.42,714.42
119.15,791.79
120.66,123.04
120.6,1047.1
123.16,230.5
126.19,1061.7
129.45,274.29
133.17,607.65
136.27,1183.6
138,1074.5
142.75,375.54
152.39,149.32
160.99,386.29
167.48,833.07
171.02,1085.4
184.32,725.5
189.18,3.2653
194.7,374.84
196.37,906.07
196.75,970.9
205.34,1016
210,368
211.68,413.66
215.5,473.71
219.86,597.77
220.36,64.333
225.29,764.68
224.18,341.33
222.42,391.89
226.5,845
232.48,720.65
240.18,1139.6
247.59,969.27
252.01,433.26
252.47,463.16
254.52,1151.1
260.07,637.59
260.44,826.56
265.46,1102.3
269.16,1230.4
270.33,220.24
271.17,569.05
271,636
277.27,1200.8
286.44,296.62
291.12,687.42
292.2,505.29
294,36
302.85,604.58
313.18,558.98
320.85,50.146
322.13,469.91
323.29,151.48
323.5,988.71
328.31,1019.5
328.5,137
331.42,488.75
333.27,530.61
339.1,969.15
341.95,804.85
345.31,137.32
345.66,840.9
348.35,1030.4
346.98,6.8312
344.56,1066.8
348.94,701.58
349.26,277.85
357.45,1058.7
363,1230.8
368.6,1166.7
368.08,651.29
371.39,338.18
373.35,457.48
382.34,899.41
380.56,851.8
384.09,1021.9
392.09,320.91
395.99,782.94
402.06,213.63
400.22,1119.1
402.71,614.96
402.13,329.52
411.09,551.86
405.18,284.98
404.3,259.22
408.08,107.24
416.8,848.04
419.63,591.87
418.5,625.5
422.47,1163.5
422.56,457.08
424.8,869.85
426.44,208.64
428.49,402.24
430.01,266.3
433.7,696.75
432,718.65
431.5,1237.5
438.63,232.37
440.45,646.59
451.61,307.31
449.41,503.07
451.48,862.63
452.53,896
473.56,1133
480.62,721.97
485.16,49.208
484.12,510.63
497.58,972.59
490.46,905.22
501.68,865.11
499.76,612.97
499.78,579.53
500,391.5
507.88,820.55
509.91,689.66
513.57,248.44
513.54,535.92
518.51,730.83
518.46,351.44
522.13,952.99
523.96,1088
523.03,51.05
524.4,1224.8
525.92,449.92
529,1013.7
533.56,674.67
536.5,523
542.53,115.59
545.63,971.01
552.08,683.12
554.54,130.69
559.08,202.92
563.11,17.5
574.21,982.14
574,146.76
572.91,429.91
576.9,437.62
587.25,262.24
587,63.5
595.03,1057.6
595.04,848.69
599.5,575.59
601.45,821.66
600.82,1150.8
605.97,636.29
608.24,1096.9
607.58,166.45
611.1,306.1
613.68,850.17
613.75,112.11
620.58,347.89
625.47,818.9
624.61,1129.6
635.5,1194
640.21,197.46
640.53,715.81
641.17,1010
641.93,449.26
649.37,226.51
647.81,662.46
653.89,67.23
660.01,332.14
661.56,904.54
663.61,991.14
669.1,1181.2
670.96,90.923
672.54,983.25
671,553.5
671,574.83
671.58,1006.9
676.12,104.12
678,179.17
678.93,545.41
685.39,53.778
692.22,221.42
696.81,758.95
696.56,912.56
696.2,1217.4
702.93,28.067
714.21,916
720.52,289.61
717.14,99.296
715,234.33
716.92,984.4
720.18,1120.5
723.88,531.73
720,619.86
725.02,157.35
725.45,316.58
733.92,677.94
732,108
734.99,15.147
735.95,872.07
737.19,1061.9
757,260.68
761.95,974.54
770.9,6.4677
763.9,146.38
765.67,913.83
773.91,1210.1
777.19,941.19
778.4,1018.6
779.5,1090.7
786.01,233.73
781.15,736.77
783.44,913.32
787.53,416.12
787.98,1216.9
790.61,965.23
790.5,284
794.61,103.14
799.89,321.42
805.59,598.94
813.68,732.78
816.46,932.29
817.01,124.09
819.88,547.36
823.75,627.42
822.87,344.81
823.84,816.57
828.11,958.37
827.5,400
834.7,1224.6
834.24,95.222
840.13,63.326
835.42,258.11
843.22,1074.1
845.73,487.04
849.03,640.22
852.88,677.91
853.57,1181
853.89,318.66
854.44,741.08
856.5,1103
863.71,119.5
861,1167
866.9,935.62
865,739
871,355
878.04,606.13
876.7,793.79
880.41,59.212
878.5,850
891.16,430.1
891.25,1233.5
891.5,660
893.38,329.54
899.02,1032
898.5,188.5
906.23,676.38
905.08,308.52
907.1,727.42
908.15,1051
909.99,292.23
906.67,1163
933.29,574.57
932.87,197.67
941.46,872.66
942.66,901.41
942.55,74.769
958.73,20.73
958.64,243.8
956.45,376.45
959.81,431
968.47,271.51
976.29,852.96
984.37,1152.1
985.75,936.04
992.29,759.4
988.3,1238.4
995.24,236.24
1002.3,375.49
1006.5,436.64
1004,654.44
1011.1,278.51
1012.4,1085.9
1015.3,390.93
1018,695.91
1017.9,1182.9
1021,196.12
1019.9,869.09
1024.6,635.14
1025.6,1130.9
1029.5,924.41
1033,1230.9
1040.1,1057.6
1042.3,33.808
1055.4,123.78
1054.9,760.97
1061.1,63.513
1058,858.78
1061.5,224.52
1068,801.88
1071.4,532.49
1078.7,1236.6
1079.1,809.68
1083.5,1061.3
1088.6,446.5
1089.3,288.32
1091,544.6
1085.4,1122.1
1094.2,1036.6
1093.1,216.15
1106.1,649.95
1109.2,721.02
1108.3,866.38
1109.9,496.91
1115,428.09
1118.6,731.92
1125,1016.2
1131.6,821.47
1129.8,509.1
1134.9,583.43
1136.1,137.68
1139,432.86
1139.1,250.43
1142.9,1085.2
1150.5,809.21
1156.7,379.72
1153.6,578.89
1153.7,273.3
1158.8,1134.1
1160.8,210.86
1159.5,540.3
1160.6,23.923
1162.2,641.04
1163.9,680.88
1170.1,692.59
1172.5,1211.6
1174.7,1178.7
1177.2,84.068
1182.4,146.53
1182,754.88
1182.6,779.5
1187.5,508.5
1188.6,766.32
1193.1,939.78
1193,631.18
1203.7,254.5
1199.3,357.08
1207.6,684.11
1207.7,867.33
1210.4,1014.7
1221,22.621
1217.8,431.27
1217.2,771.4
1220.9,366.65
1222.6,112.05
1233.9,1040.6
1238.6,744.5
1241.9,164.42
1244.3,666.63
1246.4,639.67
