2.8571,633.5
8.0233,4.4884
7.8611,808.61
16.424,118.58
23.095,1122.6
24.421,532.89
26.676,513.78
31.059,279.47
32.506,776.99
39.884,29.116
46.469,1236.7
53.33,1162.4
56,571.76
58.235,1111.2
66.424,281.09
75.444,556.93
80.138,230.04
80.453,1126.5
82.579,1026.9
93.492,417.8
96.564,1108.9
99.348,803.27
109.98,1002.3
110.38,504.97
107.92,473.92
111.85,130.8
112.63,156.63
136.04,724.34
146.76,222.29
155,726.91
160,871.5
161.82,894.16
160.58,613.42
172.42,902.7
176.43,822.16
182.34,874.38
185.21,30.587
185.5,1072.9
189.3,248.08
190.73,658.06
190,354
200.52,1033.8
213.95,562.62
219.64,208.78
223.96,316.1
224.12,176.95
223.64,722.85
227.57,85.983
226.98,250.52
229.04,582.68
229.12,976.37
233.71,194.29
234.95,669
235.22,1004.6
239.39,1211
236.92,547.92
251.9,120.83
247.5,401.5
251.39,681.82
252.5,1134.1
270.5,331.05
270.87,112.52
279.85,884.07
290.67,1122.2
289,239.5
290.15,726.65
297.71,212.08
299.83,167.24
300.27,1142.6
304.42,76.895
305.43,492.57
308.75,328.59
307.52,956.57
307.24,57.512
313.06,644.27
309.37,1168.1
309.17,567
313.19,34.397
312.42,946.89
313.88,11.654
318.12,678.6
318.44,171.05
319.21,127.5
318.17,630.87
326.16,19.916
324,1079.7
329.48,1132.7
337.57,918.04
333.37,980.37
338.6,447.89
337.45,835.71
340.73,43.589
339.5,576.5
340.14,1123.2
344.12,864.02
343.58,1001.9
347,76.116
354,467.5
359.25,549.69
365.5,1136
368.38,16.757
368.12,1231.3
371.11,112.42
372.93,1001.8
379.69,85.226
385,658
385.5,48.861
386.71,954.29
392.44,224.87
393.68,174.15
394.53,308.54
396.39,1176.2
396.03,427.56
411.5,658
415.73,808.65
417.32,926.64
426.39,1139.1
427.52,1122.4
427.63,716.56
433.04,1203.4
439,289.5
454.53,149.04
454.22,991.78
458.07,166.41
471.58,766.92
480.64,1013.6
474.08,1078.6
489.58,238.45
492.89,2.7368
492.96,771.55
494.91,849.24
502.3,1183.6
519.78,526.98
526.18,431.33
524.79,1080.5
524.5,673.5
529.19,655.26
531.67,13.375
534.08,1066.5
540.39,796.42
538.43,1015.3
539.44,603.08
540.93,283.59
552.94,221.26
550.66,1228.5
554.13,367.44
556.59,138.22
557.31,71.897
561.93,710.53
561.59,470.07
564.32,1089.6
567.33,1223.7
568.9,314.6
572.98,371.88
575.91,593.09
581.69,59.521
591.97,636.56
593.86,839.86
601.51,512.18
606,185.3
605.5,597.5
614.74,535.13
623.8,900.22
625.02,557.02
626.08,974.96
631.15,1.95
635.72,1182.1
642.02,36.878
646.21,126.89
652.74,501.69
654,715.65
656.54,817.22
664.91,1246.3
675.02,515.7
691.08,891.04
691.17,161.3
694,205
697.63,1172.6
700.48,503.29
703.05,1136.9
707.52,1203.9
711.38,387.66
710.56,1093.9
711.44,168.08
712.95,500.21
715.65,760.45
728.59,83.037
735.17,1138.1
740.36,113.72
753.39,789.31
756.57,181.71
758.82,1084.3
764.5,822.29
772.5,792
778.44,407.08
782.85,1193.5
795.7,647.75
810.37,1133.7
819.65,377.95
818.95,462.07
825,744.5
828.65,753.63
833.06,862.96
838.26,362.95
840.56,958.12
840.66,886.53
848.07,428.59
851.53,181.89
859.85,677.03
858.5,818.44
860.52,475.27
862.11,103.58
876.79,190.5
904.23,263.31
900.83,543.42
908.06,558.53
911.63,764.67
913.69,293.83
917.69,830.48
920,418
923.6,453.64
927.27,618.61
929,280
928.83,1185
941.17,264
957.74,365.55
962.42,1236.9
968.88,1170.3
970.16,682.93
974.01,271.55
980,314.27
982,831.32
984.5,611.56
988.78,190.56
991.77,103.61
993.48,717.63
999.93,341.95
1000.4,613.11
1003.2,562.87
1008.6,1215.4
1015.9,161.58
1014.2,113.29
1010.5,1180.5
1013.5,536.45
1014.4,1199
1022.1,1237.3
1027.7,541.31
1022.4,494.42
1028.9,1209.6
1033.6,639.26
1041,757.44
1041.6,893.86
1049.2,400.92
1052.5,1056.9
1058.1,863.45
1065.3,550.08
1063.5,814.5
1067.8,684.77
1073.3,947
1076.7,783.68
1079.5,897.01
1094.1,154.17
1099.9,725.59
1107.2,882.84
1113.3,826.07
1119.4,654.25
1121.4,521.35
1121.5,1160.5
1123.6,472.4
1131.1,486.24
1134.3,446.9
1136.4,4.5875
1139.5,35.368
1137.6,607.04
1139.4,323.86
1141.1,853.59
1145.9,797.86
1147.8,1058.6
1148.9,726.18
1152.9,271.66
1152.7,512.36
1154.9,401.39
1164.3,649.8
1164.8,52.742
1163.1,863.09
1172.9,188.97
1168.9,144.3
1169.3,493.77
1170,108.5
1172.5,376.5
1174.8,398.93
1184,359.07
1184.4,290.42
1188.9,141.78
1191.4,451.09
1189,506.59
1189.7,1246.8
1195.9,409.17
1196.1,213.5
1195.9,309.7
1197.1,385.03
1196.9,558.42
1202.9,525.37
1205,278.84
1215,615.57
1225.4,453.11
1229.5,298.6
1238.5,824.09
1236.9,358.92
1239,321.17
1241.8,780.52
1245.1,163.05
1245.4,929.22
1246.8,800.14
