1.875,59.125
3.2653,106.82
1.8333,236.89
3.193,253.79
5.5,278
5.0964,1137.6
3.4138,1178.6
3.1333,1229.9
8.7167,352.91
7.52,604.64
10.629,534.05
11.515,132.87
16.357,1236.9
19.3,1184.1
26.051,904.02
23.208,806.5
28.303,149.84
27.215,642.15
28.17,757.3
31.421,200.11
33.389,1138.4
37.961,1199.6
38.596,1239
36.344,751.47
38.419,481
51.451,120.25
51.681,426.33
49.448,943.84
57.821,147.03
56.255,280.32
62.887,1239
71.311,231.62
73.41,382.6
76.969,940.73
75,1137
76.694,1205
84.58,760.26
84.668,832.56
79.926,1030.4
81,803.5
83.435,713.61
100.9,1212.6
94.56,353.01
92.5,209
92.857,394.5
93.5,783
103.85,590.4
102.93,689.07
107.65,100.43
105.65,1178
107.7,667.95
108.6,316.89
112.59,1019.9
118.8,44.365
121.84,336.54
118.85,595.38
120.64,765.37
130.39,238.94
132.91,58.79
131.5,462.15
134.71,867.2
132.5,690
135.12,281
135.78,716.53
136,780
138.14,831.57
135.07,367.41
137.09,849.91
145.93,703.77
146.83,163.87
145.22,679.44
149.43,962.14
149.94,476.25
149.5,900.5
154.53,261.2
156.92,517.63
160.44,1017.9
160.24,775.46
163.12,625.98
162.58,900.89
168.76,986.02
170.92,535.11
170,769.53
171.91,24.926
170.94,703.06
177.34,407.67
174.54,498.78
178.34,1027.1
176.5,1112.5
182.48,1056.5
193.38,578.35
190.96,797.55
203.4,442.45
192.5,180.5
196.78,1011.2
196.76,323.09
197.62,495.78
207.41,892.48
206.86,264.39
206.12,313.65
208.83,517
214.68,962.59
210.96,1122.6
214.4,172.14
215.71,364.05
219.5,39.814
218.59,269.47
220.6,1234.2
219.92,217.54
221.62,323.31
221.27,933.41
231.07,744.81
231,545
233.95,245.95
235.25,921.5
237.55,360.02
244.74,88.535
248.75,1244.3
252.25,202.05
250.89,485.51
248.4,955.11
248.17,370
250.21,843.49
250.93,1047.2
249.91,573.09
253.54,873.92
264.57,7.6818
266.21,649.09
264.97,1119.5
270.55,586.47
274.21,212.27
272.74,287.12
281.12,81.5
282.53,183.22
281.65,875.33
281.63,1075.6
282.55,1034.7
288.93,381.42
290.54,860.52
292.59,987.13
289.61,23.868
292.68,612.74
291.12,1111.1
302.21,421.18
302.37,317.57
312.63,347.25
315.12,764.68
312.07,1078.2
312.83,277
315,63.75
323.02,271.35
319.87,786.11
322.5,584
324.58,122.45
330.64,358.68
330.96,39.373
331.52,70.738
328.5,554.5
336.27,658.56
335.53,99.755
333.94,407.91
340.45,115.45
338.71,921.71
339.5,305.5
353.36,727.98
350.16,677.29
355.73,898.17
358.83,155.5
360.68,822.8
367.66,678.17
374.38,216.59
373.35,7.9298
375.91,951.09
383.85,533.53
383.51,134.82
390.96,148.83
384.5,625
387.75,892.97
391.36,284.54
388,715.5
390.33,514.79
388.86,113.94
397.32,670.4
397.63,422.12
394.69,551.09
397.79,329.5
401.23,638.51
401.97,1106
400.9,272.8
404.06,484.34
416.37,801.33
409.86,891.61
411.95,996.88
412.82,462.51
416.18,931.36
431.32,644.24
416.62,831.24
421.22,1243.2
419.93,525.96
423.01,1122.5
424.77,1010
424.61,415.39
430,309.82
427.39,481.29
429.08,912.5
429.51,216.05
433.91,968.09
437.5,1145
440.57,458.82
440.14,816
440.78,1045.4
444.03,1237.7
451.54,560.43
459.5,783.5
468.65,867.26
471.17,959.59
471.18,741.45
470.99,61.765
473.46,832.11
475.6,403.58
481.25,465.45
480.69,510.92
488.53,730.35
491.7,625.6
493.37,788.63
494,270.5
498.37,1211.9
495.41,715.07
498.11,1107.2
500.22,197.44
504.88,646.61
502.78,321.53
504.54,307.09
508.04,701.2
521.41,7.0785
520.31,1088.3
528.94,889.79
520.39,1034
525.46,352.92
527.99,854.7
539.85,832.49
535.82,211.18
539.67,922.23
542.24,584.3
540.08,909.06
542.58,1101.5
539.93,1032.4
543.51,44.829
545.94,536.41
551.33,746
556.33,1078
558.9,288.51
555.9,466.38
564.36,950.92
563.08,1010.5
564.14,1148.5
567.27,159.81
567.93,718.07
575.16,194
578.45,858.56
577.35,1101.4
579,450.5
581.04,928.07
585.35,234.78
586.12,342.56
589.73,1040.2
589.69,973.89
594.97,284.31
600.76,840.24
602.23,240.59
599.27,792.55
605.44,1190.5
606.13,21.305
603.26,979
609.62,354.35
608.04,516.17
609.91,1162.6
613.32,67.686
621.03,490.1
623.52,778.19
624.18,695.92
624.55,1018
629.92,1241.5
633.29,164.31
634.81,1186
639.46,589.77
638.14,223.12
641.93,271.13
645.58,55.703
645.52,437.72
643.14,1051.4
644.28,367.26
644.53,812.78
648.89,633.37
657.48,899.22
664.13,266.42
666.33,940.09
666.05,503.17
671.94,1007.9
674.17,916.61
670.96,861.59
675.35,405.07
677.58,267.06
676.5,322.5
682.14,1088.5
679.34,31.541
680.96,253.32
682.62,1027
682.36,371.54
685.31,655.35
689.34,812.95
689.64,1111.6
693.84,427.7
692.37,6.6333
694.53,32.531
698.35,972.03
698.09,223.09
706.38,758.77
706.52,441.23
707.5,1094.5
722.33,838.81
720.92,679.48
722.46,5.3588
721.93,403.58
723.85,138.91
723.16,198.73
725.28,1047.2
725.91,277.09
728.87,781.47
727.83,543
731.39,1157.9
738.19,612.37
738.79,171.83
737.4,301.21
735.28,394.66
736.6,745
736.35,412.65
746,136.26
747.32,106.17
750.2,856.59
752.81,763.48
751.41,717.59
760.58,178.22
756.84,523.65
771.73,894.01
772.48,250.76
768.58,1175.6
779.23,56.435
784.44,260.96
784.52,498.94
785.62,809.68
793,972.92
788.18,754.67
790.88,826.93
790.5,907.86
791.69,219.09
798.07,158.05
796.94,689.7
797.73,586.73
801.36,1071.9
800.22,1150.8
802.9,94.451
801,750
813.63,153.79
820.1,814.55
822.57,113.53
827.95,276.4
826.8,183.98
833.51,487.49
830.43,252.47
839.33,978.03
831.33,39
839.82,337.72
837.79,748.15
842,904.27
840.67,30.333
840.75,214.3
842.31,853.17
843.32,173.22
844,1205.5
850,534.83
852.97,721.4
853.83,329
859.09,130.24
865.65,1166.9
870.17,864.36
870.33,981.84
872.75,99.667
872.57,70.054
879.81,683.07
880.17,699.53
882.76,55.009
881.45,509.42
881.36,8.5
884.06,598.16
894.7,282.59
890.9,497.38
896.11,1085.2
897.42,164.91
902.5,668.64
904.44,551.95
907.29,23.561
913.58,882.13
914.07,1058.9
917.07,770.05
919.14,481.08
923.32,659.09
921.82,694.95
924.3,1233.2
924.32,1203.8
926.77,921.95
926.98,940.59
928.55,12.286
930,385.43
930.12,160.12
932.49,132.45
930.68,794.05
933.07,967.47
930.91,202.09
934.06,772.06
936.84,748.07
940.76,832.6
942.68,1066.4
946.82,209.25
943.1,227.3
945,54.5
945.29,1242.3
951.3,163.85
961.48,19.658
958.05,592.34
958.06,1229.9
962.86,801.39
963.75,1080.1
969.22,132
971.86,1022.4
978.39,1134.1
977.24,859.83
974.91,310.06
985.22,581.09
981.65,663.16
983.56,1088
985.61,781.49
987.01,381.23
990.6,428.18
989.96,101.18
994.7,359.03
995.45,925.6
993.55,1066.6
997.27,460.6
994.67,132.83
1005.8,193
1009.8,412.14
1017.2,1159.5
1017.3,271.76
1013.7,482
1025.5,191.71
1019.3,812.89
1016.4,1054.9
1022.2,247.71
1024.7,101.3
1027.4,696
1030.2,4.5641
1030.4,124.01
1030.8,1041
1032,80.679
1034.3,110.47
1036,671.63
1036.1,251.55
1042.9,364.38
1040.2,180.92
1046.8,23.966
1047.8,851.42
1052.7,184.8
1050.9,986.99
1051.5,1091.5
1052.4,608.74
1059.2,407.4
1056.6,49.97
1056.4,1025
1059.9,499.05
1063.9,219.8
1061,643.24
1069.6,560.27
1066.2,1048.8
1072.6,1245.9
1081.1,434.47
1078.9,216.23
1080.5,571.91
1082.7,951.65
1085.2,388.36
1084.4,802.81
1084.8,683.2
1083.9,929.27
1092.5,875.31
1096.8,935.31
1096.2,1150.8
1096.2,857.44
1101.9,5.5347
1097.9,822.17
1101.6,906.61
1102,610.91
1107.5,83.671
1105.8,958.07
1107.5,1085.3
1119.3,739.46
1120.2,73.9
1119.2,772.1
1119.6,239.42
1120.4,153.34
1123,375.92
1121.9,457.41
1124,524.5
1129.8,807.34
1130.8,502.55
1131.2,593.35
1128.4,942.92
1134.2,683.3
1131.5,179
1136.3,1081.8
1137.1,51.581
1138.6,711.37
1140.1,647.44
1143.5,1116.7
1147.9,821.49
1153.4,164.19
1154.4,978.05
1152.5,33.979
1153.1,955.34
1156.3,724.15
1157.1,317.09
1164.2,125.19
1160.9,777.06
1175.3,516.3
1171.2,21.281
1167.9,366.06
1170,1041.7
1173.4,160.52
1172.3,272
1178.1,455.66
1174.6,693.85
1175.9,3.5556
1175.1,785.88
1174.9,871.92
1178.9,1002
1180.6,764.11
1183.6,846.2
1189.3,479
1191.8,762.44
1202.8,260.66
1204.6,302.33
1201.1,522.47
1200.4,742.93
1206.1,1093.5
1205.1,1178.9
1210.8,385.14
1212.4,216.83
1219.5,620.92
1216.2,971.17
1215.7,1019.5
1225.9,135.54
1222.3,640.74
1218,515.6
1227.4,66.857
1235.4,444.47
1233.2,203.48
1233.6,257.23
1234.2,868.82
1237.1,587.15
1241.3,1182
1242.4,888.92
1243.1,690.74
1246,756.83
1245.7,789.1
1246.4,381.55
