2.4808,892.62
8.8765,1101.2
18.542,203.96
18.171,958.69
19,446
20.091,687.91
31.633,164.65
32,861
34.116,673.88
39.275,274.57
41.6,34
45.546,1162
53.352,638.42
50.071,3.6964
56.682,651.97
59.292,384.35
57.644,515.55
59,916.08
63.083,532.39
63,168
63.628,68.233
70.882,714.77
68.92,89.32
76.048,290.47
80,110.5
81.841,143.06
86.663,157.95
97.099,15.618
105.61,363.39
106.86,650.28
110.62,167.58
112.61,633.27
112.52,73.217
115.15,254.46
117.61,18.319
119.46,383.65
120,444
121,746.77
123.58,5.7538
125.33,304.16
126.64,57.048
123,1222
125.52,479.87
132.41,242.72
132.67,464.03
140.64,655.81
138.13,1229.5
144.75,171
151.45,273.18
153.17,157.73
155.46,557.69
153.34,115.89
158.49,447.89
158,149
160.08,186.56
163.11,309.27
162.98,350.75
163.27,43.364
165.98,794.91
166.36,492.5
168.06,516.94
174,658.66
180.35,1018.6
183.4,1174.1
186.87,175.2
184.6,190.6
186.36,448.35
186.2,506.56
187.93,269.41
191.05,1117.9
194.16,860.32
194.2,751.9
202.56,297.91
201.42,266.94
205.14,1218.8
204.74,890.18
204.5,784.86
206.69,729.91
211.48,132.36
212.73,260.49
214.12,203.64
223,595
231.26,909.49
238.5,1193.5
247.44,830.08
255.42,119.47
253.45,930.52
255.23,1056.1
257.58,40.895
261.12,781.88
263.06,806.19
264.6,382.29
265.27,285.73
268.01,323.98
271.54,561.44
268.69,210.94
269.77,44.063
273.25,701.19
273.5,1146
273.93,1184.4
278.29,669.71
281.86,827.58
287.87,429.65
292.47,21.165
291.96,462.08
291.67,257
293.73,1194.6
302.05,369.97
298.33,941.83
307.72,215.06
313.32,307.01
304.39,758.71
306.92,262.75
313.74,454.14
307.66,785.62
321.29,868.69
315.75,662.75
309.91,955.05
312.41,1044.3
314.12,325.35
320.07,423.57
328.36,896.37
329.57,548.44
328.5,154.33
326.89,238.09
326.59,954.45
334.07,408.44
331.55,423.16
335.42,625.2
337.33,344
348.13,208.88
345.05,678.37
346.29,1238.8
346,290.5
349.65,410.45
351.09,140.67
354.18,628.39
355.78,643.01
350.15,327.98
360.72,665.47
363.95,360.14
361.88,605.9
364.97,273.75
368.5,654
369.5,1221
371.25,787.83
374.42,1210.1
376.89,160.58
374.41,697.93
378.25,844.84
383.58,969.52
389.68,721.33
388.79,595.36
385.75,649.92
387.75,138.88
391.04,1141
387.02,1237.4
387.42,472.58
391.14,998.41
397.12,1074.5
404.78,312.32
403.28,105.48
408.3,604.41
410.28,406.39
407.98,684.17
414.11,93.556
416.05,240.18
417.92,843.83
420.03,147.46
426.51,759.23
430.15,1108.3
430.55,727.58
432.95,983.93
436.45,461.09
440.84,1173.5
441.28,525.81
443.18,725
441.4,757.4
451.65,487.51
449.45,532.83
456.6,657.42
453.94,900.02
455.78,139.19
458.5,238.63
462.17,407
468.79,594.9
467.29,1089.5
467.59,129.94
469.42,117.18
475.66,318.01
472.67,1021
477.05,1035.8
482.18,1045.4
481.14,159.5
488.76,1102.6
491.41,990.06
489.35,90
491.3,634.21
493.67,1158.1
491.34,443.08
498.03,770.94
500.68,530.88
497.51,1137.4
508.03,923.91
516.69,1025.1
519.69,1106.1
519.03,1070.4
520.31,971.09
532.42,1043.1
525.4,279.64
530.37,90.307
530.66,1212.6
530.95,981.91
536.21,705.5
538.41,1016.4
546.66,1082.4
554.03,1142.9
554.84,404.36
549.92,806.08
556.13,766.96
559.96,475.64
565.79,1028.5
561.98,92.942
570.91,7.6092
573.79,1190.1
573.93,962.19
579.03,361.94
582.51,796.96
578.56,934.08
581.18,1092.9
582.5,1050.7
583.63,853.05
593.77,1100.2
594.71,237.91
597.9,1176.9
594.87,792.29
597.87,311.37
603.87,198.81
605.16,1078.3
608.6,1095.6
607,1155.3
614.86,12.231
612.77,78.439
617.57,432.96
618.78,919.86
619.82,1183.1
616.07,367.44
623.03,774.05
623.54,578.22
626.17,288.74
625.58,870.58
627.76,1233.5
630.98,267.13
628.62,1147.2
631.98,1020.4
637.95,765.22
638.64,957.21
644.79,565.01
646.66,112.37
643.41,247.93
647.06,547.88
647.78,86.195
647.25,799.32
655.71,716.51
653.25,599.34
653,757
661.41,31.664
660.45,1069.4
663.35,1194.6
659.8,615.56
664.37,208.27
664.41,219.07
664.43,429.95
674.82,71.838
665.2,980.56
671,1090.2
675.12,57.018
674.21,816.76
679.47,800.77
684.58,1087.2
687,1117.3
689.62,904.12
693.19,92.304
689,158.5
692.79,550.76
697.16,618.91
700.29,821.22
705.04,220.46
710.26,844
716.82,137.43
713.37,364.23
711.43,1237.4
714.6,906.8
714.42,755.11
719.15,343.93
718,230.68
720.95,1241.6
723.39,411.61
723.39,490.42
724.88,1227.6
733.01,347.72
730.29,285.71
731.25,984.85
733.48,652.72
735.84,1001.2
752.53,752.04
746.84,388.67
742.6,759.4
745.9,1115.7
749.41,654.34
750.59,364.69
749.63,1213.8
761.2,80.677
760.51,1004.4
761.94,360.26
767.42,906.27
767.45,292.94
768.5,1155.5
767.58,559.11
769.12,645
769.85,1178.5
772.68,671.46
774.94,91.204
779.5,507.73
787.48,1071
786.5,202
786.96,76.6
789.42,783.88
791.47,279.67
797,591.32
799.66,167.93
799.92,941.41
802.16,257.92
802.31,1237.8
807.85,964.55
810.83,362.61
811.31,545.31
812.76,56.483
812.82,1011.2
826.53,662.67
814,275
826.88,641.43
827.53,220.22
833.58,336.51
831.74,455.32
835.07,750.16
836.42,121.58
838,1095
848.01,152.36
843.61,1096.4
844,102
845.5,292
847.57,1057.6
851.75,888.92
853.42,1164.3
856.84,244.14
860.9,632.96
861,830.25
865.87,252.41
867.08,653.2
871.96,193.4
867.43,1064.3
868.53,755.92
872.68,932.8
869.6,115.64
872.74,745.18
874,325.65
874.59,260.93
880.7,392.11
880.56,54.585
882.09,481.91
883.57,80.946
887.95,761.7
885.96,616.94
888.09,650.91
895.97,120.64
897.38,448.47
897.42,500.12
899.14,565.96
912.39,535.4
907.32,1003.8
909.73,151.39
911.4,1180.4
916.11,1035.6
919.62,284.97
917.33,1133.1
915.45,1194.4
917.73,581.5
919.97,769.36
918.58,1219.5
920.63,804.03
926.79,263.88
923.32,375
926.09,1028.9
928.37,710.37
930.58,643.89
934,659.82
937.08,1003.9
940.45,228.26
942.77,16.549
951.06,995.84
949.1,442.13
952.15,185.74
958.42,498.58
955.5,891
958.54,11.738
966.79,382.11
959.79,534.78
963.5,1183.5
965.42,224.89
969.79,1245.3
967.82,346.6
969.69,732.53
974.17,160.74
974.65,1164.7
975.42,1065.6
981.96,47.316
976.07,107.59
979,506.42
983.53,540.13
982.8,456.52
984.09,126.87
984.11,1084.5
989.69,865.79
990.55,835.26
995.95,607.43
993.12,990.06
998.57,1213.1
998.81,245.59
995.09,507.09
1000.9,1233.4
1004.7,951.26
1000.9,453.3
1001.9,595.66
1003,218.68
1014.1,707
1022.7,436.68
1025.3,772.54
1027,1163.6
1025.5,589.02
1030.5,690.09
1041.8,839.7
1036.1,249.28
1047.6,307.45
1049.4,526.49
1049.4,1145.4
1047.8,1160.5
1047.4,702.86
1050.3,248.48
1052.6,1040.6
1051.6,648.37
1057.1,822.78
1055.9,984.04
1059,285.65
1060.9,864.59
1066.8,766.91
1070.2,918.31
1068.5,257.5
1073,115.18
1074.1,168.99
1075.3,935.37
1075.8,798.85
1076.4,593.89
1081.5,739.29
1084.7,1059.4
1095,339.03
1093.1,446.86
1095.4,284.32
1092.3,953.03
1102.3,318.3
1100.7,181
1097.4,411.19
1107.4,503.82
1099.7,246.12
1101.5,711.5
1104.6,1136.4
1102.8,800.79
1110.7,888.06
1113.7,388.95
1112.5,868
1117.7,715.01
1127.1,375.92
1132.1,936.38
1133.4,1176.7
1138.1,1090.3
1138.5,969.24
1141.6,544.09
1142.4,451.11
1144,728.32
1146,324.62
1143.4,513.86
1149.8,980.05
1148.9,569.57
1152.5,109.29
1155,1148.5
1159.8,427.55
1159.6,513.93
1162.7,1125.9
1163,887
1166.8,289.64
1164.8,1164
1167.4,105.64
1168.4,43.605
1170.8,591.23
1179,1114.1
1175.5,549.24
1176,703.31
1174.9,1132.1
1176.9,538.92
1179.7,294.09
1184.2,591.26
1185.7,92.62
1182.5,926.5
1186.5,1082
1189.1,524.05
1192.3,866.46
1194.6,312.75
1198.2,775.86
1203.4,833.62
1200.9,1243.4
1210.4,867.8
1212.9,999.39
1214,1109.8
1213.4,646.34
1214.4,327.95
1217,1241.5
1216.2,733.44
1215.3,761.14
1220.4,337.74
1225.9,690.13
1233.3,477.17
1231.2,754.81
1226.5,855.5
1230.4,926.69
1233.2,873.02
1239.2,1075.3
1239.9,1145.7
1243.6,935.27
1242,203.39
1242,295.06
1241.3,812.23
1244.1,1218
1244.6,318.41
1245.4,665.92
1245,1035
1246.2,72.167
