3.08,2.76
22.529,580.14
7.6898,646.56
13.211,706.29
2.5854,767.73
6.5,851.68
2.8073,898.3
1.5,1031
18.501,1060.8
4.725,1174.4
2.8824,1204.7
5,1025.5
7.0522,1242.3
9,825
15.594,1008.6
11,1.8462
48.479,528.89
19.542,814.24
13.429,949.71
12.333,975
16.648,1159.7
15.435,798.39
22.671,3.3544
19.714,855.59
29,875.43
20,681
20,802
21.6,689.6
22,685
25.929,1020.5
26.625,14
55.142,636.31
25,677.5
27,700.5
26.5,1240.5
28.5,1234
32,600.04
34.197,851.42
33.238,693.59
34.514,1068.7
32.412,381.94
35.298,555.21
34.069,1128.6
34.895,2.4211
38.5,386
40,955
41.05,1029.9
41.909,840.77
46.854,1109.3
45.824,694.08
81.521,846.95
55.532,594.73
50.674,968.74
47,1034
59,329.13
61.034,443.62
55.528,357.43
55.667,565.25
61.169,415.76
90.008,1021.1
58,168.67
67.465,751.52
66.712,1111.8
72.088,471.33
78.996,317.06
71.325,110.95
72.103,771.81
70.105,375.42
80.621,697.27
71.68,907.56
71.087,978.63
74.308,270.38
72.817,346.15
76.357,585.95
70.897,600.95
73.167,1101.2
113.16,251.05
73,676
78.681,629.42
76,657
78.708,938.78
77,372.5
78.375,1082.8
79.75,1186.2
102.64,181.51
79,673
80,117
80.421,745.89
81.6,1069.9
88.987,576.88
83.588,112.06
84.1,434.95
85.5,615
86.074,712.74
85.667,993.83
94.835,1087.9
101.14,971.02
89.109,1168.4
93.698,283.92
98.554,763.63
91,717
91.714,659.57
115.05,4.1605
96.775,617.7
98.52,26.01
102.24,380.31
98,750.18
101.2,1057.3
97,261
99.324,320.27
99.867,565.87
99.471,625.18
99.895,590.58
117.83,491.11
100,586
106.77,895.4
118.63,118.95
102.93,714.93
106.09,289.57
106.65,555.92
105.34,604.88
108.05,853.48
117.76,584.76
110.86,1120.8
119.91,314.01
111.71,685.78
111.89,532.44
112.16,695.77
112.68,988.8
116.88,612.51
125.92,1065.1
118.19,1140.3
121.21,940.49
149.21,51.879
119.4,196.6
119.34,874.59
129.52,355.91
143.39,513.2
123.73,675.33
142.81,709.5
121.12,1130.5
126.97,698.59
124.56,609.92
125,848.5
128.85,1097.6
129.3,1087.6
138.28,1138.7
131.69,599.14
132.18,964.7
134.14,614.86
158.86,918.45
138.94,1163.6
141.8,150.16
140.61,372.35
148.75,9.8301
141.71,1070.1
143.61,576.11
159.57,598.65
142.23,1046.6
146.49,1094.8
144,190.57
160.2,969.94
143,1209.3
146.97,563.32
145.24,851.33
152.34,624.07
145.5,638.5
149.78,137.15
147,323.5
159.4,649.17
148,111
148,689
148.5,1218
155.81,118.25
150.5,874.12
159.24,256.33
162.04,1243.6
154.97,323.37
167.32,1207.8
158.09,220.34
160.93,346.01
154.42,997.11
156.44,676.38
155.5,1063
182.51,543.34
170.76,175.26
163.2,1057.8
179.35,1152.3
161,166
164.28,399.57
162,1128.5
166.07,861.79
171.93,1096.6
167.59,332.16
164,1122.5
167.32,1013.3
166,145
168.52,661.04
168,273
171.4,140.63
170.41,15.941
170,284.5
182.57,115.12
171.5,507.5
173.42,371.89
174,25
174.64,36.5
175.77,624.73
175.64,385.32
175,433
193.67,1034.7
177.5,469.5
177,874.5
205.21,389.23
184.66,300.11
181.95,639.48
183.2,998.2
182.82,1181.3
182,421
183.26,95.935
209.26,877.53
194.11,1213.5
190.51,607.15
185.7,1098.1
184.33,1198
192.49,660.32
234.03,462.58
189.91,77.343
188.62,321.42
191.14,9.8571
193,130.47
192.14,483.86
196.55,490.02
193.42,182.89
195.95,992.95
196.82,1009.3
194.71,1233.6
194.6,1066.5
198.5,161
199.36,184.64
199.4,120.6
199,523
199,689
205.01,1048.2
200,98
200,103
201.4,507.4
202,291
203.08,432.6
204.82,1088.7
210.34,158.09
203.4,168.6
206.85,909.91
205.53,1172.5
203.91,1246.2
204.78,497.22
230.83,591.17
205.77,688.36
213.85,1063.2
213.63,23.511
207.65,71.15
214.57,840.37
212.36,299.99
206.67,625.62
206,950
220.43,208.8
210.94,485.26
212.19,533.19
209.62,824.19
216.65,959.7
213.82,496.72
211,971.5
210,1247.5
217.49,271.3
224.22,362.59
212.93,683.59
216.7,1129.5
213.77,1240.5
217.87,1102.6
217.36,1191.7
214.38,1214
215,629.5
218.3,643.56
216,971
220.06,549.18
217.36,1165.3
219.59,423.45
220.32,993.88
247.98,516.98
221.42,480.11
227.78,945.06
225.8,1001
223.5,712
239.32,925.59
223,985
225.19,491.97
226.38,328.38
227.58,1225.7
236.03,156.3
232.7,974.4
228,984.5
236.83,1162.9
229,962
231.58,214.89
232.12,1124.6
233.26,343.81
234.24,427.76
239.42,1219.5
235.6,497.6
297.56,316.53
238.29,935.71
238,140
240.98,1120.6
241.34,345.62
241.36,1143.5
242.06,366.59
243.37,840.15
242.26,982.19
243.09,899.05
245.09,10.091
244,142.5
249.9,169.47
262.62,248.84
246.93,611.29
246.43,626.61
275.36,958.04
257.93,424.72
251.35,154.11
250.5,203.86
252.98,853.04
249.88,895.35
253.85,906.47
252.11,598.42
254.94,1159.3
251.72,1245.1
253.96,1137
255,486
265.78,217.91
260.87,1119.7
257.64,1129.7
260.25,1190.4
274.62,396.87
261.6,132.6
263.45,192.13
262,184
263.28,378.91
277.42,875.02
264.44,3.7188
263.5,175
265,203
265,1159
266.64,124.5
267.89,364.47
273.34,16.836
268.41,390.07
267.57,566.39
272.41,662.93
275.94,326.23
276.19,123.78
276.11,1154.4
283.06,481.15
277.05,623.46
276.5,370
277.73,562.61
279,615.5
282.36,504.43
284.19,1134.2
279,1195.5
281.09,358.09
291.6,426.71
281.5,631.5
287.03,1197.9
317.65,1230.8
283,117.5
286.48,454.23
298.25,362.82
308.43,1139.7
286.08,266.9
292.38,166.32
300.79,545.69
287.91,73.5
288,881
290.42,606.11
303.89,921.78
290,1184
293.81,181.74
298.31,463.73
296.7,875.28
300.3,1183.7
296,57.5
298.18,75.442
375.53,450.03
310.81,886.72
298.91,407.77
302.88,58.966
302.14,476.32
317.75,452.66
302.25,852.86
302.27,1210.8
303.34,141.52
302,171.5
304.14,518.81
354.25,130.39
305.36,397.32
316.69,95.282
321.35,214.5
308.78,1165
308.48,18.161
307.65,409.4
314.72,480.56
308.43,956
322.12,836.36
313.46,283.1
310.5,470
312.14,1078.9
319.89,50.169
323.5,373.15
315.22,1104.4
316,589.5
315.5,948.5
317.38,2.3333
318.56,1158.8
318.14,171.86
323.17,953.2
320.6,40.6
330.24,1116.2
321,252.5
324.75,973.44
316.83,268.23
324.76,538.34
325,178
331.94,244.25
336.69,917.83
326,184
327,203
330,348.5
332.47,23.75
341.5,872.5
331.15,1190.7
333.31,38.059
331,85
332.12,1182.4
337.18,292.03
333.57,538.71
332.18,1080.7
334.14,263
343.76,10.558
348.84,176.6
334,1098.5
340.45,990.43
341.73,1084.8
338.84,1069.5
339.69,533.85
344.6,383.15
351.03,596.02
346.14,968.45
343,105.5
344.19,217.56
365.31,1122.1
352.23,1195.7
367.03,1080.9
369.11,289.65
347.12,416.31
348.72,844
351.11,235.79
352.86,1010.4
360.28,513.38
362.95,71.681
354.24,394
356.16,227.41
371.05,25.309
363.58,814.18
360.18,897.98
359.5,237
362.85,1171.9
367.29,1001.4
367.27,1043.9
364,1060.3
374.38,1212.4
370.35,410.56
376.64,366.44
385.63,897.61
371.03,235.01
372.13,792.97
369.58,596.11
379.97,1164.7
371.5,81
372.44,259.13
375.68,935.08
377.4,166.14
376.08,468.52
375,993
376,78
377,250.5
383.78,270.83
383.6,498.32
380.84,977.67
381.56,7.0139
378,61
380.57,399.07
382.58,592.27
387.95,785.25
402.95,809.47
383.6,865.46
380.5,1000
384.16,954.39
386.49,472.14
388,1015.4
420.16,211.83
389.44,1222.1
398.69,961.21
439.21,34.666
395.93,322.5
389.94,1044.6
390.6,75.6
391.41,173.78
390,283.5
403.01,235.38
393.26,1247.1
394,101.43
393,774.67
435.11,1036.5
395,1026
398.67,480.71
399.06,1003
396.5,1121.5
409.62,333.91
400.5,265.11
399.58,3.4737
410.44,129.41
401.12,154.25
399.5,242.5
416.44,520.57
402.44,938.8
465.15,112.33
403,1222
404,489.5
404.65,1124.2
411.03,1200.6
426.19,902.15
405.33,52
407.98,169.07
407.21,360.79
557.62,486.89
406.5,1078
409.09,754.09
418.43,883.49
408,1134
414.59,661.84
419.21,704.35
412.58,944.23
418.17,1099.1
412.42,78.526
425.87,1007.5
434.35,1232.1
414.57,592.43
413.5,970
415.14,788.14
439.2,957.62
417.89,274.2
420.89,767.19
424.45,1139.9
417.5,370.5
426.79,365.53
430.59,58.34
423.7,80.8
427.02,264.74
423,943
429.69,472.85
451.63,688.86
427,273.5
455.19,1124.6
427,1153
429,153
432.19,126.26
431.92,143.08
434.16,772.03
437.29,1174.2
436.33,231.91
435.54,382.46
448.81,661.96
438.57,442.57
507.27,244.35
438,508
441.86,627.45
459.64,312.9
459.71,794.45
444.39,578
445.88,146.42
444,508.5
445.15,733.23
444.58,774.89
450.25,978.49
445.68,1183.6
446,605
449.87,439.05
449.3,1084.6
448.5,381
449.58,743.11
453.68,1195.5
456.37,814.23
454.19,1057.9
453.4,378.4
453,412.5
466.45,596.16
469.56,728.16
463.53,567.23
459.23,1187.3
465,2.8571
460.54,414.78
489.66,347.86
461.5,481.5
460,780.5
462.5,970.62
463.36,745.72
461.76,985.9
472.08,764.88
467.18,1160.1
468.56,462.37
469.57,650.45
469.2,1050
467,448
469.22,64.889
480.1,916.73
470.17,984.3
484.56,623.13
503.38,1238.3
472.27,1020.3
502.8,704.55
481.34,188.44
473.4,470.4
491.74,895.95
494.45,414.34
491.86,754.99
475.84,954.91
477.02,576.5
540.13,1028.9
497.41,985.22
481.4,211.99
479.92,1016.1
480,41
490.3,53.466
481.07,1157.3
484.79,452.17
481.42,1145.9
482,1233.5
486.25,793.75
486.25,959.94
485.5,935
486.4,1071.7
522.84,286.38
487.58,599.11
489.11,786.96
488.95,438.1
491,173.5
492.92,1003.1
493.2,224.44
506.98,389.97
495.67,459.83
496,928
517.15,1065.4
498,164
498,934.5
500,82
501.65,450.65
499.86,942.17
502.29,1128.8
502.5,504.5
504.28,802.12
503,52
506.98,509.04
504,523.5
510.55,777.02
505.31,957.03
517.97,87.497
505,259.5
509.69,939.34
511.62,186.78
508.5,662.5
515.74,672.73
511.7,456.7
514.11,878.08
515.1,606.44
518,716.23
514,761
516.2,171.56
520.19,1001.3
516.89,632.42
520.66,846.22
525.2,311.19
517,441
518,657
520.49,590.54
528.35,459.38
531.07,525.26
524.22,923.07
520.6,1040.8
527.49,149.44
525.65,860.23
524.73,20.346
524.57,1142
527.14,227.53
561.39,772.87
533.8,621.15
534.77,53.891
530.86,1075.9
531.62,13
547.42,986.92
536.54,66.866
532.94,723.09
540.54,847.52
535.5,936.5
533.5,664
582.96,859.64
544.7,750.68
535,917
536,275
556.13,923.16
537.99,965.95
540.51,312.36
537,1107
537.58,1210.5
538.5,188
538,1144.5
540.47,199.58
541.09,723.06
540.86,591.14
557.96,1133.4
543.13,1197.4
555.01,3.7574
543.59,946.94
547.67,685.7
546.92,331.96
573.5,601.95
546.41,588.94
546.57,637.96
589.57,799.75
547.71,1104.9
548.77,126.77
549.49,452.83
550,728
559.75,1192.3
557.39,146.68
551,584
555.67,529.5
566.5,107.41
573.4,67.881
574.98,955.5
557.33,1001.1
556.96,1107.5
575.49,280.14
559.21,842.15
560.5,485.5
564.27,296.38
563.49,455.11
565.8,712.3
564.25,943.05
564.5,202
567.15,1093.1
566.4,975.6
571.5,39.909
570.21,189.26
569.71,214.86
568,1039
586.27,545.69
569.77,745.23
570.5,1049
571,49
646,723.66
675.92,154.51
677.17,1173.6
573,839
577.95,1143.6
576.3,1203.2
577,785.5
578.9,185.03
587.76,310.23
580.5,981.5
584.7,821.96
585.01,1071.8
628.62,1118.7
583.33,1218
586.02,29.604
589.87,625.64
589.83,671.2
586.52,250.6
586.61,358.43
586.5,178.5
589.43,269.49
586.95,336.79
589,45
589.4,911.4
596.58,1005
592.19,427.62
596.8,4.1125
592,701
611.32,1056.1
594.49,342.07
595.21,903.54
608.45,1231.7
595.5,1025
599.02,598.41
600.66,329.17
599.76,752.54
598.81,953.51
612.96,54.535
608.5,523.97
601.81,701.66
603.27,943.82
600.52,1018.4
600.5,897.5
610.51,961.04
614.96,262.31
617.14,401.57
602.82,677.9
602,763.5
606.07,904.86
606.34,616.28
607.93,782.66
610.98,351.67
606.61,923.89
608.04,1104.4
609.31,307.35
608.58,595.68
635.65,1000.8
609.07,573.44
609.14,1080.9
609.5,487.5
627.35,499.52
615.92,512.65
623.08,664.01
611.47,15.639
616.43,649.29
622.16,630.82
623.07,86.067
635.46,543.12
630.41,888.65
637.64,1081.1
624,606
653.34,232.4
626.5,866
627.21,946.72
647.47,73.996
632.9,576.1
629.43,791.71
628.5,1032.5
629,129
643.21,334.48
632.26,963.44
631.43,983.29
631.94,1052.4
657.08,19.267
632,1100.7
633.5,372.5
637.88,1232.1
641.62,920.11
642.24,982.66
638.77,1040.8
641.44,204.8
639.5,778.5
644.58,1194.4
649.79,618.43
641.54,1056.5
643.58,1206.8
646.41,111.68
645.64,382.36
645.85,673.53
651.53,730.35
652.8,404.54
647,573
648.4,657.4
648,784
653.19,207.08
656.76,312.38
684.9,950.32
658.53,1244.6
651,291
655.92,386.13
652,491
655.49,1213.8
656.96,114.56
661.66,274.6
683.82,643.93
657.42,796.11
664.42,890.81
660,298
668.76,829.56
665,500.43
673.53,1051.6
666.75,1095.1
684.69,357.28
663,1071.3
670.78,113.83
667,876.5
670.46,811.9
668,320
670.93,333.11
669.73,508.65
671.07,974.07
670.5,105.5
672.32,869.23
672.09,981.62
674.02,93.667
672.81,256.59
674.81,481.15
674.51,11.721
674.11,1130.4
674,443.5
678.9,993.34
683.74,193.46
677.94,284.84
680.3,676.5
677.6,918.7
679.53,1095.2
676,306.5
678.98,266.02
687.3,853.4
688.5,1012.1
680,398
680.88,464.5
688.09,910.69
691.21,763.13
685.06,968.59
685.77,11.227
687.45,2.25
686,459
690.82,1062.8
686.86,1122
696.98,387.27
696.99,1099
691.24,225.74
692.58,206.11
693.59,1186.5
717.2,907.1
697.71,525.92
708.78,1038.3
709.6,413.45
696.25,861.25
708.04,177.54
721.27,798
698.61,1028.5
698.69,82.143
719.08,463.17
706.01,367.93
713.13,3.3451
704.12,682.5
706.19,980.59
704.22,1002.8
705.5,155.87
707.87,212.85
709.76,749.24
711.25,1176.7
707.12,841.25
708.55,509.41
710.14,431.86
712.12,555.15
711,645.5
760.43,749.27
713.68,930.15
715.37,941.73
717.29,486.29
716.5,850.5
723.08,29.858
719.07,1138.8
721.61,711
721.26,1190
721.77,366.95
726.5,823.22
725.29,1003.4
723.57,536.84
735.66,876.64
723.5,1068.5
728.43,57.83
724.86,660.14
725.78,700.08
731.43,229.18
731.76,621.49
728.73,653.29
737.19,76.833
728.6,393.29
733.02,1046.3
740.12,43.244
740.08,589.5
732.75,385
732.09,450.05
731.5,686.5
731.4,1090.6
789.76,370.58
732,884
737.81,1009.7
738.28,698.19
750.07,1129.9
736.6,818.4
745.85,192.64
744.4,396.67
737.42,1024.9
739,199.5
749.05,128.41
742.61,651.47
741,661.5
761.28,1038.5
743,666
746.05,828.28
747.05,910.24
745.12,24.206
745.89,615.42
750.36,15.379
754.41,687.66
759.7,649.34
749.5,1017.5
749,1226.5
753.19,462.74
773.81,54.359
751.41,820.06
751.43,1181.4
760.56,871.51
756,9
757.46,1171.9
767.54,1216.8
755.5,72
759.02,99.755
762.22,440.55
757,679
768.42,952.02
768.33,621.45
758,1107.5
763.57,579.2
765.19,597.9
763.16,488.93
763.67,1135.8
768.49,301.98
763.92,1016.7
766.4,1184.2
765.8,131.68
773.31,462.95
769.42,527.38
779.93,195.05
766.5,988.5
780.9,1090
767,1174
769.5,911.5
782.02,95.47
778.55,491.89
807.69,106.49
775.24,434.92
779.16,234.38
783.46,832.41
773.67,989
774,921
774.5,1005
782.64,1187.6
776.5,445.5
778.98,702.96
785.72,660.72
813.26,255.28
788.24,316.73
779,924.5
781,995.39
780.06,1008.4
779.64,1142.5
779,1148
780.4,213.6
781.65,283.55
790.92,727.49
782.5,1136
787.1,424.94
784.41,464.14
785.18,1044.8
789.86,1160.3
785,1008
786,216
787.92,506.3
787,626.14
787,231
806.14,1026.5
801.84,292.78
791.38,847.15
792.71,613.35
796.5,808.76
792.32,1117.6
792,1136.3
797.28,1225.8
794.06,1244.4
806.78,73.039
797.54,208.46
797.87,626.37
799.82,676.49
796.66,699.09
798.22,484.78
798.3,838.12
798.25,1176.2
796.94,1206.6
856.82,203.6
815.54,638.14
801.47,896.53
800.89,979.42
801.86,1096.8
801,1245.5
805.19,171.18
801.4,819.6
805.05,885.62
804.19,52.053
802.5,700.5
805.59,910.32
807.22,923.21
843.03,1221
803,229
808.22,1131
855.74,43.312
827.64,582.93
806.16,1080.4
810,360.6
806.6,671.4
806.29,735.71
806.35,840.4
816.97,1107.2
805.95,861.31
808.42,1179.1
811.48,680
851.06,303.38
820.98,961.62
811.58,1087.9
832.03,138.21
813.25,522.75
826.11,809.7
814.17,449
813,781.5
816.36,773.14
937.37,515.79
817.91,919.95
843.04,1048
841.83,1131.8
825.41,669.03
821,744
821.5,1006.5
823.37,1084.5
823,301.5
823,735
824.31,991.83
831.13,1178.8
824.5,609
824,1169
831.39,181.88
826,69.5
830.99,165.94
826,334
828.44,652.78
829.09,738.39
835.45,843.97
830.92,940.26
829,927
831.57,610.95
830.43,858.41
833.47,553.11
834.81,950.48
835.47,230.29
833,921
835.67,747.59
836.73,1017.3
847.4,646.14
851.35,885.65
849.98,1082.7
838.65,1002.1
838.33,109
839.23,700.25
839.17,961.13
839.5,736
853.44,984
879.59,431.97
845.74,342.85
851.68,385.53
846.61,562.04
846,1247
849.97,913.07
893.85,608.46
871.51,762.35
846.89,949.49
851,1012.5
852.5,691.5
852,1004
914.18,161.38
862.04,1173.2
856.5,823.13
857.39,580.84
875.81,844.68
857,950.5
857.5,1001
883.08,1153.2
863.88,1054.7
867.28,70.934
864.06,102.09
868.42,1037.5
879.8,1246.5
871.92,962.81
870.11,1020.7
868.86,1062.9
872.74,817.57
869.54,1191
873.61,127.85
901.51,86.194
885.14,631.79
875.12,720.03
930.49,373.99
877.5,803.71
883.45,918.61
883.07,815.03
885.6,963.24
881,1201.5
882,529
882.6,723.4
886.18,4.1607
888.75,713.51
887.92,994.71
888.69,729.93
889.29,263.55
887.83,1027.2
891.06,585.85
890,833
891.5,826
893.48,884.6
895.2,894.37
894,1231.5
908.35,17.625
895.86,977.27
1016.8,272.98
899.51,988.75
896,377
1108.4,81.946
918.51,297.98
917.44,1228.7
910.48,866.55
905.8,535.05
924.43,824.94
905.27,560.5
911.13,703.65
906.38,261.73
909.57,643.04
918.21,731.85
956.85,1183.6
910.1,1203
912.79,678.93
929.41,965.75
916.25,1009.4
911,74
911.29,510.57
913.02,587.38
1010.1,741.72
913.57,247.43
953.92,116.95
914.92,259.08
916,949.9
915,560.5
916.89,667.58
921.33,651.81
920.72,910.46
924.01,269.47
921.23,749.23
925.21,1246.7
921,794.5
925.24,640.88
944.31,854.4
924.66,1197.9
954.34,676.98
930,328.71
927.59,1142.9
929.24,663.03
931.6,1003.3
934.43,938.39
930.6,89.6
977.51,32.727
934,895.31
934.28,269.62
941.44,647.03
947.63,785.04
935,1163.5
937.71,584.39
940.81,1081.9
939.9,1022.9
973.42,1243.3
945.75,1216.9
943.12,830.76
945.64,883.73
943,1098.5
945.4,263.4
947.29,741.57
950,657.5
949,796
956.39,917.66
949.68,972.44
954.58,808.69
955.5,1094.8
974.66,1131.6
957.56,831.14
952.9,637.86
956.76,1020
954.38,52.559
961.9,326.96
954.4,979.4
961.38,1036.9
955.6,1069.6
956.59,134.94
968.99,433.22
956,684
956,1077
963.63,293.49
960.96,942.41
963.22,984.39
975.01,1001.6
962.52,1210.3
994.28,808.16
964.94,172.59
985.73,634.75
970.43,649.87
967.1,952.64
966.62,308.72
966,1221.2
968.91,972.71
967.5,57
970.04,449.96
975.84,1086.6
972.31,155.86
984.4,878.01
974.41,911.09
972.5,1042
975.19,1209.9
974.59,62.136
990.63,574.39
975.08,938.12
987.51,1065
977.5,1024.5
986.73,188.51
986.46,774.63
988.62,838.15
985.15,1025.9
1025.4,968.16
987,860
990.19,441.62
989,764
1008.1,1039.6
996.32,1224.6
1000,1159.6
998.37,473.87
994,1215
995,992
1000.9,241.84
996.5,1112.5
998,1149
999,1106
1010,623.56
1003.5,774.39
1003.9,1109.6
1003,1138
1056,1077.5
1010.7,129.1
1020.7,685.34
1017.5,7.3932
1050.3,662.94
1013.6,990.6
1018.4,594.22
1015,700.09
1018.2,1111.6
1028.1,1227.7
1022.1,240.92
1031.4,859.8
1023,977
1026.2,43.956
1027.2,127.47
1029.4,458.2
1060.5,581.97
1029.2,904.32
1028.6,1027.1
1031.1,1111
1031.9,985.74
1037.6,217.18
1032.8,476.17
1031.8,671.87
1044.6,709.88
1041,924.16
1041.9,1155.5
1053.3,811.44
1033.4,1132.4
1034.5,830
1039.8,16.021
1040.5,247.4
1103,1164.3
1039,542
1040.6,900.08
1042,886.67
1042.7,1218.2
1041.5,830.5
1047.5,537.48
1053.3,7.1861
1046,549.5
1046,578
1051.3,1112.6
1048,86
1049.2,854.83
1051.9,254.03
1048.8,836.56
1050.6,64
1049.5,1020
1051.2,1185.2
1051.4,77.6
1052,1103.5
1075.1,207.63
1080.5,547.68
1065.3,997.04
1075.3,76.692
1063.1,853.42
1083.3,921.81
1059,1162
1066.2,468.36
1062.3,950.4
1068.3,633.49
1069.5,31
1068.1,833.58
1089.9,872.05
1079.8,954.85
1073.2,60.186
1082.6,702.77
1070.5,896.5
1071.3,1007.9
1074.7,611.86
1072.5,365.08
1078.4,180.39
1078.8,631.56
1077.1,30
1076,241.5
1079.5,1244.4
1082.2,275.91
1079.5,1078.9
1093.5,786.82
1080.8,1057.4
1085.6,23.036
1081,687
1084,654.5
1089.2,1072.1
1086.9,564.8
1089.6,975.62
1087.3,989.17
1089,379.65
1088,615
1092,660
1093.5,82.5
1168.7,1015.8
1096.4,1178.2
1140.8,240.04
1107.3,275.61
1102.5,383.4
1096.9,633.39
1102.9,686.42
1099.5,972.38
1096,1109
1108.1,657.98
1102.2,938.05
1100.5,1116.5
1107.4,192.72
1116.1,988.33
1104.2,493.16
1103.5,712.5
1120.2,1182.1
1105.8,606.96
1166.2,573.55
1107.7,770.29
1127.4,805.72
1111.4,639.63
1113.5,840
1125.7,780.28
1112.9,111.65
1111,614.5
1112,1083.5
1115.4,690.86
1131.2,747.19
1123.2,489.26
1121.7,894.07
1117.4,174.67
1126.1,464.5
1117.1,612.38
1120,933.38
1119.3,907.68
1142.7,703.16
1124.7,547.12
1121,112
1126.1,405.6
1125.9,432.54
1123,618
1128.3,24.226
1130.4,879.44
1127.2,1071.3
1130.4,847.78
1130.6,933.35
1193.4,1145.7
1137.2,6.6364
1138.3,358.27
1140.1,602.86
1138,879
1139.2,990.56
1146.9,371.78
1141.2,756.68
1140.6,869.95
1151.9,194.49
1145.6,453.56
1142.9,883.62
1157.9,922.18
1148.1,1226.8
1142.6,787.06
1143.5,1173.6
1145.8,156.34
1146,859.92
1144.6,998.06
1149.7,3.4483
1148.1,1195.5
1146,1114
1148.5,495.5
1150.8,562.61
1149,895.5
1152.9,1002.3
1152.8,647.34
1153.1,956.86
1156.6,470.83
1153,494
1159.4,774.25
1163.5,860.78
1157.3,808.08
1157,766
1160.6,565.06
1186.4,743.15
1160.9,875.11
1159.5,1121.5
1160,4.5
1161,829
1161.9,964.05
1165.3,151.47
1164.9,978
1166,461.26
1173.8,797.76
1167.6,1208.3
1169.3,1236
1166,822
1168.5,884.31
1167,8
1174.6,79.897
1169.8,16.921
1169.3,393.61
1175.5,628.43
1172.5,767.04
1169,894
1180.3,160.98
1171.6,224.11
1172.9,987.33
1173.1,485.08
1214.3,854.86
1173.3,130.92
1177.1,352.77
1176.2,1223.5
1175.6,447.59
1175,1077
1175,610.5
1177.8,706.06
1182.2,411.66
1178.3,919.83
1182.6,691.18
1206.8,1086.3
1178.6,275.94
1200,903.07
1184.2,433.12
1179.9,596.35
1192.8,531.54
1181,1234
1183,9.0833
1184,451.47
1185.4,790.86
1187.3,491.25
1186.6,76.043
1189.5,879.55
1191,1221.8
1187.9,921.14
1197.3,370.51
1195.3,682.79
1201,798.79
1194,815.5
1198.4,1180.6
1217.5,158.41
1216.5,1047.4
1198.5,704.04
1201.5,714.97
1204.9,303.85
1199,590.5
1201.2,116.91
1220.7,342.42
1203.2,490.78
1201.7,633.92
1212,553.64
1212.2,642.79
1208.3,675.73
1222.2,805.1
1212.3,10.14
1223.8,597.16
1221,691.84
1215.8,722.08
1216.2,110.21
1213.9,446.65
1210,1066.5
1221.3,199.94
1211,711
1230,489.34
1217.2,421.53
1214.9,219.91
1217.1,572.26
1221.2,173.28
1218.4,943.6
1219,707
1221.3,1197.5
1221.1,1121.4
1236.3,756.3
1225.5,54.079
1223,384
1225,710.62
1223,922
1239.3,906.95
1227.4,1026.6
1230,218.96
1227,894
1238.1,1183.3
1234.3,90.014
1238.1,374.34
1233.3,887.18
1232,1159.7
1232.5,1036
1235.7,246.67
1234.4,357.8
1236.6,3.7059
1241.5,556.65
1236.5,880
1238.1,24
1241.6,1010.1
1240.1,1018.1
1240.2,1212.9
1240.4,399.26
1244,818.57
1244.1,433.43
1243.3,631.51
1243.5,663.8
1244.6,1038.3
1244.3,101.97
1242.6,990.79
1245.7,221.83
1245.9,195.77
1247,19
1247.5,879.5
1247.5,949
