3.1639,769.43
14.111,171.2
16,1049.5
22.761,523.45
21.414,14.707
25.947,1142
26.15,235.79
32.5,1225
33.895,1246.6
35.926,215.41
39.549,1033.4
40.733,1079.6
39,906.5
40.5,950.5
51,1104
52,221.5
57.061,352.85
60.445,106.88
59,1087.8
72.061,957.97
74.5,3.7917
74.741,76.815
78.744,686.45
77.735,765
86.426,257.17
85.944,916.2
93.515,396.04
92.469,532.56
92.667,590.11
105.29,623.48
108.75,515
108.94,1102.1
116.66,954.84
118,1051.2
121.42,978.9
134.4,923.11
133.91,100.09
139.92,2.2703
154.75,1156.1
159.92,361.89
165.25,179.9
166.74,1196.2
167.51,1028.8
171.67,420
182.5,140.88
182.07,312.59
190.52,1025.9
186,1233
194.87,1113.9
196.07,871.47
196.5,218.86
201.02,230.54
202.5,530.5
209.91,1034.1
212.41,732.94
222.8,189.39
220.5,435.5
229.05,1167.2
229.1,257.62
230.94,451.16
237.07,643.6
240.97,455.4
243,901
247.64,31.33
253.35,84.642
272.5,269.01
278.64,313.63
276.21,1246.7
279.5,32.5
301.54,203.38
300.34,56.5
310.08,701.23
306.42,276.89
308.89,482.05
312.09,238.91
316.17,264
319.49,652.88
319.5,926.74
318.05,1163.7
324.64,406.5
330.79,1124.1
334.68,239.11
339.53,164.57
348.82,668.53
346.17,244
352.09,161.67
383.29,352.25
389.07,286.19
389.32,39
394.14,564.01
396,319
399.55,880.57
403.23,767.77
408.82,983.79
412.58,1217.8
412,641
417.94,817.55
418.37,113.37
427.32,832.05
433.98,988.36
437.48,447.2
439.75,355.48
440.15,472.38
443.05,869.76
444.11,304.37
445.39,626.93
446.29,752.88
449.17,93.407
449.92,535.41
464.32,455.59
471.07,402.43
473.96,782.02
474.5,200.67
489.55,170.41
502.1,221.35
496.59,338.78
496.42,1044.4
497.5,123.5
500.96,441.07
505,872
509,618.25
513.34,340.08
517.99,275.78
521.24,978.33
525.91,634.91
531.9,63.62
538.38,973.4
547.07,148.05
546.93,813.59
551.97,922.27
575.89,738.5
577.34,415.01
581.62,129.85
581,1046.7
586.6,657.36
600.68,550.78
600.69,892.17
617,151.5
619.18,30.984
628.32,508.48
619.94,861.06
624,590.5
626,109
638.71,254.71
641.35,799.6
657.61,46.345
659.18,207.06
664.16,112.9
667,835.5
670.76,1087.6
677.33,3.6444
677.98,484.06
677.39,859.86
692.82,172.15
692.15,661.29
691.52,200.61
695.26,300.93
704.12,970.48
709.23,1232.6
713.92,340.41
716.17,946.26
719.4,899.59
719.67,109.56
724.25,859.84
724.6,1042.3
727.77,974.9
730.91,340.09
738.7,416.05
740.61,1081.4
742.07,289.59
746.08,218.33
743.42,545.89
757.6,42.672
755.65,172.01
754.42,1067.5
768.61,275.14
773.44,648.05
773.92,257.92
782.28,806.42
789.04,709.57
794.08,282.08
811.85,763.3
816.29,1148.1
827.95,59.929
826.92,636.56
831.19,626.07
838.44,511.08
853.49,30.964
852.5,931
857.39,739.36
854.5,1025.5
856.33,406.59
864.89,471.63
869.07,455.09
871.57,542.77
872.5,597.49
883.93,169.03
887.1,1161.1
888.14,301.14
892.46,546.21
890.08,666.08
899.85,378.3
909.09,133.91
910.58,444.06
913.95,159.68
915.25,972.16
916.65,1142.5
917.14,226.14
920.95,447.4
923.86,900.65
922.63,353.23
927.25,102.33
934.22,227.26
929.29,1035.6
936.22,118.85
938.05,444.07
941.03,656.45
940.66,796.06
955.21,239.13
954.39,568.11
958.75,774.74
958.01,1119.1
966.59,1188.1
969.36,539.97
976.99,351.69
984.2,169.93
991.9,423.13
995.57,506.3
996,799.32
997.7,1154.5
1007.5,330
1008.9,208.66
1009.4,624.76
1010.3,698
1017.7,1113.7
1016.4,896.9
1019.5,1161.5
1025.7,39.255
1027,476.24
1029,1179
1038,941.5
1044.5,21.325
1043.6,1106
1051,820.35
1053.3,701.4
1060.6,594.64
1065.3,826.51
1074.3,469.83
1079,277.5
1084.6,1201.3
1087.5,148.64
1086.8,963
1091.9,235.05
1100.1,1027
1108.6,374.74
1109.9,789.38
1116.4,421.58
1117.6,893.58
1129,141.26
1133.3,228.5
1132.3,1035.2
1139.4,779.16
1138,119.58
1142.5,600.44
1148.2,796.11
1153.2,909.41
1156.8,1013.1
1157,465.2
1160.9,441.42
1157,85
1168.6,824.1
1178.5,24.5
1179.4,616.6
1187.8,878.01
1197.5,2.9778
1197.1,866.72
1205.7,1121.8
1206.8,1157
1216.4,971.11
1216.4,384.75
1238.1,678.32
1234.6,442.41
1233.5,1045.5
1235.9,463.07
1235.3,635.78
1239.6,417.91
