7.0604,380.26
7.1929,1146
8.1493,710.48
13.611,493.39
15.045,138.93
18.857,589.5
24.273,215.58
30.951,274.2
30.69,891.13
34.548,730.71
47.706,883.63
49.321,365
61.576,570.42
64.262,380.64
67.094,183.13
69.342,477.27
76.217,715.4
76.048,737.63
76.387,800.98
80.196,257.26
79.16,269.17
88.665,272.7
84.321,510
85.605,688.13
91.467,662.71
91.909,383.09
100.07,73.407
100.5,284.5
107,287
126.79,89.214
132.39,348.86
143.17,316.82
144.93,442.41
151.55,898.53
154.81,89.208
153.45,851.53
157.16,927.94
159.87,1154.3
177.95,149.93
181.03,727.93
182.58,298.89
185.57,50.867
186.32,487.17
200.08,109.88
204.14,354.68
209.54,938.93
219.32,654.5
227.5,173.5
227.58,1232.7
234.43,941.71
234.58,361.55
236.5,623
248.48,967.31
256.07,111.25
256.64,161.81
258.78,236.98
261.44,467.05
266.9,548.67
268.9,310.12
275.51,754.32
278.13,918.87
283.93,320.1
294.35,1231.4
293.45,103.69
307.93,330.41
314.89,130.62
316.32,1209.6
323,425.68
331.76,57.469
331,201
337.65,786.37
340.53,1226.7
339.57,361.95
347.12,965.16
350.07,467.21
352.49,180.18
353.89,600.62
356.66,242.27
355.86,122.5
358,1187
369.3,264.31
371.46,370.93
372.5,45
377.61,102.68
383.31,848.19
387.41,357.07
389.83,1032.5
390.5,1007.5
392.5,272
396.17,887
397,1058
404.07,451.8
403,1153.8
406.81,1222.4
406.17,256
408.55,816.47
409.15,233.99
424.91,1081.5
437.84,112.35
438.06,931.34
446.67,876
449.83,430
455.9,815.73
457.73,76.614
460.94,975.45
461.5,1053.5
463.38,241.42
471.6,162.41
487.91,599.54
482,942.15
484.73,907.16
490.75,677.08
492.24,271.65
493.95,1118.3
499.25,464.68
507.02,199.02
511.01,909.99
516.42,57.452
522.12,355
531.71,841.97
539.9,52.065
539.34,124.08
537.85,499.46
550,413
561.07,34.916
556.71,784.81
561.61,326.02
561.88,487.35
562.84,810.43
567.5,583.93
568.31,1172.1
576.87,811.28
584.5,156
588.65,250.3
587.6,971.89
595.25,1115.2
604.38,494.38
613.74,958.47
614.17,306.07
622.17,61
629.72,1047.5
629.17,733
636.06,621.01
637.61,174.59
649.18,294.36
648.38,804.18
654.58,885.29
661.35,1240.4
659.06,1008.6
662,168.5
661,765
662.91,9.0909
667,131
669.94,675.97
671.09,198.91
698.82,1240.3
688.7,513.7
694.85,768.23
703.74,1008
706.46,219.85
705.56,314.92
709.08,117.54
712.93,507.86
710.94,574.97
713.8,848.85
721.59,1051.8
722.9,261.18
724.83,1214
735.42,1244.6
730.39,870.97
731.95,228.93
743.74,68.63
739.55,929
742.64,1223.9
745.48,35.586
750.5,1006
751.5,841.72
755.92,13.917
763.85,1043.2
766.75,7.2736
771.29,256.61
771.92,1245.4
777.3,827.7
782.9,71.542
786,983
797.6,1052.9
812.65,306.06
818.52,1147
835.86,1240.5
840.19,531.93
846.94,624.42
858.91,1125.9
861.77,807.4
865.09,1088.9
877.5,489.26
879.88,747.64
878.11,712.42
881.07,544.19
890.09,703.87
889.16,141.2
900.82,1014.1
900.72,730.52
900.5,809.5
908.29,705
908,80.174
911.07,291.41
911.53,663.58
912.1,4
915.19,503
933.58,246.47
939.21,6.8547
941.11,21.957
941.23,871.63
942.06,179.45
951.14,750.49
951.31,411.98
952.6,196.64
960.95,1155.8
968.05,32.908
967.47,578.93
980.5,1065.5
986.11,47.528
986,517.5
995.46,81.474
998.21,122.99
1004.4,53.444
1008.1,351.98
1018.6,106.08
1019.5,68.453
1020.6,31.521
1022.5,705
1031,77.197
1034.5,1087.1
1042.4,52.984
1035.3,637.07
1035.7,303.81
1039.6,486.04
1041.8,87.132
1043.7,143.71
1052,1103.6
1057.7,1005.2
1058.9,388.3
1059.8,94.085
1061.9,304.41
1060,447.5
1068,79
1071.2,545.99
1068.4,11.895
1070.9,699.5
1074.3,161.45
1082.8,59.577
1081.1,578.34
1090.6,427.07
1097.6,1085.3
1112.4,63.291
1112.2,1146.2
1116.1,1081.4
1117.2,739.25
1119,7.3462
1125.9,463.61
1135.6,57.729
1133,382
1143.3,181.96
1143.7,1051.5
1149.4,29.367
1151.4,246.97
1150.5,512
1157.4,369.92
1156.1,12.909
1160.9,74.521
1162.8,426.24
1162.7,550.08
1168.5,216.96
1164.8,743
1166.8,86.964
1169.3,974.11
1182.1,61.903
1182.4,1008.1
1186.3,1230.6
1185.9,943.59
1190.4,170.08
1202.4,5.2
1205.5,392.4
1204.8,807.67
1205.9,1115.9
1207.3,311.22
1214.2,29.452
1217,1046.5
1220.5,398.68
1220.4,531.31
1218.4,866.58
1228.5,829
1231.1,960.85
1232.1,771.65
1231.3,974.54
1232.2,574.73
1236.2,546.89
1234.3,161.35
1240.4,755.23
1242,953.26
1244.6,997.32
1245.1,1027.7
