11.977,70.094
3.3951,230.77
2.2763,269.54
1.9091,286.64
8.4097,322.09
1.5,446
1.5,452.5
30.681,483.8
79.944,540.92
3.4758,644.26
2.8462,662.58
3.0244,678.34
29.107,906.65
54.468,927.13
7.3516,967.66
17.675,744.3
5,443
10.95,212.55
170.28,912.06
18.461,191.62
23.221,141.99
23.156,878.44
25,645.42
27.114,763.19
24.143,838.14
28,125
47.986,58.519
39.826,609.78
56.26,975.56
92.734,254.26
45.761,284.07
49.315,592.37
64.621,857.17
63.976,830.94
60.512,613.21
66.632,194.68
80.339,75.194
100.19,92.253
82.613,624.45
87.5,79
95.715,39.106
97.204,742.97
147.07,90.4
110.8,313.64
120.01,188.18
115,339
126.19,25.698
139.75,944.74
178.43,782.03
131.97,852.24
132.61,293.57
136.74,311.19
141,566
151.46,653.93
179.6,418.03
176.69,278.09
191.66,209.04
161.5,379
175.95,12.267
188.55,156.86
181.72,40.317
179.53,847.24
185.7,880.6
183.67,822
165.75,510.43
193.29,359.64
208.28,495.98
198.17,857.25
197.99,904.88
202.1,171.75
202.26,579.1
211.94,412.66
210.4,133.47
211.2,339.49
212,1096.5
224.26,52.552
214,22
218.5,202
228.55,631.57
296.66,103.62
266.14,853.2
234.58,552.69
230,290.53
242.74,462.01
228.97,666.55
276.09,334.48
247.9,592.28
247.36,52.52
250.61,213.45
248.3,1066.3
284.08,652.34
259.7,74.207
251.89,94.389
261.53,296.56
261.92,548.57
264.35,241.6
272.48,57.59
271.4,503.6
272.41,522.94
279.32,290.01
283.76,761.86
291.49,240.53
292,498
300.72,959.42
343.95,874.11
351.39,725.79
343.39,288.84
315.06,1070.2
333.45,496.78
305.93,1084.4
307.92,1102.7
307.83,332.13
376.42,346.4
364,627.14
324.32,820.71
313.4,428.4
323.05,907.98
326.52,399.24
327,422.83
348.41,994.57
338.93,456.59
339.28,590.03
335.04,377.59
338.99,136.04
353.29,13.218
347.03,404.09
356.23,914.73
355,557.66
376.87,672.45
366.8,1233.7
368.56,1304.1
369,381.5
379.15,935.75
382.32,789.68
449.87,948.85
397.45,757.09
383.6,826.35
391.4,58.395
409.48,874.73
400.22,1310.3
398.54,1209
438.5,508.99
397.31,337.54
387,1111.5
391.2,1125.4
406.28,802.05
396.5,949.5
408.14,435.44
404.52,459.88
405.96,552.21
410.98,637.58
407.37,842.08
521.45,566.5
415.43,1130
409.58,54.394
409.09,619.19
414.36,128.29
427.41,49.309
417.82,3
416,539
419.76,149.93
433.28,275.98
419.5,139
424.43,1219.5
431.73,416.5
425.81,830.14
455.43,594.95
430.33,168.16
435.96,1025.6
441.95,376.76
444.3,729.72
446.36,453.32
461.78,765.06
457.83,1166.4
479.88,728.99
477.05,691.57
500.34,32.233
482.19,672.21
485.13,999.74
482.12,709.46
485.71,645.92
485,659.15
487.59,393
499.31,763.93
490.53,570.6
545.05,167.59
494.4,695.31
491.1,1085
491,151
506.25,118.5
496,582.5
497.23,154.15
496.91,1002.5
503.21,313.99
504.06,1005.6
508.39,785.69
519.48,464.36
508.35,332.12
539.87,1241.9
513.56,78.651
519.29,382.99
514.47,66.66
516.5,576.88
520,83.333
534.59,1016.8
527.46,775.18
532.47,335.99
534.99,6.5766
541.47,322.81
541.44,649.93
543.5,1209.5
545.91,287.52
569.32,286.67
553.89,964.32
559,103.08
558.17,345.25
559.91,336.43
572.52,1224.7
564.4,942.4
567.45,215.18
575.86,273.62
570.89,985.79
575.96,1254.5
585.24,876.16
582.57,1060.2
580,257.67
582.54,335.76
653.68,108.46
592.17,747.41
586,626
589.37,1029.1
589.15,913.94
588.74,1104.3
613.83,251.18
643.04,697.94
591.35,897.88
594.06,499.41
601.17,801.69
600.77,817.6
603.21,441.44
602.19,303.73
603.7,407.04
603.5,391
615.71,105.07
611,455
626.13,341.22
616.2,374.27
670.24,435.84
618.03,181.04
628.81,419.85
624.39,496.5
630.33,155.09
631.94,12.102
625.73,1237.2
630.23,96.177
627.5,209
635.79,958.47
649.88,1096.6
657.43,252.03
644.73,429.68
646.05,393.09
660.34,139.97
658.39,895.85
733.92,81.469
673.25,797.33
659.78,465.28
659.64,573.18
663.35,484.15
677.7,38.681
662.5,519.5
685.92,1168.3
671,521
707.37,1283.3
692.62,113.74
692.6,668.07
825.69,314.38
704.2,448.65
703.53,212.02
704.92,32.454
703.62,665.44
704,827.35
732.48,895.78
705.68,698.35
704.95,820.91
707.68,159.74
709.45,857.29
712.55,188.27
713,742
722.9,481.2
727.64,254.97
724.52,690.99
724.38,802.12
741.57,593.25
731.66,988.4
743.06,311.12
743.99,834.49
768.07,1105.5
744.53,450.65
749.31,1319.1
742,404
748.93,52.017
753.4,1001.6
756.49,816.98
758.8,389.2
801.49,477.5
760.14,687.14
835.77,627.01
766.5,375.5
773.27,818.32
772.53,599.02
772.44,937.92
810.43,1287.1
784.14,5.4492
788.18,777.08
786.49,865.19
799.84,14.747
794.64,283.45
799.14,946.48
820.72,820.73
808.93,1243.7
810.89,1226.9
824.76,578.29
822.77,263.92
832.64,1039.8
835.03,1283
836.09,1326.7
835.5,1108
893.41,64.037
841.19,250.19
846.5,241.86
877.78,1240.7
857.91,851.02
857.49,444.15
863.69,1121.1
881.88,1064
863.36,270.5
869.54,968.55
876.1,408.45
897.49,173.64
879.04,265.86
876,998.41
875,884
895.63,682.41
880.54,935.46
896.2,631.71
886,978.5
906.87,232.49
902.13,911.77
897.85,992.31
903.44,940.19
908.67,856.2
915.67,332.41
912,957
913,1030
926.52,697.6
917.93,979.96
923.91,1017.3
920,613.5
922.22,763.41
938.4,838.05
922.53,1141
937.45,1003.1
1014.1,44.665
927.74,652.29
931.5,413.9
928,1091
945.99,1230.9
931.37,902.4
932,52.333
998.89,487.94
933.62,949.12
935.57,1094.2
950.4,934.16
943,567.81
943.53,1128.2
956.92,1064.5
967.2,384.63
972.87,659.39
960,417.09
963.84,858.8
961.94,439.89
964.5,881.88
964.24,1002.1
969.6,877.6
979.31,935.81
976.9,906.03
979.79,1240.4
986.81,861.91
1008.4,1199.4
990.55,636.97
988.9,785.71
995.2,819.98
998.75,894.57
999.09,1020.9
1000.8,628.58
1011.9,198.03
1061.5,663.52
1035.7,947.38
1062.6,758.09
1016.7,592.01
1015,1039
1018.3,1155.5
1024.1,134.74
1023.4,561.92
1040.7,324.14
1038.5,1237.9
1062.5,212.98
1019.1,1010.4
1048.6,1278.2
1051,87.7
1057.3,1004.2
1057.2,1301.4
1058.2,947.25
1065.5,1320.2
1095.1,777.22
1078,994.32
1077.1,259.36
1087.3,397.67
1085.5,2
1092.5,195.69
1095.4,1.9714
1094,234
1112.1,458.22
1100.5,595
1121.6,254.43
1115.8,711.98
1189.2,1000.6
1142.9,64.348
1129.5,685.41
1151,1188.5
1154.9,94.091
1163.9,911.27
1158,958.4
1163.1,383.29
1175.5,18.315
1176.3,840.96
1193.7,102.59
1188.4,1167.1
1190.3,5.7397
1190.5,137.74
1196.5,535.1
1203,832.6
1236.9,1069.7
1232.8,330.81
1212.8,1035.6
1219.2,961
1225.8,64.962
1228.8,456.94
1238.6,1020.5
1239.7,619.66
1247.6,460.62
1255.4,904.94
1292.3,451.4
1269.6,424.93
1263.5,916.5
1302.8,968.93
1291,485.89
1272.8,1108.2
1272.8,1218.2
1311.5,1270.6
1310,72.543
1307.5,669.47
1315.2,699.35
1315.4,782.1
1320.3,800.4
1321,816.67
1324.5,1091.6
1329.5,763.13
1330,386
1331.2,831
1331,915.16
