72.707,1120
83.5,871
128,760.5
136.27,448.55
173.79,442.68
161.43,389.78
159.91,158.91
234.7,609.04
243.66,361.59
275.91,446.91
279.5,661.5
282,342.5
286.46,147.09
288.94,726.86
290.68,712.08
320,652
320.44,1068.8
322.58,25.175
323.26,1245.2
325.8,1119.8
344.66,1078.9
344.2,1194.6
368.84,1163
374.87,785.13
386.64,1060.8
404.05,1037.5
405.35,245.54
417.85,263.83
414.59,993
434,187.91
434.77,1023.8
434,387.67
451.61,853.97
498.75,860.83
500.61,182.86
511.26,71.569
511,401.5
513.91,167.91
523.7,336.6
531.5,912
558.36,297.35
574.39,319
598.73,505.39
600,790.5
626.5,1032.5
645.06,597.69
700.94,1167.7
711.5,692.5
729.44,487.67
741.08,702.2
749.1,1110.6
761.46,81.146
761.74,850.63
762.82,796.64
767.08,97.083
769.07,915.41
783.22,823.77
787,287.16
789.55,517.46
794.95,214.68
807.4,982.64
828.93,832.63
832.5,382.5
854.59,1060.8
857.01,778.29
883.06,88.298
883.5,223.5
886.67,738.4
887.78,155.79
887.97,643.15
898.76,1245.1
908.91,1069.1
924.96,451.74
937.9,1192.6
952.07,592.65
954.31,167
963.33,890.1
966.94,868.59
972.72,673.43
972.04,1065.4
977,725
987.74,60.214
997.42,1080
1004.9,818.59
1022.1,1098.7
1022.5,857.06
1026.6,1202.6
1037.4,65.139
1043.1,403.91
1048.2,91.78
1056.9,218.31
1055.7,338.08
1062.2,285
1066.9,80.56
1074.1,99.762
1071.6,1234.2
1072,243.5
1076,155.49
1075.6,1176.2
1075.9,1089.9
1083.1,307.61
1085.4,199.46
1088.6,435.04
1089.9,284.59
1090.2,490.77
1097.1,1051.6
1097,37
1099.6,304.68
1099.7,463.54
1100.8,1.8261
1101.5,346.17
1105.5,169.71
1102.3,215.47
1100.6,238.87
1103.2,415.98
1101.5,505.5
1105.2,62.916
1108.2,118.53
1118.7,187.49
1104.9,1083.9
1107.8,273.92
1106.5,441.08
1106.6,139.11
1108.5,1116.5
1109.4,961.75
1113.6,361.84
1115.2,415.11
1118,210.48
1126.3,244.53
1151.6,104.38
1121.2,136.84
1118.1,52.633
1123.5,386.28
1127.4,32.553
1139.2,320.5
1201.9,155.37
1133.2,4.5714
1138.9,393.2
1135.3,500.51
1175.2,304.18
1147.2,449.37
1142.4,710.12
1148,263.94
1144,59.025
1147.9,1172.4
1151.5,540.33
1151.9,359.41
1159.2,340.54
1159.7,499.11
1155.9,399.36
1160.4,363.35
1162.6,51.633
1171.4,430.35
1172.9,537.73
1175.9,75.228
1184.6,379.56
1182.4,8.1783
1185.1,708.41
1189,582.32
1187.2,400.07
1190.1,487.41
1192.9,70.407
1194.9,457.7
1193.7,523.55
1195.9,104.75
1200.1,410.06
1201.2,273.25
1199.9,794.09
1200.9,84.407
1203.5,431.92
1210,367.45
1204.5,73
1209.7,107.92
1212.7,937.73
1214,30.574
1212.4,80.105
1222.7,84.608
1223.8,280.27
1219.6,343.77
1221,424.14
1220.7,663.73
1220.3,97.645
1225.8,62.969
1224.8,15.038
1225.9,408.13
1227.4,720.4
1229.5,981.4
1230.9,1049.9
1236.8,45.897
1242.9,291.32
1242,23.5
1244.4,113.94
1241.9,387.92
1243.5,610.65
1245.8,228.13
1246.6,256.96
