35.805,156.77
29.339,359.94
2.6481,444.09
9.2153,461.83
19.001,606.67
24.338,844.03
39.713,771.78
43.04,699.44
45.784,813.7
52.297,446.49
50.286,581.21
55.107,852.65
152.11,992.48
93.633,943.29
114.6,295.86
113.85,143.42
112.56,1220
133.24,1318.7
122.11,1202.9
162.92,728.97
141.93,1182.5
145.54,1212.3
177.49,15.937
186.24,99.207
189.95,67.538
190.33,788.33
194.51,133.58
197.81,173.07
198.35,217.68
197.87,34.007
198.91,1140.5
207.68,677.01
205.79,261.12
216.43,720.89
214.05,1172.7
216.32,158.99
216.23,737.49
218.47,619.44
230.16,619.6
239.5,1003.8
229,781
235.11,364.05
236.82,1082.5
231.58,284.11
246.7,1238.9
253.32,935.35
252.5,854
296.79,1052.3
268.81,592.04
254.91,907.48
268.99,1225.4
271.97,126.57
292.56,1302
291.49,129.91
297.15,652.21
304.48,272.99
309.82,1261.6
314.9,333.95
327.1,614.83
325.24,575.17
321.04,475.96
328.68,224.85
330.64,341.55
339.89,1147.4
340.95,521.06
336.88,423.35
341.79,464.03
367.42,182.52
360,1062.3
345.1,1330.4
356.39,483.24
351.63,1285.7
356.72,126.98
351.5,165.62
366.81,563.23
372.91,996.72
375.68,1105.2
397.71,114.27
378,343.5
381.35,392.29
381.5,1320
383.85,224.39
383.87,973.03
397.67,954.67
405.68,963.61
432.94,475.54
439.32,932.64
437.77,1072.4
446.02,804.95
448.49,3.4878
449.5,464.5
461.44,953.72
462.69,1077
479.54,438.37
469.91,514.72
468.29,928.99
471.99,1119.7
478.89,794.78
494.62,470.04
504.64,915.03
491.5,596
500.54,1303.6
522.44,190.51
533.57,395.66
502.86,598.84
503,121.5
548.51,669.49
504.82,234.55
524.47,507.61
535.99,137.61
528.95,425.93
534.19,902.44
542.12,101.99
559.35,757.99
568.48,484.14
579.59,803.65
572.87,139.98
572.59,543.8
580.64,118.42
602.72,746.85
589.43,365.19
585,1071
624.69,476.38
643.77,332.78
649.49,1221
658.9,882.4
642.32,246.05
638.15,929.92
695.65,549.53
654.07,1158.8
650.28,348.72
694.53,725.02
682.25,330.15
691.47,682.73
694.43,384.75
704.18,1139.6
699.29,1271.7
710.55,328.23
702.14,1241.3
714.87,851.87
712.41,1285.3
716.02,869.18
726.97,1004.1
717.36,1090.8
743.34,399.88
726.62,626.46
726.53,1127
731.63,1053
742.6,758.14
747.82,532.09
752.01,995.68
751.71,1229.3
746.08,860.8
753.51,300.57
765.51,738.9
769.99,488.28
769.48,758.92
770.52,536.42
770.68,340.05
785.97,1044.5
782.71,354.19
793.7,311.89
781.59,1281
795.24,1152.6
812.21,327.01
813.73,627.98
845.02,446.87
822.5,371.38
835.95,1070.8
859.93,994
844.36,1297.3
845.8,1276.5
849.75,644.68
858.4,1180.9
863.66,660.36
867.97,551.6
888.5,472.16
882.69,446.29
892.18,198.43
892.94,529.39
914.14,328.47
892,445
897.5,503.86
934.27,920.27
938,1117
962.12,1117.3
956.97,191.09
968.18,328.28
967.96,166.43
963.5,478.5
974.18,207.81
978.85,367.57
978.04,140.29
1007.6,317.12
989.47,432.39
991.01,276.45
1006.8,215.64
1007.1,1125.4
1001,339.35
1005.3,289.71
1017.6,384.01
1023.1,230.51
1043.3,677.76
1078.4,137.65
1049.6,1133.8
1060.3,569.18
1054,329.67
1085.4,320.55
1085,1135.8
1160,469.72
1090,1090.9
1101.9,1065.8
1094.4,167.38
1115.8,1127.4
1113.2,298.86
1125,1058.5
1124.5,311
1128,25.622
1129.8,1075.7
1147,317.48
1141,1153.4
1149.4,1075.9
1179.1,1163.1
1167.1,736.04
1171.5,821
1185.5,783.97
1185.3,98.342
1211.5,25.065
1235.8,738.8
1215.7,535.97
1232.5,337.67
1266.6,835.27
1261,1144.9
1289.8,222.02
1240.1,969.14
1259.2,669.31
1256.6,755.47
1286.7,1007.8
1304,732.35
1310.5,893.55
1312.6,18.333
1312.8,812.77
1324.1,833.57
