6.0684,356.65
28.486,998.29
1.5,1117
2.3939,1177.7
2.6,1281.6
3.4,1298.9
51.239,178.1
11.017,302.5
25.07,929.77
22.38,1274.2
32.654,296.4
29,418.33
40.5,1217.5
53.655,287.73
51.6,430.31
60.091,925.91
67.579,176.11
70.762,488.71
71.857,911.5
75.977,273.14
80.829,602.89
87.447,420.65
90.035,627.05
86,435.5
87.615,640.81
104.58,183.78
91.078,453.56
94.149,865.02
119.43,301.33
124.58,765.45
104.1,799.82
111.96,785.13
127.03,215.81
132.83,500.17
142.67,128.98
149.66,218.22
167.8,41.996
182.75,723.9
266.86,738.22
234.28,279.65
284.24,313.87
274.61,246.43
325.14,364.53
308.7,412.58
343.76,621.65
317,589.5
323.59,981.03
352.57,294.34
374.14,742.37
383,325.5
392.92,612.5
394.56,39.356
392.8,82.408
399.17,372.55
403.79,106.81
419.2,724.79
416.35,486.46
412.49,65
464.39,602.82
419.45,245.31
424.9,80.803
420.38,293.61
436.69,101.02
440.67,1292.3
449.77,109.88
452.46,14.353
459.55,436
470.43,117.37
472.37,285.94
489.68,569.21
468.89,623.58
480.58,1290.9
474,23
500.08,311.95
496.74,431.39
499.82,276.56
513.87,758.35
505.86,1275.9
516.14,635.56
524.48,463.37
530.99,1271.4
531.55,523.29
520.56,557.62
525.59,576.94
532.77,670.48
536.9,719.95
542.77,352.26
538.58,485.11
566.19,232.92
552.02,278.89
551.01,1111.6
557.1,715.99
562.39,684.26
558.08,484.75
586.82,629.16
593.31,134.23
604.63,153.34
600.31,398.37
608.94,891.55
653.3,589.91
627.28,190.3
697.15,850.28
643.85,631.48
672.08,1058.3
689.91,468.13
680.92,488.3
681.43,866.86
689.66,1056.9
701.26,685.98
691.31,492
695.6,958.6
703.44,283.92
713.72,182.08
710.66,1083.1
719.3,1234
717.93,518.76
718.83,941.61
717.12,546
717.85,236.65
719.62,905.36
741.87,619.81
727.41,568.67
741.32,315.84
741.36,399.5
747.03,375.11
755.67,1313.7
752.93,803.07
753.22,1275.6
758.42,170.27
759.15,995.55
761.04,965.87
769.95,393.05
779.75,582.29
784.85,452.42
783.67,682.09
792.65,779.76
784.26,1032.5
792,928.33
801.82,986.19
796.07,1057
795.59,1086.3
804.24,1025.5
812.76,942.1
802.2,1104.9
807.91,1122.3
869.1,1163.7
806.01,1152.7
809.57,121.97
828.61,1295.8
815.96,801.46
822.46,1240.1
832.74,825.41
836.79,1003.7
840.31,132.95
839.89,84
843.32,105.58
844.35,724
847.5,82.5
867.9,865.99
859,82
859.5,1288
862.05,1076.7
912.24,788.55
885.06,1311.9
882.44,35.92
892.89,903.07
891.47,1248.4
903.78,988.25
900.16,813.21
915.21,1228.6
926.14,826.11
923.94,962.45
964.56,614.99
951.13,1052.5
963.21,751.4
967.43,1299.6
993.05,899.54
983.51,1271.2
982.95,1222.4
979.85,1148.4
993.27,832.34
991.67,1098.6
989.95,965.43
1000.5,1014.4
1044.1,851.61
1017.5,917.56
1029.5,1134.2
1029.3,122.33
1039.2,521.11
1045,761.6
1039.9,890
1119,1250.1
1079,170.74
1089.5,1249.7
1087.3,583.93
1083.3,1220.1
1120.7,1165.5
1149.6,101.65
1161.4,685.66
1173.1,24.575
1160.6,1159.9
1164.8,1278.1
1195.9,1316.5
1174.1,197.91
1174.5,1262.5
1233.6,1131.4
1194.5,1285.1
1201.2,1044
1209.1,73.512
1237.2,918.58
1213.1,1107.3
1213,1275.4
1210.2,1121.7
1221.1,1040.2
1222.5,1082.3
1242.4,1279.9
1241.9,1244.5
1259.4,9.6389
1264.4,1309.4
1277.1,974.89
1287.4,739.22
1291.9,19.5
1295.1,1001.5
1299.4,1045.3
1316.6,966.28
1313.6,1019
1317,553.42
1322.8,45.453
1326.1,517.45
1327.4,814.51
1328.4,983.44
1328.6,774.23
