1.875,656.88
1.8621,1241
13.644,509.86
13.281,798.07
13.776,1224.6
16.409,59.106
26,1191.2
39.24,188.06
44.191,951.81
71.143,1233
72.931,1197.4
79.635,821.95
84.218,1052.5
96.477,1214.8
117.98,1129.2
117,633.5
119.09,711.56
127.03,922.44
126.4,883.89
140.76,783.12
147,506
152.85,378.06
153,814.83
168.35,1104.6
187.38,865.76
192.89,423.79
198.48,939.82
207.76,581.04
219.52,634.71
220.8,567.08
232.18,488.95
235.93,922.84
242.32,1197.8
248.76,7.267
249.93,606.56
248.96,1123.3
261.8,446.52
261.03,766.95
258.5,979.5
274.73,1009.7
275.35,562.35
279.07,381.8
284.12,802.47
310.11,877.47
308,1226.8
314.49,413.17
327.56,821.42
337,206.21
351.83,740.67
353.69,435.19
358.96,691.81
366.48,240.26
359.89,1195
363.24,601.2
367.63,495.16
380.03,1023
391.66,606.62
398.97,1187.8
399.11,1145.8
399,7.7442
402.41,93.14
415.05,169.63
422.61,483.86
425.42,146.85
428.86,1130
470.63,987.11
475,58.5
481.43,856.18
481.52,237.22
498.47,348.86
500.57,633.28
503.45,566.69
503.11,887.42
511.05,313.46
516.02,471.21
518.93,118.05
521.61,567.29
518.55,742.42
521.17,869
531.73,1098.4
543.5,333.5
551.78,366.38
560.03,49.114
566.97,96.954
574.63,48.605
575.98,288.53
581.55,718.31
586.54,186.22
621.99,844.64
629.25,657
630.53,291.77
636.63,376.63
647.07,289.51
647.09,449.91
649.45,1133.5
651.5,861
658.62,362.74
659.96,1046.8
662.59,1215.9
665.37,619.02
669.86,715.59
676.42,445.7
696.44,476.7
702.75,773.5
706.8,909.15
707.44,156.33
709.75,860.8
715.9,418.35
717.83,1000.5
722.56,799.28
724.1,198.38
732.47,175.76
739.25,56
742.56,36.593
744.5,573
752.4,479.09
751.96,437.44
753.91,761.09
759.45,877.89
759.92,1134.2
767.2,719.44
767.93,911.41
785.42,146.42
786.07,182.41
799.4,1153
803.3,143.04
802.82,307.82
809.17,410.58
808.08,326.08
814.71,165.06
821.82,803.97
827.3,74.897
823.07,256.59
828.37,1012.3
829.08,447.08
843.01,1027.6
852.9,706.49
861.04,280.55
861.58,621.62
868.47,218.72
870.43,1124.2
874.55,1164.6
877.76,1185.5
878.63,946.19
885.11,343.42
889.08,918.63
889.51,144.27
891.41,542.76
891.34,303.47
897.84,989.14
897.76,455.24
903.25,57.325
901.83,360.42
900.5,488.36
903.64,528.38
904.45,506.77
909.54,1038.5
908.02,873.12
911.36,443.14
917.65,983.43
916.93,800.07
926.02,773.61
927.29,460.06
930.49,714.96
930.44,527.8
939.12,1040.2
951.15,151.21
952.04,91.808
956.84,1178.5
957.87,327
984.48,630.55
984.13,441.35
986.24,595.15
995.49,983.48
996.07,660.47
1003,449.68
1012.8,272.81
1017,1237
1031.3,1010
1029.9,455.91
1038.8,1133.5
1040.2,745.96
1038.4,48.603
1047.9,32.02
1055.1,851.87
1065.4,965.02
1062.4,554.71
1065.6,297.61
1070.7,768.34
1072.6,197.13
1072.4,451.12
1082.7,354.27
1089.6,610.29
1088.9,790.95
1088.8,1134
1090.6,273.92
1092.2,347.5
1098.1,824.8
1100.4,470.24
1105,103.24
1109,659.5
1116.4,785.1
1115.5,981.2
1117.9,1173.1
1126.5,859.71
1124.5,71
1129.1,754.41
1135.4,1225.5
1143.2,237.63
1139.1,1189.5
1146.6,52.042
1146.1,702.4
1154,1197.5
1155.4,1184.5
1171.2,1216.9
1180.8,354.9
1181.7,319.67
1187.1,1090.3
1189.6,424.42
1202.5,268
1211.8,205
1216.4,23.38
1218.2,639.59
1225.9,351.49
1230.8,381.54
1228.9,68.472
1230.6,8.1803
1231.6,729.17
1238.6,542.4
1236.8,321.52
1237.6,405.3
1235.6,529.6
1240.9,525.86
1243,1011.2
1247.1,563.5
