23.243,18.4
1.5,29
2.087,56.174
1.9091,224.5
6.2376,270.26
3.5556,347.44
3.0943,375.51
6.79,639.71
6.6175,807.33
4.1156,894.6
7.2556,1063.6
9.4671,248.47
7.5,737
12.266,828.69
8.4,236.4
15.299,862.36
10.179,873.29
10.139,957.31
19.892,401.53
14.534,1019.1
17.718,788.29
17.482,1274.7
24.464,510.07
27.067,337.96
25.554,613.44
24.5,1057.5
31.082,883.92
60.989,679.64
31.571,238.29
32,1054.7
35,254
72.042,781.39
41.641,654.71
81.293,1042.9
49.234,321.13
61.435,2.2685
50.607,255.13
52.381,503.35
51.979,1266.5
95.534,484.89
56.604,869.62
62.512,281.36
71.679,396.6
82.813,1270
69.273,649.3
71.485,305.97
81.591,1128.2
101.71,989.42
87.366,233.14
89.372,745.82
85.625,1142.7
90.676,860.04
90.176,6.8431
106.74,1110.6
122.58,305.31
109.86,885.1
99.525,1088.7
106.47,5.8698
148.24,729.29
109.03,205.95
134.32,1144.9
104.08,1022.4
106.24,837.38
114.85,936.61
113.66,413.22
118.8,432.71
141.12,214.94
133.93,861.16
120.04,691.44
129.55,1242.8
136.27,267.11
129.13,444.07
133.54,1273.5
132.75,1075.9
138.24,991.22
150.78,8.6718
150.21,1092.9
161.73,1038
136.4,942.6
145.9,473.81
143.9,704.12
153.64,286.56
162.67,442.94
158.53,567.78
155.83,1257.3
153.91,174.16
155.3,830.18
197.46,1243.1
168.98,219.51
166.42,165.89
169.58,183.12
199.58,386.68
189.27,1088.2
182.24,246.62
177.55,1209.2
176.9,227.86
193.69,829.86
188.93,1004.6
182,582.69
184.19,1116
184.09,173.52
187.56,289.74
197.62,1284.6
261.21,473.23
186.5,850
192.12,878.31
193.61,1139.7
205.54,166.69
196,282
197.93,203.86
198.86,1187
211.11,591.46
206.02,429.28
210.34,6.661
218.58,1082.7
208.5,1162
217.49,38.37
217,321.92
213.89,1128.2
213.5,1162.5
233.06,259.2
230.94,205.77
232.05,789.38
246.31,1024.5
313.93,515.35
238.4,1061.9
242.29,1293.8
239.08,411
266.24,332.86
249.73,298.73
243.15,1117.4
245.95,159.82
250.05,884.36
253.06,974.62
268.34,269.04
255.61,565.79
255.99,14.248
274.02,1106.7
250.29,999.29
250,1011.5
271.28,114.49
257,779.25
294.2,1198.9
263.05,84.977
264.56,1274.8
262.23,26.633
268.85,198.28
265.32,838.68
269.31,1177.5
284.9,790.17
267.59,947.07
268.57,1054.2
280.69,903.06
307.97,1143.1
278.6,10.231
281.08,855.38
286.6,732.37
282.91,1231.5
292.44,215.88
296.15,1269.9
308.15,30.83
294.76,1018.8
297.49,241.51
295.5,276
300.84,959.41
351.09,668.87
306.4,91.183
311.87,807.09
310.19,1053.6
310.24,257.24
309.58,986.11
310,1031.5
320.55,181.43
316.51,472.96
316.95,77.909
347.98,109.73
325.44,1229.4
325.26,746.66
357.21,243.33
326.61,853.22
326.36,208.81
331.18,1056
327.63,1017.2
332.35,1290.3
328.45,1319.8
332.05,1181
331.11,1204.4
333.44,194.26
347.11,899.56
360.71,1317.1
356.89,304.43
344.5,2.5
354.95,122.21
355.03,1185.2
351.5,14.5
351.97,1212.1
354.85,1007.5
355.83,19.667
355.5,446.5
359.3,974.68
377.32,32.785
374.52,168.94
393.91,1190.9
367.33,618.33
374.42,997.07
378.18,430.99
393.5,494.58
380.82,277.1
407.33,316.32
387.21,1303.6
384.36,1074.5
395.42,207.64
385.88,1290.3
386.67,511.61
385.32,68.08
402.63,981.66
401.95,5.8564
406.28,104.3
394.57,443.29
395.11,1084.4
395.44,1089.9
428.22,1030.4
416.18,470.32
416.93,811.57
405.71,338.43
415.79,660.71
444.04,1260.1
414.67,1093
412.5,553.5
414.91,500.06
415.47,190.42
420.59,277.19
426.25,710.15
435.02,97.733
428.41,1151
445.95,5.1086
427.42,643.89
430.69,1101.4
433.81,288.43
430.46,60.154
434.43,654.23
434.32,199.57
481.54,665.58
438.7,193.1
441.52,732
448.37,1152.2
441.86,165.86
446.07,700.57
451.13,382.45
447.36,407.69
473.77,194.36
460.14,1046.6
476.7,330.63
455.65,619.88
456.33,789.03
468.18,1119.9
459.16,1187.9
466.27,42.458
458.63,978.41
468.86,1317.7
464.33,634.5
463.5,1136
472.34,96.132
492,693.12
470.5,1137.5
477.35,819.88
491.98,955.04
477.4,127.6
486.35,767.41
485.88,268.33
480.87,1132.2
482.95,376.05
502.84,1206.4
483.6,781.6
486.02,89.192
508.61,390.89
488.57,883.24
489,924.82
487.57,1019.1
490.04,138.64
492.18,608.83
488.82,1281.5
493.32,166.2
492.62,806.73
506.61,116.38
508.42,1112.8
501.26,865.68
494.5,1285.5
523.06,767.81
507.89,76.541
505.94,261.01
509.26,297.21
508,310
509,609.5
513.81,185.46
512,969
538.61,281.63
518.1,1310
517.5,900
519.63,261.73
540.11,792.49
518.6,969.6
521.91,1136.6
524.62,1047.4
533.12,702.42
538.06,91.671
533.58,391.8
535.68,176.77
550.43,981.79
591.51,1076.7
554.2,4.0899
546.54,1059.7
550.27,123.52
573.09,368.55
554.5,200.04
624.98,1270.1
560.11,34.579
558.69,1211.8
586.21,66.916
567.98,414.17
575.5,884.65
562.91,792
565.46,1183
576.47,307.44
574.99,1245.9
574.08,48.333
577.4,1156
589.3,400.97
580.09,942.25
582.14,105.64
585.59,246.29
592.82,17.84
595.58,195.04
602.99,645.01
595.5,965.81
589.07,141.59
589.08,1020.6
597.29,1261.9
603.35,381.46
600,907.48
601.57,558.57
613.72,29.285
611.17,2.5283
612.84,245.58
608.83,1309.3
610.71,1037.3
646.89,1083.5
628.19,282.02
618.68,1216.8
644.44,423.17
624,886.5
628.83,233.17
685.66,535.2
638.25,770.57
635.55,247.04
639.24,697.04
641.69,859.94
633.08,119.71
635.92,88.351
635.34,625.55
640.88,1222.1
637,344.5
644.21,806.66
639.95,14.909
649.77,1151.2
650.66,660.71
650.5,1116
651.58,326.89
671.72,679.01
654.86,1330.8
662.11,819.81
678.86,85.05
656.86,1163.2
640.25,987.91
662.36,577.46
662.33,798.86
683.9,6.206
663.41,285.38
668.64,843.07
670.51,1103.5
679.3,208.38
680.27,330.1
671.98,397.22
676.78,789.6
693.94,1171.5
685.03,1225.5
680.22,127.47
692.8,985.24
685.27,158.85
691.38,568.39
686.79,434.69
695.2,377.84
694.57,1124.7
688.33,77.167
727.9,580.45
704.83,184.56
702.96,256.14
696,413
716.17,432.44
700.64,787.75
713.91,1251.3
706.72,1326.4
746.17,926.81
715.41,138.1
712.67,347.76
711.56,716.95
717.01,1214.4
727.99,163.09
730.02,1274.6
714.54,326.54
715.9,788.7
756.62,98.15
715.76,306.12
713.41,967.94
717.77,1127.1
721.3,1306.2
730.84,684.43
733.73,961.86
722.36,285.98
724.09,265.73
736.03,401.55
726.67,13.655
725.36,817.81
727.5,1.9286
738.27,363.05
729.28,227.26
727.5,319.5
729.41,887.79
744.88,301.17
750.68,196.3
753.59,826.12
775.14,1213.9
741.66,70.094
748.01,2.9512
770.26,130.35
754.71,771.03
754.29,346.02
751.86,1247.9
753.57,741.43
766.26,46.957
765.03,217.42
782.3,326.45
766.59,680.99
821,731.87
777.2,973.75
767.9,558.99
766.41,1169.8
774.99,405.57
765.94,33.061
778.46,1040
796.26,997.91
775.01,18.835
784.43,294.75
785.88,564.72
775.83,839.42
783.69,831.21
802.64,1278.3
784.5,208
799.52,1126.1
790.86,4.9394
795.36,380.35
794.76,592.83
790.44,660.48
790.48,788.91
797.72,827.6
799,35.836
796.89,465.7
802.97,1145.4
799.05,1044.1
799.5,500
807.02,207.73
809.99,244.22
808.33,481.77
811.47,167.74
803,1049
808.45,93.289
806,344
808.37,1248.3
807,560
809.06,553
815.44,1043.7
810.06,817.59
813.28,32
815.29,1182.9
820.29,348.92
816.95,677.84
826.99,225.15
826.14,1216
828.68,1300.7
833.13,922.17
825.03,1077.3
835.46,466.44
842.58,1094.1
823.29,535.94
827.06,796.05
832.12,1054.4
841.15,525.96
856.77,899.02
832,1167.9
832.75,26.75
846.99,487.1
836.05,983.48
840.48,147.02
839.87,1329
848.66,562.04
843.11,1193.2
841.38,694.56
843.5,104.5
852.93,1158.7
848.11,1174.6
854.93,37.163
857.46,1178
869.1,142.62
859.89,1121.1
858.55,316.84
861.84,1294.2
870.3,452.37
862.57,17.87
881.07,1054.2
866.94,966.21
865.58,1280.4
872.43,560.87
871.77,806.62
877.05,1127.3
871.02,1315.9
883.16,1252.2
873.84,933.32
874.7,119.78
907.35,7.0061
877,963
881.86,953.24
910.84,479.06
896.27,872.84
881.9,1112.2
885.81,409.56
884.81,1094.3
887.79,814.94
899.14,240.12
888.88,536.5
894.21,1207.1
891.64,1280.6
889.42,1320.9
939.02,144.26
923.78,425.51
896,721
902.91,1249.2
911.98,561.83
924.57,674.23
932.14,980.63
904,716.5
906.81,899.03
912.79,1033.3
920.47,1234.4
913.82,762.69
911.47,958.41
914.35,907.45
912.87,392.23
921.75,534.53
914,811
910.83,846.33
918.48,1263.6
921.91,200.52
929.95,1288.3
958.96,488.03
926.98,742.79
934.02,593.52
928.17,546.38
932.14,791.34
928.66,1004.6
932.99,760.08
930,1099.5
935.35,717.25
933.04,1036.1
937.88,952.48
937.75,220.42
935.5,371
939.14,1047.4
943.57,1092.1
940.73,1117.7
957.01,321.95
941.81,23.654
942.04,1242.1
954.86,820.05
945.5,941.5
1066.3,1250.5
952.02,537.95
992.84,568.83
951,710
967.92,641.57
959.64,611.98
955.8,67.5
957.22,939.49
963.84,36.972
970.35,82.397
993.31,218.68
962.18,1138.3
963.96,894.73
963.77,1192.8
977.08,106.13
976.35,159.97
998.33,409.61
974.06,929.59
982.88,196.65
1011.2,787.13
983.5,1049.4
979.65,1293.5
1002,695.57
987.7,516.98
980.5,1166
984.58,135.01
985,332
987.08,608.78
995.82,285.26
988.5,591
1012.4,1131.4
998.8,2.3091
1008.5,1098.1
1047.7,142.3
999.97,833.48
996.56,310.56
1010.7,25.833
993.34,144.75
1003.1,923.94
1003.3,623.38
1003,952.04
1003.9,454.79
1006.5,114.5
1013.2,121.09
1017.6,294.52
1012.4,1209.9
1019.2,1240
1030,1055
1023.9,934.38
1027.4,599.27
1035,833.87
1037.1,543.09
1020.5,618
1031,662.6
1024.1,868.59
1023.8,1070.8
1030.5,964.42
1034,355.57
1036.4,626.76
1037.4,1233.6
1036.9,941.59
1047,722.64
1045.6,1078.3
1051.1,1098.7
1039.9,1246.4
1042.8,975.81
1042.6,1293.1
1050.6,330.43
1045.8,738.23
1062.5,634.67
1052.8,1318.4
1069.8,445.57
1066.5,256.52
1058.3,503.69
1077.3,400.14
1058.2,613.58
1060.3,527.62
1124.6,1106.6
1076.5,965.71
1065.3,740.44
1065.4,819.34
1070.6,478.71
1074,1046.7
1074.3,301.79
1094.5,584.67
1072.4,263.86
1088,509.37
1090.2,648.26
1100.9,1093.8
1087.9,1185.5
1082.5,630
1094.5,1011.8
1085.4,1330.6
1091.8,1052.5
1092.5,79.374
1103.4,409.26
1125.1,255.77
1103,666.23
1119.4,43.813
1108.4,1047.7
1122.3,432.24
1119.8,1181.8
1112.5,386.26
1118,490.71
1116,125
1129.2,104.3
1128.8,401.86
1138.8,1273.6
1142.2,807.26
1137,380.85
1140.3,139.99
1148.4,1329.5
1150.6,674.7
1158.7,848.96
1145.9,285.51
1150.7,633.28
1163.7,1175.8
1154.9,354.98
1150.4,700.14
1176.3,991.07
1150.5,420.09
1161.2,172.4
1176.1,320.96
1159.1,1133.5
1170.8,1036.3
1161.7,1215.6
1165.3,1325.3
1171.7,807.14
1178.6,1133.5
1172.7,25.609
1177.5,1247.8
1182.4,88.688
1176.1,1011.5
1177.9,360.4
1187.4,755.25
1183,688.1
1193.9,1104.7
1193.4,595.72
1194.9,668.33
1177.8,384.31
1193.5,408.06
1193.4,1035.1
1201.9,196.91
1208.1,218.9
1240.3,376.68
1206.9,738.01
1200,404
1218.1,962.59
1206.6,236.93
1210.2,1197.2
1212.6,618.52
1238,783.61
1211.5,320.67
1212.4,907.7
1215,929
1219.9,553.17
1221.5,750.21
1221.2,709.92
1228.1,1019.7
1222.5,152.5
1225.1,994.36
1226.6,721.47
1241.2,864.28
1238.3,1265.6
1234.1,543.19
1235.3,907.37
1247.3,498.4
1251.5,1142.7
1283,553.64
1237.4,255.72
1248.1,1199.4
1263.5,966.06
1259.2,291.52
1243.7,1226.3
1249.8,1090.1
1247.7,258.88
1259.1,1176.1
1276.3,1008.3
1289.5,826.58
1277.8,508.7
1270.6,1198.8
1270.1,712.79
1295,1163.6
1274.4,719.6
1286.7,299.53
1282.6,1239.8
1285.1,367.46
1279.5,273.4
1283.6,327.77
1283.6,982.39
1311,1111.4
1288.2,1176.6
1296,933.37
1292.4,262.1
1311,459.92
1288.2,1042.1
1291.1,674.18
1315.7,951.28
1299.2,1260.8
1306.1,314.78
1299.3,1076.8
1300.5,771.73
1304.3,234.66
1302.7,249.18
1305.4,801.59
1311.6,887
1310.6,669.16
1307.3,81.01
1310.3,284.3
1322.8,612.11
1320.4,1272.3
1322.8,116.66
1325.9,717.05
1328.3,1307.6
1327.9,637.86
1326.1,827.65
1325.5,1081.5
1328.3,965.68
1329.7,678.84
1330.2,1222.7
1327.9,1203.5
1331.5,1078
