9.9375,2.9479
13.515,161.85
7.3109,266.52
4.1952,301.31
5.2301,915.06
11.182,1152.4
60.703,1010.8
17.476,428.5
27.052,536.95
41.795,166.05
31.808,1249.9
50.459,1300.6
53.637,1143
50.245,949.96
69.483,407.4
55.018,446.54
62.351,553.76
81.014,341.25
63.649,1075.9
68.217,149.01
72.956,1192.3
75.296,1171.3
80.459,366.93
79.643,637.57
84.497,1100.8
86.5,155.77
91.008,99.47
92.37,935.34
91.346,1327.3
99.057,1153.5
102.11,308.1
103.62,106.79
102.81,176.43
114.58,1203.9
107.68,944.47
124.06,303.34
112.64,644.5
116.76,1104.1
135.31,1244.9
128.75,5.2126
133.21,1053.3
130.35,114.12
137.53,958.32
143.14,1028
148.02,41.407
152.71,996.28
150.44,785.67
152.09,5.9091
163.08,89.576
169.21,1076.6
162.29,646.45
176.78,902.31
164.57,1252.7
166.45,103.47
201.27,337.89
180.03,1002.5
192.5,570.19
171.78,1129.6
186.73,522.47
187.82,988.81
193.44,1090.2
187.53,249.34
192.42,848.31
196.84,56.75
227.41,1310.4
197.74,495.05
207.2,966.28
204.16,1218
202.68,209.11
232.43,902.22
210.19,759
207.04,796.75
209.55,677.53
214.3,1063.4
206.43,1128.4
210.69,472.96
262.04,700.81
220.86,844.47
217.84,860.87
218,360.5
221.73,1254.3
242.97,452.94
226.9,68.872
228.47,868.55
226.04,12.876
233.58,42.344
231.93,939.08
231.98,1045.3
239.38,679.42
236.11,1217.1
287.1,1320.2
251.4,178.09
251.18,391.09
264.89,1112.2
276.76,51.25
258,22.286
267.37,313.55
265.64,248.72
269.88,173.65
269.61,444.31
269.88,1278
270.41,1156.4
272.97,884.23
283.72,1275.6
279.94,312.09
286.58,1163.1
292.77,1257.8
292.5,351.5
298.86,432.87
299.48,224.24
309.91,1207
305.73,100.35
432.78,233.63
307.79,997.32
381.53,947.38
312.13,53.015
333.11,182.17
311.59,834.06
322.31,811.12
338.86,242.45
328.6,829.92
338.64,57.762
340.69,399.22
386.66,1129.3
337,1255.5
352.03,298.11
384.2,1057.3
352.35,1184.3
372.59,778.89
374.55,92.075
357.63,613.31
356.89,888.42
358.56,704.56
364.5,810.5
366.44,1296.2
368.28,621.19
367.5,940.5
373.87,1217.5
374.88,207.17
376.63,404.07
381.18,420.76
377.54,670.44
378.12,652.79
384.51,446.78
386.77,858.57
379.41,1279.6
390.66,142.21
391.81,1182.8
385.92,1083.6
388.71,429.65
510.51,1260.1
391.5,226.5
392.93,470.65
396.45,976.3
397.64,617.53
403.58,1219.1
404.88,178.55
406.48,413.48
408.81,686.38
413.7,934.6
410.39,144
534.16,929.68
436.24,1237.1
415.68,1271.2
419.42,507.94
420.39,184.37
424.39,712.46
422.17,1068.8
456.66,310.4
429.45,1104.9
434.87,926.78
463.83,1060.1
433.83,1179.9
438.62,863.67
438.86,41.591
449.09,143.44
451.52,1104.4
449.42,1174.6
448.5,599.5
449.07,1257.4
452.48,777.06
458.86,373.04
473.53,256.79
466.54,336.15
461.69,667.42
483.53,736.55
467.22,894.35
476.61,115.7
472.45,632.76
468.93,1217.3
470.4,1020.7
470.58,191.39
471.5,789.14
476.6,843.79
496.65,454.25
492.18,394.98
483.09,81.691
484.31,1316.4
506.7,1228.9
476.09,20.323
495.17,330.82
491.57,1076.4
509.72,858.34
494.5,1135.5
498.95,768.18
602.02,1309.3
510.85,587.15
507.59,617.4
515.25,1043.9
510.29,1098.7
509.5,903
529.15,323.13
522.72,995.63
536.74,882.66
536.82,261.62
531.66,486.95
530.5,836
553.11,169.7
536.09,288.61
546.11,692.97
542.3,828.67
547.34,206.16
547.6,147.4
551.38,54.569
555.12,1077.5
586.38,253.83
566.68,744.28
565.48,863.73
600.67,319.45
579,825.14
560.4,1219.5
571.93,196.61
563.57,512.24
562.73,956.93
571.58,226.62
568.25,1284.2
571.61,1212.4
580.16,680.95
615.1,1031.4
586.69,116.64
594.48,206.66
591.14,160.14
594.2,44
693.53,769.14
603.17,132.2
605.27,464.95
611.54,172.09
608.08,1329.5
603.39,84.129
602.62,119.04
600,159
600.56,357.08
631.25,684.91
607.5,933
611.73,683.39
612.11,750.72
614.27,801.73
621.88,1082.8
623.02,752.9
621,613
669.22,218.08
626.16,468.1
628.27,600.02
630.98,1104.8
640.13,1162.8
644.99,1268.6
673.84,163.84
644.69,116.71
638.3,455.77
655.76,634.87
651.62,257.02
647.72,594.55
659.45,1030.6
645.33,369.33
669.86,557.02
656.85,528.55
662.32,344.49
675.99,682.49
678.49,1276
683.39,897.93
682.53,317.42
685.96,104.08
711.04,1100.1
698.9,1198.6
689.95,1057.7
695.11,302.22
701.34,494.41
707.61,1015.9
695.92,562.94
695.56,523.32
745.04,1320.5
701.88,917.29
698,555
722.44,1161.5
721.03,289.14
721.59,946.06
724.57,939.71
728.98,216.47
734.23,497.91
731.63,1020.7
750.55,185.05
739.15,643.19
744.77,1096.7
739.13,311.97
748.02,290.5
833.81,606.36
744.92,802.42
758.45,576.8
744.4,843.4
764.02,220.25
776.07,999.99
764.42,474.33
771.24,799.12
766.33,131.63
829.99,1144.6
769.6,1288
782.84,1274.2
787.13,700.4
803.19,158.83
793.81,812.51
798.08,455.48
793.67,730.27
793.3,495
831.57,232.34
799.41,669.94
802.23,1001.1
806.33,944.05
801,665
808.38,512.27
818.54,772.03
810,444
814.79,1071.7
859.14,858.86
821.07,1014.5
889.18,134.52
826.34,660.52
827.61,718.02
838.62,428.86
830.36,1234.9
877.33,1192.6
833.38,523.81
830.05,1059.1
857.63,260.73
841.5,703.5
843.6,466.4
846.16,742.98
849.82,713.49
853.41,85.059
851.13,1045.2
856.23,52.62
855.5,592.5
861.56,950.78
859.91,906.94
868.05,777.94
865.07,7.4074
870.23,667.96
873.33,470.71
869,525.28
871.89,804.3
885.56,1330.3
879.71,484.39
890.85,1301.5
910.45,699.42
893.4,474.79
895.34,612.23
898.74,1033.1
896.57,276.81
894.23,1158.4
900.07,990.73
904.34,421.13
901.23,392.46
910.41,4.8028
908.19,465.03
908.81,27.456
920.94,531.37
910.94,15.938
922.35,1033.4
922.49,1120.7
918.19,713.81
925.57,560.97
924.25,372.86
931.29,952.39
924.17,250.13
925.81,581.81
930.39,1074.1
940.06,649.31
929.87,422.27
939.94,401.62
949.01,709.94
933.11,213.38
933.56,294.02
936.44,1084.9
935.43,1208.5
968.41,975.93
968.74,455.48
956.58,1129.5
943.42,599.75
974.81,1031.6
955.95,558.9
951.4,765.08
952.2,618.6
951.24,737.9
953.86,280.23
960.3,1072.3
954,368
954.8,920.44
960.61,365.57
970.38,505.02
989.78,637.29
964.2,904.1
967.07,1004.6
977.58,596.89
984.65,1154.7
985.95,540.77
985.5,1132
1029.8,1130
1075.7,587.94
985.78,684.58
1050.3,769.73
1101.8,263.56
1012.8,559.58
1002.5,705.95
1003,235.36
1001.4,581.89
1004.1,990.05
1004.4,189.4
1006.1,1137.9
1010.1,339.92
1019.8,962.88
1020,675.21
1022.3,815.16
1022.9,988.33
1022.1,289.89
1018.4,1202.7
1025.2,613.16
1019.5,1225.8
1042.7,1273
1031.5,835.57
1030.2,1039.2
1040.2,318.94
1031.5,1069.9
1032,1092.1
1036.5,675.02
1035.2,273.67
1040.1,1062.4
1053.7,653.46
1048.1,845.88
1142.2,684.48
1055.8,535.78
1050,397
1055.2,285.77
1055.8,595.15
1066.4,416.39
1057.9,1158
1062.7,853.73
1093.8,52.084
1060.5,388.58
1064.4,1218.9
1064.7,1009.7
1065.8,1027.2
1068.5,726.51
1068.9,958.92
1074.5,1325.1
1068.5,69.92
1078.6,703.45
1071,1188.3
1070,251
1076.1,1050.8
1097.8,837.99
1086.6,1002.9
1075,250
1079,866.13
1101.5,377.76
1084.7,544.12
1096.2,423.53
1086.2,1182
1089.6,975.58
1091.9,873.54
1091.9,946.05
1095.3,695.3
1105.8,1191.5
1108.6,959.27
1097.7,719.2
1102.5,707.8
1101.5,352
1104.5,1009.2
1105.6,766.8
1117.5,888.1
1218,403.7
1124.3,985.01
1140.5,187.29
1133,5.1128
1134.4,1108.7
1124,581
1124.6,1019.3
1124.5,351
1128.6,617.69
1141.6,1168.5
1137.8,51.36
1138.9,750.56
1169.7,888.25
1154.5,644.96
1152.3,1070.5
1153.3,959.44
1169.5,127.5
1153.8,159.59
1156.6,92.906
1169.6,1141.8
1168.8,1223.2
1161.1,563.04
1211.9,762.54
1168,969.86
1184.3,1067.7
1171.4,172.34
1191.6,244.16
1257.4,526.41
1186.9,665.1
1192.8,272.61
1188.8,1317.7
1190.4,1240.7
1201.5,81.827
1222,919.88
1205.6,474.51
1215.3,321.12
1209.8,215.8
1242.2,53.135
1217.8,196.25
1212,25.5
1215.7,967.59
1216.1,1272.6
1214.5,255.89
1241.4,801.26
1215,1043
1248.4,267.72
1228,1038.7
1235.8,180.15
1228.5,538.5
1263.4,1280.8
1255.5,1006.3
1240,331.57
1268.6,303.01
1241.1,1033.4
1250.8,1228.7
1254.9,656.92
1257.7,136.26
1263.9,470.02
1275.2,736.1
1266.5,457.11
1270.5,888.98
1276,986.93
1276.2,1137
1300.5,73.309
1280.7,630.43
1282.9,198.93
1275.4,157.28
1276.6,271.31
1280.9,233.11
1282.7,1168.8
1292.8,681.3
1295.7,455.79
1309.1,986.03
1294.2,1112.4
1300,1179.3
1295.6,234.12
1296.5,703.97
1294,118.5
1304.6,263.22
1295,767.85
1302.1,615.65
1297.5,13
1302.1,1100.7
1315.6,1124.5
1304.6,644.82
1304,1030
1311.9,4.4312
1308.1,479.17
1309.4,721.29
1310.8,48.985
1320.7,836.96
1324,298.25
1311.7,656.89
1312.2,677.67
1313.1,1035
1325.1,32.474
1320.2,110.31
1317.4,919.46
1323.8,1006.8
1325.8,1175.4
1321.1,400.77
1322.2,1059
1324.4,595.09
1325.8,664.59
1329.5,1312.5
1329.7,242.71
1330.1,484.85
1329.8,702.58
1330.8,1090.6
1331.2,134.59
1331.5,402
