7.4924,285.13
10.451,396.97
3.2647,682
3.3,920.5
6.1631,461.82
25.047,1181.4
40.595,333.46
33.012,580.27
35.783,373.35
45,470
49.311,735.24
50.058,287.81
50.5,428
61.156,964.73
68.672,851.11
70.112,241.76
69.792,345.5
81.995,656.35
82.792,63.613
88.265,500
89.846,867.83
93.398,422.76
101.04,764.12
103.55,268.36
107.42,384.45
111.5,397.35
118.02,333.02
124.03,51.437
129.5,396.7
131.26,886.21
134.33,790.4
140.45,308.52
143.16,291.71
150.5,339.62
150,940
151.94,374.57
160,206.32
169.5,342
176.69,391.94
174.5,456.5
176,1088.2
197.11,408.54
206.1,543.02
204.6,973.11
207.38,745.14
211.58,394.91
210.5,452
214.26,893.24
220.17,738
223.93,27.086
228.07,1092.6
236.67,179.13
235.88,839.88
245.46,298.24
257.05,258.52
263.54,636.82
264.56,751.05
269.23,886.28
280.93,41.58
294.85,482.81
294.07,553.41
307.5,276.5
310.39,37.861
314.5,949.29
317.52,551.6
316.68,24.415
346.58,756.09
349.81,729.41
350,348
353.18,169.71
362,1204.8
361.5,363
367.98,592.18
381.97,143.62
389.39,36.861
399.5,78.5
405.06,1004.5
407.5,661
414.6,103.32
412.93,177.41
417,295.9
422.88,856
423.07,711.41
428.65,1239
430.57,1122
434.17,960.47
437.33,317.58
438.5,250.95
442.37,484.11
443.5,861.5
455.58,824.58
458.03,1198
460.13,959.46
472.32,371.3
470,1079.5
471.09,310.09
478,26
489.89,691.09
508.43,631.38
519.92,247.04
530.89,552.15
535.01,493.72
547.94,508.97
561.2,199.3
561.93,881.59
571.11,1024.4
585.66,803.81
591.07,964.41
605.92,1141.6
610.74,1204.4
612.37,614.82
620.38,634.05
628.6,270.89
631.95,459.34
631.24,1052
652,756
655.5,226
665.67,507.54
666.17,821.78
670.68,263.9
680.07,381.95
685.95,878.98
692.91,142.06
699,542.68
707.62,1201.8
712.41,191.81
708.2,419.09
717.93,1082.1
718.35,479.73
727.79,356.7
730.18,708.05
732.65,651.5
738.17,1144.8
739.1,986.44
739,443
743,75.083
739,366
751.61,984.12
757.25,852.94
757.42,638.6
759.48,1099.4
769.79,609.38
786.86,900.37
786.47,396.28
786.79,676.5
804.52,341.7
803,1129.5
810.64,696
813.96,1160.2
819.05,889.08
826.5,340
831,889.69
845.3,1221.2
865.29,336.87
865,1031
868.72,50.1
867.97,98.558
867.23,426.93
876.12,590.15
887.19,354.09
890.39,718.37
897.05,913.24
907.33,285.11
906.58,718.89
910.5,1026
912.09,800.91
923.99,251.05
923.34,753.53
925,805.5
937.85,475.55
951.99,1166.1
951.66,1190.9
956.56,652.54
955.5,894.5
961.16,361.13
983.91,1036.9
996.22,1210.4
994,310.5
1011,435.5
1009.4,534.6
1014.1,13.37
1024.7,919.46
1030.3,759.47
1027.4,1202.5
1032.9,110.57
1077.2,1159.4
1084.4,223.37
1092.5,1107.4
1103.9,862.68
1104.6,143.06
1102.8,576.5
1108.7,375.78
1120.6,448.37
1124.1,180.26
1123.6,422.92
1123.1,834.35
1134.8,222.37
1135.8,1065.6
1135.8,596.07
1142.6,676.66
1145.3,663.05
1152.1,1187.9
1157.4,73.452
1171.2,132.18
1192.8,481
1205.3,883.97
1205.9,553.38
1213.2,1033.5
1226.9,977.05
1228.5,1034.5
