2.9412,84.912
1.8621,343
5.5672,531.76
7.5714,662.38
7.8544,703.93
18.526,393.74
22.67,208.11
25.189,619.66
30.994,143.28
38.893,1176
40.604,240.46
42.091,561.91
48.94,406.86
55.654,1055.5
60.962,964.65
66.5,810.5
71.826,530.08
72.197,920.72
75.275,410.85
77,463.83
78.074,122.59
82.25,362.6
84.795,956.29
81.946,1121.4
88.667,827.72
94.079,122.1
103.92,719.24
104.08,675.92
118.22,698.68
119.5,197
123.19,157.36
123.65,580.35
123.32,831.72
131.4,1098.6
136.88,67.229
137,479.29
156.28,593.87
159.15,1007.7
157.97,742.71
157,335
157.47,1117.7
166.24,430.66
162.5,1086
166.79,85.639
170.32,851.1
177.06,11.702
181.79,105.74
182.08,346.15
184.32,640.92
183.6,289.64
184.34,772.38
192.14,507.2
193.56,688.43
196.56,1113.4
201.74,290.52
201,21.5
203.22,235.9
205.6,742.86
214.56,484.46
218.54,1155.6
220,1246.9
227.27,403.87
228.29,30.753
230.44,877.17
233,259.25
237.87,717.49
241.19,624.84
243.97,248.44
260.88,1155.2
260.9,445.68
261,879.33
268,820.68
272.04,1051.7
267,1165
271.5,184.5
277.09,551.09
278,935
289.26,770.83
289.09,18.091
304.16,531.46
304.41,142.55
305.54,336.4
305.06,671.09
313.6,628.92
317.73,574.72
323.66,764.37
326.73,359.57
335.03,30.408
336.32,391.4
354.26,749.37
354.97,894.46
357.6,996.04
362.17,109.69
363.33,449
368.07,210.41
373.08,809.37
378.05,508.51
380.33,310.08
380.82,1117.7
386.31,612.99
394.04,135.14
401.41,973.11
402.96,94.571
416.14,1105.5
419.96,1239.2
419.73,1153
424.46,1137.7
436.09,875.07
437.68,624.4
439.61,1102.7
444.97,459.21
451.53,948.63
454,224
462.38,662.24
471,1125
473.42,1222.6
478.33,788.11
498,510.5
504.05,578.92
507.5,525.5
512,1172
516.69,928.91
520.22,982.64
520.05,548.83
530.5,285.5
534.63,890.32
562.75,237.57
560.89,889
567.59,1178.6
574.23,951.48
575.33,772.86
578.27,786.65
586.52,430.81
586.15,1169.5
589.75,1196.7
607.07,742.59
612.06,284.88
612.96,485.22
617.44,93.812
616.86,10.306
620.84,1047.6
627.33,228
632.3,1242.9
632.35,684.56
632,1054.2
639.22,1090.7
641.4,361.82
643.49,667.17
647.02,788.91
649.25,223.72
653.71,419.71
654,869.62
661.75,1207.5
663.14,988.52
678.98,607.02
681,230
685.97,377.2
686.47,737.57
688.5,335.5
707.39,331.9
715.08,596.8
717.5,457.56
726.29,616.98
729.42,516.43
731.54,900.19
730.92,1050.1
739.31,1118.9
752.1,754.38
754.7,925.84
756.68,983.95
763.54,704.17
770.93,778.95
776.97,630.04
773.44,754.92
784.85,304.1
787.54,915.22
786.88,1158.9
788.68,99.217
800.93,13.255
805.5,1242
811.03,1121.1
830.19,678.35
830.41,748.18
835,217.5
845.5,291.5
862.88,438.88
869.2,746.69
874.61,580.88
874.42,159.89
883.22,82.183
884.5,942.78
889.88,535.64
896.62,21.539
897.53,163.66
899.39,795.49
899.83,830.36
906.87,328.05
926.1,984.43
927.82,1228
943.61,701.41
947.13,357.63
947.95,428.52
950.45,310.71
948.96,1104.1
954.47,828.93
956.98,155.94
960.61,1170.3
962.07,721.41
967.96,28.626
969,940.5
972.21,1046.6
977.02,762.57
990.08,567.08
986.58,1158
993.32,751
997.93,911.61
1004,552.5
1006.6,1099.4
1015.8,445.05
1022.4,316.76
1020.8,487.11
1027.9,1013.4
1036.9,1192.9
1041.1,729.1
1043.2,806.71
1048.4,706.75
1054.4,379.46
1061.5,591.11
1063.4,773.86
1067.3,1126.9
1067.1,299.62
1070.9,814.42
1075.8,1163.6
1077.4,1235.6
1077.7,1061.1
1080.4,105.11
1090,880.12
1090.1,645.38
1097.6,66.931
1094.6,371.42
1097.3,280.52
1108,180.99
1107.6,527.08
1104.9,872.39
1108.1,52.593
1112.1,572.42
1115.2,821.43
1119.5,414
1122.9,225.72
1123,138.58
1122,90
1130.2,563.19
1135,888.15
1135.2,1130.5
1155.6,198.61
1156,55.109
1152.7,143.28
1166.1,748.8
1170.8,844.18
1167.2,978.74
1171.5,899.22
1176,442.49
1173.1,1239.6
1192.6,73.528
1203.7,404.59
1209.5,1081.9
1209.6,82.074
1219.6,830.88
1222.1,529.68
1221.5,95.5
1224.5,940.1
1229,364.33
1232,603.5
1237.2,661.5
1232.7,1110
1235.4,8.0333
1243.3,576.49
1245.1,137.28
1244,526.82
1246,836.5
1246.7,1135.6
