7.6971,493.81
17,972
41.679,100
47.367,470.63
54.5,785
62,895.32
71.747,628.03
67.5,660
77.714,441.88
77.452,401.42
99.722,743.89
101.05,573.73
107.21,120.5
110.32,918.18
125.34,908.21
129.29,62.313
129.8,766.7
136.26,222.81
136.2,833.44
146.93,286.91
158.98,214.82
166,17
168.5,552.5
176.66,486.03
183.68,284.64
183.14,429.86
185.93,924.64
189.87,705.65
191.25,88.186
193.62,625.77
195.52,668.65
197.08,389.11
200.16,1197
200.11,954.42
208,252
215.15,212.17
216.19,1056.8
217,429.15
216.42,836.55
224.86,239.67
227.22,1112.4
232.69,113.24
229.22,93.625
233.6,820.61
240.21,966.59
245.23,597.81
257.39,624.86
258.5,111.11
263.37,50.842
262.37,749.37
266.33,300.8
276.27,328.51
272.32,1096.1
280.06,155.09
287.27,461.43
286.15,1053.7
307.27,110.95
328.5,343.28
331.72,376.61
341,1079.5
348.59,194.51
355.93,156.59
358.89,293.04
360.66,1029.1
361.14,172.62
365.71,1148.2
368.85,1131.5
374.47,1055.1
375.35,920.29
377.1,361.38
380.14,738.57
385.88,151.96
387.59,725
388.26,821.32
387.91,807.91
391.65,434.15
415.95,49.431
419.07,1222.6
433.37,1157.1
434.5,306.5
445.43,546.61
456.66,821.59
472.5,300
476.74,497.53
482.07,672.53
483.25,1045.2
487.53,724.15
491.7,154.5
499.8,1002.3
497,346.24
498.09,848.91
503.15,720.06
502.71,1206.7
508.21,798.53
519.88,779.88
524.5,268.5
526.63,154.63
529.52,1154.8
539.03,348.08
539.88,161.42
540.94,1001.6
548.05,250.82
548.08,601.2
548.95,1076.2
551.06,818.09
552,971.75
557.5,155.5
563.2,856.09
568.36,44.41
572.04,375.49
577.1,287.95
578,401.65
581.5,525.5
590.15,398.57
589.5,907.5
596.98,173.55
593.91,456.09
602.25,435.44
605.95,24.283
601.56,268.2
601,416.33
609.47,689.16
612.89,638.85
611.59,876.94
613.93,794.49
616.34,331.64
614,629
618.89,846.34
622.17,94.693
620.5,40
633.6,720.92
628.07,26.065
627.92,104.92
630.95,893.39
632.26,208.26
635.47,404.35
632.68,998.78
640,732.5
647.12,16.224
645.43,236.94
648.75,2.6389
648.42,1065.5
654.31,880.27
663.09,209.81
663.26,188.3
662.07,964.19
664.39,825.13
668.48,419.09
669.07,343.19
670.99,290.32
676.85,244.1
679.66,461.56
677.41,752.93
681.92,1207.6
688.73,159.45
695.02,1013.6
696.71,137.16
696.5,1134
698.48,57.903
699,111
704.86,361.89
701.05,398.1
701.37,1170.4
702.91,95.909
706.8,1017.2
709.53,111.43
715.09,1127.6
710.2,622.56
718.68,726.13
713.83,1232
714.36,1239.7
721.52,316.98
720.58,34.105
736.53,155.65
726.95,1192.6
734.37,1151
738.38,1203.6
741.27,68.25
742.03,1033.1
747.42,1178.5
745.1,772.62
745.44,1227.1
756.51,995.95
751.08,1189.1
752.27,1236.6
758.53,963.3
755.28,1123
780.66,628.75
777.58,766.89
787.94,836.15
789,476
794.09,375.35
799.5,1143.5
801.06,361.04
812.28,273.95
816.5,1208
849.52,715.85
852.18,760.98
852.79,672.5
854.37,1219.6
863.09,649.09
869.03,1007
868.42,891.58
870.21,994.4
879.54,636.53
886.22,1035.5
889.62,29.885
891.84,563.25
897.23,186.66
900.12,1090.7
899.77,234.22
919.48,436.79
924.18,240.94
926.61,976.81
928.55,572.66
928.57,551.56
934.81,618.04
940.31,251.83
959.84,509.29
959.42,911.11
972.46,1187.7
973.93,36.593
976.28,152.83
976.18,775.99
1008.4,120.06
1018.6,405.44
1024.6,447.02
1028.3,518.67
1031.5,1240.9
1040.7,387.09
1043,263.92
1049.2,246.74
1050.5,852.5
1055.8,324.87
1060.5,640.9
1059.5,900
1087.4,581.37
1092.4,462.11
1109.5,327
1113.7,797.58
1116,244.16
1122.8,992
1135.4,446.5
1140.7,777.53
1145.1,1102.4
1147.5,916
1148.4,416.97
1175.7,227.35
1179.4,456.93
1182.3,414.08
1184.4,102.08
1204.4,412.28
1203.8,1037.1
1205.5,1136.4
1218.4,674.62
1220.1,1219.1
1234.1,1197.5
1234.8,155.26
1241.6,891.94
1239.5,682.36
1244.8,339.99
