4.8171,131.24
15.491,151.78
2.7759,266.19
2.3333,284.88
2.8511,425.26
9.5927,461.33
22.457,505.44
5.4696,905.34
5.3776,1023.4
3.8171,1081.8
2.2941,1171.7
55.191,1198.1
11.088,1231.8
7.6071,1283.2
9.1509,352.22
12.862,931.13
10.282,1256.1
28.282,1154.2
13,408.5
18.105,1273.4
29.211,72.184
71.074,1006.3
37.746,455.39
38.579,1068.9
33.081,693.16
34.231,1311.4
39.087,1047.1
38.909,992.35
49.513,187.59
78.869,734.76
40.238,151.76
48.438,857.34
48.11,1325.9
48.497,17.03
47.727,51.409
63.846,109.91
61.219,1259.6
50.19,1123.8
85.141,55.874
50.917,224.08
54.5,1157.9
73.613,780.61
59.738,830.14
97.017,1127.5
59,441
77.133,190.9
76.952,1310.5
69,1153
81.381,1149.3
79.759,1237.7
82.302,1080.9
81.431,1255.6
80.857,73.857
98.22,1283.5
89.719,1061.2
105.42,82.47
97.722,1248.3
105.3,101.13
120.88,587.75
111.76,222.07
114.24,1223.6
115.88,1208.4
116.63,340.27
126.1,113.02
121.74,266.47
119.63,1235.6
126.21,1073.5
136.59,1276.9
138.34,87.151
147.21,358.4
151.36,393.5
151.92,1058.2
169.59,365.02
158.83,100.41
180.71,635.76
161.51,1011.8
156.68,1235.6
166.18,460.3
171.97,511.37
164.36,1243.1
165.23,714.19
182.67,605.65
185.69,901.67
197.99,1253.9
181.08,704.48
193.4,824.05
182.23,1003.9
190.64,795.81
193.86,871.37
189.14,1027
217.8,1289.1
194.71,683.11
196.57,1015.7
197.17,666.38
207.32,981.77
255.27,1071.7
226.75,588.24
217.64,951.73
216,607.82
215.67,1090
247.89,303.45
236.9,1203.5
278.94,981.78
234.34,1010.2
224.49,650.22
245.26,410.75
231.09,557.5
238.72,194.98
247.34,127.78
244.34,1281.8
263.95,724.68
263.85,172.2
255.16,151.76
270.38,880.74
254.99,1292
266.73,51.415
258.5,777.62
265.93,1304.2
266.43,938.35
276.63,132.18
270.65,1224.9
279.93,808.34
279.61,506.82
340.39,594.55
281.44,1234.1
284.38,1326.7
307.2,1302.9
288.04,713.82
298.65,758.21
289.58,783.89
300.16,3.4771
300.31,1028.1
303.5,168.5
349.79,32.233
317.35,162.4
315.69,1328.1
318.45,753.67
317.42,1067
348.64,912.31
339.55,800.09
331.55,506.06
334.33,1324.3
338.5,480
336.63,1032.6
367.07,371.97
353.77,63.954
360.4,1320.8
381.36,185.84
381.25,917.75
381.05,1050
389.61,601.65
429.93,879.98
392.17,45.841
407.58,38.581
417.03,827.62
426.34,1041.2
424.67,39.131
433.38,761.51
431.19,993.11
483.02,999.74
437.58,940.58
441.41,270.74
440.05,1318.8
449.32,290.24
452.51,770.68
464.75,263.75
478.75,412.71
483.46,452.39
476.66,653.47
479.07,8.7288
480.88,278.35
499.93,727.41
487.75,212.92
491.76,869.41
495.87,1049.9
497.69,308.04
506.69,925.64
512.13,792.37
512.13,557.7
515.03,697.31
514.15,901.71
513.03,1097.1
510.03,431.56
517.74,336.08
521.71,877.63
524.85,815.4
530.14,1323.8
532.52,519.25
532.35,1071.8
536.56,957.61
553.07,33.537
552.27,4.1867
563.53,509.25
555.39,855.32
555.2,894.45
549.69,968.66
562.54,344.09
570.8,1006.5
577.3,222.27
584.14,1111.4
577.67,902.86
577.58,350.65
650.22,873.46
589.08,240.73
592.72,1285.2
599.85,368.05
599.75,228.17
606.87,521.33
610.4,690.26
610.55,1056.7
616.84,1287.9
612.8,14.053
608.5,1150
619.35,50.51
623.49,152.03
619.5,767.5
627.78,1110.1
639.87,666.49
630.44,900.19
647.88,1233
633.22,1040.6
637.28,544.15
629.42,28.105
636.17,29.333
676.97,233.14
640.5,742
653.63,1114.6
648.08,923.83
649.95,372.74
657.69,909.71
664.92,542.59
662.58,605.57
661.22,917.33
664.48,312.38
678.51,1262.1
678.89,171.2
686.19,1170.4
681.37,1112.1
689.39,317.09
684.98,529.98
717.43,1121.5
695,293.86
701.06,1109.5
706.3,1063.3
716.86,1177.7
729.32,277.88
724.24,468.42
724.42,841.67
729.32,346.14
736.54,487.23
750.65,1171.3
745.75,1077.5
782.39,1104
779.83,1312.2
778.28,830.91
810.14,1310.1
815.68,228.54
821.03,709.53
832.47,761.13
827.09,1151
838.96,222.56
839.83,1086.4
836.14,648.84
864.72,1206.6
844.52,619.82
867.36,805.47
872.11,758.24
852.95,598.4
854.96,324.33
861.83,223.77
874.5,63.005
868.5,74.426
891.54,1021.9
882.47,2.6111
897.66,1232.4
916.27,987.3
903.33,1138.5
904.11,777.58
907.61,1059.1
911.52,819.22
920.3,349.2
923.8,238.84
914.11,1252.9
917.74,837.4
920.74,1058.2
926.27,1239.6
930.33,401.36
937.67,1223.8
943.49,379.22
944.27,1248.2
951.66,1134.1
947.12,191.44
973.64,370.52
957.28,580.72
964.8,686.33
980.05,168.57
968.24,872.65
974.21,844.23
966.14,1150.4
964.89,69.421
966.95,78.909
969.6,949.6
973.43,104.67
971.81,648.43
1017.4,875.55
975.55,605.42
981.3,1021.9
982.21,213.77
989.62,707.54
992.63,1036.4
1007.4,477.79
994,1105.5
1000.5,999.51
1008.9,550.19
1041.6,67.463
1007.6,1082.1
1024.1,127.36
1026.3,753.77
1023.8,187.52
1025.5,507.42
1046.8,155.64
1033,411.67
1037.7,528.94
1037.6,781.46
1038.2,1259.5
1045.3,743.43
1053.8,385.12
1051.8,491.25
1055.2,556.2
1055.8,504.58
1061.7,446.65
1061.5,870.07
1068.4,927.47
1068.1,519.3
1076.3,160.43
1076.4,801.11
1088.2,508.93
1109.8,1265.7
1090.3,47.286
1102,90.239
1131.3,424.73
1109.4,913.21
1100.8,144.77
1103.9,227.58
1108.9,53.929
1110.3,512.08
1105.4,968.44
1129.4,162.28
1122.1,373.03
1130.7,38.477
1126.4,998.07
1137.8,1015.8
1140.5,201.65
1141.8,527.51
1152,456.17
1151.8,120.47
1151,33
1186,196.6
1164.1,538.77
1187.7,231
1184.2,466.5
1181.7,1050.8
1180,252.03
1175.6,440.42
1182.1,964.92
1193.9,982.1
1185.4,521.6
1232,1186.7
1201.4,871.11
1201,256.17
1210.9,1071.8
1257.2,129.31
1217.1,444.47
1212.2,515.74
1229,1286.5
1213,521.5
1227.6,244.21
1225.3,540.84
1243.4,282.06
1230.6,1026.5
1239.1,977.49
1234.9,4.646
1235.1,51.468
1239.1,407.08
1242.8,1330.6
1270.8,415.54
1282.7,260.66
1264.2,948.76
1256,1017.6
1265.5,1243.1
1264.8,996.29
1277.2,465.58
1284.5,1.8261
1280.8,84.878
1285,122.74
1297,1096.9
1294.5,528.25
1308.6,427.71
1309.9,68.135
1309.3,11.578
1308.6,540.4
1316.5,395
1323.5,1038.9
1327.7,154.85
1329.7,391.76
1330.7,195.23
1330.8,218.15
1331.1,287.26
