11.429,469.04
17.653,8.7903
19.425,736.41
25.311,863.66
33.353,394.25
46.522,240
55.819,291.6
57.788,348.58
59.618,86
71.137,500.97
91.095,1229.2
94.455,1246.4
102.03,206.44
105.11,17.764
105.14,138.07
117.66,78.117
125.15,125.36
138.1,930
141.63,492.43
143.16,166.73
145.56,996.7
146.77,24.227
159.33,139.04
162,261.32
166.2,105.44
175.94,51.453
179.64,138.82
195.27,117.71
196.16,278.5
203.28,79.227
199.78,190.72
202.08,213.3
202.8,842.44
207.04,943.74
204.89,1075.7
220.64,167.14
216.64,183.23
218.26,491.42
220.68,105.29
221.95,236.59
234.2,197.07
245.14,233.03
237.39,657.61
240.5,88.262
240,329
245.56,122.51
251.95,818.42
252.69,188.21
258.07,104.5
263.94,262.04
267.28,494.66
272.59,113.23
268.3,248.3
278.84,452.99
275.93,931.58
282.6,191.9
281.77,252.83
286.34,266.53
290.17,134.83
294.96,255.69
296.57,789.4
295.02,930.88
301.72,326.41
298.5,173.5
311.14,155.07
311.84,219.59
310.36,179.32
312.08,278.61
313.22,1033.5
312.19,76.519
324.8,241.83
321,147
327.71,267.54
331.07,219.17
333,405.93
331.33,283.24
338.33,160.17
332.55,172.41
333.5,188
338.73,337.32
340.25,314.75
344.99,1156.8
345.75,275.64
345.74,1175
359.43,149.57
361.14,592.93
365.07,422.11
365.54,914.07
366.23,335.31
370.5,870.73
372.18,661.36
370,404.5
378.59,174.11
377.51,266.05
388.24,326
390.94,275.45
389.58,338.89
397.74,243.96
400.75,1078.4
405.45,220.04
406.46,1137.2
411,781
416.38,946.12
424.35,838.64
422.56,1058.9
432.72,148.12
431.32,759.33
441,625
449.34,316.7
446.29,831.42
449.42,336.82
448.39,1005.3
468.25,12.857
475.62,1025.4
480.39,852.41
486.41,825.5
492,868.5
505.89,1.8333
511.43,295.71
514.46,645.16
523.58,1158.9
523.2,295.77
526,276
528.07,40.81
527,261.5
530.5,181.5
541.58,931.97
554.27,343.3
554.28,459
561.9,371.34
564.35,825.48
571.68,235.05
573.54,950.09
588.64,559.96
589.26,215.74
595.23,921.84
598.75,548.03
605.95,65.099
605.5,206
614.64,372.04
620.52,72.874
625.62,115.64
633.26,1012.8
629.94,253.3
634.19,535.93
640.55,327.8
646.06,1120.2
649.06,1243
657.42,376.89
659.21,848.83
662.88,283.12
662.46,1147.1
670.61,826.55
672.73,237.9
668.58,92.895
677.44,1131.8
684.16,894.33
687.08,612.08
697.56,281.77
700.49,846.5
704.91,1076.1
708.89,406.33
708.5,1202
709.35,183.15
714.61,633.86
717.14,789.31
716.85,1059
728.62,119.85
730.59,1145.5
740.93,44.758
745.71,737.49
750.95,642.48
751.39,964.08
751.09,225.91
751.71,403.55
755.47,814.56
758.81,527.52
767.35,881.28
783.24,1215.6
796,363.5
803.44,1090.2
816.36,877.54
816.26,256.77
814.38,1104.6
831.84,1195.4
835.07,1029.6
845.11,235.44
844.74,1157.1
845.42,15.679
860,769.68
866.53,861.37
872.32,796.18
873.98,314.61
884.5,152.5
891.4,243.91
893.02,397.65
896.55,1117.4
903.1,1072.6
904.08,1151.4
920.17,280.35
919.56,1192.6
924.19,598.54
924.3,1239.3
922.42,349.89
926.4,380.36
936.57,581.33
938.24,544.59
938.19,114.07
943.53,12.658
947.35,1171.9
955.15,1185
955.7,1017.7
958.76,1224.4
962.8,853.41
962.29,1149.7
969.94,1108.2
978.69,1063.8
983.78,350.8
981.5,126
987.78,438.43
986.29,466.48
990.06,46.211
993.92,114.09
992.45,568.59
1001,1168.4
1013.1,1195.5
1022.1,325.27
1023.9,1209.2
1041.9,879.01
1045.5,748.5
1050.6,627.26
1058.8,862.52
1058.9,423.43
1061.4,518.69
1068.4,92.06
1073.1,1145.1
1078.7,328.79
1085.8,1106.3
1089.3,1201.7
1120.7,168.97
1121.5,1036.4
1130.9,20.897
1150.5,339.48
1153.4,1104.2
1154.4,198.92
1167.4,660.81
1175.1,267.44
1195.6,323.56
1196.5,1142.5
1206.8,430.12
1211.6,165.69
1211.9,1168.6
1224.8,312.47
1228.4,1198.3
1236.6,136.86
1236.1,454.09
1244.2,1061.2
