9.6827,943.45
6.2929,1041.3
2.1818,1169
12.574,1107.2
13.926,424.41
19.015,254.62
16.344,1132.4
22.462,822.15
26.519,1204.9
37.733,684.37
38.086,920.14
52.454,1084
57.9,916.62
70.824,146.8
70.909,553.05
87.66,503.77
92.039,1053.7
96.435,1139.6
98.074,48.593
98.341,393.59
103.24,543.1
101.05,846.43
106.85,739.27
112.85,218.66
111.58,84.424
116.24,1195.5
117.58,398.11
133.65,996.47
145.06,673.91
148.88,864.73
152.91,1194.4
161.19,25.559
170.68,75.016
173.16,502.04
175,454.85
182.84,1157.9
181.07,287.07
188.69,566.6
192.01,165.38
191,230.86
192.22,640.47
198.96,384.47
199.22,704.58
199.28,1042.2
202.5,71.757
204.95,803.41
207.7,235.5
218.27,726.97
225.86,857.37
227.34,336.33
223.88,1002.8
228.71,1057.9
226.35,1218.3
233.52,234.94
236.36,523.57
237.2,90.887
238.41,743.09
239.5,254.5
245.96,130.06
259,944.5
273.34,837.42
272.05,939.69
274.91,634.17
277.71,715.29
280.5,1036.6
284.27,1104.1
291.57,1205.5
290.58,635.11
297.43,761.38
299,518.5
301.17,226.57
300.83,954
308.53,379.62
307.85,567.46
313.04,612.75
314.19,82.143
317.36,140.25
317.86,693.16
320.36,1004.7
325.88,27.173
327.88,1115.6
330.69,287.79
330.18,53.93
332.32,407.11
331.15,644.85
345.3,277.19
344.5,1246.3
344.07,597.8
347.93,697.59
363.18,409.93
370.09,557.91
380.49,54.558
385,727.88
386.8,1150.7
385.46,714.8
392,484.75
397.92,91.641
393.42,750.11
406.42,1237.2
415.22,701.98
410.9,505.05
414.26,793.35
421.86,1169.3
425.28,725.63
431.81,933.45
432.11,459.89
437.36,1064.7
439.33,1018.5
448.67,821.67
446.37,626.63
454.92,1243.9
458.9,504.55
462.14,329.79
458.86,1173.4
459.63,159.63
468.03,91.13
470.67,1166.6
468.96,1197.7
470.14,416.39
472.42,1010.4
475.97,218.45
475.61,471.86
483.87,741.72
493.12,899.02
490.76,524.26
492.12,98.884
494.39,921.01
495.31,1218.1
502.85,621.05
504.61,188.59
502.8,555.4
505.14,1049.1
515.52,16.748
514.42,1146.4
518.46,768.4
515.21,453.5
520.11,706.63
530.87,166.24
530.16,871.46
528.5,15.5
541.04,3.0377
541.71,722.98
543.41,345.36
543.5,635.35
545,666
550.61,1061.6
550.46,703.09
552.31,229.14
557.17,506.39
553.77,863
554.39,166.86
556.01,1100.9
564.89,80.24
564.83,982
567.89,304.37
570.19,425.15
581.35,784.29
591.52,47.824
602.91,374.91
603.08,876.92
606.09,1083.9
615.28,657.17
614.77,744.37
619,735.3
624.05,287.71
623.83,79.034
624.71,1089.3
623.91,323.09
628.11,986.58
636.16,596.42
647,236.85
648.56,415.05
649.11,803.26
655.08,268.38
659.84,1177
658.33,714.9
667.82,423.71
662.74,727.84
662.4,70.771
677.03,986.29
683.57,884.15
684.27,850.77
689.79,265.01
699.48,1216.1
699.32,971.98
698.09,1054.9
709,153.26
721.57,110.12
722.33,766.45
727.18,1237.2
746.43,980.96
750.42,240.29
749.12,1124.9
753.21,598.53
752.31,679.09
756.3,708.75
763.37,340.04
760.5,807
766.67,506.56
768.11,1047.7
773.01,585.99
783.07,656.3
785.5,2.3333
796.76,243.88
795.47,523.11
794.07,813.41
800,648.69
804.08,799.83
808.36,314.77
811.88,1126.2
813.5,778
816,176.29
823.16,495.2
819.61,695.86
823.98,461.42
830.31,473.1
839.5,319
843.4,989.04
849,584
854.1,170.33
863.38,59.062
861.58,800.11
867.51,373.36
871.48,1224.3
883.22,864.09
886.03,465.98
888.52,830.2
886.5,1013.5
906.46,540.62
905.71,602.71
911.42,1096.4
918.47,796.97
922.49,606.61
925.39,553.92
954.06,503.16
954,743.5
960.5,653.33
981.28,71.433
976.67,501
992.42,326.42
988.88,145.02
996.21,601.12
993.71,702.61
997.64,1066.9
1001.3,140.94
1013.2,18.415
1023.9,140.82
1033.2,894.84
1041.6,1051.7
1042.9,1202.6
1049.8,1026.5
1066.6,3.6056
1081.8,393.22
1089.9,601.91
1093.6,157.07
1092.6,571.95
1095,751.5
1100.4,448.93
1101.7,220.3
1104,793.73
1107.8,824.82
1112.6,1093.7
1115.3,1003.7
1116.2,224.56
1130.9,283.93
1148.5,482.23
1151,185.69
1151.6,1242.9
1154.3,736.65
1156.8,209.22
1157,656.43
1163.2,742.46
1168.6,421
1170.7,876.11
1175.9,1048.3
1176,819.5
1179.7,201.93
1179.5,944.06
1182.6,788.64
1183.9,1080.4
1180.9,506.09
1190,878.49
1189.7,958.71
1193.4,895.58
1197,230
1200.2,763.15
1199.8,269.24
1198.5,801.5
1203.9,23.564
1207.5,750
1209.2,1092.4
1210.5,960.39
1209.9,798.93
1211,678.32
1214.8,60.298
1216.9,1058.5
1215.6,1246.4
1217.5,1040.1
1222.5,890.4
1219.5,745.08
1224.4,973.71
1226.5,280.37
1227,856.82
1225.8,1162.4
1227,104
1226.8,675
1230.6,736.03
1235.4,359.7
1240.7,911.08
1243.8,794.84
