2.3095,114.55
4.3846,408.34
3.9375,902.59
3.5,697.5
12.162,642.92
18.873,391.57
19.16,1201.4
20.625,1245.8
25.364,144.86
24.931,1101.4
31.462,108.86
31.056,978.75
29.389,863.86
35.074,790.59
41.424,778.42
41.278,847.97
46.633,628.37
51.091,1039.9
56.184,1066.8
57.579,643.11
59,952.5
72.943,205.7
73.271,582.44
93,1226.9
96,132.14
98,1180.5
104.53,414.44
108.22,824.85
105.91,1031.9
110.24,27.258
111.95,905.97
110.26,1162
122.67,61.376
126.81,804.87
128,459.75
128,1060.5
133.83,46.065
144.52,5.617
140.71,538.62
141.36,1134.6
144.86,1223.4
140.67,910
152.58,30.105
157.81,20.079
159.68,61.019
159.5,877.36
163.96,644.6
166.47,909.16
200.52,1083.1
201.09,680.91
213.03,633.64
215.92,1019.9
213.94,1058.1
214.5,1198.5
221.93,392.61
223.42,887.83
226.35,772.39
225.71,654.71
229.44,24.444
234.24,873.53
235.4,1179.8
238,132.5
240.91,1196.1
247.45,16.215
245.26,645.07
259.12,1103.7
260.46,837.15
274.03,664.16
296.37,1223.1
298.37,29.22
300.21,907.03
302.35,673
307.51,771.37
314.18,1053
317.2,520.05
321.21,945.06
318.74,1213.3
320.78,181.6
325.24,333.62
327.83,1124
332.6,996.64
335.67,900
338.97,290.44
344.67,331.02
344.54,577.34
352.07,565.47
355.66,1081.9
361.14,785.58
361,913
362,688.5
368.14,550.39
362.82,625.6
376.42,403.98
382,1140.5
389.33,406.97
388.23,1062.1
392.02,866.22
404.01,986.97
403.16,858.05
416.15,974.74
419.84,257.91
425.61,1154.9
434.92,951.7
434.42,830.55
440.52,561
442.34,401.85
444.03,355.09
448.38,189.34
453.31,466.04
460.94,1082.1
459.39,141.54
466.4,536.33
467.38,844.94
470.5,881
494.31,484.09
498.45,364.41
500.5,259.5
503.93,1176
502.84,729.07
503,1243.5
506.08,32.917
511.63,885.37
519.51,1098.1
536,414
540.2,1001.4
543.09,792.02
540.91,603.09
548.77,512.56
552.9,1141.5
554.55,437.37
557.05,1161.1
555.94,1065.9
567.82,88.117
568,251.5
578.8,38.442
575.31,955.91
579.93,571.93
580.07,1089.4
585.84,368.56
596.67,850.38
590.57,806.82
588.5,935.5
593.58,1079.9
599.07,650.59
601.73,1122
611.15,721.22
611.69,948.9
616.58,624.23
621.17,1171.8
620.4,81.357
622.72,786.48
627.31,652.99
627.58,403.89
636.65,4.8706
638.21,474.05
636.23,148.23
641.83,544.33
644.69,577.94
643.42,1009.5
647.04,791.34
652.98,660.72
654.65,217.55
656.38,5.9792
659.94,260.09
666.83,515
670.31,1054.1
674.43,712.92
677.12,1185.1
675.83,1102
679.71,873.58
682.03,944.58
680.21,1028.5
682.13,377.87
685.38,904.62
693.1,481.74
691.39,624.14
698.07,305.48
695.42,583.58
695.67,243
702.33,711.08
717,541.5
720,1131
728.47,860.57
730.05,990.93
731.4,937.89
734.1,1215.8
734.65,240.55
737.11,813.69
738.53,187.14
736.42,1131
736.92,913.2
741,688
739.93,606.59
745.64,1032.6
749.1,841.62
750.8,866.7
750,557.84
759.43,1191.8
765.65,555.04
773.16,832.4
766.88,587.28
767.5,913.5
768.58,358.11
770.31,602.83
774.82,504.31
776.32,243.58
779.6,1168
783.56,668.73
791.87,636.33
797.22,813.76
795.97,1200.3
796.39,435.14
799.5,1164.5
811,166
825.99,862.63
825.42,700.13
825.84,638.93
825.65,610
832.48,451.05
834.45,1246.4
837.42,906.42
841.93,249.59
850.51,510.57
856.47,1216
854.38,404
865.32,42.67
863.94,554.47
876.86,367.48
878.82,73.608
895.21,276.29
896.09,1218.9
898.86,1122
908.37,16.64
907.31,526.09
910.09,76.091
914.65,409.39
916.5,819
929.48,496.79
939.84,249.05
940.9,582
951.29,443.93
956.85,731.03
964.22,1083
964,216.5
966.27,982.61
972.68,199.22
967.98,270.24
976.44,95.766
971.07,875.59
990.1,1034.6
991.7,605.91
997.15,428.44
995.22,632.15
993.92,1224.1
1000.3,1190.5
1010.4,873.14
1011.6,426.11
1021.7,558.9
1020.7,192
1029,32.748
1025.3,379.5
1028.1,730.35
1027.8,825.89
1034.6,629.66
1041.4,594.11
1050,830.65
1050.1,775.97
1059.3,264.31
1062.9,560.37
1062.5,923
1067.5,205.78
1070.8,965.61
1077.5,432.81
1075.2,56.234
1089.3,163.1
1095.3,316.62
1096.5,615.57
1101.3,1222.3
1104.4,1171.3
1112.9,893.96
1117.8,93.978
1115.5,1217.5
1115.4,991.86
1115.9,1101.4
1118.5,622.5
1123.5,62.906
1123,1169.5
1127.6,27.34
1130,375.56
1126,1208.3
1128.9,182.12
1132,717.54
1131.5,775.73
1137,1172.5
1145.5,586.34
1147.2,1039.6
1146.5,1197
1156.3,1205.9
1157.4,1181.9
1157,666.5
1159.2,1134.1
1160,597.73
1163.5,295
1167.5,549
1169.5,1161
1176.6,358.61
1180,684.03
1182.3,1204.5
1184.6,543.34
1187,87.035
1187.5,793.42
1192.7,976.94
1196.3,613.99
1204.1,498.19
1201,826.55
1205.2,1042
1208.9,1172.9
1219.7,821.65
1232.6,29.2
1235.4,644.16
1237.6,204.05
1243.1,1172.6
1245.8,1075.6
1246.9,264
