2.8788,937
14.014,791.48
20.5,817.5
30.843,632.13
35.31,255.72
37.66,1084.6
37,556
37.29,944.71
40.739,132
50.901,1197.6
54.65,989.14
60.14,27
65.133,333.69
65.902,836.51
66.434,854.23
71.078,664.6
78.313,83.978
85.415,1187
85.165,629.97
92,388.65
95.219,655.91
96.064,483.45
98.29,1062.4
104.37,903.91
110.46,532.62
109.93,1092.6
119.95,232.73
118.04,956.67
139.52,285.42
147.7,1230.5
153.88,475.12
156.1,905.1
160.56,487.23
165.42,1169.9
165.71,863.81
167.5,613
168.34,1087
183.15,463.04
189.54,966.65
191.05,914.59
197.28,559.91
208.06,369.99
207.35,169.69
214,194.5
219.53,593.43
226.11,721.96
224,1025
229.86,787.12
236.83,1126.4
241.88,1090.2
252.44,142.98
251.9,867.84
252.27,437.27
257.39,330.86
268.93,241.74
272,709.5
275.46,601.93
281.26,536.23
289.9,503.83
293.2,724.67
294.6,818.67
294.85,700.7
295.94,878.74
296.66,1101.9
308.9,670.96
309.74,702.21
316.08,476.28
317.56,254.54
325.03,144.13
321.5,332
324.84,360.38
325.44,722.64
334.35,1010.1
344.67,702.72
346.88,1031
344.76,443.98
346.24,488.21
345,560.67
347,534.5
349.31,586.27
350.95,31.875
357.09,548.15
359.12,61.71
363.77,1160.8
362.97,657.26
367.43,341.11
372.37,474.75
372.96,1112.1
373.93,457.41
375,895
381.81,953.14
379.42,15.895
381.91,512.91
384.39,918.14
393.9,754.69
396.14,464.14
401.99,288.18
402.58,1066.2
405.63,108.95
402,570
415.7,593.16
415,744.74
418.79,1115.5
425.12,478.19
428.68,716.19
433.46,353.92
440.6,554.93
443.75,385.03
448.56,309.16
445.67,296
450.82,1115.5
451.17,28.66
452.58,821.61
452.79,4.0645
457.54,1003.4
470.94,978.03
470.58,887.11
477.99,723.52
501.81,116
501.69,848.3
504.19,967.73
522.07,448.28
515.31,827.28
515.67,925.43
514.6,959.4
516.69,353.14
517.12,967.71
522.58,1089.5
526.96,1014.6
552.95,1080.9
560.88,1018.2
561.42,213.87
562.87,256.87
563.09,858.05
566.5,411.5
564.63,683.56
576.18,555.13
586.8,160.64
586.07,387.16
597.37,1153.2
600.91,1124.3
599.56,243.54
599,823.5
605.99,589.7
607.68,967.23
607.95,1170.8
608.39,137.39
610.15,850.58
616.5,176.35
621.91,821.29
624.14,287.01
632.38,1196
638.18,257.66
634.07,878.07
638.5,1010.8
642.17,268.07
650.68,1221.6
657.97,588.63
667.51,92.403
663.58,993.96
669.71,1007.7
676.35,549
678.88,957.9
683.14,803.22
691.85,762.31
699.33,30.025
706.11,308.42
712.96,851.6
714.09,236.06
716.92,787.06
720.85,449.13
720.91,272.09
735.02,1063.8
738.97,158.17
741.29,1156.8
742.64,678.92
745.23,409.48
743.86,918.61
761.9,613.81
761.74,148.04
764.07,451.93
764.94,379.3
770.47,1212.6
774.72,942.13
777,1127
784.12,237.13
780.47,884.44
792.45,630.27
792.42,452.58
809.77,409.56
812.9,161.33
812.05,734.09
814.05,487.85
820.16,819.45
824.25,512.36
840.87,832.69
843.79,384.41
850.14,743.65
850.68,471.34
853.39,1105.4
851.12,511.88
853.92,306.98
859.37,1054.4
863,94.5
869.42,543.42
873.95,796.87
878.44,60.059
883.45,566.07
881.3,1019.5
892,492.32
895.72,1032.7
897.11,176.27
896.42,682.11
901.84,703.7
902.52,1112.5
904.19,1164.8
905.93,1052
912.52,898.91
913.11,934.42
916.58,1065.9
916.28,1030.5
922.38,286.32
923.38,707.62
925.8,815.44
930.61,575.74
946.72,355.9
948.86,147.3
948.22,845.46
954.91,251.03
952.37,1243
956.1,432.8
962.33,287.07
960.48,771.8
962.91,939.49
966.48,230.05
972.1,1097.7
972.93,122.31
974.38,1081.9
976.42,1010.9
984.05,70.833
987.09,695.87
992.17,447.85
992.5,1116.9
996.71,512.31
999.42,728.45
1001.3,427.42
1009.4,830.71
1011,34
1013.2,1184.1
1016.9,871.05
1022.4,637.32
1023.2,134.4
1022.9,306.85
1029.5,1233.5
1031.5,995.5
1039.7,389.88
1038.9,185.43
1044.9,933.5
1056.1,110.03
1056.7,13.146
1061,881.53
1068.6,130.64
1070,535.19
1082.1,1123.7
1088.5,1157
1096.2,136.96
1109.6,994.5
1109.7,1118.4
1126.7,599.28
1132.9,139.33
1135.5,958.45
1141.9,724.26
1149.2,396.57
1147,1192.2
1150.9,1008
1149.7,799.57
1156.9,584.01
1157.6,1134.6
1164.2,763.14
1166.6,248.35
1176,686.22
1180,781.18
1177.2,1240
1186.9,509.93
1189.1,728.91
1194.2,938.23
1194.3,602.26
1192.4,1210.2
1201.6,254.87
1198.9,812.09
1206.4,67.558
1215.2,83.633
1226.2,221.4
1231.8,186.4
1239,1246.4
1246.5,369
