2.3214,1222.7
9.1835,19.615
10.631,449.43
17.08,42.56
27.284,1202.5
28.868,1223
30.298,1109.5
32.611,292.39
44.836,811.23
44.044,1226.6
43.436,1204.3
65.522,1234.1
47.401,620.54
45.917,1086.1
56.969,1196.7
58.113,499.37
56.978,973.37
61.419,756.92
60.82,1015
72.724,317.7
74.34,214.65
79.593,1153.4
79.857,1127.9
82.158,505.84
83.048,1171.8
87.053,815.47
92.5,1097
99.063,159.78
95.581,1155.5
100.76,20
102.95,1128.8
103.25,1142.1
106.33,580.74
107.63,599.7
113.48,1188.4
115.02,1244.2
121.91,816.2
124.22,187.85
132.54,1183.7
133.84,1158.8
133.5,72.5
140.06,796.91
154.96,946.83
151.91,45.909
152.5,426.5
162.53,993.87
161.66,61
163.92,89.699
167.4,725.4
172.45,302.13
167.61,1178.5
170.35,629.27
177.14,1135.4
181.96,1187.6
188.63,819.59
190.17,270.34
195.93,886.56
209.08,1133.9
213,184
219,725.84
224.38,1011.2
219.18,340.05
218.25,655.25
225.5,17
234.55,695.67
238.61,432.3
251.5,714.5
256.56,1045.9
260.77,598.34
263.95,669.03
263.68,1223.2
269.56,998.55
281.12,536.17
285.43,300.21
296.42,243.89
297.94,948.35
299.04,1125.4
300.44,226.83
298.92,901.92
306.09,1163.8
320,765
333.23,627.56
331,755.14
334.5,1154
341.29,108.65
346.09,1064.7
346.05,1232.5
350,542.63
358.04,804.57
370.71,839.99
374.6,233.88
372.46,916.34
378.5,282.35
381.82,1008
384.35,1242.9
383.93,888.13
399.06,252.2
403.05,969.16
412.53,993.98
425.64,1095.6
430,302
430.86,1167.4
439.2,599.27
437.46,920.78
441,96
440.41,904.59
442.86,1045.7
446.11,807.98
452.29,394.22
455.16,718.57
458.97,247.1
457.47,924.97
458.58,145.11
466,554
474.07,66.28
482.52,25.809
482.99,574.28
490.65,919.94
495.36,767.54
493.89,233.63
493.91,899.43
496.29,66.329
497.86,584.81
508.3,683.8
513.5,585.5
519.04,227.56
520.05,1078.3
523.5,700
525.45,833.46
528.93,442.41
534.26,1218
539.28,736.03
541.5,162.65
549.42,279.11
558.54,1099.1
567.84,607.5
569.64,296.88
572.32,1037.9
572.31,343.09
585.35,467.98
588.62,993.38
591.09,274.09
612.53,39.458
615.04,705.58
613.05,284.32
615.86,459.61
625.65,834.07
634.3,994.01
635.27,733.55
643.26,1049.1
648.01,440.44
648.53,770.69
645.61,1179.2
647.81,53.071
651.27,890.19
648,247
654.13,712.08
655.82,596.06
669.96,241.55
667.07,880.81
672,1247.2
675,840.17
679,1019.3
684.6,1133
690,816.5
702.6,1236.7
700.07,1165.4
713,39.5
713.29,543.75
724.79,975.19
729.59,932.89
740.39,1236
737.1,904.38
743.9,346.7
752.46,232.1
754.94,133.3
762.84,8.4074
765.04,209.46
768.94,71.342
771.4,687.14
774.55,387.58
781.87,815.21
780.55,1064.1
780.14,1218.5
782.37,737.5
786.97,762.65
789.93,1121.2
791.64,1140.9
800.31,42.953
803.24,530.51
801.17,329.7
802.59,883.86
800.39,1004.9
804.34,815.53
806.36,913.66
806.76,956.87
808.56,135.25
823.72,147.85
828.93,1061.4
834.11,457.6
838.21,1203.1
839,935
844.62,52.717
847.66,881.56
846.5,746
863.19,384.43
863.72,910.81
871.19,1090.9
873.11,933.25
882.67,768.29
896.36,357.09
899.06,203.97
907.04,50.883
905.81,255.51
907.39,962.5
912.34,511.85
909.85,663.46
914.58,124.91
918.54,1241.8
919.42,1112.9
923.38,303.02
927.43,1023.4
929.52,407.6
934.69,660.48
933.9,1167.4
947.95,1204.5
945.76,1104
951.44,822.15
948.77,36.574
949.93,1022.6
961.97,1096.8
974.86,1087.6
973.42,36.105
979,309.19
981.89,730.42
995.15,1106.4
1000,1240.9
1000.6,105.97
1007.2,204.77
1014.2,1159
1016.7,1233.5
1018.2,841.19
1020.1,403.33
1020.1,562.91
1025.9,774.91
1029.8,916
1042.6,978.47
1055.8,892.3
1047.8,825.97
1050.6,57.333
1053.8,784.12
1058.7,30.756
1058.2,257.09
1054.6,321.08
1057.6,662.11
1074.2,814.07
1072.9,640.09
1077.1,1017.9
1084.5,1037.4
1084.5,668.05
1086.7,556.89
1097.8,1078.1
1097,13.5
1102.4,398.54
1108.1,746.88
1116.2,924.9
1117.5,1107.5
1118.5,792.76
1129.5,804.84
1134.6,267.92
1143.6,9.9418
1138.2,575.57
1141.4,59.92
1147.7,381.87
1147.2,654.06
1149.6,420.22
1155.7,500.03
1155.4,35
1160.3,85
1161.7,545.41
1161.6,354.39
1168.3,206.21
1163.9,738.41
1174.1,967.14
1171.9,310.72
1177.7,1090.3
1183,981.63
1188.3,554.92
1205.5,637.13
1205.1,489.58
1210.4,456.38
1210.3,1085
1218,533.46
1225.5,850.12
1223.1,243.94
1229.6,92.578
1236.1,262.6
1235.5,6
1237.8,426.07
1244.2,953.58
1241.3,1065.2
