2.8056,655.5
10.229,807.29
15.224,78.319
11.686,1050.2
23.746,658.03
27.107,315.99
28.795,876.26
30.471,79.214
34.917,57.25
34,954
37.548,229.71
41.877,364.5
46.105,1025.4
43.467,758.31
43.5,310
48.667,1066.8
53.636,252.41
54.684,3.7105
59.714,483.93
58.579,401.11
59.583,737
60.95,1195.1
67.105,1094.7
65.083,555.73
67,925.83
77.038,760.54
83.152,409.68
84.207,1217.9
90.924,99.401
89.519,13.57
94.026,702.63
96.515,848.12
99.167,1140.7
102.07,576.93
107.07,103.59
111.53,419.34
112.57,204.09
115.74,449.49
113,512.68
115.14,694.96
114.71,307.18
119.73,338.44
117,479
119.64,1108.5
124.12,306.04
122.44,459.92
123.95,868.47
128.5,723.5
134.5,297
136.27,315.79
138.91,442.63
143.25,1067.7
140.78,503.91
142,757
145.68,105.2
145.9,149
149.89,84.354
150.56,403.55
151,69.094
149,1110
155.77,483.23
160.07,742.44
161.18,779.05
164.6,158.41
162.86,338.96
162.4,631.33
160,951.5
167,419
171.6,26.795
175.83,444.65
173.58,629.8
177.82,1177.1
176.56,359.92
176.5,545
186.86,132.24
189.93,156.3
191,539
192.63,1232.6
197.21,321.57
199.48,262.64
199.97,826.98
200.97,684.8
204.24,851.47
214.78,90.293
218.98,1129.4
217.42,1177.5
222.1,561.47
222.09,910.01
220.91,2.9412
222.62,654.68
228.67,1203.6
227.71,1077.5
229.91,425.09
232.33,318.18
232.57,827.97
235.33,237.05
238.52,422.05
242.82,710.08
247,596
249.74,935.54
252.02,161.62
252.6,68.767
258.2,1016.4
261.81,878.87
259.5,1156
268.03,493.96
269.28,988.51
267.98,1106.7
273.87,1149.2
274.27,580.58
270.62,1122.1
276.77,515.72
275.03,1174.8
282.28,939.65
280.85,205.54
284,111.5
285.91,188.15
289.93,739.81
293.08,455.08
297.13,848.98
298.39,491.86
303.06,40.817
301.08,78.917
307.36,856.86
305.07,926.53
304,1216.5
307.98,779.29
306.54,107.08
305.93,306.41
313.58,893.6
310.77,349.68
309.58,968.06
310.5,86.5
313.6,1085
318.09,1064.5
321.11,117.04
316,469
316.93,1207.4
322.91,837.38
323.5,628
325.12,1172
326.59,697.93
332.05,1244.8
334.86,747.09
338.81,1057.8
345.29,73.559
341.82,380.84
341.19,402.79
341.73,426.63
345.4,1223.2
350.55,206.04
347.11,239.58
350.24,596.22
348,313.5
352.92,1130.8
351.42,924.58
358.86,607.77
359.2,247.64
365.44,1109.8
362.09,933.05
366.6,52.413
364.66,943
371.88,849.66
375.13,1166.1
378.18,967.17
384.79,394.19
380.55,366.61
384.41,96.172
386.25,70.098
383.85,138.54
389.16,309.68
393.14,1147.7
390.14,686.45
389.24,908.79
400.45,29.471
400.23,686.08
403.02,655.71
402.64,1075.9
408.12,53.681
409.59,993.59
406.17,1014.4
423.82,876.88
429.72,823.94
416.61,1113.8
416.5,752.5
423.97,1186
423.27,855.57
424.5,635.5
425.4,1216.9
425.86,1054
428.95,617.93
429.38,967.94
431.47,842.51
430,857
445.35,1241.6
434.22,722.56
437,634.17
438.83,1155
445.15,385.54
446.11,610.11
445.1,1071.1
450.06,624.27
451.14,934.2
451.43,983.47
451.07,819.41
457.74,205.22
451.6,263.4
454.62,781.19
459.83,830
464.11,1222.6
465.32,82.421
461.79,812.5
473.33,798.46
464.94,974.41
467.26,1078.7
469.13,642.52
466.93,1018.6
468,64.333
468,120.5
473.72,778.86
474.71,680.57
479.41,1043.4
481.2,826.15
480.46,20.914
482.82,373.08
484.49,552.93
480,1226
483.45,355.03
483.57,767.65
488.17,642.67
487.5,668
493,957.83
494.21,1227.5
498.4,271.53
498.25,1102.4
499.46,1046.6
501.23,902.32
505.15,556.98
508.88,37.385
509.68,1242.1
513.29,755.71
514.73,157.28
517.93,1033.9
518.39,1229.1
525.24,529.88
523,1216
525.48,381.86
529.15,899.37
527.51,674.49
530.31,757.3
526.31,881.97
528.67,615.83
529.58,185.11
533.88,294.76
535.02,1208.3
532.5,841.5
538.24,400
536.76,936.92
538.14,55.143
539.92,603.92
544.67,72.155
544.54,158.38
546.18,1243.4
550.33,214.88
547.07,517.47
548.76,952.49
559.98,1226.3
561.11,524.22
561.14,510
561.73,1178.7
565.25,724.84
568.74,887.41
569.24,1147.8
571.42,692.89
576.48,1001.3
575.07,509.59
581.16,1017.9
582.57,386.04
582.29,1163.8
589.18,1215.2
590.11,1236.2
590,291.24
590.3,996.39
598.72,308.93
592.91,665.47
593.33,57.025
593,911.58
593.08,951.1
597.17,803.55
598.54,535.92
597.93,651.07
599.23,1105.1
604.61,1162.7
607.94,196.81
607.64,472.02
608.08,601.48
606.93,1113
612.5,139.5
615.01,1146.4
617.35,1185.6
614.98,212.02
618.5,656.28
616.55,1112.8
620.33,1128.8
618.56,1237
620.24,993.94
621.71,587.62
625.58,438.03
625.86,73.857
630.51,257.85
630.93,1017
631.86,691.5
633.82,1117.6
637.22,141.39
635.05,922.82
637.36,236.4
638.16,1004.1
644.94,1199.3
638.24,767.39
638.02,1056.9
637,788.5
642.47,270.77
649.42,613.83
648.18,182.86
646.5,567
652.15,667.62
650.08,1168.4
654.31,952.28
656.16,72.453
661.87,703.54
658,329.14
663.77,604.45
668.13,1144.3
668.17,1090.9
666.56,1009.6
666.58,193.89
674.78,647.66
678.72,677.76
680.01,1162
679.06,10.796
683.65,979.59
679,1180.2
684.12,1205.2
684.77,286.56
683.47,393.4
685.44,587.14
686.03,733.26
689.15,535.29
688,1118
691.27,153.65
695.49,626.88
694.42,703.11
699.36,287.5
701.07,754.59
706.78,164.25
703.5,881.12
702.67,944
706.5,548.5
706.64,228.68
708.04,960.6
713.66,1159.1
714.07,1061.6
716.42,491.47
715.88,1132.5
720.42,954.39
723.4,934.29
721.96,1091.8
723.85,255.54
731.32,886.08
734.94,513.02
735.4,368.64
739.4,1137.5
742.07,845.32
740.83,281.07
757.35,866.37
760.53,1006.6
760,659.13
765.85,336.58
764.7,847.34
764,907
770.78,1222.8
770.86,704.42
773.36,486.72
774.16,792.55
778.86,625.09
775,469.58
779.22,1084.7
780.64,515.32
787.01,253.48
785.49,716.92
793.52,194.94
796.14,444.22
790.41,605.07
794.32,419.02
798.2,494.32
797.84,587.76
803.96,646.58
803.36,378.57
804.69,258.69
803.06,1053.9
813.92,1022.5
820.14,938.29
819.89,283.19
822.56,330.83
828.7,984.49
827,318.5
833.2,1155.9
833.25,444.78
838.44,717.4
832.86,776
839.57,616.26
835.67,883.47
836.58,549.89
836.91,676.09
840.78,210.25
843.68,563.07
851.6,1122.9
848.75,629.92
851.58,805.55
853.07,770.85
851.58,825.11
858.51,389.24
860,913
864.53,978.57
864.96,924.18
870.64,766.26
869,137.5
869.61,866.86
879.2,901.14
881.44,427.64
876.57,913.61
879.07,630.74
880.63,853.16
882.65,351.94
885.21,988.05
886.11,456.11
888.39,1127.9
891.06,731.51
892.55,926.77
891.93,129.14
892.62,313.38
891.93,490.56
892.17,905
896.04,825.16
893.85,871.07
910.28,893.62
905.24,778.81
907.63,689.15
909.62,1112.1
911.33,860.58
910.32,927.02
909.26,483
919.08,1019.9
929.24,622.84
924.94,167.97
926.86,821.82
928.99,931.65
926.31,980.24
928,348
936.92,417.09
933.14,506.86
935.84,875.7
937.91,312.09
948.77,860.92
949.24,830.99
949.79,761.6
950.89,318.36
953.57,507.01
951,909
957.15,491.07
956.66,699.22
963.87,657.7
963.5,913.5
964.16,1218.4
968.34,397.83
977.25,815.89
970.67,440
979.19,597.23
989.66,648
983.5,1171.5
992.45,1214.4
988.67,829.96
991.31,992.15
989.92,974.05
991.65,703.69
992.13,736.02
992.81,1198.6
998.09,923.12
998.43,1130.1
999.12,775.54
1009.9,550.33
1003.9,572.66
1002.4,639.35
1007.4,834.97
1016.4,306.56
1017.6,886.06
1015.3,921
1020.4,482.52
1021.1,452.96
1021.8,524.58
1018.5,839.5
1020.4,752.97
1020.7,942.53
1028.7,988.46
1025.1,703.37
1025.1,1024.1
1027.7,604.86
1028.5,928.94
1028,768.26
1029.8,845.89
1030.4,819.27
1030.2,1034.6
1028.9,789.3
1032.9,195.76
1030.9,464.09
1038.4,1017.7
1037.2,547.93
1037.7,387
1042.9,459.76
1039.9,1047.1
1043.4,714.28
1043.6,1039.1
1046.8,841.73
1045,1228
1051.2,394.39
1051.4,775.64
1055.1,1002.1
1050.3,634.47
1055.9,888.94
1055.8,1097.4
1059.7,362.35
1059.1,910.4
1058,446.14
1062.1,468.58
1062.7,496.36
1062.1,533
1061.9,1116.9
1066.4,747.83
1065.4,395.28
1066.7,829.12
1067.5,772
1071.6,352.2
1073.2,390
1076.9,941.5
1090.9,773.53
1080.9,374.02
1091.1,901.56
1085.5,929.15
1095,460.05
1086.6,988.17
1086.8,243.18
1084.8,391.44
1087.6,495
1092,1228
1100.5,850.26
1095,1205.9
1099.6,343.94
1103.8,434.86
1098.8,993.86
1100.9,527.59
1105.8,644.89
1109,614.95
1115.1,803.34
1111.9,1060.6
1114.8,862.39
1116.4,1233.3
1115,708
1117.8,555.91
1118,591
1120.6,1013.2
1123.9,470.24
1128.8,441.09
1134.1,791.72
1132.9,186.83
1132.7,332.33
1139.4,390.6
1138.1,498.61
1139.4,656.47
1146.1,550.31
1144.6,717.84
1147.1,326.05
1158.5,297.74
1152.1,1070.9
1156.8,358.96
1155.2,925.37
1156.5,896.59
1161.5,624.94
1164.7,384.95
1168.4,516.81
1162,1083
1167,1121
1167.9,90.414
1171,451
1177.8,400.28
1179.3,901.51
1181.6,476.79
1184.1,1196.7
1190.8,577.48
1188.9,703.05
1196.1,71.686
1194.4,987.22
1199.9,639.23
1197.3,1015
1204,451.96
1207.2,1122.8
1205.6,391.54
1214.4,681.79
1216.9,1069
1217.6,555.94
1221.7,882.02
1226.8,524.83
1228.7,1034.7
1226,636.5
1228.4,1002.1
1237.5,241.22
1237.5,874.5
1238.5,909
1241.3,674.42
1240.8,925.54
1244,954
1246.6,755.16
