2.9259,75.407
3.9677,113.37
3.0909,1176
1.8571,1236.4
7.1389,617.04
12.188,643.72
13.452,252.86
15,1004.8
19.542,390.02
19.299,575.6
19.351,1202.9
17.083,1124.1
24.583,142.94
32.851,107.49
31.436,978.08
38.174,611
42.5,846
40.5,1113.5
44.735,683
44.78,1154.2
45.735,296
54.78,1065.3
61.441,894.98
73.517,204.87
77.043,982.06
93.528,1226.4
111.81,1162
112.74,904.38
111,997.58
116.56,130.05
118.6,223.65
123.51,60.403
127.31,804.06
124.5,445
135.25,525.12
133.82,878.04
135.42,41.105
139,1.8947
142.22,538.24
148.39,4.9275
149.22,1224.6
149.52,870.9
158.07,304.5
161.25,59.805
157.5,849.5
159.23,1096.9
160.4,1163.4
165.5,874.5
169.61,381.88
174.8,713.44
187.5,476.5
193.06,647.03
201.79,1081.6
214.8,1057.7
213.98,632.72
226.27,654.66
222.54,286.92
223.56,886.97
226.67,420.84
227.94,771.48
230.58,23.432
230.47,372.76
232.69,800.61
235.73,1178.4
240.14,6.1429
245.96,644.56
252.62,12.315
249.36,893.21
262.23,873.8
263.89,998.37
267.86,1148.4
269.93,293.02
271.04,928.56
274.87,662.43
282.58,169.37
298.31,352.59
303.71,1218.2
308,771
307.99,8.8485
322.02,944.33
327.71,441.44
325.47,331.93
339.37,288.07
343.42,1155.6
342.47,982.16
361.02,744.44
361.91,783.84
363.14,686.68
362.35,1191.4
369.18,548.05
370.43,121.09
376.34,804.47
381,566
384.7,184.06
387.11,1188.2
393,865.18
403.58,856.58
405.49,537.67
412.47,1089.1
417.68,1200.5
418.34,67.277
422.07,258.18
426.5,417.5
432.37,511.76
439.73,559.74
437.17,588.41
437,755.32
440,1012.5
441.09,296.94
439.73,999.65
444.82,849.07
443.79,400.5
449.25,186.69
450.32,537
454.44,465.17
456.05,709.48
453.73,1095.1
457.08,1144.9
461.99,1080.5
465.58,784.55
468.85,843.59
470.13,269.17
486.28,1230
486.91,227.09
490.29,1008
490.87,370.02
495.42,1139.1
502.93,728.41
508.42,1173.9
508.03,31.607
513.88,861.92
517.27,797
530.35,685.86
533.13,5.0753
544.46,724.52
544.17,790.28
549.81,1239.2
554,833.45
555.65,739.41
553.88,1139.6
556.53,329.57
563.44,1155.6
565.76,506.7
574.11,217.62
583.62,889.66
588.11,845.39
592.85,301.54
604.57,1096.8
605.11,851.98
612.33,719.65
615.12,235.98
620.95,79.468
623.55,785.54
630.74,651.3
632.11,222.58
638.63,208.28
654.07,660.11
651.42,1217.9
652.94,690.45
658,578.5
661.16,258.06
671.32,1052.2
677.31,1183.4
681.05,872.31
682.27,481.03
685.7,903.93
693.37,479.32
695.5,61.5
698.98,304
697.63,407.37
707.23,778.47
702.33,709
714,947.74
712.47,1062.2
716.93,95.407
721.18,342.56
730.43,859.61
728.5,185
731.5,936
732,1180
735.72,239.53
738.27,812.3
743.96,185.76
736.92,609.8
737.33,1129.4
743.28,257.73
740.48,688.02
741.48,335.28
746.24,375.89
741,311
743.53,1204.3
751.49,1120.4
749.11,840.42
752.59,851.55
754.42,433.42
758.11,678.32
761.98,550.1
763.94,508.93
765.68,771.12
765.17,329
768.7,585.39
769.67,409.18
766.09,841.09
769.93,940.59
776.38,144.1
773.31,1144.1
779.29,500.2
777.72,836.96
781.96,311.25
783.34,1211.5
786.91,229.09
793.7,867.74
796.63,1198.9
795.24,1243
800.96,1163.6
810.94,468.7
811.91,913.09
828.23,861.7
827.38,609.48
836.53,989.76
842.02,1135.7
841.5,751.72
852.38,1216.8
854.88,402.57
865.98,41.101
865.17,752
869.12,773.91
872.02,503.91
875.71,348.53
878.91,871.97
897,249.07
893.13,1026.9
896.62,301.31
910.6,13.531
909.68,1153.8
917,995.68
920.24,1211.2
926.07,347.37
922.45,961.98
923.24,1146
931.81,757.32
938.06,730.96
943.39,245.61
957.14,729.84
960.5,901.5
964.62,1081.5
966.82,475.47
979.37,91.642
968.33,404
978.43,203.49
976.29,843.45
975.43,1086
984.41,1183.9
993.16,604.25
992.53,517.23
995.48,1223.7
997.29,428.26
996,631
1000.8,1189
1003.4,1125
1004.6,259.39
1007.9,420.91
1006.4,668.5
1012.3,1188.9
1021.4,970.89
1026,549.54
1030.4,30.967
1028.3,448.67
1038,712.1
1039.1,827.16
1041.9,592.61
1052.5,828.92
1048,1091.5
1051.1,196.59
1056.1,171.57
1059.6,264.87
1057.5,1246.3
1066,246.5
1075.2,55
1075.4,232.72
1080,68.5
1086.8,1047.2
1090.1,983.07
1090.8,162.5
1090.4,1236.9
1102.2,1220.7
1101.5,1151.5
1103.8,1171.6
1114,891.6
1113.5,611
1115,1217.3
1117.9,92.593
1131.2,374.1
1132.6,1154
1141.9,990
1147.9,1143.9
1147.3,721.26
1149.4,187.92
1151.6,1035.8
1158.5,1179.5
1157.7,963.4
1161.2,1203.1
1167,366.27
1167.6,545.86
1169.9,926.03
1177.1,19.716
1180.5,1039.7
1184.4,365.15
1197,616.09
1194,975.09
1197,406
1199.1,1126.3
1201.5,303.5
1200.5,462
1210.3,249.81
1207.9,495.91
1209.6,1171.6
1217.9,1043.1
1218,341.5
1221.6,429.46
1235.3,643.58
1233.6,27
1237.8,931.77
1244,1103.5
1244,1170.8
1246.4,324
