2.2424,722.42
3.5405,866.78
9.902,680.67
13.196,395.81
16.739,624.32
14.429,787.57
29.91,380.78
29.121,676.16
30.537,864.59
32.362,286.14
37.544,409.57
40.368,974.84
51.914,299.8
53.159,356.55
60.475,1169.7
60.576,950.58
67.125,473.88
76.322,769.07
82.299,439.41
82.895,154.42
83,479.17
87.243,489.86
87.946,409.41
94.682,461.03
101.5,559.69
96.549,341.94
96.426,620.82
101.71,388.15
102.68,824.64
101.47,915.26
129.11,161.35
110.4,480.36
112.41,601.15
112.69,450.02
114.05,282.62
116.57,251.03
122.3,987.28
121.95,648.09
123.85,668.34
128.98,1140.9
128.41,278.96
128.75,235.87
127.5,379.5
137.67,5.6239
135.17,225.05
140.36,472.52
140.36,294.17
136.72,671.8
142,250.24
149.08,272.22
155.28,204.47
158.46,1019.6
157.55,147.06
161.06,22.571
164.67,478.83
170.62,488.56
167.28,124.85
183.52,308.24
172.06,855.68
170.79,799.69
173.46,290.79
172.86,1089.9
186.35,746.82
191.05,1166.2
196.53,392.43
199.66,275.18
198.79,606.89
200.36,238.42
200.06,714.24
202.82,788.27
200.58,257.11
204,531
214,2.2222
213.15,690.73
215.5,635.5
216,544.5
219.04,658.82
222.89,849.21
225.06,540.28
233.38,229.89
236.1,663.62
237.32,998.06
244.47,291.26
244.15,687.93
247.56,19.556
248.2,165.84
251.23,1064.4
252.35,908.69
251.25,635.51
256.34,460.53
256.09,724.05
282.9,274.43
265.13,235.89
264.85,750.1
267.07,101.4
267.59,525.78
269.31,154.83
269.51,435.63
271.07,716.59
275.01,83.408
272.5,216
273.15,541.98
275.78,602.8
283.19,390.57
282.38,506
294.24,209.67
290.46,638.24
298.32,556.39
298.36,55.621
306.18,594.8
305.67,746.32
307.84,86.429
308,216.5
312.37,570.2
309.5,636
322.88,466.97
329.55,864.98
327,537.5
337.07,1141.8
337.68,911.65
336.5,580.5
337.31,933.09
342.27,1071.5
342.85,401.27
344.61,38.158
347,306.75
347.25,951.83
353.3,883.49
353.72,642.61
359.78,1210.6
364.14,490.93
371.44,582.07
371.1,598.21
371,425.5
374.18,99.95
373.77,376.13
384.5,141
388.59,372.88
395.36,588.41
400.91,288.27
399.95,1025.6
402.83,840
407.18,1162.8
404.5,109
406.09,559.09
405.88,584.35
407,1006
414.29,401.69
425.1,48.472
438,711
438.93,662.8
439.5,348
447.54,255.14
450.65,27.938
451.93,1053.7
463.08,750.89
464.64,26.543
465.91,186.91
472.27,529.25
467.06,631.09
479.61,429.76
478.57,459.88
481,864.7
480.57,128.39
483.5,227.5
492.08,58.302
492,423.5
493.46,588.57
511.14,1039.1
515.05,762.46
517,350
520.61,149.14
523.32,276.01
525.62,88.582
524.68,186.78
526.9,738.03
532.19,1196.6
532.38,404.88
535.84,1077
534.61,911.13
538.72,173.86
537.53,78.233
538.76,592.62
545.33,356.19
548.53,1154
557.71,253.57
565.11,339.58
570.11,614.57
575.78,817.79
571.38,1179.4
576,150.24
580.7,1.8
585.89,880.16
586.69,910.09
589.08,862.77
591.2,143.22
603.18,697.68
610.35,169.76
609,1044.4
609,77.5
613.33,371.48
610,667.83
614.93,86.407
615.44,479.42
633.09,78.806
631.16,453.71
633.57,113.54
643.67,380.44
645.7,842.46
650.58,1032
647.14,120
653.98,321.98
653.75,1124.2
656.14,481.49
663.84,341.05
667.51,154.53
671.68,320.57
669.57,694.61
682,27.396
684.45,673.09
693.82,934.61
698.79,804.5
699.76,691.64
704.03,748.08
706.79,846.82
717.08,316.44
722.59,666.33
725.09,353.91
729.42,472.42
732.3,691.32
734.65,665.71
737.34,850.17
738.5,1156.5
740.84,474.84
741.84,312.31
745.07,901.94
751.61,37.648
754.69,1073.9
756.39,1154.7
758.72,1135.3
761.95,952.17
766.25,590.87
766.61,1096.9
770.69,281.36
771.92,332.27
773.34,937.2
779,1004.3
787.62,1047.9
796.08,875.47
791.41,294
795.76,967.06
801.46,115.94
803.95,696.74
803.45,568.13
807.92,198.23
812.37,251.28
815.54,815.15
815.63,924.63
823.07,403.39
821.83,957
822.83,317
830.2,129.08
828.12,1204.7
830.05,349.08
840.58,69.548
849.84,498.4
843.41,791.07
852.88,168.83
856,271
860.8,705.92
862.51,388.29
861.93,484.41
867.31,771.23
874.98,1126.6
873.29,682.65
884.97,578.68
876.5,43
882.22,853.41
879.86,1215.9
884.99,1083.7
902.72,477.49
886.57,515.04
886.18,1120.3
889.64,202.02
888.72,693.64
894,719.1
895.49,150.13
902.29,196.16
903.03,23.575
912.29,306.47
911.4,1200.6
921.76,877.37
919.59,927.9
926.56,306.42
931.02,963.46
939.79,443.21
938.32,219.2
948,635.32
956.68,475.88
968.91,13.667
966.24,824.54
966.96,924.06
966.63,117.37
969.9,1238.2
980.31,451.28
979.33,391.17
984.54,159.14
986.84,724.32
991.59,832.41
993.67,376.15
994.91,1033.2
994.09,604.09
1000.6,75.275
997,1137.5
1002,262.28
1006.8,1121.7
1006.5,583.56
1015.4,292.3
1019.3,397.53
1033,456
1036.2,1118.1
1035,25.407
1038.7,402.06
1038.7,880.05
1041.5,377.72
1044.4,766.34
1045.1,441.83
1044.1,674.59
1052.7,1192.5
1056.7,26.844
1056.4,980.45
1064.5,414.55
1074.2,148.18
1069.9,185.5
1075.7,1030.6
1079.9,544.26
1081.7,337.16
1086.9,23.704
1097.4,513.9
1098.8,309.96
1095.3,351.38
1111.7,237.4
1114.3,510.47
1117.7,1067.3
1119.4,348.54
1125,540.5
1127.4,1242.1
1129.2,2.6562
1133.6,227.5
1140.6,516.54
1140.2,250.67
1139.8,625
1153,780.98
1150.4,1082.6
1151.5,935.15
1155,456.24
1159.7,236
1162,928.63
1170.4,48.5
1173.1,34.747
1176.4,1149.5
1189.1,824.14
1211.1,923.37
1213,377.57
1215.5,269
1218.4,126.93
1222.5,48.5
1224.9,259
1228.9,605.12
1236.5,326.36
1242,133.5
