33.76,391.51
4.4211,595.29
10.545,690.16
3.0328,986.33
4.3733,1008.7
5.0928,1087.4
5.907,1116.1
5.397,1192.9
6.2159,1262.2
14.658,1035.4
13.766,931.64
26.021,544.7
14.593,951.12
21.574,1122.3
15.885,1170.3
17,1217.9
32.201,1286.8
35.612,463.78
25.933,891.97
25.471,1155.9
27.903,914
28.842,1166.1
31.329,434.19
32.554,930.11
38,398
58.684,1089.2
45.586,503.51
43.6,349.6
50.815,1044.3
55.462,1124.4
67.719,251.43
67.949,399.12
68.439,470.66
69.043,1183.8
74.625,421.62
98.563,1153.5
82.406,1315.2
103.83,746.16
87.593,1100.4
86.6,1036.6
88.2,1060.7
88.846,1264.1
92.636,233.61
105.25,119.22
93.857,354.95
93.625,304.12
137.82,100.33
122.42,400.98
146.03,298.74
99.598,996.99
113.63,522.89
124.58,181.13
117.13,483.71
130.27,1032.3
131.61,1046.1
131.3,1177.8
136,928.44
135.29,1240.5
158.35,602.65
145.04,217.04
146.02,867.37
146.59,946.88
148.6,55.191
146.96,449.92
150.82,1176.4
236.43,332.99
161,1171.5
174.47,69.646
167.5,735.5
173.59,1161.5
185.68,269.77
191.69,197.93
193.91,1193.1
195.3,147.14
206.14,21.863
229.23,442.63
201.58,228.42
211.52,1291.2
202.39,656.14
208.5,710.5
191.39,256.05
228.61,284.3
216.43,608.93
220.11,1176.9
222.79,670.21
221.38,204.5
219.85,238.33
224.11,831.75
226.58,55.09
234,1185.3
245.67,140.78
238.65,983.12
240.82,212.94
238,631
266.03,206.67
251.83,1298.2
249.68,1197.7
249.48,1096.6
250.6,534.4
256.04,118.02
266.34,719.86
270.16,156.46
266.17,264.82
262.57,971.54
262.6,11.367
263.53,350.47
270.39,881.57
272.49,1212.8
286.95,527.09
289.79,958.69
291.63,369.35
305.48,1247.5
289.18,724.1
304.89,427.61
295.76,675.89
290.56,796.64
289,1103
291.62,194.58
307.07,166.98
318.95,586.91
303.45,204.58
303,361
303.5,886.5
308,261
314.07,704.36
329.45,780.97
337.44,253.62
327.94,504.55
317.48,914.91
335.43,214.94
326.86,64.729
326,606
330.36,921.43
327,1140
335.88,460.5
361.6,1245.1
353,317.5
356.41,118.88
358.36,140.68
363.88,171.29
381.84,280.25
361.59,66.622
365.4,261.97
370.82,1174.5
366.29,1154.5
368.5,57
371.89,752.46
404.38,99.072
383.11,79.097
381.32,471.38
393.58,745.18
392.63,393.63
406.83,1163.9
400.02,363.48
402.35,45.85
420.06,717.22
407.81,30.905
409.15,13
416.11,296.52
416.18,437.76
423.48,1051.2
431.82,604.05
425.36,1016.5
431.53,2.2778
431.42,1310.6
451.34,1281.9
437.31,707.58
451.02,237
440.22,352.76
449.67,744.04
517.76,1030.1
435.06,302.36
453.26,842.76
456.4,404.4
551.45,654.01
460.56,459.08
460,561
465.26,444.23
462.44,554.92
465.5,1209.5
472.88,4.0488
472.47,188.62
476.19,534.37
472.46,625.95
473,860
475.25,421.25
477.31,983.69
481,178
504.37,300.13
488.94,487.11
491.51,427.73
490.89,122.42
497.17,609.36
537.16,169.68
499,1179.1
500.93,442.93
507.71,428.59
504.32,1268.3
552.36,353.69
510.39,696.22
522.04,1266.3
517.5,788.5
522.94,1238.4
526.57,400.03
527,822
534.08,685.56
534.69,1096.8
537.65,998.4
542.39,1226.9
548.85,224.92
545.56,1280.8
547,580.63
557.34,1066.1
559.87,735.21
562.75,343.58
596,856.16
572.51,827.57
576.97,43.85
585.42,714.84
644.98,296.27
593.47,42.28
663.48,82.814
603.21,332.45
613.23,330.23
622.16,837.15
627.91,190.26
633.8,820.22
657.55,828.68
638.55,3.4783
639.92,670.22
640.38,892.6
646.97,768.85
643.81,1224.8
648.41,617.68
662.74,984.33
654.5,687.12
654.8,715.24
664.5,677.5
674.29,368.52
671.49,8.471
671.42,744.85
674.89,505.42
677.86,711.86
698.72,1113.2
685,1139
719.33,865.79
687.5,785.5
694.21,983.88
691.59,1136
701.06,8.5714
712.2,640.64
713.11,112.54
710.26,1132.3
709.68,514
766.24,565.98
720.75,1161.6
716.04,762.07
730.52,800.9
725.16,1324.6
751.14,485.28
734.85,721.91
725.5,696
729.63,1101.3
728.5,55.5
734.3,1069.5
743.13,936.87
739.5,1196.6
740.13,756.76
742.26,515.32
744.11,982.42
755.52,768.83
753.05,1183.9
798.19,17.17
758.53,118.72
760.87,1147
753.42,505.89
755,827
763.53,647.82
772.03,70.5
769,130
786.23,427.83
775.71,1028.7
780.85,526.61
778.43,1318.1
777.48,730.1
782.84,839.13
781.48,1047.8
783.21,659.21
788.86,642.18
791.98,690.49
793.46,1012.8
797.39,146.46
803.26,599.25
796.86,1265.8
797.26,488.5
811.37,973.72
805.71,459.51
802.49,40.756
838.08,837.26
808,369
832.15,1134.7
818.87,140.79
824.32,1291.8
834.25,911.66
893.79,1254.7
842.26,501.89
829.41,342
833.46,31.846
837,957.5
839.17,534.67
842.54,218.74
848.48,372.84
854.95,42.479
863.57,548.33
858.48,653.53
870.32,982.64
869.65,51.257
870.98,213.34
876.33,1024.9
884.11,387.32
872.25,573.95
868,931.5
871.56,1127.9
875.1,680.01
873.5,819.5
885.38,535.54
902.43,785.76
899.25,1053.3
897.15,714.52
908.63,1085.3
919.84,416.99
908.06,532.94
908.96,500.96
907.67,837
912.99,607.52
916.94,575.14
940.15,548.55
924.91,811.98
928.39,532.17
933.96,1172.4
941.05,867.35
945.97,463.68
938.88,1045.8
945.93,1329.6
963.52,776.47
959.42,858.11
963.78,78.459
1004,405.25
966.29,431.31
981.95,864.2
975.1,700.6
974.6,822.62
992.09,524.46
976,1091
1006.4,637.98
985.24,457.24
1001.3,1248.6
994.33,1133.1
998.48,15.976
993.65,259.58
999.73,1292.4
997.93,130.07
1001.6,949.23
1001.6,1021.1
1025.1,1107.7
1009.9,826.05
1019.9,234.92
1022.1,98.258
1025.6,935.33
1045.6,1007.1
1030.9,961.86
1032.9,570.81
1033,1264.1
1049.9,707.39
1035.4,867.45
1037.9,238.86
1045.9,493.93
1107.4,77.946
1053.7,561.47
1051,580.84
1060.8,1039.6
1089.4,582.12
1073,272.04
1086.2,782.39
1074.8,1060.6
1077.4,669.71
1084.2,538.96
1103.1,694.14
1081.1,698.42
1090.3,1016.2
1096,282.35
1106.3,637.29
1108.6,907.66
1123.8,727.83
1125,800.52
1110.1,1326.2
1120.3,504.07
1121.2,81.791
1135.2,431.44
1126.1,451.94
1142,398.56
1138.9,274.37
1132.7,181.87
1133.7,912.48
1136,638.98
1184.7,749.89
1137.3,1045
1147.3,666.73
1147,793
1149.1,1143
1160.4,292.34
1137.3,160.61
1155.9,1121.4
1158.1,721.65
1161.2,1311.6
1161.4,639.56
1177.1,505.01
1170.4,1102.9
1169.2,636.67
1176.7,724.12
1179.7,913.4
1186.8,1313.8
1183,200.5
1184.9,1086.5
1186.2,152.65
1203.6,267.32
1202.4,472.26
1224.1,880.68
1223.6,1067.4
1198.5,114.61
1213.9,698.5
1205,328.2
1212.7,1024.7
1218.8,586.74
1225.9,47.174
1244.4,341.95
1290.1,940.56
1241.9,238.08
1274.7,624.51
1255.2,1046.9
1271.2,663.38
1279.5,488.95
1274.4,582.96
1269,1049
1276.4,259.19
1280,1053
1283.7,231.19
1290.6,190.73
1306.2,1042.1
1289.3,280.66
1298.4,642.66
1294.4,520.43
1296.4,778.38
1299.7,132.18
1304,512.38
1302.7,539
1307.4,763.55
1307.1,375.41
1310,403
1319.6,614.65
1316.9,169.52
1314,651.5
1314.9,416.04
1314.6,631.56
1319.7,301.05
1315.5,399
1323.7,779.52
1326.3,1244.8
1325,280
1327.7,579.27
1328,370.89
1329.2,235.89
1327.9,891.42
1330,194.88
1330.4,499.7
