4.9242,22.848
1.8947,1134
9.3295,857.77
10.429,1140.4
16,913
17.535,540.58
26.135,794.61
24.338,979.86
23.436,492.45
21.5,681.5
23.091,469.91
28,728.5
32.303,681.48
31.469,645.86
31.5,968.5
41.933,136.56
46.468,2.9787
51.606,425.44
55.5,184
57.083,1240.9
62.19,709.66
63.5,727
68.08,821.5
67.5,1149.1
73.197,171.93
72.419,849.97
73.16,1109.1
78,310.5
78.901,627.1
80.091,196.09
86.515,724.09
80.314,1242.1
84.71,796.55
99.134,1113.2
99.5,675
101.91,1001.4
100,186
100,1134.2
106.69,980.91
107.19,1125.1
110.49,700.84
111.6,509.75
114.52,172.8
114.94,727.76
115.02,7.7674
114,672.83
119.25,279.22
119.39,739.86
124.89,920.61
135.79,950.33
130.41,673.62
133.42,1026.7
135.63,88.481
133.2,930.68
137.55,921.21
139.17,1040.4
144.65,63.968
145.26,1077
144.1,835.95
148.8,111.38
149,502.15
147.5,1223
149.44,721.44
153.59,471.2
155.67,528.34
153.5,742
157.57,704.92
161.63,254.7
161.07,497.07
161.74,824.43
164.22,652.46
166.42,15.105
181.97,521.69
176.48,540.7
185.09,879.97
183.33,649
194,677.09
197.34,178.63
192,948
196.95,318.24
201.75,484.33
205.48,245.9
209.17,890
209.08,917.92
216.31,568.91
219.8,864
227,457.23
233.86,661.26
228.15,737.73
234.46,216.08
235.61,578.28
248.44,471.74
251.29,451.57
263.38,278.25
257,943
261.5,943
266.54,641.17
264.87,854.75
271.46,1170.6
271.42,61.105
276.23,599.1
276.14,717.45
281.09,1019.2
284.04,134.46
286.16,264.8
288.15,718.05
290,778.5
297.88,958.41
299.69,20.753
312.32,397.45
312.7,581.3
312.5,44.5
314.89,225.38
313.75,31.083
318.91,1127
330.63,362.92
330.34,19.581
328,578.17
332.7,465.59
331.58,602.58
339.2,866.65
361.01,894.72
376.75,554.06
384.4,184.93
387.47,718.43
389,2.2222
390.03,642.95
396.73,1076.6
410.95,925.93
410.58,551.89
412.94,1000
415,264.68
420.42,111.11
423.53,1025.5
425.78,295.75
422.71,616.57
427.66,178.68
428.32,70.784
434.44,543.44
437.66,803.36
458.2,190.56
460.03,389.06
462.82,348.35
468.13,189.6
470.13,36.128
469.98,756.07
474.46,333.14
474.93,1101.6
480,746
483.61,529.57
489.31,2.9455
494,622.5
504.28,502.19
503.51,88.359
502.59,51.364
503.31,477.74
504.38,561.38
506.93,634.61
505.61,950.43
512.68,1124.6
515,507.5
520.19,500.48
518.5,124.5
522.63,1032
526.29,833.33
532.16,488.67
536.65,694.41
534.25,1067.6
544.9,734.87
545.21,843.16
548.49,1165.6
550.65,767.62
547.06,60.4
553.99,79.657
554.92,591.44
562.09,202.33
564.79,901.74
564.9,713.98
568.21,507.77
573.51,974.56
588.89,730.58
595.07,1054.5
596.6,587.87
597.05,503.16
608.96,294.2
605.84,712.63
611.01,48
619.65,523.15
624.81,1149.3
628.47,463.72
630.17,691.53
631.55,737.98
637.01,904.35
638.93,837.82
641.46,669.07
650.63,418.8
648,1143.5
648,760
656.11,326.57
665.44,779.16
669.47,7.2312
669.27,243.65
679.87,208.51
682.45,555.16
685.17,1075
695,159.32
714.74,1118
722.64,953.67
730.34,377.54
728.45,836.29
730,745.83
737.98,293.7
735.9,308.62
743.2,571.99
743.94,875.09
749.09,230.19
750.75,1153.4
751.92,667.6
760.72,935.96
764.89,604.32
763,1187
771.25,436.86
771.07,802.59
776.17,9
787.66,155.44
789.07,387.04
790.67,704
794.91,332.62
791.43,814.36
799.5,558.39
802.67,652.21
806,8
809.56,522.75
815.59,1135.9
819.16,928.35
820.92,871.68
826.94,297.77
826.32,858.36
827.47,396.32
835.1,420.83
847.6,585.59
850.46,597.15
857.35,568.94
860.11,162.89
862.39,607.94
861.91,984.09
865,928
868.05,192.72
866.72,776.75
869.24,576.21
873.47,884.42
874.04,791.85
870.83,909
880.27,842.02
888.16,538.47
889.73,924.56
887.79,790.05
886.94,9.7143
895.25,948.57
899,1059.5
906.6,842.4
911.02,1112.9
916.15,537.46
917.28,455.74
922.08,1155.4
923.87,709.7
927.53,696.09
925.68,883
927.06,804.57
931.05,29.128
955.21,1001.6
937.81,877.88
942.08,292.2
937.48,1117.6
942.42,546.89
947,482.14
953.37,65.561
960.53,1129.9
957.42,736.89
960.43,661.91
962.62,54.936
964.7,540.27
970.31,409.72
977.57,291.43
980.56,677.85
984.72,862.9
980.35,812.25
984.14,1044.4
984.56,1215.2
993.47,1235.5
992,1022
1005.4,923
1003.9,418.65
1012,728.55
1012.7,858.82
1017.4,571.25
1017,877.41
1018.5,381.5
1032.3,1028.3
1037.7,1181.8
1045.2,860.85
1052.2,78.451
1051.9,572.65
1052.9,867.14
1058.2,993.65
1061.1,844.69
1075.1,568.92
1076.4,807.37
1080.2,347.21
1106.5,724.61
1105.6,828.85
1105,709.17
1106.9,576.73
1110.6,29.946
1115.4,888.87
1125.5,1100
1129.7,429.78
1131.3,972.09
1130.7,866
1140.2,802.39
1159.9,878.04
1162.7,1230.5
1164.8,1147
1173.3,835.8
1175.4,906.26
1177.3,812.62
1178.9,219.2
1182.1,873.66
1183.5,571.5
1199.2,758.95
1188.6,914.6
1191.9,830.29
1200.8,1104.1
1201.5,232.5
1202,819.17
1203.8,944.5
1203.5,807.5
1209.3,809.12
1213.3,835.09
1217.5,689.15
1223.8,317.97
1223.1,228.98
1222.3,941.35
1221.9,1082
1227.9,967.81
1228.6,799.41
1233,862.14
1234.6,261.89
1242.3,341.71
1245.5,162.99
1247.2,859.7
