8.5804,451.38
2,1212.5
5.5952,253.64
10.178,44.645
13.888,22.091
13.197,960.89
11.362,433.41
10.143,494.5
19.255,89.16
17.457,1055
18,734.5
35.647,1207.1
41.079,230.79
51.573,287.25
48.75,1037
56.214,556.45
54.235,661.24
58.5,249.3
68.608,1066.5
73.474,479.05
87.833,590.07
97.477,1094.5
94.868,849.63
97.615,330.12
100.98,32.877
115.62,1035
113.05,713.53
114.73,874.59
128.63,1207
135,751
137.89,982.84
143.21,112.81
144.74,306.72
145.46,1033.3
153.96,1113.6
155,678.33
154.91,1206
159.63,1190.4
161.5,33
160.92,903.44
162.44,399.42
178.45,483.79
177.65,233.45
187.09,89.457
196.35,270.04
216.85,513.83
223.22,835.85
225.17,341.49
224.73,925.33
226.18,325.06
229.95,389.48
229.08,1185.7
237.55,504.42
249.42,1022.7
244.92,1179.3
248.76,1204.9
254.55,861.24
260.29,104.94
263.42,170.3
275.33,547.04
285.44,510.45
282.17,1045
282.27,1240.5
287,609.5
288.39,624.14
292.7,884.13
296.5,1083
297.14,335.7
297.3,1203.6
300.14,147.67
302.03,691.77
302.33,653.84
301.92,49.917
303.58,1186.6
303.07,795.59
308.5,1113.5
320.27,908.13
312.45,672.22
315.43,450.2
316.63,594.67
321.6,341.32
324.27,365.77
323.56,1008.9
332.94,291.58
331,454.5
338.96,18.319
336.62,111.9
337.46,791.62
340.55,830.04
341.09,987.91
348.27,860.75
351.91,1092.9
368.94,390.38
370.53,1122.5
373.11,94.163
376.44,523.53
382.5,422
385.19,1060.6
388.35,785.5
396.41,170.9
402.03,881.01
398.56,1205.4
407,1207
419.12,849.62
420.43,1050.6
424.9,1107.8
425.69,43.237
425.2,893.54
434.35,907.1
429.01,924.62
430.71,842
434,1183
439.32,935
444.91,524.09
447.58,818.6
450.39,733.8
452.55,1067.4
454.56,934.5
459,509.5
471.71,784.47
466,926.32
475.13,677.83
477.9,372.62
482.61,1147.5
482.88,665.23
489.1,696.33
503.05,530.39
510.87,351.46
510.85,240.58
524.06,669.52
543.18,904.64
558.11,812.5
573.37,136.73
577.11,669.42
580.09,469.87
598.19,783.82
604.71,627.34
604.13,768.87
622.17,176.17
627.1,1187.5
653.56,732.07
654.55,950.55
656,4.75
658.02,55.404
660.65,155.86
663.64,80.321
675.1,317.81
682.6,294.4
686,7.5
685.86,854.5
687.17,54
704.43,1055.6
709.57,830.59
710.13,1170.5
726.02,463.68
718.95,12.286
721,1093.5
722.34,1161.1
724.95,787.1
747.64,464.13
752.94,285.23
760,1237.5
774.34,365.16
780.91,349.79
784.11,150.4
792.57,932.84
793.19,359.38
825.19,856.58
825.54,1223.2
828.55,831.39
832.7,935.82
840.35,376.42
840.13,847.87
842.25,760.1
856.53,227.66
860.15,588.65
883.09,348.87
906.11,354.34
906.5,130
912.12,727.12
916.31,144.17
920.33,1043
922.5,313
927.16,1196.3
933.84,223.31
935.21,1019
935.19,249.6
939.02,186.87
934.62,1181
937.13,680.84
940.92,17.583
940.4,200.93
941.41,765.07
952.04,927.47
975.54,1131.4
997.38,1186
1000.8,358.8
1023.8,1167.9
1037.2,239.07
1046.2,1091.1
1049.6,333.77
1055.1,163.41
1067,693.68
1074.9,191.5
1080.5,1140.3
1083.6,47.074
1104.4,416.89
1104.8,506.13
1108,269.14
1112.2,448.77
1119.5,311
1118,996.86
1131.5,1121.5
1143,152.59
1136,1053.5
1144,411
1160.4,443.4
1162.6,1058.9
1179.4,343.03
1181,77.5
1189.7,692.2
1193.8,1166.1
1196.8,833.18
1197.1,1228.5
1205.5,1195
1212,258.5
1232.4,1147.8
1235.4,73.2
1244.5,830.8
