10.663,496.48
19.878,681.06
2.4167,771.62
23.1,910.11
4.5714,955.86
5.3976,1057.9
9.9615,1161.9
2.7368,1216.6
1.5,1281
95.957,1265.2
9.5882,992.93
61.299,464.66
13.143,649.14
13.419,1094.5
12.714,1224.3
25.5,611.4
23.231,1097.6
24,409.32
25.367,435.78
32.607,1079.1
29.255,897.02
32.841,1260.1
61.102,507.12
32.96,1040.4
42.442,1327.1
43.32,625.76
57.269,1122.8
46.5,1242
53.242,1087.5
57.143,922.19
62.103,583.79
63.13,438.17
67.109,602.04
88.583,1214
95.232,1104.6
99.667,1023.7
101.2,907.56
108.54,489.86
113.49,1117.2
113,1032.5
116.64,1147.3
117.15,1178.1
117.53,1206.4
118.68,1327.7
126.6,907.1
138.56,1168.6
129.62,1035.8
137.1,1214.1
140.49,1128.9
134.09,1180.2
136.76,1112.6
147.06,1279.1
148.47,1292.1
146,1330
164.87,1077.6
195.92,1278.9
159.56,1329
159,1170
161,902
161,906
164.32,389.36
166,1113.3
176.89,1167.9
172.5,1270.5
175.6,1315
183.97,474.87
189.43,372.22
188.83,889.32
205.37,1192.3
191.89,1179.7
190.88,356.02
280.43,1266.4
194.15,1041.9
199.34,1107.3
210.63,1227.9
209.16,875.69
207.89,1057.4
213.67,1143.5
215,483.5
261.58,813.32
226.38,1281.3
226.41,1182.2
226,402
228.95,1002
227.61,1211.3
235.13,877.44
228.4,1060.6
241.59,434.25
258.07,301.52
237.82,1145.5
244.11,1062.6
252.08,1226.1
250.71,762.69
247.05,992.3
248,1001
263.15,1165.6
254.12,915.64
255.33,953.78
257.65,413.56
262.72,830.19
266.36,697.84
266.71,1241.2
283.55,1294.7
267.44,426.56
273.43,1181.8
285.63,655.66
271.43,995.83
277.3,1212.6
276.64,1250
286,1227.8
289.27,686.98
282.91,5.4848
282.42,619.35
296.14,1197
291.58,836.94
289.2,269.33
293.16,389.01
291.58,897.89
293.11,370.6
296.9,567
296.03,820.46
300.41,1224.8
302,639.95
299.58,1175
301,1207
306,1206
311.65,644.88
319.37,1000.4
315.84,372.93
317.32,557.33
314.15,1027.5
315.88,260.44
340.32,863.76
333.29,569.95
323.71,1106.9
381.78,256.87
328.39,641.86
344.36,740.04
334,1132
350.58,968.61
339.54,259.75
339.09,757.52
342.17,1154.8
371.31,1029
342.21,19.128
344.06,241.73
342.62,585.62
349.22,1123.7
346.3,642.2
367.13,896.77
349.58,1256.3
361.54,770.58
372.77,536.77
357.83,203.97
361.64,661.67
364.38,443.78
357.79,1180.3
358.5,497
360.55,989.12
365.04,180.73
367.56,1156.5
371.66,1002.7
371.5,1258.5
373.5,1053.6
386.49,1206
379.28,959.85
382.23,1144
395.52,676.38
403.51,770.72
383.53,31.984
385.33,170.87
390.37,748.92
391.01,1286.1
393.66,360.16
398.15,491.1
395,709.1
402.72,76.712
413.18,893.41
395.6,1115.6
399,163
402.14,870.07
401.43,1026.6
404.25,1115.2
403.5,330
406.56,718.86
415.68,513.56
413.18,298.11
451.52,934.08
412.5,413.5
436.26,1163.1
417.68,3.1071
420.12,26.073
423.27,615.76
463.5,670.95
425.55,7.5806
442.56,792.73
429.81,1042.4
432.19,55.894
433.11,1193.1
439.94,557.52
440.93,495.57
459.16,1329
442.19,155.79
509.43,1168.8
446.36,1.9091
472.49,1274.4
449.77,1051.5
500.17,465.86
458.46,1072.5
452.95,160.09
460.65,816.29
465.58,32.514
461.08,586.44
473.06,436.85
466.06,117.59
469.16,108.57
508.76,169.79
477.57,1024.7
476.62,1054.1
484.04,975.56
505.75,1091.1
483.89,1105.4
486.03,119.22
488.62,724.21
492.51,954.37
496.16,56.99
486.58,1003.6
506.32,513.13
499.1,1028.2
512.75,1320.7
502.32,102.86
504.4,602.98
504.22,718.62
508.1,413.01
511.87,256.56
528.54,315
516.81,556.86
521.65,642.62
518.69,229.08
519.62,778
518.6,1006.6
521.55,606.58
531.8,968.6
599.41,1224.6
539.25,815.31
531.18,787.82
535.59,237.33
535.61,542.6
536.06,111.28
536.74,378.09
546.04,788.72
643.45,1289.9
544.5,249
553.92,1045.1
558.63,1007.3
554.86,480.7
547.44,1115.4
551.19,844.22
555.5,870.68
562.7,945.12
565.19,538.63
554.77,761.77
555.14,1165.1
616.23,806.84
559.51,1173.6
566.73,374.75
564.94,793.35
565.45,966.09
570.8,858.72
568.05,868.36
570.06,668.65
582.77,1177.5
576.75,900.26
571.17,166.56
572,884.67
622.66,1070.1
574.17,658
616.1,311.73
584.46,843.73
585.63,342.32
594.47,954.84
584.83,60.308
585.48,145.57
584.41,1003.9
590.62,487.24
590.59,565.62
587.76,700
643.97,85.004
596.57,590.83
597.66,51.298
617.72,1129.8
600.02,135.98
600.85,1054.8
602.9,4.8018
620.44,896.47
618.29,1228.3
635.63,9.0538
617.41,20.941
629.59,1005.5
626.56,1206.9
629.19,495.43
634.01,428.09
637.72,918.47
641.6,233.01
638.07,1030.6
639.88,689.1
640.28,1091.8
640.56,1110.1
645.73,937.63
650.08,258
645.69,277.26
656.4,790.45
650.84,129.28
665.88,1019
653.25,1107.5
659.52,960.57
657.57,984.17
655.9,1185.3
677.67,1086.7
661.07,871.89
658,887.5
665.69,932.22
661.6,416.4
664.65,806.33
666.34,356.32
675.01,1252.5
681.58,891.28
681.52,93.792
681.88,443.89
677,1322.5
679.66,596.27
704.76,40.237
680,997
691.79,512.66
688.03,1234.4
683.5,336.5
690.68,998.93
687.58,970.91
703.9,1205.4
708.42,341.47
718.04,1138.2
697.59,1161.9
692.92,1074.4
694.95,197.18
708.2,86.479
696.95,212.32
716.26,298.91
707.09,429.63
715.96,806.56
751.63,1102
719.94,1318.7
713.52,407.05
715.58,928.43
727.7,1002.6
713.17,1084.3
714.79,825.79
717.99,5.8673
721.13,493.22
723.14,1289.1
719.48,1071.2
722.52,919.19
724.6,194.04
750.81,529.6
742.75,843.76
732.37,1172.6
734,319
737.31,1324.8
885.03,1177.8
738.88,584.79
738.57,68.886
745.68,281.42
759.72,911.15
741.13,152.23
742.63,13.926
759.07,1264.7
760.41,379.31
758.93,1160.3
755.11,581.42
758.09,109.45
759.42,969.18
784.5,57.483
766.48,274.25
760.24,1293.4
760.42,1200.5
770.6,125.58
767.13,936.14
768.08,637.05
768.73,92.051
771.34,348
771.12,555.4
849.01,1004
789.68,135.5
783.89,249.98
777.19,1000.2
775.95,232.9
778.26,107.87
782.19,1271.5
784.01,9.5763
785,896.08
786.85,1163.5
788.24,1288.4
805.41,173.34
800.1,1116.7
793.36,896.9
799.28,518.07
798.51,1153.9
799.75,501.64
803.89,1021.6
800.51,998.46
812.24,381.73
809.82,790.24
804.93,1292.1
809.03,1272.6
808.14,571
841.3,27.466
820.09,92.533
823.72,688.67
822.8,916.63
815.77,705.28
819.64,991.71
822.11,867.42
825.89,1171.8
824.39,551.95
828.88,1118.3
842.71,401.29
831.73,1293.4
831.91,205.95
840.05,823.93
838.79,232.67
848.55,531.31
853.05,1275.8
842.04,843.52
843.98,1175.4
864.07,1110.3
846.95,866.03
854.57,487.18
869.29,780.83
864.07,820.71
862.32,350.62
880.36,440.77
884.4,834.34
863.38,240.46
863.45,218.58
875.87,889.43
881.72,532.57
893.88,648.23
884.56,367.56
876.14,1143
888.54,1305.3
907.09,477.5
891.33,1197.3
899.99,1216.3
898.79,1135.2
897.5,121
906.93,1059.6
913.88,531.62
913.24,875.26
908.69,72.077
910.74,1019
911,1077
917.14,435
918.95,1246.4
920.41,152.83
924.8,822.48
957.76,1320.2
945.63,1010.8
932.96,1054.5
934.32,210.59
961.62,1233.4
940.37,490.37
931,1075
934.5,247
942.94,781.94
948.58,664.61
967.12,111.25
951.33,156.16
948.5,1136.5
954.17,1077.4
972.16,796.47
970.58,17.251
954.58,328.65
952,622.5
953.48,687.23
954.35,873.78
959.4,956.68
970.54,976.51
956.64,314.04
956.43,505.43
963.34,642.85
962.65,215.98
960.5,1279.5
966.21,321.24
976.94,686.85
1005.7,908.46
978.88,1059.6
972.4,1088.6
974.42,744.54
982.95,153.27
978.26,878.17
978.06,341.59
991.78,428.05
981.49,725.39
989.7,530.59
988.7,67.908
983.6,359.4
987.6,1079.4
1019.3,359.79
996.47,694.88
1004.3,986.74
1010.9,822.37
1000,1084.3
1008.5,1299.1
1014,92.955
1012.2,305.79
1008.4,69.613
1008,700
1060.3,398.27
1059.6,680.02
1018.6,787.11
1024.2,541.25
1014.5,618
1030.3,1064.5
1016.3,1145.8
1022.6,126.53
1031.9,264.24
1029.4,1164.8
1017.2,598
1018.4,583.43
1062.5,226.79
1032,481.72
1041.6,957.8
1056.1,1216.6
1036.1,864.08
1031.1,64.341
1034.6,293.32
1048.5,316.35
1046.3,70.443
1044.9,1118.4
1060.8,293.68
1045.3,1287
1053.5,35.028
1048.9,842.86
1052.4,1094.3
1053,622.54
1053.6,470.14
1060.9,826.95
1062.4,2.8293
1074.1,68.754
1059.9,1269.1
1072.2,1142.5
1065,1087.4
1102.4,809.87
1067.6,341.4
1072.5,1111
1081.6,156.17
1109.5,648.14
1085.1,346.13
1080.5,991.62
1097.3,320.26
1102.8,607.12
1089.7,285.86
1090.9,442.37
1089.6,1262.9
1093.8,415.18
1098.5,1217.6
1092,355.57
1094.8,1165.1
1116.8,748.02
1106.8,1330.6
1125.6,1141.5
1115.9,1184.9
1110.5,1152.9
1122,433.56
1115.7,1234.9
1118.1,280.87
1121.5,1331.5
1124.4,1289.6
1127.6,1267.6
1132.2,349.06
1130.7,334
1138,594.66
1163.1,1281.3
1157.8,817.02
1167.5,1172
1148.5,1186.5
1177.7,583.81
1166.9,720.75
1166.6,567.68
1166.9,1205.4
1169.6,414.86
1178,1323.8
1232.9,1208.5
1193.4,546.44
1209.9,1328.2
1213.6,267.76
1206.5,540
1209.4,300.13
1227,677.1
1217.9,246.09
1219.1,572.62
1265.8,589.62
1252.7,343.74
1263.3,259.88
1255.5,759
1283.2,1328.2
1266.1,638.61
1265,741.5
1310.1,1186.2
1299.5,14.441
1306.7,673.92
1304.8,1144.5
1307.9,250.2
1307.3,1330.6
1307.1,1152.7
1310.4,266.22
1317.4,1237.8
1318.1,491.72
1325.8,473.38
1329.6,270.46
1328.9,1230.7
