3.885,138.86
10.098,172.17
19.874,274.74
2.3611,294.72
1.5,338.5
9.6589,402.2
3.04,460.86
4.6949,479.78
7.3598,506.67
4.5843,534.93
11.331,1323.2
11.728,635.54
24.347,1133.9
33.237,52.224
24.284,466.24
22.275,887.82
22.654,499.91
40.714,416.19
30.397,674.44
31.862,579.98
36.492,535.35
28,711.14
28.5,343
32.676,611.37
39.691,168.34
42.621,294.12
46.588,491.04
50.297,214.03
42.22,857.11
53.062,2.8333
61.242,569.32
50.66,644.15
51.793,628.72
59.422,377.46
63.056,600.88
68.759,304.05
67.39,809.53
69.291,421.87
64.424,508.94
103.6,751.82
67.592,71
64.821,273.86
77.548,1157.7
68.551,667.84
69.137,855.75
107.04,541.55
73.865,701.88
101.42,355.62
80.779,657.64
80.059,102.41
82.652,820.9
85.661,427.34
85.8,575.19
94.357,193.15
94.423,673.75
121.02,865.85
103.33,476.6
102.16,50.367
93,895
100.34,605.24
112.76,948.59
113.18,152.46
96.5,269.5
99,781.75
99.4,449.4
151.01,204.13
107.94,1070.7
126.5,435.44
141.35,1033.7
130.47,254.88
130.66,467.44
139.09,70.062
126.14,118
127,600.5
138.19,300.91
133.32,3.36
143.42,281.12
139.14,429
154.32,117.34
144.43,193.39
156.48,708.74
148.74,8.3293
146,1005
174.19,9.1099
166.14,635.48
154.36,514.43
162.08,34.329
162.51,760.94
161.77,917.28
180.23,1296.9
172.94,356.26
166,874.5
171.9,740.95
186.24,811.44
175.85,672.91
202.03,190.4
203.54,541.85
184.87,952.38
185.53,1000.7
191.1,36.981
220.13,345.81
193.1,1243.4
198.74,665.8
236.3,104.19
202.76,1184.7
196.47,625.76
221.83,425.58
207.54,484.58
227.95,598.42
207,1227
215.02,810.74
236,1031.3
216.52,776.85
213.86,708
219.79,1226.6
263.81,511.74
230.33,1238.2
232,377.33
262.23,660.04
237.74,304.84
245.16,3.6022
240.34,825.62
242.05,166.8
241.11,278.61
247.93,192.93
250.69,622.31
263.57,322.01
278.19,1055.3
257.29,689.35
259,253
263.84,203.04
284.54,46.896
286.11,13.189
290.52,264.83
275.11,1213.2
270.33,490.33
299.78,1234.7
280.97,362.66
272.63,435.83
328.27,557.28
274.13,405.97
279.42,553.89
312.08,716.87
315.69,436.76
291.13,632.76
340.88,140.54
288.42,406.89
308.07,326.97
300,526.5
316.62,655.68
317.56,1103.4
327.59,207.54
334.71,726.65
332.25,758.49
329.65,189.93
347.09,1133.2
335.06,565.33
336.8,355.6
341.44,943.09
347.59,1000.8
361.32,25.632
347.34,174.44
348,227.5
351.49,1089.9
357.37,651.75
358.02,269.93
392.03,741.57
354.11,1043.4
387.36,480.89
370.89,1013.1
371.93,550.67
389.09,311.31
429.32,1018.7
368,360
395.27,1157.3
373.6,600.66
375.09,569.52
400.94,611.82
376.84,172.08
383.02,392.93
379.83,58.333
400.87,226.65
403.33,1108.7
390.73,563.44
395.15,1190.4
395.38,453.41
398.72,417.49
417.9,31.773
419.6,379.59
407.07,578.06
409.68,88.438
414.61,467.64
406.5,1028.5
408.17,1054
420.97,962.23
415.55,275.32
422.77,117.54
472.43,413.47
428.25,264.06
427.63,669.27
429.06,90.449
467.68,176.23
448.26,345.68
435.68,121.63
458.18,1220.5
437.89,531.04
583.34,761.82
445.67,303.2
460.57,259.36
445.68,463.66
448.17,672.45
447.52,481.82
455.88,57.368
456.94,1179.3
471.17,1134.2
467.83,569.24
478.3,319.78
495.53,597.52
487.96,73.141
475.95,369.43
476.15,1188
480.21,932.14
494.07,954.21
482.69,458.61
483.48,376.05
516.41,463.78
513.59,127.95
513.05,891.72
526.88,1170.6
516.21,218.64
521.72,878.25
517.84,1150.3
532.49,29.009
529.81,250.13
536.48,564.58
546.48,692.02
533.5,1127.5
546.88,324.12
539,937
546.53,794.34
560.64,1142.9
597.41,430.24
555.71,939.64
626.4,84.754
573.46,900.34
557.22,265.96
571.71,120.45
575.14,564.38
573.23,991.91
578.5,1042.5
583.12,441.11
581.59,81.931
591.06,405.48
586.5,101
589.63,330.93
610.27,859.96
599.68,135.2
610.88,669.16
606.43,8.9593
602.92,156.62
623.56,1234.6
617.48,305.84
630.36,175.79
616.18,254.55
624.86,23.449
648.88,378.27
642.52,240.91
648.99,473.6
641.92,580.3
643.05,625.71
639.64,637.32
648.28,865.91
649.33,586
679.55,983.24
655.71,204.29
671.54,282.46
678.63,547.71
670.93,321.2
669.59,226.33
698.13,203.7
686.71,301.74
702.84,269.05
733.54,233.93
742.72,308.13
725,70.731
727.27,281.54
754.13,177.76
763.47,959.29
761.03,72.378
823.68,248.66
767.74,616.03
764.79,256.82
763.92,346.92
779.44,77.05
768.02,696.73
776.21,148.48
783.17,309.48
776.48,385.54
781.04,395.21
780.38,221.48
794.99,602.02
787.24,108.79
798.53,180.26
789,132.71
817.87,396.67
802.6,952.32
816.82,326.14
808.29,982.54
814.03,116.97
820.52,617.56
823.47,949.07
825.03,1021.7
819.94,39.76
828.28,44.793
859.42,566.03
833.16,156.16
847.93,62.125
842.65,105.14
844,611.5
847.24,939.13
851.3,16.17
853.55,952.76
858.88,94.176
851.44,215.19
856.57,179.62
856.72,835.43
861.29,969.65
870.27,131.79
861.23,798.73
869.85,586.86
874.38,320.01
870.14,980.14
889.57,273.45
885.59,937.86
892.84,6.8268
895.54,31.807
928.36,983.61
893.25,580.04
887.78,912.41
896.61,953.11
939.02,383.81
919.6,78.937
903.82,637.63
903.31,808.59
897.86,883.4
903.5,391.5
913.21,1018.5
908.06,508.59
913.69,521.23
916.71,859.92
916.66,1313.2
925.95,130.66
923.96,879.56
925.13,176.72
925.91,567.8
947.41,190.46
938.24,1288.5
930.2,95.4
936.86,15.202
933.23,863.52
941.5,573
970.16,870.65
994.31,555
1000.1,1245.2
976.83,506.89
977.1,778.86
1022.5,171.33
990.41,373.09
1004.1,974.04
992.95,941.54
1006.8,428.57
1008.5,544.59
1015.3,498.75
1033.5,1025.5
1045.3,941.85
1032.1,910.67
1071.1,696.99
1042.1,1280.5
1056.9,61.483
1070.6,814.14
1061,1313.5
1080.9,1018.7
1107.2,508.15
1075.8,603.48
1079.7,90.826
1069.5,558.64
1153.8,53.901
1074.5,749
1082.2,1322
1091.6,746.12
1092.2,1.9286
1141.6,582.64
1114.2,796.77
1105.7,728.02
1113.5,1021.9
1116,37.826
1139.5,703.34
1132.8,3.3913
1152.3,418.31
1160.2,634.36
1159.5,589.12
1201.7,429.78
1179.8,666.48
1172.1,35.32
1178.2,84.346
1178,485
1186.8,702.38
1188,568.5
1217.3,1181.3
1209.7,548.79
1231.1,625.74
1208.1,1017.3
1206.6,88.6
1211.1,487.78
1212.9,62.841
1280,886.97
1226.1,1079.3
1220.1,740.81
1227.3,1049.8
1241,562.43
1270.3,695.94
1244.5,1048.1
1295,1068.3
1288,26.336
1268.9,642.77
1271.7,1216.1
1295.8,402.21
1285.8,560.17
1287.3,176.94
1292.8,625.68
1296.8,69.313
1302.8,750.85
1306.8,162.04
1315.9,525.5
1305.5,208.22
1325.7,1045
1323.5,585.14
1324.1,606.69
1329.3,164.35
1296.4,428.35
1331.2,852.78
