14.863,596.87
15.776,696.59
19.389,960.86
25.564,184.33
25.633,1244.6
29.985,230.57
37.708,321.5
57.611,299.86
70.564,1080.1
73.175,448.05
86,568.5
90.5,731.5
106.91,302.18
105,727
108,762
109.45,280.59
119.61,401.19
127.56,607.67
128.5,519
135.47,871.68
146.18,883.62
149.19,1041.8
160.72,382.68
168.18,82.482
166.42,1118.5
169.91,1178.1
175.5,359.09
178.75,1117.3
182.37,1097.5
188.57,943.54
191.62,258.9
190.06,884.3
200.45,181.44
214.28,1050.1
225.07,268.41
227.4,181.4
228.58,636
238.9,302.09
243.61,1109.9
249.43,728.84
262.11,348.58
268.89,894.37
268.85,991.65
271.5,793
278,1101.6
289.91,223.91
293.71,121.46
291.14,319.5
294.27,616.5
300.17,530
301.5,648
305.85,1076.7
312.97,812.91
328.36,119.55
327.37,919.12
335.81,1040.4
338.52,274.94
357.07,228.57
360.82,34.392
366.87,432
380.56,18.923
379.91,638.91
385.72,307.48
385.48,1181.4
394.07,795.17
395.18,1210.7
396.23,318.6
409.5,710
419.27,753.86
424.12,269.33
430.4,669.79
439.41,548
444.22,187.85
447.9,1181.1
451.59,744.39
460.5,353
462.06,951.97
464.88,776.02
468.74,390
473.5,1069.5
480.56,724.92
482.41,787.51
489.94,1220.5
509.07,952.07
512.51,160.17
513.92,470.2
513.5,813
518.52,312.77
515.96,1151.1
531.06,425.03
532.5,960.55
536.03,130.43
539.83,1048
542.13,1239.2
556.52,597.09
558.08,197.44
560.52,298.7
561.18,813
564.76,135.46
566,746
573.87,1061.3
573.93,179.59
587.92,662.08
591.24,32.585
593.29,282.89
593.91,955
595.81,259.86
598.87,1182
596.4,849.36
601.09,173.91
631,910
638.57,193.66
651.27,333.85
651.82,755.18
653,805.82
654,6.5
658.01,679.21
656.5,788.5
666.97,505.97
669.44,4.2281
670.59,901.08
673.22,631.12
676.94,464.97
681.71,1078.3
695.26,124.86
697.44,705.93
707.48,741.52
710.36,711.05
710.59,990.39
723.78,580.56
737.54,1182.7
742.25,434.18
743.56,904.97
749.89,20.713
756.68,847
774.56,990.33
776.52,905.43
778.89,305.54
784.18,1160.4
785.83,742
795.23,440.26
795.58,497.42
810.38,52.758
839.39,1204.7
853.05,791.05
864.29,384.05
869.19,210.98
881.89,251.5
885.5,655
884.5,497.5
896.98,1095.8
925.41,648.61
926.85,968.34
937.48,696.6
947,14
954.06,414.69
958.98,464.02
965.3,984.21
964.5,186.5
967.06,570.41
970.17,1135
976,631.61
989.31,421.53
988.07,243.41
989.73,615.4
1023.9,965.59
1040.9,528.34
1044.1,373.88
1045.3,1240.9
1048.1,1082.4
1050.2,944.4
1052.9,22.091
1053.1,612.41
1062,497.76
1069,334.5
1078.6,35.529
1086.7,606.71
1095.9,484.94
1099.4,445.79
1098.4,620.07
1108.3,905.6
1109.1,811.53
1111.7,824.81
1120,1090
1120.1,221.41
1135.9,1034.5
1138.1,1107.6
1140.7,184.05
1140.6,533.42
1142.8,446
1148.6,611
1152.5,1012.9
1180.1,1043.9
1190.6,382.03
1205.6,570.92
1209.6,256.57
1213.4,460.73
1215,4.6173
1214.5,383.03
1213.7,191.45
1215.3,583.55
1217.9,350.2
1220.2,1128
1232.1,352.88
1242.3,581.36
