2.7174,364.26
4.5309,705.12
5.266,969.97
5.5,448
12.935,847.07
16.5,793
23.926,576.41
30.653,169.65
34.441,391.54
45.829,967.4
55.581,82.548
65.231,329.73
68.091,894.09
90.015,597.17
99.042,600.06
108.31,804.39
111.52,946.32
109.93,524.59
124.47,141.59
130.15,421.73
132.4,453.89
132.27,627.73
131.87,1206.1
137,579.5
152.24,724
160.15,148.75
162.35,1205.5
164,1121
166.22,507.47
168.3,649.8
183,277.5
191.53,1090.6
194,677.5
199.06,991.49
200.75,338.04
205.48,216.31
204.07,1113.4
205,1181.7
209.99,127.4
218.32,1217.2
233.02,566.08
248.47,428.73
254.99,108.54
259.93,865.41
260.74,1016
265.72,942.47
273.86,576.5
276.74,820.92
278.89,943.93
282.91,263.93
282.5,726.85
280.57,1238.3
297.25,405.25
310.19,1192.2
331,816
333.61,529.93
332.07,296.95
331.08,336.44
334.07,465.41
335.37,506.84
336.95,396.92
338.39,1059.1
338.93,1224.4
347.39,586.86
353.68,1201.1
358.9,134.87
357.06,267.3
365.62,110
368,837
377,429.5
380.12,901.12
387.9,543.43
386.61,686.14
396.01,396.31
408.84,1058.8
412.81,885.76
414.89,375.78
415.93,497.93
421.42,231.39
420.94,1093.7
426.27,65.992
424,105.5
429.94,407.37
432.58,718.48
436.01,484.76
440.4,866.85
440.4,1013.4
443.5,994.65
448.73,195.18
451.5,392.5
453.89,644.37
458.43,768.61
463.56,1085
463.37,367.37
466.17,475.91
467.5,307.5
470,1146.2
473.1,387.78
476.34,70.096
475.94,114.39
480.69,513.46
483.85,321.59
486.48,543.4
487.44,1236.2
491.5,325.86
491.31,413.45
501.5,197.5
507.16,418.13
510.57,939.18
511.1,11.354
519,372.75
520.31,493.52
521.54,893.8
524.69,1131.4
526.8,664.48
536.83,429.57
543.75,1118.8
543.98,1218.3
546.52,603.43
546.67,1162.6
554.58,406.89
558.53,491.84
566.66,41.797
567.96,316.74
575.5,970.46
573.08,698.44
577.98,125.56
588.5,43
591.91,795.5
594.11,26.403
605.65,322.15
603.1,507.62
604.56,833.44
607.71,207.29
608.16,360.45
608,799
611.27,615.31
614.91,12.67
614.58,702.89
625.41,581.89
625.75,1079.2
627.94,172.48
629.63,128.8
632.45,463.98
631.44,1224
633,73.321
649.67,12.939
659.15,605.06
663.52,1152.1
673.13,290.13
674.9,395.38
678.58,956.11
681.68,563.67
686.73,1020.7
695.04,973.43
695.42,516.89
701.28,44.532
704.48,155.18
704.44,719.25
711.19,489.11
723.26,160.63
726.03,888.46
726.32,321.27
725.17,810.71
732.75,1183
744.5,1156.5
748.43,120.86
745.37,750.37
753.05,969.94
756.39,877.34
763.48,177.1
769.51,230.11
769.55,918.06
771.39,431.88
772.56,570.54
784.89,1128.9
786,357.5
806.29,961.99
813.32,498.55
816.69,694.69
819.99,863.77
819.51,1131.9
821.42,137.89
824.96,593.04
823.39,1107.6
827.89,681.63
831.81,291.19
836.1,365.72
841.3,78.491
844.86,1064
850.73,908.39
851.58,458.11
863.37,324.84
870.12,519.12
879.29,800.33
883.84,680.06
885.62,143.87
890.33,1193.9
890,434
909.6,1208.6
913.72,1162.5
917.83,251
920.94,142.33
921.79,14.5
925.85,121.65
929.91,964.13
938.65,458.42
941.75,608.68
940.27,318.45
950.87,822.44
960.93,177.64
968.46,709.57
970.04,1071.9
972.21,1217.9
974.28,12.468
974,971.5
984.31,924.81
988.03,48.74
987.25,319.75
991.08,1103
990,152.5
1001.6,888.88
1002.6,108.86
1003.2,393.07
1001.4,201.08
1010.6,1041
1012.5,989.78
1014.8,172.1
1016.6,1208.8
1027.5,591.82
1031.5,185.86
1037.6,430.34
1035.9,855.47
1044.9,767.9
1045.7,1006.9
1046.6,858.61
1053,163.8
1056.5,609.54
1065,1085.7
1064.9,1210.4
1071.1,420.08
1083.1,1047.4
1087.9,567.95
1095,1194.9
1100.5,210.52
1098.1,776.5
1100,522.76
1103.7,77.063
1104.2,367.43
1104.6,842.82
1107.7,914.81
1110,468
1110.8,702.33
1115,259.07
1115.9,1108.4
1135.1,367.45
1134.4,1094.1
1138.3,270.32
1143.6,319.23
1146.2,648.92
1155.4,1084.7
1174.9,106.33
1174.5,209
1187.8,31
1186.6,258.08
1192.5,443.5
1202.4,920.76
1201.4,250.89
1208.5,62.109
1214.3,185.03
1213.5,796.5
1217.7,511.47
1222.1,483.63
1230.6,690.28
1230.4,861.11
1230.9,547.08
1232.5,650
1234.9,1065.1
1242.9,28.544
1243.6,241.18
1242.7,349.55
1244.8,1093.8
