3.2319,507.09
2.2667,742
11.884,971.88
15.47,483.65
20.593,330.93
24.419,1037.6
23.607,1204.5
31.556,195.77
36.08,67.44
41,1246.8
51,23.5
52.953,1086
56.091,430.91
58.068,537.95
70.5,707
76.875,530.22
80.157,1093.1
92.655,63.543
90.116,494.88
91.519,631.81
90.826,475
113.74,436.82
112.84,1164.6
118.17,469.73
117.26,139.29
118.94,1079.1
121.57,648.66
140.27,418.27
143.68,1207.6
152.04,417.16
152.44,1184.6
155.79,717.69
158.41,258.11
168.14,1234.4
173.79,106.5
181.38,1.8571
186.83,836.06
193.58,1155.3
196.6,1016.2
199.16,354.03
196.09,84.045
219.35,502.3
226.04,203.15
225.94,789.97
233.01,423.51
233.8,526.25
236.11,251.48
238.11,593.03
237.58,1133.6
238.7,929.12
246.69,741.51
251.05,282.93
253.21,38.544
250.84,202.65
257.36,96.194
256.84,1072
259.04,760.61
259.5,413.29
262.9,1026.7
269.93,722.59
278.96,497.43
282.88,806.54
291.42,1223.6
293.96,694.96
305.04,667.11
309.04,218.37
305.4,289.4
311,418.68
308.09,756.77
315.66,55.128
333.69,349.47
337.02,640.79
348.33,482.01
354.4,1137.5
354.82,1185
358,1070.5
359.02,1207.1
370.63,1032.6
375.06,123.44
377.59,304.93
391.1,702.67
392.57,525.72
391,657.25
394.53,383.21
396.84,864.52
404.9,931.33
406,984.5
411.11,32.614
414.46,259.32
421.95,465.54
421.84,948.06
433.26,404
439.83,266.82
440.42,309.09
451.91,389.3
454.68,561.42
458.09,492.79
456.82,1000
460.6,242.6
482.45,733.55
484.77,801.01
485.24,911.5
484.78,433.36
491.5,259.5
492.86,555.61
504.39,1088
501.19,1171
503.12,269.74
503.61,467.14
506.58,427.11
510.73,162.27
514.5,655.5
520.41,1010
541.07,20.302
541.52,722.29
547.67,125.56
549.64,506.36
553.35,294.21
551,921
558.93,352.7
572.29,816.71
573.86,59.857
575.68,133.64
578.74,70.592
581.99,848.56
589.07,1085.5
587.05,248.16
585.61,458.14
593.55,466.71
604.18,897.05
594.52,987.1
599.81,329.92
598.58,1194.4
602.22,200.55
619.45,801.24
622.35,692.95
624.27,943.39
628.23,233.23
638.89,1194.6
654.91,1219.9
658.27,449.45
663.49,508.12
671.37,1187.8
673.39,305.36
676.76,726.69
678.16,987.46
677.5,358.87
679.14,1109.9
688,333.24
695.73,1037.6
696.37,250.7
704,153.12
706.1,1186.4
708.39,967.94
728.15,1183.3
730.07,71.407
731.91,668.39
734.39,460.26
734.23,607.82
747.03,956.23
748,883
755.34,903.13
759.34,631.75
755.82,687.4
775.76,377
777.29,520.5
779.33,502.13
779.64,1119
782.12,169
790.34,255.82
786,610
794.44,469.58
797.76,778.31
816.58,301.45
818.9,111.38
820.62,1169.4
829.62,506.81
837.21,882.35
838.56,218.46
840.06,682.71
847.58,27.895
851.77,905.91
853.34,298.93
857.42,601.47
858.01,698.88
862.43,492.62
865.44,929.44
867.26,133
868.5,876.5
894.81,586.01
895.54,237.46
900.1,1141.9
899.56,568.58
904,80.5
904.46,922.07
910,714.75
922,801
924.21,425.61
923.09,1238.9
941.95,605.8
943.44,672.08
943.91,250.09
956.21,579.15
956.46,339.83
964.47,42.971
964.1,640.38
968.58,872.85
977.21,943.26
977.44,7.3333
980.5,16
982.69,686.76
988,1116.3
989.86,695.86
993,417
997.05,481.81
998.73,942.45
1008.6,7.9231
1008.9,1244.9
1016.9,117.88
1020.9,547.05
1021.1,312.91
1027.1,1031.6
1035.1,239.83
1035,338
1035.6,743.14
1043.8,906.27
1049.6,964.21
1060.4,628.63
1063.1,739.67
1064.4,610.41
1071.5,635.5
1080.7,1158.5
1080.2,421.48
1089.7,1188.6
1101.5,358.72
1102.2,856.44
1101.4,1190.4
1109.1,517.78
1105.1,439.09
1107.9,780.09
1111.7,804.42
1111.7,753.09
1122.4,389.27
1122.7,947.33
1128.1,353.05
1137.9,76.435
1127.6,576.21
1150.3,1113.5
1152.6,923.48
1152,867.5
1153.5,726
1155.6,455.14
1161.5,346
1161.9,637.41
1179.6,1150
1196.8,523.37
1200.3,391.1
1201.4,581.69
1203.8,1087.3
1201.4,691.86
1208,2.7436
1207.6,232.89
1211.2,459.56
1217.5,1235.5
1215.9,1109
1219.2,1129.9
1224.8,60.675
1224,311.5
1238.3,459.79
1242.1,160.69
1243.9,645.91
1245.9,730
1245.8,1238.4
1246.4,355.7
