4.6386,250.94
11.481,1020.5
11.932,1072.5
14.634,256.44
32.068,956.95
48.571,691.06
53.633,1106.7
103.12,897.37
107.39,1175.9
111.99,303.5
109.5,280
126.3,257.55
128.68,821.87
135.09,790.09
139.98,1004.1
142.75,1141.2
144.34,842.62
158,554.67
170.42,364.45
188.88,1188.5
192.23,245.23
201.16,300.57
202.92,172.77
208.42,897.61
217.92,598.26
219.09,424.91
234.22,708.05
246.95,552.97
243.93,934.59
272.32,1199.1
278.44,346.83
320.57,1139.4
335.58,1004.4
350.08,1143.2
357.07,13.407
358.84,1133.5
362.57,460.91
370.16,261.44
369.8,284.56
370.33,50.167
383.94,273.9
377.82,458.51
383.09,552.09
385,299.41
405.08,251.67
405.44,333.8
423.56,803.44
427.19,972.5
427.84,930.43
443.78,95.527
442.69,567.09
454.93,276.18
459.14,17.389
462.73,597.73
465.9,575.9
467.5,1067.5
477.73,673.55
489.18,215.05
501.37,417.37
515.42,1219.9
534.78,267.53
542,673.68
548.97,134.06
548.93,98.414
554.93,235.59
567,139.86
570.5,152
576.89,262.45
584.1,544.73
594.93,961.59
608.06,582.45
608.09,368.09
622.14,484.23
639.32,474.22
695.41,1171.4
704.58,793.91
707.8,415.54
718.62,208.38
736.61,354.13
740.42,343.1
742.23,732.46
759.44,451.52
760.78,601.9
789.63,189.21
779.93,341.41
791.85,217.36
798.09,239.36
812.9,261.9
826.19,260.84
833.96,242.55
827.56,223.47
830.31,439.06
838.92,273.46
844.03,818.63
848.84,250.26
852.63,268.94
853.16,444.43
857.93,829.59
875.94,235.97
907.65,261.37
919,827.17
937.95,454.75
946.54,598.91
950.5,352.38
954.33,288
961.76,1192.1
966.78,1150.4
972,1041.5
985.43,51.311
990.08,809.08
1014.2,728.41
1020,509.9
1036.6,164.1
1039,862
1045,184
1045.9,249.5
1057.1,25.909
1058.5,308.94
1057.7,99
1062.4,744
1063.8,949.77
1074.2,730.3
1079,575.88
1079.1,313.95
1090.1,319.88
1096.4,829.96
1102.8,573.22
1103,629
1106.2,593.93
1106.9,1121
1107,603.07
1121.9,2.7391
1126.4,1091.5
1141.6,727.08
1139.2,1078
1154.1,217.95
1164.2,232.43
1164.4,1180.2
1182.4,173.46
1189.4,784.08
1195.9,602.12
1209.4,612.16
1211.5,648
1226.2,766.18
1230.6,23.895
