1.8571,203.62
5.9434,840.57
8.5301,1122.2
9.1045,716.09
17.385,441.31
15.573,762.59
29.5,105.71
38.614,259.27
33.128,936.87
35.5,77.5
39.691,7.8519
48.398,678.88
46.897,82
52.737,916.77
54.222,696.27
52.091,192.09
58.794,1164.4
65.312,69.442
68.289,812.96
71.904,302.84
73.948,257.97
78.522,203.93
83.132,773.36
84.162,898.13
84.536,1001.6
95.056,911.96
105.31,1055.1
105.5,21.99
105.21,464.77
109.93,931.41
114.34,584.47
114.88,704.12
117.09,359.09
118.15,529.17
129.72,919.25
126.67,140
129.93,225.41
144.27,240.27
142.6,195.6
148.81,302.86
151.27,775.73
159.81,177.46
159,477.33
161.64,630.14
165.86,846.66
172.2,205.24
169.88,365.27
175.82,1014.4
177.56,938.67
182.17,514
185.65,917.46
184.17,719
190.21,60.478
196.67,661.19
203.91,1148.9
207.89,845.62
210.64,503.71
210.65,603.06
209,327
209.43,795.95
212.43,865.28
215.6,104.52
222.58,755.76
223,923
233.17,99.767
226,1234.7
229.47,729.51
235,989
241.13,1152.6
245.47,448.28
245.2,962.44
247.56,904.67
252,673.55
252.75,1055
256.9,375.38
259.32,156.03
261.79,546.66
260.94,324.89
272.87,237.68
273.17,665.36
273.84,1157
274.66,268.9
286.93,589.5
284.07,911.1
284.11,423.42
284.61,848.14
293.62,1088.7
284.35,1180.5
286.37,641.63
290.36,705.51
299.78,21.385
294.5,440.5
301.22,394.95
303.2,1176.7
304.24,876.04
313.3,753.57
308.75,918.17
308.42,547.11
311.62,973.33
313.12,1173.1
316.83,931.23
321.43,69.488
319.09,298.91
327.17,1243
327.97,801.06
328.74,1101.4
336.33,1025
330.62,414.77
336.06,222.3
337.89,939.5
337.98,681.13
340.7,532.46
342.36,154
350.07,86.818
352.51,819.73
350.64,141.4
354.63,289.22
355.99,689.76
356.31,1165.1
357.05,230.08
359.42,32.679
368,795
365.07,214.41
383.15,330.21
380.74,227.15
395.74,904.01
396.09,935.91
397.93,1010.8
404.93,367.97
404.03,773.8
402.99,291.03
405.99,332.22
404.84,865.5
409.44,489.6
411.41,615.85
411.09,32.045
413.13,306.45
415.65,412.79
425.17,740.7
428.94,30.866
426.63,971.84
432.64,1082.3
430.32,949.84
432.95,394.21
432.57,819.17
440.88,335.06
446.75,716.84
450.32,740.8
452.12,536.65
455.5,578.5
460.21,850.47
459.84,710.61
464.09,622.9
463.91,886.95
470.15,116.8
470.4,42.887
469.94,90.571
470,239
473,935.33
492.61,1028.5
498,920
500.4,401.81
499.62,452.82
502.86,843.88
505.64,715.75
521.94,805.79
524.9,461.54
525.88,945.71
526.62,320.23
527.55,11.564
531.57,1024
532.8,623.56
534.6,1148.9
539.51,1131.2
539.9,820.62
546.46,478.38
555.29,606.66
551,428.5
551.95,115.92
557.93,338.74
557.5,224.12
560.41,315.68
558.89,1136.4
572.25,56.585
568.42,424.89
571.5,247
576.69,81.829
577.79,1118.4
580.41,253.99
585.12,583.38
586.75,135.88
588.8,184.42
590.91,544.94
596.71,782.56
594,3.3214
602.89,1226.1
607.52,390.93
608.01,152.68
608.55,419.92
608.17,88.59
608.31,445.03
612.63,1192.1
618.31,769.17
620.64,112.32
618.42,230.89
619.92,1242.1
620.91,1011.1
629.25,606.56
633.78,1206
657.18,714.61
653.73,172.7
655.07,1190.7
659.05,74.596
660.76,529.04
666.32,180.69
666.39,39.271
669.06,135.55
678.3,1093.7
676.5,453.46
677.36,23.85
675.58,1236.9
681.24,182.19
682.67,613.95
687.66,351.05
688.15,87.146
691.52,429.1
698.28,1151.8
696.87,110.16
712.27,144.73
707.96,244.24
712.84,299.83
716.87,65.075
714.93,228.18
717.85,256.56
717.68,15.08
718.5,94.5
722.54,30.543
728.95,430.52
730,119.67
728.1,345.62
729.19,957
728.58,760.11
734.23,1223.5
734.92,269.7
738.27,1179.6
735.93,493.59
741.59,244.01
747.5,11.144
745.29,132.84
742.83,593
745.72,76.468
752.29,1025
754.5,188.38
753.42,636.89
758.67,473.06
763.85,1149.5
766.33,159.43
769.39,660.6
769.45,1134.5
778.27,112.22
788.42,839.89
777.67,173
785.99,544.76
780.42,676.53
784.31,818.36
784.43,146.63
782.6,381.6
787.09,595.91
793.37,1123.1
789.42,127.11
793.81,230
793.37,674.28
796.89,652.04
793.57,1211.3
798.34,50.797
800.8,189.52
798.5,906
801.89,38.952
808.97,255.71
810.19,378.17
807,698
815.34,146.55
811.71,567.68
812.41,957.19
813.12,1187.9
815.5,124.12
819.14,31.05
813.81,501.41
818.38,106.21
817.5,1101
820.74,658.72
822.36,741.86
822.07,173.07
826.72,215.74
825.56,278.92
826.67,919.44
830.05,880.33
844.37,629.89
848.89,691.78
852.97,990.7
865.92,1179.5
873,1086.4
874.68,173.32
873.86,478.5
875.98,549.43
874.93,789.41
877.04,1159.9
880.5,111.67
883.76,570.63
890.99,330.29
884.36,856.51
886.81,268.84
891.6,645.93
891.56,540.65
896.67,621.98
894.6,843.36
901.62,1023.6
902.71,572.55
905.83,510.93
912.5,811.5
920.45,944.01
918.5,75.5
923.54,1081.3
933.09,979.91
938.63,44.367
940.75,978.18
944.91,225.74
950.65,850.71
948.64,392.69
949.64,1209.5
955.09,761.09
964.95,1126.4
971.63,279.3
966.2,665.8
972.37,887.47
972.5,945.3
976.1,1082.3
982.18,466.86
984.35,301.41
985.69,327.29
983.68,186.22
995.94,536.75
998.25,689.07
1001.7,306.95
1001.8,277.44
1002.7,481
1009.4,1094.1
1015.7,859.7
1025.1,405.71
1021.6,891.2
1021.5,824.38
1028,11.288
1030.4,359.86
1028.3,855.12
1028,964.89
1034.3,612.06
1040,888.72
1041.1,580.03
1044.5,655
1049.5,497.76
1057.6,772.99
1052.1,179
1056.1,367.16
1054.5,137.94
1061.5,973.05
1066.4,951.29
1067.9,1015.8
1070.1,1148.9
1077.9,987.06
1077.6,964.71
1086.6,271.7
1084.6,1112.4
1096,594.35
1097.9,959.86
1103.9,811.31
1106.1,112.38
1112.2,414.86
1116.5,760
1121.5,401.07
1127.8,7.327
1130.1,717.65
1142.7,172.02
1148.8,1115.3
1148.2,524.21
1148,1197.3
1149.5,588.31
1149.6,1095
1155,976.74
1166.2,739.25
1165.9,409.01
1165.9,306.38
1173.3,667.44
1173.9,577
1173.3,1107.9
1173.9,862.91
1173.5,925
1187.3,939.27
1190.2,740.67
1191,965.2
1189.6,241.14
1191.9,304.07
1197.2,598.72
1195,919.15
1200.7,759.47
1209.4,952.02
1205.4,204.59
1213.5,908.45
1210.4,712.89
1222.5,515.39
1228.3,126.7
1228.6,150.53
1238.2,832.58
1238.7,333.8
1240.5,636.12
1243,656.87
1243.5,545.02
1242.5,160
1241.3,1110
1244.6,279.67
1246.4,219.91
1246.8,356.2
