6.6312,649.44
5.5495,1092.3
11.415,160.44
11.149,413.13
9.975,851.08
13.421,1100.1
24.608,276.77
34.074,374.41
42,1040.5
69.027,340.47
68.222,1228.6
84.835,756.42
85.926,1001.6
92.232,1064.6
99.964,507.25
102.21,168.97
103.43,706.06
106.49,803.12
101.91,380.91
111.43,228.35
112.3,959.4
118.76,44.761
119.96,690.75
121.61,108.86
121.17,1106
125.78,999.5
128.31,569.46
129.31,869.09
135.64,598.86
138.75,1140.1
138,1049
146.1,794.6
148.91,653.06
151.37,1072.6
155.4,1220.6
158.53,942.59
162.73,639.67
165.37,163.95
166.9,1018.8
174.78,1128.6
177.68,168.37
184.73,497.54
183.9,602.12
190.35,61.07
190.92,122.59
198.12,1004
208.6,646.7
207,502.5
213.91,755.09
213,94
215.55,850.69
218,450.23
220.22,871.57
234,195.07
243.96,910
248.13,254
249.63,735.63
264.35,902.66
265.6,115.93
280.13,820.93
283.61,1032.4
288.86,767.43
287.42,736.42
293.44,71.639
294.43,701.16
295.99,1058.9
297.5,94.256
303.59,929.76
305.84,378.89
307.22,595.64
314.5,1067
321.62,823
327.61,531.99
335.77,500.62
336.9,413.31
339.5,1247.1
347.06,1046.7
355.09,295.68
356.5,462
362.93,574.24
362.6,815.95
362,927.5
364.63,897.03
378.72,981.95
387.2,110.85
392.55,802.03
396.61,1246.3
399.17,460.81
401.12,1177.8
403.65,189.85
408.87,1037.7
413,288.84
415.35,1216.2
423.35,306.94
427.65,881.86
428.79,1092.5
435.91,426.1
435.58,767.11
442.89,666.28
457.61,1214.8
459.5,1004.5
466.8,1093.1
464.05,520.47
468.43,903.58
472.09,1016.9
488.56,1061.6
484.71,442.71
487.82,457.6
493.62,1045.9
497.16,174.13
498.35,249.22
499.12,642.88
503.59,1116.9
505.96,1183.4
507.66,1207.8
513.34,841.07
525.55,1204.8
533.45,622.97
535.25,12.849
538.09,463.91
552.71,553.93
560.74,1194.8
560.06,447.09
563.96,1021.5
566.21,734.03
563.31,4.8727
566.9,871.38
577.84,1094.1
585.58,479.89
592.47,974.86
594.81,470.39
615,429
619.87,248.74
627.65,294.84
626.43,921.61
636.82,517.06
642.25,706.93
648.34,114.37
648.61,921.04
647.91,904.91
651.83,206.69
655.28,1149.5
657.61,1065.1
666.05,963.47
669.08,914.6
672.63,391.37
678.48,638.2
683.5,506.5
687.17,20.323
684.73,950.55
687.04,287.62
686.26,355.84
690.65,977.07
696.01,213.23
690.5,406
696.8,299.44
699.54,539.27
703.5,718
706.1,849.38
717.5,941
724.88,65.382
730,983.11
729.48,504.6
730.99,784.36
734.32,1225.4
754.25,105.19
755.71,503.71
759.78,562.28
757.07,614.59
760.18,776.56
761.46,1067.3
768.76,1180.2
773.07,728.6
773,355
777.13,695.13
779.56,532.03
787.01,646.05
788.53,335.58
790.26,625
798.65,656.72
800.08,988.75
802.69,27.086
807.7,762.93
809.54,1076.2
809.47,801.37
810.65,497.65
819.33,532.45
819.45,1212.5
817.5,215
823.29,705.29
826,1116.7
833.68,470.07
831.4,432.97
838.5,1208.5
841.79,538.5
844.43,1152.8
846.96,125.97
865.64,767.07
871.89,458.37
874.61,482.02
878.5,265.32
887.33,757.54
889.4,507.46
891.59,810.94
895.69,384.62
900.79,311.09
918.42,886.11
931.7,3.1964
934.5,643
951.15,1241.3
957.13,151.85
960.23,1103.3
964.71,912.71
968.67,775.6
977.2,474.82
985.81,50.043
997.92,79.917
999.14,1224.7
1001.7,892.48
1013.3,234.62
1020.2,1086.4
1017.4,129.11
1023.3,22.117
1024.4,752.58
1036.8,454.87
1048.9,73.703
1048.5,623.5
1049.5,250.5
1050,1231
1054.2,445.82
1056.9,993.44
1063.5,1059
1066,457.5
1066.9,892.09
1070.9,974.41
1083.5,608.16
1090.1,475.41
1092.4,8.6333
1095.9,661.63
1097,575.65
1110,1176.7
1109.6,1082.4
1113.4,797.3
1114.9,1244.5
1116.9,989.45
1121.6,248.06
1121,875.24
1127.6,439.62
1127.8,626.39
1130,183.5
1130.7,568.73
1132.4,481.61
1134,654.91
1134.1,891.5
1147.7,137.98
1150.3,647.8
1153.8,933.26
1161.9,883.86
1168.1,386.09
1170.5,716
1183.8,824.89
1191.2,222.16
1191.2,147
1199.5,201.09
1199.5,3
1205.9,863.67
1213.6,830.39
1217,1031.5
1222,99.81
1217,802.5
1232.1,1167.2
1237.2,738.5
1234.1,665.09
1236,1225.5
1242.5,71.268
1243.6,286.03
1244,911.06
1247.1,143.5
