3.2381,254.44
10.76,58.06
23.5,753.3
23.568,299.05
28.5,170.5
42.413,51.033
64.826,958
75.157,33.881
76.279,52.714
75.966,576.24
85.892,194.11
88.913,561.48
96.576,676.11
95.571,827.43
96.909,500.91
105.66,269.94
113.04,626.57
113.96,667.07
121.69,611.09
125.08,315.08
127.59,73.414
141.27,606.53
146.21,159.74
149.14,374.66
150.36,565.5
150.44,612.89
158,618.74
179.96,943.65
181.45,1195
180,888.5
185.3,2.25
186.57,552.94
190.85,473.76
195.72,743.56
194.07,787.98
197,437.45
198.59,169.97
196.5,236.5
203.5,217
209.38,1053
212.87,301.45
217.07,525.17
220.45,418.29
223.79,393.1
223,751.05
222.97,655.63
225.09,1193.9
228.43,687.11
231.87,786.94
228.5,331.5
239.94,509.2
241.5,470.07
242.46,137.91
247.5,245.13
249,430
252,393.14
254.47,5.5636
262.73,144.03
267.15,598.91
271.86,1040
274.73,452.38
284.47,98.471
283.15,1245.5
289.58,667.33
294.25,1149.1
316.09,561.89
318.5,884.5
331.33,586.12
327.83,470.05
329.74,306.53
332.11,414.92
332.93,920.59
335.23,394.47
334.5,711
337.74,562.13
340,944.5
343.88,830.88
345.45,548.52
354.58,762.82
351.58,1099.5
356.42,956.58
356.43,1193.9
365.87,280.29
367.29,607.24
369.86,1177.9
370.37,25.974
370.54,869.2
374.86,447.31
375.29,147.55
379.35,577.26
377,952
380.8,861.3
385.61,192.89
381.42,331.89
383.07,808.59
389.62,518.33
388.19,175.28
386.55,1005.6
388.54,114.09
387.36,816.5
389.71,495.55
390.83,139.87
399.1,730.48
400.86,1240.1
401.38,776.45
403.56,494.62
402.5,1028
405.72,589.05
406.02,811.57
407.73,177.9
407.69,980.14
420.48,407.66
422.12,1061
423.87,1242.5
435.2,554.81
435.62,823.93
439.24,975.09
439.42,365.89
442.33,908.28
443.5,985.64
447.39,1156.4
446.04,1211.2
447.29,112.71
447.17,649.43
446.5,1122.5
453.93,958.93
457.31,527.83
468.64,967.81
471.92,168.44
471.5,343
474.96,515.07
477.34,326.8
478.52,408.75
479.53,61.344
482.55,1091.5
489.19,280.9
489.34,1075.2
496.38,463.2
505.51,533.12
514.54,834.11
519.56,303.51
520.85,172.45
526.66,1184.4
531.94,222.47
531.7,975.26
535.08,502.73
535.5,65.5
549.44,907.2
552.42,1159.1
550.34,1211.6
560.02,116.64
558.94,1079.4
556.62,63.625
557.86,403.14
562.74,1125.9
572.15,268.67
572.68,291.96
575.16,1039.5
580.84,70.435
581.35,966.36
585.84,824.41
585.42,752.77
587.54,198.62
591.69,404.8
610.7,481.24
613.01,1140.7
608,775.5
629.95,979.79
628.89,1040.4
634.04,1089.8
634.58,1173.1
631.43,328.39
637.37,384.37
640.26,868.21
641.92,942.33
644.96,236.25
644.02,622.26
647.71,482.71
647.96,1070.8
649.73,115.67
649.05,536.96
657.54,999.62
656.73,131.06
662.39,553.61
662.93,1197.1
675.18,1087.2
686.02,269.55
686.31,1168.4
688,868
695.45,314.46
696.14,1069.1
700.41,1202
706.03,854.18
705.18,1081.1
714.22,291.23
713.61,1148.1
720.92,601.08
720.39,989
727.31,273.1
732.44,1076.9
732.66,435.84
731.82,98.6
737.13,1237.6
739.2,290.79
743.31,610.6
742,761
745.64,436
745.71,870.53
747.94,1100.8
749.19,602.12
753.39,899.96
754.73,993.35
764.59,612.36
763.1,174.38
767.73,1211.5
770.28,496.98
773.25,952.67
781.04,1063.9
782.62,437.5
789.16,350.92
791.88,865.24
790.58,749.58
796.87,27.522
806,809.5
811.65,739.45
819.26,1048.6
819.63,922.14
821.07,112.59
823.43,817.25
821.88,1178.7
824.92,245.37
824.83,942
827.54,1161.8
829.88,89.158
838.91,16.217
848.38,382.68
851.07,142.78
849.31,1176.1
858.26,549
862.53,1100.3
862.44,792.55
867.89,1199.6
871.52,528.23
876.09,940.91
881,206.17
884.6,990.6
891.17,1145
898.98,871.88
894.54,975.31
898.82,540
899.28,965.02
906.11,1240.6
914.72,711.24
917.49,1105.4
912,854.17
921.16,1223.4
925.55,1246.3
925,957.5
928.68,647.06
935.45,828.88
933.79,972.12
939.9,1241.4
940.56,612.44
942.98,204.7
943.07,783.41
951.31,1245.4
954.26,328.13
955.34,1206.5
960.94,147.62
963.73,1143.9
964.31,913
963.8,1086.4
968,175
972,384.5
974.15,369.23
981.46,1086.9
985.06,942.43
989.8,906.14
995,180.5
1004.8,854
1027.3,958.27
1028.7,537.44
1026,1067.5
1029.5,372.5
1042.7,900.39
1050.7,1098.7
1050.4,1182.9
1055.5,958.58
1065.3,1148.5
1075.3,835.21
1078.5,1023.3
1087.2,915.34
1088.6,979.54
1094,298.29
1098.7,1075.9
1101.8,1235.2
1106.5,394.08
1118.2,1117.5
1117.5,1073
1137.5,361.94
1137.6,1058.9
1140.5,340.5
1147.5,912.51
1156.5,608
1157.5,945.4
1159,100.11
1164.3,36.202
1168,1135.7
1178.8,132.43
1188.9,999.04
1190.2,1181.3
1194.3,1050
1196.5,962.36
1206.6,553.08
1209.9,1084.1
1225.9,79.612
1221.2,414.93
1222.4,256.86
1222.9,1056.5
1245.9,678.95
1246.1,1214.4
