13.213,94.46
34.092,155.04
1.9091,614.36
1.5,681
43.917,742.87
5.3103,806.71
5.8834,916.82
21.389,971.8
4.2143,1029.8
2.1818,1054.5
4.0472,1130.5
3,609.5
11.176,691
4.5652,818.61
9.7826,672.23
10.874,1113.3
6.5789,502.11
23.528,17.192
7,644
10.647,627.31
10.5,586.5
12.8,1067.6
11.4,1076.5
13.44,648.68
15,1027
18.84,1087.2
17,767.5
20.75,516.23
19.059,635.59
21.286,1098.2
19,882
23.157,1079.2
27.196,1136.3
23.342,528.61
22.034,891.1
23.5,305
29.676,1050.5
24.826,1109.7
35.56,690.86
26,582
30.436,518.86
27,632
29.26,107.12
29,533
35.299,543.93
32,209.5
36.901,1004.8
35,111
40.041,828.61
64.068,631.78
51.107,802.31
40,1073
66.801,1043.7
62.162,1142
54.692,337.03
49.358,8.1358
45.5,61.5
49.033,561.56
66.712,87.389
52.245,692.98
54,1134
57.889,973
61.174,584.04
61.065,712.87
65.58,4.75
62.896,955.19
75.67,239.12
65.138,35.793
65.536,570.46
65.795,757.41
64.889,1180.2
66.143,168.5
68.8,1230.5
71.95,984.1
81.983,800.36
73.5,911
82.277,524.47
82.938,697.42
76.568,937.11
76.083,968.75
75.286,567.43
77.074,725.41
80.3,917.1
87.292,663.07
89.591,1175.5
114.06,78.138
84.4,970.6
87.875,1145.1
90.712,68.115
93.231,1159.2
102.67,1072.9
90.333,1107
104.13,1126
94.851,45.66
92,1224
93,1041
232.04,66.821
97.811,987.78
98.781,1081.1
97,697
107.24,1223.8
98,1008
116.13,240.88
104.58,380.71
109.06,1165.2
109.68,1184.4
107.5,733.5
110.5,1087.1
109,668
109.33,740.83
111,673
117.27,1023.4
121.61,544.32
123.63,152.8
138.93,709.96
161.96,1032.3
127.45,983.04
126.88,1131.2
179.9,939.55
126.5,76.5
126.34,1013.6
170.01,115.32
133.36,937.13
132.33,1098.2
134,188.14
138.12,744.93
135.97,754.5
137.57,1026.4
144.6,152.93
139,205.32
141.5,304
139.5,1004.5
141.85,194.46
172.24,1131
154.89,354.26
192.96,189.3
156.38,1232.8
150.48,82.448
151.6,46.6
153.78,401.84
155.68,70.091
154.6,974.6
165.92,793.56
159.12,748.77
167.37,923.28
166.41,680.68
161,973.5
170.76,1191.8
164.93,838.27
167.31,64.257
174.33,898.87
170,907.5
181.88,371.5
172.43,726.67
178.58,1233.9
213.54,769.99
182.23,725.23
181.5,1031.5
182,827
185,832
188.21,1083.6
189.1,1045.5
187.41,958.06
195.82,824.92
192.5,1245.5
198.12,140.42
196,1085.2
196.44,895.08
199.11,954.58
210.52,690.52
210.12,1099
205.17,147.63
204.53,1037.3
211.14,977.84
208.44,1119.7
209,1208
217.09,269.81
211.22,382.22
214.32,1245.5
217.65,1042.7
216.5,988
225.37,129.26
216.89,153.42
224.73,637.62
218.88,712.9
218,994
219.4,964.6
220.12,1135.1
220.4,1028.4
225.2,887.69
223.08,1231.6
223.57,1059.4
246.58,937.16
228.56,1054.9
230.69,1041.1
261.79,377.27
253.35,157.48
244.97,681.87
235.4,1047.6
236.58,974.89
241.42,1119.6
244.05,1137.1
242.33,1099.3
243.76,1047.9
245,46.5
246.19,851.72
245.83,1207.1
247.5,742
247,124
247.64,968.55
247.32,1230.9
249.68,1020.1
252.98,1101.5
290.18,1062.2
256.69,119.11
253.38,868.16
259.34,794.93
258,602.5
258,1014
262.64,582.53
261.65,958
261,752
261.86,950.62
267.42,1246.2
267.19,1208.4
265.33,1074
274.75,832.82
268.27,1119
287.13,937.43
271.17,865.93
270.64,951.68
273.29,879.71
273.5,904
273,1154
274,1160.5
275,1227
276.5,872
277.97,1072.3
279.63,1098.5
284.93,730.45
338.53,1187.6
290.39,759.82
289.49,1221.7
284.5,836
291.02,883.19
290.9,800.16
298.47,833.75
295.6,723.4
301.62,862.26
305.56,766.59
302.28,119.35
299.5,1056.5
302.11,892.34
312,1235.7
312.25,848.68
332.58,917.57
310.57,1203.3
330.05,828.8
316,784
320.3,424.7
325.99,774.97
320.94,790.39
331.12,192.02
323.91,1186.9
339.09,54.952
328.62,801.19
328,1125
333.64,278.29
336.2,509.76
333.5,758.5
339.3,233.19
349.25,801.57
338,709.5
348.39,870.23
340.57,746.43
343.51,544.25
343.88,702
348.23,582.25
346.44,229.11
349,781.96
351.07,1091.5
348,274.5
349.67,414.67
351.5,129.5
352,605.68
373.13,739.2
354,219.5
369.37,911.99
371.93,524.21
357.47,612.58
356.29,712.21
370.24,283.09
358.65,1170.8
359.19,67.593
358.42,998.89
386.45,193.48
364.29,78.086
366.71,263.71
406.82,120.92
368.5,787
380.19,879.32
382.61,792.49
379.32,461.32
375,675.33
375.06,1095.7
374.59,220.94
376.17,475.33
383.68,240.4
378.74,372.54
380.38,581.31
379.64,657.5
392.13,625.07
380,668
385.39,95.16
383.28,540.63
384.58,820.15
387.01,1098.6
398.65,427.22
385.47,843.57
383.5,1019.5
396.98,1147.5
386.61,147.57
395.59,966.32
388.86,654.94
389.89,229
390.19,276.12
389.89,305.58
396.53,147.48
392.26,603.94
410.46,927.3
392.59,260.06
400.32,473.08
393,745
395.86,315.5
396.6,1099.4
398.89,660
399.87,727.63
401.68,746.84
399.11,1230.4
399.5,213.5
400.27,602.46
399.5,1106
401.75,330.85
400,979
403.26,259.42
416.35,811.05
402.42,836.5
405.21,1115.2
406.32,843.92
408.09,92.522
411.9,495.83
408,1056.5
409.67,317
409,1052
410.4,254.6
412,343.5
411.91,764.05
423.87,868.33
414.13,1198.9
414.34,1213.5
429.29,631.13
412.58,772.89
414.23,293.83
415.12,996.46
417.94,577.65
468.3,172.24
421.15,1044.5
430.51,465.06
430.18,529
448.7,410.59
422.42,1207.6
422,169
424.38,846.4
423.59,887.94
424.05,900.43
427.3,549.8
427.88,1041.2
431.48,917.17
429.24,262.56
429.52,566.25
428.52,1245.3
430,574.5
433,1192
447.52,806.29
438.96,1030.6
437.5,332.5
438,1092.3
437,1180.5
439.41,1078.2
448.6,684.69
441.7,437.1
443.56,775.78
507.18,945.96
442.57,1068.6
447.12,334.62
443.5,1200.5
444.5,550
473.54,848.95
447.41,204.94
472,1177.8
451,1238.1
451.71,208.57
462.43,1207.6
454.61,630.25
451,656
458.72,720.75
456.74,767.8
455.41,293.66
454.6,1158.6
455.93,649.04
455.27,741.23
493.38,569.95
460.96,948.21
462.51,1080
455.35,1090.4
456.5,1150.5
456.67,781
479.2,324.25
462.59,526.73
462.74,1007.9
462.6,741.4
465.37,302.6
491.14,129.92
472.31,487.84
469.34,506.45
476.67,647.86
472,850
498.49,1223.6
473.42,630.47
475.51,843.02
488.08,234.32
480.22,1204.2
480.5,1073.5
481.5,302
482.33,1100
556.16,1132.7
490.2,339.98
500.44,360.52
501.19,406.93
506.85,457.99
488.71,301.71
489.9,762.44
489,1198.5
494.06,1090.9
524.17,1044.1
500.37,751.5
500.04,1208.6
504.76,782.54
507,860
512.03,1016.4
512.48,1114.2
526.7,195.89
532.43,254.97
516.65,508.85
516.49,774.46
523.2,1107.9
529.11,397.16
523,407
524.93,543.99
524.45,502.09
525,514.5
529.27,1126.6
542.3,799.03
538.94,1083.8
532.68,6.705
530.33,111.44
528,490.5
531.99,377.08
530.46,409.43
532.14,548.72
529.5,1239.5
530,485
532.42,145.11
578.22,419.99
597.43,736.13
534.89,138.42
538.29,1244.3
537,839
555.29,1172.7
537,1197
545.42,900.98
541.5,136.86
549.36,48.453
545.52,213.42
542.34,657.05
542,267
552.54,640.76
546.54,1228.1
544,517.33
547.91,988.8
547.61,397.03
545.86,1104
553.71,854.11
547.58,874.11
564.82,502.64
549,971.67
551.95,866.91
551,273
552.22,837.04
553.59,406.31
557.26,277.03
555,762.5
588.19,1029.3
557.5,1247.5
557,607
567.73,813.76
561.58,208.49
592.01,862.48
561.48,905.5
602.48,1073.1
561.6,34.6
562.63,537.27
563.61,621.45
561,961.5
569.85,1205.4
563.96,476.56
568.9,4.9891
564,281
564,572
566.54,613.46
565,1247.5
569.21,547.14
619.83,182.48
572.91,230.48
569,968.96
576,844.22
570.5,540
575.79,44.114
574.61,328.88
597,610.95
595.94,1188.3
574.79,360.74
585.51,541.65
576.6,66.4
588.83,138.86
576.58,725.11
578.63,953.08
592.33,986.13
578.36,1245.7
581.62,638.17
581.47,154.42
580,617
585.35,63.4
583.5,572
583.5,39.5
588.98,761.1
586.9,1233.8
584.5,703
650.04,236.55
591.45,322.26
587,446
599.72,499.94
589.33,32.97
590.28,370.39
588,1011
595.14,642.42
594.88,813.75
593.5,939
595.5,58.5
600.59,302.77
602.08,572.62
619.79,44.269
600.27,664.55
600.58,678.52
606.76,106.03
604,231
607.39,644.93
606.03,685.37
606.32,789
605.83,804.88
609.36,8.6667
611.59,746.61
611.59,1220.9
611,1166
617.66,295.19
612.6,324.6
624.11,1116.1
615.12,331.62
628.77,970.23
616.5,1247.5
622.71,152.66
619.14,354.83
617.89,1125.2
634.9,538.95
651.42,1181
621,1135
621.5,966
622.23,1247.2
626.32,219.16
641.37,803.48
627.77,1227.8
628.64,1171
631.91,615.36
630.62,317.42
633.79,847.05
650.8,341.76
631,504
671.38,904.32
643.99,1239.1
637.67,858.79
636.04,1217.4
638.35,297.3
638.35,1011.1
641.63,96.395
642.55,118.78
643.39,367.95
647.04,613.52
654.77,692.41
642,145.5
651.42,832.29
642.44,965.68
646.81,202.1
645.69,1148
645,175
646.44,978.32
647.79,1130.7
649.67,1213
649.34,146.11
650.91,289.86
650.04,970.52
650.53,1120.2
652.75,1091.1
711,1058.1
657.31,316.9
657.24,872.37
656.35,628.6
658.85,738.38
684.29,516.23
661.36,609.67
662.77,920.6
661.68,1134.4
677.48,91.167
674.48,646.8
661.39,859.36
663.71,1089.6
664,353.5
668.77,835.3
664,943.5
664,983.5
664.75,1108
742.87,161.18
671.81,744.07
671.58,776.15
665.5,801
688.1,309.12
669.12,978.35
670.1,940.16
674.56,258.95
670,355
678.15,568.83
671,601.5
674.08,474.32
672,543
674.42,679.33
672,985.5
674,347
676.79,485.05
674,495
675,510
676.96,310.48
677.88,867.5
677.67,966
679.2,1192
679.71,1098.9
680.83,358.25
694.97,1155.6
692.78,612.55
681,769
681,834.5
684.48,956.59
684.94,365.91
682.56,406.11
684.07,678.83
684.89,13.421
689.91,437.19
685,755.67
684.5,1246.5
694.92,1106.4
687.52,336.96
688.5,1120
693.99,80.439
693.54,865.32
694.09,12.795
695.53,252.18
698.7,286.25
720.04,669.72
700.33,99.941
698.52,375.57
694.84,1180.9
693,29
697.43,545.12
698.03,556.97
698.62,24.586
698,53.5
699,47
709.04,586.44
712.82,1243.9
704,550
705.47,563.66
711.1,900.82
708.13,1145.3
709.14,858.39
712.98,776.39
709.57,1133.6
723.91,21.028
714.69,931.37
714.05,143.21
737.51,397
717.94,959.28
729.86,70.582
771.72,588.17
716.57,1120.4
719.28,432.68
727.41,458.01
718.67,801.83
720.24,127.08
720.5,638.62
719.5,1158.5
726.79,880.46
746.19,1188.7
727.13,892.46
728.27,608.11
725,1089
726,492.5
729.92,750.5
736.83,928.6
730.43,1109.8
730.3,1156.2
733.81,1091.1
744.74,1243.1
740.53,852.72
735.94,51.588
748.72,1218.4
739.29,874.15
752.82,988.14
739.54,618.32
759.73,1133.6
741.34,916.76
738.64,948.05
741,195.9
756.64,899.56
741.76,813.07
741,796
742,1032.5
743.41,95.941
744,841
745.5,219
747.81,736.77
749.68,750.18
750.06,271.59
761.9,780.08
754.69,858.28
751.64,1020.5
766.04,233.45
755.41,334.45
754.6,386.4
757.54,697.99
756.65,361.84
757.39,1100.4
758.5,534.5
762.91,682.07
762.2,385
780.55,716.21
765.65,1107.7
764.5,1096.5
767.15,1156.9
765.57,396
771.57,453.45
770.81,662.67
818.3,875.8
768.5,260
781.61,302.64
769,461
769,1145
773.12,906.58
813.87,1028.8
774.57,947.71
804.18,529.19
773.5,550.5
779.03,866.12
787.79,1002.5
775,1186.5
796.27,1235.4
777.26,690.56
776.62,832.19
778.26,913.26
782.94,1155.8
786.41,1186
809.21,791.88
781,266
859.68,922.2
787.91,962.46
786.75,221.85
797.95,745.88
786.53,1206.8
788.09,15.409
786,682
786.57,1136.5
815.94,429.98
790.37,5.9268
793.94,280.05
790,477
792,1109
798.34,689.75
804.26,2.5581
798.89,268.58
798.58,1190.9
800.16,239.25
799.5,645
804.11,655.98
845.61,1163
812.36,265
824.51,700.62
805.88,673.35
805.68,807.74
806.67,1013.2
807.4,156.65
807.21,477.45
808.42,1108.9
812.9,224.67
810.91,307.94
811.08,377.34
809,723.5
810.5,12
816.25,4.4426
817.49,1212.4
829.47,664.79
821.87,327.74
818.33,191
818.38,398.12
818,598
818.5,1109
820,250
820,352
820.85,360.35
821.81,344.59
822.84,1074.7
826.38,728.74
828.77,578.75
839.57,56.653
828.34,861.5
838.89,206.57
829.95,561.91
829.83,646
833.51,769.48
851.6,1093.7
833.46,756.87
831.68,871.2
832.67,630.33
846.3,1242.5
858.5,828.68
833.67,554
833,724
837.56,296.07
837.86,743.88
870.78,667.85
856,329.82
841.65,353.47
843.37,638.32
843.69,282.75
842.35,503.4
845.38,516.84
844.5,778
846.68,154.18
851.41,446.51
849.61,554.88
846.88,1056.5
848.5,334.36
849.08,1172.6
848,819
852.62,372.03
849.5,507
851.46,534.18
852.07,649
880.49,1020.5
853.04,868.58
855.67,428.18
855.92,1220.2
856.1,46.655
854.89,1070.6
858.36,174.43
855.5,574.5
857.46,465.79
858,123.5
859,1054.8
867.22,144
864.51,298.51
865.52,25.452
877.45,108.09
863.33,487.17
868.85,283.07
865.43,464.03
872.61,513.85
866.15,1247
867.61,237.98
870.24,1003.7
869.33,308.76
868.5,474
868,928
882.33,1140
870,294
871,550.67
871.94,199.41
871.5,251.63
888.07,398.38
871.5,792
873.58,1220.4
877.05,466.4
903.25,749.24
874.5,1247.5
877.79,174.52
876.21,186.69
877.19,647.23
877,53
884.77,536
878,69.5
880.26,266.07
884.14,600.3
888.12,1243
889.85,228.08
879.92,365.35
886.11,200.18
883,798.5
898.06,969.75
888.5,164
894.06,69.075
891.65,1091
900.45,1189.4
900.89,14.853
898.31,116.24
921.59,343.42
917.93,543.69
921.29,1044.6
901.84,1133
899.36,806.68
901.93,776.59
902.5,766
906.99,826.08
903.5,530
907.43,751.21
904.88,260.65
906.57,132.43
910.94,243.67
955.94,410.26
929.99,512.98
925.95,229.98
911.99,577.46
909,960
909.52,1085.9
979.28,270.78
910.89,330.58
919.42,890.58
914,1065
914,1127
928.28,1115.9
931.28,153.38
916,720
920.32,1083.6
919.57,171.57
921.68,1005
940.68,818.76
923,1196
925.54,383
928.05,1020.3
924.56,946.11
925.91,971.41
929.58,23.422
926,173.5
927.94,791.28
927.06,1072.6
927,472.5
985.46,958.95
928.83,1214.3
930,477
994.11,682.05
932,716.5
945.36,903.96
940.29,966.61
935,940
940.16,1081.2
940.68,202.78
939,709.5
941,210.5
974.55,1230.2
954.91,386.13
944.5,738.5
944,788.5
944,1071
960.32,538.39
946.56,718.11
949.72,216.18
947.5,762.5
949,939
949.29,1154.3
955.14,182.21
950,740
960.43,498.34
975.13,1130.6
954,867
957,19.5
957.11,715.84
961.79,1025.4
964,156.69
964.5,486
964.5,1210.5
966.56,694.56
969.03,1059.6
967.14,70.143
968.42,773.84
969.81,687
970.5,483.75
971.86,265.07
971,346.25
979.11,838.3
971.68,1048.2
972,719.67
975.4,495.4
979.44,100.74
979.65,71.71
978.5,109.5
980.09,1040
979.5,1189
980,1046.5
981.57,91.571
982.5,199
1006.5,501.56
982,914.5
985,879
990.15,450.99
986.44,963.8
990.41,794.42
990.26,1023.3
993.77,74.289
988.62,149.12
992.1,543.31
988.4,567.6
990.07,25.821
995.98,321.22
1001.1,417.91
996.47,3.1395
993.42,100.11
997.06,252.54
996.17,1142.9
1004.4,642.62
997.68,59.091
997.24,441.07
1002.2,808.23
997,1183
1011.9,105.95
1001,871.52
1042.8,1113.8
1098.6,1171.8
1003.4,140.4
1006.3,374.84
1005.9,717.95
1009.6,435.55
1027.4,817.39
1019.8,1141.6
1049.4,1231
1016.4,37.769
1020.2,467.25
1020.7,1036.1
1019,631.69
1036.5,883.96
1019.2,1205.9
1024.4,366.98
1021.3,645.38
1024.1,72.35
1024.2,84.778
1074.7,362.35
1022.4,59.4
1027.2,327.55
1025.2,541.8
1031.5,11.262
1026,136.48
1030.8,416.7
1025.9,1227.3
1026,795
1040.1,307.47
1028,983.33
1028,1129.5
1032.5,95.948
1031,441.17
1033.6,607.52
1030,804
1037.8,457.68
1033.4,795.06
1042.1,33.654
1042.5,112.78
1077.4,967.5
1039.2,533.31
1046.1,583.22
1038,785
1047.5,1028.8
1042.6,988.68
1046.1,785.44
1045,21.5
1045.5,447.5
1050.3,616.59
1046.9,793.14
1047.2,826.26
1056.2,138.39
1048,535
1048.5,718.51
1049,530.5
1050.2,833.42
1052,632
1064,27.343
1056.6,1083.8
1056.7,122.41
1057.5,685.92
1063.6,263.07
1060.6,712.4
1062.7,815.02
1061.4,505.4
1064,729.46
1095.8,483.18
1066.2,883.27
1063,951
1090.3,920.07
1080.8,156.63
1108.7,794.1
1074.1,1017.7
1072,891.5
1075.2,1049.2
1073.8,1204.7
1074.6,1212.6
1076.8,425.87
1075.9,335.58
1090.1,9.8293
1078.9,1059.7
1088.3,1240.4
1087.5,886.16
1105.7,1106
1086.9,404.45
1085.8,826.2
1091.6,853.77
1086.9,867.15
1102.6,85.425
1109.6,626.15
1100.2,753.06
1103,1077
1103,567.28
1099.4,1091.1
1101.7,599.1
1101.4,700.5
1108.1,119.22
1107.3,582.54
1107.5,515.61
1109,772.54
1107.4,906.6
1113.2,1245.5
1111,781
1115.1,1063.3
1114,1151.3
1116.1,184.52
1118.9,733.17
1123.6,21.602
1118.4,555.13
1122.7,798.53
1117.5,1047.5
1118.4,1218.1
1170.1,1032.1
1148,75.151
1122.8,305.98
1123.6,682.39
1123,746
1124,1048
1130.2,328.2
1126.8,539.24
1131,246.56
1130,421.77
1128.6,1187.6
1129,1194
1158.2,446.84
1132,1227
1143.6,696.72
1139.1,996.66
1137.1,898.58
1137.8,476.42
1139,484
1141.9,787.28
1140.8,818.95
1140.4,143.44
1139.7,763
1157.8,29.594
1141,236
1149.2,257.5
1151.6,512.91
1144.1,353.4
1145.3,133.28
1145.4,569.89
1145.5,778
1150,1211.2
1146.3,744.25
1151,1003.4
1148,755.5
1154.5,1176.6
1153.9,815.49
1151,1169
1155.5,108.8
1157.6,541.37
1152,1165
1158.1,564.51
1156,124
1155.8,1097.2
1155,1105
1157.1,210.14
1157.4,1229.1
1159.4,1198.9
1163.5,402.38
1163.9,487.36
1202.8,195.9
1164.4,813.97
1170.3,172.29
1167.5,933
1166.5,1238.5
1185.1,686.83
1170.9,1184.6
1175.6,626.36
1178.5,1223.5
1210.5,20.164
1199.6,1181.1
1192.6,1217.6
1196.1,1232.6
1193.7,841.74
1206.3,1011.1
1197.8,1211.7
1199.7,1206.4
1201,979.5
1201.5,1114.6
1203.6,1217.8
1205.7,653.92
1203.8,740.77
1211.4,1110
1222.1,1239.4
1223.1,732.42
1214.2,584.77
1214.4,633.6
1218,983.56
1223.7,1197.1
1229.7,1096.1
1230.6,697.69
1236,66.863
1234.5,1184
1228,806
1236.8,982.28
1233.8,1009
1235.5,1207.8
1239.7,1052.1
1240,1154.3
1244.7,1126.2
1240.8,1222.3
1242.1,9.5
1243.6,818.09
1244.6,1231.7
