4.4808,488.4
14.649,762.25
23.737,865.88
24.364,613.5
34.124,520.3
31.909,340.09
33.245,430.55
52.5,1071
55.564,817.92
73,1153.2
81,842.5
83,359.17
109.67,514
117.5,270.74
116.42,426.56
118.5,135.28
125.78,862.14
125,919.69
135.94,202.7
136.54,1091.8
143.12,796.37
150.43,126.18
148.76,768
164.5,125.42
168.1,878.62
196.61,452.86
197.92,942.92
207.55,15.969
215.09,66.123
224.91,796.13
227,839.5
246.54,804.39
250.06,713.29
256.84,301.83
258.21,916.57
269.86,853
267.42,156.89
292.42,518.58
299.44,258.56
311.07,955.59
314.6,237.89
318.07,212.41
321.1,926.48
325.28,1077.1
325.83,54
339,16.5
347.11,500.24
357.33,381
361.54,90.081
367.76,434
380.33,503
387.8,769.85
401.03,964.46
408.7,258.5
417.27,470.35
429.35,1158.7
424.67,1102.4
426.67,1192.2
426,337.12
426.5,225
425.93,1008.4
432.43,796.88
452.03,96.211
448.88,1151.5
470.61,337.87
472.54,634.93
472.8,33.914
474,1172
483.84,687.35
488.54,141.2
489.3,606.26
513.6,251.11
514.63,337.63
514.56,435.56
516.97,658.78
541.5,131.5
544.8,858.38
540.5,984.5
557.88,435
565.47,822.83
571.19,1244.4
582.63,881.74
584.51,651.76
588.41,153.57
611.81,1122.3
618.58,663.45
623.76,1113
624,673.32
628.74,816.57
640.19,262.57
636.14,396.5
641.9,317
644.83,127.38
645.57,466.95
646.91,786.87
653.68,613.72
654.27,703.97
655.68,1120.8
663.64,1164.5
666.21,617.62
667.85,383.05
668.48,979.13
682.5,509.75
692.58,770.32
696.32,720.22
697.73,132.37
709.56,277.92
713.64,739.43
713,370
750.17,773.3
753.5,1076
772.36,517.86
773.04,541.8
785.5,409.06
794.98,170.47
791.94,509.94
793.44,379.8
796.37,686.63
800.69,1107.1
810.56,193.89
813.55,263.54
813.76,479.27
823.48,296.63
833.36,1053.4
833,149.5
838.22,1188.6
840.63,854.7
845.16,161.7
845.83,629.15
860.55,155.27
859.37,1088
869.08,735.05
872.27,144.28
870.91,773.39
891.5,547.5
897.37,45.246
897.91,845.88
899.61,743.14
903.56,1047.5
908.93,658.41
914.79,711.84
919.08,166.08
925.56,575.26
925,455.5
926,804
941.5,1136.5
948,74
950.11,588.08
957.9,349.69
956.15,620.54
962.96,807.74
970.42,996.11
975.99,1130.3
997.5,834.5
1003.3,308.29
1014.1,1198.4
1019.1,916.85
1029.1,1006.9
1030.1,1038.9
1037.5,692.17
1044.4,94.96
1044,878
1058.1,117.63
1062.8,439
1075.5,877.37
1075.1,1091.2
1098.6,438.03
1107.1,262.31
1108.5,1067.5
1124,718.59
1128.6,422.18
1127,512.5
1131.4,878.02
1134.3,903.77
1135,1228.5
1141.6,112.09
1141.2,1218.9
1150.7,130.47
1167.2,545.78
1169.5,1164.8
1222.6,560.72
1222.9,450.91
1228.5,1097.5
1230.9,532.38
1233.2,625.86
1243.9,295.88
1244.8,964.69
