11.05,789.98
104.89,479.87
104.31,880.91
114,113.5
168.96,179.68
201.27,107.39
208.06,1229
222.25,1042.9
243.83,216.64
260.39,308.09
291.08,1145.2
292.44,931.08
366.32,989.15
389.9,326.38
394.91,216.6
397.63,388.22
404.37,80.175
410.48,309.83
415.5,963.5
416.41,401.55
416,129.5
421.81,136.02
429,211
431,1204.5
446.57,227.35
447.58,215.11
455.93,911.59
466.34,121.53
469.02,106.44
466.5,149.5
466.5,314
471.5,969
474.44,169.8
475.57,313.57
481,151.5
498.18,289.31
485.5,301.88
490.08,65.917
490.5,258.38
499.84,328.39
511.42,1051.5
522,136.5
523.77,344.96
524.95,321.97
525,512.76
525,829
528.4,1212.2
530.29,86.118
532.58,428.06
534.26,71
536.96,199.59
537.5,402
545.91,240.43
561.95,206.95
573.25,388.88
576.4,335.63
577.48,224.03
581.34,246.51
587.02,268.07
620.52,353.31
673,750.5
689.06,1056.3
734.45,1083.7
738.75,1031.8
762,978.15
766.48,292.15
774.6,138.11
775.05,1201.5
776,653.5
805.81,798.07
858.5,1038.5
896.74,524
937.83,374.43
945.6,209.89
954.18,273.67
961.5,434
1004.4,740.03
1006.9,819.55
1018.3,291
1022.1,792.98
1029.8,199.05
1044.3,217.67
1054.9,865.12
1067.6,413.07
1098,979.68
1139,673.25
1144.5,6.9344
1147.9,1110.1
1160.8,608
1163.5,1128
1171.1,1194.1
1178.6,790.95
1225.8,442.03
1245.9,863
