2.2927,93.415
6.2715,1041.7
13.974,856.44
16.414,1203.6
23.73,31.27
19.909,1245.1
37.904,846.12
38.926,652.59
45.533,1151
44.56,1246.8
51.024,164.88
53.574,379.62
53.714,1214.3
55.528,885.17
72.347,56.163
79.909,89
74.3,694.8
96.304,1180.3
104.19,960.4
107.5,593.5
121,156
129.58,672.5
132,1061
133.89,89.851
135.91,42.877
147.76,766.96
172.04,863.93
174.58,1033.4
183.5,1246.7
186.08,941.61
185.66,1029.5
200.42,1043.4
204.79,3.193
218.92,1208.4
228.47,918.37
238.17,300.21
234.68,776.76
239.48,1088.9
242.29,132.2
243.65,590.12
253.12,939
263.63,532.63
269.23,22.547
267.54,848.45
271.84,225.51
272.24,410.67
276.58,1158.6
280.42,746.06
290.57,1061.7
289.83,395
302.87,295.75
317,170.14
323.05,473.47
330,781
337.78,127.1
343.19,417.38
348.8,876.2
348.33,576
357.47,915.04
355,425.65
360.25,785.83
364.71,571.66
365.81,76.407
370.4,308.4
375.26,692.94
376.85,130.27
380.5,276
379.85,527.35
387.93,328.74
390,190
392.58,708.11
402.06,1244.8
413.71,543.62
424.55,539.46
435.2,313.01
445.82,978.03
446.89,47.697
449.39,1235
452.93,547.08
459.87,1233.5
460.68,890.64
464.11,1035.9
470.12,703.89
473.52,92.7
476.26,120.93
484.56,236.57
490.67,1040.3
495.88,965.33
497.68,933.22
501,1214.7
505.48,432.79
502,843.68
511.11,685.63
527.12,515.79
537.61,635.13
543.22,428.83
542.09,258.09
550,559.5
558.93,587.02
564.09,297.09
565.4,760.5
569.08,69.899
573.58,727.42
575.96,739.63
582.85,220.18
586.73,575.17
586.04,783.44
594.55,1071.9
595.85,1140.3
596.5,69
605.15,346.38
607.8,731.62
615.23,1061.4
616.6,640.6
624.45,1041.9
624.86,577.5
638.96,837.46
650.66,20.27
649.13,173.34
654.86,945.88
667.07,733.59
672.48,210.61
674.83,1132.4
678,788.32
692.43,685.88
693.5,622
698.89,838.18
703.72,809.47
711.21,561.99
712.35,401.9
722.09,1169.9
724.52,1083.6
724.81,981.07
731,244
732.5,314.5
740.2,855.22
741,657
746.35,740.19
753.22,623.88
760.41,1155.8
768.58,95.548
768.67,970
774.27,313.65
776.06,520.45
782,682.83
787.56,29.077
789.42,800.89
791,338.83
799.5,526
802.91,774.91
819.78,1194.9
817.91,713.91
821.23,395.37
823.71,1221.3
826.06,578.03
851.8,2.2333
858.94,1093.9
864.28,54.47
865,510.5
879.61,32.139
893.93,870.58
893.06,7.0882
907.11,441.37
918.57,284.47
916.61,108.14
923,440.5
923.78,1220.7
925.09,1057.7
926.67,623.56
939.74,841.46
941.34,164.81
940.04,737.07
945.34,597.17
946.58,1230.4
953.92,1190.2
956.31,458.14
958.12,386.36
966.64,11.321
968.09,1023.4
974.34,927.17
983.76,470.91
994.52,1235.2
994.63,562.63
1000.6,36.667
999.92,1101.9
1006.8,974.69
1012.1,1074.7
1018.6,693.03
1018.5,1156.1
1024.2,206
1028.5,84.672
1025.5,335.5
1027.7,729
1034.1,1077.7
1037.4,1202.8
1038.1,438.12
1046.8,487
1050.8,324.26
1050.4,708.08
1054.4,927.55
1058.6,799.05
1062.4,552.9
1064.3,9.8837
1063.9,1213.6
1067.7,1021.8
1069,211
1076.9,611.07
1081.5,280.79
1087.8,143.45
1085.1,1154.4
1095,298
1103.7,746.76
1133.4,552.11
1152.5,1243.5
1156.7,1174.1
1158.9,665.55
1164,68
1164.9,81.935
1167.4,102.48
1176.9,481.51
1180.9,567.57
1179.5,1087.6
1181.2,37.926
1181.6,735.94
1187.6,983.74
1202.6,697.95
1205.8,1052.4
1218.6,751.59
1223.8,228
1229.4,40.576
1234.6,453.09
1233.9,685.44
1237.5,410.4
1242.5,315.33
