4.5938,2.3438
5.2444,71.067
13.043,256.06
10.5,768.5
15.964,985.56
16.859,220.39
15.891,349.67
12.917,271.08
21,242.67
25.364,695.74
26.389,522.86
32.647,230.75
35.549,865.98
42.177,1100.2
53.074,1236.4
53.579,1138.1
56.955,596.18
63.764,1056.5
61.19,1076.9
71.147,1245.4
75.711,1116.8
76.909,412.95
81.243,576.63
84.815,969.31
86.178,1223.3
87,495.12
87.939,896.82
90.963,812.57
92.229,197.6
91.9,411.38
96.24,1245.2
101.51,1137.2
106.68,691.86
107.94,68.108
109.63,6.3838
113.02,898.21
115.2,1075.1
112,1040.5
114.07,425.59
117.31,744.82
115.66,759.38
119.94,1152.6
125.08,1129.6
123.74,316.29
124.5,531
129,430.33
137,461.5
141,864
142.5,1217.5
142.5,645.5
148.04,717.15
147.98,913.27
151.08,172.59
147.44,456.25
148,587.61
151.04,566.41
156.71,1113.5
162.89,873.58
169.11,737.19
170.08,1098.1
174.02,372.61
177.68,1112.1
183.33,84.745
183.35,675.92
186.08,1055.8
189.1,800.38
197,681.35
208.23,169.72
211.83,956
217,621.9
216.8,24.276
225.27,1124.1
222.53,1168.9
223.98,931.92
228.58,299.92
238.67,439.77
241.28,992.73
249.26,220.44
248.42,876.11
254.19,800.01
252.5,313
255.5,17.871
259,501.3
262.06,556.77
273.38,98.833
274.7,766.14
274.57,1232.6
279.26,192.95
276.92,870.33
277.29,1077.5
281.38,587.47
290.47,995.21
291.63,1114.2
287.63,1152.2
289.86,696.5
296.26,293.29
297.1,728.38
304,781
305.09,1091.9
314.32,236.58
314.54,548.35
317.21,302.87
318.46,660.39
322.87,839.91
323.48,166.39
338.95,949.47
342.76,993.55
343.78,615.1
347.3,908.46
347.82,1096.8
347.37,631.37
349.07,17.955
351.69,823.62
352,90.5
354.21,697.96
365,1112
368.53,80.649
372.62,279.66
370.6,543.6
378.78,1168.7
377.91,102.09
378.06,604.91
386.52,562.49
389,804.94
391.3,192
390.65,1175.7
393.46,746.15
398.92,1030.8
399.28,1078.6
399.73,1160.2
401.47,781.05
399.32,987.78
403.23,17.533
411.22,665.86
417.21,743.76
416.83,109.17
417.5,38
421,671
430.87,657.06
429.66,1082.9
436.98,153.02
438.19,852.07
448.35,491.49
458.57,66.325
464.59,546.79
464.5,530.35
467,724
470.99,1069.3
468.54,670.23
471.88,459.12
472,206
478.26,610.57
476.71,864.71
481.28,269.09
479.5,780
481.07,996.59
489.58,327.58
512,179.5
515.27,362.98
522.48,258.8
522.66,824.91
531.05,474.6
529,893
533.17,968.93
537.37,756.63
543.71,235.12
544.98,365.11
543,439.75
547.18,93.095
545.09,980.91
556.8,735.72
559.17,1109.8
557.84,1177.7
562.88,841
563.53,133.31
566.38,661.24
565.53,609.72
570.82,717.16
580,792
582.18,872.66
591.56,147.92
595.03,1044.3
599.07,755.59
604.1,60.5
608.48,423.29
613.48,976.04
614.11,1033
617.67,562.66
619.56,857.52
617.58,76.105
633.2,1205.3
636.3,693.79
634,898
648.14,892.5
651,45.5
652.28,592.69
655.06,1054.3
657.24,958.84
662.96,364.11
666.11,1131.8
668.33,1174.6
668.25,10.73
667.42,109.02
672.26,292.19
670.04,1033.6
671,47.5
673.65,215.94
678.04,402.25
679.78,902.71
692.19,74.071
698.47,646.07
699.87,36.048
711.55,589.81
711.14,1195.5
715.78,3.5818
716.77,881.28
718.4,147.01
720.27,1206
723.06,985.19
731.23,10.078
730.66,26.779
731.19,241.07
732.07,785.59
736.16,976.79
737.12,1002.3
738.88,97.304
743.76,4.3418
743.87,1060.9
747.09,502
748.43,811.06
753.6,843.82
758.84,324.5
767.04,1148.3
775.89,753.63
778.88,158.06
780.39,1144.5
780,645
780.12,774.5
784.4,221.38
789.01,735.66
790.59,1064.9
790.37,235.37
794.54,1223.5
806.43,702.6
806.58,1000.6
810.37,468.63
822.83,938.33
825.02,2.6154
828.8,267.52
826.9,537.61
833.83,976.46
841.55,155.35
840.44,495.04
840.83,591.98
848,854.32
848.94,357.09
857.81,1036.8
859.5,715.17
872.51,342.48
870.06,1104
878.96,232.33
881.12,1090.7
886.5,982.96
888.9,427.7
890.07,819.93
896.07,507.49
899.15,54.515
898,286.5
897.5,657
904.07,96.407
910,748.83
917.95,873.8
917.97,215.94
925.67,974.8
921.39,1128.9
924,194
926.34,266.1
926.53,351.87
932.8,707.38
931.14,747.07
936.34,1072.6
937.3,849.82
941.7,1193.1
941.7,467.05
949.14,1071.3
948.63,759.97
951.25,541.19
955.82,415.39
958.62,908.41
970.12,174.12
975.03,35.882
978.62,415.54
979.12,1100.7
986.49,1119.2
1001.2,513.29
999.39,124.14
1012.9,342.05
1019.6,932.25
1020.5,382
1026.9,888.75
1028.3,1074.5
1034.6,1134.6
1036.3,1008.3
1038.2,598.56
1041.5,654.45
1038.3,577
1046.1,375.5
1043.9,411.88
1056.4,1016.3
1059.4,798
1071.8,514
1080.4,909.49
1087.9,1010.1
1092.8,582.82
1094.4,163.11
1095,1043
1100.2,809.9
1102.5,621.12
1104.6,414.61
1105.9,1006.9
1122.9,846.9
1120,788.5
1127.6,715.75
1133.7,784.91
1134.4,858.3
1143.3,1109.5
1143.8,226.68
1157.9,502.08
1154.3,532.08
1161,732.03
1159.6,1132.9
1167.6,178.89
1170.6,662.98
1172.1,704.12
1171.4,1077.6
1169.5,604
1177.1,870.41
1179.3,44.519
1176.9,843.95
1185.2,1027.9
1185.7,200.78
1195.3,79.766
1192.8,978
1194,648
1200.7,109.1
1202.4,880.54
1204.4,128
1211.8,651.3
1214.5,618.5
1215,237.25
1216.1,357.12
1217.7,804.22
1224.9,668.88
1226.3,717.53
1230,900.63
1235,339.62
1241.2,1192.6
1237,133.9
1241,3.7193
1246.2,29.171
