4.5,812
12.48,943.95
10.854,74.854
15.527,1081.2
28.98,1060.3
30.739,44.304
33.579,330.11
34.579,977.11
42.445,849.91
42.898,393.88
41.421,1210.1
48,761
56.737,1127
63.356,279.51
58.581,665.55
64.897,886.89
67.88,1081.6
65.314,944.96
69.5,674.5
73.983,461.58
77.563,326.81
74.074,472.41
75.686,185.91
89.297,305.96
88.835,536.05
90.126,689.06
95.074,481.44
101.26,1093.7
99.593,881.93
107.31,858.88
117.21,405.34
113.54,891.22
113.5,823.5
119.44,10.649
119.94,854.41
119.45,964.57
122.2,359.42
126.4,611.62
131.23,888.56
133.12,579.94
136.69,655
141.37,497.82
145.59,774.1
144.21,179.34
147.92,367.3
146.5,137.71
152.66,972.57
157.24,950.99
159.27,1015.5
161.33,1149.5
169.13,986.61
164.5,902.5
168.46,964.22
173.5,82
178.15,270.98
187.07,592.59
195.42,810.45
204.19,414.77
218.21,6.9709
212.44,400.92
222.5,819.5
233.5,171.5
238.99,1114.8
238.26,1196.6
239.44,1094.2
239.73,587.59
240.91,519.72
245.34,976.47
248.64,270.13
256.28,738.83
256.28,409.2
256.38,306
263.75,576.79
263.83,666.92
263.5,1107.5
264.5,862.5
264.57,924.61
266.22,942.31
280.75,740.03
282.8,939.25
281.73,964.79
280.92,240.74
282.55,303.87
281.42,76.03
284.97,918.95
287.66,598.38
299.85,951.96
296.11,204.17
304.19,907.92
312.68,513.64
318.75,126.45
319.22,150.93
328.51,831.88
329.05,333.47
330.74,635.78
334.93,656.13
334.94,544.06
330.91,1068.9
331.42,1109.1
335.63,279.37
341.23,219.57
339.13,355.57
349.03,757.48
343,921
346.37,468.63
352.98,59.122
355.81,341.41
359.08,909.43
364.03,547.4
373.15,49.04
366.57,72.391
368.93,575.07
372.7,142.65
375.02,885.43
377.13,591.63
391.01,152.01
387.88,565.54
392.82,1168
396,927.5
397.65,991.55
400.6,1006.6
416.06,802.79
416.92,495.38
416.6,133.66
429.5,1131.5
443.63,248.07
446.44,317.11
446.96,778.41
460.35,512.95
465.1,542.82
462.67,234
463.5,820
469.79,852.5
474.14,344.72
479.91,709.05
491.6,1166.7
493.67,830.33
496.81,612.45
497.85,1229.4
496.12,933.62
501.77,467.1
512.3,116.71
507.91,573.17
509.11,450.67
513.81,816.8
514.44,91.561
535.24,517.49
537.7,585.39
541.67,237.13
541.92,1069.9
542.65,873.48
550.48,1047.2
547,1109.3
550.24,322.76
554.88,724.47
550,387.32
552.08,216.46
558.64,283.19
557.17,499
559.74,577.81
562.45,1082.6
575.96,707.5
575.89,124.42
584.31,1187
589.54,651.16
588.5,698.5
588.42,803.11
595.47,266.14
595.37,1111.8
600.65,915.5
604.54,1130.2
609,884.23
611.42,399.73
612.76,775
614,1229.5
625.63,989.39
627.36,51.11
626.86,815.19
630.5,4.7381
631.56,567.82
630.58,382.42
642.87,1245.9
644,39.5
648.11,857.96
647.55,920.21
650.06,1033.1
654.75,317.75
658.28,255.69
658.49,627.61
658.07,556.59
674.6,682.3
679.77,1080.6
678.31,526.52
675.58,782.58
678.77,140.41
677.93,726.75
678.06,30.816
684.95,877.22
687.03,852.48
687.21,1210.7
691.07,375.59
696.76,284.35
707.88,133.69
706.16,424.11
705.47,1112.3
713.41,660.47
720.32,575.64
722.55,1231.8
732.59,1220.3
737.56,948.08
748.44,68.444
757.83,78
760.31,97.718
760.43,547.45
761.5,374.5
762.82,745.2
773.41,683.3
766.5,833
768.31,809
769.18,171.41
772.5,80
778,563.5
781.36,649.21
782.46,1025.2
787.52,998.58
788.01,518.49
794.15,426.01
796.1,304.62
800.48,1178.2
806.11,42.168
808.61,662.24
810.78,333.04
823.5,129.5
828.58,67.625
824,109.5
828.54,574.83
830.72,825.47
832.58,1172.1
848.93,915.04
848.45,596.46
851.31,736
854.91,469.98
861.53,517.25
858.82,144
861.17,672.96
867.9,1208.1
870.66,868.09
880.11,910.78
887.07,895.44
895.44,514.71
896.98,557.49
894.25,1073
900,474
901,706.74
906.7,1023.9
903.66,971.62
908.91,1103.1
908.98,89.141
914.48,61.211
917.43,704.06
917.5,189
924.39,427.9
926.64,1060
935.62,35.345
935.97,127.66
935.43,677.05
942.14,372.86
941.18,989.06
952.43,703.46
955.86,629.31
962.23,615.84
965.91,1062.3
963.6,1159.6
976.15,635.64
977.94,497.62
978.11,620.73
982.25,333.06
979.86,743.15
976.91,948.09
986.69,651.31
994.44,86.904
997.61,812.37
998.97,577.58
999.55,1178.4
1010.5,112.19
1010,830.13
1012.7,953.6
1012.8,713.96
1011.6,798.55
1014.9,1176
1014.5,1026
1029.7,419.8
1033.1,777.59
1039.6,515.91
1041.6,1011.2
1050.6,253.62
1053.7,642.91
1055.4,443.89
1055.3,921.15
1055.5,393.09
1064.9,557.67
1065.9,1235.6
1067.2,26.899
1071.2,944.95
1070.1,822.58
1078.4,1109.2
1083.8,303.59
1082.8,707.26
1082,1082.6
1085,1033.4
1084.5,813
1094.3,978.87
1096.1,160.13
1094.9,1141.1
1098.8,65.916
1098.5,1082.6
1098.1,137.95
1115.4,938.06
1099.4,35.633
1101.5,519.24
1110.6,653.86
1115.4,490.32
1117.5,619.81
1121.1,10.968
1126,702.33
1127.4,261.77
1131,783.83
1138.6,1087.2
1138.7,274.28
1137.1,473
1137.5,884.5
1144,40.168
1152.6,918.2
1155.5,768.93
1160,1102.6
1159.3,518.88
1163,158.5
1163.8,825.55
1167.2,338.61
1169.8,452.2
1181.8,395.61
1181.1,1057.4
1189.9,643.15
1188.5,908.22
1192.6,859.93
1190.4,796.11
1197.2,162.83
1202,118.5
1201.8,1044
1207.4,1006.7
1211.1,509.39
1209,670.17
1211.6,362.11
1226.3,509.88
1228.6,1177.4
1229.8,548.71
1232.1,624.65
1232.5,572.84
1237.2,303.7
1237.9,1119.8
1242.7,433.94
1245.4,683
1246.5,115
1247,662.5
