3.6562,240.38
10.111,1139.1
12.404,586.07
11.861,637.39
14.689,570.62
17.035,856.75
14.938,332.91
28,1156
30.727,115.36
42.674,33
43.5,892
46.145,1169.8
44.5,234.5
67.635,515.81
70.018,351.69
68.5,260
70.116,223.88
69.909,287.91
71.783,1000.5
81.691,1149.7
92.917,1228.1
94.273,405.45
96.925,909.95
98.091,616.91
103.37,831.37
114.18,427.88
115.25,42.841
113.5,838
140.82,613.4
139.91,627.09
146.35,266.62
148.79,1218.8
153.81,145.23
155,689.5
156.59,43.618
159.12,664.44
167.22,713
159.42,906.42
166.16,881.19
168.96,697.4
172.05,838.02
194.4,567.55
196.8,1042.2
196.69,1201.6
198.58,839.11
199.37,952.37
202.3,388.12
204.03,866.12
209.63,762.17
224.95,772.59
218.24,55.758
221.04,1215.4
226.81,744.62
232.44,614.71
239.09,317.75
242.93,493.22
246.38,697.22
246.5,676.5
251.43,365.51
254.5,1217
259.35,443.12
265.94,465.3
276.23,420.6
273.17,671.26
285.21,988.72
283.9,1078.6
287.11,531.11
299.4,845.11
300.38,231.1
306.8,650.51
308.03,986.38
312.63,432.25
325.57,851.68
337.75,883.79
342,593
349.16,403.03
362,1222.2
393.04,969.87
387.07,467.05
410.55,1156.4
415.95,937.1
420.66,1098.6
429.06,222.58
429.12,776.77
435.39,1191.2
439.96,961.53
455.43,544.2
455.7,603.63
456.86,357.14
462.42,987.11
465,757.85
465.61,118.26
469,397
471.05,457.59
474.73,404.65
480.6,687.35
482.55,450.2
487.53,326.18
488.5,716.71
489.21,227.13
493.73,747.56
496.85,1027.5
495.68,593.01
497.31,956.64
504.47,143.49
509.76,719.24
514.4,164.97
514.16,870.17
517.07,453.7
517.32,740.05
519.26,597
521.06,831.45
520.4,652.4
521.66,1198.4
523.16,909.43
531.42,27.576
534.65,780.73
535.5,1084.8
560.14,88.5
567.87,136.84
569.95,832.98
578.12,1145.9
587.61,177.09
598,257
609.75,341
618,20.244
622.9,699.1
624.93,657.74
625.71,336.12
628.06,871.03
630.91,294.4
642.52,941.88
648.65,830.61
649.99,1195.6
650,254.25
656.85,652.6
662.37,1130.3
663.92,1064.4
663.63,90.868
682.37,1030.6
682.07,409.59
682.71,829.45
692.42,861.89
700.21,157.68
699.5,821.7
704.76,76.025
718.61,250.39
740.2,764.59
753.94,61.848
757.06,127.43
754.42,1012.1
760,929.05
764.63,404.13
773.38,233.24
785.89,1244.1
787.86,102.98
788.5,29
796.85,405.74
800.71,368.4
801.61,1098.5
808,834.5
807.64,550.5
810.37,501.48
822.63,488.15
823.06,390.24
825.69,427.79
829.5,544
831.85,1175.5
838.01,989.38
846.92,865
849.79,696.71
855.14,1182.8
860.19,27.376
858.92,383.92
866.5,918.97
866.57,304.39
869,896.71
875.49,1175.4
876.84,335.57
891.5,469.5
913.49,1052.2
916.06,280.91
926.91,867.6
928.54,333.62
929.89,539.28
932.74,118.12
934.5,211
951.6,184.6
954.71,175.8
964.28,20.569
965.32,1044
972.86,137.66
970.77,261.87
971.78,312.9
983.03,738.2
981.11,249.42
982.91,263.31
992.25,3.5875
990.75,236.08
995.52,719.39
998.56,585.82
997.5,807.65
1002,831.88
1002.9,272.38
1010,749.37
1014.4,378.24
1018.1,134.1
1024.6,995.45
1032.7,435.96
1029.3,1157.1
1035.2,500.69
1036,454.87
1036.3,782.27
1044.9,712.93
1046,90.5
1050.7,149
1053.8,370.99
1053.4,183.83
1053.2,895.77
1071.8,35.894
1084.8,68.618
1091.8,909.89
1094,693
1094,1019.5
1101.3,257.53
1103.4,218.97
1109.4,100.62
1119.6,855.02
1116.4,286.63
1122.1,792.68
1127.2,162.97
1123,703.17
1125.8,509
1126.8,978.43
1128.6,420.32
1137.4,371.45
1139.5,96.5
1144.6,343.57
1151.8,586.13
1152.5,698.07
1151.9,217.92
1154.9,1205.5
1161.4,294.86
1159.3,248.65
1165.2,816.58
1166.6,483.56
1165.9,1230.7
1166.4,545.4
1173.4,247.56
1171,744
1176.1,299.41
1179.9,998.59
1181.1,415.86
1187.8,531.65
1191,693.24
1194.2,1138
1196.6,240.62
1211.2,135.11
1212.1,256.3
1212.3,447
1224.5,460.63
1221.9,283.09
1225.1,210.92
1227.9,586.08
1235.5,1114.5
1238.7,732.54
1239.5,38.5
1241.3,46.7
1247.1,1174.5
