2.5273,20.618
2.5405,113.68
2.3333,355.5
9.2586,432.56
3.75,769.43
1.8,967.37
4.8364,1025
3.5203,1071.8
7.949,1148.2
11.357,1233.4
2.619,1284.2
28.24,1316.7
5.36,1330
61.754,1104.5
14.174,1195.5
16.312,114.32
17.086,275.36
17.143,1331.1
20.419,233.45
21.4,283.4
23,23.5
30.902,1145.8
26.606,481.48
29.964,1056.2
28,31.333
33.121,499.85
35.607,1025.8
80.333,1246.8
46.461,1067.9
53.126,1012.2
52.834,1185
52.711,303.04
81.053,599.42
105.62,757.63
52.917,810.92
58.561,18.632
60.066,1203.7
59,1072
72.175,144.74
70.074,28.234
69.662,985.31
85.403,171.56
81.985,675.59
85.582,1058.6
82.263,986.63
89.558,29.637
103.14,55.953
86.826,201.7
92.238,1321
96.045,1131
96.5,1018
105.03,992.57
104.85,139.89
111.86,1042
108.6,978.65
108.5,244.5
110,253
114.44,1151.9
118.78,643.07
121.05,1243
132.67,1124.9
118.56,1177.9
128.62,1015.4
133.93,138.38
133.42,185.86
154.55,271.63
138.82,1302.2
126,984.33
131.98,977.56
135.53,549.4
134.69,1094
134.45,1077.2
137.89,984.89
153.92,315.83
142.25,105.75
146.84,1013.1
149.79,1068.7
150.39,966.68
167.61,279.19
161.62,94.844
162.6,694.6
169.85,1088
169.19,1305.4
184.6,222.44
172,109
172.92,299.96
180.28,8.9406
187.83,411.98
189.78,1158.8
184.12,1324.5
179.5,201.5
189.29,357.68
186.12,88.875
196.52,451.16
188.44,1009.3
217.35,146.87
197.83,114.34
196.43,304.24
195.05,1102.9
235.91,256.55
203.23,287.33
210.92,340.44
219.83,487.87
222.3,117.03
228.28,324.28
250.26,507.71
233.21,742.64
247.05,217.27
254.04,1172.7
259.45,973.62
249,309
267.22,570.93
292.5,325.84
254.56,741.74
270.64,365.37
258.67,458.67
259.92,500.62
265,455
271.12,435.45
271.95,1152.1
278.99,167.68
296.62,499.85
277.5,610.5
304,614.91
285.95,648.46
287.49,201.82
292.39,975.79
290.58,545.37
303.3,555.58
300,457
310.57,194.6
316.38,1090.5
324.96,253.62
346.19,715.59
313.5,220
317.84,583.31
335.68,524.56
339.47,570.75
338.27,330.76
353.18,617.63
353.05,267.83
344.53,315.98
357,1124.7
359.5,1.5
363.64,1141.1
368.85,25.418
368.36,36.955
372.2,67.615
399.9,496.96
369.9,553.87
379.33,586.12
373.29,696.14
375,1.7647
377.83,1071.9
383.15,554.78
381.72,213.81
384.44,714.68
387.27,1141.4
389.56,354.25
395.84,243.7
395.96,613.19
403.5,9.9651
400.84,533.01
397.09,517.05
399.29,649.19
406.24,355.69
404.27,775.68
411.92,54.609
436.39,556.7
436.88,911.64
409.36,239.57
426.33,602.63
412.69,805.85
419.07,308.64
417.73,659.84
430.14,415.37
423.18,755.49
429.02,374.59
425.81,4.2755
425.98,347.62
463.86,682.73
440.46,1027.4
444.81,470.57
438.6,523.1
434,1259.5
437.28,12.094
434,654
444.58,199.11
440.72,941.92
447.18,27.559
444.34,709.57
459.94,3.8171
449.97,1090.4
504.58,1191
451.25,420.92
451.44,163.76
453.32,229.57
452,151
459.26,747.85
460.06,806.02
483.52,601.02
483.66,1105.8
465.65,268.64
465.79,18.857
468.34,229.76
481.69,1244.5
469.05,530.7
479.68,783.13
473.93,666.64
477.67,1214.2
484.82,205.66
503.57,140.82
480.21,453.56
485.84,315.23
486.12,763.48
488.68,526.75
481.5,540
486.19,572.26
489.56,454.06
488.46,654.63
495.09,413.14
489.92,500
489.5,514.5
512.08,813.56
496.05,1160.3
494.46,954.19
502.57,670.51
499.36,357.28
513.29,912.06
511.69,1252.9
504.76,373.93
513,444.68
511.92,482.92
522.03,515.6
521.33,678.59
529.87,470.25
540.1,978.47
549.11,913.42
528.63,1148.7
528.64,1172.7
532.87,1211
541.2,1228.1
534.85,285.74
542.33,763.01
562.04,656
537.08,779.92
545.76,1072.8
546.76,312.34
548.2,457.38
556.56,1021.5
564.01,1243.4
560.28,245.69
559.35,797.4
564.78,1077.3
571.76,1008.5
564.64,412.97
568.49,462.02
567.67,435
600.13,499.58
574.25,588.78
578.33,746.74
578.52,1113.1
577,1138
583.58,1288.6
580.21,1251.2
579.88,108.65
587.81,1039.2
582.28,813.94
581.62,872.66
590.81,1324.9
588.02,125.25
590.37,1086.5
587.58,661.89
612.05,749.59
597.53,392.94
595.17,665.13
597.41,1021
600.19,879.93
603.33,1130.8
608.87,521.45
616.03,652.78
606.62,1149.2
609.39,413.87
610.36,1006.9
618.82,109.35
623.54,457.3
617.1,606.47
618.81,1048.2
615,430.5
623.19,680.09
635.81,249.59
625.82,543.55
640.17,997.1
620.89,431.42
634.07,201.34
629.06,745.91
633.18,598.55
638.55,697.87
633.38,477.81
649.31,422.73
653.55,481.88
648.49,291.54
641.92,917.98
643.5,733.5
657.81,338.11
647.27,217.94
650.84,663.39
646,712
649,732
648.93,1070.4
661.86,127.44
664.6,567.11
654.39,756.73
659.32,236.97
658.29,827.65
667.45,922.21
665.18,411.95
669.16,679.01
671.34,87.538
676.74,435.84
677.37,801.6
691.15,513.72
683.5,999.81
675.79,181.07
678,639
681.31,981.38
684,201.38
685.24,177.81
689.56,238.03
691.31,265.92
667.63,1132.4
689.81,392.35
687.59,1021.2
687.6,1036.6
701.54,551.77
696.5,1053.5
703.05,1072.1
702.92,966.99
714.13,707.76
714.38,257.89
711.93,687
725.08,1221
722.68,592.94
722.1,1126
731.95,352.98
737.16,429.85
744.17,1304.3
735.02,491.44
742.63,466.01
736.42,633.89
749.95,1154.4
745,1173.5
749.52,539.98
720.33,130.3
751.57,897.74
752.59,296.09
751.73,663.07
752.36,733.06
774.25,473.72
757.65,1122.6
773.42,543.2
767.22,349.6
763.07,568.82
768.94,862.64
739.36,921.34
764.93,782.1
766,131
776.41,749.08
773.4,1062.5
781.41,1085.8
771.5,133
788.08,250.11
771.63,680.11
795.88,567.6
793.67,1323.5
798.61,41.416
786.85,335.07
813.15,1004.1
794.5,269
797.18,696.66
802.21,725.44
813.99,1128.5
809.44,293.57
824.97,839.72
808.98,431.76
817.68,163.09
812,416.82
814.96,609.12
838.03,314.3
828.76,454.19
814.4,516.4
836.24,728.63
829.16,48.238
828.51,625.71
832.9,885.05
835.03,1175.3
848.4,145.53
840.4,642.62
851.07,1022.8
840.45,288.42
864.43,596.09
843.93,1125.7
861.11,888.43
843.16,1093.4
861.6,1212.1
854.02,446.16
862.67,490.61
867,572.6
861.07,661.03
869.05,689.94
841.34,23.682
867.84,418.42
862,651.5
902.16,750.66
878.56,10.601
884.67,712.32
899.69,1002.9
874.02,1249.6
874,768.33
888.55,1296.5
892.82,429.93
905.12,663.76
888.09,800.48
892.21,813.07
891.38,1246
903.61,872.04
913.69,152.45
915.94,385.29
902.54,847.01
907.92,54.623
905.2,710.9
906.58,243.11
914.21,721.23
913.75,507.06
953.07,905.52
913.5,241.5
926.09,27.949
935.4,447.38
926.22,879.86
933.34,512.22
962.65,468.6
940.44,71.197
993.26,866.52
938.17,231.25
947.99,35.242
940.58,721.08
945.34,680.82
942.5,286.5
962.89,638.13
958.85,832.66
949.73,754.41
956.31,392.43
967.92,961.55
969.71,146.09
952,59
952,280
957.38,177.3
988.37,259.4
967.25,721.48
989.92,11.797
977.64,546.75
986.37,593.75
970.44,161.2
971.39,679.04
993.82,198.68
976.72,921.38
978.67,161.6
992.45,394.55
988.5,512.31
988.34,572.78
987.44,719.93
1007.5,1090.8
984.19,1281.9
988.26,476.34
1014.2,34.52
991.51,219.74
992.14,497.08
1009.8,659.79
1003.4,1033.4
1009.2,497.09
1008.5,703.38
1042.1,921.4
1018.9,1115.8
1019.5,556.54
1004.2,169.99
1012,415.67
1020.5,774.34
1051.1,719.69
1035.1,201.61
1028.1,531.12
1019,538
1021.3,1031.5
1022.4,4.2955
1024,250
1024,485
1051.7,800.03
1029.5,711
1035.1,59.358
1035.2,168.21
1041.2,377.52
1045.1,1106.7
1037.7,333.19
1038.4,591.05
1048.2,837.03
1043.2,564.44
1048.8,953.51
1049.7,670.26
1050.1,522.6
1049.5,536.17
1049,754.28
1062.5,160.28
1063.6,878.84
1057.9,336.32
1057.4,1023.6
1078.3,21.367
1083.8,296.42
1124.7,132.1
1063,125
1082.8,494.39
1073.6,428.55
1073.7,1107.4
1072.1,910.8
1074.5,785.71
1091.1,61.683
1087.4,341.65
1086.9,143.99
1135.4,949.19
1082.9,982.63
1111.4,499.07
1101.9,1189.8
1101.8,418.91
1092,1055.8
1091.3,452.01
1087.4,762.05
1105.2,853.1
1089.3,87.787
1103.4,1108.7
1093.1,100.56
1091.6,378.43
1092,691
1101.7,1248.1
1103.6,685.69
1114.3,454.34
1101.9,250.97
1115.1,7.9052
1114.6,269.57
1129.3,726.34
1118.2,1062.1
1133.6,766.99
1129.4,824.73
1125.2,1263.1
1121.5,398.5
1128,680.79
1132.9,549.63
1148.7,257.79
1132.9,415.95
1147.4,34.063
1135.1,515.86
1140.9,1327.8
1146.6,428.13
1144.2,448.62
1143.6,1262.1
1150.7,1169.4
1148.2,1025.6
1152.9,397.73
1157.8,904.79
1154.1,576.62
1161.2,606.21
1184.7,833.95
1157.3,113.29
1158.3,163.29
1181.5,1036.6
1166.7,345.53
1166,1314
1163.4,312.43
1166.9,765.18
1178.4,163.65
1173.5,711.56
1172.5,685.07
1172,251
1181.3,428.45
1184.8,1250.5
1208.6,258.1
1190.6,740.78
1179.7,1147.7
1179.1,102.61
1197,602.6
1179,19.333
1187.4,917.65
1182.1,532.59
1191.7,12.269
1191.2,888.52
1193.7,1141.1
1226.1,122.97
1193,518.35
1199.7,765.76
1203.7,288.49
1218.7,973.8
1207.8,1249.9
1211.8,1329.6
1208,946.5
1211.8,70.613
1210.6,103.2
1220.3,442.64
1213.1,33.189
1212.1,85.56
1223.9,921.2
1212.5,719.5
1217.6,545.77
1223.8,1048.1
1220.2,210.87
1243.6,731.94
1238.2,841.94
1281.3,1091.3
1243,1319.1
1232,52.333
1234.7,594.67
1237.9,194.54
1250.1,563.43
1236.1,1003
1250.9,1290.3
1245.2,95.475
1244.2,978.69
1245.3,786.97
1243,798
1252.8,50.984
1253.3,486.07
1257.8,200.32
1278.3,1216.7
1257.1,1045.7
1262.1,441.24
1267,526.21
1265,892.78
1263.5,132.19
1277.7,1004.8
1264.5,1324.2
1284,1059.7
1281.9,875.34
1274.7,669.08
1270.4,1171.5
1302,458.89
1278.6,48.669
1276.6,320.36
1277.2,1124.2
1305.5,565.74
1285,1155.7
1305.3,725.67
1285.3,835.59
1281.5,482.5
1285.1,1195.6
1296.2,910.61
1298.1,697.6
1303.3,1304.5
1303.2,144.99
1294.9,1198.4
1297,928.1
1303.7,937.58
1319.2,652.19
1299.5,88.5
1304.7,530.48
1301,1195
1309.7,1158.7
1307.7,95.156
1319,320.29
1312.7,842.71
1324.5,800.07
1326.1,1236
1315.8,437.54
1313.9,1115.4
1320.3,605.55
1324.8,1289.7
1321.7,512.56
1324.4,935.31
1327.4,1154.3
1329,1040.6
1328.9,104.59
1329.6,964.59
1329.7,619.12
1329.7,450.17
1329.6,590.6
1330.6,574.94
