2.7674,151.6
5.5185,628.17
4.3036,777.7
3.1522,823.13
15.286,360.67
18.568,758.05
27.465,502.79
27.321,214
42,801.68
44.5,1173.5
49.909,167.91
54.133,365.11
71.769,424.62
79.748,370.03
83.669,849.39
90.502,1195.5
84.496,742.5
85.982,633.54
89.418,368.56
106.07,407.58
97.579,923.11
104.1,347.92
113.22,210.58
115.09,423.18
117.52,363.1
118.63,14.633
121.48,378.22
132.89,369.68
137.1,448.54
136.89,427.13
143.91,58.071
147.36,412.96
148,856.58
153.35,631.16
165.33,156.54
165.7,841.06
170.2,23.56
175.67,751.75
177.77,319.63
181.55,733.37
181.65,545.93
181.19,1076.1
188.16,339.36
184.81,813.07
190.47,509.9
193.15,694.69
196.5,419.5
200,453.17
205.75,703.5
206.43,902.93
205.11,163.89
213.67,135.12
212.18,146.04
219.18,571.83
212.47,772.34
217.44,521.71
220.09,156.91
222.35,954.43
222,1198
231.37,591.5
233.21,280.62
241.54,794.22
244.57,237.04
251.04,1199.1
251.82,223.6
257.97,626.44
261.1,77.896
265.17,134.95
267.02,743.05
278.57,355.98
292.62,54
293.18,329.11
292.6,216.4
293.11,595.58
299.97,504.19
301.66,426.47
308.91,836.09
312.63,195.63
312.54,616.2
315.12,1115.6
315,772
317.13,230.02
323.76,353.1
325.32,648.68
322,638.5
328.73,478.78
333.15,116.15
342.16,1023.5
344.42,248.89
345.5,656.35
348.78,608.68
349.72,1112
350.33,498
355.31,1041.8
356,138
357.85,288.59
357.5,625.5
363.04,202.41
366,299.5
368,1178
368.41,977.94
369.67,1028
373.89,107.71
375.12,137.38
380.43,63.925
383.9,179.38
384,725
387.17,455
388.08,251.56
393,293
396.43,446.73
396.04,509.07
394.5,668.5
404.56,405.39
403.42,960.11
406.07,706.74
414.54,736.09
414.88,430.44
417.8,452.86
421.16,512.3
419,550.03
419.94,110.3
424.7,1102.8
425.71,1210.9
428.82,441.93
433.5,48
445.41,170.93
454.71,1084.6
455,749.2
454.5,336
459.67,201.12
455.29,798.79
461.4,940.21
459.56,75.923
463.93,677.41
465.86,95.5
465.5,1167.5
469.42,1059
472.27,502.88
472.43,21.391
477.39,530.03
485.85,1018.9
484.62,565.9
483.92,53.917
493.64,101.1
499.4,274.41
494.93,357.55
496.33,1055.6
497.8,899.53
510.59,33.845
512.25,60.509
514.24,931.56
518.24,1013.5
520.32,493.62
522.26,36.761
521.85,1157.4
526.28,989.43
528.98,853.24
528.09,1027.1
528.91,911.91
529,931
533.44,429.02
535.44,642.92
539.04,1007.9
540.24,417.21
537.56,936.44
544.35,42.764
546.5,377
549.29,946.21
555.41,1244.9
555.14,833.86
558,1036.3
562.85,36.353
567,651.13
566.83,24
568.04,979.29
567.62,1221.6
571.47,1236.5
574.15,43.623
572.02,991.43
573,1090.5
575.75,12
580.9,1000
586,1128.8
588.57,871.43
588.27,1229.3
592.14,312.5
593.59,712.48
603.95,986.35
596.37,778.22
600.66,1012.8
606.93,1038.5
604.31,727.97
607.5,805
620.38,796.2
631.35,1019.2
622.61,1041.5
624.5,1056.5
626.56,555.46
631.35,807.55
633.34,830.2
640.26,41.704
638,880
644.58,888.63
644.49,303.83
655.37,1000.8
651.39,327.45
653.17,546
655.1,448.81
657.11,488.66
656.89,410.75
657,1226
660.44,1040.7
667.44,785.21
668.57,29.609
670.93,1074.6
672.8,875.2
676.41,476.59
678.03,406.07
682.72,304.74
688.51,587.93
689.9,546.01
693.19,766.26
692.12,678.44
695.74,57.16
706,427.88
707.59,965.4
713.08,563.25
715,416.07
712.69,664.75
718,166.2
719.28,849.57
720.47,524.55
723.5,1010
728.93,639.41
729.14,652.5
736.63,660.47
736.06,279.78
736.53,412.11
746.29,544.53
745.32,291.27
753.33,279.52
753.49,352.97
768.52,314.43
765.44,1079.2
774.2,813.93
773.55,241.97
771.5,606.5
773.93,1116.4
778.79,64.962
785.61,971.4
796.73,310.92
798.22,56.764
805.8,359.38
806.4,680.98
812.48,899.1
821.86,278.05
820.57,944.45
826.59,21.327
831.25,601.95
832.3,358.61
830.6,223.26
838.33,800
840.98,1190.6
841.14,1207.1
854.12,110.72
862.8,910.55
864.91,945.87
869.5,481.5
872.04,79.827
873.06,369.09
876.27,613.35
892.14,632.67
889.25,832.5
893.33,775.44
897.58,1115.4
897.42,361.11
904.71,110.79
906.93,1003.4
910.78,898.47
915.32,934.58
918.7,1115.9
922.86,993.83
922.36,1174
935.1,957.45
943.5,228.5
945.62,289.66
952,487
954.66,866.8
962.75,135.49
963.64,734.08
965.98,43.115
964.47,972.97
964,1022.5
967.39,477.06
979.32,112.33
983.42,815.61
990.26,124.16
989.82,516.73
991.19,491.6
991.53,78.467
1004.1,922.48
1006.4,214.14
1013.8,1184.6
1012.9,1105.8
1018.2,968.47
1016.2,237.48
1020.4,1152.9
1024.6,666.19
1028.9,1154.6
1035.4,1180.6
1036.6,655.5
1041.4,994.41
1049.2,1148.1
1051.3,683.41
1050.9,837
1053.9,1007.7
1054.4,882.35
1061.2,1154.8
1067.8,230.81
1097.5,1066.5
1069.5,1011
1085.1,1178.5
1083.5,671.65
1085.1,530.38
1086.6,510.75
1085.8,1089.9
1089.6,156.58
1088.4,500.6
1095.4,449.37
1098,551.13
1096.8,942.95
1099,1240.1
1110.7,347.54
1112.6,1094.9
1117.4,411
1120,1102.8
1131.5,1187.5
1131.1,1059.7
1134.4,645.86
1140.1,1014.7
1141.3,744.97
1142.6,668.88
1144.7,826.05
1147.3,556.46
1152.3,838.7
1150.2,852.46
1155.6,212.08
1153.1,727.78
1157.3,352.89
1162.8,821.1
1162,1131.4
1164.7,702.23
1170.1,516.35
1172.4,739.89
1182.7,653.53
1185.1,720.19
1189.5,737.5
1199.4,728.46
1200.9,933.92
1209.3,363.21
1216.9,240.53
1218,723.76
1222.1,322.76
1222.1,672.28
1227,650.16
1235.7,255.57
1242.3,3.881
