61.859,88.626
33.001,263.59
3.2,341.69
2.3611,472.28
1.8889,621.11
1.8571,647.62
55.265,702.69
19.063,774.04
2.2917,891.62
4.0571,924.21
3.4935,1006.7
23.26,1025.8
13.571,1064
4.9722,312.72
6.2667,686.52
7.5873,1216.2
11.047,198.37
9.931,601.14
12.937,1152.2
32.407,508.99
14.991,564.82
16.269,895.73
15.56,915.08
17.533,1005.2
20.281,340.86
25.549,620.39
80.599,1226.7
26.432,301.02
35.638,1135.2
28.308,1226.8
29.147,911.56
35,929
89.602,1324.5
42.144,606.68
39.579,931.89
42.357,811.6
45.589,984.05
47.922,641.48
53.95,769.41
48.424,469.06
66.427,1160.1
57.693,300.44
50,142.5
53.03,998.47
53.271,532.75
57.976,824.27
63.702,633.37
57.952,972.68
67.48,406.64
64.688,443.56
60.594,1026
65.43,602.84
64.836,211.41
65.391,667.25
65.471,532.96
81.697,1045
98.216,842.32
70,136.61
71.952,734.06
95.053,204.64
77.943,245.96
132.76,725.2
82.953,389.56
84.026,521.15
90.023,590.14
85.053,311.84
143.27,381.26
86.579,4.1053
97.889,356.03
88.216,557.71
96.807,959.6
111.24,883.24
114.13,589.68
105.49,314.7
107.79,1241.6
101.52,148.34
107.27,566.89
108,1124
112.08,547.53
117.23,958.49
121.83,142.88
116.58,288.58
120.17,617.32
151.95,311.49
125.63,84.379
127.42,1141.6
127.21,1029.7
127.37,1089.3
127.86,1238.7
137.19,973.73
170.47,1101.9
135.06,543.43
135.37,4.5128
133.06,1043.5
147.04,1062.2
136.61,602.48
183.51,425.14
155.63,491.2
137.92,1237.5
161.54,1176.6
148.08,574.98
145.08,774.7
144.5,512.5
165.44,34.144
148.31,83.743
157.5,1326.7
150.43,591.47
150.83,619.83
155.84,125.13
151.65,1238
160.84,1276.6
171.08,883.37
166.53,609.31
196.08,67.37
170.29,958.29
188.44,391.45
173.19,1229.7
180.61,561.03
195.4,811.03
178,669.03
177.57,1294.9
178.32,1140
186.21,999.38
196.54,1032.5
181.28,1312.4
259.3,1209.3
188.28,605.47
220.82,900.73
184.2,941.18
204.75,114.53
200.12,1179.9
188.47,4.0755
196.11,1312.9
190.09,755.09
192.67,568.9
198.61,882.28
215.97,612.26
199.35,743.42
215.76,536.37
325.63,965.97
205.13,14.127
204,1059
215.21,360.81
225.25,496.84
217.3,1073.6
213.23,23.302
217.51,577.39
220.59,711.23
218.56,1156.9
220.91,159.09
222.76,1164.9
228.37,130.16
225,71.923
225.3,375.76
224.87,1244.9
225.5,805
243.78,452.66
228.98,1142.1
243.84,393.47
231.62,666.54
237,580.8
236.95,940.49
242.94,1142.2
242.53,545.51
288.47,1034.1
246.51,31.481
244,1172.5
249.07,1321.5
250.19,6.3111
247,17
250.43,561.52
253.16,1013.2
250.5,1331.5
256.85,750.27
257.91,73.537
267.98,779.75
262.62,1328.6
257.25,18.875
384.89,279.11
268.73,836.51
262.56,1136.2
263.5,32.5
263,407
313.26,31.087
282.19,84.903
273.06,583.64
292.88,856.85
282.27,1313
273.85,3.5385
287.67,1159.8
292.93,610.08
282.03,520.8
283.72,15.947
282.93,423.44
288.17,808.01
320.96,907.44
340.74,653.24
296.32,553.8
294.59,650.86
297.01,766.86
298.78,1139.5
302.6,1292.4
308.83,868.26
369.23,425.69
316.61,1309
312.64,778.88
335.86,1266.1
320.66,1071
328.3,583.77
326.21,218.58
325.81,483.37
323.06,622.59
323,1204.5
332.83,1195.3
335.8,782.96
338.45,1163.7
383.22,499.62
335,1125
343.56,190.28
348.36,729.93
346.61,35.303
343.41,48.059
346.55,706.67
351.64,58.623
356.36,1319.7
350.47,1238.2
352.81,799.19
353,1068.7
355.13,1217.6
350,1231
421.06,1076.8
357.42,349.49
357.22,990.89
454.25,1168.7
359.38,305.38
362.04,173.86
362.6,377.06
363.38,333.38
365,348.5
367.17,707.09
366.27,719.77
369.5,995
372.39,1176.9
420.65,163.8
378.2,10.532
374.67,760.78
380.83,1196.8
378.05,1222
384.1,460.9
389.11,852.35
387.42,905.53
384.5,1304.5
388.6,76.731
391.44,813.3
395.71,891.31
394.48,230.93
416.93,1323.2
404.22,211.76
404.61,1221.6
406.67,821.17
416.51,309.92
425.53,376.68
415.9,826.95
418.83,841.16
416.88,1121.3
484.42,915.33
425.12,1192.6
432.79,605.48
437.93,986.53
437.71,521.89
445.34,1305.8
447,1329.4
481.66,171.04
459.6,563.06
471.22,65.071
451.9,303.04
458.47,5.7059
455.28,636.01
465.78,418.79
464.21,474.61
460.68,862.77
464.72,316.11
466.97,1280
474.4,1316.5
480.69,520.33
573.87,1131.6
469.32,391.91
472.81,835.56
477.14,986.29
481.32,391.82
486.33,423.39
501.64,545.9
520.48,275.82
510.25,112.8
504.28,377.59
498.96,841.51
497.89,204.67
507.51,577.42
505.81,1141.3
506.45,513.53
516.71,1305.9
510.79,1110.7
515.98,207.97
557.84,47.546
524.5,1101.6
603.31,234.55
527.72,383.6
531.77,528.3
530.91,130.91
532,1117
561.4,1073.4
546.37,204.17
617.51,107.19
541.33,1311.2
552.41,240.25
554.27,385.66
550.76,169.2
553.75,523.39
551.68,957.58
551.79,933.62
555.91,845.95
556.17,883
553.77,1258.7
607.14,1246
561.33,842
564.77,920.9
565.5,560
575.83,356.03
576.24,957.18
575.48,399
567.6,823.6
573.11,243.11
573.11,500.42
573.23,1217.2
575.98,670.11
573.5,824.5
575,893
574,907
577,680.5
582.07,912.87
590.12,768.86
611.08,474.52
595.28,72.113
596.29,311.75
585.39,563.11
590.27,1008.9
676.13,956.35
605.55,883.03
618.13,758.28
593.35,1186.4
596.43,654.74
628.88,42.622
614.65,18.761
606.15,561.42
614.99,322.64
613.56,993.92
660.2,857.14
617.57,569.04
623,531
631.16,605.5
628.9,1297.4
673.04,456.58
634.5,1324.5
649.84,726.99
642.64,927.64
638.76,317.94
643.34,752.92
660.83,241.87
649.63,1107.3
686.69,1096.5
652.65,1225.8
672.63,604.38
669.66,322.97
664.68,214.03
676.44,1248.9
664.14,1329.9
661,304
725.89,761.87
696.07,134.18
673.17,43.087
670.78,932.59
666.86,493.86
672.24,724.8
677.2,983.66
678.34,670.69
688.36,548.01
683.01,298.95
717.71,1143.5
683.98,1309.3
714.56,225.1
685.56,24.316
702.44,3.4808
684.17,465
694.03,697.01
687.8,582.36
689.26,673.46
745.37,1022.6
694.93,899.91
700.99,1306.3
698.22,299.37
697.45,1327.3
703.66,1269.3
707.49,425.66
709.66,1220.7
713.09,1240.6
710.73,1028.7
720.97,862.41
722.24,1297.6
718.15,82.75
718.51,1255.2
718.93,914.31
731.22,1268.5
725.14,23.692
760.66,318.94
742.86,1191.8
725.56,1040.1
730.34,408.64
730.39,889.03
730.17,95.583
735.91,115.81
757.56,55.062
743.18,1161.5
740.86,1227.9
747.48,847.06
750.19,1313.3
757.82,722.62
767.1,697.56
757.44,558.5
771.05,1316.1
785.36,246.09
766.92,672.3
765.16,1080.8
774.89,850.41
761,372.5
761.84,1201.7
773.38,387.56
774.98,1245.5
779.76,62.534
782.55,1137.1
783.69,1271.5
781.86,1170.9
783.4,611.69
787.68,180.09
782.77,366.37
784,647.5
784.8,689.44
801.81,556.85
804.25,809.68
790.16,1028.7
811.08,1289
807.21,447.48
894.1,610.32
797,649
819.18,1122.4
801.84,381.36
827.09,1140.9
803.3,1205.8
802.86,82.857
805.94,1015.5
831.9,606.8
815.85,987.92
814.03,588.66
814.72,1070.8
935.21,873.75
817.89,171.78
833.16,313.01
822.53,761.45
824.42,392.91
823,577.5
831.72,561.07
828.36,782.51
828.91,85.478
848.61,216.87
835.95,717.9
838.49,988.43
844.88,1225.8
836.27,1245.7
812.57,14.079
844.37,1327.6
851.28,66.648
859.78,1149.9
843,271.78
843.58,1184.3
844.61,1258.2
850.5,894.71
848.84,550.86
852.98,974.29
903.26,249.78
854.49,1254.9
860.01,310.36
858.17,576.67
861,776
866.14,1273.1
866.33,549.36
876.2,445.44
911.89,739.9
869.41,1310.8
878.79,305.97
873.41,989.19
872,1125
891.6,1082
890.72,1326.5
888.84,96.16
884.9,936.22
882,1241
894.16,856.92
899.68,1251.9
891.38,187.59
887.64,1135.5
956.83,496.69
895.48,1052.4
896.33,7.1667
895.74,305.16
895.45,369.42
895.2,580.8
900.53,1136.2
899.08,316.1
940.41,1158
905,141.67
906.37,1117.1
937.97,121.24
928.54,826.2
950.79,1322.3
982.71,584.67
925.41,1113.5
933.68,152.67
918.35,36.731
926.54,1034.7
922.06,959.36
924.73,780.57
926.66,1091.4
947.9,1063.7
946.84,29.067
937.69,281.15
932.37,178.45
941.22,778.97
975.81,220.33
943,1045.2
943,196
947.38,1286.7
952.37,1025
951.9,1150.4
951.81,1170.4
964.15,1295
966.15,170.98
973.56,38.17
956.65,70.731
957.63,869.63
968.53,984.63
972.48,101.82
968,643.33
970.53,1197.9
989.2,1192.2
970.92,701.44
976.54,1145.4
992.23,1034.4
982.44,703.33
981.75,78.25
1003.1,246.08
991.72,404.16
984.2,1210.5
986.05,270.1
1011.1,1226.6
993.12,78.912
988.95,1221.4
998.17,1280.5
993,1071.2
999.12,319.32
994.12,368.27
994.51,508.82
994.56,692.07
1040.3,1311.6
1004.3,872.61
1001.8,140.16
1012.8,97.731
1008.2,779.56
1008.1,725.69
1006,159.96
1006.7,1114.9
1055.8,1051.9
1018.5,679.98
1012.6,213.99
1028.4,1133
1047.5,568.6
1013.5,741.04
1038.3,917.36
1022.6,423.18
1036.1,849.31
1046.6,27.23
1050.9,691.92
1036.1,758.56
1029.2,317.24
1035.9,480.56
1033.1,241.09
1067.7,181.43
1035.5,1246.6
1037.5,656.86
1037.4,1187
1042.5,5.1837
1047.6,321.29
1045.8,397.75
1053,1240.1
1055.3,1187.8
1057.7,452.01
1062.8,871.8
1064.9,977.24
1073.2,360.4
1068.4,335.47
1101.1,472.85
1069.7,857.18
1072.4,1217.9
1080.2,1275.2
1076.5,657.41
1085.2,977.39
1083,532.1
1102.5,952.65
1082.5,1183.6
1082.3,1025.3
1085.5,1121
1087.9,851.56
1097.3,1098.3
1095.1,721.46
1149.9,180.56
1106.4,137.06
1099.2,329.72
1121.2,1108.9
1103.6,1331.2
1107.9,1262.1
1120.1,705.95
1111.6,1331.1
1116.5,20.206
1121.5,659.2
1116.2,727.42
1119.5,1296.1
1121.6,585.43
1125.6,457.63
1228.6,796.2
1128.4,918.99
1124.5,58.143
1155.9,94.296
1125.4,1280.5
1126,176
1149.1,1189.1
1141,387.02
1138,267.5
1140.1,456.57
1165.4,646.81
1140.3,1022.4
1141.8,237.74
1144.9,499.99
1143.9,1121.3
1150.7,351.79
1160.1,1070.3
1169.3,1269.2
1151.2,411.9
1154.9,587.55
1154.7,17.815
1176.4,1041.2
1163.1,462.87
1157,976.68
1160.9,1024.8
1165,21.536
1160.8,304.32
1170.3,1115.9
1166.8,1103.1
1165,941.5
1169.5,427.84
1175.2,114.23
1177.1,940.2
1176.8,336.46
1171.8,1016
1176.8,297.5
1177.1,547.61
1179,965
1255,687.28
1196.8,792.7
1195.7,12.158
1186,1005.2
1188.8,1096.6
1187,1112
1194.5,1143.3
1192,533.52
1205.5,942.76
1253.6,961.46
1197.8,1061
1202.9,516.06
1202.6,540.96
1206.8,1035
1213.3,1231.4
1208.6,123.52
1211.7,1117.7
1212.4,643.29
1219.3,852.57
1224,529.82
1234,1093.5
1234.2,1217.4
1235,458.37
1235.1,154.83
1259.7,1318.2
1256.3,760.51
1266.9,1036.4
1256.2,456.7
1252,479.59
1259.2,424.23
1255,543
1258.7,550.67
1261.7,512.36
1266.9,170.3
1266.5,1054.9
1267.7,251.55
1272.1,572.11
1276.2,527.24
1269.1,1073.5
1269.4,1154.1
1270,273
1271.8,415
1279.2,286.4
1276.6,1122.2
1287.4,1191.2
1281.6,1323.6
1289.1,1095.9
1300.2,221.62
1281.4,388.43
1295.5,308.51
1288.9,119.82
1287.3,960.83
1290.9,1250.8
1298.9,364.01
1309.7,1038.5
1290.1,1135.5
1292.6,1014.9
1297,423.13
1296,643.5
1300.2,280.2
1303,1115
1322.4,468.06
1318.1,739.61
1305.7,718.64
1318.7,966.02
1307.7,1006.2
1319.5,1089.7
1315.7,1065.8
1322,620.18
1323.2,1155.6
1313.8,1269.2
1320.8,1313.1
1318.8,690.21
1316.8,1201.5
1326,789.83
1326.4,1226
1322.3,178.27
1327.3,301.56
1325,763.5
1327.9,816.44
1328.1,988.92
1328.6,280.8
1328.6,342
1331.2,163.27
1331.5,405
