1.9091,305.5
9.9739,466.54
11,1023.5
16.314,492.91
36.846,115.54
45.75,277.95
48.436,12.077
49.25,408
53.559,152.13
55.526,734.67
75.432,1179.8
91.156,3.75
92.5,1228.5
102.17,80.733
99.541,463.22
101.58,381.58
103.5,359.07
105.61,32.861
106.54,137.89
108.04,534.57
107.06,676.91
125.89,125.62
127.9,471.97
138.69,929.31
142.13,168.35
139.53,1083
135.29,1226.6
147.08,997.92
150.35,282.44
153.3,538.82
160.36,76.042
168.49,133.2
168,1131.5
170.83,312
175.94,60.705
178.87,262.81
195.53,118.42
186.7,767.77
186.63,27.367
188.69,662.96
192.9,202.69
203.02,75.354
200.92,1134.7
212.3,171.67
208.45,207.34
213.58,1165.6
217.11,1210.5
215,127.02
220.44,104.01
224.69,231.8
229.63,133.63
234.67,404.69
238.34,147.17
235.71,184.45
237.43,859.88
237.5,197.5
240.38,296.95
243.75,119.88
242.58,206.89
247.4,430.99
249.5,175.29
254.85,58.874
252.58,218.91
266.41,255.23
257.24,38.651
256.84,191.95
275.52,111.09
273.37,137.03
274.32,94.054
279.22,689.27
279.5,897.5
276.85,32.804
280.14,452.86
282.73,223.65
290.15,211.48
292.72,131.32
297.98,321.56
298.51,75.486
301.92,337.22
311.71,267.5
314.46,1034.3
311.44,323.92
312.93,352.77
322.65,166.09
320,120
328.03,135.23
326.42,392.11
330.2,13.373
328.93,178.73
336.21,267.53
330.35,309.47
330.17,1044.9
332.18,705.9
341.99,187.33
350.41,146.36
342.62,854.9
345.42,1156.9
343.86,1043.6
354.73,661.35
358.16,279.57
360.32,300
364.4,175.4
370.03,122.22
367.31,421.51
376.34,178.05
370.83,269
371.41,291.98
372.07,871.59
378.68,508.88
377.03,249.58
382.72,331
379.26,265.68
389.88,239.92
389.07,906.86
394.97,1124.7
399.67,833.8
401.01,1078.3
398.94,99.906
399,157.65
401.88,259.49
404.5,425.71
411.4,279.89
410.5,973
413.55,937.73
416.44,649.65
418.5,1211.5
422.98,240.95
422.25,294.5
426.5,843.22
430.95,1147.8
432.79,759.5
434.18,147.98
440,642
443.84,54.897
456.66,320.49
450.5,337.5
456.28,93.304
466.42,652.89
474.03,5.5763
473.44,430.46
476.09,610.89
477.97,457.66
486.08,859.53
486.28,1129.9
487.83,825
491,78
492.46,143.78
493.92,507.51
493.92,529.54
510.21,820.77
518.34,784.5
525.85,1158.8
522,420.88
535.78,614.22
541.74,933.03
542.59,2.2927
551.67,231
553.52,352.1
557.88,495.92
556.96,338.43
560.6,615.89
562.33,747.51
565.47,824.56
562.92,896.26
566.84,1230.6
567.97,366.09
570.53,527.21
577.92,705.81
580.28,271.39
581.93,1012.4
584.09,511.91
589.41,560.21
589.75,87.811
594.02,698.48
593.58,476.42
595.54,944.85
598,1214.6
599.54,115.91
610.47,676.78
616.09,372.57
613.48,1050.7
612.69,105.79
618.35,598.82
624.55,19.247
624,224
634.16,1010.5
634.28,648.94
643.95,369.32
641.15,325.54
647.37,69.479
652.51,1109.8
654.07,434.73
670.55,91.225
672.16,807.89
673.93,237.2
678.91,958.8
683.17,495.5
685.13,896.93
683.64,1124
687.5,838
689.09,764.5
689.38,1157.5
690.68,1109
696,302
697.42,602.11
705.87,479.4
717.14,1059.8
722.64,58.668
717.62,123.41
730.91,299.53
730.43,120.46
741.06,378.09
742.1,567.03
751.77,964.43
752.42,642.11
755.95,753.46
756.5,934
759.67,527.81
764.5,369
774.96,1041.6
784.28,376.2
781.12,718.88
787.05,532.09
798.74,195.25
800.93,526.05
807.71,3.2561
818.46,256.44
823.72,951.86
835.2,599.26
831.91,649.4
839.74,179.15
842.1,878.67
856,154
862.82,1015.8
863.34,111.08
874.87,246.9
879.2,585.51
873.65,745.5
885.56,1196.9
892.08,1008.4
893.34,243.11
895.41,394.42
893.95,738.65
897.11,759.06
898.14,172.07
908,1147
915.06,784.39
916.97,990.88
923.5,592.83
932,871
935.03,287.59
937.3,580.83
937,568
937,634
956.29,1022.1
960.31,707.11
963.86,1182.5
981.9,380.28
990.92,412.92
995.57,114.04
1001.8,546.52
1004.4,49.941
1009.5,518.94
1016,179.25
1017.2,539
1020.1,466.83
1025.5,13.31
1027.9,568
1041.2,958.84
1051.4,627.32
1055.7,125.62
1053.1,1169.1
1061.3,1105.1
1073.4,1043.1
1074.9,979.78
1090.5,188.79
1102.1,576.12
1107.3,1003.8
1116.9,1051.8
1118.1,967.56
1135,421.66
1140.3,192.43
1148.2,888.13
1148,322
1160.6,739.42
1167.8,661.52
1174,428.66
1176.4,266.72
1198.4,323.04
1207.2,430.37
1208.5,911
1207.6,1233
1211.2,110.34
1212.9,166.49
1212.6,1002.7
1217.4,1123
1223,1034.8
1230.4,470.24
1223.5,732
1229.4,1198.7
1228.7,1237.5
1234.3,1003.3
1245.6,218.51
