17.973,106.92
19.542,195.48
9.8534,231.51
2.5366,332.59
6.2248,394.85
2.2308,442.5
2.1429,558.43
7.6412,573.93
17.372,735.03
45.367,767.39
7.8099,808.51
23.342,855.35
4.3969,902.34
7.1231,1018.3
18.192,1050.5
3.5972,1284.3
21.97,677.95
42.123,958.16
11.824,4.7157
17.2,375.6
23.164,985.53
28.792,486.1
24.21,876.57
150.77,152.52
26.872,339.64
33.22,23.017
25.298,132.7
33.678,48.878
36.366,526.89
35.951,630.69
35.041,1299.4
40.968,1064.2
60.858,890.46
39,234
45.873,545.98
41.091,179.91
51.496,1211.6
45.907,578.13
52.165,1323.4
49.412,96
48.5,231
52.419,531.83
68.721,1068.7
68.846,467.84
57.673,1006.6
102.31,1028.8
64.644,723.25
67.977,91.14
73.171,634.11
85.442,519.4
87.071,585.98
71.5,1234.5
89.624,121.8
81.767,315.99
76,1327.5
89.169,1249
91.391,230.03
84.105,554.42
87.75,253.01
87.105,500.42
90.612,766.28
91.07,673.53
97.549,46.167
104.46,281.25
99.552,482.51
104.22,540.41
188.42,935.34
119.19,742.19
107.7,160.3
109.38,458.66
132.08,681.12
110.95,1079.9
108.08,1304.1
110.24,919.4
109,1235
111,559.07
127.73,1279.5
117.38,13.451
124.26,607.58
117.53,33.511
115.28,141.05
128.47,1098.4
135.31,219.25
144.49,522.11
138.58,294.64
132.4,558.63
129.92,886.92
132.95,1011.6
135.54,1300.4
137.75,1327.9
141.99,1069.7
135.08,485.92
137.77,252.15
138.44,702.77
180.92,561.61
162.07,1108.4
189.95,354.05
161.96,406.38
156.89,430.56
167.73,632.55
153.07,577.41
158.05,1303.5
162.38,882.69
157.03,599.97
157.1,763.05
195.33,793.81
160.1,1064.3
160.12,1284.2
165.76,112.55
164.23,311.23
202.36,1302.7
175.53,117.33
176.46,18.154
204.54,866.97
191.48,684.15
184.61,451.86
181.27,976.37
190.7,521.54
188.64,590.13
196.07,1033.3
200.64,9.3587
201.38,1278.1
221.17,621.32
202.36,990.44
206.68,55.133
204.5,1100.4
212.83,1326.7
223.74,794.42
222.67,1174.6
212.49,590.48
221.11,1008.3
216.89,1035.6
223.14,537.96
220.4,678.37
241.64,42.288
223.89,82.444
234.2,415.59
241.14,557.98
228.7,1063.9
239.98,707.8
236.47,979.4
228.12,1050
234.99,1327.5
234.43,456.63
240.98,756.95
236.72,515.99
310,64.035
253.16,799.6
250.6,675.5
247.42,1106.3
247.05,840.1
253.88,479.64
291.93,1164.7
253.79,1269.8
250.58,1298.7
253.78,1330.7
256.89,588.77
260.18,644.21
258,1010.2
270.4,614.17
272.06,1061.9
289.43,740.4
260.2,421.68
268.5,337.35
298.19,496.61
266.94,884.06
281.06,20.16
274.21,823.77
266.42,306.56
270.81,722.41
267.43,1128.4
296.49,469.32
271.14,569.88
300.52,1285.8
310.59,289.37
280.35,548.98
276.78,963.6
281.63,916.66
279.64,422.01
284.17,759.6
282.02,843.45
283.43,53.203
281.27,781.32
282.58,1028.6
281.5,987
287.11,594.58
293.79,431.71
323.31,869.61
301.01,515.96
297.59,849.48
299.01,779.37
316.19,993.78
308.6,916.16
300.98,1217.8
403.8,541.62
308.72,794.83
310.88,3.9077
307.42,1264.9
318.47,628.39
310.57,1106.9
332.34,822.03
311.5,24.5
326.04,684.44
336.24,1037.4
329.95,1122.7
315.91,1231.1
321.42,515.46
318.55,153.11
318.12,1113.9
333.86,352.37
335.51,431.39
327.28,1275.8
347.38,726.03
413.37,1112.4
340.12,1207.2
336.29,911.27
338.77,127.77
345.39,1141.5
360.07,753.96
347.65,1001.6
348.52,890.42
383.08,1097.3
350.73,310.83
368.29,502.84
374.72,890.27
354.69,348.37
354.83,1095.4
363.01,449.45
353.06,880.59
422.73,405.45
362.26,980.67
364.53,1291.4
374.65,1320.1
362.2,1247.9
366.33,62.333
387.69,1283
405.83,36.536
374.11,182.79
400.65,288.45
375.07,996
380.93,479.82
378.35,1199.2
384.78,374.69
386.5,58.5
388.84,73.939
402.15,206.74
391.88,1170.1
390.09,388.09
403.06,462.6
392,1070
394.76,235.7
397.35,435.61
398.63,948.37
404.98,1040.1
456.33,245.69
411.14,440.81
412.45,1011.3
441.83,857.17
417.5,981.05
416.35,1331.1
425.79,1061.8
428.41,996.54
430.2,1043.4
429.65,1241.7
433.59,1281
465.15,968.96
441.2,1012.6
444.45,30.23
448.05,102.44
442.38,463.54
467.52,338.97
446.22,273.78
520.42,541.71
452.67,1262.1
462.25,162.51
454.18,231.17
473.02,1216.8
462.55,784.75
460.97,1016.5
457.5,109.5
465.78,1247.6
495.67,183.46
466.12,461.91
482.95,843.61
490.96,72.529
486.62,783.96
481.6,871.4
497.54,750.13
482.55,883.54
497.86,1276.4
499.64,315.82
498,843.5
500.81,1288
505.9,826.82
504.1,294.05
508.13,610.07
506.9,1236.2
510.79,730.21
515.4,395.95
516.69,476.06
510.41,1143.5
522.74,80.697
510.92,207.92
513.44,813.33
514.15,1304
528.39,822.64
534.56,1175
518.71,968.49
517.84,421.14
516.59,235.95
521.5,193.77
517.5,217.5
523.35,1051.8
523.04,590.59
536.93,272.22
551.75,1116.3
532.25,1221.1
527.21,1308
552.98,358.17
540.05,16.992
531.33,223.15
554.29,905.13
536.2,432.29
562.78,1025.8
538.39,761.16
559.37,465.66
557.6,734.03
566.27,824.11
560.05,1294.6
553.66,663.72
555.75,964.57
549.8,638.44
553.41,1246.5
577.2,44.184
560.7,1202.6
559,786.5
565.17,3.2113
562.98,269.09
586.23,75.536
566.49,1142.8
572.54,223.62
576.76,791.19
576.71,894.53
592.65,1070.2
575.4,1132.4
579.2,1123.8
586.76,180.82
640.01,851.01
580.9,3.5172
580.86,661.59
616.12,542.99
594.39,466.58
597.76,1117.5
602.31,709.98
620.45,1015.7
611.66,173.6
614.8,502.43
631.92,295.09
615.25,342.22
659.13,377.45
651.47,463.63
624.27,750.88
621.47,1078.9
619.31,204.45
626.34,1116.5
621.36,514.68
634.98,496.98
639.59,141.21
630.73,325.65
634.94,1033.4
635.22,887.38
662.52,243.15
642.11,1114.6
646.09,906.71
643.14,1050.8
648.33,2.9841
657.98,187.7
650.26,89.682
652.79,405.34
649,560
649,491
651.98,1308.5
655.19,325.3
660.96,967.71
657.3,1005.1
658.89,74.421
679.62,560.5
660,695.5
661.51,1020.2
660.96,930.89
661.39,945.86
667.05,7.7059
668.91,716.18
672.03,1165.5
667,1135.5
676.57,39.74
677.56,1282.7
676.93,1083
673.92,291.44
677.12,1022
675.51,1201.2
673.92,917.92
688.55,1220.1
680.7,484.09
680.63,999.95
685.12,155.93
704.78,284.91
690.62,1314.8
703.15,611.71
688.86,53.857
691.39,464.58
692.48,198.02
691.65,250.12
693.16,1093.2
703.96,439.36
703.46,470.62
702.79,16.688
746.01,1260.2
703.92,1141.3
707.03,160.88
709.91,1169.8
713.87,1001
719.4,1146.3
772.1,109.28
717.12,959.93
722.07,450.18
724.41,71.444
722.05,926.1
737.54,616.38
725.5,873.5
733.65,1325.8
732.88,1217.4
736.63,905.88
749.55,653.79
738.64,1115.4
739.97,414.11
735,452
744.62,289.34
746.67,74.115
769.33,385.67
747.58,458.27
741.2,714.13
741.84,1143.4
747,1185.2
752.35,578.01
754.26,1093.4
751.42,866.81
763.56,1156.7
751.29,795.18
784.72,810.84
758.92,757.38
758.66,434.46
754,775.5
761.84,936.49
758,498.29
764.96,999.1
763.74,419.32
792.41,39.281
774.3,1298.9
771.5,481.5
799.6,466.35
782.94,1203.8
786.26,314.05
787.31,724.68
789.83,1056.9
776.83,1278
779.87,841.12
793.33,873.3
791.03,1017.3
784.42,897.47
789.07,506.93
798.96,1135
797.06,1223.8
820.71,413.62
798.02,438.7
797.93,968.41
805.7,690.99
815.11,1322.7
857.55,994.62
819.32,705.78
815,143.21
817.34,548.56
838.33,1100.9
817.43,1273.5
822.43,596.07
826.43,768.31
839.13,135.94
835.91,1194.1
841.02,653.84
833.97,1234.3
850.97,257.53
841.94,894.54
836.5,1122.6
843.39,7.5263
843.11,1315.6
844.5,279.5
862.89,349.44
895.69,289.21
855.92,429.29
924,585.74
853.86,238.86
860.64,409.47
865.15,741.96
863.76,8.7024
864.58,877.99
864.78,712.31
865.77,1064.5
873.39,674.1
876.6,812.28
878.99,183.66
880.74,390.95
879.63,423.96
876.31,860.36
872.5,1289
878.25,1165.2
883.81,741.89
888.79,1249.6
883.15,1275.4
883.35,108.27
885.27,719.05
887.46,875.98
894.2,135.85
889.36,886.32
893.63,1053.3
892.16,362.71
900.05,458.96
903.03,1179.1
961.22,1038.9
913.61,54.599
914.58,1268.2
905.45,21.636
911.32,1109.7
913.15,1234.8
911.55,770.97
915.16,1292.3
916.39,90.514
916.9,301.55
913.57,836.57
915.73,897.86
922.65,342.41
916.66,917.9
913.38,1329
916.53,870.83
916,1203.2
923.61,436.98
948.12,392.93
941.03,887.01
951.6,833.97
935.72,1220
938.48,674.9
951.04,81.442
960.12,267.54
971.44,1250.5
949.37,335.52
1002.9,741.81
953.3,175.56
960.67,1149.9
958.1,184.57
957.28,446.67
977.49,96.66
958.05,774.1
959.91,1286.4
959.58,711.11
965.06,297.92
972.09,335.98
964.62,700.44
965.29,815.29
999.34,144.64
972.75,311.86
1011.3,630.76
976.82,1183.1
992.8,57.266
974.5,285.5
975.75,1297.5
984.38,192.22
974.97,892.24
990.56,816.86
981.61,1097.8
988.13,848.48
985.59,290.97
980.5,1308.5
992.06,429.08
982,245
986.16,1268
1005.1,343.22
989.93,742.97
990.61,795.64
994.62,1330.5
1007,406.38
996.29,921.49
992.05,17.95
991.83,905.07
993.14,509.21
996.17,1212.5
998.08,541.52
997.12,1264
998.49,767.92
1054.1,1086.5
1001.3,1151
1000.5,207.33
1002.1,989.32
1005.1,1114
1005.6,231.18
1005.1,35.407
1051.8,838.49
1009.9,221.32
1016.6,684.33
1013.5,93.5
1021,175.56
1014.6,287.6
1020.5,940.96
1041.6,1011.5
1035.5,1251.1
1026.4,953.85
1034.5,974.76
1029.1,314.15
1030.6,1142.8
1051.2,648.87
1029.5,1055.5
1031.9,296.92
1049.7,560.42
1034.4,197.93
1038.5,172.32
1036.5,18.5
1042.8,1042.7
1043.4,405.08
1051.9,312.67
1072.6,367.56
1048.4,388.98
1047.9,517.93
1053.5,1135.7
1081.8,505.67
1054.5,41.852
1052.4,171.43
1052,733.5
1083.1,992.5
1073.9,938.84
1064.4,446.49
1063.6,1225.2
1078.4,1263.9
1066.1,47.773
1068.8,177.03
1071,573.1
1074.2,1128
1078.3,1231.9
1132.7,924.54
1078.1,88.477
1078.7,586
1093,793.37
1096.9,1138.4
1086.2,234.1
1087.9,1209.9
1096.2,418.04
1106.4,819.85
1101.2,718.59
1106.9,1286.4
1101.9,279.48
1105.4,461.44
1105.4,570.8
1098,1206.5
1099.3,597.22
1099.6,1308.9
1107,103.67
1118.8,78.825
1101.5,607.5
1127.5,314.98
1104.6,630
1128.5,855.93
1110.7,1330.4
1185.1,1011.9
1116,225.48
1151.8,783.11
1120.3,483.41
1121.5,1167
1129.7,403.66
1128.7,12.583
1138.1,453.78
1129.5,678.01
1134.9,246.81
1172.6,835.79
1140.1,1073.2
1133.8,1302.6
1138.9,1116.5
1136.4,177.75
1146.7,519.57
1142.4,716.43
1147.4,353.88
1170.5,199.88
1149.2,740.84
1152.5,1185.5
1147.4,550.68
1152.3,1317.1
1157.8,1267.9
1157.4,1234.5
1160.9,1161.5
1157,1224.5
1212.5,291.27
1165,882.8
1162.1,504.58
1163.3,553.74
1171.1,1054.2
1169.5,396.91
1166.1,1316.6
1166.3,1302.1
1167.4,235.34
1172.2,448.79
1175.6,237.03
1199.9,1153.7
1178.1,462.04
1185.8,508.14
1183.4,910.56
1181.2,1031.6
1177.3,1291.7
1182.9,1322.9
1180.6,219.07
1189.2,675.51
1184.9,808.69
1218.3,132
1190.5,98.747
1193.9,1084.8
1190.1,649.58
1191.4,657.55
1192.4,79.435
1191.4,991.4
1210.9,804.78
1198.6,44.589
1201.6,378.74
1199.3,938.8
1214.7,718.86
1207.5,512
1209.5,12.143
1225.7,414.1
1217.9,521.62
1223.9,1191
1218.7,109.97
1222.3,1250.9
1221.1,945.95
1227.2,59.724
1228.3,760.06
1229.3,903.39
1228.4,82.528
1245.6,846.23
1233.5,31
1236.4,1009.1
1236.5,778.86
1266.1,1181.2
1248,796.51
1274.8,1226.3
1243.8,1327.6
1246.2,1285.6
1245.6,874.29
1247.2,1303.8
1256.7,1093.3
1257.6,531.37
1260.7,455.36
1272.5,1039.7
1306.1,66.02
1267.2,811.4
1299.3,301.2
1263.4,946.61
1269.9,676.32
1269.4,858.6
1269.1,428.98
1271.5,419
1291.9,339.57
1285.5,1294.2
1292.7,498.56
1287.8,1087.2
1284.4,631.87
1289.9,1006
1281.9,958.06
1290.1,710.38
1284.4,895.62
1293.1,20.143
1313.7,900.18
1300.1,1255.8
1303.8,3.9286
1305.1,1320
1301.6,1021.6
1313.5,124.07
1305,438
1320.1,996.93
1308.9,1103.4
1311.5,920.87
1321.5,1249
1312,968
1321,709.44
1316.8,606.2
1313.1,1165.4
1321.6,847.27
1320.6,960.82
1324.2,657.78
1324.5,1321.8
1322.9,1122.6
1327.6,433.11
1329.6,530.7
1330.5,466.98
