8.2222,1219.6
9.9379,820.43
10.744,1021.9
11.083,677.08
39.624,976.06
45.993,554.33
50.286,131.5
53.91,86.391
59.784,211.72
57.541,791.22
68.814,855.85
71,780.83
75.621,1222.2
81.749,697.26
82.981,907.55
88.024,1147.7
83.71,1051.5
101.12,973.37
104.42,252.17
110.82,598.67
112.66,1161
123,175.5
128.78,974.62
132.63,475.4
135.4,897.87
138.45,958.76
141,377.8
140.4,147.4
141.15,639.47
145.07,969.59
155.44,1011.7
155.5,240.12
153,543.5
162.03,945.72
167.37,797.64
163.58,1181.9
170.34,810.59
169.94,1067.1
175.29,325.77
181.5,42.68
185.64,841.27
189.8,205.92
189.91,524.72
197.01,964.28
199.46,228.52
198.49,164.9
204.11,942.84
202.47,1005.8
200.86,986.5
205.69,439.09
211.05,1082.9
212.88,283.95
211,924.67
214.89,982.63
222,1220
222.93,828.59
233.33,1246.2
240.49,255.84
245.79,203.92
249.45,585.29
260.57,1206.3
267.43,709.4
278.69,522.25
275.66,880.08
274.68,295.52
278.62,771.54
285.77,720.36
296.29,335.91
306.31,940.6
306.31,1202
309.5,777.5
312.21,1165
314.37,1143.2
319.62,951.17
322.98,1028.1
329.14,502.86
331.03,811.06
333.09,1222.5
335.44,180.58
342.38,572.9
345.6,760.89
344.83,684
350.39,776.57
358.83,453
360.5,516.4
369.64,242.77
369.82,883.4
374.46,773.59
378.68,622.32
382.9,1204.4
387.35,111.74
397.96,195.42
402.03,213.87
411.34,374.03
408,759.5
411.07,495.05
414.91,1010.8
413.83,1109.5
415.55,882.62
426.95,859.04
428.3,448.65
426,669.14
439.2,30.025
447.4,910.6
455.59,590.79
467.42,346.85
462,1057.6
468.81,436.93
472.54,43.366
470.71,1005.7
487.27,763.7
482.6,216.22
483.59,356.07
487.42,1195.5
493.24,242.76
490.38,515.34
507.73,1179
508.66,608
511.5,485.5
515.67,848
520.87,1212.8
520.44,551.64
519.31,627.07
522.14,60.329
524.92,297.82
525.76,2.72
531.3,1134.9
531.82,1059.3
531.15,838.65
539.53,819.54
542.49,218.24
550.06,448.96
563.07,353.58
563.72,951.53
566.18,568.33
575.32,590.51
580,237
581.63,807.63
585.65,112.44
589.61,583.36
590,866.17
595.94,58.53
602.52,1141.4
603.5,892
610.75,19.81
607,1196.3
609.38,1156.6
610.74,860.52
611,100
618.69,418.44
629.63,491.19
630.94,15.153
630.07,151.83
633.62,1023
636.15,680.36
637.86,974.42
637.06,212.09
652.37,398.38
655.72,803.8
651.11,1207.2
651.61,768.97
652.03,1025.3
657.5,370
671.9,636
677.48,1158.8
681.79,453.32
677.85,146.65
678.31,841.91
684.65,595.93
687.58,358.9
692.27,831.6
696.11,707.42
702.08,364.38
701.4,966.04
710.31,867
711.34,483.41
722.57,1147.4
721.5,822.5
724.72,194.12
724.88,277
734.84,302.53
739.4,204.11
743.5,963.5
752.56,632.36
760.54,29.357
762.58,681.76
769.79,343.69
771.08,279.74
769.33,261.17
801.7,1004.4
800.03,580.07
801.58,1240.9
803.68,200
807.23,307.57
808.29,177
812.6,673.36
817.63,583.63
820,124.8
821.73,49.614
829.5,889
838.6,190.15
842.16,452.96
862.89,339.56
860.58,264.11
863.74,397.14
863.68,575
865,522
869.51,662.1
878.03,1226.6
886.37,903.18
884.04,373.96
891.78,538.04
894.45,286.94
898.72,370.47
903.15,764.26
899.25,1187.9
908.99,1175.2
914.42,649.11
926.29,423.86
944.05,859.43
943,223
947.37,609.77
951.74,520.32
957.09,888.59
953.86,201.14
955.31,818.83
960.8,143.05
962.86,1165.5
965.76,495.96
971.86,324.63
978.37,180.37
982.94,993.93
987.08,628.92
997.11,271.1
996.17,481.47
1006,140.13
1005.5,843.77
1013.5,88.019
1010.3,304.73
1011.5,234.57
1016.4,359.89
1018.4,439.89
1023.4,271.11
1024.9,427.58
1032.7,499.65
1036.9,350.17
1050.3,491.91
1056,460.71
1059.3,668.05
1066.5,330.57
1076.2,254.53
1090.6,378.29
1102.8,712.66
1116.3,817.63
1117.8,565.67
1130,1245
1153,497.18
1155.5,468.98
1156.9,747.18
1181,68.443
1182.3,1068.6
1185.4,215.3
1185.4,281.61
1186.4,810.46
1191.6,499.2
1212.9,223.35
1212.5,868.46
1217.6,464.93
1226.6,202.23
1231.2,159.11
1231.1,388.27
1240.7,623.23
1240,797.94
1240.5,103.57
