2.2093,45.512
4.2574,390.15
2.2308,413.5
6.8,516.31
1.7647,552.18
23.039,614.83
2.087,651.83
2.1786,799.54
3.7222,991.39
2.9091,1021.5
13.66,1065.4
2.5,1173.6
3.4138,1329.4
6.0682,126.14
5.36,477.13
4.5,17.5
5.68,138.08
18.116,748.74
10.712,951.67
12.369,1111.2
12.223,1139.5
19.496,66.684
15.305,1235.2
17.558,934.16
15.244,784.19
15.152,309.55
18.862,429.9
23.051,389.64
27.193,119.09
28.158,138.21
27.812,154.83
39.916,17.454
27.125,229.5
39.589,534.13
31.126,592.8
31.523,1322.1
43.767,508.12
40.263,1210.6
44.916,771.27
51.869,1018.1
45.438,453.75
38.919,571.49
42.833,728.79
41.5,303
42.895,1145.4
54.01,485.77
50.573,73.445
50.886,148.89
55.648,45.906
57.627,113.13
59.014,747.9
66.921,967.32
56.039,359.55
58.913,216.67
88.799,1066.5
59.63,193.2
59.48,1179.3
57.5,143.5
85.907,571.33
58.333,628
71.452,1203.7
67.045,286.48
62.339,714.34
63.062,308.08
67.432,514.59
74.516,1148.8
96.909,1221.1
76.03,258.04
71.643,531.12
73.219,767.05
81.194,484.42
80.113,332.18
88.756,217.41
80.561,728.77
84.214,617.21
80.179,1317.4
91.112,630.5
99.195,804.53
88.771,80.954
87.5,426
101.85,147.43
92,1145.1
94.452,513.29
98.29,942.62
103.63,391.44
95.941,1003.4
104.16,550.24
109.33,736.1
117.11,910.02
110.02,1008.3
107.13,444.3
117,821.81
113.43,21.708
110.4,635.4
115.23,1121.2
117.71,1233.1
113.13,230.04
129.51,599.51
118,132
118.11,157.58
123.64,743.95
118.44,1152.1
118.5,1027.5
125.11,362.95
125.23,1247.9
121.9,195.03
121.81,934.28
124.26,1312
133.38,962.01
125.36,262.72
133.98,640
128.95,805.23
127,1082
131.45,394.66
136.17,63.288
132.75,454.01
130.85,1283.2
148.46,155.77
135.64,1141.8
135.76,1265.4
142.43,408.45
141.33,846.55
141.3,1011
143.21,19.105
141.3,857.7
144.16,1078.4
145.6,455.74
166.71,98.839
149.54,738.27
175.47,489.13
150.3,1330.8
153.41,197.57
157.08,1004.1
157.63,640.64
154,1326
157.5,814.52
156.14,1178.9
171.17,331.86
158.14,510.1
159.29,1134.9
158.84,69.114
160.5,942
161.12,847.65
165.15,1254.7
172.17,395.23
172.08,803.63
172.11,1292.3
170.35,1221.9
171.17,1240
172.03,7.7
174.39,1152.4
173.4,1260.3
183.02,665.58
173.86,617.86
176.14,768.68
177.79,169.03
180.67,727.9
187.23,910.12
181.25,1052.3
180.78,790.74
188.19,1220.4
189.08,532.43
188.82,127.97
190.6,765.79
190.5,1331.1
192.56,418.57
195.3,449.21
198.05,644.24
200.98,9.4653
205.56,344.37
196,839
201.65,590.18
211.48,730.72
228.54,1025.2
211.62,152.59
207.7,920.11
203.5,1016.5
220.74,1304.1
210.28,54.684
213.07,201.88
211.84,753.97
210.93,1004
212.1,1215.7
220.15,85.05
214,426
232.16,670.93
218.43,767.04
221.72,182.68
215.73,598.35
216.5,689.5
247.08,366.36
227.03,901.27
223.74,1181
225.23,224.45
222.32,411.46
238.9,503.59
224.11,778.72
224.54,1275.8
222.33,798.83
224.1,844.05
228.69,1324.4
224.95,971.95
229.15,1256.1
230.47,327.48
233.76,1242.3
230.62,637.33
230,833
235.57,139.07
234.91,248.95
233.86,1120.7
234.07,1287.1
240.11,854.15
239.14,1157.1
249.59,269.53
261.34,309.54
245.26,473.11
242.6,1120.6
245.06,103.25
244.14,555.5
248.34,877.73
258.35,578.57
258.53,184.62
254.31,826.81
253.53,932.31
253.05,39.091
259.62,1263.2
254.96,237.18
263.78,606.55
260.8,448.69
258.6,1149.5
264.73,216.02
259,862.5
270.54,523.98
267.54,992.28
262.95,1142.2
261,1229
261.5,1239
269.54,239.24
276.3,966.8
279.38,821.19
276.24,497.81
277.87,1127.6
269.49,887.17
272.23,1021.3
279.54,71.864
271.5,478.88
268.97,659.59
272.78,13.457
272.65,331.55
272.28,736.53
271.82,1331.2
277.29,397.24
281.16,154.57
279.2,120.45
295.06,270.06
295.22,641.27
299.51,913.25
278.91,1183.3
275.77,562.23
277.81,24.407
284.79,454.5
277.6,1201.4
290.91,190.45
291.8,710.13
281.71,231.45
285.48,248.25
283.47,289.4
280,1197
285.67,667.61
283.47,1218.4
293.97,622.61
286.91,132.09
287.9,508.4
292.36,542.96
291.57,1157.6
295.4,562.92
305.64,587.05
302.35,407.44
296,38
306.5,243.33
301.71,503.68
298.6,1067.3
309.46,7.5407
307.77,54.866
311.22,821.97
305.62,1142.1
316.43,472.95
305.21,342.21
333.13,1251.9
331.92,749.73
311.83,1039.1
312.46,181.87
310.06,289.69
308.85,856.35
313.36,145.83
314.88,1092.7
314,340.5
313.58,652.11
321.86,1316.6
322.3,626.69
326.65,1163.4
338.36,1195.4
321.08,112.08
321.18,123.79
322.84,598.7
342.4,395.06
328.81,560.68
330.39,850.82
341.03,358.11
329.35,316.78
330,132
336.97,178.8
339.7,213.13
335.44,782.97
334.4,292.4
337.75,238.62
354,991.05
340.05,1113.8
353.52,1328
344.71,37.37
340.93,297.96
362.56,599.22
348.09,335.07
343,828.5
356.2,521.86
348.22,807.84
347.01,1298.1
346.9,956.08
361.33,766.99
357.25,10.228
351.75,118.77
360.19,233.42
355.62,1136.2
354.12,1164.7
357.05,47.803
355.39,1310.4
360.09,189.3
383.09,902.02
364.18,420.61
363.03,498.71
365.32,1107.4
367.64,1287.3
364.71,560.55
374.13,325.07
369.72,1302.8
389.6,41.643
374.62,92.095
377.76,1185.7
374,401.74
378.74,129.14
406.59,1138.2
377.51,717.51
378.44,1258
389.7,1006
383.11,855.89
387.8,293.8
389.67,1294.2
390.4,163.18
390.93,174.4
399.31,457.68
393.09,1314.1
406.18,530.72
395.16,1266.6
395,713.5
403.11,1193.8
404.33,122.98
405.73,696.73
409.7,182.44
408.23,822.26
400.34,398.62
412.53,563.48
407.36,474.52
407.84,371.63
408.3,670.11
422.3,1328.8
409.1,65.326
410.51,91.122
413.63,495.57
413.99,774.91
418.5,12.279
416.18,1252.5
420.94,581.66
420.21,616.35
416.73,1315
417,794.5
425.98,1188.1
419.04,889.96
419.17,971
421.55,1025.4
421.73,1036.3
424.35,942.8
434.44,1308.3
428.83,976.21
428.4,449.04
428.72,731.62
430.54,998.36
428.6,262.6
429.63,1017.7
431.1,579.69
447.84,62.646
436.56,142.82
432.38,1173
432.79,594.38
438.58,1253.2
439.64,391.5
473.11,1085.6
439.24,417.44
437.26,220.34
445.92,362.93
440.89,1142.4
441.78,183.22
447.8,313.22
445.41,737.07
440.85,897.49
441.02,195.89
444.07,875.44
441.85,271.88
451.93,8.3251
449.53,120.33
447.51,168.43
447.49,709.83
466.48,1265.2
447.51,1298.7
467.56,558.78
454.31,467.76
453.33,377
453,891
466.63,94.478
459.68,696.16
457.4,24.6
458.66,883.39
463.71,1183.9
468.39,829.65
464.86,437.08
464.03,671.62
467.96,798.36
474.71,295.27
468.77,499.64
468.31,976.26
472.93,127.14
475.9,1043.9
495.9,247.82
486.55,645.76
475.59,379.95
474.76,667.26
476.5,175.38
481.2,359.05
475,463
484.18,465.86
477,762
479.35,445.12
482.01,418.94
488.78,1304.6
481.29,1329.4
490.9,24.55
482.88,530.95
488.09,61.346
491.58,763.08
488.82,1281.8
496.51,137.27
500.14,699.44
503.03,772.11
492.08,980.75
501.76,1198.5
502.43,316.74
492.06,815.59
493.57,96.571
500.32,196.6
497.04,799.6
513.84,1121.3
500.2,742.93
501.68,1041.2
516.76,1306.7
505.19,977.53
501.95,575.28
505.84,69.806
504.11,381.47
503.86,111.49
510.43,471.76
507.59,618.56
512.08,792.53
512.55,31.121
510.42,404.7
517.39,717.03
518.75,341.88
520.54,818.56
516.14,416.72
528.73,1227.7
520.07,4.7761
524.66,730.32
532.91,1086.2
523.18,911.29
523.57,1075.7
525.52,846.33
532.62,754.64
528.95,1106.7
535.84,506.72
528.6,322.6
534.58,533.08
532.85,771.59
547.39,1042.4
530.88,787.02
540.54,411.5
554.55,598.78
544.66,738.95
547.15,1198.3
540.52,1167
552.55,637.75
551.01,556.33
551.86,217.56
544.6,442.4
545.72,579.83
549.73,776.25
552.19,1240.1
554.77,815.33
565.9,19.618
555.08,1325.8
558.72,1216.5
557.42,297.36
556.91,520.91
556.95,452.93
563.64,496.72
560,848
566.58,1246.6
590.54,313.5
562.88,1075.5
563.84,530
568.34,709.52
570.02,1158.3
568.87,105.31
575.24,1002
579.24,180.11
567.22,1038.9
574.04,550.29
570,669.5
572.8,822.02
584.88,371.74
575.61,68.078
577.02,615.55
578.92,750.27
576.15,837.54
581.17,466.93
580.43,1035.9
625.4,469.88
582.06,1016.1
582.66,858.94
582.17,1199.1
583.45,680.41
585.12,1242.6
588.27,525.87
602.02,771.18
600.51,1183.5
587.48,601.45
587.14,1072.6
588.04,225.39
600.49,1213
593.15,135.78
592.79,1266.4
606.05,415.28
594.96,232.43
596.17,65.234
595.81,878.35
598.8,744.34
605.19,41.312
608.13,1306.1
607.43,1269.4
610.52,1029.4
632.4,1068.8
608.77,174.83
610.93,1010.3
616.65,282.46
615.6,266
620.28,651.88
622.56,1229.3
625.07,874.52
620.15,93.685
622.74,35.548
626.67,197.62
620.84,253.5
620.13,706.17
623.99,172.95
632.01,676.95
627.22,373.62
625.42,741.35
630.2,1159
632.49,15.125
640.24,254.75
632.79,717.39
634.26,364
634,326.38
641.31,282.08
637.06,1132.9
652.11,12.255
638.5,1050
642.38,1248.8
639,1325.5
640.21,738.21
647.02,772.95
640.4,404.6
640,1046
643.57,1290.8
644.33,1039.7
647.53,374.85
654.57,324.13
649.37,868.32
649.38,1030.7
652.62,744.38
654.56,789
660.98,407.02
663.14,1222.9
656.82,637.78
670.24,356.3
663.65,1073.4
665.97,1278.4
670.18,675.39
665.93,436.59
665,871
679.29,376.95
673.18,748.01
671.36,816.94
670.32,862.77
681,891.45
673.87,448.61
680.87,1085
685.37,19.269
683.57,1126.3
681.86,1195.3
691.18,51.24
688.73,280.22
690,1079
691.09,1326.9
693.5,604.6
695.76,781.61
714.85,1250.4
695.73,1231.1
702.5,1098.1
696.64,810.36
703.23,663.06
710.62,4.6696
705.64,896.27
711.39,628.19
722.77,79.181
709.02,448.54
710.44,556.51
713.11,839.11
716.49,523.84
728.54,1041.2
722.17,727.81
720.32,309.21
718,1331.1
746.08,879.84
722.75,757.69
719.97,923.2
719.5,214
729.76,127.15
725.42,355.47
726,837
735.88,776.39
730.5,203
731.18,661.55
748.26,819.55
736.42,465.86
737.58,312.07
737.02,413.93
740.89,596.68
739.7,1215.4
744.35,484.44
740.54,625.47
742.21,1324.1
747.23,183.91
750.95,691.38
741.94,919.06
744,2.5128
759.46,1039.9
761.07,1176.9
747,368.69
750.24,385.66
754.01,1093.4
749.71,571.12
754.59,156.2
788.67,1224.3
752.9,1138.5
773.62,282.66
754.73,973.07
754.5,209
756.89,243.89
754,331
775.54,639.32
771.31,2.8333
761.47,337.65
766.84,198.11
764.01,364.55
764.33,1302.5
768.41,397.75
766.27,934.71
762.42,1230.9
778.05,245.82
764.41,915.93
769.18,1245.5
769.18,453.04
769.05,563.09
775.05,782.38
774.57,830.01
774.98,1104.7
771.76,1123.5
774,549
790.69,509.46
786.8,1276.5
780.53,431.69
779.62,724.88
776.93,936.41
780.33,864.07
780.87,1081.9
781.98,909.04
790.56,212.61
782.3,350.2
790.81,1325.9
783.5,958.64
793.93,453.94
794.32,790.53
785.62,1251.6
793.23,82.722
790.83,314.08
796.51,898.19
815.08,413.46
796.87,363.14
797.13,1006.7
804.65,1068.6
796,248
805.2,968.23
806.17,1254.7
811.99,625.45
816.89,1131.3
815.77,1036.1
818.6,498.45
816.5,866.99
813.5,742.82
815.62,834.27
836.57,976.04
813.43,1162.1
823.68,15.601
824.67,192.56
861.7,559.9
817.77,1299.1
825.39,386.2
820.67,1330.3
822.46,1189.2
822.27,849.65
836.57,1269.2
823,844
825.5,41.5
826.31,228.45
831.56,941.47
829.86,820.38
828.4,1061.6
832.22,782
830.61,848.43
830.21,1307.1
833,1056.7
838.53,1213.7
833.55,1238.7
835.14,231.2
834.11,253.42
838.49,1147.8
843.33,729.4
847.46,5.5398
852.05,211.99
841.17,747.67
841.53,769.58
851.71,439.07
850.3,1056.9
843.63,1121.3
845.42,463.42
853.52,1245.7
849.88,846.4
847.39,1072.9
860.15,132.4
851.34,486.28
850.17,1108
854.96,1221
852.44,1194.9
867.01,268.43
856.06,818.49
861.23,25.817
860.81,1204.4
856.88,303.65
862.47,726.15
861.2,1014.8
861.18,189.57
863.79,919.65
861.89,331.98
868.92,471.86
863.99,1042.9
863.61,228.07
863.67,778.23
864.5,794.4
875.93,817.23
873.2,1235.2
874.33,150.38
872.57,325.64
871,591.5
885.02,1316.6
876.85,242.35
878.87,770.33
873.4,1128.4
877.28,1267.9
877.02,856.72
877,912
877.91,577.91
878,590.5
891.81,1135.8
887.23,1197.4
881.24,943.04
880,81.5
892.78,783.93
887.02,683.6
883.32,989.95
886.51,123.84
913.12,746.35
885.11,452.42
886.05,864.92
896.6,924.12
892.17,875.2
901.23,1265.6
895.33,46.505
892.39,212.75
896.15,1030.2
894.8,1006.4
903.9,800.26
909.21,17.188
902.56,465.79
900.63,900.78
900,1216
903.48,193.96
903.95,1210.4
911.47,823.75
913.42,115.92
917.04,1170.5
926.44,1219.7
913.58,1040
910.37,1148.4
920.75,860.01
924.48,1307.3
915.41,432.07
923.16,923.01
915.52,955.6
926.12,143.51
918.66,441.56
923.89,177.88
929.91,520.52
921.97,480.63
926.5,1123.6
936.77,786.01
929.89,834.58
931.26,1270.9
932.77,710.86
945.83,4.9358
935.5,1125.5
940.28,1042.6
938.6,1131.4
944.15,452.73
940,890.5
951.45,63.265
940,958
941.7,1204.6
942.69,170.07
964.12,1180.1
949.49,138.57
943.14,337.14
954.4,1291.2
950.58,107.33
944.83,868.33
947.99,933.76
952.74,484.09
955.79,700.94
948.52,854.59
948.5,165
953.31,1228.3
953.27,536.82
959.79,891.25
954.41,1133.3
954.39,266.88
953.11,826.68
962.13,466.89
954.88,624.02
954.94,291.17
955.6,579.36
956.11,83.244
956.83,732
956.87,1010.3
957,1043.9
967.44,512.51
983.51,1312.5
960.5,542
962.71,743.07
962,339.67
963,17
966.42,820.42
979.66,1119.4
967.85,645.23
971.9,723.05
970.07,852.53
974.14,1.8649
976.19,311.43
971.72,1219.3
975.95,93.357
981.25,1238.5
980.92,248.94
988.54,575.72
977.1,773.43
974.14,1021.8
974.83,123.63
974.08,549.08
977.06,947.85
977.08,1036.8
975.85,921.7
986.45,345.11
980.78,328.53
982.18,615.41
996.8,741.48
984.07,880.24
994.15,270.59
982.5,926.5
993.84,800.22
997.14,919.03
994.57,1094.9
997,1153.3
996.61,1037.6
997.32,1253.8
996,507.5
1000.7,825.74
1005.1,63.514
1000,238
1004.8,595.88
1001.4,616.57
1004.8,1010.5
1014.8,1318
1009.5,1222.5
1013.5,1.5
1019,103.7
1027.6,920.63
1020.5,240.85
1015.3,798.59
1040.9,1018.7
1020.1,564.38
1020.8,329.15
1027.5,821.26
1019.1,1132.2
1027.5,297.52
1019,962.48
1018.9,1245.3
1023.9,9.4454
1022,954
1023,1123.5
1033,53.794
1032.9,673.96
1032.2,1102.9
1029.5,133.44
1028.5,742.93
1028.5,1048
1035.9,596.48
1039.5,837.56
1036.8,211.4
1043.2,751.31
1041.8,368.63
1037,985.9
1045,1234.6
1037.8,576.79
1040.2,1192.2
1060.3,1285
1045.5,308.27
1049.2,18.981
1045.6,287.43
1051.1,51.3
1054,144.59
1062.3,716.43
1052.6,658.5
1050.3,1065.3
1065.3,898.17
1055.9,837.99
1061.8,628.36
1055.1,325.86
1057.9,82.447
1057.9,1038.1
1062.8,63.895
1068.5,390.28
1065.5,756.25
1069.2,926.98
1070.1,1058.1
1067.2,1116
1071.8,605.27
1077.2,813.5
1071.9,1082.3
1073.5,787.27
1074.7,956.01
1078.3,177.04
1075.3,1018.7
1077.6,346.91
1087,976.97
1087,866.72
1085.7,767.27
1092.5,202.6
1095.4,944.77
1082,353
1092.4,12.618
1084.7,1042
1085.7,1086.3
1092.1,381.14
1085,593.5
1087.3,250.8
1090.4,997.08
1100.5,1107.4
1096,1046.5
1098.4,416.84
1102.8,629.25
1099.7,1180.4
1107.2,776.63
1098.8,400.7
1106.8,980.84
1121.7,1059.4
1114.4,724.6
1107.4,1219.2
1111,2.9718
1117,837.52
1114.7,870.9
1112.9,1006.4
1109.3,1229.9
1113.4,1094.9
1118,408.89
1112,1172
1190,1183.7
1126.4,208.52
1120,901
1123.3,969.47
1125.7,1300.8
1127.1,993.97
1125,90
1127,1159.5
1130.3,260.89
1130.6,1325.6
1130.9,1252.3
1154.5,869
1128,1266
1141.7,812.9
1165.6,465.65
1136.8,978
1139.8,1121.6
1140.5,479.8
1140.4,287.54
1143.4,443.97
1148,29.94
1152,7.5156
1154.4,723.06
1166.9,1246
1154,1100.2
1160.5,249.64
1163.2,991.09
1152.9,147.95
1158.2,395.23
1158.2,283.81
1159.3,1072.1
1155,1148.5
1163.8,418.65
1160.6,186.05
1161.3,193.89
1162.1,803.14
1169.5,1331.2
1168.5,49.065
1176.7,828.25
1168.5,705.5
1172.7,1313.1
1173,1142.5
1178.8,49.115
1175.5,937.61
1176.5,111.66
1179.9,17.808
1198.3,1088.7
1197.3,311.64
1189.3,1277.7
1186.4,95.338
1183.4,1128.1
1186.9,1001.7
1189.5,515.87
1190,503
1208.1,944.76
1198.6,1059.4
1205,61
1201.5,132.5
1208.7,516.28
1204.5,554.85
1207.5,834
1211.8,975.33
1209.5,1299
1210.4,25.507
1208,721.5
1229.4,334.71
1213.5,72.056
1216.9,98.004
1211.6,1279.7
1215.8,713.06
1232.4,43.288
1234.1,531.13
1229.7,784.2
1225,459.12
1227.9,702.66
1225.8,820.62
1238.7,1062.5
1226.9,1320.1
1237.2,120.59
1247.3,1115.3
1238.8,416.62
1234.6,900.02
1236.5,312.63
1240.1,744.5
1235.4,1317
1237.8,588.34
1237.7,715.33
1269.8,1211.8
1241.6,826.01
1238.6,978.69
1242.1,803.44
1242.1,915.89
1265,1274
1250.1,270.92
1241.5,450
1250.4,763.35
1249.9,157.44
1246.2,598.77
1248.8,462.56
1246.5,350
1251.2,11.133
1250.1,966.21
1250.1,1331.2
1252.1,1255.8
1252.9,925.18
1256.9,509.86
1263.1,551.86
1258.2,956.44
1261.7,51.579
1291.3,603.91
1262.4,25.111
1264,72.457
1263.7,1089.6
1266.8,381.82
1269.5,934.61
1267.1,399.42
1288.2,1288.2
1272,447.62
1273.5,497.39
1268,873
1272.2,1062.7
1303.3,785.67
1271.3,1030.8
1275.6,1007.1
1283.2,340.19
1275,379
1277,1144
1279.5,57.154
1310.7,126.72
1285.3,1132.7
1291.8,566.62
1285,1040.3
1284.6,87.346
1286.1,530.66
1289.5,548.4
1289.4,1236.3
1288.8,737.9
1288.6,985.57
1291,869.5
1297.1,514.35
1303.8,473.35
1296.5,1118.5
1297,64.363
1312.6,332.4
1302.4,898.04
1300.7,633.36
1300,438.5
1317.6,1322.4
1302.5,987.52
1308.7,930.27
1308.8,1048.1
1310.8,451.83
1309,105.46
1312.1,831.03
1309,68.1
1315,38.537
1313.2,512.2
1312.9,76.857
1317,1133.8
1322.4,1284.4
1325.7,844.3
1323.1,865.87
1324.2,89.119
1326.7,618.08
1327.2,802.84
1327.6,1009.3
1327.9,416.58
1328.8,645.75
1328.7,1084.2
1328.8,1213.9
1329.1,446.93
1329.2,1118.4
1327,612
1329.4,1153.8
1328.8,21.938
1330.1,883.27
1330.8,497.58
1322.9,578.64
