2.9487,16.923
1.5,25
21.035,44.732
2.2162,93.662
3.2432,110.78
5.325,161.97
4.8454,222.67
2.7176,259.91
22.177,382.69
15.261,520.87
7.8032,549.95
13.431,606.98
2.2527,955.32
27.462,1070
6.3878,1262.9
9.3429,324.4
24.25,743.17
10.421,1224.1
25.147,10.543
21.261,849.21
22.107,1243.4
22.5,1026
25.515,1040
26.5,1046.5
32.029,90.6
35.35,191.35
49.838,1281.6
46.248,960.05
49.979,1320.5
51.181,238.53
53.851,978
54.837,1097.3
56.167,70.667
64.392,1171.3
61.756,371.05
57,257
58.6,264.6
68.017,302.6
79.173,1302.7
75.551,201.51
74.867,928
77.285,618.99
64.457,451.54
89.034,496.02
94.456,6.3297
96.728,28.895
100.96,1166.4
99.415,934.9
120.15,518.22
111.26,822.37
121.08,917.08
110.82,846
112.78,871.57
113.02,569.77
111,858.16
112.4,1018.9
120.11,1069.9
123,155
124,575.71
126.45,1320
138.54,1160.7
141.57,1268.3
129.95,583.92
129.43,830.41
133.41,788.59
158,3.7451
135.14,1139.1
144.39,631.96
144.5,648
146.6,950.4
147.4,1184.6
155.5,54.269
153.66,893.94
152,643
154.38,919.22
154,904.5
156.05,1208.5
157.09,451.68
164.87,707.96
160.14,1144.5
163.09,564.09
166.97,578.82
173.23,642.36
175.65,606.73
184.73,59.806
194.76,332.22
235.89,1289.5
191.23,1173.9
207.72,300.48
213.4,1020.8
198.13,870.39
201.82,31.86
208.47,900.58
204.29,1247.2
214.35,199.31
216.8,944.87
221.18,982.38
222.95,889.91
243.22,878.43
246.15,978.59
241.26,923.62
242.96,1109.7
267.31,466.68
255.49,1184.4
254.91,796.33
256.33,637.53
248.4,834.6
252.43,956.71
253.2,734.48
270.29,1222.4
254.44,1304.1
260.72,1295
272.92,956.07
268.35,1279.1
278.86,150.36
293.21,187.41
278.37,1090.7
289.43,1118.2
282.83,1075.9
289.17,1048.1
294.11,844.58
297.06,990.33
299.38,1225.9
303.88,1018
296.82,558.63
316.44,1133.3
305.57,1200.4
307,1065.5
311.22,217.61
311.39,1035.3
319.27,178.76
341.71,397.88
319.63,165.04
332.29,5.3349
326.68,1075.9
325.79,1005.3
334.58,1213.2
328.23,1048.4
333.57,76.609
344.31,41.239
335,246
350.88,994.84
358.26,109.5
357.77,632.93
353,287.2
353.4,1047.7
366.46,1234
374.73,1046.2
370.91,176.32
374.18,1096.2
380.85,402.67
378.99,560.09
378.4,1155.6
386.03,303.03
398.03,1278.9
388.69,1309
388.39,432.97
385.29,1015.8
390.99,465.53
388.25,519.83
390.51,1185
399.49,792.98
395.66,1219.7
406.46,403.82
408.75,635.39
564.7,997.09
426.76,301.49
421.94,481.9
427.18,230.73
443.96,1083
442,249.5
443.89,1212.4
461.12,56.382
470.61,1023.6
503.55,1125.5
466.99,1159.6
481.93,162.27
479.72,731.68
487.23,939.63
503.93,547.94
495,335.81
493,213
494.43,219
509.76,837.1
514.98,902.2
502.96,439.95
502.4,240.6
503.32,500.91
511.15,499.73
514.67,491.9
522.48,952.84
516.34,478.86
528.17,563.91
532.97,648.33
539.48,1326.8
569.63,425.86
540.8,584.22
569.3,485.09
590.18,519.27
628.02,151.07
620.35,1237.3
592.26,540.5
715.08,583
607.45,641.51
603.51,1214.3
608.26,429.59
617.13,13.686
647.87,432
616.63,1099.7
615.44,730.72
616.5,741.5
628.54,651.78
668.59,241.83
645.19,58.741
650.99,318.65
647.64,1291.5
653.41,146.89
657.67,77.258
653.57,303.57
667.55,1252.8
680.52,130.43
671.15,103.04
672.16,552.18
681.8,524.64
674.77,504.91
680.45,269.41
680.56,1261.3
713.3,363.9
698.99,1214.6
708.45,72.259
703.93,490.96
717.45,843.89
726.24,3.7941
731.17,181.17
729.39,1249.2
730.68,421.29
738.09,774.54
739.88,127.28
760.18,384.07
742.64,728.5
744.82,750.22
747.51,957.79
756.03,444.8
754,310
761.08,297.87
759.8,210.64
772.04,465.63
770.81,422.65
776.55,895.62
785.21,174.3
781.48,1051.7
793.66,1108.5
816.03,261.32
794.91,1181.3
802.23,1022.1
808.46,106.6
801.58,665.54
797,899
800.58,72.462
803.1,469.86
806.69,193.91
817.09,963.77
806.5,364.5
826.07,405.57
829.87,451.49
842.03,28.924
830.03,674.58
834.17,106.85
845.6,123.65
950.25,840.16
861.2,1255
846.9,85.95
849,934.5
902.55,554.18
871.73,1328.1
857.41,537.94
866,521.31
869.81,114.48
867.5,437.5
871.84,569
877.33,837.09
883.55,7.7454
900.89,440.15
889.3,408.56
886.43,492.76
889.16,728.22
889.29,763.92
894.94,103.56
968.83,1296.9
912.95,757.67
895.52,138.53
899.75,1260.8
896,119.5
904.32,813.34
897,124
900,234.5
934.44,121.74
912.75,260.2
911.58,245.16
914.19,460.84
918.6,209.56
912.5,369
895.35,615.82
920.58,1285.6
922.95,730.78
946.71,673.06
940.41,511.62
976.53,485.72
945.14,345.14
956.25,19.151
963.31,197.1
964.19,702.68
953.44,441.96
964.36,134.93
970,631.5
971,720.5
984.61,420.34
979.89,147.98
980.16,213.57
998.92,783.57
986.85,235.82
981.68,462.27
985.49,636.6
989.16,126.03
990,559.5
996.89,337.58
1009.6,406.15
1017.7,648.08
1004.1,379.81
1029.9,149.81
1021.1,859.61
1016.3,1165.4
1037.1,954.55
1027,326.07
1033.4,597.32
1047.3,383.02
1108.2,82.207
1061.2,1154.6
1049.4,112.11
1055.6,318.3
1109,1309.1
1055.9,706.87
1059.9,426.58
1060.4,592.49
1065.9,674.22
1075.6,921.1
1070.4,165.01
1064.5,289
1067.2,279.65
1101.6,560
1073.4,958.07
1072.2,457
1079.5,252.36
1080.2,1121.2
1086.6,568.35
1103.4,785.72
1097.8,600.3
1118.6,1030.7
1126.6,927.25
1106.3,67.186
1110.1,1241.4
1110.6,646.18
1129.6,835.28
1119.4,102.82
1114,351.17
1130.9,301.54
1121,252
1134.8,633.42
1127.8,4.3645
1124.9,353.9
1131,992.19
1137.7,860.69
1141.2,1128.4
1143.9,909.76
1163.6,792.7
1156.3,1182.8
1141.4,1179.4
1155.3,1059.4
1230.1,199.83
1214.6,341.93
1157.3,1114.2
1155.1,865.04
1160.6,746.06
1158.2,1023.2
1174.3,90.963
1160.9,425.95
1163.5,1331.5
1163,418.67
1179.9,863.24
1168,1285.6
1169.6,356.08
1179.7,912.11
1174,170.83
1171.5,1265.5
1172.3,1272.7
1176.6,819.96
1219.3,1123.5
1178.5,826.5
1210.7,1016
1215,1210.3
1180.9,1134.6
1188.7,1.8333
1202.7,1294.6
1188.9,177.83
1222.7,811.54
1203.7,246.44
1206.2,449.19
1208.8,913.76
1208.1,133.21
1210.5,3.9588
1209.4,753.93
1211.4,1330.3
1211,432
1218.3,151.12
1223,760.5
1242.9,881.64
1233.7,67.17
1235.2,164.97
1243.4,45.487
1246.8,952.17
1241.9,362.96
1243.4,125.06
1273.2,446.95
1245.1,87.778
1243.8,16.815
1244.1,1084.1
1258.1,1325.3
1252.9,1167.1
1284.3,759.61
1262.6,1116.6
1271.9,1059.4
1275.6,365.76
1271.9,586.99
1268.2,420.82
1274.5,398.58
1292.7,263.48
1281.4,146.38
1281.5,229.05
1292.3,1194.4
1287,590
1298.4,797.39
1291,900.92
1311.2,374.97
1297.7,1233.1
1302,22.333
1308.8,103.84
1314.3,197.81
1319.2,1330
1317.7,45.598
1305,1088.9
1304.5,1202.5
1312.1,1311.3
1309.1,1116.9
1308.4,215.43
1309.2,286.65
1319.9,1141.7
1310.6,1271.1
1323.7,253.57
1320.2,173.4
1317.6,1065.1
1324.5,96.678
1325.6,1046.5
1320.9,1024.1
1327.5,216.26
1328.8,1006.7
1328.7,1285.4
1317.3,306.39
1329.2,442.62
1328.5,831
1330.1,1081.3
1330.3,158.13
1330.5,975.39
1330.7,356.88
