3.1087,573
2.6852,727.26
3.9036,831.93
11.628,658.76
11.367,297.63
13.564,272.55
13.074,679.41
19.956,913.58
17.318,1116.4
21.634,347.15
24.073,419.95
25.25,769.97
23.5,4
27.188,235.73
28.021,1218.6
51.429,1168.5
51.939,164.03
50.611,349.14
52.611,917.39
58.405,1012.6
63.129,110.66
66.733,496.99
80.333,206.56
87.419,3.5405
89.926,381.59
96.535,251.63
98.443,1099.5
102.89,389.93
104.6,146.39
105.94,225.82
104,1222.8
112.84,669.94
108.75,546.81
122,1236
139.56,1006.5
141.65,56.186
140.47,81.341
149.7,170.95
142.91,113.09
145.06,814.55
150,259.9
150.46,516.48
155.42,729.71
156.67,468.61
158.52,1061.1
163.16,4.6512
161.68,160.95
167.14,856.35
168.55,338.51
167.07,147.41
168.59,1080.4
175.7,410.26
176,560.5
185.42,102.38
183.82,937.55
186.97,1210.1
188.88,605.12
192.06,213.41
203.12,374.84
200.83,683
203.49,412.28
206.55,311.57
209,1226.8
216.63,733.5
227.59,412.1
228.58,833.58
229.91,393.91
237.95,126.09
243.4,193.68
247.34,788.85
252.26,760
267.12,1149.7
268.4,848.64
269.19,946.89
265.6,1048.5
269.89,291.19
271.79,1188.5
269.09,248.91
271.18,669.19
274.03,132.04
275.88,1047.9
284.6,892.27
297.09,411.06
295.41,36.074
315.39,280.14
329.83,356.05
326.55,129.71
331.6,374.02
331.5,857.5
334.92,799.08
341.93,667.59
345.99,684.76
351.9,556.01
354.44,972.83
361,206
374.86,805.66
373.86,198.37
379.5,703.5
387.83,957.05
385.61,252.74
387.27,572.55
391.7,657.12
394.5,1025.5
393.42,1101.9
396.5,310
398.93,287.64
402.54,527.91
407.29,573.44
405.86,118.5
413.1,238.13
438.5,412.5
441.64,1019.8
441.44,580.08
446.83,1117
457.37,311.8
455.64,292.36
460.18,792.89
462.5,464.5
467.45,262.57
478.97,1139.7
481.18,533.58
482.13,559.26
484.28,1029.5
481.5,225
492.28,51.536
491.9,92.453
494.41,110.08
498.95,228.32
503.35,295.34
510.94,332.66
515.26,29.368
519.41,775.72
519.6,905.11
525.46,318.09
531.35,939
529.42,1102.9
531.61,149.86
532.88,523
533.33,797.97
538.96,50.327
549.4,856.11
556.58,680.55
563.5,1097.3
570,662.28
571.4,366.5
581.1,256.55
590.45,952.67
594.93,408.77
594.64,797
599.94,924.14
602.5,135.61
602.44,1042.9
611.93,934.59
623.31,476.04
619.58,577.89
627.16,730.87
631.09,53.091
635.47,137.33
634.93,254.47
639.85,986.53
638.61,814.14
641.07,301.69
641.1,1246.3
642.18,710.05
645.34,387.5
644.07,1084.6
646.84,633.57
651.9,41.366
651.5,902.5
651,1060
656.5,687.5
659.44,494.92
662.8,1176.4
662,42
670.98,224.35
674.42,722.58
681.47,1223.7
696.53,1152.8
702,20.5
704.19,989.71
703.5,418
714.26,1189.2
718.82,788.9
728.54,306.55
728.21,504.5
734.37,672.06
737.54,972.04
741.65,828.21
744.09,929.09
752.9,134.1
760.5,320.5
761,774
772.68,358.29
788.94,22.156
790,430.5
792.13,769.39
795,578
802,1062.5
810.16,143.41
809.58,229.42
821,432.5
827.65,174.06
831.91,456.9
831.34,909.64
830.14,695.5
834.12,673.98
839.23,795.31
842.73,1189.3
859.54,181.6
854.85,1113.5
858.12,881.36
859.8,658.83
861.61,1131.1
865.07,49.586
879.5,439.13
881,560.5
886.62,1039.5
887.39,73.362
894.12,892.7
903.96,1128.8
903.82,372.37
916.52,351.77
920.39,401.87
920.7,542.75
924.87,974.56
941.07,128.59
945.14,1021.4
949.72,659.61
951.68,353.6
964.19,524.93
966.94,885.03
971.33,307.66
975.15,1134.3
973.24,901.33
976.67,57.595
979.68,17.558
993.48,954.3
996.48,860.9
1008.8,462.69
1014.4,335.53
1014.4,396.83
1015.8,1060.5
1017.5,1112.9
1016.5,1241
1021.1,701.82
1028.4,123.41
1031.1,805.95
1035.2,1211.1
1035.4,743.42
1043.5,419.08
1046.1,988.92
1053.3,1239.5
1060.5,1174.7
1062.1,809.92
1065.6,748.38
1074.5,643
1081.4,93.93
1082.5,612.5
1085.8,685.86
1089.8,180.42
1099.5,491.52
1099.8,692.17
1100.5,1064.5
1104,160
1104.6,897.92
1110.9,41.5
1115.1,308.23
1116,152.92
1122.7,7.4194
1128,332.68
1130.1,163.08
1129.4,519.08
1136.3,722.22
1135.1,1095.4
1137.6,533.07
1144.9,202.53
1143.6,1025
1147.5,1186
1151.2,898.05
1169.3,394.72
1169.3,632.97
1181,1042.3
1182.6,109.18
1186.5,541.5
1200.1,1134.9
1199.5,250.5
1208.9,1191.4
1211.9,628.41
1218,65.822
1221.7,743
1225.5,876.49
1226.6,38.2
1226.6,114.24
1226.3,682.97
1234.2,10.577
1241.2,657.85
1238.6,315.14
1244,1241
1246.4,230
1247.1,797
