3.8095,362.93
8.0612,45.571
20.752,179.83
30.391,390.17
24,1205
27.337,811.15
34.963,461.64
47.149,584.88
45.5,183
50.275,11.145
57.155,669.73
58.875,404.77
58.435,122.39
60.691,1195.6
72.5,829.5
78,603.6
81.227,364.39
82.533,1110.7
95.943,407.88
93.892,447.59
95.633,924.37
96.929,1213
105.86,418.08
103.64,572.83
105.34,700.92
107.41,527.94
112.55,42.182
121.22,123.98
124.26,569.71
121.29,482.5
123.12,343.62
133.53,172.43
135.39,637.19
136.2,695.2
138,117.86
139.74,525.21
141.85,1081.6
140.87,412.03
144.42,621.11
146.42,572.55
151.08,363.92
161.21,510.37
159.42,628.89
168.49,763.97
168.85,775.65
173.32,571.92
176.43,509.98
175.11,620.42
176.5,546
177.96,207.57
188.37,143.46
189.24,752
189.83,837
194.33,568.31
197.5,373.5
203.5,301.5
209.5,918
221.36,603.4
222.36,560.98
223.07,733.59
231.18,548
240.97,761.39
247.29,182.99
247.04,59.426
252.22,1041.5
257.58,1113.4
266.21,928.84
269.57,301.38
268.05,325.68
268.07,588.45
266.42,1058.4
269.56,694.95
274.44,870.14
273.53,810.16
278.2,661.32
280.45,308.39
283.83,826.38
285.11,1116.9
289.45,34.076
288.14,1032.1
290.58,635.89
294.16,674.46
295.15,357.54
296.17,314
298.58,61.895
299,339
301.6,281.25
313.05,1208.9
314.12,725.98
316.73,34.288
318.64,837
319.07,507.41
320.69,614.67
321.96,1081.5
325.53,1043.2
324.5,538.5
330.14,243.18
327.17,763
329.84,480.13
329.5,588
338.68,185.48
340.16,1104.1
342.64,464.76
344.41,206.69
345.56,549.51
345.14,425.86
352.38,678.73
349.53,941.37
352.39,1123.7
353.91,17.909
358.42,508.77
356,906
363.91,802.69
368.88,915.12
373.09,253.69
380.67,185.77
380.43,134.39
382,1016.1
383.05,173.41
385.83,384.49
385.38,783.97
397.32,234.62
396.16,933.35
397.25,251.08
397.59,840.94
402.86,1174.9
408.33,177.42
408.93,332.22
408.87,491.14
413.09,108.49
410.93,235.59
420.86,703.61
428.15,261.18
433.11,753.95
431.87,820.39
438.56,50.026
436.91,331.91
440.47,714.66
444.59,1146.1
450.94,592.67
452.23,120.28
449.16,845.76
452.06,514.16
457.1,417.06
465.1,213.25
458.07,350.59
463.6,742.66
462.93,807.84
465.42,535.89
468.75,937.58
472.17,287.98
469.4,438.02
472.58,263.89
475.39,545.25
481.11,568.21
484.89,41.991
484.5,97.5
488.14,112.75
489.81,64.716
487.33,1062
488.92,311.08
499.37,1205.7
498.4,921.38
500.25,518.05
500.06,378.09
507.24,166.98
507.14,935.5
515.2,110.84
520.45,953
525.94,904.91
527,703.5
531.26,1058.9
539.54,590.56
531.09,811.09
536.58,516.94
534.42,1194.4
533.84,439.57
536,723.25
536.54,1235.6
541.13,671.8
538.44,570.44
543.28,275.32
541.91,456.09
547.44,715.04
549.74,925.07
554.84,851.07
557.11,611.08
557.23,805.84
555.26,997
557.92,571.08
560.12,270.02
561.42,1026.4
562.15,1167.2
568.85,376.46
579.14,921.57
580.46,831
599.02,872.92
590.62,101.85
592.17,1048
598.17,1145
599.5,514.5
601.92,912.56
602.14,563.86
608.5,892
613.98,960.38
613.52,928.07
612.47,1177.4
623.89,897.4
619.43,971.39
627.43,877.29
631.91,777.91
636.11,1187.2
638.97,714.27
641.09,736.91
646.31,1074.8
658.61,1008.1
660.91,155.69
677.43,261.04
676.91,876.55
681.86,479.5
688.85,1202.3
689.29,851.45
696.49,281.56
694.29,222.45
700.93,1170.6
717.52,320.4
719.61,123.04
725.21,1151.2
720.58,212.11
731.9,884.19
728.58,505.11
729.91,938.91
744.69,1015.1
748.15,626.17
749.58,818.11
761.12,475.44
758.56,592.44
760.35,1085.1
764.39,740.14
773.59,792.88
767.35,914.29
766.42,1158.4
769.68,781.55
780.51,509.57
783.33,544.85
780.28,991.79
788.14,920.89
786.83,1212
794.46,1081.5
802.44,712.88
795.91,1071.1
801.52,852.84
803.2,804.07
807.43,657.05
812.11,940.43
828.05,861.36
828.8,997.06
828.42,1046.5
830.46,680.85
829.5,297
831.37,1089.9
836.44,472.07
837.91,734.98
840.25,952.77
843.08,7.0833
853.21,431.92
859.16,970.09
860.41,896.48
861,206
861.71,1201.3
869.96,850.54
874.05,313.44
876.77,1137
886.2,889.09
887.68,1054.3
887,376
888.42,526.45
888.53,1220.1
891.25,618.75
896.33,970.64
893.07,948.81
895.35,580.82
900.08,842.21
901.12,504.36
906.5,298
913.96,12.929
912.71,49.5
915.5,391.5
920.19,626.06
924.07,372.04
924,959.76
926.11,1179.6
931.88,206.01
932.25,460.92
934,61.5
934.94,641.91
938.87,1103.3
945.16,125.16
941.92,1246.1
944.68,29.647
947.94,578.91
953.86,312.92
953.16,1197
953.83,625
958.62,946.58
960,704
961.17,1026
964.82,156.54
965.38,1227.8
976.6,745.4
978.56,491.46
982.33,950
989.98,244.69
989.88,359.35
987.33,895.83
989.44,35.538
992.69,666.83
995,872.38
1005.2,1211.1
1020.9,758.92
1033.7,457.77
1032,725.19
1030,781.91
1037.6,1208.6
1040.6,37.76
1052,188.86
1054.4,384.91
1055.9,667.05
1059.4,450.58
1064.7,91.946
1066.5,3
1071.4,588.35
1076.3,558.11
1091.6,801.81
1090.5,173.5
1095.1,671.59
1091.2,576
1093.1,270.41
1095.3,511.43
1093.6,563.86
1094.5,540
1102.2,544.2
1108.2,760.63
1105.4,34.85
1105.5,805.89
1107,1139
1108.8,850
1111.6,22.542
1118.3,509.93
1114.2,697.88
1118,635.25
1119.1,1183.9
1127.6,833.66
1131.9,721.58
1133.7,804
1139.9,1189.5
1139.8,508.54
1146.8,723.65
1146.2,11.346
1150.9,674.13
1153,348.46
1150.4,893.57
1156.1,23.134
1160.2,415.76
1162,309.15
1163.3,891.34
1164.5,444
1173.2,952.79
1175.3,549.6
1172.3,1068.8
1178.5,609.44
1179.2,335.1
1182.7,502
1187.1,476.1
1190.8,1195.5
1186.5,508.5
1191.3,298.19
1191.4,134.92
1194.1,738.07
1196.4,820.04
1200.3,681.5
1203.7,477
1204.9,714.16
1209,793.17
1210.6,24.448
1209,520.5
1207.9,1090.1
1224.5,1148
1233.3,589.32
1231,876.5
1237.8,803.24
1239.7,281.55
1241.9,268.59
1245,820.5
