6.7518,34.109
12.574,112.05
1.9818,157.44
1.5,176
12.905,302.16
2.7551,330.8
7.6727,359.56
8.3976,448.12
5.5782,514.18
2.8077,699.15
8.7283,770.62
3.8036,801.79
3.0455,847.43
5.7615,871.38
18.484,912.78
9.8409,1084.5
9.0838,1237.4
3.1667,1292.4
4.9111,1318.6
46.984,271.06
9.1333,1201.4
9,819.26
5,1276
7.3148,966.17
9.6084,386.94
18.131,1270.9
14.5,279.08
25.009,599.07
18.744,948.25
20.736,1162.9
19.323,847.43
25.4,422.22
28.842,829.58
20.4,29.4
27.511,360.92
36.692,707.24
22.115,1068.7
22.963,3.4074
30.35,545.88
24.818,870.76
30.248,196.62
39.827,83.085
32.689,1189.2
30.068,25.441
92.432,1101.8
49.085,454.69
28.5,1057.5
30.776,1220.6
35.031,1243.2
32.222,875.33
32.259,888.3
48.152,4.5354
35.347,848.9
35.576,111.45
47.049,44.222
41.318,180.82
41.391,1042.4
51.391,1309.5
43.289,865.39
58.649,607.35
47,172
76.254,663.7
47.895,832.39
47.5,1021.5
104.34,851.91
69.069,195.31
56.95,1238.2
55.815,549.76
63.211,795.03
62.31,1038.7
90.076,1232.1
58.933,497.04
79.429,364.51
64.607,702.5
59.963,133.89
84.772,256.66
111.12,523.57
72.918,913.64
64.5,1267.5
68.549,387.7
73.592,894.77
70.679,863.21
74.35,1198.5
69.3,1252.2
70.105,581.42
76.538,1262.9
92.737,1300.1
75.636,235.61
78.326,976.09
89.392,1327.4
82.145,953.82
78.927,99.707
81.557,158.53
82.5,285.08
79.528,1312.7
79.95,1028.1
88.783,211.04
86.209,140.79
87.935,696.39
101.91,785.73
94.942,1198.1
96.188,160.02
97.292,868.3
92.5,9
92.4,145.4
95.176,886.89
92,899.5
93.105,961.58
103.43,113.86
98,698
101.7,211.83
109.89,478.69
113.94,383.89
103.89,960.58
107.66,810.97
112.68,139.14
110.15,281.12
133.09,661.91
130.59,1267.1
110,977.5
110.41,1328
125.36,78.347
130.86,716.69
117.13,1003.8
113.19,269.76
112.94,424.19
123.78,2.4
113.92,21.415
140.79,975.92
116.74,934.56
119.43,150.67
121.72,46.297
149.64,241.24
140.5,1201
139.65,326.83
130.75,462.99
133.51,556.37
128.58,1295.6
129.09,749.77
133.62,1236.8
140.04,402.37
136.6,736.4
137.89,1040.5
137.71,1303.7
140.21,930.12
151.85,15.864
138.5,456
148.67,952.2
139.64,1005.5
141.5,912.5
144.47,461.62
145.34,220.79
145.36,899.44
147.85,1172.4
161.19,856.7
154.1,600.05
199.73,685.4
154.01,766.33
151.5,481.89
151.55,588.94
151.14,1056.1
152.56,103.8
158.08,1012.1
157.39,84.5
157.69,233.17
173.91,1319.6
161.76,56.143
159.59,1290.3
156.96,718.43
168.1,1126.7
158,445
160.89,572.58
159,1096.5
163.31,1227.7
161.43,402.7
161.34,1244.9
180.5,968.81
165.59,1270.2
164.84,209.91
174.4,480.56
165.5,751.5
166,898
171.85,1256.3
176.81,459.93
191.82,557.77
168.5,816
186.93,827.17
194.52,1025.5
172.28,226.81
208.61,922.29
189.65,25.372
183.42,158.93
186.95,274.65
192.47,1102.1
185.96,95.444
210.83,1291.8
190,376.33
185.7,1240.9
198.6,599.61
189.5,362
194.32,340.71
204.46,143.09
193.57,190.71
196.08,429.51
195.4,67.35
195.44,1304.4
211.76,739.69
238.89,857.34
203.61,203.29
203.72,355.74
199.94,114.71
203.32,389.57
202,438
207.6,455.96
204,1069.5
206,39.5
211.14,778.2
211.27,1252.9
243.1,67.169
209.5,101.5
212.16,755.28
215.51,801.65
225.75,1102.2
215.71,1330.8
224.2,962.36
232.14,132.41
229.79,453
221.41,553.46
223.83,889.72
220.12,1043.5
231.34,634.1
233.44,406.73
226.26,593.76
229.73,762.76
225.16,520.68
253.15,584.59
235.19,309.75
234.2,1238.2
235,477.5
235.91,777.28
242.67,806.75
245.11,429.49
243.88,732.72
244.25,1327.3
246.31,1073.4
248.11,964.58
244.09,1129.9
245.35,1181.6
245,55.5
253.51,1010
246,1135.5
249.6,1034.3
251.22,563.05
294.59,696.68
248.29,1258.5
252.28,1290.3
259.32,780.68
249.09,980.91
250,303
251.33,718.92
257.01,157.53
257.35,1026.7
276.18,1201.4
258.6,740.77
262.88,1305.5
260.32,41.6
278.88,818.95
266.76,965.43
272.14,12.767
264.48,67.087
268.28,132.53
269,899
280.94,418.96
276.38,609.45
284.35,1027.2
278.65,506.34
277.4,1281.9
282.77,387.95
284.74,1049.9
286.34,1246.3
296.89,653.09
281.36,118.42
311.82,947.79
285.85,478.21
288.7,24.767
284.94,752.55
289.74,619.26
286.04,590.59
287.55,1113.5
292.26,40.074
302.78,890.17
312.77,1318.4
307.67,123.02
293.33,801.72
304.87,530.69
296.21,350.01
292.5,360.5
298.93,761.21
301.22,307.95
315.03,585.45
300.09,1261.8
308.49,58.259
320.68,496.5
310.75,1028.4
304.93,822.93
307.65,423.89
306.43,92.971
312.77,388.84
328.78,638.6
306.77,353.23
322.6,18.763
344.22,270.71
321.78,782.81
314.5,135.14
313.09,772.31
321.3,824.47
332.06,1284.7
318.74,609.75
318.82,205.76
323.15,1237.4
317,706
336.3,1182.7
321.81,758.87
323.23,881
328.9,77.344
330.96,48.304
334.75,388.94
327.07,661.35
326.29,304
327,98
333.95,855.16
329.6,912
333.21,167.61
328.92,468.08
328.93,1212.4
331.85,454.95
330.5,477
336.38,213.78
344.44,119.55
336.73,522.79
335.14,615
341.44,929.42
343.43,1014.9
340.54,749.39
335.5,1201.5
340.43,1270.8
352.05,671.79
341.39,558.56
347.5,320.34
343.2,1085.1
353.48,81.506
351.48,7.8919
380.18,874.59
348.77,1033.2
349.24,694.21
356.53,520.1
363.19,780.86
359.26,463.33
364.48,1198.2
357.08,975.23
369.54,1307.5
359.56,345.53
359.37,545.8
360.14,41.039
359.74,655.83
368.06,1268.6
372.9,186.71
362.11,257.42
395.73,995.51
369.25,119.18
378.95,326.14
376.63,414.92
377.76,573.84
368.17,237.1
377.12,1096
369.5,219
370.9,300.88
378.44,1279.7
347.38,432.4
380.5,351.87
387.42,41.121
375.5,944.88
382.4,218.75
410.86,682.84
383.48,801.07
389.25,609.82
381.84,1153.6
381.04,506.42
381.6,908.4
410.64,458.74
388.56,1039.7
384.59,1225.6
387.12,947.61
392.92,1200.5
385.3,370.87
386.58,834.23
399.83,140.72
403.05,1253.6
403.23,282.35
394.46,822.91
402.7,1304.6
396.73,859.39
392.53,740.4
395.67,1027.2
397.16,803
400.23,224.57
396,1016
419.27,591.89
399.41,708.04
406.7,1062.2
447.92,330.9
401.83,196.25
405.31,478.02
404.09,636.43
407.59,1148.4
407,260
408,775
412.19,635.68
412.43,545.29
418.78,1132.3
412.5,771
426.01,1039.8
418.34,530.64
415.6,645.4
419.99,1272.6
419.15,861.72
418.58,1171.2
422.91,5.1278
418.87,849.37
449.73,1182.4
420.1,662.05
425.72,1095.7
425.43,260.56
421.32,389.36
425.8,647.77
426,654
455.27,896.69
429.91,1218.6
436.91,229.28
432.09,326.87
431.38,764.33
433.15,854.98
461.8,506.47
440.91,1253.5
439.1,1074.1
438.38,575
461.2,780.27
436.6,1140.6
504.03,1240.4
442.57,143.39
442.89,390
452.89,1130.5
446.58,404.67
448.5,17.5
458.9,864.18
451.31,5.5
513.53,205.47
450.5,453.5
453.38,551.1
506.59,721.17
454.21,583.15
454.21,346.54
456.95,438.78
454,1016.7
456.47,1095.3
457.17,491.2
461.37,141.37
470.75,169.22
462.81,538.39
460.92,570.87
461.14,1057.1
461.81,557.76
462.52,1270.1
462,919
466.43,7.5246
463,914
466.95,814.26
477.09,1039.6
478.65,399.17
479.88,464.85
475.9,952.62
468.5,1127
471.81,577.66
473.79,1214.8
477.48,45.105
479.72,845.84
485.75,646.72
481.65,819.53
474,1173
479.89,1006
475.59,265.04
480.49,877.9
477.93,1150.2
479.22,93.541
480.58,103.63
488.92,437.08
486.33,272.04
486.88,5.3462
567.64,400.05
525.6,113.12
493.05,909.31
491.26,1176.2
496.37,1121
494,559.71
509.1,1061.2
496.2,42.568
498.33,321.27
494.88,794.35
506.12,925.01
495,1014
515.6,504.98
503.67,566.13
499.5,892
502.69,469.27
522.98,19.586
502.66,421.88
503.64,847.8
509.58,1156.5
513.59,910.08
517.01,1127.3
511.59,1224.1
512.42,1006.5
517.7,1014
521.36,336.27
518.41,225.89
516,864
535.4,290.46
526.78,803.27
524.23,436.77
529.5,1077.3
526.36,919.82
534.73,932.99
532.12,872.75
538.46,59.169
550.32,860.19
548.53,316.65
538.94,719.78
554.94,262.77
540.63,997.01
543.8,1054.7
541.61,1089.1
551.12,1176.5
544.47,474.24
550.54,919.09
549.5,166
552,553.76
554.93,228.07
558.41,48.915
560.91,528.17
562.84,783.32
559.01,807.47
563.17,1094
555.76,1015.8
571.65,1315.5
570.16,1220.8
556.36,101.5
561.45,477.17
562.15,1046.3
561.47,889.4
564.09,12.526
578.18,1281.9
571.67,659.81
571.85,920.94
588.64,746.04
574.62,216.64
603.74,815.23
598.36,1166.3
587.66,857.27
582.95,1109.7
602.47,231.38
583.73,712.73
579.15,764.76
579.42,1263.1
580.25,1053.8
583.86,48.523
623.79,685
606.66,6.9232
641.36,64.118
590.43,1061.4
592.38,1071.8
598.67,1217.4
596.47,177.38
597.01,197.71
594.89,37.421
594,719
600.68,938.57
613.72,904.42
613.16,1044.1
600,540.5
609.41,114.6
613.25,988.71
604.87,1028.7
613.2,1097.9
621.07,489.07
628.24,1201
611.67,26.474
615.81,278.72
613.96,468.94
611,250.5
611,457.5
620.04,387.05
615.64,752.84
614.5,766.5
616.5,547
626.4,852.01
620,249
622.55,1248.5
622.1,943.47
630.16,1327.7
659.63,162.83
626.46,1058
627.27,417.71
624.5,956
638.84,210.52
640.76,1120.3
653.91,263.61
629.34,936.16
660.1,984.22
640.8,743.49
632.77,42.708
633.86,289.12
637.82,1002.5
633.41,444.06
644.5,776.22
638.27,25.484
638.46,81.154
641.15,475.73
646.72,315.3
731.03,902.57
640.5,421.5
641.53,830.94
673.85,1265
646.63,35.133
654.65,836.62
654.66,1329.4
650,85
653,137.5
690.34,110.62
670.21,440.94
654,494
657.4,82.4
660.28,394.63
660.32,497.75
659.3,1190.6
659.6,917.4
662.47,1306.1
665.85,317.9
661,727.5
665.92,753.34
663.97,774.05
669.61,213.45
677.4,359.5
752.4,463.71
672.74,877.06
692.87,1200.6
672.72,139.21
671.92,307.44
709.63,805.91
671,538
674.84,1319.5
678.89,1037.6
694.8,1125.9
680.45,252.61
681.47,669.97
710.75,702.88
681,762
687.92,318.77
695.75,1293.8
696.64,605.65
690.65,1331.1
691.75,28.25
702.25,575.27
702.34,291.4
700.1,440.66
702.09,76.803
705.27,38.634
707.58,938.06
709.73,1238.6
729.51,380.58
711.17,69.667
713.43,446.81
711.9,739.69
716.59,79.789
713.67,969
716.77,300.77
732.97,312.62
719.78,636.68
728.14,1137.5
726.81,625.19
732.4,262.63
728.4,596.21
730.52,541.19
722.56,642.78
736.49,984.05
731.57,11.535
763.15,128.48
776.35,1083
727.89,87.579
729.11,667.58
730.39,957.32
739.71,850.29
736.1,1326.2
734,1163.5
760.67,22.58
735,1065.5
736.5,151.5
747.86,1300.9
742.39,711.42
750.04,1193.5
740.84,961.77
748.79,876.61
744.36,1271.1
742,1054.9
748.07,640.58
747.54,1217.2
749.94,951.6
759.27,1326.3
750.94,50.412
767.58,70.652
761.48,1036.6
758.36,782.32
766.18,968.57
758.31,996.97
754.31,215.45
754,252
766.22,668.48
768.96,589.61
764.12,218.96
758,935
758.86,1250.9
762.29,1305.2
763.74,865.87
767.86,1173.8
774.28,527.07
766.54,329.08
798.6,1252.7
793.15,295.07
785,1185.8
771.5,1141
775.07,1011.7
779.7,549.04
775.31,748.5
776.06,861.11
813.47,842.15
783.29,723.7
874.85,299.75
781.76,992.81
787.15,611.69
783.2,1070.2
813.94,766.91
787.69,566.49
788.05,791.66
787.17,703
794.57,175.59
788.12,1296.2
790.14,56
804.04,579.49
793.22,947.56
806.02,394.8
820.48,885.64
797.65,1301.2
814.24,956.06
835.17,37.49
800.35,791.78
799.5,161
802,58
824.27,220.85
845.24,1014
806.59,600.97
807.6,696
808.06,1157.6
815.02,1150.2
817.27,1192.6
840.24,167.32
829.14,697.13
829.86,920.33
825.17,560.66
835.01,1231.6
828.57,1169.2
829.7,1155.5
837.1,525.63
829.39,669.86
831.35,74.451
836.26,1208.6
873.15,582.72
835.5,93.875
856.78,985.99
841.09,766.91
846.17,588.41
844.11,735.32
850.08,947.92
886.7,1105.5
850.86,1176.9
855.86,99.762
870.7,512.01
902.52,733.68
857.55,687.6
862.75,1063.3
890.86,1239.1
858.72,868.22
860.96,27.211
858.5,823
864.63,758.3
860.5,874
867.24,773.83
869.33,906.38
891.05,684.34
877.79,1191.4
874.91,642.94
875.24,847.83
873.5,800
879.38,111.38
879,801
883.69,1062.8
893.04,52.278
890.25,84.014
882,327
898.35,792.46
963.42,972.75
883,320
891.25,129.49
912.53,1164.7
889.09,642.55
925.99,847.73
902.16,890.8
888,1017.5
891.95,151.1
893.09,533.05
894.51,649.64
895.07,1040.6
901,831
908.2,929.3
905.42,817.16
908.15,82.5
907.4,243.42
904.57,353.61
907.44,758.08
909.92,825.32
916.4,1314.5
907.9,614.35
930.71,520.76
909.46,541.23
908.39,1049.5
922.22,648.85
921.13,395.88
921.51,666.73
928.72,347.32
922.55,436.61
934.45,107.04
920,1214.2
921.44,128.87
922.91,151.66
922.14,899.14
928.31,1031.5
926.35,1133
939.96,78.147
931.84,371.84
936.32,892.23
982.27,1107.5
940.42,57.013
939.86,934.23
937.86,124.86
940.68,235.53
947.78,788.5
942.87,1174.4
948.46,909.41
1016.4,1177
940.26,702.88
961.74,1272.7
951.64,156.13
945.94,1151.6
950.97,314.95
951.76,190.98
950.19,702.11
948.45,892.03
951,125
960.53,659.63
959.61,455.1
965.19,332.69
965.27,213.71
969.04,1238.5
957.6,1082.6
958.06,1305.4
1001,1327.1
982.57,93.757
963.3,1062.7
971.17,173.94
988.69,699.57
965.19,1026.8
989.97,835.39
972.66,601.85
978.08,149.44
969.64,348.78
975.65,719.94
977.28,892.24
972.86,274.08
979.9,1055.6
971.94,1312.2
1001.2,234.83
977.18,550.17
977.47,117.16
982.65,500.16
977.78,446.78
979,828
996.1,754.01
985.12,1023.7
992.44,459.44
1015.7,588.1
988.95,876.39
989.09,1265
989.12,567.95
989.86,1206.4
1026.2,293.41
990.56,586
995.21,1243.1
992,355
994,127
960.5,26.674
1005.7,394.44
1001.9,147.7
1002.2,526.36
1000.8,628.42
999.94,791.48
1000.5,301.97
999.82,338.55
1002.7,1005.6
1018.2,150
1025.3,1272.5
1019.2,532.42
1057.1,960
1019.9,1228.9
1032.9,699.37
1026.4,477.28
1017.9,1036.2
1018,1108.7
1018,724.09
1020.1,857.15
1029.6,783.56
1021.5,119
1025.4,507.41
1025.5,992.6
1032.2,16.92
1025.3,421
1036.8,812.49
1065.1,1074.9
1030.7,758.95
1029,865
1031.3,928.68
1082.2,133.11
1041.8,429.72
1036.2,333.2
1042.9,347.16
1037.2,881.98
1037,403.5
1038.6,559.11
1062.1,52.16
1041.2,488.83
1055.4,1216.6
1047,724.71
1037.8,907.05
1044.5,186.59
1045.5,534.45
1053,403.68
1047.1,584
1044,744
1066.7,448.34
1050.4,1258.9
1101,1297.2
1049.5,603.68
1064.9,642.81
1046.4,791.4
1057.9,858
1048.8,154.13
1072.1,1318.9
1065.7,200.76
1050,1115.6
1061.6,85.764
1052.6,776.03
1056.4,750.97
1097.4,822.66
1061.9,927.96
1081.3,259.47
1068.2,351.45
1060.9,720.1
1079.3,605.58
1062,613.5
1063.9,1187.1
1072.8,788
1078.4,1243.6
1072.9,3.5098
1069.7,523.17
1071.9,557.7
1067,677.5
1139.2,766.07
1072.5,538
1074.6,885.1
1075.7,176.1
1113.9,696.42
1085.1,471.54
1094.7,104.98
1083.3,495.96
1086.3,1187.8
1083,422
1089.6,531.41
1097.4,333.51
1089.2,43.222
1091.1,1165.8
1094.3,578.82
1093.5,223.15
1091.1,866.42
1092.6,159.72
1112.3,2.9713
1099.9,408.72
1096.8,776.48
1105.3,926.81
1096.5,71.5
1155.1,480.76
1114.2,961.02
1099.3,66
1181.9,872.24
1139.6,1242.2
1134.6,625.04
1105.5,843.96
1106.9,1183.4
1135.8,48.063
1107.9,1038.6
1143.9,1169.7
1109.7,450.07
1114.8,1068.6
1158.4,1052.9
1110.4,718.68
1116.6,611.85
1111.5,986.5
1112.3,710.71
1118.2,179.25
1122,238.42
1164.6,560.08
1116.1,859.58
1164.6,648.49
1120.5,461.73
1119.5,406.5
1119.9,1274
1152.5,417.9
1124.7,678.99
1122.6,1191.6
1133.7,1120.8
1127,118
1136.9,531.01
1141,112.27
1146.6,178.44
1133.5,96.5
1169.1,230.75
1141.5,441.27
1142,554.96
1141,1266.9
1174.2,987.52
1140,137
1146,1081.4
1144.8,838.15
1146.5,16.792
1145.6,140.8
1158.9,97.46
1150.1,200.22
1169.5,746.84
1159.5,1137.9
1154.8,1329.1
1160.3,299.08
1160.5,133.22
1154.5,677.08
1155.4,334.27
1164.8,824.07
1156,116
1162.3,364.5
1161.3,39.904
1162.2,210.26
1184.1,358.15
1161.3,1314.5
1161,589
1164.8,595.76
1165.5,915.79
1202.6,709.97
1168,801
1172.9,517.32
1174.5,806.04
1176.3,590.18
1177,611.23
1183.6,128.44
1196.1,48.331
1198.8,90.299
1178.2,1208.2
1182.7,1301.4
1183,280.49
1195,1223.3
1223.9,22.517
1187.5,1152.4
1214,1134.2
1255.3,1013.4
1186.4,942.6
1211.9,298.27
1197.7,955.79
1192.8,1277.3
1195.8,619.23
1205.4,678.06
1195.8,1265.3
1200.1,1251.7
1199.8,338.26
1200.4,500.4
1201,496
1203.8,859.89
1203.3,1076.7
1203.5,768.71
1208.4,1304
1207,126
1215.2,624.28
1224.1,1036.3
1216.5,1102.4
1222.4,172.92
1226.2,383.72
1260.7,746.63
1216.4,243.6
1217.5,730.5
1221.2,497.09
1231.2,1074.1
1229,478.43
1237.8,948.04
1225.7,991.99
1239.9,907.62
1230.6,1198
1227,445.13
1225.3,1267.8
1241.1,658.25
1234.9,584
1232,1286
1234.8,290.79
1256.7,64.339
1237.5,1165.5
1244,458.79
1247.4,802.34
1240.6,339.35
1241.8,107.37
1243.2,1063.5
1268.7,574.28
1242.8,1286
1248.3,1250.4
1251.8,241.46
1252.6,291.05
1247.7,1044.6
1287.9,207.71
1251,614.5
1260.8,1296.8
1256,181.79
1254.5,606
1254.4,1229.6
1255.9,1268.6
1260.9,1328.9
1261.4,1036.3
1272,352.1
1275.7,905.93
1279,152.27
1272.3,938.06
1270.1,1216.4
1273.8,836.94
1265.5,1241.5
1264.3,247.9
1265.1,952.64
1265.5,1080.5
1266,1255.5
1272,288.17
1272.4,459.03
1294.9,970.43
1278.1,1046.6
1273.1,85.259
1280.8,428.72
1301,1296.6
1278.6,1091.4
1282.4,277.17
1289.3,1136.9
1285.2,91.103
1291.2,1234.5
1292.4,27.518
1277.6,259.89
1291,363.68
1288.3,1077
1285,1202
1286.6,495.43
1287,658
1291.1,1194.6
1291.9,393.74
1288.6,447.11
1291.3,1101
1298.5,580.82
1308.4,454.67
1316.1,638.15
1304.1,420.8
1304.5,397.23
1315.3,928.15
1302.6,1215.9
1302.3,280.38
1315,894.25
1302.6,1040.3
1316.1,1188
1304.5,853.94
1312.8,778.6
1307.7,1161.8
1301.6,109.61
1320.1,534.37
1313.6,867.64
1312.2,1060.8
1307,1232
1323.9,20.461
1313.3,689.28
1321.3,390.2
1323.1,431.41
1315.3,733.38
1316.1,62.923
1318,478.05
1322.9,250.45
1316.7,588.15
1315.8,836
1318.5,1079.6
1324.8,796.14
1321.8,153.3
1327.5,1125.2
1323.5,908.5
1327.2,1090.7
1326.6,333.42
1327,839.06
1328.4,1008.9
1327,502.6
1329.3,576.2
1329.5,706.78
1327.3,1204.1
1330.3,58.217
1330.2,1228.5
1330.8,869.36
