3.1176,827.5
7.8625,1179.5
7.8873,742.82
8.5,310
14.403,935.66
17.888,1057.6
22.742,303.97
25.271,745.08
26.438,898.42
25.581,1142.5
28.152,619.06
29.528,1171.8
40.123,173.93
42.911,268.85
41.692,845.46
45.6,238.4
48.5,246
52.617,724.86
55.365,9.4471
66.335,884.61
68,1139.3
75.048,671.73
75,746
87.524,524.55
88.528,927.06
90.109,611.67
92.091,213.95
95.782,1230.2
98.403,911.09
96.429,200.96
95,849.5
101.72,1130.1
103.09,573.06
116.19,930.93
119.81,862.04
122.75,693.18
131.68,791.85
133.37,1158.2
137.95,944.03
139.37,1184
143.87,708.57
149.38,417.24
152.19,857.73
164.89,1143
158.98,442.74
160.09,660.91
161.5,701
164.13,202.26
165.73,248.27
173.31,1117.9
173.35,336.22
193.83,211.86
194.95,1189.2
198.19,752.3
196.63,778.63
201.32,354.36
201.45,535.27
199.89,1097.5
200.83,177
215.88,203.3
221.26,263.24
225.37,999.21
232.39,1085.9
232.42,1181.5
239.56,283
238.09,667.96
244.3,1159.1
246.58,1144.5
249.07,765.98
251.05,397.15
254.95,233.47
257.51,656.8
265.55,1238.2
268.57,455.47
270.44,379.03
270.94,535.09
280.61,826.14
288.35,200.37
291.72,798.04
296,260.84
298.44,1149.8
302,302.5
307.71,375.21
305.97,672.1
330.27,230.04
332.74,35.097
337.06,586.24
341.74,868.72
348.74,1071.4
346.58,239.72
345.9,1103.6
348.08,319.29
371.29,826.75
408.26,645.72
413.81,269.52
420.07,1052.9
424.5,40.843
427.83,382.92
431.14,955.14
433,108
441.14,136.72
438.43,803.61
442.02,655.57
449.68,894.14
457.14,610.14
464.78,338.77
469.04,16.191
465,788
471.84,852.02
475.94,198.31
481.39,1117.1
482.93,627.73
488.93,37.366
503.05,173.38
506.67,776.67
517.35,474.94
518.09,817.91
519.29,205.29
519.64,171.95
522.39,697.61
523.82,1189.3
528.06,627.47
528.7,647.69
530.43,853.14
532.75,167.76
532,937.5
538.7,1109
537.98,1081.7
539.94,259.45
546.32,339.71
547.1,704.62
547.5,1059.5
548.5,1080.5
549.07,606.41
557.48,336.92
560,378.29
560.41,1078.4
558.17,4
564.56,680.07
560.5,952.5
561.92,908.92
564.5,1101
574.34,1005.3
573.09,615.71
575.08,914.56
581.11,540.42
587.48,869.05
584.61,1164.9
586.71,945
588.86,1090.4
591.35,988.31
594.38,444.03
601.23,543.31
611.62,494.83
605.09,1156.1
614.11,354.43
611.27,1052.3
618.74,669.76
616.78,702.67
622.73,1191.3
625.25,972.09
622.4,1033.6
628.56,8.6132
629.14,762.5
631.75,926.78
636.07,1070.6
641,748
651.67,347.78
652.4,440.55
656,225.5
657.89,697.62
660.58,612
669.91,709.28
660.56,326.06
661.5,853.5
666.78,216.86
667.89,1157.7
670.56,1024.8
668.23,312.91
678.08,271.47
682.69,852.48
684,733
688.65,298.07
689.74,368.74
694.86,803.65
694.62,81.971
700.84,608.28
702.95,290.44
706.93,459.59
716.19,1050.6
717.92,1128.3
718.4,148.29
720.46,907.15
731.11,636.46
738.42,964.55
744.33,1215.2
743.37,420.63
749.84,448.92
757.78,976.97
755.64,865.02
760.55,186.45
763.28,72.606
765.31,762.31
763.58,389.58
771.47,510.75
769.24,732.76
771.82,658.27
773.22,188.91
775.09,631.91
779.61,774.87
782.33,1208.6
787.2,296.58
783.93,102.05
785.54,359.88
784.92,1245.7
783.85,546.54
786.38,972.13
793.76,1025.2
798.51,130.93
795,577.17
810.16,1056.7
815.31,997.43
814.22,481.56
820.12,761.29
819.09,1018.1
822,1174.3
823.5,210.5
824.55,1064.4
834.73,1005.2
835.42,231.32
832,684
836.29,1246.7
835.42,338.11
837.64,969.81
842.91,668.61
848.16,878.46
849.31,656.83
858.23,980.38
861.67,437.02
862.11,628.69
870.47,343.84
876.69,490.83
881.6,243.12
888.59,584.97
890.92,1067.2
896.6,999.67
898.42,852.97
899.44,481.33
900.91,497.09
907.65,1174.4
908.37,827.5
914.7,400
914.62,790.4
921.43,239.34
925.38,1202.5
943.91,745.04
942.64,510.05
944.42,1148.6
963.71,530.61
961.47,305.95
968.6,728.57
975.16,608.94
976.5,249
979.5,10.353
985.49,307.17
983.24,581.92
985.78,650.31
984.14,947.86
986.62,321.8
986.9,259.38
988.78,394.46
991.42,1171
994.16,979.96
997.47,1200.6
994.24,454.26
993,1232
1002.3,416.54
1007,1233.9
1011.5,984.89
1010.8,563.54
1011.3,919.82
1010.5,1173.5
1013.6,53.642
1017.7,753.15
1013.7,294
1016.3,226
1021.4,1111.6
1016.8,1207.4
1019.5,1183.4
1024.9,367.01
1021.3,965.38
1026.9,763.92
1038.8,1235.9
1041.8,623
1049.4,1173.5
1049.8,1246.7
1060.1,995.47
1063.6,344.79
1068.7,67.958
1067.2,1037.4
1068.2,749.45
1069.5,557.12
1071.9,899.38
1071.9,1216.7
1083,651.03
1086.1,1182.4
1092.8,260.92
1096.5,1158.3
1098.8,795.64
1102.3,405.21
1107.3,81.5
1107,264.5
1110.7,520.01
1115.4,275.41
1113,94.074
1113,362.81
1123.8,579.28
1122.4,322.11
1127.1,828.68
1137.3,93.654
1125.1,946.5
1127.5,273
1131.2,312.77
1130.1,248.91
1131.2,1012.5
1131.1,599.09
1134.7,902.15
1134.4,348.89
1138.6,396
1137.5,1195.7
1143.8,1067.9
1144.6,1082.1
1146,51
1150.6,679.91
1146.5,858.5
1159.2,475.02
1153,936.97
1155.2,77.939
1164.4,498.46
1167.5,293.5
1171.2,353.15
1176.9,45.531
1171.3,79.896
1171.4,1144.9
1176.5,931.93
1173.4,64.571
1176.2,202.17
1179.7,635.23
1187.2,303.84
1190.7,600.28
1188.2,909.15
1191.8,426.02
1190.9,677.19
1189.7,1115.7
1190.4,629.12
1193.7,28.296
1198.7,214.98
1195.8,926.39
1199.4,900.6
1202.9,320.27
1205.3,1008
1204.2,1226.2
1208.4,827.17
1207.6,1164.6
1209.1,211.44
1212.8,540.56
1212.7,173.48
1212.9,911.59
1213.7,138
1222.4,271.68
1222.8,47.432
1219.5,437.71
1220.7,714
1221.8,622.74
1227.8,166.04
1233.3,528.16
1227.6,785.06
1230.6,229.08
1233.3,1193.4
1234,383.5
1239.4,1233.4
1242.7,1028
1245.4,2.7667
1245.9,102.41
1246.1,961.82
