4.1217,379.39
2.7727,1131.2
35.395,1122.2
24.996,1196.7
6.9836,1243.7
16.289,472.11
11.804,314.12
11.943,924.57
23.872,1244.4
46.088,866.63
36.138,1043.9
40.846,533.5
29.845,1158.2
33.366,742.15
33.569,495.03
32.105,894.82
37.725,388.63
50.148,805.84
61.537,695.08
51.794,761.86
62.923,422.02
62.735,1080.6
67.786,1207
67.495,1113.1
79.503,1092.5
80.937,540.2
133.18,607.91
111.27,1048
88.817,983.66
87.803,1245.6
95.355,343.35
89.895,426.31
93.421,491.11
112.77,804.26
94.941,856.59
113.37,466.21
99.983,715.31
105.27,1146.2
112.65,871.65
106.9,1198.8
100.42,508.85
109.12,94.637
139.45,737.47
109.33,1242.8
115.47,849.92
120.45,499.23
125.94,277.7
123.34,988.45
146.42,665.05
121.94,968.45
130.14,536.37
128.4,1142.2
130.66,1057.9
128.55,1228.1
127,518
130.2,210.38
133.39,978.57
161.05,1199
154.4,857.94
135,1227
146.06,75.661
145.23,501.46
169.9,1090.2
148.43,1001.7
156.02,536.64
147,1239
164.45,1053
157.74,1123.9
155.6,754.6
157,923.5
163.9,373.52
163.55,1236.3
171.84,983.2
169.38,469.35
170.54,506.07
171.76,414.24
172.14,1148.1
183.85,601.26
196.6,549.11
199.73,437.84
200.68,90.822
194.88,355.59
191.03,905.75
191.17,379.09
191.19,728.16
220.62,958.69
195,652
212.98,250.03
203.91,367.53
204.08,636.68
212.13,1196.7
225.42,1094.2
219.75,906.04
215.31,604.25
212.37,377.08
212.71,1247.3
221.85,461.26
217.71,705.75
228.56,402.36
230.28,545.81
246.77,1180.3
222,1.875
221.04,1228.5
228.19,637.41
231.08,734.35
224.42,867.3
227.28,13.126
248.14,593.69
227.17,566.87
237.43,1232.8
231.93,985.47
237.51,1154.9
243.84,856.54
251.18,3.7378
245.93,703.2
240.5,716
248.16,1022
251.71,885.43
257.63,634.71
275.17,862.63
265,705
281.21,29.428
273.2,810.04
290.02,1232
277.85,969.45
274,620
280.07,907.98
288.21,166.78
325.97,1031.7
300.04,1094.3
285.92,11.413
284.73,684.85
295.37,559.17
307.76,1180.9
300.05,116.59
298.74,466.93
307.87,509.2
296.38,1148.2
304,289.2
299.1,72.484
301.82,1121.3
304.88,872.78
302.94,682.26
302.93,1001.9
333.72,184.94
324.24,336.67
328.49,483.26
326.45,865.13
329.97,580.85
323.25,651.49
323.06,688.31
327.03,955.95
333.9,834.9
335.99,5.6995
338.1,667.49
341.41,308.33
417.1,1117.2
341.14,123.73
336.73,1068.1
338.8,631.85
337.08,868.92
344.75,738.44
347.54,270.48
344.8,1146.8
356.68,13.319
349.66,89.874
354.88,1214.6
356.85,836.16
365.27,772.65
357.19,119.44
362.96,812.39
379.32,1161.1
363.45,687.02
363.05,1023.4
368.5,746
373.16,69.594
378.88,417.5
377.65,858.57
379.4,815.35
383.43,4.9612
384.12,603.83
399.39,776.53
393.4,1037.5
409.25,505.52
404.06,1057.4
398.59,224.96
398.39,551.14
397.8,1238.6
431.61,22.806
414.39,678.13
405.43,735.13
417.75,1018.4
416,796
419.5,755
422.47,852.66
423.73,146.67
425.77,673.77
446.93,1009.7
439.86,370.38
435.02,1246.3
437.16,985.33
436.5,681
444.66,818.25
442.34,315
453.26,622.16
444.93,742.77
450.86,777.07
452.62,1241.6
478.4,75.323
470.61,137.64
456.95,746.1
463.13,982.04
477.29,540.62
467,848
495.45,685.39
471.39,586.68
470.38,743.81
479.25,794.8
491.25,1140.1
475,7
473.78,294.79
480.3,609.34
494.47,386.82
478.41,487.94
498.46,854.06
486.73,984.71
482.5,118
486.38,4
489.71,29.942
502.51,819.61
493.88,472.28
510.25,486.69
522.59,548.03
511.26,736.05
547.01,771.22
523.15,1209
519.61,836.64
521.58,514.19
518.71,741.55
530.2,709.59
538.31,1141.5
532.86,908.12
533.86,474.73
531.06,365.3
530.09,445.09
534,834.5
542,564.87
549.01,221.44
557.58,308.34
545,1131
550.61,374.67
575.9,922.78
558.99,648.52
557.88,965.64
557.87,410.28
565.98,185.26
566.43,434.03
578.55,571.19
568.31,1130.9
575.47,1076.7
575.31,236.45
582.73,1243.3
593.06,736.95
579.39,686.22
581.38,1146.1
582.95,1053.1
595.82,97.748
592.04,943.49
600.86,1088.9
607.86,271.17
600.93,1147.6
602.39,69.289
609.5,866.24
613.18,806.07
609.94,570.64
622.78,750.36
618.08,1181.9
622.38,890.97
640.38,1032.1
621.22,939.2
628.59,720.38
627.67,907.83
632.79,152.8
636.72,672.48
636.45,963.15
642.35,192.49
636.23,819.03
680.62,659.72
645.29,311.18
648.07,1081.7
648.07,1139.1
662.37,745.26
648.82,981.54
662.67,250.17
651.11,883.44
651.94,889.44
681.5,625.88
660.78,959.86
663.31,364.86
661.25,872.75
662.17,320.13
664.46,1028.4
666.2,693.22
667.89,915.03
676.52,597.49
669.68,870.62
677.2,700.92
675,1246.1
679.1,951.27
685.46,298.36
682.07,885.36
692.97,1021.3
680,286
685.28,981.68
710.56,352.36
697.25,902.05
700.79,1055.6
694.3,941.91
693.47,1117.7
699.99,717.71
699.88,974.5
703.44,833.74
710.34,923.25
713.69,1096.6
706.41,956.94
720.26,830.58
714.13,895.03
728.62,981.05
719.82,1075.7
716.63,1138.7
724.75,1022.3
755.8,1120.1
720.92,1230.8
730.64,268.94
725.37,722.76
734.63,858.33
724,670.5
727,1096
727,690
734.09,686.26
751.26,641.47
743.84,752.11
742.25,423.95
739.5,776.55
744.77,595.77
746.96,714.57
738,725
742.96,683.4
744,394.5
749.06,683.59
749.5,393
756.64,697.76
758.6,790.34
756.86,1243.6
759.77,724.1
781.41,724.31
759.91,342.91
768.96,837.12
764,1183.5
776.43,495.47
777.54,1183.9
794.49,1032.6
786.93,1008.4
783.92,973.44
789.02,683.5
788.57,511.88
792.1,837.57
811.6,1241.8
814.54,584.52
797.92,654.08
806.97,28
813.56,1015.6
816.19,319.29
812.58,960.88
812.82,651.38
819.51,1115.5
866.66,946.27
835.19,1061.9
837.52,802.85
840.54,843.46
832.64,859.64
839.42,1111.6
861.82,1199
842,824.23
857.79,1244.1
860.25,1051.7
866.01,646.41
861.5,574.22
870.67,1113.3
862.23,611.03
866.73,1148.7
872.73,858.65
866.17,601.33
879.88,706.97
923.3,1056.9
889.3,1212.1
890,767
914.4,1161.7
940.11,951.51
898.82,762.89
924,627.85
920.82,805.67
917.36,878.78
927.29,746.88
926.72,691.31
930.62,761.36
933.4,1189.8
938.95,1094.5
937.23,1130.4
938.7,899.42
948.16,873.6
944.77,827.5
945,911.5
959.62,1066
951.85,903.16
958.97,640.07
952.03,611.28
961.01,1120.2
967.57,666.57
969.29,925.85
969.81,781.3
981.5,720.49
979.59,1227.7
988.7,684.68
983.33,1143.2
988.52,1244.2
1005.4,1136
991.2,337.04
1007,980
1003.9,934.23
1022.6,132.68
1000.4,735.07
1013.5,704.77
1031.1,1236.7
1028.3,455.53
1028.5,1068.3
1041.1,67.822
1034.8,885.09
1038.5,19.083
1048.7,592.53
1060.2,1136.2
1039.2,487.59
1059,277.01
1077.5,189.23
1057.8,320.63
1058.2,123.36
1051.2,1186
1055.2,1172.5
1063.5,820.48
1066.8,974.21
1063.4,1008.9
1070.4,345.94
1077.7,1018
1089.5,803.24
1088,239.3
1103.6,1226.1
1093,90.689
1092.6,993.99
1106.1,400.49
1091,253.5
1115.3,224.57
1098,860.82
1095.9,1137.4
1121.3,1098.7
1103.6,1208.1
1123.8,340.39
1117.1,1026.2
1119.7,1188.9
1117.2,495.29
1144.9,827.38
1121.4,186.93
1126.6,520.02
1125.9,464.9
1148.5,1170.3
1140.5,1244.4
1129.6,97.391
1129.4,367.57
1142.5,412.01
1152.9,361.21
1169.2,1014.7
1144.4,1050
1150.8,333.21
1158.2,615.25
1169,557.98
1180.8,940.29
1175.1,775.01
1179.6,498.9
1180.2,708.88
1174.9,1045.4
1208.8,1061.2
1178.5,348.89
1190.8,1146.1
1178,1173.3
1195.8,1213.4
1199.6,500.43
1200.3,850.87
1200,970.6
1205.9,821.95
1210,955.84
1210.5,562.06
1211.3,931.27
1212,1238
1233.7,990.69
1220.4,889.88
1215.5,835.69
1218.2,1191.8
1219.4,734.41
1233.4,919.22
1235.8,1227.4
1240.6,959.13
1241.3,175.2
1239.8,847.53
1242.5,691.11
1244.9,736.07
1245.4,503.29
1246.1,568.92
