4.4194,952.45
7.4595,990.95
8.5,879.5
10.086,1055.5
18,999.32
20.14,566
21.89,731.61
18.929,933.93
29.25,43.863
37.744,372.14
49.379,608.05
50.576,264.98
55.126,1158.8
53.826,84
57.5,556.5
62.34,271.2
62.318,893.06
71.46,905.42
70.5,849
71.541,939.08
78.619,768.27
75.735,220.42
92.385,99.769
90.586,650.22
99.513,57.167
98.431,627.47
103.2,1187
115.08,453.1
117.09,1080.1
122,1111.5
156.38,157.38
166.04,358.11
170.4,543.89
171.88,501.64
186.23,107.57
187.86,59.123
205.94,1074.9
211.31,660.55
216.1,1027.1
231.1,91.58
233.99,1086.2
233.79,656.51
236.4,259.11
234.46,617.07
236.93,471.59
243.26,455.16
242.7,554.86
241.93,28.311
245.65,128.07
248.5,738.29
255.18,24.8
255.45,1154.8
261.95,94.932
267.1,545.71
271.78,889.55
274.68,489.7
273.33,452.56
274.42,99.105
283.95,1012.7
283.47,139.74
286.51,613.76
285.99,1133.6
291.58,358.42
301.68,107.42
302.83,198
302.62,512.73
316.29,550.41
317.56,721.83
341.47,584.27
345.07,387.01
345.95,930.43
347.34,854.62
357.42,304.61
365.89,162.42
365.88,596.5
373.41,269.16
370.43,945.45
370.89,552.63
373,297
375.78,990.1
380.44,84.582
384.4,351.79
388.66,496.03
387.27,671.55
391.12,12.939
395.61,920.86
405.62,496.09
403.58,87.895
414.67,1042.9
426.07,713.53
438.06,982.41
439.94,348.69
448.23,562.98
453.39,715.7
462.77,290.24
462.43,438.91
468.14,890.1
479,534.89
480.91,557.09
491.26,788.03
492.85,807.54
492.33,1111.1
505.45,863.47
504.19,1071.9
525.79,985.36
538.03,265.78
537.5,292.5
548.19,40.764
547.91,1082.6
550.95,280.39
557.1,656.9
562.42,403.45
565.54,366.07
571.06,67.942
576.13,40.634
574.5,743.74
576.53,1098.8
589.11,538.98
594.58,842.29
592.56,665.08
598.58,436.45
593,783
597.9,953.24
600.28,1077.3
599.43,1042.1
600.91,245.09
607.65,127.62
606.74,57.86
609,436
612.35,1049.8
619.09,617.49
619.9,125.07
621,416.5
628.88,120.88
637.2,24.932
650.5,242
653.69,746.04
660.5,630.5
668.56,1073.7
673,371.06
675.45,643.02
677.7,426.23
683.73,112.41
688.43,543.56
691.12,765
703.59,231.16
706.39,683.49
707,508
714.88,348.89
720.5,1221.5
727.39,770.86
727.54,955.08
729.65,1023.5
733.86,167.19
738.11,817.52
738.34,1220.1
740.86,683.88
737,1109
740,507.5
761.21,1047.2
778.3,163.56
778.86,651.64
781.48,801.18
782.69,1094.6
781.83,781
793.43,433.55
795.58,824.42
798.55,583.97
800.23,631.31
801.11,1199.6
810.23,291.57
809.81,657.46
817.25,829.75
817,950.5
834.37,168.04
836.47,594.66
839.19,378.26
839.46,963.77
846.64,342.56
852,904.68
854.5,326.5
859.59,950.29
866,513
867.18,172.96
873,482.94
875.81,247.19
892.33,621
897.81,380.56
900.5,194.57
903.97,1093.8
905,999
913.34,158.92
923.67,194.44
923.93,711.58
928.24,443.25
924.99,875.79
935.6,1012.3
939.71,125.68
949.44,308.82
947.45,729.64
951.82,1154.7
952,618.17
955.85,651.58
963.27,40.66
961.83,543.65
968.74,189.54
969.98,1047.9
980.5,250.5
982.93,677.39
994.58,1245.8
995.16,358.87
995.92,298.11
1012.5,978.7
1013.1,916.69
1022.6,1056.1
1035,9.9519
1043.9,955.07
1046.4,1088.6
1052.8,90.909
1054.5,1072.5
1064.5,882.72
1065.1,1031.1
1071.5,161.39
1077.6,642.96
1077.5,497.5
1083,1010.8
1083.5,390.1
1082,71
1084.5,782.45
1097.8,602.37
1097.3,385.07
1099.3,440
1103.9,868.59
1111,358.43
1118.1,34.958
1120.5,1244.6
1120.5,1227.5
1125.7,848.5
1127.9,284.22
1125.6,1133.9
1141.1,1083
1153.2,1117.8
1161.8,678.75
1173.2,59.333
1178.4,857.37
1180,672
1180,1231.5
1182.5,574.28
1198.1,1101.6
1211.2,126.82
1211.4,355.89
1218.6,534.13
1227.6,1154.5
1228,12.182
1229.7,973.27
1244.7,577.94
1246.2,840.07
