2.3333,341
13.622,335.58
11.676,354.95
14.741,1053.3
13.5,640
18.643,1246.1
27.5,375
35.116,397.88
38.045,78.613
42.349,1147.1
41.389,304.14
41.588,479.12
44.139,1242.4
47.765,380.16
48.207,322.4
59.339,714.99
59.818,989.27
63.571,1072.6
70.022,308.39
75.994,657.02
80.634,318.61
88.338,1230.5
86,85
102.14,1047.6
109.23,724.48
114,540.5
115.14,1247.1
117.72,137.41
123.39,958.82
150.34,1143.5
155.76,610.05
158.82,1166.7
162.25,31.214
160.83,413
163.27,559.94
175.24,553.66
177.38,1186
209.58,1209
206.5,515
211.26,5.3478
220.42,799.99
233.51,384.19
230.79,944.68
241.96,1093.5
262.94,349.88
263.57,1090.1
272.26,624.39
274.13,211.22
285.87,130.09
290.23,98.017
290.19,985.83
287.43,1040.9
289.27,453.73
298.54,575.15
308.38,740
308.66,784.47
317.93,101.51
322.58,1175
329.71,494.55
334,539.5
342.98,843.5
338.16,357.95
341.85,698.16
343.01,443.57
346.32,63.043
352,168.12
351.63,527.37
356.54,208.66
366.51,667.84
363,402
374.82,800.98
384.19,686.67
385.11,161.21
384.85,1102.7
399.8,350.47
403.12,47.098
401.88,482.88
413.57,438.89
418.51,985.15
420.59,375.04
426.47,723.79
436.5,118.36
439.81,4.119
437.33,1059.2
443.24,1002.2
442.55,810.31
445.28,769.5
471.71,1100.6
470.08,707.44
474.09,824.09
475.2,505.44
478.83,237.17
480.35,141.14
484.96,294.77
487.52,575.05
486.12,485.98
490.44,243.87
491,720.75
496.08,444
497.47,78.053
511.17,743.31
510.37,174.16
511.74,1037.6
518.66,130.53
528.12,476.37
538.2,18.132
539.86,296.01
537.95,552.81
545.66,935.12
552.31,55.288
558.94,425.91
571.88,564.85
570.89,353.58
574.79,386.1
576.76,486.87
590,637.47
593.47,1200.4
596.03,214.74
591.93,347.68
594.07,1080.7
594.24,467
595.15,322.65
597.83,748.38
604.54,1114.9
603.99,91.007
609.34,372.57
608.78,645.9
610.7,852.04
614.79,773.79
621.54,687.58
627.7,926.13
629.36,50.887
648.7,313.11
649.63,1198.9
651.34,484.63
655.34,588.01
654.71,331.78
672.31,412.53
676.82,799.43
683.06,348.08
687.44,443.42
685.83,1149.2
693.55,218.3
699.09,823.09
706.38,981.8
703.52,1046.7
701.93,1180.6
705.17,482.89
705.45,1122.2
715.75,241.2
712.63,541.63
717.88,647.27
717.42,1195.1
722.56,1084.6
732.89,330.51
732.32,580.66
734.81,721.29
739.77,418.1
746.44,909.18
749.03,315.97
750.02,766.91
754.94,87.549
759.08,419.86
763.35,649.63
764.42,339.58
779.72,119.41
791.41,607.58
794.85,77.806
800.39,258.86
804.21,130.48
804.56,830.25
806.09,970.48
814,372.32
821.05,805.38
830.02,662.96
845.39,118.17
846.87,294.98
852.68,223.25
854.33,711.84
857.27,1176.4
855.58,556.11
864.15,874.26
860.94,179.91
868.13,217.21
871.03,1056.4
882.54,416.16
892.81,1034.1
894.05,801.64
893.32,103.69
899.72,23.58
910.42,479.76
908.85,362.04
918.66,985.91
935.54,560.37
936.58,45.6
943.83,1173.7
940.42,240.58
942.66,899.92
954.08,149.17
956.02,125.29
957.57,529.72
959.58,1181.3
974.83,193.97
977.34,385.43
983.19,1235.4
989.37,362.42
994.18,43.048
1000.5,735.19
1008.3,131.31
1008.5,657.77
1012.4,1099.1
1017.5,21.5
1026.4,356
1026.5,940.36
1036.7,452.04
1037.2,543.39
1037,115
1038.4,654.23
1047.4,709.55
1048.9,906.5
1056.8,1094.5
1060.3,1236.8
1064,617.73
1063.7,894.78
1073.5,362.63
1082.2,605.97
1077.7,1167.9
1084,1048.7
1085.4,307
1090.6,811.05
1093.8,116.8
1095.9,765.82
1098.2,1048.4
1096.5,658.15
1101.8,251
1111.8,1079.7
1110.5,515.97
1113.8,278.22
1116.5,483.61
1114.5,933.41
1122.7,787.46
1121.6,595.55
1123.8,1150.9
1141.5,672.43
1144,988.26
1155.4,262.35
1157.2,424.77
1168.6,849.08
1179.7,81.658
1181.6,387.85
1177.1,806.08
1187.2,1056.2
1189.3,876.38
1192.2,1006.7
1197.4,901.49
1204.1,72.268
1202.5,572.27
1206.3,676.15
1212.7,784.67
1217.8,1122.7
1218.1,617.59
1220.1,575.61
1223.1,661.31
1228,805.4
1230.4,558.86
1241.9,1174.7
