4.2449,358.62
3.3611,508.03
6.1258,874.95
24,572.5
26.516,464.87
31.158,1177.6
34.547,287.76
41.421,1097.9
45.373,333.85
75.92,100.44
81.59,224.97
84.419,35.547
83.324,575.95
85,160.33
85.826,290
91.5,1229
94,566
100,443.17
103.51,337.08
106.5,20.5
111.17,723.43
114.84,633.12
122.18,898.82
126.42,92.115
132.73,1155
143.15,384.95
148.9,808.32
152.83,573.31
152.96,195.95
152.86,871.86
153.97,33.272
155.8,373.66
158.02,615.21
159.43,16.743
161.95,330.53
173.38,50.202
171.37,1075.4
172.87,990.48
187.09,944.36
193.06,553.09
203.64,237.09
200.56,787.47
202.13,105.74
219.39,199.27
219,301
223.31,658.83
221.42,1121.9
225.44,428.08
229.4,751.36
235.1,686.3
237.92,788.21
236.2,332.54
235.88,367.78
243.57,618.34
236.26,582
246.53,508.43
247.52,1046.8
247.2,135.56
247.9,826.68
256.64,308.08
263.06,5.7872
268.68,144.29
266.14,604.55
269.92,357.62
271.27,1026.2
281.07,1039.7
279.58,688.57
278.37,237.47
281.17,576
286.59,864.95
291.1,97.559
291.05,952.97
291.32,1246.8
290.64,22.886
297.14,878.14
299.44,671.08
304.26,343.99
314.32,811.05
312.42,491.89
318.48,563.77
318.54,91.915
321.47,534.93
324.03,417.54
329.45,633.64
333.01,781.39
335.51,550.93
340.15,588.23
335.47,1131.3
336.68,306.94
343,393.29
348.75,274.83
351.18,788.77
352.25,829.48
349.96,572.41
351.32,549.22
355.37,456.07
362.74,762.76
359.7,571.98
363.07,552.51
373.43,278.94
378.49,869.42
377.09,1177.9
376.1,26
385.39,576.38
389.17,182.62
384.72,452.64
389.8,213.44
400.92,196.13
401.42,991.11
404.68,843.64
402.5,872
407.57,776.73
413.08,588.18
417.52,182.5
416.93,978.94
423.3,101.37
421.39,7.0278
425.89,832.32
430.16,26.929
429.11,1060.4
430.08,1242.5
434.54,963.56
434,936.5
436.99,1097.1
441.35,926.59
442.85,719.62
443.91,773.11
443.93,976.26
444,3.1429
444.34,1224.6
449.16,906.57
454.74,826.23
454.23,1156.4
453.88,1121.9
458.58,865.58
466.48,1096.4
461.6,244.5
469.52,79.415
476.19,896.95
473.48,1055.7
476.72,1216
476.58,351.11
477.34,973.47
478.61,1235.3
482.78,1040.1
485.31,326.76
488.8,761.52
489.64,1068.2
492.67,1107.5
493,922
495.96,1051.4
499.92,984.89
500.55,207.58
508.04,170.81
509.16,292.29
508.11,1080.1
511.83,533
517.16,838.79
518.93,1202.4
519.09,582.6
521.44,539.56
523.49,766.25
526.63,303.1
528.8,416.44
529,1228
541.24,499.49
537.41,545.94
543.96,223.47
555.98,906.04
552.5,6.5
557.13,1211.1
558.39,1159.1
571.15,499.53
583.43,113.3
580.93,291.41
587.33,267.49
587.57,253.45
593,1052.5
600.43,405.56
596.5,652.5
605.07,1061.4
609.5,598.5
612.06,1014.3
613.95,1107.7
613.61,924.64
619.19,480.8
616.47,513.67
617.63,243.63
620.06,535.04
623.41,1240.6
635.11,599.15
634.93,895.31
637.87,7.6161
642.09,1173.2
656.18,1071.4
655.56,852.58
655.91,115.09
656.85,944.54
661.88,578.4
659.09,1244.1
682,893.5
685.57,805.73
682.35,908.5
684.36,1085.5
694.08,464.54
695.52,676.1
694.96,1071.3
696.4,1200.1
696.92,417.8
698.59,829.93
706.05,1201.7
716.81,583.65
714.61,853.43
713,595
728.6,280.42
739.26,1076.9
738.61,1155.1
743.56,1236.5
749.86,584.74
751.5,4
752,734.5
754.29,435.91
753.56,870.56
758.76,902.45
761.58,1102.7
758.96,649.84
759.25,172.83
759.1,356.38
771.81,609.49
763.79,881.74
765.68,679.16
769.69,174.14
774.57,1207
775.02,643.21
780.27,951.97
787.31,723.2
790.95,1206.6
799.58,864.44
795.91,350.09
813.83,277
820.98,745.95
819,1048.8
829.02,917.15
825.63,664.63
827.45,591.29
829.82,782.97
829.05,1048.8
831.66,244.85
837.7,92.073
836.56,1177.7
841.13,338.28
844.36,1069.4
847.74,16.193
842.5,214.5
845.59,630.88
853.37,1000.3
857.53,265.85
858.43,605.8
863.08,846.8
875.92,122.85
876.89,954.2
874.33,473
875.96,1204.3
878.12,1073.4
877.96,528.41
881.87,940.23
882.99,912.91
898.58,1144.6
897.42,777.89
900.5,976
927.91,1104.7
920.44,710.92
922.92,572.08
928.62,1225.4
929,998.24
933.48,1032.3
941.47,971.62
946,42
944.91,720.09
949.82,782.4
950.35,561.88
950,917.5
952.44,743.47
955.24,886.35
967.99,148.46
968.86,846.39
980.85,895.27
982.2,713.32
993.81,190.98
997.1,906.33
993.37,430.37
1006.6,947.57
1005,1061.1
1013.6,273.05
1015.4,856.38
1027.8,873.84
1034.2,737.41
1033.6,862.55
1036.1,1111
1034.9,958.02
1049.5,184.5
1058.3,1096
1058.1,883.52
1056,1062
1074,1081.7
1074.7,375.75
1078.3,352.51
1078.6,398.53
1088.6,833.26
1088.6,359.63
1094.7,1114.2
1094,1176.3
1100.6,297.84
1101.4,934.92
1102.3,1059.4
1106,427.82
1107.8,989.51
1107,331.5
1112.4,120.9
1112.2,2.72
1114.5,392.53
1116.5,172
1127.7,943.55
1144.5,361.18
1146.3,1059.2
1158.4,973.22
1168,1047.5
1172.3,34.568
1169.1,1120.4
1173.5,1138.5
1183.2,465.41
1186.6,206.61
1193.6,1108.9
1193.2,744.94
1195.1,998.91
1200.4,1050.6
1198.8,1213
1211.7,383.02
1215,902.24
1218.7,193
1219.5,985
1223.9,933.12
1228.2,414.8
1227.1,1218.9
1231,1053.9
1245.9,50.8
