9.7374,86.853
8.2468,168.62
3.2162,211.7
10.497,244.35
37.119,301.34
13.141,433.65
13.657,492.74
38.052,556.51
19.572,648.49
4.2612,806.4
30.924,919.61
23.657,988.7
36.307,1021.9
1.6957,1134.3
3.6,1169.7
23.217,1206.9
4.4811,1303.4
17.579,1150.5
61.439,1256.2
10,794
14.034,16.759
30.091,378.68
15.359,787.2
21.895,136.38
29.934,619.06
21.919,755.97
17.753,900.16
20.115,47.942
71.655,720.27
24.592,1178.8
29.325,1050.2
50.732,1111.8
41.519,1327.1
38.244,52.138
44.255,78.513
38.779,31.623
37.629,773.36
42.824,515.82
40.943,165.66
41.769,312.82
40.091,666.09
44.094,1229.8
44.6,264.18
44.136,464.59
75.83,1167.8
51.18,869.85
61.287,299.28
52.433,26.033
55.6,217.18
54.467,410.6
55.902,807.41
60.284,15.422
59.308,53.282
67.298,620.4
73.009,937.14
103.15,44.313
88.018,418.27
62.059,987.59
71.227,181.63
73.031,900.62
66.352,95.815
66.735,476.71
69.2,814.51
69.828,973.86
75.865,1126.9
73.921,849.28
70.119,378.48
75.208,1206.3
83.271,27.868
77.491,510.07
71.5,1083
74.5,1325.5
180.51,262.3
91.632,1285.3
115.74,971.39
109.81,204.34
122.45,531.68
86.154,7.4615
88.315,803.75
86.5,910
93.804,746.73
96.008,777.71
108.86,241.99
125.55,810.23
89,1259
125.5,1061.4
94.6,1127.6
102.52,1326.9
99.083,122.92
100.58,518.54
113.72,320.22
112.3,363.65
101,532
100.15,886.3
107.55,1105
118.65,741.29
115.9,148.46
108.68,1265.8
146.13,1155.3
113.91,574.22
116.46,1300.5
116.27,1242.2
113.35,1281.3
129.93,1320.1
131.48,602.32
119,864
122.15,335.4
146.84,1216.3
123.18,557.22
128.73,1089.6
165.92,685.74
131.48,1109.3
167.89,221.41
136.08,370.67
136.49,1280.3
140.04,563.57
143.95,202.19
139,925
162.3,390.79
143.44,838.8
196.06,972.88
150.35,851.92
146,1010
151.56,682.9
160.42,1297.3
154.29,30.441
151.4,66.4
156.73,905.33
163.62,449.54
157.52,1015.9
202.37,91.29
156.88,827.17
155.33,997
156.22,1083.7
156.23,1097.4
178.57,455.64
172.97,564.11
164.3,166.06
185.01,346.64
161.87,1248.3
199.41,416.38
173.89,1118.4
164.5,333
171.66,830.94
183.2,1310.5
171.83,1018
172.11,1242.4
178,489
178.91,1155.9
196.77,377.35
191.2,648.44
185.27,1041.3
188.2,867.59
198.11,1273.7
239.67,709.59
185,1077.5
189.83,1060.2
207.38,304.4
196,590.54
194,1182
199.8,1292.9
200.59,693.06
210.37,891.63
216.31,1124.4
225.37,801.33
211.18,1064.7
212.21,1168.3
201.6,457.6
204.92,396.38
204.58,1188.1
207.55,674.95
206.5,785
206,455
217.3,1241.7
222.9,481.61
210.95,206.9
226.27,1199.4
225.56,1079.8
218.26,581
219.42,1013.8
221.41,736.57
234.47,1276.1
230.43,448.64
223.06,864.12
236.36,667.22
225.74,892.99
229.46,21.489
228.05,356.43
240,614.5
231.69,1026.7
238.12,330.93
233.31,1326.2
233.42,292.87
236.91,576.29
234.02,866.95
265.2,978.31
241.42,463.84
248.8,388.08
248.35,920.04
239.92,497.14
245.05,1174
250.19,1006.1
275.24,137.04
257.4,281.29
250.5,1321.5
253.54,1050.3
266.54,532.34
286.77,916.16
268.38,107.37
258.76,1098.6
278.28,1179
273.43,804.14
257.61,876.72
280.99,389.65
259.72,256.34
264.35,912.27
268.69,492.97
268.12,617.08
264.38,437.23
275.73,1005.3
274.19,1283.3
268,241.5
298.66,302.91
307.32,735.46
296.94,654.91
292.66,1329.9
285.09,945.23
286.84,366.39
298.57,789.21
303.95,1118.6
294.56,503.77
295.11,405.42
355.47,467.94
297,1140
295.67,413.42
304.28,862.15
296,880
299.29,240.15
315.21,1251.3
310.98,3.5781
351.25,769.6
312.31,943.01
309.15,962.62
352.19,372.61
315.71,673.52
315.67,990.59
376.31,90.321
322.18,972.5
321.42,213.89
329.31,1232.5
345.25,947.07
334.25,665.85
365.26,1083.6
368.78,1243.3
339.83,1146.4
350.67,61.905
337.81,533.75
346.19,561.74
335.94,713.65
340.17,202.58
336.98,981.98
341.58,324.9
355.8,1039.5
340.84,1214.8
344.19,306.57
343.19,897.08
347.39,1115.8
350.29,732.03
361.49,911.64
358.94,1207.1
352.7,220.82
356.45,9.8408
389.79,655
359.62,848.66
358.94,204.66
361.35,622.17
363.61,1183
372.19,706.83
365.41,409.07
373.09,1159.6
373.49,1310.1
368.79,547.88
369.14,193.55
376.53,875.99
376.78,894.52
377.19,1271.6
379.26,951.18
429.25,793.38
383.49,524.37
376.74,1009.9
404.4,1117.6
390.31,973.86
398.44,487.73
392.63,547.5
389,602.69
388.12,570.82
430.88,142.35
387.3,858.22
391.21,451.31
413.57,1149
403.49,851.16
416.57,1050.1
400.33,144.28
408.45,905.32
453.03,536.9
409.29,684.74
409.15,1303.6
449.18,417.5
410.05,1264.8
409,611
414.33,1282
414.29,325.08
417.88,638.88
433.09,710.46
432.51,1326.6
531.57,921.18
426.14,1082.7
444.89,348.92
425.87,621.15
435.17,1208.9
427.59,250.14
424.13,272.28
461.36,1244.1
432.87,855.96
428.5,1005
432.16,672.85
429,46
432,568.67
433.27,266.65
437.51,750.15
442.82,163.22
435,1102.5
440.37,30.145
438.36,273.5
462.11,1142.5
533.33,138.35
442.03,947.31
442.57,1161.1
457.99,1092.5
459.96,983.93
472.45,728.08
450.7,1033.5
448.5,1078.6
451.4,1310.7
459.73,302.93
451.57,1277.1
452.67,657.31
451.5,886.12
451.5,1199.5
451.91,145.17
452,1055
458.19,693.59
458.68,1298.2
461,850.55
466.14,680.18
469.37,1046.9
463,12
477.19,251.31
471.23,1264
466,331.5
469.1,902.23
469.83,6.4808
467.77,144.09
480.85,1196.2
489.54,1307.3
482.51,780.68
481.88,613.02
505.62,542.33
478.47,527.46
478.77,323.85
484.17,858.38
536.5,682.18
503.84,372.44
490,592
499.81,323.13
495.5,637.35
502.39,266.77
498.23,595.63
513.21,1169.2
501.51,958.94
499.94,652
521.55,1315.4
521.03,400.45
505.77,1026.8
521.36,803.43
537.3,1217.5
516.98,632.14
520.92,1140.1
513.59,1307.7
516.19,505.76
519.71,254.14
525.65,698.23
533.02,266.17
529.98,1265.9
531.97,13.131
610.61,340.02
534.53,39.622
541.36,464.49
572.65,1174
535,772
573.41,485.04
537,1136.5
540.77,1253.4
540.88,334.14
540.11,249.58
547.67,782.42
545.55,813.12
544.87,402.23
560.43,1250.1
549.21,378.59
560.67,757.36
550,419.5
550.91,848.09
561.86,1328
552.9,587.95
554.37,883.5
559.18,1118.4
562.5,856.3
557.42,1151.9
558,891
560,785.5
568.61,555.95
566.14,686.39
563.12,726.51
581.45,1077.4
567.94,658.48
566.33,964
570.47,1027.1
567.85,1219.5
567,248
691.84,701.31
571.4,824.53
569.65,935.14
573.09,1125.7
573.92,268.85
578.65,1218.2
617.13,1216.3
586.23,30.422
581.06,1275.4
604.67,1004.1
589.09,772.85
583.5,1024.5
652.27,580.26
590.96,668.62
585.6,1019.6
587,1212.5
597.7,753.56
594.61,52.877
598.84,153.61
595.4,1032.1
602.67,3.7194
610.47,1298.9
595.98,1124.8
598.1,605.05
601.79,1213.6
600.73,629.47
602.48,489.03
604.29,175.09
608.18,1195.2
608.45,651.61
612.14,919.47
608.76,661.07
611.71,958.59
613.29,306.28
613.67,106.68
620.33,327.29
615,344.5
623.94,469.37
616.11,745.11
625.07,665.29
626.09,354.71
621.5,496
624.49,1071.3
625.38,1331.1
637.74,275.14
634.12,442.21
630,923.85
632.4,990.83
651.22,1023.1
639.35,139.48
632,253.1
632.58,361.65
632.79,908.6
639.69,26.542
636,485.97
637.65,707.08
639.74,974.77
703.79,996.35
654.97,674.37
647.42,1151.1
651.17,1266.4
645.68,1227.4
644.54,1317.1
649.4,639.6
651.5,169
652.76,182.87
652.1,655.98
653.22,992.91
699.83,323.15
656.45,1111.9
653,1299
656.63,52.963
661.71,522.48
654,1306.5
656.7,1315.4
656.46,491.51
671.2,825.22
673.76,923.38
691.05,23.875
660,44.5
664.36,474.09
661.5,684.5
662.42,696.37
663.16,364.92
696.09,1289.3
681.14,763.6
666.34,1103.3
665.35,1213.9
679.95,97.421
682.26,59.092
676.53,194.02
680.8,385.75
686.93,363.26
681.04,1099.5
683.11,1208
685.85,1113.9
684.83,1037
689.92,230.22
689.26,1233.8
691.97,1053
733.57,175.49
699.22,1303.3
700.28,855.96
700.9,648.85
706.72,1111
699.8,481.68
699.91,638.52
708.31,1206.7
701,783
703.07,463.11
706.47,920.22
709.11,247.01
706.5,749
706,788
707,889
730,1148.6
730.75,100.56
713.21,596.14
720.04,276.95
726.52,524.33
717.69,1317.6
731.79,23.792
718.94,576.74
719.5,939
725.88,617.35
780.35,912.24
726.43,907.57
735.72,962.45
734.56,1253.4
730.47,243.44
737.3,265.88
731.5,285
732.8,348.84
745.3,472.4
734.03,7.9054
738.47,585.75
734.8,643.66
734.78,988.45
739.34,313.07
741.05,218.93
745.13,77.298
739,498
745.32,1299.7
780.44,280.31
747.76,7.9455
751.92,444.22
781.84,732.08
756.14,398.75
752.09,799.52
759.07,101.69
756.08,1071.3
762.35,206.94
762.75,1034.3
780.53,1275.1
762.13,1327
758.57,782.61
761.09,75.909
769.58,231.51
776.87,814.7
764,81.5
767.61,463.78
769.7,762.62
768.05,1165.6
782.05,41.014
769.47,1198.4
772.72,963.57
776.33,97.327
791.64,687.14
798.69,421.16
777.55,620.96
792.57,1202.4
778,781
800.05,49.818
824.29,308.31
793.39,454.69
801.84,515.67
787.06,181.74
790.95,988.2
791.17,547.72
785.93,1055.3
786.37,211.63
806.08,9.2665
799.08,107.06
797.5,849.5
798.5,973.5
803.87,1139.3
842.09,177.24
800,796.35
801.64,243.32
809.5,666.54
828.99,576.48
810.59,281.78
808.11,1094.6
809.5,1074
814.27,1310.3
813.27,118.07
809.55,1161.3
824.26,479.16
821.84,832.6
817.44,749.27
857.89,446.34
824.27,642.93
823.13,804.48
822.14,1227.3
850.53,50.808
827.5,36.675
827.2,896.17
826.5,1160
826.4,1116.8
826.57,692.39
827.89,756.11
829.65,1177.6
864.65,803.19
838,999.65
835.75,1292
838.49,946.77
835,1141.5
853.12,1222.6
842.21,821.87
861.27,1169.7
844.39,657.43
847.62,885
848.82,678
857.36,1307.2
862.26,686.85
929.65,96.345
858.84,942.93
858,180
861.11,213.7
868.82,298.92
901.54,155.05
869.48,1327.7
867.33,997.62
868.24,239.68
870.44,390.06
869.48,649.56
864.4,965.4
868,712.67
869.93,889.26
875.96,917.71
876.43,748.22
870.83,1254.7
872.66,101.8
894.22,487.6
874.04,1246.4
930.44,413.08
878.15,733.28
878.28,668.96
917.09,308.25
882.51,939.09
884.44,1241.9
882.77,55.161
892.92,226.37
881.89,1013.4
885.44,32.337
895.92,889.15
887.33,1027.9
895.42,1068.5
885.96,708.52
889.11,78.659
894.3,46.537
891.43,555.95
894.31,1128.8
897.6,2.2667
901.57,987.02
895,1009
907.67,633.06
908.56,571.92
905.45,1173.9
907.6,698.28
907.46,813.65
937.8,528.37
910.41,52.177
925.66,735.39
927.14,472.03
933.61,25.526
917.87,1219.9
940.87,363.77
913.42,828.98
923.75,554.97
924.74,200.16
925.54,451.48
921.3,768.65
919.03,903.75
927.24,1180.8
942.07,954.25
978.85,711.14
927.71,1155.9
936.06,1301.5
944.77,234.19
925.96,1118.7
943.35,629.88
938.97,1257.1
938.16,1327.1
936.4,1234
940.64,173.01
946.49,1057.4
978.5,152.38
942.64,817.41
941.95,871.05
973.8,540.69
943.37,587.63
948.5,1150.8
947.52,307.44
944,382
947.81,268.02
948.91,446.24
956.92,195.61
955.92,1176.3
956.97,498.18
954.1,851.22
1078.4,418.56
951.73,609.36
954.42,1243.7
957.5,1294.9
970.58,588.56
959.24,1020
964.01,803.18
969.4,1266.5
963.6,248.59
959.83,618.61
970.31,873.78
976.64,28.578
964.19,112.11
963.93,1057.4
983.48,295.26
969.33,124.16
973.87,1318.7
971.89,1107.9
968.34,1139.5
968.63,1149.4
971.71,221.92
988.12,482.32
989.25,1024.1
976.17,1131.7
1019.9,100.32
989.63,707.13
978.8,1328.8
995.05,351.07
980.52,617.2
980.62,1177.5
984.2,1201.8
984.91,656.15
982.56,1229.2
987.81,905.92
986.5,197.12
988,639
996.71,929.63
992.78,1097.7
997.73,593.55
994.58,1243.1
997.78,1310
1001,17.845
1015.7,187.12
995,554
998.79,29.118
1000.1,614.1
1021.7,224.32
1002.1,1088.2
1003,89
1004.8,1256
1034.7,540.76
1018.4,41.831
1001.2,874.53
1013.8,1171.9
1008.4,68.963
1006.6,939.32
1010.3,1074.8
1012.4,1139.3
1010.9,1118.2
1033.5,297.34
1013.5,958
1018.5,1250.8
1028.7,642.7
1022.9,664.91
1019,2.2963
1018.1,479.58
1025.6,758.28
1019,575.86
1019.6,1141.6
1022.3,355.38
1035.1,1284.5
1027.5,277.34
1030.9,1224.6
1025.6,1197.5
1037.7,591.45
1030.8,943.43
1039.3,1131.2
1031.7,792.96
1034.5,866.53
1032.7,971.23
1042.5,821.2
1033,353.9
1057.4,491.48
1036.9,1029.4
1047.8,690.27
1083.2,73.396
1055.2,616.03
1043.5,1009
1046.8,381.89
1046.2,900.29
1044,1003
1054.7,725.37
1049.2,1062.7
1057.1,1274
1062.1,129.35
1060.9,834.8
1078.3,319.54
1063.1,13.938
1050.7,983.49
1056.5,964.14
1067.6,236.99
1057,1153.2
1058.9,355.09
1065.3,1222.8
1062.8,266.95
1129.3,1108.8
1060,1029.3
1067.4,36.639
1063.1,747.65
1061,204.5
1066.4,943.47
1063.7,1044.1
1063.8,1254
1070.5,646.83
1062.8,1302
1072.5,791.57
1112.8,703.37
1071.1,1013.9
1068.9,414.3
1074.6,1067
1076.8,581.47
1077.3,290.81
1083.7,912.57
1085,1306.8
1077.9,849.1
1114.6,1158.6
1078.4,1261.6
1090.4,823.52
1089.7,607.47
1083.6,24
1090.5,1000.2
1083.9,1235.5
1083.7,1131.7
1088.7,1030.6
1111.8,125.93
1089.1,523.7
1089.2,801.16
1088.9,969.51
1099.2,1266.5
1092.1,115.52
1096.1,650.03
1092,985.55
1096.2,21.504
1100.8,500.92
1106.9,290.2
1110.2,947.2
1098.2,1065.5
1101.9,745.09
1119.5,610.1
1107.2,661.38
1103.2,833.14
1143,204.33
1109.8,62
1109.6,1222.1
1110.7,354.55
1106.8,794.13
1136.8,850.06
1110.3,1191.2
1113.4,3.3974
1116.5,26.299
1117.1,470.85
1124.5,897.58
1127.9,758.36
1127.9,1011
1128.8,575.41
1131.9,816.59
1122.8,99.313
1123.1,335.97
1175.5,705.52
1132.8,38.072
1128.3,520.57
1127.1,969.3
1149.8,471.41
1153.8,325.7
1125.9,870.42
1139.6,271.76
1151.5,526.49
1135,1061.9
1132.7,1195.3
1154.3,1251.8
1150.5,88.286
1137.6,877.03
1144,5.283
1157.7,799.5
1145.8,907.63
1145.4,291.37
1157.5,425.25
1144.7,649.54
1147.5,969.91
1143.5,1005.5
1157.3,632.59
1148,888.33
1148.6,1110.6
1152.7,137.89
1152.3,919.19
1155.9,1235.6
1160.5,15.618
1157.4,357.61
1165.6,565.52
1166.4,901.47
1163.5,1032
1175.3,269.77
1163,879.98
1199.3,977.51
1193.7,105.43
1170,196.07
1198.3,936.8
1185.5,49.767
1173.8,477.38
1175.2,226.1
1172.6,384.63
1175.5,1212.8
1178.8,10.352
1179.8,462.04
1196.5,499.86
1183.5,412.45
1180,620.5
1180,822.5
1184.8,372.3
1189.4,577.6
1190.3,761.54
1196.1,1056.7
1193.4,650.26
1192.2,952.65
1195.7,144.89
1195.5,433
1198,393.5
1194,868.93
1207.3,845.32
1204.9,403.06
1221.9,353.27
1205.2,153.35
1206,915.06
1208.2,1072.5
1207,352.59
1256.6,642.22
1225.9,1046
1213.9,139.26
1210.6,1178.1
1217.6,49.421
1215.5,72.06
1223.2,1088.1
1235.5,227.55
1275.3,1145.3
1221.2,582.96
1258.5,1286.5
1231.3,255.48
1252,697.69
1222.8,901.63
1202.9,787.4
1232.5,101.56
1224.9,199.29
1226.2,604.41
1225.9,149.44
1237.1,293.06
1229.5,880.08
1225.9,1195.6
1256.9,389.97
1231.7,1012
1246.4,39.195
1235,549.27
1248.6,848.23
1237.2,458.62
1233.6,790.67
1241.4,1054.6
1238.8,1116.7
1241.6,762.14
1248.2,890.58
1253.9,602.33
1243.7,325.37
1243.4,1174.1
1277.8,167.11
1242.8,956.34
1277.1,961.53
1242.5,1187.6
1247.1,83.319
1248.9,144.48
1252.8,1021.8
1248.9,27.045
1261.9,509.52
1251.6,1196
1250.5,262.15
1252.7,490.84
1257.5,310.68
1257.4,538.1
1294.9,761.95
1276.6,85.934
1296.8,1095.6
1269.5,410.28
1262.7,1074.2
1284.1,286.2
1281.8,13.213
1269.9,66.857
1274.1,568.49
1274.4,360.66
1275.1,1009.5
1282.8,534.58
1284.8,706.32
1293.9,447.87
1286.7,517.38
1306.3,563.42
1287,424
1293.5,405.88
1297.2,971.15
1293,679
1299.1,645.81
1296.4,1073.7
1295.4,1.9091
1295.5,505.5
1298.9,755.86
1304.8,714.84
1310.4,657.13
1307.4,677.73
1308.9,295.55
1315.5,15.939
1304.2,46.948
1318.4,353.32
1312.3,411.48
1306.9,1.9286
1321.1,141.29
1315.3,516.5
1322.4,853.33
1323.5,455.71
1324.2,684.66
1314.6,811.11
1318.1,798.5
1320.1,1249.6
1322.6,885.69
1324.1,1057.5
1320.1,708.67
1324.7,972.84
1326.4,42.377
1328.1,581.43
1327,161.41
1324.5,935.5
1325,653.82
1326.4,376.93
1329.7,803.93
1330.2,295.91
1330.7,314.71
1330.8,998.56
