3.2414,449.75
1.92,606
7.5766,254.66
12,493.5
14.772,960.25
16.083,190.36
17.74,1055.3
17.08,610.44
20.5,735
27.756,17.837
29.54,1035.6
40.158,194.75
43,229.59
53.249,286.76
51.2,386.69
58.198,555.37
61.694,29.323
67.089,1009.9
70.37,1065.5
74.634,477.45
79.441,918.03
86.464,659.89
88.364,1138.7
90.368,614.87
98.264,1094
99.197,329.03
100.5,550.5
101.93,32.593
102.92,737.44
107.74,901.87
115.17,1034.1
109.17,755
109.58,945.42
113.99,872.05
111.76,1054.8
112.44,223.16
119.42,672.45
126,682.89
132.93,751.97
136.74,718.18
139.96,302.92
144.09,112.91
147.07,1032.9
149.42,768.11
154.39,620.39
155.56,678.03
162.63,33.022
165.91,960.36
167.56,627.92
183.2,483.85
178.55,233.71
190.37,527.79
198.39,94.977
203.84,351.07
201.06,731.09
201.5,1181
203.58,1003.3
218.5,7
227.27,341.04
227.87,324.11
236.28,506.79
244.27,1176.7
234.41,387.56
240.73,270.38
245.74,184
252.62,617.65
261.59,103.61
264.63,169.63
267,773.5
269.44,536.41
273.15,570.07
278.48,881.02
277.5,715.5
281.37,859.37
288.07,1141.6
300.11,719.82
297.5,890.5
300.09,347.91
303.06,657.92
303.08,691.41
306.4,10.439
308.86,109.13
305.91,768.91
313.08,270.06
316.37,447.58
322.67,341.17
327.6,120.74
334.21,290.77
330.69,595.92
331.42,774.11
336.2,833.56
340.7,15.106
347.14,73.5
352.54,959.09
357.5,320.6
370.11,389.55
371,760
374.11,94.041
375.11,559.31
374.66,1117
375.2,158.09
379.16,1048.9
383.17,30
397.81,796.94
397.4,169.89
399.63,1204.5
403.77,725.17
407.33,315.53
410.8,71.5
415.5,1100
419.11,543.58
422.07,1055.4
423.09,151.91
425.57,1107.6
425.93,43.593
435.22,1182.2
435.94,40.5
440.88,909.01
441.43,370.47
446.89,524.42
465.46,784.9
465.6,1078.8
472.16,676.28
471.05,635.95
476,983.93
479.68,37.383
481.12,549.08
478.59,763.93
492.58,727.11
496.3,318.8
497.58,1137.9
502.4,300.85
504.2,529.56
503,744.08
525.38,180.39
531.79,44.587
544.36,905.06
547.29,246
559.73,631.04
561.04,208.58
563.07,896.41
566.64,99.291
568.86,491.84
570.47,136.64
569.87,765.17
576.67,164.38
578.02,730.85
580.15,982.99
579.93,930.07
583.59,1047.2
593.45,626.52
595.39,999.75
596.86,575.39
607.36,624.32
610.98,821.27
613.34,266.08
613,973.5
630.35,393.55
634.5,786.5
636.5,995.5
644,667
652.18,730.45
652.18,836.33
656.9,456.32
655.91,949.91
656.61,1097
658.55,54.566
665.69,80.224
665,847.5
668.51,586.32
674.35,1166.3
676.09,316.91
681,606.83
683.55,258.42
686.52,313.68
688.99,778.71
697.06,924.79
708.94,465.05
710.58,830.79
707.04,569.35
714.62,1105.7
722.5,1092
729,787.54
737.01,261.69
737.86,395.5
739.36,450.25
739.78,512.16
740.97,651.57
747.72,1165
748.3,463.37
750.77,360.78
747.6,537.6
751.9,838.38
757.24,1239.7
766.04,366.58
767.93,1007.1
778.61,472.25
782.4,351.23
805.02,992.55
805,852
814.71,451.65
815.77,624.92
818.22,10.076
818.49,767.97
818.9,482.1
826.1,855.62
828.47,631.92
838.17,844.15
842.04,756.4
844.33,629.56
845,167.5
852.63,1117.9
861.68,882.55
865.94,187.31
869.06,749.7
879.35,292.01
882.02,492.08
886,342.68
899.92,924.74
904.41,353.38
930.01,230.46
908.5,682.5
910.61,739.86
912,409.17
921.95,978.68
927.56,907.65
926.11,265.67
924.5,312
926,1222.5
927.5,873.5
940.29,247.2
942.19,16.893
943.14,618.45
944.11,204.41
952.38,4.4861
950,761.62
953.07,926.92
952.68,730.78
960.63,141.38
962.62,630.48
971.2,1201.6
976.77,1131.7
982.84,264.41
982.92,972.46
984.26,1082.5
1006.6,701.97
1008.3,741.93
1018.4,423.18
1024.4,1170.9
1022.9,1212.4
1023.5,287
1024.2,617
1026,652.5
1028.1,712.07
1038.2,238.25
1046.8,1091.5
1043.9,1125.5
1050.1,773.59
1052.6,848.15
1051.9,333.31
1052.7,1116.9
1067.5,401.5
1074.9,790.28
1079.7,286.33
1077.9,1085.1
1080.7,1140.5
1079.9,469.91
1083.1,879.48
1090.5,700.51
1104.4,506.66
1108.1,269.54
1112.6,318.06
1122,1.8261
1128.8,182.66
1121.4,513.42
1126.3,162.1
1132.9,1121.3
1133.1,503.89
1136.9,1052.6
1145.8,152.21
1144.8,1162.5
1144.9,409.87
1148.5,1211.4
1153.7,341.32
1157.5,1130
1163.8,1058.3
1165.6,718.45
1173.7,319.75
1176.4,1168.7
1175,146
1182.7,77.415
1195.2,833.26
1198.5,602.63
1198,1228
1204.7,1041.8
1204.8,1107.5
1209.1,72.119
1210,547.71
1207.1,1193.9
1214,162.43
1223.1,538.47
1234.8,74.273
1241,455.56
1243.7,831.05
1245.4,1215.6
