2.3793,997.62
14.151,1030.3
15.646,1239.7
19.728,426
29.667,1006.6
31.526,71.053
30.344,1036.5
37,630
40.547,801.64
44.5,704.76
51.245,573.18
54.269,1046.3
59.852,617.5
62.86,1238.3
67.538,18.962
72.224,831.7
95.548,537.29
96.857,1244.2
101.49,603.17
103.31,750.59
103.2,100.87
112.88,285.58
117.17,246.06
132.24,169.36
140.77,1211.9
141,1039.5
159.36,1213.7
153.68,1054.9
161.4,411.27
164.31,1110.2
171.29,1189.6
186,774.33
190.83,167.47
190.65,98.558
190,948.67
197.84,485.63
208,1245.9
213.05,261.58
217.83,503.43
223.75,596.3
221.62,836.34
223.76,1195.2
227.57,959.47
230.21,536.69
231.33,659.93
229,678
237.19,588.29
236.04,1240.7
242.04,978.63
248.09,485.74
248.22,94.322
248.91,316.09
254.62,198.08
261.52,318.21
265.05,1049.5
281.83,1203.5
298.36,64.321
305.36,718.55
301.91,533.91
306.62,966.04
313.05,1054
319.79,370.88
346.66,522.08
347.11,1111.6
361.44,666.65
362.05,971.84
368.34,745.74
379.31,13.461
375.61,568.93
376.74,944.05
375,97.702
374,361
373.33,652
386.88,744.77
398.63,1008
405.47,1215.9
409.08,898.52
406.32,284
423.85,78.826
437.99,877.95
447.07,207.31
461,501.14
466.13,1211.6
468.91,16.186
473.63,182.12
481.27,643.6
482.93,446.24
479.5,1172.9
482.36,297.81
485.4,776.09
495,926.45
494.54,221.19
502.81,1117
501.52,78.827
505.72,359.89
525.59,286.11
528.4,622.08
528.45,1102.6
528.45,354.21
539.81,914.98
540.89,1163.1
552.46,51.784
561.04,414.48
570.42,1072.6
572.5,361.5
578.5,812
589.6,70.6
595.3,1190.1
596.69,337.12
598.62,948.79
601.45,712.38
611.5,1042.5
618.96,1126.2
623.28,457.92
627.57,1035.6
637.68,406.92
646,613.5
649.09,791.12
657.94,537.18
669.53,1056.5
683.03,853.92
690.14,335.57
693.47,607.88
693.1,434.27
702.16,1056.6
704.78,311.83
711,1148
716.21,287.81
714.29,1037.7
718.11,679.42
734.59,1029.9
743.53,619.11
740.91,850.72
744.16,1149.3
751.14,229.39
763.5,932
765.82,1211.4
768,730.62
770,399.83
778.4,686.9
782.33,113
808.95,108.89
819.93,953.59
848.57,1217.4
862.57,27.132
861.19,834.67
865.16,1036.4
868.33,546.16
874.14,49.127
873.39,931.39
877.6,617.48
880.11,879.78
881.45,1092.8
886.58,1228.4
890.28,6.4681
903.4,381.88
904.5,800.65
906.55,948.36
909.19,116.92
925.6,26.643
929.42,676.74
933.61,186.86
941.34,1157.7
953.98,363.15
954.79,956.65
955.91,462.09
959.94,586.69
963.78,87.099
963.43,121.95
969,419.55
973.82,644.47
978.66,798.74
978.61,949.47
986.24,595.88
993.63,659.02
995.15,159.37
998.81,185.12
1007.1,1010.6
1030.5,839.75
1028,1025.5
1033.4,58.918
1030.9,77.917
1041.7,637.55
1053.5,886
1057.1,1034.2
1065.3,217.92
1065.3,668
1094.5,126.6
1096.1,727.97
1099.6,576.4
1112.3,1132.7
1113.4,42.895
1117.6,590.45
1120.5,732.95
1123.4,799.16
1127.8,130.6
1136.9,127.92
1147.9,1156.7
1150.9,1032.8
1155.6,864.52
1161.5,537.95
1161.2,336.3
1171.1,956.23
1174.1,465.52
1183.1,408.67
1183.9,918.41
1197.5,496.58
1195.7,1166.8
1199.9,528.62
1210.5,482.82
1207.2,686.87
1217.9,368.11
1224.6,671.89
1241,731.31
1243.7,33.086
1246.3,187.91
1247.2,1120.5
