2.6429,27.5
5.4868,144.1
21.539,875.49
42.003,414.72
33,56.258
58.729,83.449
62.892,1071
81.046,444.45
62.488,295.19
72.409,61.864
75.035,477.58
79.228,99.975
84.965,625.84
94.041,57.836
88.576,281.58
104.76,118.99
100.87,286.58
101,68
104.5,218.43
112.89,505.27
107.15,184.15
113.42,283.07
117.47,22.202
117,316.43
119.42,229.8
124.17,298.44
123.5,61.5
137.08,234.02
140.66,292.8
154,360.9
158.36,291.58
154.5,307.5
184.35,1235.7
165.59,345
171.5,331
207.81,1313.8
186.38,516.62
191,672.5
193.37,299.03
202.48,719.25
210.51,296.05
214.75,271
223.43,54.115
240.18,300.33
241.67,568.71
247.64,764.53
244.48,589.41
277.67,16.924
280.4,179.97
275.62,301.27
284.58,662.45
373.5,1099.4
361.2,294.69
382.18,1029.9
379.31,393.14
398.27,394.23
410.2,1251.7
420.4,1039.1
436.76,33.493
433.75,1066.3
465.54,933.02
479.29,40.611
483.51,960.9
483.49,401.55
483.85,649.88
488.51,134.47
510.32,659.01
494.76,21.212
516.19,67.437
516.51,29.031
523.75,683.18
526.39,926.56
534.51,1026.2
540.8,108.37
549.58,21.232
545.49,347.93
546.96,137.19
577.89,350.64
550.57,1022.6
557.35,324.06
558.48,659.09
567.42,724.35
631.68,716.93
601.16,11.881
604.71,81.465
604.88,102.55
606.97,28.429
615.7,1162.4
624.67,594
659.75,15.408
653.49,1114.9
651.11,1147.8
672.58,763.55
733.85,661.15
749.89,754.1
725.5,241
731.14,253.67
745.26,94.008
748.51,214.75
746,319.6
759.42,325.16
782.52,100.06
787.97,295.58
808.05,819.36
801.5,3.1935
800.57,251.92
816.84,135.34
851.78,1129.6
846.15,30.839
851.59,905.91
847.18,996.84
848.07,5.7407
865.78,955.41
867.3,343.76
887.08,973.05
863.83,572.16
909.59,71.206
934.18,959.99
962.12,284.9
966.03,969.03
1008.2,836.17
1012.8,20.349
1014,877.67
1025.4,30.571
1031.1,962.15
1037.9,901.59
1037.9,936.52
1042,762.5
1050.3,744.85
1067,113.77
1083.3,1230.7
1066.4,1150.4
1078.5,1058.4
1090.7,974.22
1093.8,1096.6
1116.3,1268
1117.6,576.55
1132,1246
1167.6,97.243
1178.9,114.98
1197,1295.1
1189.6,1328.6
1193.6,1231.1
1201.7,1204.8
1240.5,896.18
1259.6,1036.4
1245.6,872.39
1252.8,465.43
1267.7,777.42
1291.3,497.22
1302.4,548.3
1331.1,501.62
