4.3,383.33
11.206,455.07
6.3832,565.07
16.778,633.73
5.5967,767.93
15.295,789.65
6.4557,1039.4
3.6479,1108.4
5.3358,1317.1
5.3462,42.885
8.6,396.4
244.09,1025.8
14.625,1258.9
14.591,758.86
22.87,853.22
22.891,1292.3
55.951,14.588
25.517,563.08
25.191,1021.8
40.492,1261.4
49.305,134.98
38.081,509.91
37.623,843.43
50.344,944.77
43.2,551.06
48.105,849.34
49.225,536.9
56.63,476.41
54.197,912.42
60.692,639.93
62.36,871.76
56,1046.7
60.391,60.827
66.554,1261.5
77.292,771.11
67.8,137.1
73.637,527.26
74.465,148.54
79.006,1307.9
76.167,908.04
78.756,858.49
83.817,1081.1
85.543,1260.6
86,886.71
88.34,934.68
89.041,952.12
90.5,868
114.88,803.16
98.564,668.19
108.05,724.37
101.35,510.36
104.53,889.92
109.7,1297.2
107.63,452.77
111.95,121.43
130.31,678.42
130.46,138.58
112.1,1066
118.21,131.21
164.86,611.25
117.5,1055.5
122.11,1045.2
122.85,1325.4
124.87,1276.4
133.43,97.884
127.6,1035.4
132.83,1021.9
131.06,1135
164.9,1025.8
140.1,1047
144.5,942.5
144,1255
147.25,950.2
152.3,361.27
157.26,771.6
174.03,843.53
160.82,1236.1
156.11,1083
181.78,150.02
158.86,107
169.45,477.9
163.24,1060.6
167.35,413.81
165,2.3846
201.85,904.46
170.85,352.57
176.73,1063
175.9,752.44
178.81,1038.4
185.79,420.28
189.47,80.421
192.06,400.57
193.5,1025.5
200.71,434.41
199,245.5
205.22,224.34
203.73,311.2
202.5,677.5
225.09,375.26
209.28,523.1
218.6,62.655
216.57,153.61
222.1,340.65
271.21,139.7
244.38,284.08
230.11,889.58
235,832
246.72,758.77
252.44,838.17
241.03,16.837
271.98,637.99
256.42,545.34
258.03,578.42
251.6,807.81
249,870
288.38,916.18
255,177
267.63,503.22
273.14,772.4
285.92,13.883
266.69,335.25
275.3,874.13
308.52,237.83
283.85,607.84
285.32,470.14
286.49,894.08
287.76,794.52
286.84,317.32
290.93,737.25
293.34,127.26
296.71,483.67
293.5,522
302.83,161.16
294.5,724.5
304.47,757.9
359.44,617.85
302.73,941.4
300.4,843.4
302.36,1104
322.84,498.5
310.5,194.5
315.07,634.45
319.28,472.17
315.45,656.32
317.5,368.5
323.95,737.08
326.72,764.39
328.74,94.186
321.91,111.91
336.51,139.64
325.49,1006.9
336.49,895.61
327.5,865.5
327.58,986.89
332.78,166.32
338.67,1085
335.78,79.351
337.98,814.93
336.88,878.5
339.69,834.69
371.93,468.78
348.46,2.4348
344.5,739
366.98,528.27
345,817
349.17,1182.8
347.5,110.5
436.06,50.24
355.43,885.83
350.85,474.54
352.25,732.56
357.71,106.47
361.1,487.89
391.89,827.19
358.33,861.33
366.04,810.02
363,1152.5
365.15,114.38
379.69,920.48
384.37,716.5
386.85,32.645
383.19,1219.2
390.82,100.38
384.5,1176.5
389.73,137.78
392.88,1124.6
407.98,1151.9
412.19,1290.1
393.48,734.88
400,126
421.14,121.68
409.5,483
418.73,729.81
411.75,757.07
411.16,1126.1
411.26,523.06
419.25,1235.6
414.5,211
419.5,978.47
417.31,1249
427.33,705.45
432,442.11
433.69,473.42
427,558
472.76,122.93
432.07,1069
434.41,92.078
450.18,935.61
452.12,1086.2
438.9,1034.8
441.32,1286.4
442.72,1057.5
452.52,1202.8
450.44,724.24
455.02,1137.2
444.4,2.9333
470.84,971.55
441.38,495.93
446.66,1162
446.46,453.29
457.06,854.99
458.86,896.39
494.88,570.43
474.36,775.95
461.72,810
468.25,1097.3
510.47,716.97
469.19,412.74
485.66,450.7
479.82,997.77
505.87,466.57
483.62,825
486.52,802.09
482.36,709.83
511.13,506.08
488.45,699.12
495.28,420.63
486.67,681.67
498.28,528.06
491.66,750.47
494.64,830.57
503.02,1008.1
530.29,14.48
503.08,772.32
508.58,583.76
531.76,766
505.12,1163.7
509.24,1153.2
509.5,1141
512.84,395.39
531.95,858.84
518.5,576.5
519.15,954.79
520.62,1036.1
530.88,151.66
533.62,380.15
530.42,1110.5
531.66,414.92
618.04,752.68
535.7,477.52
541.14,38.732
579.5,939.14
539.64,1154.7
540.16,900.55
541.09,1006.7
550.91,420.23
549.33,131.89
609.76,860.6
582.03,487.43
553.1,459.62
562.14,1328.6
573.82,170.59
562.06,1138.5
558.39,388.61
570.62,681.64
594.98,11.393
567.52,628.6
571.6,440.6
581.69,316.52
584.54,341.5
599.32,644.04
581.85,434.06
586.78,243.25
592.37,372.39
640.65,979.36
595.05,428.9
611.44,1298.2
602.67,1089.7
604.22,402.78
598.4,547.35
607.5,811.91
618.74,271.44
611.86,337.34
602.83,349.33
607.09,887.7
604,588
606.4,959.3
623.14,561.75
616.52,308.43
626.53,611.7
627.87,866.61
631.02,1073.1
677.52,428.51
634.3,617.8
640.09,404.36
638.88,383.42
690.38,1018.7
648.14,309.9
644.89,393.84
649.82,662.46
653,376
657.29,912.01
662.32,413.01
660.56,1266
671.1,379.65
675.79,669.72
669.07,2.0732
669.71,333.08
669.08,1329.7
667,994.25
704.07,572.38
690.33,152.05
685.28,1156.4
685.03,306.09
676.47,923.57
686.87,789.67
700.56,1077.7
682,605.1
688.73,1323.4
691.29,837.54
696.95,457.48
787.81,268.07
702.74,291.67
701.09,1305.3
709.76,4.874
736.27,1194.9
707.92,812.44
714.45,257.74
707.1,487.74
712.34,826.18
714.5,1198
716.6,939.6
742.44,1324.8
722.78,480.05
721.95,1096.4
731.95,268.49
727.6,1049.6
729.76,576.29
736.23,652.17
746.01,952.27
731.98,1038.9
746.21,810.2
760.64,1074
742.34,1284.3
740.52,234.56
742.8,855.88
740.41,539.07
750.68,565.5
759.4,589.16
747.69,1308.6
748.11,668.71
748.09,545.91
755.8,412.61
821.14,419.23
755,844.14
770.59,314.83
760.18,549.04
764.69,1269
812.29,947.8
763.32,1223.3
762.39,1303
764.78,1029.6
767.1,768.05
767.97,1185.7
771.38,1330.6
773.55,41.612
772,229
824.59,589.82
833.17,1307.4
792.99,215.03
789.5,1240
791.99,716.51
795.83,56.333
802,910
927.37,1136.8
810.38,1162.3
809.45,217.09
811.09,1293.6
815.4,38.965
825.04,823.64
892.26,935.22
855.5,616.41
843.34,767.63
821.42,1268.9
823,374.83
829.53,212
824.53,1081.4
824.5,1144.5
829.81,21.57
826.77,749.77
835.2,648.62
837.5,319
838,702.5
850.56,1149.5
896.84,1060.7
852.19,1126.3
852.41,19.552
855.28,843.83
860,588
862.68,398.2
891.12,6.9358
868.61,866.75
873.76,577.86
871.35,1057.7
878.44,433.84
874,1049
902.72,36.237
881.06,468.1
880.3,691.27
880.41,1126.5
925.75,542.66
883.64,743.14
890.84,540.38
893.3,1097.8
890,193.5
890,1167
914.04,652.59
896.94,412.83
945.84,1261.3
903.23,198.33
941.84,394.17
896,1113
898.5,569
941.3,134.56
901.86,1134.5
918.49,809.37
930.02,296
920.08,859.85
921,496.38
922,1125.5
945.18,618.03
929.5,1233
947.1,14.517
933.28,202.52
946.56,1087.5
947.78,451.36
946.63,486.87
946.16,845.89
969.82,992.15
952.62,1071.2
950.43,1239.4
950,1144.2
950.5,837
951.89,650.58
973.54,674.58
962.5,1048
999.23,761.01
956.42,1229.9
962.69,181.35
964.89,1151.4
964.8,1167.4
973.81,276.57
974.46,949.45
990.45,1173
969.89,22.111
973.39,173.43
997.69,560.71
979.87,1241.8
982.31,805.06
988.22,36.42
1148.3,458.5
984.62,1263.8
987.02,876.89
990.63,1312.4
988.44,159.8
998.34,236.09
1026.8,1315.8
988.95,913.1
997.82,366.79
1008.2,1218.1
1012.7,868.72
992.62,941.5
1007.4,1273.1
1005.8,259.34
1007.4,601.42
1007.7,140.34
1008.6,1308
1014.1,292.59
1011.5,1102.3
1014.9,956.46
1013.8,201.47
1038.9,534.49
1015.3,1015.6
1039.5,227.49
1019.2,873.71
1018.5,1248.5
1023,665.4
1024.8,623.19
1029.7,1033.7
1046.1,380.82
1026.8,1255.6
1074,918.64
1037.5,1196.4
1044,85.532
1034.9,1278.9
1042,1218.1
1038.3,1249.3
1042.2,807
1044.1,1077.4
1044,191
1048.1,281.71
1048.1,35.211
1063.2,1244.3
1058.3,1278.9
1075.1,1128.1
1052.4,615.6
1053.3,1197.2
1058.2,277.81
1058.3,794.07
1062.1,1015.3
1141.5,310.13
1074.4,198.05
1132.3,668
1082.1,760.4
1068.5,828.04
1079.2,842.44
1063.7,1316.9
1065.2,3.1389
1063.4,61.31
1108.5,1046.3
1074.6,1278.4
1077.1,589.27
1074.9,606.42
1082.5,1329.4
1095.9,823.32
1135.9,137.2
1087.2,254.32
1090.9,1218.9
1095.5,590.29
1104.3,193.85
1096.6,1210.6
1102.1,437.92
1119.3,32.78
1134.9,1183.6
1111.2,76.065
1144,77.288
1114,737.08
1118.6,1071.7
1131.1,214.74
1114,375.5
1177.7,747.69
1118.5,845.5
1123.4,1227.6
1125.4,661.3
1135.4,1321.5
1131.2,1.9615
1130.5,1047.5
1135.1,782.68
1139.2,379.04
1143.2,810.81
1145.3,348.97
1144.6,698.09
1140.6,1208.9
1143.3,635.55
1143.5,1039
1151.6,322.19
1159.2,773.62
1160.7,1147.9
1190.8,1212.9
1156,1296.4
1167.1,349.44
1161.4,1040.4
1166.7,1084.5
1182.4,172.84
1169,15.5
1258.7,1256.7
1175.2,1056.4
1174.1,1128.6
1180.6,1149.5
1182.8,13
1188.1,410.07
1189.8,1290.1
1187.9,277.74
1187.9,720.5
1257.4,986.99
1190.3,95.902
1193.7,421.88
1194.4,1271.3
1213.5,6.388
1224.2,392.43
1204.5,380.5
1206,415
1221.4,625.81
1230,351.96
1214.1,159.56
1223.5,1154.9
1218.9,88.421
1219.4,591.06
1218.8,289.33
1226.6,1099.3
1223.5,156.48
1235.5,679.28
1236.7,252.15
1236.6,1112.5
1239.7,579.71
1240.4,1134.3
1260.2,503.49
1240.6,1169.5
1248.8,640.2
1243,1177
1247.9,1307.6
1247.9,1068.1
1272.5,71.544
1255,156.89
1290,1003.6
1258.6,238.45
1277.6,1318.7
1258.7,311.55
1268.4,1277.6
1264.3,341.29
1298.4,369.04
1263,1001
1275.6,218.74
1308.1,751.4
1293.2,98.944
1293.4,347.69
1302.3,573.72
1290,629
1291,634.5
1293.8,1290
1296.1,1195.6
1298.3,204.88
1299.4,1301.9
1317.7,71.467
1302.9,483.96
1308.7,473.99
1306.4,1297.1
1313.4,398.93
1321.6,1163.2
1314.6,413.47
1324.3,175.36
1325.3,824.59
1327.2,628.7
1329.5,452.4
1328.9,651.92
1330.3,319.71
1331.1,734.5
1331.5,726
