3,982.5
4.3243,928.78
20.317,1227.4
30.5,364
37,97.5
46.909,720.91
57.618,309.79
73.298,1241.6
83.81,411.93
126.94,90.298
134.44,1111.1
137.86,810.96
161.89,178.58
182.66,753.38
180.89,1219.2
198.19,553.07
212.18,792.43
216.89,1213.5
238.93,946.71
241.29,191.5
245.39,761.9
257.93,1038.3
271.2,53.624
269.57,243.05
331.79,1246.7
334.83,789.17
337.46,849.93
337.22,754.62
341.48,1210
346.5,247.5
346.33,375
351.44,1008.7
381.44,972.14
389,1005.6
394.37,1224.5
400.57,87.926
409.88,499
413.6,310.05
417.29,371.71
434.59,7.4138
441.63,666.37
478.91,1131.1
494.34,1197.1
507.5,401.65
512.58,795.83
519,1229
521.23,859.57
559.06,39.306
565.79,644.73
580.93,1027.6
586.73,1084.6
601.11,1119.3
607,697.5
623.57,1066.9
639.6,776.32
649,1186
653.49,377.26
651.5,981.5
665.81,471.96
670.92,294.92
677.5,471.75
705.54,1065.1
708.68,287.22
715.05,675.39
718.13,548.03
720.5,721.37
729.72,865.14
732.9,611.09
772.74,439.76
791.48,1149.4
794,545.83
804.45,390.59
805.81,498.4
810,408
813.5,399.5
818.34,1028.4
821.57,389.98
819.87,622.13
830.5,376.5
853.73,399.09
848.15,429.05
861.26,512.26
860.44,323.92
872.07,259.31
887.5,356.5
889.4,931.97
899.3,937.8
912.03,545.76
911.6,1036.8
924.32,649.52
923.55,1086.6
931.97,500.21
931.42,436.58
956.42,526.11
968.29,374.66
975.78,469.19
988,1123.8
1002.6,993.94
1008.6,411.1
1024.4,751.47
1032.2,522.95
1055.6,962.39
1095,984
1117.8,84.453
1118.2,45.654
1120.9,221
1126.8,972.15
1134.5,887.77
1136.3,1103.6
1225,779.52
1223.9,835.21
1235.3,1045.5
1244.4,908.62
