170.35,443.61
166.64,767.67
181,1173.8
259.88,643.88
264.5,604
284.2,725.91
290.1,711.04
361.41,577.59
365.58,1050.4
369.58,1160.1
375.67,785.55
403.07,691.59
435,188
444.02,202.98
454.91,284.09
476.14,934.7
513,555
524,292.5
556.93,298.02
557.33,1025
634.09,817.4
739.11,702.63
748.32,1111.7
758.85,1236.3
767.97,916.37
785.75,288.06
800.33,508.74
810,204.17
811,1088.2
826.93,834.66
855.32,779.43
861.92,718.54
869,528
872,546
884.81,364
886.99,642.83
886,157
907.17,599
907.87,327.83
910.94,634.91
920.95,1049.9
937.91,433.91
941.65,507.93
948.09,698.98
951.24,93
962.79,595.68
998.09,1076.1
1014.4,819.5
1021,1099.9
1023.6,766.25
1025.1,69.116
1029,543.5
1039.6,298.93
1039.4,822.06
1044.4,111.97
1045,571.68
1055.6,218.04
1057,148.17
1057.1,162.85
1064,29
1064.7,81.645
1073.9,97
1078.3,240.81
1085.8,312.62
1084.6,49.475
1087,194.26
1091.1,252.13
1088.8,641.66
1091.3,145.96
1089.4,285.11
1112.5,180.49
1095.3,39.602
1100.3,348.22
1098.1,463.61
1097.5,2.6429
1104.1,197.69
1106.1,273.23
1101,317.9
1101.8,415.83
1101.6,717.22
1104.1,488.31
1118,232.33
1108.5,5.0857
1125.7,123.24
1113.8,212.18
1118.6,385.44
1116.4,98.105
1116.9,474.84
1123,350.85
1130.3,321
1125.1,247.82
1130.9,538.45
1137.7,446.26
1131.9,6.1094
1144.1,398.51
1135.2,272.3
1133.4,1173.7
1136.4,642
1138.9,243.07
1137.6,487.11
1141,711.17
1148.4,152.46
1144.1,358.16
1144.8,226
1150.7,98.468
1147.7,323.78
1148.5,22
1151.6,182.71
1154.7,258.69
1154.6,237.76
1155.1,418.92
1155.7,337.13
1156.6,113.87
1169,306.87
1159.3,604.52
1160.6,444.39
1159.4,348.67
1165,493.43
1162.2,172
1169.6,543.07
1169.1,124.13
1169.2,388
1170.4,433.95
1175.2,103.06
1204.7,367.64
1176.3,3.775
1210.2,162.19
1180.1,26.188
1178.9,404.57
1183.4,251.51
1188.7,486.29
1195.1,263.61
1211.5,282.42
1193.9,523.05
1195,850
1200.2,464.57
1203.5,326.92
1203.3,109.18
1225.8,63.077
1236,120.61
1219.9,424.94
1220.6,36.974
1221.5,617
1223.1,483.45
1226.3,721
1228.2,982.28
1229.9,658.91
1237.7,149.97
1241.1,292.47
1242.6,350.67
1245.6,243.27
