3.6034,419.48
8.768,503.94
8.6757,327.78
9.5,974
11.262,611.41
18.394,636.1
18.714,1032.3
26.083,1155.7
27.6,708.4
41.386,1004.1
41.107,1196.7
41.25,1069.2
50.396,940.86
61.96,706.69
63.33,107.84
65,594.55
66.974,88.342
75,847
74.952,1055.8
92.729,164.91
90.483,957.88
89.391,139.43
100.75,922.6
101.12,201.29
102.32,958.89
113.47,774.31
115.5,36.5
127.88,343.94
127.5,762
125.42,961.42
128.69,1011.9
134.96,389.16
139.89,893.02
142.6,192.4
157.63,1156.5
154.5,154
157.66,197.53
162.63,82.203
166.29,917.01
180.92,609.88
180.52,776.14
181.31,1022.3
183,535.68
192.84,356.61
187.94,599.04
194.61,228.61
199.87,503.55
198.5,587.39
208.39,659.87
216.69,695.02
218.43,989.73
231.71,165.79
223.99,958.23
228.99,648.84
232,766.96
239.98,413.72
240.37,1180.8
242.98,603.96
246.3,371.23
247.94,43.551
251,472.15
249.88,904.5
257.8,1129.2
257.48,275.52
267.57,48.609
273.92,240.44
279.8,268.43
279.74,1081.9
281.55,36.521
283.94,1167.7
282.24,323.24
288.92,613.37
285.8,723.44
290.38,531.96
296.97,292.94
296.08,323.08
300.5,1184.5
319.27,428.88
323.36,810.55
337.86,401.38
346.61,606.48
345.55,1154.2
345.4,186.76
349.56,415.92
351.71,137.25
350.31,329.09
356.23,974.93
359.44,478.38
360.62,30.77
366.28,1217.2
363.17,1091
371.48,281.71
373.61,894.14
378.1,633.06
379.14,846
387.74,895.64
389.95,317.48
391.14,104.86
395.38,1008
401.19,915.81
403.63,765.4
402,1153.8
412.2,413.73
407.64,229.33
413.71,853.43
415.68,593.46
414,1036
421.76,372.33
420.5,332
423.88,1147.1
443.08,731.83
441.42,499.89
459.05,537.55
454.44,985.05
456.5,1172.2
455.65,91.938
459.32,184.36
463.33,1193.5
462.48,848.93
465,641.5
469.44,1069.8
473.35,133.58
483.42,954.49
483.68,1011.7
487.71,1107.7
487,626.5
491.03,875.94
491.53,266.51
498.1,1015.6
500.61,786.61
502.16,1188.4
505.52,57.313
507.67,757.29
510.87,682.02
512.58,116.11
521.27,1242.3
519.06,220.09
524.81,317.69
525.86,506.86
541.6,102.11
545.95,1140.1
545.81,677.27
545.46,1079.1
551.33,646.9
548.93,985.93
550.5,1100.1
554.92,625.69
566.88,484.79
572.04,285.69
578.17,931
584.87,628.89
598.09,181.57
600.09,792.6
599.91,1225.4
605.17,624.73
602.15,399.73
605.75,10.704
604.07,586.59
623.59,1240.1
621.91,1091.1
625.93,208.29
624.5,642.62
628.81,550.5
628,979
636.16,1209.1
634.14,80.724
636.12,105
639.57,403.95
641,1196.2
647.89,125.53
648.1,446.89
647.55,1054.1
646,425.5
649.27,553.45
654.12,1128
659.83,531
661.76,688.31
674.13,384.74
672.07,51.407
678.22,738.1
681.79,290.01
682,702.13
683.63,99.367
694.85,1210.2
693.44,182.7
693.62,76.27
694.79,432.61
699.48,903.96
697.59,555.07
701.12,1054.9
704.89,128.6
707.73,178.15
713.13,157.84
712.5,192.86
723.39,534.86
735.16,279.13
746.76,223.11
738.37,171.88
742.3,24.68
742.35,129.98
749.67,1012.2
747.14,1207.1
749.69,693.48
754.05,1133.9
764.46,283.51
764.09,1228.9
767.6,334.64
770.75,469.96
770.98,807.72
768.42,844.89
771.1,269.38
777.82,401.69
778.67,382.08
780.15,162.35
786.84,712.73
787.36,1144.7
790.15,271.29
789.89,757.5
802.38,462.67
804.17,734.25
808.26,107.4
805.62,394.82
810.43,363.91
812.05,1006.5
816.2,870.7
814.33,799
821.23,134.54
824.08,604.18
822.87,886.04
825.7,1154
826.59,665.9
829.17,285.55
831.93,930.41
839,55.333
841.94,899.03
848.7,619.99
852.21,1175.2
853.77,499.92
855.49,1054.1
860.52,692.6
862.6,270.57
863.34,860.09
869.92,162.5
874.42,555.17
876.95,431.43
877.65,198.03
876.44,470.91
883.51,157.64
899.52,656.02
888.47,71.147
893.34,286.86
895.2,1003.7
895.47,1079.5
897.4,574.6
897.87,167.8
899.08,304.89
899.56,320.4
898.36,942.5
904.14,24.675
901.61,145.69
907.31,241.22
905.58,1070.2
908.11,1084.8
916.63,620.48
919.3,1215.2
919.1,341.99
918.07,1229.6
926.44,61.465
928.02,782.1
927.65,5.0808
932.36,562.95
935.76,1169
943.38,541.02
943,146
949.57,445.57
952.19,678.03
955.94,500.12
954.58,709.76
957.42,373.45
959.5,205
958.91,577.09
961.41,458.59
965.98,1097.7
969.54,375.3
969.92,830.08
974.63,657.37
980.57,524.87
980.27,1097.4
982.81,412.02
981,467.26
985.05,1006.9
987.41,1137.9
988.5,542.07
993.98,167.46
994.64,593.96
991,890
998.62,855.35
1005.2,910.75
1001.6,549.36
1004.5,31.714
1005.4,926.94
1008.7,632
1015.9,716.51
1013.1,767.07
1023,1010.3
1026.5,340.14
1028.3,59.816
1030.1,190.47
1031.5,398.6
1029.7,784.55
1028.4,976.11
1034.8,429.53
1033.1,556.05
1048.1,673.17
1052,610.36
1049.7,766.1
1053.6,938.07
1056.5,128.32
1059.5,377.28
1059,39.431
1059.9,1114.9
1069,165.51
1063.5,515.88
1069.4,4.1512
1070.8,487.07
1070.8,74.018
1074.6,1216.5
1076.5,87
1082.5,780.5
1091.9,1127.7
1090.5,33.5
1093.4,550.09
1097.6,400.21
1095,804.5
1108,63
1107.5,888.29
1107.7,717
1114,970.12
1115.7,190.93
1113.4,468.42
1119.5,689.72
1124.8,551.28
1130.3,221.29
1126.6,344.86
1135.7,183.1
1137.8,242.09
1133.6,1190.1
1137.4,488.31
1142.6,138.52
1143.8,619.67
1146.3,739.27
1160.1,72.088
1164.4,94.603
1165.5,131.71
1172,354.53
1173.7,71.02
1180.1,820.92
1184.8,591.37
1180.5,864.5
1188.5,208.19
1193.6,193.95
1204.5,110.06
1210.9,443.75
1213.5,1145.8
1220.3,521.52
1225.7,717.29
1227.6,91.1
1228,772.66
1230.1,263.2
1236.9,582.28
1234.6,1077.4
1237,984.5
1241.4,1164
1245.3,1239.8
1246.7,270
