8.442,546
6.5023,1069.4
3.9318,1190
23.259,586.93
25.074,567.41
36.936,528.52
38.5,1041.2
49.327,919.39
52.247,558.64
67.797,937.98
59.46,785.76
67.649,485.07
71.091,1223.9
84.367,925.5
99.041,874.2
101.22,923.46
107.67,198.44
111.1,235.16
124.53,121.71
128.59,900.93
131.94,975.43
135.26,140.13
135.07,1166.6
138.73,149.62
137,1050
141.62,595.82
147.45,988.59
153.25,497.01
149.91,312.23
152.59,791.93
152.72,1069.5
158.2,43.44
171.82,542.58
170.15,525.39
172.82,564.26
176.8,939.2
184.86,137.14
185.73,715.4
191.76,1148.5
196.54,104.86
189.74,596
194.61,124.97
191.89,486.58
202.95,358.32
207.26,1065.5
207.5,119
211.51,962.55
212.46,984.63
216.49,897.69
214.84,945.9
224.46,116.92
224.59,381.38
223.76,850.22
226.91,579.09
228,879
230.89,929.44
238.16,364.44
237.75,450
238.9,270.9
240.45,522.19
251.2,960.62
256.11,364.14
251.91,513.91
263.41,321.39
268.04,985.32
269.58,347.57
279.94,333.42
282.14,580.5
288.17,832
288.18,1223.3
294.71,575.45
295.41,1002
297.89,525.75
301.93,1051.4
311.89,946.61
322.31,628.72
317.73,677.76
318.48,1008.3
324.17,518.34
325,302.24
325.5,1002.6
325.38,1055.7
328.43,592.37
331.13,540.87
334.97,1045.2
333.57,257.05
337,596.5
336.67,525
345.41,987.99
350.63,919.89
350.56,100.06
353,245
355.65,1194.5
357.69,547.12
355.58,432.11
356.5,501.5
363.86,988.48
363.94,281.65
368.14,422.19
392.2,287.17
376.71,452.06
369.5,1103
371.11,872.58
377.01,547.68
375.08,810.5
373.91,1125.1
386.78,340.03
385.49,678.11
387.39,790.74
387.02,43.787
401.49,857.43
402.03,657.1
415.96,871.23
418.95,47.667
421.38,783.72
428,220.5
429.67,844.85
438.06,5.0938
445.95,495.4
450.72,844.2
462.85,806.3
458.63,18.537
458.7,1122.4
467.85,33.528
465.5,880
466.35,892.44
470.78,472.87
477.5,863.22
474.5,165.5
503.91,706.73
476.75,781.83
491.91,174.91
494.93,199.59
495.31,787.83
504.29,494.21
507.76,529.59
510.49,1186.1
514.94,631.53
517.9,761.48
521.17,1168
529.48,222.39
529.82,867.05
531,61.375
534.86,161.5
548.46,695.16
546.5,391.26
549.44,630.04
551.08,440.92
559.32,344
561.04,647.44
563.41,1104.9
567.42,412.42
568.92,163.28
574.89,504.95
578.46,22.95
576.46,1056.9
579.65,664
587.17,1223.6
589.19,654.93
595.96,639.99
590.96,338.69
625.73,476.8
610.08,305.38
607.46,534.05
613.42,640.9
623.38,290.65
628.27,1043.4
636.38,627.13
632.12,727.99
631.42,661.11
633.8,81.8
643.16,835.08
645.5,313.5
652.9,459.7
652.58,515.42
655.24,843.51
677.11,411.32
680.54,1059.4
683.94,181.59
679.09,197.09
680,783.26
683.36,682.48
683.27,168.37
685.68,603.22
696.49,692.45
695,859.88
698.75,28.951
698,724.5
698.5,987
704.74,819.01
703.13,838.88
706.07,355.81
707.69,519.84
711.8,457.17
715.25,539.5
714.13,184.87
715.94,892.7
720.89,1090.4
726.75,707.22
740.68,827.55
739.5,331.5
755.59,821.87
751,871.15
752.29,858.74
757.51,771.07
759.14,647.08
767.63,594.35
771.5,73
774.96,135.55
771.5,821.5
777.87,340.74
779.66,517.15
779.75,583.68
787.81,849.67
783.69,61.423
782.43,778.43
783,359.83
786.81,647.14
790.08,985.96
795,906
800.4,890.3
801.42,504.89
803.18,567
808.04,426.41
809.55,530.18
815.56,1082.3
817.46,14.784
824.66,894.42
833.7,560.51
838.89,244.76
840.5,920
845.42,185.58
849.27,293.24
852.58,331.11
859.27,642.62
859.58,43.895
864.3,12.231
874.14,1124.7
876.1,885.64
879.95,899.63
884.33,688
892,1020.5
899.32,862.64
908.45,399.73
910.08,894.08
913.84,345.57
914.37,554.07
913.94,725.94
929.34,830.76
934.9,904.48
938.05,334.75
939.5,863.22
942.04,875.56
944.32,511.79
954.58,497.34
951.83,977
955.61,263.04
963.44,974.4
968.73,717.8
962.07,914.59
976.58,574.55
979.73,374.97
987.03,619.01
989.36,26.154
987.14,465.97
997.92,970.08
999.63,1017.6
1009.7,542
1013.4,684.46
1020.2,472.49
1031.9,1022.4
1031.6,624.57
1034.5,240.66
1044.4,713.06
1046.7,1039.4
1052.9,588
1058.9,517.01
1057,700.98
1064.4,981.18
1066,963.14
1066.3,990
1072.2,874.85
1072.4,661.4
1075.8,123.74
1079.2,1001.1
1088.8,1135.6
1095.9,559.97
1098.8,52.625
1106.1,429.73
1116.8,640.04
1123.6,803.36
1116.5,1046.8
1125.2,410.34
1124.8,1069.7
1130.5,502
1132.8,973.97
1134.2,1241.1
1150.8,764.04
1156.5,600.16
1160.7,892.55
1169.1,905.5
1170,764.37
1170.4,707.38
1175.1,423.23
1182.1,528.59
1196.9,1239.4
1203.4,968.11
1209.1,416.68
1209.3,921.41
1211,842.93
1212.9,895.13
1222.5,600.72
1216,1161
1221.5,973.52
1223.4,182.61
1227.9,989.59
1228,388.5
1234.8,1028.1
1245,333.18
1244.4,1087.3
