9.1497,326.27
23.02,363.19
2.3793,387.83
16.027,532.28
9.4103,1029
2.5714,1054
38.046,1061.4
5,1140.8
4.604,1166.7
135.37,1128.5
29.699,1255.4
9.0938,276.72
10.415,291.54
8.7037,877.06
10.769,891.71
10.5,1007
18.007,241.36
13,429
17.297,448.89
19.026,493.46
25.275,472.37
57.037,713.51
21.429,176.45
26.061,150.39
45.96,161.47
32.944,1141.5
27.5,387
34.703,507.39
33,871.75
36.119,217.55
38.417,995.1
46.786,1322.1
43.415,416.84
42.66,548.33
44.431,264.59
45.12,396.76
71.393,442.02
48.622,482.36
49.22,803.62
52.435,562.5
53.617,527.59
51.011,593.43
57,1207.5
62.653,407.83
59.926,1112
61.627,1088.9
60.836,1136.7
59.609,1156.6
62.875,1293.4
65.176,376.73
72.476,895.81
61,1006
64.101,1240.1
69.516,755.95
67.67,605.01
64,957.84
65.5,1125.5
67.5,948
78.65,531.27
77.348,1140
81.257,836.39
77.627,193.82
75.021,773.61
73.764,799.91
97.013,1289.3
78.01,492.65
81.702,470.61
79.5,1035
83.562,1327.5
83.547,1257.9
82.414,809.48
101.88,1104
83.568,1243.1
106.82,190.35
136.53,899.26
99.103,230.62
101.5,91.5
106.27,488.85
104.37,567.07
109.01,1329.7
110.66,730.23
106.91,66.091
112.1,120.42
110.73,579.97
140.05,695.14
116.91,614.68
121.34,1190.9
119.5,476.5
120.74,464.34
130.97,275.62
137.57,388.34
129.95,183.36
127.47,741.4
134.5,1058.4
132.11,803.21
127.5,595
132.11,449.43
133.65,1095.4
143.14,528.37
133.61,954.57
139.4,461
139.58,924.06
174.33,859.54
143.26,783.92
142.88,255.81
142.59,452.59
143,80
148.21,50.78
147,75.5
153.88,244.25
151.27,985.37
154.51,1157.8
156.13,83.752
163.55,1069.1
161.39,1142.2
155.56,1186.6
152.88,65.346
165.98,620.09
157.61,1170.6
171.23,1318.7
161.26,1226.9
166.88,55.198
165,172.5
166.09,439.51
174.44,711.69
172.77,418.3
195.03,140.15
174.08,240.8
176.2,369.54
182.66,35.126
180.96,496.88
182.67,583.51
184.45,305.28
192.35,1192.4
182.31,765.79
176.75,390.99
208.34,437.87
188.93,745.64
193.44,402.11
192.65,262.58
228.16,304.66
197.49,822.71
195.92,1282.3
202.09,573.22
196.32,1208.8
225.4,1130.4
206.32,534.2
206.6,962.47
208.5,1261.7
211.25,627.43
213.09,700.05
246.28,795.47
234.88,948.11
217.42,375.89
220.6,807.58
225.06,469.89
221.03,563.62
218.5,1179.5
225.86,1294
224.49,1318.3
228.98,368.57
235.34,1255.2
238.4,172.52
303.43,523.53
245.13,472.48
257.28,364.85
265.14,1157
245.41,9.0588
253.26,1049.8
252,67
252.78,515.32
260.54,207.68
254.38,678.46
256.24,128.79
256.52,298.48
258.15,687.68
262.84,1254.3
265.78,408.18
272.09,695.92
269.49,333.67
279.9,1101.7
270.67,1011.8
269.95,1205.9
269.14,945.14
286.66,754.99
274.77,961.77
276,341
276.72,468.14
279.84,878.82
277.57,914.04
279.43,864.43
293.57,1074.2
281.98,130.04
294.69,1042.7
283.06,1125.6
284.12,977.65
286.17,383.92
287.69,954.6
291.22,892.39
297.64,930.46
297.27,1146.2
297.62,1189.5
298.34,102.67
298.78,1270.6
297.95,364.9
305.83,338.9
302.42,417.35
317.61,1198.6
306.06,192.46
303.83,279
307.89,730.57
401.26,878.32
307.78,130.5
306.12,1261
311.26,1102
314.36,42.363
313.59,1223.9
314.57,75.595
324.24,791.02
315,991.5
318.01,260.61
327.75,1157.5
321.92,972.7
318.45,24.414
319.25,1263.8
319.53,743
319.11,1132.6
319.5,1238.5
323,346.33
327.8,924.16
332.13,1040.3
328.54,747.46
327.28,1221.2
328.5,763.5
331.27,912.18
337.28,1264.8
333.58,222.11
335.15,333.12
336.33,360
339.33,1224.2
340.98,1133.5
340.32,808.89
342.99,943.59
343.71,505.63
341.96,753.61
351.54,224.29
347.5,367
349.85,1326.3
352.12,1182
355.07,596.59
354.06,693.83
356.38,874.94
351,1282
361.22,323.4
355.13,166.17
371.18,386.15
359.54,1202.1
362.24,767.41
365.12,171.9
385.62,1201.3
363.96,1145.6
374.5,515.68
367.09,1244.1
367.93,185.59
369.64,1330.8
375.43,702.34
386.27,1058.1
376.03,1083.4
386,306.4
379.17,653.09
376,895
380.73,1020.5
391.57,946.47
405.13,716.76
390.05,1018.8
392.69,1296.1
392.11,871.42
397.5,1115.5
406.44,261.84
417.1,1300.4
413.35,590.99
415.68,772.74
412.8,1137.9
415.91,249.92
423.05,1188.1
419.84,1221.5
420.5,398.5
421.62,1213.6
426.54,657.2
428.91,954.42
428,647.5
440.3,728.3
428,818
431.94,423.06
433.22,1175.2
445.99,1069.7
441.25,1093.9
438.49,1143.4
437,817
448.86,585.86
449.44,1178.9
464.07,823.77
452.23,857.38
450.48,1246.4
452.16,684.12
455.97,529.97
461.95,628.07
451.63,1050.5
463.19,270.96
457.87,1280.9
458.2,1111
459.2,797.67
461.45,1224.1
465.33,1132.8
465.42,985.53
465.88,423.9
480.45,459.18
469.96,1078.4
470.5,608.5
485.57,220.91
487.1,517.38
483.68,1223.7
507.79,791.82
480.81,572.61
482.41,995.48
487.74,610.26
486.44,1199.8
470.12,1313.7
488.09,709.05
486.82,1294.6
495.02,732.52
496.01,1154.2
495.67,1210.8
506.41,30.862
508.48,343.48
510.89,1058
512.63,1296.5
508.15,478.95
505.35,936.52
507.87,1142
517.84,1182.7
513.05,718.78
520.05,297.95
528.39,13.465
525.22,222.1
530.83,527.1
530.29,1057.7
528.5,1318
544.95,996.76
548.14,1052.6
541.92,1110.6
586.34,388.36
548.5,442.84
542.09,545.91
542.05,817.57
550.56,1209.5
552.17,899.95
558.57,1217.6
573.44,352.34
571.49,706.89
564.66,14.967
573.67,948.98
569.5,293
574.63,434.46
587.11,70.29
572.57,886.57
574.5,1237.5
577.26,624.06
580.39,227.21
586.49,294.71
580.5,909
582.42,806.75
583.05,16.973
585.61,1069
586.5,629
590.34,265.68
594.7,1085.9
594.68,1322.7
594.67,422.13
603.52,793.99
605.67,1220.5
599.6,748.6
606.07,338.95
602.55,980.43
609.83,238.8
607.02,723.93
611.62,352.09
616.1,420.09
612.11,763.08
616.2,318.91
618.5,623.36
619.68,1235.9
621.6,915.61
634.96,884.79
623.35,784
624.98,106.35
633.59,720.88
626.67,673.27
627.16,314.76
629.17,1291.8
698.77,1152.5
632.08,74.224
631.26,125.93
631.22,255.47
648.13,1143.1
641.44,204.25
637.5,1254.7
636.05,769.3
645.75,395.67
655.6,468.72
643.91,674.02
644.95,1056.1
649.65,754.4
646.62,1.8571
652.05,858.28
648.97,1304.6
653.05,287.34
652.45,63.086
654.74,811.94
651.59,933.06
653.85,31.588
728.68,214.6
656.56,693.02
653.5,1234
657.03,117.82
656.81,1076.4
659.56,952.2
687.64,282.5
667.76,728.99
664,130
667.75,677.63
667.67,919.96
666.5,885.18
667.17,900.07
692.47,955.63
671.58,1220.1
674.56,302.51
674.93,433.58
675.91,704.51
673.5,1100
676.8,996.54
679.13,1018.8
676.09,80.091
676.83,1060.4
675.43,1317.4
679.85,22.85
682.67,143.73
684.28,758.36
687.59,117.81
699.78,77.487
689,791.5
690.31,352.34
690.98,1269.2
696.31,578.32
698.96,615.23
694.86,642.41
694.4,1095.4
696,1256.5
716.86,199.95
698.85,856.86
710.25,501.77
708.45,411.34
706.64,18.189
707.4,851.4
709.98,1329.3
721.71,259.48
731.21,20.299
717.72,1044.1
724.99,770.15
755.9,363.64
720.44,1078.9
724.31,124.74
725.41,85.074
734.65,629.48
728.97,1321.9
727.56,421.08
727.4,467.35
730.15,474.76
729.54,687.34
735.02,148.52
730.32,68.625
746.29,423.39
741.43,695.61
744.27,747.77
747.6,129.21
748.31,1323.3
747.08,82.231
746.71,891.23
748.69,172.26
752.34,454.53
753,732
757.42,726.58
757.24,1191.9
758.89,891.58
761.71,67.743
814.26,1318.3
763.51,1045.1
777.93,10.081
771.41,715.04
775,71.507
776.66,844.15
777.49,395.76
778.07,1047.4
776.5,1176
785.04,411.76
785.23,756.86
782.32,437.95
782.62,1254.5
789.22,1290.5
789.56,906.02
788.06,850.59
791.1,882.28
790.47,1100.8
791.57,64.429
799.86,131.99
793.94,778.5
793.11,929.58
794.93,738.37
811.08,8.946
855.84,230.65
798.28,858.16
814.19,1063.2
804.75,997.25
805.38,65.405
804.5,987
826.07,193.53
812.99,777.53
808.59,981.94
827.12,97.701
812.94,360.41
827.07,932.7
828.69,377.48
828.52,72.407
829.18,850
836.96,766.12
835.82,837.44
835.86,441.86
852.39,168.5
843.19,1141.5
837.11,522.76
842.36,1065.5
845.79,814.3
857.31,202.12
848.09,853.09
852.32,263.62
855.12,1158.4
855.92,146.84
856.69,419.44
860.87,842.35
854.57,43.571
857.38,810.31
856.5,1244
856.85,525.96
858,589.35
863.61,1279.2
859,438.18
866.54,1052
861.11,288.58
875.17,638.07
864.56,1073.8
880.86,911.57
865.62,1035.8
875.13,1170.6
884.51,359.19
869.16,17.516
881.32,608.56
878.09,807.31
880.83,155.52
878.38,266.38
879.4,1220.3
887.88,193.54
885.26,667.19
888.72,1236.3
886.5,120
894.93,567.84
886.6,1293
886.42,280.89
888,594.86
889.14,1255.1
901.1,1054.3
892.2,1310.3
895.56,12.127
898.56,1121.7
896,626
898.16,1165.3
901.97,555.71
905.79,1288.3
909.2,544.78
916,236.5
926.79,1280
925.01,335.51
926,509.31
919.92,366.92
920,232
929.34,60.311
921.5,914
929.93,572.3
924.5,48.5
928.74,449.2
928.15,1138.5
933.37,313.73
934.45,277.94
937.62,95.432
936.41,353.94
937.96,85.652
939.18,738.87
948.61,116.33
945.48,885.78
944.59,1300.2
942,1135
945.67,1077.2
946.41,177.41
950.93,502.59
950.84,598.29
953.58,1106.2
951.71,956.38
963.99,742.01
983.44,1276.3
967.3,287.32
964.87,905.52
966.12,1246.5
971.68,1063.2
974.41,919.39
974.44,555.44
985.89,935.47
978.09,51.69
987.08,170.09
984.83,469.39
984,480.65
992.01,998.31
986.57,5.6087
991.36,573.63
989.68,1315.1
997,281.79
1000.8,214.96
993.52,264.09
992,272
998.05,547.71
1026.1,1268.8
1001.4,949.8
1037.1,998.76
1001.5,1212.2
1003.8,9.2791
1006.7,475.27
1023.5,279.13
1016.9,569.99
1007,1249.5
1024.6,498.37
1010.4,1097.7
1019.1,630.22
1012.1,1083.1
1012.9,191.48
1093.3,673.83
1016.9,451.39
1021.1,348.72
1023,966.93
1025.1,1205
1023.1,227.07
1026.8,801.52
1033,614.5
1047,102.85
1035.6,1326.3
1039.9,1086
1053.5,194.3
1038.5,632.5
1045.3,644.56
1045.3,1173.9
1057.7,835.48
1053.7,1192.7
1052,312.75
1050.5,792.5
1054.4,326.42
1060.4,228.52
1058.9,1286.6
1066.6,1225.4
1064.1,1180.1
1076.5,27.551
1064.6,65.069
1061.4,167.94
1068.8,404.08
1064.7,565.46
1076.5,803.71
1064,1151.5
1066.1,736.96
1073.2,239.27
1066.4,1084.9
1086.5,1134.9
1070.6,1254.4
1075.1,1020.9
1076.4,346.83
1077.9,411.41
1079.3,744.21
1079.7,852.21
1077,72.9
1086.7,1231.2
1076,508.83
1085.9,56.087
1093.1,546.69
1153.1,88.867
1094,390.44
1097.7,750.03
1097.2,477.56
1095.5,463.5
1105.8,349.52
1104.6,793.42
1103.3,1173.9
1111.7,966.76
1110.7,220.8
1113.6,753.79
1112.1,197.69
1117.7,848.07
1118.8,303.28
1123,1208.1
1126.1,206.9
1138.1,1033.7
1150.7,888.28
1126.9,33.857
1143.9,752.71
1129.6,815.5
1129.6,569.11
1133.7,1095.2
1129,1112
1131.7,852.39
1133.6,293.11
1134.2,1235.4
1165.5,1162.4
1140.5,157
1145.1,212.59
1149.8,592.18
1166.5,1039.2
1162.8,193.36
1165.3,1092.6
1160.8,1201.7
1172.9,1305.7
1170.8,314.41
1162.9,223.92
1166.7,110.93
1194.9,939.06
1172.7,471.84
1189.2,167.53
1186.1,302.09
1177.3,1241
1184.3,92.99
1193.1,785.94
1199.5,1312.8
1195.6,772.49
1193.7,997.92
1196.3,130.39
1213.2,133.98
1197,991.38
1199.7,427.19
1213.3,187.35
1200.9,1181.5
1233.3,831.46
1211.4,1066.3
1210.3,525.37
1206.6,780.26
1207.9,871.59
1218.4,296.29
1215.1,450.58
1221.4,402.81
1235.5,1102.7
1219.5,27.25
1220.6,350.62
1222.1,370.62
1218,780
1222.3,499.11
1222.1,807.86
1227.4,33.712
1227,379
1231.8,869
1235.8,1266.3
1237.8,1067.4
1243.2,49.488
1256.7,633.6
1254.8,1267.5
1243,134
1247.4,104.77
1250.3,778
1247.9,1247
1247.5,867.43
1264.8,1186.9
1264.6,876.88
1296.7,1291.4
1261,677
1264.6,1116.2
1279.7,848.87
1275.8,677.78
1281.6,1258.7
1287.6,1130.3
1285.9,547
1309.6,872.34
1289.6,640.61
1290.6,743.73
1290,652
1297.1,1116.1
1299,571.09
1300.8,662.1
1303.6,1075.5
1305.8,1235
1307.1,1142.6
1321.5,1114.1
1311.8,546.77
1320,561.61
1319.5,743.5
1322,518.97
1324,598
1324.3,849.22
1328.8,525.33
1330.7,1142.7
