2.6667,706.31
2.7429,977.6
15.582,61.073
18.69,576.52
21.579,426.11
26.145,589.59
25.556,626.83
27.17,845.57
32.318,70.568
32.083,786.08
51.65,84.223
52.392,931.36
59.564,330.25
62.83,171
66.714,776.26
65.478,953.43
67.5,718.5
77.816,668.84
81.446,371.89
81.475,1040.6
84.464,599.51
91.646,921.5
93.457,877.53
101.34,1019
103.29,805.29
106.66,946.15
125.75,423
124.93,177.41
127.81,1206.7
130.17,909.35
129.07,446.59
130.9,1095.5
148.16,207.07
157.5,304.78
163.11,1085.1
165.89,15.897
165.73,245.18
166.45,428.29
166.4,4.4
177.4,952.4
185.03,137.94
185.82,589.57
183.59,787.07
196.1,985.97
199.59,217.51
199.82,1113.8
198.07,121.59
204.43,851.5
209.81,479.43
208.5,406.5
213.79,132.11
214.14,43.43
215.17,848
219.08,696.41
225.76,152.8
226.93,541.41
230.72,1065.4
233.75,1159.9
240.04,5.4804
246.5,399.5
251.06,107.03
252.1,1118.8
253.61,436.39
259.77,666.37
267.11,6.2162
273.5,944.29
275.12,1128.3
274.42,843.45
278.51,728.26
287,880.5
290.34,608.23
292.6,406.11
298.74,260.53
306.58,1191.9
312.24,363.88
316.31,824.93
319.33,145.63
319.5,170.71
324.48,295.87
327.43,650.94
330.52,507.95
338.61,770.14
343.05,19.845
350.56,923.92
361.83,111.09
364.25,37.797
373.8,475.09
371.33,379
376.6,902.21
382.72,686.75
390,413
401.71,738.97
405.07,1063.6
406.45,437.41
408.4,885.5
409.81,377.19
417.2,232.31
420.05,68.026
423.86,657.44
427.66,718.85
440.16,323.86
428.27,1243.7
435.17,1107.9
443.57,197.68
440.5,1079
450,1146.7
453.03,1219.5
458.63,368.34
456,403.5
459.07,1005.7
460.32,445.36
460.71,518.88
460.7,30.137
461.94,1021.7
463.16,549.77
462.5,790
471.75,67.66
473.05,944.3
480.94,124.57
484,1242
498.26,1094.5
501.66,240.28
516.87,894.48
519.51,1132.5
526.05,991.44
532.89,345.37
539.11,1163.1
536.7,266.2
542.5,534.5
547.08,772.54
548.07,93.676
547.74,882.96
553.76,493.33
557.69,770.6
557.98,456.12
558.41,833.61
564.17,318.01
567,407.5
570.5,1104.5
572,622
573.29,126.55
573.94,1200.5
579.42,1060.7
588.98,102.12
588.86,725.5
596.04,775.43
598.19,508.93
600.48,833.89
604.9,728.01
602,1108.5
609.08,986.33
613.69,1184.3
612.42,112.45
623.09,1073.4
624.58,733.11
627.05,548.07
630,409
631.82,332.67
633.68,772.78
632,888.68
634.17,470.43
640.27,1114.5
641.98,1192.6
642.17,1026
647,145.2
649.58,714.91
650.37,1208
655.05,33.523
674.29,956.89
685.17,823.58
688.25,299.75
699.95,720.47
700.45,264.73
699.5,157
703.81,220.14
713.57,1206.8
713,483.16
717.09,898.91
727.46,885.57
727.47,1183.2
739.44,1157.6
742.43,1180.4
743.22,122.17
743.75,926.16
745.43,680.47
748.46,970.6
752.12,878.63
762.5,679
766,433.36
768.2,571.58
778,177.5
785.94,512.66
797.92,71.083
818.26,676.07
820.91,594.22
830.77,366.56
835.87,80.023
835.49,143.95
840.96,1065.1
845.97,240.74
847.29,1089.3
850.5,314
854.94,156.25
856.1,11.62
857.24,611.26
862.15,1247
863.91,1161.4
866.89,424.01
875.46,801.1
872.92,178.92
877.22,580.54
880.46,1091.2
886.41,465.94
887.91,1190
889.4,950.26
894.57,1058.7
907.59,324.74
916.57,1149.1
926.12,282.62
937.71,723.29
943.03,266.27
946.09,823.23
959.85,596.69
963.67,709.78
962.61,1208.9
965.71,45.446
966,699
969.53,1244.9
978.83,925.96
979.76,747.9
978.58,413.55
982.43,636.14
982.83,320.43
997.12,109.56
998.21,394.63
1004,660.5
1007.4,990.11
1032.2,431.78
1031.5,856.54
1036.8,55.107
1040.5,481
1041,1007.8
1042.7,1108.2
1047.4,986.97
1059.6,73.415
1060.8,1086.5
1059.5,1210.7
1060.6,397.6
1076.9,186.59
1078.5,1049
1084.6,272.54
1086.6,190.11
1090.4,1195.9
1092.4,345.58
1098.5,672.93
1104.7,300.82
1107.1,368.12
1121,27
1128.8,1094.5
1134.8,190.42
1137.1,518.3
1141.6,649.26
1145.5,67
1150.2,782.55
1168,341.65
1169.3,1015
1169,107
1185.9,241.57
1190.8,254.93
1193.7,917.3
1201.1,947.86
1198.6,1173.1
1209,797.38
1224,1117.9
1223.5,420.5
1226,539.7
1228.9,1192.8
1232.7,324.78
1233.9,101.25
1237.9,242.41
1240.5,976.07
