2.2593,870.63
15.386,981.63
13.885,181.48
14.633,964.85
13.731,317.35
18.4,1245.6
24.414,303.59
37,353
40.9,5.62
59,152.5
73.218,79.21
77.786,364.37
81.085,937.7
84.826,8
88.432,1210.9
102.18,56.98
111.42,36.452
113.11,923.58
116.61,74.139
123.08,246.36
123.44,131.97
125.49,270.18
125.67,228.72
130.33,1084.5
142.89,1062.7
155.66,947.22
157.73,1068.1
163.92,1145.4
169.64,167.33
170.81,1072.7
180.91,1210.4
188.48,774.94
187.8,404.56
191.78,726.38
199.17,161
206.06,1241.4
213.02,343.28
210.65,613
215.5,1095
219.06,954.69
221.73,450.69
241.42,341.6
244.36,634.74
248.2,698.28
251.18,934.67
256.55,58.515
261.41,645.67
260.26,307.33
269.93,592.41
284.52,1089.7
290,865.2
300.5,688.61
302.87,266.65
302.94,1166.1
304.5,458
311.5,424.5
311.42,1092.1
327.38,5.8833
334.13,1179.9
333.47,598.28
335.71,665.35
337.12,624.65
345.98,954.88
355.5,2.6667
358.22,791.1
359.9,330.38
361.87,25.944
368.98,512.13
371.62,532.38
379.26,555.81
377.87,661.11
382.17,832.42
385.72,1198.5
397.6,734.92
417.43,369.1
419.5,414.09
425.88,281.65
442.44,641.08
456.34,8.1099
456.79,1036.8
457,394.83
460.31,858.91
461.61,283.87
464.23,488.63
466.77,569.03
465.6,914.4
469.11,547.81
467.42,1167.9
469.68,688.05
475.44,559.05
480.15,815.87
483.17,1067.1
498.28,407.47
502.79,503.79
502.24,816.62
511.36,413.22
529.44,680.28
531.77,568.17
540.31,393.96
541.78,628.82
539.96,970.58
544.04,1127.1
543.33,330.22
545.59,569.9
558.58,343.89
567.32,973.74
568.37,819.43
576.78,1109
579.4,889.79
587.34,250.97
588.58,618.91
596.57,1169.8
595.17,999.43
593.86,859.5
603.19,459.02
605.53,368.01
612,195
618.61,1045.1
619.58,914.11
623.37,647.37
628.63,753.98
625.22,845.14
632.45,28.586
635.6,655.64
635.84,1023.1
641.43,426.97
651.69,543.82
655.24,506.54
654.6,22.643
687.74,511.62
687,646.25
695.64,308.81
693.5,358
695.9,386.91
695.9,631.15
702.25,599.19
715.06,986.02
727.43,638.21
729.12,675.21
729.23,207.79
734.98,254.02
734.8,142.89
738.14,1024.1
735.44,1230.6
742.08,946.11
739,642.17
746.02,899.39
758.77,1198.6
764,911.75
764.07,515.41
770.58,971.39
781.34,181.77
782.06,249.41
788.43,1181.6
794.09,556.09
796.5,770.06
802.79,593.5
805.41,77.776
809.04,950.48
812.52,263.78
814.02,10.904
822.46,94.308
819.64,876.28
821.6,540.64
823.88,563.17
829.96,746.43
834.92,1206.5
838.73,168.05
840.63,189.84
840.5,341.5
841.07,829.52
840.68,1177.1
847.65,450.03
847.43,93.34
851,1069.5
868.53,1135.1
873.65,692.76
873.98,1010.6
894.4,914.34
897.44,951.97
901.39,444.6
902.17,937.19
907.06,333.62
909,626.5
910.63,100.37
918.85,230.26
922.91,213.91
930.47,653.69
942.58,191.42
959.46,257.82
963.37,914.37
970.62,399.72
968,486.5
977.22,1065.5
991.92,1154.6
994.07,986.53
1000.6,438.28
1000.4,570.7
1001.6,1032.4
1008,213.83
1012.7,705.76
1010.6,573.89
1013.8,317.54
1017.6,873.75
1026.1,1142.4
1036.8,691.42
1048.5,717.92
1054,908.85
1060,787.5
1061.5,570.99
1072,158
1075.4,23.717
1074.3,188.19
1081.6,358.14
1086,890.95
1084,943.5
1086.7,120.65
1089.7,1044.6
1091.8,790.6
1092.2,317.56
1096.3,640.58
1094.1,622.92
1096.1,185.26
1104,507.25
1110,558.76
1109.9,67.579
1116.1,1111
1122.5,343.93
1128.4,524.81
1131,1004.6
1131.7,1180.9
1132.4,832.33
1139,413.5
1151.1,373.5
1153.8,139.47
1154.9,213.81
1159,686.58
1159.8,631.43
1171.1,1199.3
1171.1,239.42
1170.5,273.35
1172,356.83
1186.1,637.47
1203.9,134.21
1203.1,170.67
1208.8,830
1211.6,840.4
1215,1100.1
1217.6,984.37
1227.4,681.78
1235.6,830.45
1232,58.5
1245.6,353.03
1246.8,930.42
