3.8154,506.69
5.2457,1183
6.25,632.48
7.2836,649.9
9.7143,759.45
13.589,259.21
10.826,384
20.172,490.14
17.448,778.59
20.821,35.747
34.762,394.82
41.452,905.42
47.237,746.1
57.857,447.58
58.678,640.86
70.219,279
66.81,657.93
74.647,1246.3
76,949.5
78.579,553.11
97.429,680.04
109.55,728.62
111.15,505.46
113.43,1158.1
123.26,429.57
132.4,523.93
131.5,58
131,776.68
135.6,939.5
137.95,1199.5
138.43,427.66
138.92,141.08
146.63,927.59
143.36,221.41
151.91,325.06
153.93,504.55
171.33,12.611
175.09,386.26
182.02,93.365
190.32,196.96
197.98,241.65
198.68,429.22
202.33,731.17
202.44,470.17
207.91,563.05
214.44,91.415
218.94,929.41
220.59,182.51
218.49,560.49
223.08,282.58
227.54,397.81
233.56,352.95
234.6,939.89
237,1054.5
243.05,276.24
249.42,157.45
250.09,101.91
260.68,1175.4
265.81,475.96
283.13,570.98
283,678.5
283.5,1117.5
284.34,1183.1
288.64,859.99
292.59,472.49
295.53,812.39
292.06,1238.7
298.45,112.54
296.33,413.83
302.95,92.964
303.58,283.68
307.46,913.77
310.04,858.05
323.97,392.03
329.37,1060.4
331.67,280
336.02,240.11
335.6,510.11
337.66,1015.1
359.24,325.49
358.86,961.28
360.42,1008.4
369.44,337.79
371.47,253.08
391.33,104.01
393.22,1199.6
393.06,656.85
391.58,1238.9
400.5,878.5
406.96,86.854
410,297.62
413.69,5.1839
415.5,1222
419.14,450.86
420.6,755.89
424.98,964.92
435.89,804.6
445.03,1207.8
464,1012.8
469.58,754.86
464.5,897.5
483.98,625.48
482.85,1205.1
487.74,1047.5
491.29,12.381
494.64,396.44
490.5,505.65
493,673.75
493.65,898.5
508.99,1179
507.39,588.36
513.42,1239.4
516.9,1093.1
515,1112
519.18,507.35
518.15,1016.2
518.5,39
524.46,439.44
529.56,164.4
529.73,483.85
532.19,718.07
534.76,200.32
537.76,32.098
541.5,1196
545.42,1165.5
544.57,1182.9
548.92,757.92
554.53,641.29
555.67,553.51
555.39,971.87
566.09,1156.4
569.74,737.03
571,1134.2
579.12,588.83
581.5,132
583.4,1171.3
587.9,1093.3
589.58,738.58
597.6,836.6
600.49,289.15
612.93,870.95
620.04,726.71
623.95,515.58
635.57,97.686
642.35,260.95
648.5,190.64
650.95,353.81
650.37,1221.5
650.39,877.57
658.94,468.95
668.69,509.62
668.95,215.08
672.32,16.358
673.77,804.77
676.57,690.94
679.5,274
685.23,399.2
685.06,917.98
685.54,971.54
694.73,1245.5
690.91,1196.9
699.62,353.31
707.1,34.38
709.68,993.41
713.57,130.91
715.03,894.72
716.97,501.14
716.96,545.42
717.34,741.27
725,955
731.77,913.09
734.08,280.8
735,771.5
737.93,17.522
744.99,1163.7
743.74,587.47
747.21,1083.7
747.03,987.44
749.11,227.99
754.18,319.61
752.57,965.94
755.85,296.25
762.15,999.29
772.11,17.051
773.3,338.98
771.57,1092.4
780.27,121.72
779.79,520.78
785.14,1233.7
785,135
784.64,497.98
786.88,891.12
785.45,1167.7
789.26,406.68
792.37,431.82
790,1117
792.58,252.42
795.77,540.1
803.94,1035.9
810.44,817.08
815.63,1179.3
818.5,905.9
817.42,65.452
823.7,459.5
828.62,18.872
829,566.31
832.17,720
833.37,214.63
845.59,955.1
848.16,168.15
865.62,670.58
861.72,245.12
865,95.321
870.5,410.21
870.82,1.7647
871.32,930.87
874.31,1154.5
874.61,118.14
885.26,931.47
883.47,330.27
884.11,365.63
896.12,210.23
899.6,1150.5
900.42,22.424
902.68,187.15
907.45,260.57
907.01,894.07
905.92,823.12
905,239
916.2,54.35
921.27,723.38
920.56,996.92
924.77,629.13
925.94,1065.4
921.93,148.41
923.38,400.34
942.71,1220.6
936.68,329.25
939.2,784.52
936.32,358.78
936.69,378.09
945,397
956.96,168.22
957.51,71.336
954.85,40.346
964.4,1099.2
970.6,620.4
983.4,422.48
984.62,194.38
987.42,248.61
992.32,73.957
995.42,54.983
995,128.5
1000.4,88.452
1002.3,830.44
1003.5,1053
1009.5,411.44
1010.5,1231.4
1017.5,238.29
1021.7,158.61
1023.9,405.64
1025.9,567.7
1032.3,1218.8
1032.1,150.86
1034.5,710
1040.3,1103.5
1040.1,483.69
1060,235.27
1064.4,104.82
1065.4,731.83
1069.4,814.7
1082.9,1001.4
1083.5,2.8571
1099.9,1213
1101.9,116.01
1102.1,1056.9
1106.7,721.1
1110.4,1120.7
1113.3,1064
1116.5,261.43
1120,656.5
1122.9,352.92
1137.9,444.97
1128.1,1145.2
1130.9,933.51
1136.1,1077.1
1138.6,132.88
1138.5,630.4
1138.4,108.14
1138.5,852
1139.4,949.11
1146.7,284.45
1148,1242.6
1155,269.53
1149.3,1202.8
1159,576.83
1160.3,14.548
1161.4,158.11
1170,145.19
1175.7,1085.1
1176.2,104.6
1177.3,70.945
1178.2,184.9
1182.9,644.63
1183.4,1139.5
1194.6,757.18
1196.4,306.52
1195.5,45.532
1198.7,188.13
1196.7,1212
1203.6,277.45
1208.1,29.788
1205.4,4.9459
1210.1,921.59
1230.8,298.14
1229.6,1120.5
1230.1,835.2
1240.7,146.91
1243.1,894.68
