5.6556,675.02
2.3214,860.71
12.102,1028.3
14.403,613.11
16.106,464.81
17.436,480.04
18,458
24.724,1089.9
22.452,1188.4
24.611,529.86
29.005,240.91
30.118,486.96
31.346,1004.1
33.897,808.46
33.074,503.41
37,1155
46.135,1221.3
52.467,1210.2
51.314,467.69
62.086,495.62
59.858,1141.7
58.459,876.92
61.833,699.07
62,163
64.754,387.65
65,994
78.058,284.91
73.233,564.86
71.478,649.09
77.551,354.13
75.02,475.47
73.405,742.36
75,581
81.345,498.87
78.6,525.25
78.5,540
81.792,679.44
86.919,1215.9
88.617,986.7
88.285,1242
90.067,1078.9
96.508,573.97
93.5,728.5
96.457,494.3
99.957,679.61
98.649,907.51
103.14,223
107.38,1235
112.75,508.75
109.59,647.93
113.64,688.55
114.15,733.57
120.91,710.36
122.29,546.68
122.4,721.75
126.09,255.51
126.49,351.93
129.5,765.71
128.95,611.85
138.97,695.95
133,717.5
133.5,728
141.43,1045.5
137.5,221.5
141.32,512.09
140.68,906.65
148.86,1244.2
153.89,220.19
151.3,993.05
153,167
154.06,678.33
155.5,612.5
159,666.6
161.23,886.44
162.73,933.66
167.48,1065.6
171.85,494.45
169,269.97
167.56,400.92
170.48,919.15
180.28,618
176.01,1138.8
182.66,979.83
181.63,885.61
179.5,1016.5
189,124.5
196.59,1022.9
196.29,1144.3
200.95,371.56
203.69,627.84
206.44,337.97
215.35,1163.7
207.66,37.375
217.73,312.47
209.64,846.84
210.33,1051.9
211.75,359.84
215.58,1063.9
216.28,240.69
223.48,598.1
222.91,386.35
224.84,871.85
230.41,1242.6
230.74,411.49
232.18,496.79
231.21,846.95
232.97,1122.9
237.83,804.94
239.74,650.28
239,45
238.33,1142.5
254.67,235.38
257.63,885.1
261.27,1205.5
257,516
259.65,170.07
263.68,556.79
262.12,1148.6
267,331.69
262,644.6
271.09,823.67
288.35,401.88
281.65,904.5
285.98,492.94
284.27,574.97
282.42,1196.9
287.58,281.66
287.3,215.37
289.64,775.62
291.84,237.42
302,734
303.44,817.82
307.89,585.69
311.27,725.49
313.18,226.58
312.33,288.78
311.05,922.85
314.77,1212.2
315.09,690
325.69,454.7
321.82,926.73
322.14,815.86
324.4,82.033
327.44,1113.4
337.93,1160
339.37,803.37
340,970.38
341.41,726.11
346.13,841.86
343.38,1197.9
352.42,982.79
349.45,1187.2
352.7,252.88
357.67,689.91
361.8,353.24
359.38,502.31
366.69,1121.8
363.7,814.16
369.8,318.06
365.78,799.44
369.93,1040.3
369.51,1245.3
368,561.5
374.39,135.13
374.42,630.76
379.13,952.92
383.04,336.46
385.03,302.89
384.58,494.62
389.36,973.32
391.31,789.36
388.55,518.59
393.23,850.01
394.25,890.47
392.5,1131
395.17,769.31
396.6,1024.1
396.69,1190.1
396.12,356.35
404.14,754.38
399.85,1063.6
401,344.5
400,857
404.59,460.71
408,741.5
424.03,934.05
420.68,28.76
421.71,714.17
424.69,997.41
428.04,506.17
425.07,73.311
429.64,727.51
434.99,1028.4
438.57,786.28
437,1108.1
436.67,322.35
435.35,888.71
439.26,740.88
442.97,548.92
446.54,1226
446.18,1169.5
445.12,997
462.96,621.4
446.5,693.5
454.3,987.52
458.41,709.71
459.58,285.63
463.51,1006
462.51,425.94
462.42,1078.8
469.29,894.16
468.5,971
469,1231
474.85,129.66
471,1216
475.5,380.5
479.09,552.09
482.5,235
489.57,1219.2
489.1,1085.9
492.5,324
493.98,341.29
493.62,560.27
502.41,1072
500.94,510.91
504.73,955.33
507.07,543.64
505.56,1226.3
506.51,325.41
505.87,1035.9
509.58,632.69
512.88,837.1
517.12,1179.5
519.44,277.03
521.06,378.7
524.16,1083.8
525.73,641.16
523.9,244.23
528.63,1035.8
529.8,564.93
532.31,851.91
534.78,712
533.09,810.91
543.16,773.16
542.65,539.3
541.66,291.53
547.39,701.62
546.67,991.53
546.07,1114.4
554.39,1204.5
556.98,685.13
571.19,482
559.93,1226
559.58,910.11
560.5,1242.5
561.41,607.93
564.56,392.47
561.5,675
566.47,1014.6
563.91,1030.1
585.15,1100.3
589.03,148.69
590,262.5
597.43,1015.1
603.47,1220.3
606.5,359.05
602.45,412.31
604.7,1068.2
608.38,37.853
610.44,1196.4
617.56,505.46
615.21,285.31
612.89,729.68
615.34,150.92
620.87,545.75
624.23,790.61
622.83,714.84
629.32,1015.8
628.9,1062.4
633.5,546.5
639.74,325.46
639.1,444.62
648.44,1048.3
645.07,39.407
647.58,1160.6
652.02,173.1
649.68,457.96
652.57,1213.6
651.43,314.43
657.34,606.23
657.67,752.88
657.31,773.35
662.57,1230.9
662.5,707.28
662,805.83
666,94
665.71,434.43
668.9,261.38
669.15,420.35
680.71,24.787
681.08,1001.3
682.44,907.54
690.85,599.74
687.69,413.25
702.55,851.47
702.5,176
712.09,271.91
712.84,1021.8
711.94,548.91
717.21,484.72
719.34,1153.6
716.09,202.09
716.75,848.5
721.25,876.18
720.62,1031.5
720.67,315.15
723.77,8.0323
729.07,1219.4
731.11,1069.7
745.84,665.61
738.84,131.93
733.67,369.44
737.1,558.33
734.65,924.88
741.08,25.497
740.89,341.28
741.08,2.4237
738.06,207.54
744.93,1053.6
745.59,145.07
750.66,51.198
748.49,170.97
754.21,625.48
754.04,550.46
754,234
758.35,527.68
756,282
759.5,403.5
763.89,1131.8
761.42,313.89
769.04,997.67
766.5,241.5
772.16,21.142
772.68,97.216
772.89,62.421
773.27,944.45
778.31,7.8594
778.7,34.452
779.32,1168
778.56,405.44
780.03,665.33
781.11,1098
782.68,1113.4
780.5,1126.5
783.29,924.18
787.18,977.13
787.77,432.37
790,3.9016
793.4,38.938
798.22,634.43
799.38,955.05
803.44,1067.2
808.59,1245.2
810,439
810.15,1021.1
812.45,263.26
811.77,1002.9
814.4,780.27
815.8,861.56
820.77,213.46
823.74,539.51
826.03,85.299
823.55,428.58
826.4,1246
827,272
828.66,106.32
836.5,46.505
834.6,907.85
837.1,1133.7
837.55,19.167
837.43,283.07
837.41,1195
841.27,692.19
839.58,112.42
846.5,374.15
840.12,398
841.33,408
847.58,312.65
850.59,862.53
851.82,284.78
852.75,730.66
852.61,417.14
854.24,658.65
855.47,798.39
854.42,388.11
860.07,994.29
862.26,5.0308
871.22,446.41
872.22,35.078
874.5,893.5
881.13,275.82
882.76,492.96
883.42,380.94
886.61,204.13
885.09,1160.2
887,555
902.96,857.46
899.6,730.78
900.28,629.23
906.81,248.11
904.67,468.83
909.05,514.17
911.88,555.12
913,1107
916.5,703
919.62,212.87
921.87,135.7
921.24,1011.5
918,1239.3
920.79,661.45
918.88,673
923.12,448.88
922.5,620
926.98,24
933.93,476.7
933.06,526.91
932.41,90.375
935.5,147.22
931.42,196.42
933.81,182.35
932.22,789.56
935.59,1185.5
935.53,578.19
947.2,203.96
946.08,235.53
943.37,358.22
951.34,342.92
947.93,580.71
947,281.17
949.71,962.55
953.78,888.38
950.5,309
956.7,38.688
953.5,192
956.69,507
956.09,743.91
963.39,1026
958.91,831.91
971.24,89.751
966.87,202.28
968.53,120.03
966.04,326.7
965.6,260.11
965.5,656
968.72,151.17
968.98,460.58
970.88,916.52
972.23,1122
972.59,508.93
980.27,236.78
978.42,834.97
993.3,299.2
985.18,155.77
984.57,1216.9
989.41,343.45
993.15,1146.7
995.68,443.27
994.41,850.46
994.48,668.69
997.37,167.61
998.14,367.07
1006.4,315.96
1000.9,266.46
1013.8,219.55
1011.4,179.34
1012.1,299.82
1014.8,479.26
1019.1,195.32
1020.7,671.13
1019.4,1163
1019,250.41
1021.8,235.95
1020.7,466.08
1021.8,807
1037.1,10.544
1034.1,519.11
1036.1,740.15
1040.1,206.35
1041.6,181.16
1043.6,574.36
1056.2,363.74
1056.5,1058.8
1047.9,1088.5
1052.1,399.06
1057.3,261.76
1050,703
1054.3,879.87
1054.2,578.84
1061,619.69
1056.6,1145.5
1057.3,21.442
1057.8,193
1056.5,279.5
1059.8,485.33
1068,226.47
1075.6,438.47
1074.3,739.64
1075.1,211.7
1080.9,364.74
1078.9,227.06
1081.2,188.91
1079.7,241.83
1080.6,158.48
1087.7,309.58
1094.1,388.14
1094.8,767.75
1101.6,253.29
1104.1,290.66
1100.4,395.89
1101.9,716.93
1100.9,809.41
1102.4,1123.6
1107.8,115.17
1108.7,226.33
1107.5,1002.5
1110.9,691.07
1113,1216.8
1117.3,367.05
1118.2,841.37
1118.2,860.32
1117.9,586.62
1122.2,428.21
1117.5,640
1119.6,203.71
1118.5,1033
1125.5,1105.5
1125.5,227.5
1127.8,384.67
1127.7,1130.4
1129,1208
1136.2,885.29
1137.1,669.09
1140.6,223.46
1140.2,245.09
1144.7,980.43
1142.3,650.15
1145.4,499.03
1148.4,791.39
1157.8,1144.4
1150.9,244.6
1154,647.99
1155,392.37
1157.6,830.79
1159,955.93
1156,259
1163.1,1169.8
1166.9,425.08
1172.1,1181
1172,234.68
1171,410
1176.3,786.44
1175.1,219.59
1178.9,751.57
1181.7,277.93
1188.2,956.54
1187.5,101.45
1191.2,810.46
1197.7,308.95
1195.2,717.47
1197,1203.6
1195.5,1227.1
1196.1,654.08
1200.8,555.49
1213.8,1217.2
1208.7,1031.3
1211.8,1013
1223.6,1241.4
1212.8,873.05
1212,260.5
1213.1,671.41
1214.5,818.63
1219.5,322
1217.1,728.92
1217,860.65
1223.1,171.27
1225.6,1044.6
1228.2,569
1238.5,1095.5
1239.6,379.11
1242.9,523.14
1245,24.256
1246.2,920.33
