10.839,966.9
3.5429,832.11
7.3438,788.47
12.438,849.15
16.226,729.96
16.698,903.38
20.765,760.39
19.959,1062.3
21,1044.7
27,817.5
28.789,855.87
27.143,955.14
29.623,967.75
34.255,1005.7
37.474,693.93
40.734,942.57
41.958,1053.1
40.463,960.71
44.117,1171.4
44.25,971.25
45.908,1025.1
48.127,793.68
51.509,816.98
52.349,622.35
52.836,997.01
53.955,875.82
54.154,947.46
56.952,887.89
59.825,920.76
62.895,788.57
67.573,953.92
68.162,1246.3
69.577,839.23
69.759,852.04
71.254,1104.2
72.346,759.85
88.064,878.67
75.5,1048
78.706,477.5
78.576,345.42
85,932.75
87,541.5
88.319,639.14
89.245,789.54
87.538,965.17
92.078,1017.6
89.462,837.96
94.273,149.55
99.419,921.45
103.25,814.04
112.54,857.65
106.57,306.53
120.08,947.41
112.6,988.75
113.42,518.55
115.56,913.16
116.74,765.12
116.08,1203.1
121.25,931.12
122.03,995.67
121,1090
124.56,777.07
126.39,1034.8
133.13,379.44
138.59,752.79
139.06,859.47
142.64,930.32
145.06,902.18
156.1,914.88
153.5,829
155.42,68.576
158.68,1105.4
157.61,793.86
161.68,315.22
167.04,875.63
170.43,457.96
170.14,1031.1
177.74,840.53
185.91,237.13
202.76,972.12
209.88,640.6
224.38,476.07
230,860
235.69,192.59
240.75,791.97
249.25,43.582
250.9,745.24
260.57,347.57
260.68,1137.4
271.53,412.38
279.15,728.49
281,901
282.1,1019.4
287,1005
296.96,173.02
301.79,214.35
302.21,123.5
311.39,188.13
315.78,1089.2
314.6,1179.4
348.09,1069.9
361.86,22.611
372.4,24.643
377.61,874.14
387.34,967.62
414.21,44.315
433.42,819.11
463.7,1084.5
478.58,1100.6
481.62,340.77
482.94,10.298
488.27,852.27
508.62,899.38
507.54,119.92
537.37,825.37
557.37,929.37
570.19,745.85
578.96,997.76
578.58,666.89
589.66,352.27
592.68,796.94
597.89,479.92
603.91,1152.9
614,773
624.57,143.08
626.71,493.71
636.91,311.09
638.17,656.43
645.58,60.424
650.9,186.51
659.13,536.43
668.38,1070.6
681.44,158.5
684.49,431.34
692.82,377.89
694.23,738.63
699.98,891.94
701.88,632.83
708.03,482.56
714.5,317.5
721.48,998.7
727.68,713.58
733.45,1048.6
748,98.5
750.09,1174.1
767,872.5
768.43,902.05
772,439.34
775.77,261.12
777,563.26
773.95,1233.1
784.88,1082.1
788.31,1000.3
786.43,474.39
794.26,1137
795.93,440.95
799.07,134.62
798.33,771.56
801.43,379.04
802.73,269.92
819.26,925
825.63,997.39
825,207.5
834.4,966.47
831.9,276.38
837.3,653.7
838,27
842.4,934.16
841.58,1018.9
844.66,637.06
846.42,919.17
862.5,923
873.75,863.08
877.43,614.72
904.38,28.662
911.28,1012.9
912.7,682.21
922.57,692.06
933.71,26.318
930.76,475.58
942.26,710.47
941.3,1141.1
944.06,107.81
950,620.5
954.85,663.6
956.19,807
966.97,285.09
973.82,14.607
974.15,402.08
980.26,303
987.39,370.14
994.51,96.596
996.07,577.41
999.25,674.84
1013,72.373
1027.6,455
1033.5,322
1035.2,47
1042.8,823.63
1046.5,1152
1049.5,351.78
1061.9,750.59
1066.8,80.375
1078.3,687.78
1083.2,1036
1087.5,578.03
1109.1,428.96
1114.9,912.43
1120.6,446.05
1144.1,751.59
1145.5,94.5
1183.5,160.5
1191.8,621.12
1217,944.5
1225.6,286.28
1236.1,1029.4
