3.3333,65.19
31.332,133.68
99.267,219.27
14.958,380.38
6.9155,454.13
13.928,506.61
3.8214,539.79
2.814,567.81
2.6667,647.17
5.0357,743.25
3.2632,840.88
3.9703,878.19
20.08,969.53
5.3571,1052.9
6.3856,1092.4
16.146,85.829
5.1515,167.09
6.7673,319.84
5.5714,662.49
7.6203,774.19
8.4118,800.06
8,867.5
10,64.111
12.097,859.74
30.172,889.01
19.112,1244.5
24.509,614.67
12.421,665.89
15.171,494.29
34.999,700.89
18.304,661.72
38.445,1081.1
18.853,1195.8
32.839,763.35
22.68,1014.9
28.983,835.2
27.267,882.37
42.162,433.74
28.5,559.5
31,584
34.735,1019.3
43.561,21.017
42.564,160.98
35,287.5
40.29,557.22
46.259,1120.9
45.07,501.71
38.5,476
38,536
42.672,1051.6
41.412,598.94
42.468,830.87
43.09,859.25
42.75,846.25
54.199,996.28
44.667,470.67
43,592
44.333,400.17
45.103,1240
77.251,557.7
49,942
54.098,376.79
50,393.5
56.19,581.48
59.55,747.23
62.124,1022
56,666
70.753,597.8
63.903,650.72
94.33,915.07
73.296,307.14
59.227,735.23
59.909,725.09
62.5,426.44
61.743,33.6
61.579,712.11
64.2,662.6
65.22,364.85
68.967,177.03
66.909,751.91
72.116,454.09
70.154,490.35
69,631.5
114.98,1070
78.132,280.34
81.048,48.839
102.75,331.72
74,864
80.667,983.61
78.275,544.45
77.429,666.32
76.5,257.5
84.02,520.06
78.731,624.27
99.791,1033
90.379,9.5451
94.015,392.29
121.45,853.34
83,857
85,673
105.35,706.23
89.65,603.77
91.952,123.42
102.64,471.2
91,667.67
95.378,690.45
92.192,741
99.129,1198.2
92.261,505.07
92.52,848.12
94.492,1243.8
92,1236
93.871,56.097
93.412,641.06
97.245,1115.1
103.04,306.12
155.34,159.68
99.771,616.38
99.333,607
100.5,626
100,421.5
167.82,626.65
101.63,1008.8
102.76,1106.3
101.13,1228.8
104.92,267.44
104.58,583.89
110.02,275.51
112.8,786.53
109.71,1006.4
113.58,208.02
113,1097
117.49,600.72
113.5,769.5
119,347.81
127.44,421.85
120.68,542.28
119.4,1003.4
119.87,525.3
129.68,38.111
122.04,742.25
122.97,1161.1
121,466
129.53,788.9
122.5,338
130.42,373.54
131.77,986.07
126.56,199.41
127.09,186.44
127,399
131.16,342.14
150.99,481.5
131.29,540.71
133.62,599.2
132,769
147.09,760.67
139.62,397.58
154.94,285.07
139,385
147.89,931.09
142.33,370.33
142.85,577.97
146.56,829.13
154.21,1021
150.19,1160.6
149.16,507.55
153.28,101.29
146.5,450.5
148.62,321.71
147,816
161.35,375.11
164.1,1041.9
150.42,78.263
151.14,624
154.71,981.98
155.64,456.57
156,344.5
158.92,674.94
177.59,1073.8
173.96,729.71
160.47,880.38
157.67,618.83
158.09,892.09
187.69,421.9
161.79,461.98
160.82,527.53
159,829
163.39,990.76
169.52,5.8402
166.54,137.95
171.17,848.24
164,345
170.45,510.36
166,707
188.68,793.35
170.56,253.97
171.23,667.29
178.95,193.51
176.43,694.06
173.42,463.89
178.29,522.67
197.94,228.61
176.89,71.333
195.71,948.5
197.12,113.99
192.74,375.83
178.71,55.571
178.94,138.59
181.17,475.8
179.31,1001
179.8,855.2
180.58,308.11
198.86,543.81
181.5,903.5
183,317.5
204.58,308.34
184.1,750.45
214.09,15.754
200.79,1190.8
199.77,1020.5
192.69,405.58
193.69,905.12
190.4,577.4
191,740
195.1,38.387
234.69,376.1
194.57,392.57
201.14,257.66
213.53,460.7
200,873.33
200.5,709.5
203.2,726.42
203.06,387.33
210.73,1002.2
211.51,686.83
210.62,894.47
210.09,713.86
208.3,1071.7
211.67,1154.4
215.51,644.96
220.11,68.66
213.71,28.294
212,1030
236,1231.7
214.86,47.5
225.45,429.76
217,990
221.71,182.81
240.31,692.47
220,1080.5
222.14,33.857
223,546.25
229.12,1107.5
225.59,1207.8
225.9,443.43
224.97,1073.8
227.62,676.07
234.16,1188.3
228.39,128.43
227.43,493.57
228.67,959.91
233.18,183.79
229,399
231.92,557.96
241.52,207.33
234.02,481.03
231,582.5
237.86,630.73
233.91,460.16
234.47,604.67
240.66,238.8
234.5,506
235.17,612
237.16,1155.7
247.27,512.51
241.71,788.37
245.52,104.77
238.06,448.41
242.74,897.25
242.93,583.99
245.91,139.36
244,851
271.58,955.72
248.04,250.91
249.47,759.91
248.62,821.47
255.29,1069.4
248.41,399.93
253.44,832.7
249.14,650.59
251.07,999.43
249,729
250.04,807.58
261.53,1174.7
251,623.77
250.5,723.5
251.06,1204.1
256.92,59.71
297.67,363.03
253.47,848.24
257.73,283.23
253.67,991
260.57,631.68
255.04,979.95
258.56,222.69
267.9,568.99
271.32,1243.4
266.94,732.27
259.33,775.02
263.07,6.5064
260.67,106.06
260.03,786.37
273.49,314.04
268.53,535.25
278.93,857.54
266.8,816.81
267.38,403.31
331.2,497.57
270.35,1205.1
269.21,454.38
301.03,875.11
271.5,551.88
270.6,593.4
271.58,325.11
288.77,782.13
272.56,1022.2
273.81,337.42
296.22,585
280.46,434.88
280.57,1093.1
282.9,601.96
289.23,677.56
281.58,272.89
282,424
284.05,342.62
283,507.5
285.11,757.42
287.28,453.06
285,501
294.53,93.915
306.8,628.69
305.43,1141
297.96,550.85
291.5,956
291.5,335.5
294.48,426.42
291,1247.5
295.26,1062
321.68,322.65
297.16,399.98
298.75,947.02
311.9,271.22
297.17,968.67
298.75,1038.4
305.49,733.99
299.73,645.22
304.42,833.07
301.91,932.05
309.53,526.19
307.8,970.34
304.68,188.55
308,659.97
311.99,387.58
310.11,754.96
324.24,1032.9
313.36,18.738
311,990.38
315.87,342.26
325.75,426.57
320.4,1228.6
316.65,711
317.5,115.5
321.8,558.07
316.92,1001.5
324.18,300.64
318.88,987.35
341.87,1216.3
326.37,585.99
321.6,129.6
324.57,400.61
327.67,13.538
334.88,830.81
327.5,784.5
334.09,475.79
348.31,450.6
330,791
333,2.6154
335.8,97.101
337.15,659.44
340.88,625.99
337.62,536.75
354.61,275.98
338.49,1243.9
339.85,378.06
340.86,393.5
340.63,1110.9
340.5,275.5
340,368
344.97,409.05
375.14,1169.3
351.43,1083.1
343.5,345.5
345.88,785.35
347.62,924.62
374.95,217.3
348,973.45
348,431
371.28,563.87
376.91,674.57
348.89,1030.4
352,264
398.39,612.41
355.82,633.89
356.17,304
356,1033
364.26,334.47
359.85,396
366.99,774.18
359.5,475.5
359.91,547.09
377.1,758.61
366.09,353.19
366.53,478.03
366.67,112.17
367.14,861.14
381.19,1033
370.21,877.38
391.85,895.24
375.12,351.47
387.3,1110.8
397.75,25.688
381.61,321.16
377.25,445.37
379.5,206.5
386.7,340.39
385.03,1232.6
383,815
389.68,477.43
387.67,284
389,301
390,699
392.42,85.105
393.09,1204.9
403.1,558.34
395.93,108.88
396.73,397.77
409.48,135.97
395.5,321
396.5,118.5
399.69,338.14
397.29,823.29
398.18,314.18
412.36,487.25
400.56,948.67
406.83,301.03
402,390
403.35,830.42
402.89,1047.6
412.24,1062.9
418.65,689.7
405.84,1238.9
429.65,1079.9
410.85,1160.2
410.86,407.11
411.72,1197.1
410.95,1112.1
415.5,276.62
413,758
413,1238.5
431.01,70.08
419.24,647.94
419.61,736.26
417.5,348.5
422.18,989.33
426.72,1186.8
423.26,1011
422.36,257.28
422.5,746.5
448.94,1243.7
427.85,552.9
426.12,1163.4
435.01,440.45
429.21,312.91
429.11,800.54
434.45,250.69
450.34,734.44
429.11,1199.6
431.36,747.08
466.09,897.7
436.94,811.86
460.08,1131.5
455.24,207.97
451,125.65
435.92,202.08
435.6,410.4
448.72,516.86
449.61,784.65
495.91,591.55
440.88,667.41
439.43,674.61
456.12,1200
451.66,309.74
442.4,856.4
443.5,190
447.31,676.1
452.77,939.23
445.4,327.6
448.97,1229.1
448.1,401.65
448,657.5
448.54,697.89
461.81,5.2053
449.67,249
454.05,482.47
449,968
455.57,1014.7
455.85,986
456.65,1055.5
456.36,849.68
462.42,970.94
459.92,828.46
461.22,90.611
500.4,403.02
460.85,858.26
460,1029.5
493.56,649.01
463.5,716.5
462,1038.5
472.51,465.39
470.32,1055.4
467.5,229.5
467,721
469.65,293.4
471.77,782.89
474.53,1215.7
470,979
470.5,1010.5
473.21,682.73
472.92,814.25
478.52,241.08
473.5,378.5
478.15,1017.2
517.05,265.85
474.4,981.4
515.33,108.56
478.73,958.32
477.13,182.17
478.75,300.25
478.15,385.58
480.6,286.35
482.49,511.02
479.92,834.92
481.58,38.576
483.41,48.031
481.41,843.94
482.59,82.941
487.32,1163.3
488.42,193.2
484,717
484.58,1203.9
487.05,369
486.56,379.89
488.26,356.68
488.86,482.83
507.34,1245.5
492.5,444
495.35,740.09
496.65,998.41
494.24,1034.8
499.39,292.3
508.51,805.54
509.08,971.64
512.68,1114.7
501.68,1177.1
510.82,1015.8
499.78,617.28
511.72,441.4
505.08,1058.7
500,1036
509.05,35.575
508.32,1087.1
507.75,483.33
510.68,765.39
508,1000
546.34,198.68
511,1079.3
521.43,704.64
514.71,66.429
523.01,540.68
517.62,1192.9
518.07,186.66
525.53,865.43
524.47,515.3
518.81,1128.4
538.2,1179.5
518,75
527.65,466.32
519,172
525.96,369.86
521.52,475.09
537.2,929.18
523.44,1080.2
523.5,1051
523.41,1174.9
524.56,914.56
525,1074
525,1088.5
528.13,1217.8
528.77,86.808
535.33,158.07
528,1009.1
529.93,1152.4
527.32,175.92
531.27,896.51
529.36,427.5
530,375.5
530.5,764
560.58,802.17
530.64,956.32
531,1080
535.55,1069.2
538.54,12.725
536.68,491.11
535,1017
536.14,1131.1
537.62,972.77
537.94,1209.2
537.5,542.5
537,1034.5
543.85,37.503
539.5,953.5
568.6,375.57
540.89,1029.6
545.61,1062.5
549.2,238.92
546.56,420.38
557.54,1004
546.11,183.42
545,802
546.4,846.6
546.42,1080.9
548,13.333
551.26,1126.2
559.4,476.24
555.96,735.15
553.54,1138.5
553.46,1157.4
554.85,523.82
556.62,1037.2
570.5,873.31
560.03,937.88
562.31,1080.3
568.76,129.61
558.33,85
559,102
617.08,417.97
564.85,1026.5
561.83,719.33
562.8,915.93
565.89,1052.4
563,1064.5
565.5,163
594.86,219.96
566.85,710.31
575.98,13.218
566,168.5
566.67,847.83
568.98,502.82
568.5,441
610.55,733.83
572.08,951.55
571.61,1143.6
571.5,313.5
596.93,583.31
579.22,918.86
574.7,457.42
575,1042.5
578.1,1056.7
576.09,141.91
593.05,856.59
589.71,1190.1
576.34,168.41
580.5,247
580.71,775.71
581,1148
584.21,456.07
584.34,83.736
583,767
586.73,59.4
585,243
598.2,1015
587.55,795
589.33,1145.1
590.03,320.89
588.88,248.5
588,1242
589,145
595.83,302.46
615.38,120.4
593.1,911.1
595.26,1170.8
598.45,344.31
593.62,362.81
595.1,1238.2
596,974
598.43,1116.6
600.31,876.6
604.95,904.45
605.97,42.012
600.75,156.25
600,239
605.26,970.11
627.63,169.23
606.74,784.01
650.86,882.43
612.56,76.439
647.98,69.518
612.59,274.5
616.76,328.51
611.5,766
612,340
620.21,977.91
614.68,365.44
620.53,1212.7
620.42,1239.2
617,655.5
620.11,302.58
627.3,669.07
621.05,793.93
625.02,1186.1
637.64,969.4
625.77,1060.1
626.61,653.64
630.1,919.01
688.86,935.84
641.38,309.07
629.77,337.23
633.61,361.96
630.5,840
631.5,688.5
641.87,1018.4
638.78,273.26
635.52,994.35
644.9,1239.4
641.77,528.72
643.08,3.3194
639.4,439.42
651.96,820.9
649.42,343.28
648,440.5
652.15,17.437
649.9,390.95
652.9,766.3
655.5,799
681.58,741.78
656.42,862.11
657,983
682.67,999.1
664.12,6.0169
668.75,337.05
665.42,401.79
689.49,240.85
664.43,769.39
664.41,788.06
671.51,49.716
666.33,324.83
666,818
669.29,705.14
673.27,784.42
679.26,649.5
674.12,33.058
678.56,176.3
676.88,310.94
671,981
673.5,968.13
675.46,1198.8
674.32,1222
693.45,388.26
677,433
677,797.5
678.5,298.5
682.43,278.38
683,592.38
684.5,542.64
688,788.74
685.52,55.968
686.77,451.01
687.04,124.4
690.5,1245.5
706.32,93.632
687,603
692.35,613.75
689,68
691.35,640.04
714.63,540.49
710.38,19.74
701.64,958.34
697.42,760.3
701.58,297.6
711.76,786.19
714.9,870.31
699.96,895.92
704.3,177.04
703.97,348.08
710.01,688.09
705.38,187.88
706,130
711.06,465.49
714.91,747.29
711.15,197.38
711.57,134.97
720.1,324.6
807.45,1189.1
721.81,985.02
721.3,231.23
720.18,845.26
717.07,63.9
722.23,658.54
722.56,3.7353
730.46,116.01
728.45,289.06
718.95,449.78
723.94,244.94
724.92,1184.4
727.59,668.34
729.96,737.35
743.21,6.1267
745.59,494.35
753.26,764.2
735.86,627.81
734.07,830.07
743.85,907.68
732.59,65.059
732.88,237.38
733.5,460.5
739.93,588.89
734,782
735.56,1006.2
741.04,84.482
738.27,201.52
744.24,41.446
736.67,103
736,207
738.3,49.85
740.96,67.95
741.97,136.42
740.19,455.74
740.96,784.93
748.4,731.42
753.13,159.12
750.72,297.92
744.06,655.56
742,554.5
752.36,566.27
744.97,843.39
748.26,217.24
750.18,273.95
747.64,378.74
751.09,870.63
782.97,980.17
773.04,347.82
749,822
750,186.5
750,369.5
751.36,86.318
752,1004
756.48,397.9
766.05,619.05
754.51,835.08
757.68,388.62
781.71,437.59
755.4,737.6
763.29,798.85
780.24,36.919
757,361
757.4,2.4
782.35,103.56
758.6,244.6
759.64,238.32
765.81,315.16
761.11,678.42
762,1011.9
762,1159.4
766.6,203.09
765.44,857.09
776.05,229.62
762.41,291.94
770.4,12.426
765.58,128.89
783.78,568.97
769,397
771.87,61.255
776.48,914.34
774.29,77.604
776.42,746.61
779.74,132.68
783.09,287.31
778.97,658.4
777.91,166.67
781.5,470.3
788.8,837.2
794.61,718.13
785.44,381.41
784.77,1006
789.67,71.5
811.12,1019.2
796.38,917.97
792.56,20.92
792,1003.2
791.5,1145
795.55,1244.4
801.06,169.94
793.67,325.83
795.42,129.89
797.77,6.5
809.68,1114
803.86,528.89
798.6,1077.6
801.46,59.378
800.14,1165.9
802.87,457.69
802.58,333.89
803,1154.5
803,474
807.39,806.27
805.88,936.83
808.22,1223.1
834.33,846.22
807,346
816.07,366.28
813.56,447.6
812.41,1140.1
813.11,109.7
811.6,823.5
827.1,539.24
814,942
815.68,71.265
817.63,1240.6
817.5,341
841.98,777.01
821.89,581.2
820.27,2.7667
819.47,888.11
821.91,326
824.57,93.606
824.31,630
829.6,945.72
822.58,348.89
851.1,421.26
833.02,147.83
823.57,1090.6
824.79,1219.1
826.04,494.2
836.91,983.98
827.57,1041.5
838.49,462.06
825.95,1136.4
829.36,736.03
832.13,27.448
831.26,1095.3
830.56,638.92
844.01,367.76
847.09,924.51
834,1038
842.28,648.1
836.69,709.04
835,896.5
836.41,630.06
846.45,1026.2
843.34,99.934
841.5,75
840.92,307.44
841.33,56
847.41,566.67
850.16,15.196
903.55,665.99
843,107
844,384.5
845.05,541.32
860.5,709.14
850.62,1207.9
861.56,497.9
846.14,1242.9
847.41,309.06
849.1,713.96
860.3,1067
851.5,1242
854.23,527.25
860.09,61.5
857,1083
858.4,47.4
863.49,106.06
859,1035
878.46,342.83
861,1030
862.11,1042.6
862.71,94.429
862,553
862.42,685.47
875.65,1229
863,605
943.03,494.97
928.41,570.9
870.86,44.735
899.7,285.91
884.66,428.07
877.72,1157.2
879.17,902.07
867.68,962.76
870.02,946.46
887.42,996.91
874,545
875.89,706.58
880.76,559.59
898.83,468.29
891.39,1123.2
880.88,1178.6
890.96,57.573
880,456
886.23,695.59
893.24,950.05
881.55,105.41
883.14,29.643
884.93,174.48
888.17,978.72
885.46,926.2
885.5,492
893.53,1050.6
889.44,207.12
889.97,308.78
896.52,20.701
895.42,757.08
889.83,1100
901.87,669.22
892.96,35.4
931.04,358.07
900.92,1087.3
902.95,1157.9
897.5,205.5
899.5,438.5
905.83,617.3
905,337.5
905.5,1106
921.39,1216.3
908.46,66.769
907.8,143.09
909.5,191.7
910.93,164.26
909.92,804.97
913.17,908.48
925.37,1039.5
909.37,1142.5
925.29,590.39
911.5,341
920.94,91.194
960.9,206.05
929.26,1244
920.75,583.75
937.63,773.52
921.52,883.48
926.14,892.86
924.01,453.45
925.03,385.89
936.63,1093
926.61,439.48
925.54,908.62
925.1,1149.7
927.15,17.654
927.35,293.27
927,1106.5
937.29,432.83
935.59,564.91
934,735
936.85,118.83
941.58,1129
940.07,1230
936.42,651.89
937.56,10.08
1021.6,914.73
950.62,1149
946.37,66.053
944,723.5
949.35,966.74
945,178.5
948.91,838.53
945,911.5
946.29,1109.4
975.69,65.06
958.62,669.59
954,401
955,617.5
970.16,1237.8
963.12,263.42
966.36,613.82
958.5,1031.4
974.16,793.45
959.87,816.29
962,81
965.55,641.27
978.51,15.071
972.56,697.11
1015.1,1171.8
969.64,1208.1
971.37,367.93
981.28,1066.9
968,159
971.5,294
972,1031
973,1036.5
1000.8,150.74
984,261.31
980.35,478.41
1005.5,343.02
976.47,598.92
975,642.5
1011,625.45
978.1,334.05
978.5,574.5
980.05,1216.1
995.84,1116.4
973.25,416.33
984.61,991.94
987.58,206.77
1058.4,74.586
997.58,746.46
986.75,1026.3
1003,670.71
991.78,528.56
989,1044
991.92,806.45
1000.8,821.23
996,1011.8
1016.4,554.55
999,262
1000.3,987.18
1006.5,1237.9
1006.8,459.8
1012.6,716.8
1041.8,1049.3
1013.5,94.435
1010.6,183.02
1019.9,884.38
1025.3,1002.4
1010.4,1075.2
1008.4,1127.4
1046.9,417.59
1017.6,283.21
1018.6,1111.6
1029,117.13
1030.2,317.49
1036.9,1233.7
1084.1,259.78
1027,88
1029.4,269.45
1037.8,518.12
1035.1,307.56
1034,361.5
1039.6,215.74
1045.4,811.66
1040.1,350.13
1037.4,1112.6
1094.2,885.89
1040.3,940.29
1048.1,613.04
1041.5,789.54
1047.8,503.69
1076.9,808.4
1049.7,37.914
1074,1177.2
1061.1,980.68
1054.2,324.32
1056,330
1059.1,819.17
1063.6,218.87
1064.8,234.47
1059.8,700.74
1064.3,767.48
1072,1228.8
1060.4,693.06
1062.8,441.15
1079.2,319.1
1065,847.5
1070.4,46.969
1067,208.5
1103.6,1127.1
1069.6,61
1072,39
1073.5,499.14
1099.5,193.77
1075.6,83.571
1132.4,89.122
1078,396.27
1080.6,759.05
1086.1,861.08
1083.6,500.59
1131.4,426.5
1093,484.2
1089.5,1007
1092.7,219.53
1091.2,914.17
1117.4,131.78
1095.2,56.051
1094.3,744.89
1094.7,387.38
1093.3,803.57
1171.6,817.97
1138.3,1212.4
1167.9,379.48
1100,735.67
1101,593.5
1110.3,669.81
1105.1,905.06
1109.4,1246.4
1111.5,978.87
1108.9,393.41
1110.9,864.52
1117.8,1102.9
1111,1014.4
1113.9,737.44
1125.7,771.74
1131.3,468.37
1121.7,646.77
1119.4,603.74
1129.8,722.55
1124.1,788.03
1123.8,963.84
1144.3,1091.8
1132,178.33
1138.3,686.34
1136,957.52
1143.1,207.19
1164.3,27.465
1136,351
1136.6,1238.1
1164.5,180.42
1141.1,593.63
1138.4,1182.4
1139.8,2.3889
1139,602
1155.6,724.66
1147.8,1028.6
1142,1036.5
1145.1,1246.4
1146,131.88
1146.5,961.5
1178,1129
1152.1,555.65
1170.2,978.75
1158.1,90.517
1156,833
1159,415.47
1164.1,849.8
1159.2,71.757
1157.6,133.89
1166.6,1042.2
1166.8,909.45
1170.4,1183.7
1166.2,657.51
1161.6,942.11
1164.5,617.02
1167.7,463.1
1210,557.07
1165.7,877.84
1166.1,735.11
1172.7,943.05
1174.1,71.579
1176,858.2
1181.4,6.5642
1200.8,744.08
1172,1050
1174.8,1074
1180.8,407.52
1204.6,447.37
1190.2,636.85
1197.5,668.77
1180.9,883.19
1199.3,510.48
1184.8,159.71
1183.6,793.43
1191.4,948.22
1187.6,127.5
1212.9,1052.9
1190.1,483.74
1190.4,102.89
1195,83.373
1195,883.98
1192.9,1214.8
1208.1,120.96
1217.9,687.73
1199.1,595.45
1210.7,983.42
1215.2,1214.9
1199,519.5
1205.8,785.2
1202.5,461.5
1203.5,865
1204.5,877
1209.1,1127.4
1206.6,40.429
1210.5,892.04
1213.8,88.145
1216.8,873.08
1212,1109.5
1227.8,637.67
1213,1152
1213.8,1163.2
1216.4,1142.2
1215,369
1217.7,1182
1217,600
1219.7,900.79
1219.9,1107.3
1219,782
1224,101.9
1233.1,11.256
1228.7,342.72
1224,483
1229.4,864.15
1231.2,34.5
1228.3,768.3
1238.3,470.83
1231.1,754.86
1233.4,1010.4
1233.2,1087.2
1239.8,1170.7
1240.3,82.801
1239.6,347.88
1241.2,405.44
1241.6,441.74
1242.5,337.98
1244.3,102.61
1244.1,600.87
1242.5,821.21
1243.1,1026
1244.4,1239.4
1243.4,843.5
1245,1202.5
1246.6,574.11
1247.1,45
1247.5,329.5
