4.0667,81.833
31.624,187.64
7.726,231.15
4.0328,486.57
5.4867,527.17
21.601,561.32
21.752,631.41
36.374,773.9
2.3544,819.29
22.676,881.01
10.145,932.36
38.43,1024.2
3,1279.7
27.926,475.32
6.0667,1260.2
11.953,5.5078
9.1281,402.22
15.187,1068.9
18.987,260.41
20.748,242.83
20,1145.1
19.16,1264.1
21.195,540.32
32.38,100.14
22.346,132
35.345,941.46
41.303,287.7
42.936,404.05
29.065,986.91
34.4,123.52
32.981,796.83
39.568,336.67
45.232,217.65
40.29,247.61
41.529,1044
74.499,674.5
45.442,998.35
56.118,1296.2
53.967,154.1
55.086,332.49
82.055,889.79
60.313,958.48
79.533,519.91
62.108,485.89
63.857,117.35
64.105,661.58
70.96,498.99
77.663,699.22
71.215,748.68
67.115,138.5
80.48,775.04
73.033,154.57
75.881,1294.6
77.139,318.48
134.95,942.34
82.43,823.53
78.944,235.13
78.576,98.03
91.18,121.32
167.51,130.96
85.889,249.81
111.26,1230.8
99.919,472.18
120.76,571.38
103.56,1017.6
94.059,341.55
94.391,353.43
133.45,1082.6
95.593,990.81
110.61,1271.6
125.96,1042.3
122.71,644.09
124.16,45.332
121.43,924.84
120.38,232.74
123.03,472.02
143.74,487.31
124.68,662
128,1007
141.88,698.3
136.75,420
149.44,309.08
135,874
170.34,805.41
138.49,986.94
155.11,1011.8
142.81,664.54
142.35,1251.9
147.53,110.42
144.67,64.885
164.1,672.71
187.38,520.13
201.18,1100.8
187.16,735.68
180.23,957.47
174.33,154.97
178.45,1319.5
188.74,455.23
178.72,984.91
180.5,298.64
191.78,355.05
201.84,652.8
253.27,122.37
194.47,868.92
210.9,403.47
202.16,86.947
217.22,612.91
210.96,922.23
205.9,933.95
211.78,429.75
205.41,961.89
226.42,709.48
225.69,1322.3
238.47,532.76
236.57,982.68
242.66,930.13
228.41,443.1
231.97,835.04
257.43,886.04
227,1296
237.66,421.43
243.68,312.03
238.01,738.05
243.58,1025.3
241.11,137.42
244.51,670.9
286.96,1264.4
252.91,44.897
264.03,637.9
253.98,708.16
252.98,1276.2
259.24,293.98
255.5,1173.5
262.01,410.04
327.78,738.32
257.69,1315.4
278.06,426.11
264.67,515.66
268.18,337.32
265.86,722.58
274.71,42.006
272.31,610.46
264.67,966.04
277.91,947.99
268.09,981.53
290.8,1073
269.53,1199.5
276.2,1322.5
333.44,60.259
288.16,298.14
286.07,510.46
281.5,592.5
293.31,20.177
284,109.5
311.38,624.82
295.2,582.77
292.11,799.58
305.74,354.84
299.79,36.756
299.1,967.7
332.06,1147.7
325.35,380.76
306.03,271.92
323.32,445.5
312.86,506.32
339.19,1007
315.14,926.25
322.13,294.48
315.86,827.15
318.5,581.9
316.88,897.02
323.61,946.28
327.04,869.85
323.1,1305.4
327.84,153.97
327.9,684.29
327.98,561.93
342.48,125.23
342.35,184.59
375.8,292.14
340.38,466.14
337.86,8.7021
338.57,701.85
339.5,1209.5
342.33,768.17
387.85,877.79
353.92,693.3
361.74,340.68
374.03,1166.2
396.87,449.8
361.55,956.55
363.55,757.64
373.27,1302.2
373.79,133.38
367.98,898.99
368.06,944.37
369.7,1244.6
367.55,926.58
368.87,1192.8
370.21,1095.2
375.1,364.41
379.74,694.12
410.42,1086.9
386.15,59.235
385.8,1021.2
389.75,196.17
388.78,816.77
389.21,1321.7
417.44,1279.2
395.88,728.81
456.92,404.28
437.72,54.086
399.5,1119
474.1,486.48
403.2,746.44
405.9,63.563
401.86,1271
412.63,210.51
410.24,1140.9
411.51,833.5
411.08,1119.3
419.65,750.2
416.88,408.38
420.59,1230.4
464.47,543.04
442.27,229.11
439.31,76.929
446.94,877.5
440.73,518.27
454.52,1224.7
460.1,131.12
446.79,21.155
449.73,990.28
449.1,495.93
467.42,1031.7
502.42,150.12
467.06,870.67
468.4,1054.4
474.91,443.44
487.61,320.36
480.65,187.56
488.6,979.54
479.91,59.646
486.45,1031.1
483.83,879.52
486.2,1.8
499.73,250.17
493.37,232.16
490.29,379.33
490.4,461.82
492.03,726.05
497.02,1290.4
501.31,835.28
510.16,876.2
544.89,575.81
503.62,1331.1
507.66,1000.8
544.44,1165.9
513.45,606.57
513.33,533.71
514.34,229.24
509,750
515.86,780.81
547.46,327.39
516.08,740.48
520.6,1020.7
540.08,192.73
537.02,13.211
525.04,1129
534.59,840.92
531.1,881.59
556.65,257.53
535.43,722.27
523.95,1095.1
554.88,401.32
541,1212.1
551.13,698.57
645.14,847.34
569.22,624.46
550.76,1213.8
551.81,466.71
550.76,737.29
551.91,534.91
606.07,812.46
557.57,1035.9
559.97,131.28
567.76,978.58
559.44,107
566.3,1186.6
560,622
564.06,848
573.98,275.42
565.08,1289.6
572.01,209.45
581.55,482.14
567.79,1329.3
574.29,1026.3
600.38,936.47
571.74,168.4
576.21,792.21
575,885.5
585.91,431.65
626.51,36.891
594.43,1073.4
599.85,182.08
606.28,1115.7
613.23,76.641
597.07,910.63
605.38,698.24
597.77,973.79
599.26,674
604.72,789.36
604.86,154.56
603.25,335.53
626.12,754.98
604.5,203
608.72,916.64
607.5,50
614.53,209.82
614.37,1022.7
638.12,464.14
613.29,345.87
612.96,120.63
614.82,133.33
647.26,540.15
624.14,258.51
628.14,999.38
621.93,368.23
621.38,1098.8
621.29,430.32
631.02,146.23
636.72,1126.1
677.7,171.09
637.67,934.01
633.5,500.5
648.51,89.841
650.21,4.2105
656.49,970.91
653.56,352.45
653.01,117.1
672.35,390.67
656.79,1084.7
669.78,920.29
664.05,1121.6
666.69,13.177
687.59,31.154
666.45,270.55
666.5,1080
688.37,329.19
672.85,1198.9
687.14,507.47
700.41,232.51
683,175.5
707.7,474.72
682,983
687.17,259.44
684.68,1314.7
690.42,1296.8
699.38,1326
689.57,1233.4
690.5,426
704.01,1007
697.55,279.78
699.2,438.54
695.67,727
701.32,183.88
699.04,910.57
721.27,1132.5
704.97,270.43
710.56,366.02
704.77,751.91
719.95,630.87
712.09,546.43
710.33,158.42
715.68,862.03
711,1309.5
729.22,461.66
711.39,708.43
713.49,1172.1
715.1,1214.6
715.06,964.57
716,431.5
722,156
731.96,387.04
725.43,12.952
754.26,873.31
729.05,1174.1
726.5,36
743,427.55
732,160
735.65,180.3
764.59,655.88
741.46,1331
738.09,245.09
746.73,1151.4
766.67,1258.1
748.71,188.52
750.85,207.7
753.47,1181.3
761.06,145.18
758.39,1097.4
756.22,1280.9
761.56,36.068
758.09,590.19
770.85,1000.7
760.21,272.13
762.42,299.29
783.56,607.35
765.9,1229.6
763.49,234.65
771.97,386.42
772.78,464.99
774.58,255.1
775.29,1166.7
777.63,444.63
777.5,1175
778.57,843.57
793.42,1073.1
810.14,1151.6
784.66,91.305
794.11,51.081
799.56,730.04
788.43,578.57
799.49,1216.3
799.97,449.84
806.01,825.11
799.36,1107.9
798.44,1031.6
824.46,1274.3
805.44,1178.7
804.17,131.57
813.68,409.56
829.56,40.499
846.78,983.64
809.62,1239.8
836.73,475.56
836.36,893.03
823.25,1099.3
837.64,1058.2
823.4,707.95
828.56,1327
834.56,255.89
841.56,434.87
834.79,795.33
833.72,735.26
843.07,1080
836,1102.7
842.72,663.67
843.89,685.5
853.21,308.89
852.29,757.03
855.06,613.14
852.38,1317.9
855.07,28.966
868.62,839.43
854,111.5
868.2,415.99
855.61,1193.1
857.6,104.05
858.5,50.5
858.81,638.29
857.5,653.5
859.94,664.38
867.49,1082.8
871.56,1286.6
860.5,741.5
866.25,29.174
873.77,794.26
866.99,238.66
870.14,96.078
878.02,340.54
866.48,1319.9
866,48
887.97,115.79
874.24,269.36
908.5,355.36
878.08,674.26
880.41,742.44
878.93,616.23
881.02,41.368
876.69,8.3333
894.76,1150.2
885.77,1222
881.92,1101.1
892.02,1299.6
887.65,1068
884.37,307.65
885.03,1120.6
893.99,888.82
895.7,653.52
891.1,1192.7
892.19,431.74
895.05,719.01
900.16,403.6
896.91,1268.5
900.4,292.38
896.06,440.47
910.08,967.22
896.37,747.37
897.56,768.88
897.83,1199.4
900.29,2.3214
902.07,19.426
899.28,1324.9
910.38,1006.8
902.9,36.138
904.42,757.04
907.48,420.8
908.31,691.69
908.09,1234.2
914.48,900.44
909.14,1040.1
914.92,615.88
915.05,7.7397
917.67,466.03
917.56,35.624
927.56,699.33
919.1,918.76
922.03,839.3
927.46,206.84
924.21,1098
926.84,45.844
925.3,808.2
926.11,291.58
926.38,381.92
927.95,984.36
935.6,25.718
937.8,591.81
945.9,1034.2
935.23,1206.3
940.18,81
950.84,274.92
946.76,875.57
947.77,1290.4
953.33,754.32
967.46,344.93
958.18,832.1
955.82,581.26
963.03,475.08
957.33,733.83
962.48,718.8
966.29,651.29
982.91,57.622
972.75,215.45
969.39,299.39
991.05,1246.9
985.18,550.44
978.01,1099.1
976.09,670.45
978.68,1289.1
976.91,693.95
977.89,95.421
1008.9,230.81
984.73,737.93
994.82,1144.3
997.09,419.63
988.07,855.4
993.77,1328
993.55,1115.3
1009,372.54
990.5,667
993,328.5
1011.7,110.68
1007.2,838.91
1006.4,254.29
1010.6,300.72
1016,756.65
1027.9,401.44
1021.2,1269.1
1027.8,869.45
1037.5,1080.9
1028.9,293.3
1042.7,1010.8
1031.1,544.56
1033.2,624.26
1057.1,1281.2
1035.6,1114.7
1044.8,580.85
1038.9,255.46
1038.6,985.05
1093.3,539.05
1040.1,742.6
1053.8,314.28
1045.7,390.32
1054.1,683.25
1077.7,1218.7
1057,784.19
1077.2,1142.5
1093.9,358.44
1055.4,870.6
1060.7,340
1080,171.51
1077.8,619.63
1149.9,923.44
1070.8,228.4
1080.1,802.06
1076.7,319.21
1078.8,592.29
1087.1,233.38
1085.6,1104.1
1088.8,1085.9
1092.6,326.82
1096.2,1279.1
1106.3,737.9
1103.1,1099.5
1098.8,1172.4
1102.5,471.5
1153.9,224.61
1115,959.86
1106.4,1292.5
1137.9,695.49
1108.1,785.56
1110.9,1237.9
1125,485.32
1125.3,175.39
1124,466.33
1104.8,1014.3
1130.6,13.859
1134.1,1298.4
1130.9,405.23
1134.8,984.11
1140.4,1136.7
1147.3,456.46
1140.8,1249.4
1140.4,405.86
1140.1,786.04
1143.2,798.49
1158,1185.7
1152.5,1314.1
1146.1,1161.6
1149.3,54.246
1147.6,1262.5
1155.5,1219.4
1151.3,1241.3
1155,1277.8
1156.7,22.839
1162.9,812.91
1188.8,1055
1173.1,448.31
1175,244.72
1180.4,464.14
1174.4,669.4
1178.9,334.63
1184.8,783.86
1193.2,389.09
1187.5,1086.3
1186.8,671.95
1186.7,363.91
1184.9,73.964
1201.4,34.095
1190.5,103.77
1196.1,79.559
1206.3,290.73
1199,792
1237.4,801.18
1204,843.09
1204.2,367.57
1205.1,454.59
1213,499.92
1218.3,417.53
1213.5,535.95
1210.1,698.47
1228.1,95.695
1223.6,1215.4
1224.8,1167.5
1234.1,949.39
1227.3,779.56
1242,1271.6
1232.4,361.11
1227.2,584.34
1237,1040.2
1249.8,38.095
1254.2,888.68
1248.9,1180
1277.7,1270
1254.9,1047.7
1264.9,250.94
1255,1311
1259.4,588.96
1258.8,1015.9
1259.5,1093.9
1263.5,818
1293.1,1171.6
1269,740.59
1269,808
1268.6,980.54
1271.1,1202.3
1276.7,1075.4
1271.8,940.18
1276,933
1276.9,1228.3
1282.1,237.12
1280.5,333.38
1280.7,861.09
1281.7,556.81
1282.8,533.77
1283.5,970.5
1310,1201.5
1292.1,612.17
1307.7,849.09
1298.8,217.29
1288.9,728.62
1287.5,804.5
1306,911.96
1288.6,872.15
1310.6,359.2
1296.5,1017.3
1292.8,1086.2
1297.1,705.56
1300,3.1455
1307.6,507.19
1302.6,376.12
1311.5,787.35
1308.6,821.17
1308.8,1034.1
1316.9,1320.6
1311.6,490.68
1314.1,119.94
1320.5,698.77
1312.5,1297
1319.9,530.26
1321.6,976.58
1327.9,1259.4
1327.6,1048.4
1322.7,1070
1325.2,1222.7
1330.1,472.46
1330.3,642.72
1330.2,213.67
1330.7,278.77
1330.7,503.17
1331.2,515.9
