5.55,752.76
3.5574,835.56
5.4474,895.61
5.3692,1227.6
12.439,8.8421
18.015,97.176
15,175.32
23.83,142.48
22.929,1213.1
42.432,454.95
42.579,1156.1
44.926,253.74
47.086,1006.3
49.08,1227.6
54.328,770.6
56.609,274.74
57.854,255.15
63.223,1076.6
64.918,397.03
67.146,1017.8
80.361,791.44
76.81,1184.6
80.697,1033.5
82,242.39
84.974,512.13
81.727,836.55
86.074,486.41
102.07,42.593
113.1,451.18
109.92,985.72
130.37,927.53
135.19,86.149
135.59,18.319
135.22,673.15
144.47,1139.1
143.44,31.175
143.17,96.696
155.38,180.13
154.6,1158.4
156.78,136.29
161.05,795.67
158.5,403.5
156.83,1178
157,192
163.21,457.28
161,1198.7
163.81,984.1
172.06,1218.6
168.52,775.19
175.35,870.66
175.44,1065.5
178.83,1152
179.6,976.4
188.28,750.96
198.17,1031.1
195.62,3.8
193.92,119.44
200.04,677.38
196.78,293.42
201.42,1091.6
203.54,788.54
206.05,351.44
206.97,736.59
212.42,906.04
212.37,317.46
213.95,1100.9
214.91,861.09
221.15,731.5
225.99,74.398
227.37,1067.7
226.29,712.78
227.82,872.81
226.69,962.58
230.54,789.48
242.74,942.16
237.44,766.04
245.09,716.16
242.92,1088.1
265.38,877.38
256.89,1053.4
256,779
260.21,727.22
262.4,1233.2
265.48,1011.6
268.03,237.57
271.88,967.93
268.5,901
273.56,814.7
277.14,600.31
280.16,123.17
281,109.61
282.21,1112.4
283.4,1085.3
282,1225.5
289.37,1163.2
284.93,361.59
289.62,758.74
295.75,1229.8
295.69,118.24
301.5,1134.3
305.16,410.28
303.5,472.91
314.36,919.29
315.86,112.83
321.67,333.76
321.33,1107.2
320.88,496.35
325.56,972.97
336.52,867.11
335.46,701.15
343.99,1221.1
344.04,1054.9
348.42,1155.9
353.02,936.89
352.86,1007.2
356.94,833.97
362.8,505.13
367.78,460.53
368.04,924.29
369.22,984.95
387.58,1082.1
390.32,1132.9
392.6,709.11
396.88,860.08
399.5,951.5
400.59,574.58
400.37,625.03
405.92,7.56
417.29,897.01
411.65,1191
410.4,1241.6
417.43,1060.2
416.86,819
422.46,875.32
422.18,1242.5
425.19,1212.9
426.13,1175.2
425.5,842
430.62,1124.5
429,1223.5
431.95,919.93
435.81,967.19
439.65,809.73
444.62,515.24
441.24,786.32
443.05,840.03
453.44,430.11
449.12,943.65
454.69,11.239
457.47,775.35
455.62,723.18
456.09,874.09
466.13,1001
463.02,1135.1
460.43,249.39
478.76,38.461
480.72,1025
471.27,193.62
473.13,252.53
471.76,1042.1
472.68,979.92
482.03,70.757
480.72,1088.7
483.07,196.87
484.65,1122.6
488.78,1177.5
484.58,294.11
485.75,523.61
488.5,510.71
493.48,885.02
493.25,1058.5
494.34,201.16
493.44,320.92
497.58,412.89
496.42,529.55
498.15,924.83
501.12,1074
516.64,260.35
510.79,621.27
514.62,485.91
514.08,924.39
513.38,1066.1
512,1132.5
517.62,841.81
519.97,1081.8
519.71,698.75
523.5,141
525.5,853
526.82,1007.3
531.09,625.38
532.39,1112.9
534.13,1080.2
535.19,167.73
537.5,53.5
545.84,483.12
546.41,1083.6
546.07,1055.8
546,1097
547.17,539.07
550.42,1113.1
555.44,508.97
555.55,1034.4
557.93,956.78
561.72,522.87
558.58,630.89
565.83,67
568.8,111.93
575.73,1091
581.43,458.39
584.42,280.42
588.47,1187.3
589.72,1104.9
597.96,1042.9
593.58,292.89
598.42,1228.1
601.92,717.5
607.1,1131.9
612.21,1098.5
613.86,65.5
618.96,409.15
618.5,611
618.58,953.89
622.8,1036.9
622.23,844.23
637.98,675.8
634.98,92.64
635.17,1100.6
639.58,1132.7
641.06,900.18
643.47,437.25
642.16,174.79
642.13,332.84
642.07,1044.6
647.02,365.95
645.08,727.73
661.6,745.13
656.41,946.84
652.84,969.16
656.59,705.76
667.62,1120.7
667.83,680
675.16,1201.4
678.6,1187.4
689.11,599.08
687.95,1201.2
686.83,668.2
703.57,657.42
705.82,748.47
704.87,844.5
710.45,38.317
710.78,636.76
712.31,275.92
717,522
729.81,270.65
728.62,170
726,1006
732.59,653.17
730.05,787.1
738.12,1077.4
750.73,402.9
747.5,1004
753.17,467.22
750.5,783
758.27,522.3
759.7,824.02
763.43,961.02
765.15,464.91
765.91,848.61
776.39,486.19
781.69,619.53
779.39,37.861
783.45,455.78
786.84,432.11
783,224.5
786.59,838.92
788.81,1236
789.17,467
796.56,547.08
799.27,825.95
795.5,1166.5
802.25,661.18
802.89,1154.3
805.83,931.22
805.6,494.9
812.14,438.17
818.68,243.83
824.07,425.8
819.42,89.418
822,618.24
830.24,716.64
826.3,478.27
828.9,151.65
826,582
830.87,393.98
830.98,819.58
836.16,217.43
839,393
841.38,1122.4
844.46,41.893
849.8,60.463
851.94,670.68
851,477.15
849.19,905.33
854.33,632.4
856.49,117.17
863.87,15.069
862.89,1193.5
861.53,1172.1
866.72,1134.4
873.12,1174.5
878.56,1115.3
877.91,679.09
884.96,829.71
878.33,786
884.48,152.95
881,480
883.39,969.36
886,1149.8
891.77,630.09
891.98,897.64
892.56,1069.8
895,664
903.69,718.89
913.53,1108.5
914.07,339.19
922.6,500.23
921.81,1137.4
923.77,87.93
923.28,1231.6
921.7,867.78
922.47,202.16
928.21,605.74
934.99,1123.3
930.21,1152.9
933.5,506.5
939.2,373.16
937.25,1103.3
939.29,1085.1
949.63,930.7
946.5,1231.5
952.57,623.76
958.03,849.74
958.85,790.74
957.59,1186.8
961.61,551.25
960,247
970.74,787.3
973.03,916.91
972.71,15.154
973.65,1008.7
977.16,1234.2
974.86,453.86
979.44,3.2558
990.58,674.26
986.66,147.51
986,386.5
995.05,306.48
993.67,563.67
997.59,1233.8
998.5,710.65
997,1199
1001.8,878.2
1003.5,611.57
1008,512.78
1009.4,640.11
1009.9,847.62
1018.8,1013.6
1016.2,451.62
1013.4,550.64
1015.8,1193.4
1018.6,426.4
1029.5,1204.6
1031.9,1125.4
1036.4,128.57
1034,412.83
1039.2,203.15
1043.4,250.55
1043,69.748
1041.4,589.38
1044.9,421.24
1046.5,537.34
1052.5,616.88
1054.1,124.13
1055,438.5
1056,140.76
1059.6,241.63
1062.5,282.28
1062.6,343.36
1063.6,1206.3
1070.8,837.97
1066.6,897.05
1067.9,642.39
1073.1,511.59
1075.4,230.86
1076.1,651.02
1079,277.9
1079.9,295.71
1089.4,411.69
1088.7,755.88
1092.1,1117.1
1093.9,1073.7
1097,587.79
1094.4,901.41
1099.5,329
1110.2,59.952
1108.1,396.58
1113.2,948.09
1117.2,307.82
1114.7,486
1114.9,722.63
1114.9,1023.6
1118,992.22
1123.3,146.16
1125,359.1
1133.7,260.53
1140.1,414.12
1139.9,1081.3
1140.4,695.58
1144.5,334.93
1145.5,1039.7
1150.6,1000.7
1147.7,189.43
1153.2,440.25
1154.1,846.26
1163.8,186.54
1157.8,688.86
1162.3,300.61
1161,1116
1162.7,767.06
1167.4,705.22
1170.2,1182.6
1175.4,652.64
1179.9,538.98
1183.8,1205.3
1190.4,741
1189.4,1238.9
1191.7,697.56
1191.6,648.37
1191.8,1072.6
1201.5,1114
1206.8,1153.5
1206.3,608.36
1215.6,33.946
1221.7,1135.4
1232.9,543.53
1236.9,159.5
1238.1,353.35
1243,1214.2
1241.6,47.662
1244,870.5
1246.1,854.09
1247.2,287.5
