7.1159,132.89
3.561,1052.9
3.89,1184.7
14.434,400.09
11.579,734.89
12.115,826.65
13.091,364.09
19.74,996.9
21.209,808.62
19.667,238.43
22.771,560.4
23.529,904.57
24.66,155.96
25.69,758.35
24.667,421
26.5,1202
30,696.5
35.61,143.41
34.125,1201.8
37.016,683.86
36.395,995
38.054,877.76
46.481,1144.5
47.635,716.05
47.5,793.35
55,755.32
56,1079
56.091,1091.9
57.5,151.88
59.88,842.36
61.918,823.97
64.349,584.56
66.685,892.04
68.384,232.85
68.355,200.1
68.543,427.2
71.458,382.55
72.765,278.76
73.576,1138.4
75.336,944.32
74,1205.8
76.5,203
78.5,411.65
79.861,715.43
79.324,527.78
81.444,760.42
83.153,838.66
82.839,658.5
86.295,1175.1
94.399,1218
85,885.5
89.595,937.24
91.558,209.88
96.745,260.35
100.17,690.54
106.55,99.418
104.77,444.14
109.8,1019.4
114.65,598.6
115.56,45.035
113,1163
120.07,1128.7
123.7,1230.5
119.29,762.71
122.8,351.2
122.4,1198.1
123.4,98.375
127.65,239.79
122.5,449
126.21,972.5
129.34,463.99
127.5,848
130.48,60.393
132.82,368.7
129.05,480.09
131.49,867.67
133.68,717.07
132.46,282.41
132.46,633.22
132.08,780.08
136.23,832.73
137.93,441.41
140.33,799.44
141.44,882.74
145.26,641.78
145.99,962.66
143.91,153.94
147.18,708.64
146.89,754.58
151.09,1109.1
151.67,264
162,86.86
164.46,316.8
165.48,988.34
165.19,1095.5
176.8,409.38
177.3,22.045
184.19,1074
185.29,232.03
190.1,579.13
190.42,144.56
194.08,281.92
200.42,229.11
200.65,507.73
205.04,893.34
206.66,157.68
207.28,1115.7
212.03,963.36
211.89,172.83
212.87,366.18
216,43.24
214.66,446.24
221.35,325.38
217.8,154.56
227.39,746.12
228.86,510.39
237.35,593.54
242.84,89.079
243.67,1034.9
245.97,1245.5
248,201.19
249.16,846.46
249.04,441.46
246.5,71.5
259.5,385.29
263.31,650.43
262.37,8.7067
264.01,498.16
265.39,731.44
267.29,998.94
269.7,289.36
272.56,214.12
271.24,590.18
270.5,540.5
277.46,86.081
281.7,185.4
279.42,515.89
290.47,592.65
291.15,529.55
296.12,567.9
297.8,1039.1
299.23,422.77
299.31,1227.9
302.48,317.54
301.5,11.5
308.21,795.87
307,959.5
312.91,65.091
316.54,538.15
322.57,124.31
321.53,272.44
321.02,1058.3
326.58,601.93
322.58,141.11
326.52,554.91
329.62,361.26
328.04,413.6
333.01,468.09
328.89,724.42
331.05,90.818
332.91,345.91
337.97,691.41
338.06,116.43
343.48,1081
350.41,442.1
348.65,677.96
352.7,899.96
355.96,156.59
371.18,8.9176
368.93,803.41
371.68,781.22
374.5,952
375.5,231
376.56,552.89
380.8,149.28
382.15,801.09
384.92,716.4
391.94,180.18
391.8,142.44
394.88,330.94
395.73,1049.2
397.2,114.56
400.55,533.64
409.25,803.4
410.85,645.11
408.53,994.38
411.24,383.97
413.39,178.55
413.36,932.19
413.6,276.37
412.9,162.62
417.5,495.5
420.18,1124.2
425.55,944.74
431.95,645.99
437.56,461.22
437.14,815.57
443,515.32
451.2,919.92
452.01,557.18
449.4,639.36
456.31,526.55
454.11,34.421
455.8,1041.1
457.43,502.39
458.86,667.39
458.26,845.19
460.28,824.6
465.42,811.17
468.42,63.122
469.81,848.46
468.88,961.42
478.2,466.48
475,688.25
480.05,290.43
483.56,869.92
490.97,790.73
497.02,1144.6
497.22,200.46
507.08,467.44
504,623.5
508.8,255.3
511.53,1223.5
513.06,951.62
511.83,273.07
519.04,8.3
520.91,900.87
524.27,541.83
522.86,321.14
524.9,353.23
526.38,882.1
531.04,86.241
531.2,644.44
534.57,836.71
536.58,924.5
534.33,799.53
537.81,362.14
537.44,718.08
538.56,884.6
542.75,537.85
540.25,585.22
540,1103
546.74,248.69
547.39,160
551,1.8947
553.97,589.71
553.25,413.94
553.39,52.435
555.36,367.36
556.75,626.59
556,289.17
555.42,422.11
560.68,1011.8
561.37,953.3
558,1167.4
560.2,1148.8
562.73,13.056
560.5,156
562,574.5
570.58,654.21
572.59,256.1
576.09,191
576.5,119
580.62,1071.8
582.47,235.07
582.6,627.11
584.52,1211.3
585.98,565.57
591,44
590.69,779.9
591.16,831.48
591.91,282.09
596.17,1101
598.7,119.5
601.33,619.17
599.8,22.833
604.35,1196.2
603.76,291.57
608.98,932.31
607.06,915.67
617.33,493.28
617.07,1100.6
615.15,944.54
616.93,1231.3
619.07,265.53
620.31,695.8
620.95,879.95
629.71,167.89
628.84,542.48
636.52,590.82
635.66,763.5
638.36,367.25
641.97,839.58
638.46,942.08
641.02,1107.4
644.44,55.89
640.22,892.68
642.31,189.95
641.58,493.89
647.43,217.06
655.96,804.56
659.44,878.09
662.74,268.87
661.5,429.5
663.17,759
666.52,947.92
669.05,1012.4
669.73,655.23
673.99,33.312
673.81,918.18
676.84,440.65
680.61,347.86
679.5,371
681.43,396.79
682.72,657.91
683.58,127.58
690.15,429.2
690.53,806.76
694.42,973.89
697.32,59.667
701.45,142.76
698.5,726
704.09,760.11
704.95,344.36
702.44,1082.8
706.45,226.31
710.31,168.77
714.6,1149.7
716,788.81
719.91,279.92
718.02,1031.8
722.21,139.03
724.29,1170.5
724,1.8947
727.13,317.06
726.17,992
734.42,301.91
730.03,602.4
731,1100
734.93,75.593
735.71,612.65
740.5,803.45
737,400
744.85,766.22
744.35,935.15
743.5,108.16
743.9,137.96
745,791
749.5,510.5
752.98,876.21
754.23,993.45
754.44,727.71
754.91,800.56
759.48,542.98
757.63,971.63
763.14,518.56
770.47,669.44
769.9,49.45
771.48,895.81
772.07,451.41
778.2,1009.1
779.92,173.56
782.14,183.14
790.18,839.59
792.63,88.462
789.07,630.59
794.28,974.67
794.42,692.83
795.32,290.61
793.58,523.89
799.03,1073.7
797.61,751.43
797.58,1037.1
815.43,310.53
814.5,643.5
820.13,280.13
824,1096.6
828.88,39.989
829.07,253.88
829.59,132.65
830.25,15.429
829.5,525
834.74,982.48
832.15,638.27
836.66,338.02
836,213.5
842.47,838.02
838.59,905.93
846.29,126.99
842.42,553.11
846.9,1205.2
863.72,65.681
860.33,54.167
861.7,1144.5
872.28,509.77
865.59,846.77
874.94,597.8
869.83,978.96
871.75,298.91
869.33,618.25
867.5,1061.5
875.32,206.93
875.71,6.4634
877.36,23.818
876.42,1087.1
882.4,804.38
890.58,331.42
894.74,1086.9
896.29,165.73
902.58,1048.1
903.53,1096.8
909.73,997.78
911.48,1060.5
911.97,884.25
913.33,332.64
915.5,6
916.66,700.11
918.64,920.58
920.63,1235
922.14,1206.1
926.59,14.149
924.24,941.58
927.04,161.19
924.63,419.06
928.05,50.163
929.42,135.8
932.93,748.52
932.87,772.84
944.42,167.31
945.42,345.09
945.23,210.44
944,466.65
945.21,628.38
947.76,691.02
948.38,778.84
949.7,2.8148
949,483
949.5,525.5
953.43,1215.6
960.41,1152.2
959.96,1004.5
962.11,1130.4
962.91,1102.9
969.23,1024.9
968.09,1120.9
969,1159
975.98,254.73
976.4,95.917
980.5,1089
979.43,445.57
980.42,143.89
986.18,428.24
987.58,103.88
988.07,249.41
991.96,360.34
997.39,933.87
994.69,1137.8
998.8,513.35
1002.8,1058.3
1005.2,188.29
1005.7,817.94
1005.5,413.42
1013.1,262.72
1018.1,749.7
1014.7,285.68
1018.4,1164.4
1012.5,197.16
1013.6,932.94
1019.2,14.302
1030.9,252.35
1022.1,191.48
1023.8,3.3774
1025.7,103.05
1027.4,123.37
1027.4,742.43
1030.3,82.145
1030.4,1237.4
1029.9,273.65
1031.5,510.57
1033,487.5
1036.7,182.29
1046.6,854.56
1048.8,1246.2
1048.2,1093.3
1048,122.4
1055.9,409.71
1052.1,450.71
1053.7,278
1057.5,124.2
1055.6,773.58
1061.3,243.84
1057.3,501
1062.4,1051
1066.4,563.58
1062.1,145.69
1066.1,316.04
1070.9,1245.1
1072.9,676.23
1073.9,601.23
1079.3,954.48
1078.6,436.06
1083.4,1104.7
1082.5,389.76
1080,1159
1087,807.56
1091.1,938.12
1094.8,629.13
1094.4,25.679
1096.2,520.53
1103,501
1104.4,761.54
1104.2,1219.4
1106.3,265
1107.9,279.08
1112.4,51.379
1117.6,760.26
1117.5,154.38
1121.6,525.82
1120.6,657.19
1119.9,1053.9
1122.5,541.13
1127.1,809.26
1124.6,300.43
1124.8,589
1128.4,506.1
1130.1,770.38
1130.5,860.97
1131.4,683.32
1134.4,49.145
1134.8,929.67
1135.6,536.37
1135.9,882.07
1137.5,1082.7
1140.8,1118.4
1142.3,517.95
1146.4,701.1
1150.2,158.97
1148,906.86
1152.6,978.13
1153.4,1086.8
1157.3,662.95
1157.1,684.85
1158.7,427.22
1159.9,750.34
1158.8,637.23
1166.7,521.47
1166,367
1170.8,161.04
1168.2,622.46
1169.9,446.26
1178,820.41
1190.1,669.91
1174.9,768.65
1175.8,507.02
1178.3,872.25
1176.5,1010.3
1177.1,475.59
1177.5,961
1181.9,3.8136
1181.5,920.41
1183.4,524
1185.6,890.14
1187.4,281.89
1191.2,611.56
1194.9,588.32
1200.5,304.07
1193.4,818.5
1198.1,65.44
1203.6,329.97
1210,971.18
1205.2,1094.2
1208.1,583.68
1208.9,36.484
1210.2,218.04
1209,682.83
1208,631.36
1209.8,996.86
1221.1,615.23
1225,133.61
1220.7,643.84
1220.5,794.5
1223.3,351.32
1221.9,1005.6
1223.6,668.4
1227.1,68.764
1223.5,544.5
1230,447.89
1229.4,216.89
1234,589.04
1231.5,257
1233.1,853.08
1239.7,1181.7
1232.9,871.41
1238.1,692.23
1237.5,666.63
1239.9,890.59
1240.3,785.82
1239.8,536.52
1240.4,480.64
1244.3,997.92
