6.7297,251.59
4.7303,319.44
2.2895,521.79
3.6207,617.9
2.85,991.1
23.176,344.26
28.206,1170.8
31.428,719.06
30.517,538.07
30.73,559.77
41,812.5
45.5,1147.5
51.277,515.01
57.333,244.64
61,255.89
62.071,341.95
66.117,1110.3
71.708,228.31
74.661,358.02
77.579,689.42
76.261,1196.4
76.278,43.574
78.253,893.93
79.4,909.41
80.187,1027.6
77.633,582.63
78,993.5
80.625,322.44
79.611,657.14
84.609,733.89
87.673,502.85
91.871,281.04
96.6,1234.6
99.884,369.88
102.27,833.57
100.5,1138.5
109.52,1125
107.42,1145.9
118.45,700.95
116,274
119.59,530.28
121.2,360.11
119.94,857.45
126.93,42.414
132.17,713.07
131.91,1030.9
139.42,648.74
141.93,364.03
141.46,956.65
148.78,914.84
143.84,265.43
145.5,628.5
150.22,472.05
148.09,691.09
153.43,852.2
150.39,728.86
156.15,438.27
158.81,4.6966
159.99,107.69
161.92,1143.5
164.41,1239.3
165.5,326.5
171.62,460.99
173.35,1210.9
171.31,9.1714
178.23,1243.1
175,685
177,154.5
178.5,854
187.19,428.93
189.36,670.33
191.74,837.88
190.54,751.91
192.9,878.03
203.84,820.51
206.9,523.5
208.56,884.67
210.49,973.34
211.48,606.08
216.55,856.58
217.14,338.86
229.98,303.3
228,352.83
235.88,242.72
238.71,829.64
233.32,529.25
234.69,741.46
236.76,517.32
236.56,969.04
236.33,1012
249.01,1244.7
244.73,402.73
247.06,1003.3
252.94,632.97
260.1,350.38
261.44,768.03
266.17,1117.5
265,1072.5
267.11,669.58
271.32,460.23
278.39,724.61
274.56,430.88
282.78,497.9
281.31,901.98
285.72,81.628
278,439
281.22,829.13
283,1082.1
287.86,236
287.5,388.35
298.43,1190.6
296.12,705.88
305.98,941.3
305.26,766.07
304.63,333.37
306.56,139.56
312.15,722.73
308.23,1153.1
312,180
317.05,80.021
321.87,496.36
324.41,963.49
331.5,131.42
333.35,66.378
331.6,202.89
331.83,834
334.86,885.19
337.64,751.03
348.89,440.24
342.5,138.6
347.5,96.208
348.53,204.45
348.57,257.09
350.32,409.95
353.9,148.82
359.02,579.84
356.79,1047.7
360.73,369.89
366.46,193.45
366,400.5
369.04,237.87
375.74,644.13
374.44,346.08
382.18,376.77
380.39,232.14
388.79,331.86
391.09,871.53
396.07,182.95
402.85,573.38
397.6,721.6
402.12,994.53
400.74,346
402.91,1052.1
413.91,511.87
418.28,1183.4
415.88,156.2
416.46,598.92
420.24,878.91
427,771.5
433.5,57.5
434.55,338.41
444.42,120.55
449.79,946.5
456.07,741.56
457.28,1182
463.21,511.31
472.75,1203.4
474.52,885.18
472.5,624
479.61,915.75
476,1072
480.18,802.03
481.83,693.3
482.16,761.55
487.86,134.33
484.23,348.73
488.4,200.76
490.64,732.67
489,609.5
490.54,1220.8
496.61,1092.2
497,754.5
504.11,931.19
506.68,1187.3
509.61,1217.9
510.92,685.08
521.34,288.28
521.98,1170.6
531.7,533.44
528.38,201.54
538.22,407.05
535.11,492.42
547.65,558.68
549.03,982.78
546.34,692.47
550.54,947.9
549.29,1015.1
558.47,531.47
560.88,818.92
557.91,604.35
564.45,437.22
564.32,721.34
578.33,467.95
580.96,651.8
583.58,372.11
585.91,297.91
588.74,12.815
595.32,889.01
595.25,1174.9
600.77,1242.8
604.5,896.5
604.92,759.92
611.57,560.91
609,252.5
610.45,777.69
611.2,961.92
615.57,340.49
626.22,64.592
623.5,367.5
626.48,1055.3
625.93,1091.7
631.74,280.39
634.45,1124.3
634.42,567.58
638.56,305.2
642.43,261.96
642.07,507.05
646.32,718.56
647.01,876.41
662.07,1180.5
663.72,39.883
668.82,674.64
668.69,1120.3
670.01,786.52
671,435.5
682.9,819.17
678.62,449.65
683,122
685.9,483.51
684.81,419.27
687.95,282.66
692.48,755.74
701.65,935.38
701.26,995.96
706.11,194.89
709.28,1178.7
708.7,1118.3
717.99,370.08
713.72,1077.6
714.11,1045.4
715.5,76
722.85,884.4
721.52,796
721.87,1200.1
723.28,901.6
730.06,197.65
729.92,586.44
734.51,71.08
739.67,32.745
743.53,481.41
750.51,206.77
744.95,305.07
750.26,609.55
761.02,250.98
764.09,579.13
770.63,1011.9
773.69,760.93
775.47,499.95
774.87,128.13
778.45,110.64
782.62,8.6235
783.24,249.5
781.45,998.58
783.29,832.87
783.58,422.58
786.94,847.29
790.61,1081.1
793.42,68.508
799.89,854.41
798,200
805.65,743.91
804.85,1077.2
807.45,708.53
809.88,988.69
817.74,1174
819.79,1224.8
824.42,1203
825.18,512.95
828.84,808.67
836.2,596.37
843.57,1231.1
845.69,15
852.47,644.8
857.44,1066.4
858.75,228.32
856.95,804.65
867.67,428.19
866.6,107.6
872.09,263.23
872.35,963.73
875.5,459.74
880.14,77.712
878.5,1007.5
882.86,303.27
881.37,499.37
887.8,1151.5
885.83,806.14
891.5,360
891.97,475.94
904.49,661.94
908.36,894.26
904.93,275.41
907.95,794.15
909,64.655
910.13,1246.8
917.14,504.86
921.62,730.58
919.89,650.63
919.57,663.08
920.5,985.5
929.06,441.06
929.57,772.74
936.85,632.52
934.91,661.44
939.55,930.53
938.5,72
941.9,565.88
943,253.71
943.75,420.25
947.77,548.36
945.07,1108.1
949.92,1026.1
948.07,915.41
958.84,725.27
962.81,36.654
960.1,535.62
960.61,503.84
968.26,825.07
973.25,376.18
971.93,410.59
972.94,1013.1
981.54,1001.1
984.61,711.21
986.54,1037.5
988.53,919.95
991.35,1105.3
994.55,225.76
995.95,664.61
1001.2,330.6
1001,823.14
1008.1,776.32
1010.2,609.46
1014.4,793.82
1014,974.35
1022.8,916.05
1026,597.98
1027.5,262.08
1031.4,833.58
1039.3,203.72
1045.5,644.78
1051.1,662.38
1059.3,418.48
1061.9,1116.6
1066,227.56
1065,1177.9
1065.5,54
1071.9,598.7
1073.7,1072.6
1074.4,31.5
1086.8,315.65
1083.1,737.91
1091.7,1012.9
1093,95.442
1096.3,338.06
1102.9,457.03
1105.1,70.884
1116.4,781.82
1123.3,191.62
1135.2,704.5
1141.6,452.88
1140.9,1094.2
1143.5,77.52
1139.8,884.46
1149.9,476.1
1152.9,255.31
1149.5,1120.3
1156.3,840.46
1153,1235
1158.7,716.54
1159,948
1162,875
1166.6,1113.8
1169.4,493.25
1177,1218.9
1173.8,575.02
1174.1,1133.3
1185.1,386.43
1194,434.25
1193.1,565.31
1194.4,762.04
1191.4,1209
1198.4,623.11
1205.1,367.46
1205.6,416.22
1216.1,719.92
1220.1,1000.9
1234.6,506.23
1236,220.29
1238.2,671.49
1239.8,624.11
1242.1,176.94
1241,585.68
1242.1,759.69
1246,1089.8
1246.4,1214.7
