10.011,588.25
10.33,634.55
14.007,859.21
15.578,699.77
19.49,377.85
36.686,522.23
51.595,286.64
65.189,346.28
71.5,675.64
77,587
87.837,437.57
91.446,269.47
90.862,568
101.17,221.91
109.16,299.54
112.51,45.515
111.43,430.02
115.5,820.5
128.78,643.34
128.71,718.9
127.91,74.091
130.75,215.95
134.55,562.8
150.41,1218.6
154.1,852.46
156.72,667.07
163.5,962.5
167.84,1104.6
166.93,151.41
171.29,62.329
185.07,881.41
191.75,569.87
194.22,1045.2
197.27,954.41
216.66,758.03
202,627.5
204.74,376
212.89,319.79
217,406
225.36,723.5
236.86,667.85
236.42,320.11
240.44,495.95
241.6,535.36
241.4,835.36
244.24,762.36
248.45,368.29
252.68,1218.8
256.58,839.89
277.88,751.12
282.08,990.43
284,533.94
285.61,420.14
289.31,370.15
289.89,463.63
290.5,1074.5
297.46,846.65
296.63,310.11
301.44,272.11
311.22,435.07
315.5,501.5
317.5,142
318.14,719.61
318.08,172.92
319.7,382.3
322.56,600.92
333.35,887.44
368.07,1213.4
359.44,1201.3
361.84,499.04
384.15,469.25
389.98,973.31
385.65,273.5
408.08,1158
406,530.5
411.33,372
415,471.5
424.22,385.35
424.61,466.14
429.21,871.5
431.84,520.07
438.07,961.41
452.65,546.56
461,158.35
461.91,759.91
472.89,406.71
479.05,690.82
485.44,328.54
486.42,586.89
490.94,803.55
494.16,958.64
503.7,146.61
514.63,742.68
517.91,653.94
521.11,911.57
531.57,584.72
529.73,803.65
547.96,1036.7
557.74,91.154
569.56,755.33
573.52,600.57
576.8,523.44
585.41,179.08
585.46,808.96
600.89,699.6
602.09,209.09
621.6,1242.4
625.83,986
628.46,1089.1
636.06,214.64
639.55,944.89
647.12,256.36
648.71,1097.6
647.5,825.5
657.55,657.18
666.93,955.09
671.03,391.44
674.09,484.91
681.36,9.9425
682.04,1034.5
689.94,864.4
690.09,213.91
696.64,824.78
709,886.32
712.37,1004.4
715.62,690.38
716,403
719.5,47.938
727.62,4.8592
737.42,766.89
747.02,5.8594
753.47,482.07
756.4,898.5
756.5,127
770.37,235.3
773.17,317.93
774.59,835.1
783.91,351.95
785.61,945.03
798.4,1100.7
820.05,490.47
820.14,392.39
822.82,430.49
823.11,873.33
827.45,547.71
835.4,991.8
835.55,88.909
843.81,359.25
844.12,320.66
846.94,468.97
847.44,97.228
853.21,1185.6
857.28,953.7
900.93,1219.6
921.2,200.93
927.97,335.49
930.78,119.87
940.55,770.98
942.05,383.93
953.56,371.66
966.06,670.38
966.21,257.12
971.17,136.78
973.84,250.14
982.56,134.8
982.83,1135
985.45,260.54
989.61,4.9068
984.93,154.41
995.78,588.08
999.47,834.21
1001.4,535.76
1018.2,209
1023,610.81
1033.1,503.13
1032.9,457.05
1036.5,923
1051,372.86
1061.5,262.43
1061.2,669.35
1068.5,37.455
1082.8,462.44
1084,345
1086.5,2.7059
1099.2,668.21
1106.6,728.14
1113.4,286.15
1117.2,857.84
1115,792.83
1115.5,165.5
1124.2,209.15
1126.1,421.88
1137.5,492
1143.3,348.55
1152.1,265.6
1150.8,715
1160.1,897.1
1162.2,819.18
1169.6,250.06
1170.1,850.45
1175.3,442.63
1181.1,767.88
1187.1,797.41
1199.5,177.94
1203.6,800.29
1206.9,581.17
1209.5,449.06
1213.3,465.21
1220.4,280.86
1224.1,206.29
1223.1,914.59
1224.3,1052.3
1232.4,1117.1
1231.8,491.3
1245.3,1176.5
1246.3,459.5
