5.046,937.07
8.1076,848.76
11.164,819.03
15.636,1214.9
12.115,730.65
23.016,643.87
41.5,975.5
46.6,553.03
50.735,910
55.284,86.189
58.108,952.46
60.791,211.56
57.412,790.59
61.922,535.44
70.048,654.07
72.857,778.5
77.843,1221.9
83.076,696.52
82.87,474.74
85.147,1051.8
90.366,1146.8
86.5,395.78
95.469,783.57
102.44,972.54
101.61,363.86
109.95,596.79
104.88,250.5
113.2,1173.9
120.93,665.69
128.48,973.33
133.85,474.83
137.25,897.16
142.24,376.8
143.09,638.91
147.96,669.58
154.67,239.41
152.06,1014.9
156.74,542.26
160.81,942.69
159.48,263.9
166.81,459.1
169.13,583.26
176.55,324.92
183.11,42.467
191.48,202.69
187.89,524.91
199.12,163.3
200.23,227.72
210.18,1004.1
206.37,941.37
214.36,283.24
212.07,1082.1
216.83,848.93
223.37,622.94
231.81,747.53
229,803
233.68,635.27
242.99,84.018
243.46,1102.9
248.05,201.98
243.67,625.61
244.16,900.06
251.19,585.52
265.05,939.79
265.09,529.91
268.17,708.69
269.77,497.01
276.95,875.9
276.68,294.64
279.61,844.3
279.09,909.64
281.58,522.42
285.77,149.57
284.41,459.8
286.57,719.76
297.5,334.5
300,1134
300.41,128.07
305.14,719.09
313.4,1163.7
317.48,426.02
318.12,1014.6
327.67,103.63
331.41,501.5
331.4,996.4
336.17,179.46
346.47,760.38
349,124.31
347.23,683.77
350.85,1070.5
361.73,516.05
370.94,242.08
371.31,881.91
379.58,620.74
384.34,1203.5
402.94,212.93
410.2,156.21
412.85,370.13
412,494
416.02,881.65
416.46,1009.8
418.42,227.69
418.18,1191
420.42,4.4242
425.16,100.37
429.42,447.55
429.44,1073.6
428.42,667.91
439.95,29.926
442.47,1085.3
446.84,467.13
448.79,909.5
449,21.5
456.23,590.45
454.22,652.78
468.58,346.17
468.33,786.08
474.02,43.436
477.89,730.11
474,562
484.19,216.19
487.11,525.18
486.07,762.59
490.49,515.09
494.09,241.97
497.96,766.44
497.58,882.11
504.64,1245.9
506.7,554.2
510.21,1180.4
511.89,483.91
508.83,973.93
521.79,1211.8
523.52,59.304
526.4,296.98
530.39,957.39
531.91,1134
532.36,1058.5
532.97,1187.8
531.83,838
535.23,346.21
540.53,818.41
542.34,770.85
544,216.75
544.56,870.08
550.92,447.43
565.69,354
565.05,950.8
568.36,878.08
574,1014.8
576.39,589.39
581.16,236.43
582.58,806.32
584.32,88.15
588.26,213.78
596.93,568.09
597.13,57.616
603.61,1140.4
607.82,1195.9
609.41,600.41
611.52,859.59
610.52,1155.7
614.4,20.307
616.58,260.55
617.5,378
619.73,417.17
628.46,448.96
630.49,490.41
631.9,14.394
634.54,1021.6
640.02,213.85
637.83,679.7
653.25,397.46
651.46,607.4
652.41,1206.7
653.38,768.13
652.5,802
656.71,116.71
664.79,804.45
675.24,634.17
678.27,565.34
677.66,1158.5
682.9,453.05
676.92,1198.4
677.58,614.89
694.96,362.5
696.93,706.41
701.95,965.21
700.56,1246.3
706.61,666.61
717.62,130
723.54,1146.2
725.52,275.9
741.1,203.9
744.23,964.05
741.91,373.2
757.42,633.94
757.23,775.27
758.09,886.54
761.73,28.238
763.9,680.62
767.8,1050
772.5,279.78
770.57,343.32
789.57,669.66
789.83,480.85
800.38,1004.2
795.26,302.05
808.1,307.03
817.5,1005
839.78,189.81
842.58,708.64
843,597
844.6,561.6
854.42,409.45
862.65,572.61
864.43,338.47
870.48,661.48
885.35,372.95
883.67,979.26
887.74,902.61
895.15,286.17
905.63,763.87
909.83,1174
919.16,920.89
922.75,426
935.68,740.85
936.19,266.07
938.74,403.23
938.14,703.86
945.25,859.61
944,222.24
942.92,1217.1
949.66,609.46
947.95,1088.5
952.57,513.61
955.47,200.07
958.69,887.3
956.31,323.26
961.66,141.71
966.4,20.357
972.94,323.96
979.67,181
984.3,993.2
985.72,751.18
998.17,270.47
997.94,480.85
1006.5,842.14
1017.4,86.953
1013.6,303.62
1019.2,439
1025.5,270
1028,93.5
1032.9,787.35
1033.5,499.5
1038,349.54
1046.1,526.41
1043.2,1005
1048.5,390.13
1051.2,491.04
1047.7,1033.5
1057.5,459.5
1061.4,667.1
1067.5,329.5
1077.6,253.93
1085,816.32
1091.9,377.79
1092.6,795.35
1103.5,711.95
1132,1243.9
1131.4,4.1884
1136.3,593.16
1156.1,468.49
1154.2,496.47
1186.8,281.02
1186.7,214.91
1216.6,465.69
1216.9,275.95
1228.3,588.14
1231.5,158.62
1231.9,387.48
1242.2,622.2
