12.079,858.3
13,411.5
13,237.5
13.71,582.71
16.735,202
16.611,909.97
38.456,585.6
43.246,121.38
39.75,300.83
44.429,349.83
54.5,517.5
76.936,239.47
82.8,298.44
88.541,1188.8
97.398,654.37
103.97,473.29
111.38,302.5
132.04,318.17
134.54,305.35
136.61,1087
139.65,241.75
141.21,790.27
145.37,90.383
144.66,1196.6
153.88,1101
167.52,232.44
182,391
184.95,1030.5
190.71,794.6
199.87,35.157
214.56,968.42
224.71,193.5
235.63,185.11
239.78,4.125
247.57,25.429
248.74,165
252.46,934.27
256.34,4.3443
266.87,26.267
265,916
267,204.75
272.42,3.2031
270.89,90.206
276.69,42.254
272.43,294.05
275.61,330.87
278.37,1192.1
285,12.053
283.48,624.45
293.79,263.97
298.53,53.635
303.39,312.69
304.07,521.41
304.83,3
314.77,271.83
314.17,667.05
325.92,11.366
330.24,1007.4
332,471.09
334.6,1081.7
345.1,58.203
344.67,423.18
345.94,1124.1
352.46,1074.2
356.36,360.83
355.4,1161.9
362.58,399.52
364.56,1147.1
375.37,114.31
377.85,840.73
380.93,1047.1
393.35,282.94
403.11,565.55
415.69,441.46
432.69,1173.8
436.53,1050.6
439.37,765.05
448.32,123.99
449,1017.5
451.55,956.54
452.93,575.05
455.87,414.88
468.37,393.53
465.95,289.19
471.88,413.85
472.9,18.125
475.39,907.48
480.64,1192.3
495.24,105.77
507.16,873.06
516.16,576.7
516.59,642.9
523.33,494.73
523.44,1167
545.94,717.7
549.01,1102.7
560.24,434.76
561.1,1149.5
561.63,513.63
565.72,149.1
570.87,481.87
579,287.77
578.45,1119.2
582.76,512.81
584,1049.8
598.35,962.46
593.94,812.91
596.32,1054.9
606.04,297.08
601.58,382.45
606.9,854.76
606.02,254.45
612,811
615.01,1193.3
620.63,1108
627.96,1244.4
630.04,1212.1
638.94,245.08
641.1,1200.5
638.42,70.576
638,841.32
644.69,529.89
644.5,1188
649.62,1222.2
651.24,1032.1
656.5,695.5
667.03,1198.1
663.98,858.44
668.45,1009.9
681.54,1233.4
679.09,765.41
684.08,735.6
684.89,783.09
691.91,42.091
698.71,1093.5
706.2,617.51
709,923
711.86,1231.1
711.15,96.462
716.69,693
724.57,1181.7
727.71,724.83
731.86,787.37
728.58,1223.9
730.63,537.3
738.39,1244.9
746.96,732.26
749.3,1185.7
749,1203
752.53,1171.8
753.5,1225
764.5,42.461
765.96,680.76
765.61,223.86
769.11,1184.9
785.25,644.71
791.41,1212.1
796.36,457.1
797.81,1078.7
798.89,613.63
804.23,603.41
803,816.5
818.28,607.82
819.35,632.3
819.03,1213.7
822.91,677.94
824.8,744.6
835.79,660.34
833.33,629.77
836.71,1168.7
856.1,596.39
855.58,664.55
860.55,896.71
864.6,856.43
862,630
874.89,616.11
869.5,630
875.85,471.65
889.24,82.366
902.98,909.88
921.46,648.08
924.44,1092.9
929.52,864.71
931.92,187.46
935.5,929.5
940.5,1245.2
940.82,661.64
939.35,1009.9
960.54,763.59
967,36
970.16,203.53
975.41,180.07
979.57,724.68
989.33,1026.5
986.09,1203.1
986.5,656
991,750.5
996.67,614.12
1001,536.5
1007.1,43.079
1010.6,978.61
1010.9,100.2
1011.1,1117.1
1010.7,542.05
1013.9,114.15
1015,671.86
1022.5,880.57
1046.9,396.04
1053.9,780.21
1053.4,243.11
1060.7,108.61
1070.5,220.73
1073.4,651.11
1077.1,477.62
1103.7,1096.3
1112.6,316.86
1118.2,450.31
1124.9,1145.6
1138.4,838.12
1144.5,1097
1151.1,713.92
1158.8,966.18
1163.4,174.05
1174,1122.8
1177.6,271.96
1204,1050.4
1215.4,1232.1
1226.4,99.376
1226.6,1226.8
1231.9,510.57
1236.8,667.11
1238.3,800.13
1243.6,630.5
1244.4,430.19
1246,307.33
