12.909,555.91
17,657
22.5,408
31.975,41.802
62.727,363.7
72.124,1091.5
76,527
83.12,137.8
92.031,1198.9
122.94,170.08
126.99,739.09
126.66,537.62
130.63,557.63
138.32,1227.8
152.5,689.5
154.09,1121.9
158,562.61
160.83,1105
180.5,1106
184.5,1128.5
238.9,737.91
238.6,787.11
242.67,56.26
258.09,770.09
297.3,1235.4
324.82,642.59
344.27,1029.2
342.91,882.87
349.07,1091.8
371.44,398.67
384,543.5
392.06,495.7
405.87,1024
416.07,243.22
417,251
419.56,864.05
422.63,376.13
425.96,439.58
429.07,655.41
448.92,369.08
459.73,782.11
466.2,693.61
483.67,1157
485,1178.1
493.07,846.59
508.83,907.7
517.88,1177
526,565.17
540.36,264.36
549.56,13.415
557.54,1044.3
568.38,1005.4
569.91,1096.5
575.5,772
593.74,3.2609
599.71,44.338
610.56,761.48
613.67,1050.8
617.92,361.08
624.02,643.92
624.33,873.5
624.82,12.841
625,46.321
624.67,1103
628.09,906.87
628.89,543.34
630.55,122.06
632.1,590.29
635,101
636,1046.5
637.56,17.08
641.04,991.24
643.54,40.904
643.34,1115.4
661.86,440.62
663.41,635.81
674.73,294.22
675.86,722.44
683.57,11.223
680.19,579.91
686.79,1006.4
689.09,1216.9
707.72,36.207
695.67,931
700.91,1234.8
707.38,68.212
703.32,1071.8
707.57,141.9
712.36,1214.1
715.32,1244
715.57,723.39
718.9,11.665
734.51,819.62
726.5,1235.4
731.85,1245.3
742.08,11.115
745.83,186
749.41,36.977
756.05,592.08
759.12,130.42
763.09,39
771.21,1162.5
773.19,89.944
777.86,24.918
784.12,611.46
779.69,672.7
776.29,45.29
781.05,104.07
791.23,39.521
790.88,1064.3
795.61,1217.5
810.46,105.54
811,497
823.5,694
828.91,965
828.09,147.91
831,699
839.06,71.121
843.62,33.538
848.38,3.1
858,22
866.5,1181.5
875.91,1108.5
875,111
875.58,264.58
877,780
884.87,59.56
887.87,93.945
885.5,15.5
897.16,589.13
907.98,771.94
907.94,4.1837
920.4,66.638
941.15,365.65
942,896.75
945.34,996.47
950.89,343.46
952,83.5
954.68,150.95
976.5,1222.5
979.55,45.69
989.25,191.25
1008.3,787.84
1008.5,1198
1017.2,887.61
1025.9,1153.4
1057.6,96.662
1075.4,149.4
1072.8,619
1083.6,949.87
1085.5,4.5
1093.4,1117.2
1112,66.939
1124.5,736
1158.2,567.37
1162.6,986.88
1177.2,956.52
1176.3,255.59
1190.8,267.25
1188.6,1151.5
1193.5,111.22
1198.6,698.63
1198.9,817.41
1223.9,151.95
1233.6,633.58
1238.7,742.05
