4.9459,40.311
3.2453,77.415
13.724,104.1
14.148,124.93
95.235,758.76
120.05,271.58
145.2,47.9
148.98,697.88
158.89,145.86
161.53,1017.4
175.49,435.31
162.94,387.03
163.07,610.88
169.66,225.47
179.2,527.09
181.86,347.5
215.16,348.94
215.04,269.58
216.73,672.53
223.07,69.81
233.12,612.89
233.91,408.09
263.4,216.36
267.54,1104.9
267,787.5
277.22,776.29
282.42,1205.5
292.93,486.59
304.36,864.28
305.35,331.55
317.65,311.5
323.19,1067.3
322.6,35.357
328.03,1011.7
328.16,1118
342.9,250.91
341.5,1062.4
347.44,1077.8
352.69,834.09
354.04,1000.6
357.62,1012.5
388.76,1059
389.92,366.54
404.92,625.01
407,1022.8
416.67,1037.8
410.97,1210.8
409.94,423.91
416.02,998.05
417.95,819.47
419.67,153.94
419.91,261.67
436.55,386.54
448.58,135.12
447.09,578.7
448.42,694.89
454.1,852.91
451.98,169.38
462.47,1035.9
462.59,506.54
466.72,340.56
471.87,812.17
472.5,927
481.8,1086.9
485.67,824
491.92,803.08
500.41,766.59
515.65,166.14
513.5,399.5
523.63,27.367
527.43,677.05
539.92,271.49
539.43,88.946
553.91,889.09
572.3,322.15
583,20.321
600.77,503.37
608,550.25
608.5,744.5
609.46,857.09
636.39,149.14
644.04,606.97
649.82,125.91
652.57,1087.9
654.9,883.29
660.11,40.37
662.39,219.26
677.81,23.262
694.39,29.563
703.5,1165.5
707.19,281.94
713.92,690.73
730.5,52.371
753.52,897.89
763.88,79.147
763.13,848.98
773,427.75
773.5,112.5
779.73,837.45
782.13,1019.9
785.11,821.37
799.32,485.22
808.92,981.2
822.3,1238.5
872.91,725.12
887.91,265.09
889.5,79
909.04,641.57
916.53,123.83
927,685
929.68,1241.1
938.5,1001.5
940.31,1190.6
946.08,528.33
955.61,589.96
958,525
959.09,411.91
965.57,887.51
975.42,671.68
980.94,723.15
980.6,877.49
977.58,11.895
999.76,1076.9
1000.1,922.49
1010,677
1013.2,1097.4
1015.1,227.37
1027.7,905.4
1021,321.15
1023.9,947.91
1026.7,882.25
1026.5,1037.9
1030.1,1200.3
1035.1,1090.8
1042.9,498.62
1047.7,779.57
1050.4,1239.1
1055.6,523.92
1067.8,1236.5
1078,471.43
1078.5,153.77
1076.5,265
1079.7,1139.4
1079.3,570.65
1078.5,1088.5
1081.4,93.5
1083.6,936
1090.3,476
1095.5,711.26
1099.9,1049.6
1102.9,920.09
1103,464.56
1115,231.42
1104.3,413.27
1104.3,503.41
1109.2,159.73
1109,396.94
1107.5,61
1109.6,451.89
1111.7,262.53
1118.3,49.943
1121.5,148.63
1120.9,275.84
1121.6,124.88
1119.7,410.57
1138.8,103.34
1124.1,384.53
1123.8,445.74
1128.2,178.41
1127,1094.8
1132.8,212.66
1129.9,227
1133.4,82.409
1133.9,916.55
1135.4,122.21
1136.6,168.11
1144.4,390.12
1139.7,324.68
1140.4,298.65
1145.6,1044.6
1144,708.93
1157.1,139.93
1152.2,333.67
1153.5,425.04
1159.3,270.2
1191.5,303.27
1157.9,726.95
1158.1,918.91
1161.1,462.32
1161.4,435.94
1178.7,90.809
1161.7,369.24
1162.4,110.56
1164.9,342.1
1168.9,734.45
1172.6,888.62
1173.4,262.09
1174.7,399.1
1174.6,346.32
1176.9,369.55
1178,156.14
1178.4,280.45
1187.6,7.4735
1184.6,903.57
1183.4,1047.3
1187.3,382.54
1185.5,449.33
1195.6,242.32
1200.1,260.95
1203.9,18.206
1204.8,351.36
1204.3,318.25
1206,40
1209.7,142.26
1211.3,1038.8
1218.1,87.382
1213.6,492.85
1219.3,312.9
1215.4,376.08
1213.4,418.61
1220,207.84
1218.6,222.97
1223.2,98
1229,32.065
1229,61.889
1229,752
1232,1051.9
1232.2,105.86
1239.3,212.82
1233.7,398.47
1235.1,178.65
1235.1,729.8
1240.7,12.892
1239.6,818.23
1241.4,120.75
1237.4,610.37
1240.4,236.31
1241.2,144.23
1246.8,45
1246.8,69.5
1247.5,202
1247.5,249
