4.2222,10.963
3.3647,127.02
1.9091,517.5
11.725,1042.5
10.333,1169.6
32.219,353.57
36.49,511.39
37.031,1040.9
39.507,673.07
47.626,584.3
55.183,452.98
54.712,714.12
55.473,731.22
55.565,818.61
60,126.75
63.63,1072.1
62.922,209.34
71.5,117.5
78,590
79.903,276.18
88.367,1119.8
94.609,713.55
94.595,144.64
100.02,379.74
103.2,1019.4
113.2,427.55
111,249.42
115.14,968.84
115.48,1179.2
120.02,746.62
126.05,765.44
133.75,821.36
144.91,974.88
151.61,1157.5
148.71,903.24
151.54,1242
151.06,1213
157.61,129.77
162.22,651.32
173.07,730.47
170.54,849.11
170.42,539.7
174.05,1080
176.39,454.39
180.06,244.98
190.16,1082.1
185.21,73.293
200.68,1013.8
200.57,250.5
208.14,246
212.56,1130.3
211.65,874
229.49,567.58
228.39,661
232.32,545.76
231.23,1156
234.59,849.34
245.1,1064.9
246.36,487.68
250.06,340.09
251.5,1159.1
253,169.5
257.36,1114.7
275.33,218.56
274,409.68
281.32,827.54
294.7,940.75
301.78,968.68
305.96,877.69
310.46,307.18
310.91,91.091
311.03,944.91
315.27,1038.1
313.56,1118.3
314.63,235.95
314.9,377.38
319.3,60.136
337.65,81.969
338.68,181.95
344.5,750.46
358.64,981.08
358.61,162.14
360.42,296.45
366.31,835.33
374.41,807.47
375.03,421.62
381.71,4.8485
386.52,415.14
386.34,169.15
389.82,703.59
394.13,1224.4
392.56,104.01
392.1,672.47
390.94,1025.2
394.45,1154.4
407.34,1112.9
405.84,680.69
410.54,376.77
413.04,699.8
415.58,1090.8
416.85,34.166
412.07,999.69
417.68,639.11
418.8,212.72
426.32,532.42
429.29,698.54
433.93,920.95
446.77,880.23
445.5,1002.4
451.35,851.49
451,685.74
452.76,800.29
456.4,645.5
453.37,31.224
455.22,772.47
456.61,713.14
457.66,1051.9
463.17,153
465.92,812.81
470.41,1150.8
467.31,41.719
469.04,513.57
475.48,250.46
475.81,797.73
475.34,577.25
484.45,32.205
482.09,616.09
489.23,524.02
489.22,633.32
490.17,753.12
491.1,296.5
491.85,719.39
495.83,475.34
499.8,335.38
504.53,912.54
510.87,680.1
509.73,567.64
511.5,357.25
512.94,136.96
515.72,647.7
515.5,1059.7
520.14,446.05
517.41,629.57
529.46,601.25
530.93,672.41
538.22,147.67
536.17,328.14
536.7,284.82
539.1,1239.6
540.81,552.69
545.92,207.27
550.6,597.07
551.53,511.61
555.41,572.57
550.61,650.87
551.15,1132.1
553.22,1240.3
557.41,330.57
553.54,814.92
558.75,1216.2
563.75,416.68
560.16,53.613
566.61,541.39
570.44,669.46
572.6,944.8
575.43,202.3
581.21,561.72
579.5,1083.5
591.78,24.877
586.27,1183.9
592.4,594.19
591.28,1110.9
593.38,1196.2
604.58,1127.9
614,1182.8
624.86,559.57
634.57,1025.5
640.07,589.49
642.1,126.79
647.49,374.09
656.58,584.55
657.93,224.59
658.32,988.08
665.12,470.88
664.92,1183.4
667.44,63.096
669.27,215.39
671.62,268.06
677.58,452.55
680.09,499.05
686.51,526.18
686.03,474.37
689.11,760.79
692.24,282.2
691.4,549.94
696.11,711.37
695.44,882.97
701.01,62.571
706.39,167.67
706.69,120.97
711.97,372.41
715.06,574.19
716.68,1036.5
719.24,283.06
719,189.5
725.5,328
728.43,926.2
731.63,148.3
743.58,441.57
741.5,827
751.02,520.32
749.89,989.63
752.5,266.5
754.68,604.83
759,1153.7
764.84,377.86
767.36,1233
765.85,561.65
778.29,241.86
782.84,922.97
781.45,530.5
793.73,699.18
795.69,4.5882
801.07,85.289
801.42,831.2
798.93,1033.6
802.59,417.93
810.29,1014.6
813.62,221.99
818.17,324
826.4,27.67
831.06,129.97
834,712.68
835.34,457.64
831.57,809.95
835.75,1186.9
835.6,274.85
839.66,846.97
843.33,62.063
840.76,345.8
844.32,1202.4
843.94,417.09
858.11,464.31
857.5,896.5
858.5,374.5
861.5,984.5
862.29,711.55
864.04,239.59
871.74,318.98
878.04,1142.6
875.88,556.65
878.26,634
879.43,405.09
883.47,611.77
888.02,588.63
890.33,1067.7
903.59,554.43
903.41,509.59
903.39,84.861
913.74,785
917.97,749.31
926.15,1109
928.76,735.59
927.53,463.67
932.27,716.21
932.64,1229.1
932.81,684.14
933.79,411.02
935.83,516.7
936.94,434.94
940,351.5
944.04,154.68
945.06,121.21
948.09,737.19
949,463
952.86,199.37
952.22,434.4
958.07,923.81
967.46,429.91
968.75,671.79
972.5,368.93
970.5,131
973.17,1009.8
976.45,1056.8
982.52,446.61
993.45,97.916
997.55,862.74
1004.6,608.16
1006,368
1012.8,509.22
1021.4,1205.2
1021.8,298.43
1026,816
1031.3,631.65
1037,614.48
1035.4,828.26
1037.2,595
1044.5,361.58
1051.6,628.22
1053.4,490.45
1057.3,961.98
1065.4,1149.1
1062.5,1125.5
1076.4,495.07
1066,1187
1077.9,597.55
1079.1,628.09
1096.3,995.33
1093.6,762.37
1101.1,924.26
1103.6,1034.6
1108.9,476.36
1110.8,238.78
1112.5,988.77
1124.5,640.08
1130.4,472.66
1127.3,689.87
1140,290.83
1142.1,105.12
1144.1,1170.6
1164.5,610.65
1165.7,261.09
1167,313.07
1170.5,946.8
1178.9,293.93
1177.2,880.54
1182.6,829.77
1189.4,752.53
1192,536.5
1193.9,911.85
1196.9,148.38
1194,639.68
1206.5,552.34
1208.4,1146.4
1207.8,1224.8
1210.1,325.87
1216.5,983.31
1223,249.62
1225.3,751.62
1224.8,956.19
1231.4,373.63
1230.2,642.71
1244.4,55.688
1244.9,7.9038
1243.5,1036.9
1244.5,308.62
