3.9661,853.49
5.9583,1116.1
15.981,959.99
21.524,199.74
32.888,276.43
39.146,489.93
38.143,209.86
39.605,35.868
43.406,1163
48.297,530.08
56.053,385.63
54.899,517.2
53.886,654.66
56.111,1212.9
56.579,76.105
60,169
66.312,88
69.442,716.26
73.491,291.73
79.31,144.83
79.179,661.25
83.493,160.54
88,646
90.236,974.83
100.03,14
94.941,908.59
101.61,578.61
100.62,981.22
104.91,652.91
117.26,384.57
118.53,669.55
117.45,446.82
120.89,8.2652
120.66,1222.9
122.87,306.05
125.47,144.32
127.98,244.76
127.5,59
131.38,853.66
135.57,168.69
134.72,455.11
137.59,619.92
137.91,657.24
149.16,273.38
153.05,152.51
153.48,559.3
153.14,135.81
160.37,352.51
157.4,1213.2
160.15,309.89
165.58,799.11
170.63,1040.6
173.71,657.42
178.16,1020.2
179.57,954.92
181.28,1175.5
183.97,507.96
194.13,10.809
197.02,952.95
204.18,264.87
196.74,735.76
204.91,967.08
216.38,128.88
219.03,319.52
219.93,597.8
230.71,910.74
233.5,547.5
239.05,89.531
237.58,35.105
248.42,930
254.6,780.36
264.73,325.26
261.58,384.29
266.5,212.5
267.43,46.914
275.74,393.01
282.82,565.45
281.55,734.61
285.7,430.95
289.55,23.161
289.68,258.8
295.74,583.6
297.82,369.38
295.34,923.13
302.31,759.81
305.92,217.08
310.33,308.94
305.37,786.54
302.26,972.24
306.73,455.48
307.99,957.25
305.92,53.44
318.59,869.17
311.5,649.5
312,327
320.74,663
314.47,587.67
326.68,232.18
325,449.36
328.26,549.24
326.82,329.67
328.03,576.79
328.87,896.27
330.15,249.89
331.27,408.4
327.5,426
335.34,626.29
336.42,490.11
341.18,325.73
345.72,210.65
344.59,1238.9
355.66,244.41
352.52,630.82
353.77,644.05
356.01,686.55
356.58,334.52
359.07,607.49
360.82,362.2
364.54,273.48
361.41,294.93
366.1,655.62
368.26,826.67
367,1223.5
375.42,844.93
374.41,214.07
376.34,877.38
387.31,722.15
388.16,597.54
385.66,659.53
389.27,1142.6
390.26,1000
395.03,449.07
401.23,630
402.39,314.12
402.37,409.14
401.94,929.03
401.82,599.4
402.32,1019.1
407.79,738.07
409.06,505.65
410.96,615.72
413.49,752.97
412.09,1167
414.59,91.068
413.95,845.15
415.04,888.66
416.54,159.35
417.18,472.6
422.87,760.83
428,548
429.17,1108.3
428.36,750.5
442.17,240.25
432,463.5
436.4,820.89
436.5,464
444.99,423.37
446.86,533.95
449.87,493.12
443.12,609.35
443.73,723.35
448.42,464.89
452.5,792
455.81,657.36
455.58,740.11
462.91,421.96
465.05,1091.2
463.91,685.91
473.67,319.01
471.08,101.08
477.53,41.418
485.73,837.07
489.13,635.53
486.02,1029
490.11,991.47
490.51,1159.2
495.01,772.75
495.86,377.86
498.05,252.05
500.66,85.625
502.37,544.42
507.57,652.06
516.9,973.28
517.57,1107.9
524.69,1048.7
527.08,91.448
527.45,1209.6
528.93,358.95
528.08,987.52
533.47,912.09
533.11,973.39
535.3,706.74
538.94,1038.7
544.61,1084.1
551.56,405.41
551.29,1144.3
549.45,635.42
554.57,768.03
557.24,476.82
557.79,97.905
557.13,1029.2
559.91,634.09
566,1017.3
569.5,8.5
572.07,457.95
579.58,798.66
579.66,385.24
579.5,642
582.12,1089
591.1,239.48
589.07,937.32
595.39,1179.2
595.37,1098.1
591.87,876.03
596.91,725.39
597.29,515.55
601.76,198.41
601.7,98.064
599.4,607.4
605.42,1026.1
612.48,14.215
609.92,80.56
611.15,501.05
612.25,159.43
616.02,919.92
618.74,1186.5
620.97,579.55
624.05,165.71
622.82,289.49
625.55,974.71
625.98,1031.4
627.68,269.61
632.27,867.98
629.06,1016.5
634.81,505.5
635.3,765.8
636.21,958.81
635.96,131.87
637.92,172.08
648.27,719.04
642.59,566.16
644.11,115.21
644.95,801.32
650.79,601.41
651.73,88.966
655.56,15.164
658.23,34.302
654.5,381.5
656.07,1220.6
662.17,1196
663.4,981.37
669.05,1091.3
669.08,619.54
669.95,72.952
676.13,902.39
673.18,1114.9
677.65,804.84
683.37,1066.5
684.46,1086.1
690.13,558.83
688.91,280.91
693.87,92.074
691.5,544
691.9,622
695.29,6.2903
698.06,824.04
699.41,667.93
698.91,1124.2
701.14,755.98
704.78,562.65
716.37,1237.9
708.07,845.52
713.61,142.8
708.5,388.62
712.46,908.19
715.99,232.67
714.5,465.5
715.87,1166.5
720.92,492.03
720.09,175.36
723.74,53.86
724.1,673.59
727.42,1077.9
731.71,653.29
731.5,348
736.6,470.3
747.13,753.03
740.6,530.18
743.81,390.22
746.6,655.29
752.29,364.21
746.5,1211.1
745.67,9
748.14,310.54
747.14,69.143
752.5,224
753.5,614
756.94,207.2
759.55,1007.4
765.02,908.13
764.98,294.73
764.52,1156.3
766.19,30
767.03,692.28
763.5,1225
764.84,561.25
765.48,640.59
768.15,1179.5
776,661.78
774,506.17
776.5,1142.5
781.92,190.08
783.12,1223.5
783.54,606.85
783,1183.5
783.92,499.56
785,1071.2
789.76,896.62
797.32,943.41
794.08,41.917
800.32,259.7
805.47,966
806.62,1074.6
811.09,59.608
821.19,1111
818.25,1209.1
822.11,678.25
823.96,618.29
820.93,941.41
825.81,643.56
824.9,260.9
829.49,454.95
830.99,519.98
836.2,868.38
835.96,21.694
833.26,662.92
843.52,1097.9
848.96,153.77
854.5,960.5
855.09,534.91
858.21,635.19
856.45,835.29
858.54,1168
860.97,440.87
860,1111.5
860.67,530.17
866.09,757.39
863.09,255.06
865.18,1064.3
869,194.3
871.21,934.2
875.26,394.33
874.31,684.72
878.12,488.65
890.28,476.44
891.33,454.29
890.5,647.5
892.31,697.35
896.32,567.05
897.4,906.63
895,608
901.38,496.22
907.48,537.62
904.79,1004.6
904,1182.7
909.07,158.24
915,583.55
914.48,282.78
916.68,935.68
920.69,21.016
919.46,770.35
921.25,869.42
924.51,1029.2
931.83,644.73
930.83,662
936.05,98.148
936.16,516.24
939.63,803.37
940.35,18.014
939.05,144.74
944.8,322.17
939.86,387.5
946.67,443.5
952.08,996.2
950.28,187.29
957.07,83.011
962.89,732.1
955.5,498.5
958.14,177.14
958.12,286.65
960.51,398.72
959.93,65.593
967.47,325.73
961.09,200.09
963.52,1067.9
967.42,1243.7
968.38,383.08
972.3,163.34
980.57,544.7
978.76,49.371
973.59,577.45
976.46,507.92
977.39,100.87
976.95,943.1
981.46,128.84
984.76,755.74
991.73,607.46
989.28,642.32
985.44,1232.1
994.4,452.96
994.6,1062.9
996.6,246.79
997.54,1216.7
998.48,1235.9
999.1,220.27
1002.4,540.9
1003.9,1075
1008.2,956.29
1006.6,688.38
1011.8,707.79
1020.5,590.12
1014.4,24.5
1022.5,653.38
1024.3,1070.2
1021,270
1023.1,774.5
1029.4,190.53
1026.1,260.56
1028.3,690.58
1030.6,990.53
1028.4,712.89
1036.2,841.03
1037.1,718.67
1038.7,220
1046.1,548.36
1042.4,958.03
1045.1,308.63
1043.5,228.38
1044.8,706.45
1043.9,1080.9
1047.9,525.8
1046,1110.8
1048.4,625.07
1053.5,823.6
1050.3,1040.8
1052.7,643.45
1055.6,285.92
1057.6,865.09
1056.6,368.09
1058.5,796.19
1057.8,1130.1
1059.3,1211.9
1059.3,1070.7
1064.9,766.5
1071.4,170.81
1068,471.83
1072.2,937.46
1068.5,919
1073.9,1094
1074,593.97
1073,483.07
1073.6,191.11
1075.2,285.3
1078.8,740.78
1078.5,276.5
1081.7,811.41
1081.4,1061.4
1091.1,447.84
1088,934.9
1096.8,507.28
1096.4,247.5
1099.4,712.47
1100.9,800.15
1108.1,313.5
1100,1168.6
1101.2,1212.3
1101.3,664.22
1102.4,1137.1
1103.9,1116.5
1108.1,890.31
1110.4,500.63
1107.9,330.5
1108.6,717.32
1109.5,745.5
1114.5,851
1129.2,938.28
1124.7,615.31
1129.6,326.42
1134.4,1087.2
1131,395
1131.1,1178.4
1130.9,693.41
1132.5,667.5
1134,1138.6
1133.6,404.43
1137.6,742.11
1143.2,324.69
1148.6,983.32
1153,1149.5
1155.5,1117.5
1155.3,690.36
1158.9,848.91
1160.5,1165.3
1164.4,290.23
1170.3,511.68
1168.9,152.09
1170.7,436.07
1172.7,551.46
1173.4,704.58
1170.6,1106.5
1173.6,596.54
1176.4,570.3
1178.4,1117.8
1178.4,294.65
1182.1,1136.3
1183.5,1083.1
1191.9,314.02
1194.2,959.46
1209.6,1102.3
1215.1,335.17
1212.4,873.54
1215,1243.4
1220.9,227.56
1220,596
1224.1,692.14
1227.3,478.76
1223.3,1214.9
1229.1,872.09
1225,1101.4
1239.9,667.09
1236.6,999.39
1240.7,1032.1
1238.2,202.54
1238.8,293.62
1239.6,1219
1244.1,1076.5
1245.4,321.38
1245.6,471.8
1245.6,937.15
