4.9655,279.86
10.815,516.03
25.678,802.52
5.5128,896.76
9.8352,997.89
68.657,1052.8
16.552,1092.1
5.95,288.9
7.4286,834.83
29.523,696.85
19.554,277.87
23.234,142.96
32.645,622.72
30.072,1153.5
25.5,477
27.013,978.81
28.459,322.22
34.106,409.52
49.416,328.12
50.857,726.45
47.839,838.29
45.602,1236.7
61.839,570.85
48.937,995.28
55.489,680.37
55.174,780.42
60.44,886.21
63.65,1136.7
79.389,1178.9
68.806,836.77
72.552,1086.7
82.635,947.76
107.24,345.11
92.04,281.76
89.687,244.41
86.747,721.09
85.884,985.21
95.864,1128.9
91.697,318.26
79.729,487.85
99.232,681.18
95.849,875.6
118.55,1207.2
108.75,617.09
98.68,792.13
107.65,926.46
113.5,465.31
113.55,959.51
107.12,735
108.88,314.5
110.5,1154.9
117.56,906.13
117.26,778.08
120.92,269.24
122.71,316.56
125.97,838.32
118.08,1143.7
119.83,209.88
145.69,805.31
124.16,1029.5
125,892
133.8,499.65
136.45,374.75
132.4,1140.4
141.46,34.478
130.83,680.81
137.93,1156.6
147.76,1058.7
164,534.64
143,963
156.56,1025.2
155.99,888.97
211.49,971.53
181.56,678.68
166.18,403.89
161,1128.5
164.46,751.7
173.25,709.57
168.27,735.45
179.56,847.93
184.23,1188.9
174.6,320.89
177.88,497.13
170.9,1130.8
184.76,122.53
201.19,752.15
188.7,357.76
189.08,1110.8
185.38,886.78
185,906
212.45,798.35
192.5,718.5
218.81,562.69
216.4,659.11
205.89,969.42
208.05,818.09
225.83,1144.5
211.25,1115.2
216.71,914.43
229.58,1193.9
221.56,616.99
284.24,643.71
236.7,301.77
237.23,740.05
245.53,5.48
237.62,532.95
242.06,776.48
239.23,907.23
244,367.29
250,755
251.21,702
281.79,936.44
293.84,1121.5
262.81,316.45
261.67,778.98
260.72,687.92
262.61,719.32
268.02,542.44
261.73,765.71
272.59,1170.8
272.2,745.38
274.21,849.14
275.26,581.97
280.64,671.45
274.65,958.37
285.31,482.55
274,756
277.62,704.19
289.1,544.36
289.15,829.32
297.81,1003.7
323.86,870.15
308.49,751.22
299.8,902.56
301.83,815.33
307.52,443.41
319.81,499.45
314.75,834.44
313.11,323.49
316.62,336.16
317.93,1209.6
329,1076
365.16,1141.5
332.58,785.11
339.02,963.88
363.3,436.31
343.07,1040.2
345.45,769.31
353.04,797.24
349.56,882.49
352.55,249.67
347.36,692.68
360.11,732.32
358.92,1223.2
354.49,647.41
357.97,1095.4
359.26,689.4
365.07,839.79
365.03,819.9
376.25,692.14
369.8,858.12
392.73,516.29
386.12,769.95
390.54,890.44
399.8,1233.1
379.42,1113.9
387.31,1175.5
381,305.68
397.54,666.16
385.5,825.36
388.09,426.25
394.25,1025.8
391.76,303.84
390,695
409.45,1091
443.59,1120.7
398.62,726.24
416.23,392.36
405.07,776.45
413.54,716.78
421.71,255.17
425.02,423.04
422.15,898.59
435.95,623.27
423.72,663.61
426.38,598.8
429.16,811.9
439.93,65.305
430.89,487.9
434.97,889.68
435.38,745.66
445.8,444.85
441.85,990.57
448.71,370.11
440.35,1056.2
443,205.09
443.72,688.08
452.58,717.86
457.94,1013.9
455.86,527.36
454.54,803.2
454.05,404.12
464.15,848.06
458.32,1231.2
479.48,744.86
469.36,980.77
469.48,108.85
467.66,1204.7
464.03,147.08
467.09,404.34
474.34,688.73
494.18,1061.8
473.74,230.36
514.59,631.82
483.16,602.45
489.34,965.46
496.29,408.53
509.05,338.19
494.08,516.02
495.92,891.99
507.95,1041.1
509.71,471.57
511.25,959.82
525.52,861.93
542.03,252.19
536.46,1141
522.54,756.38
521.77,5.0247
523.36,440.83
521.07,1183.4
522.57,361.43
523.63,578.97
523,958
524.68,1117.1
526,1106
531.05,329.17
534.03,46.47
549.01,983.8
551.65,1057.4
539.66,1236.6
549.59,337.13
547,21.796
566.6,539
553.03,591.44
567.61,1108.8
559.1,914.31
560.67,280.05
569,1026.3
558.07,1085.8
563.48,421.89
586.04,942.85
571.57,597.26
568.76,623.11
568,814.17
573.7,175.59
584.13,464.52
581.75,335.46
611.08,1080.9
577.17,782.8
579.98,919.85
581.18,971.5
598.86,71.138
579.59,1040.1
581.92,653.44
610.83,624.97
588.12,790.09
585.52,896.31
607.35,392.69
605.23,1035.6
590.5,90.5
595.61,120.56
617.2,1145.8
614.99,538.42
629.99,899.24
614.7,983.04
609.69,852.65
603.91,213.91
614.74,332.85
627.21,943.13
647.95,825.69
622,560
626.16,132.23
659.05,1012.3
639.99,336.98
629.6,563.6
651.23,417.82
654.43,65
634.04,220.05
642.13,451.96
660.15,226.31
638.43,883.39
639.5,125
640,959
645.96,136.18
644,957.5
652.15,972.56
659.45,1062.4
652.57,575.61
654.84,948.88
657.92,121.81
654.5,882
669.93,542.63
658.23,261.23
660,665
660.86,694.5
670.39,318.3
664.69,1096.5
678.95,177.72
672.77,705.15
675.68,260.42
688.54,871.56
706.47,161.3
678.42,103.11
682.54,350.47
738.65,257.66
706.21,1022.6
693.42,82.72
690.13,459.79
706.72,949.83
688.61,263.95
711.01,54.635
695.79,511.29
708.49,193.49
710.1,381.01
707.96,439.11
701.4,255.4
712.96,234.23
710,1187.2
716.87,131.69
713.35,312.65
719.89,494.6
722.01,875.22
713.72,1004.5
724.21,321.57
722.48,6.4848
742.98,16.371
730.24,697.48
733.4,964.63
732.29,1036.8
728.67,234.98
739.04,858.14
730.02,191.42
755.48,133.18
736.54,218.97
747.12,353.04
741.03,104.45
740.1,889.03
740.57,918.19
744.04,394.2
745.13,515.22
761.31,730.23
755.5,717.5
758.79,958.38
756.5,911
774.34,1043.2
763.43,882.59
775.82,665.06
778.55,552.76
771.88,848.95
791.53,28.212
777.76,977.5
769.71,439.35
786.69,73.133
773.77,336.47
800.19,946.16
780.03,872.1
787.61,740.32
785,324.33
785.98,507.74
787.91,425.91
809.44,725.53
792.89,1179.9
793.53,895.26
801.28,166.21
807.02,436.57
803.98,478.75
799.18,581.3
796.29,1165.7
800.69,187.73
815.61,844.8
810.62,215.36
799.55,405.29
809.75,3.6036
805.48,321.9
809.52,553.41
824.67,904.14
819.58,1175.2
822.8,135.61
853.33,1007.8
821.22,192.84
819.06,1231.8
836.47,111.46
821.42,561.81
844.64,155.67
825.22,1105.1
823.71,536.43
827.95,773.09
842.66,798.45
840.66,280.14
853.38,953.15
840.45,417.91
840.81,577.27
892,540.12
858.84,1086.9
854.07,359.13
844.53,608.77
840.88,767.5
845,863
854.56,874.46
850.85,928.74
849.59,33.414
862.89,194.24
867.85,848.22
856.55,388.23
857.33,1040.7
858.34,591.57
860.13,620.18
862.66,764.44
863.5,918.5
876.8,46.109
868.37,585.65
867.71,554.24
870.6,887.82
890.01,231.6
873.38,908.27
890.49,91.428
871.35,390.88
882.44,655.27
873.78,993.8
897.94,17.919
875.23,120.65
877.08,772.79
881.94,931.38
885.24,824.47
887.23,377.13
911.91,859.52
910.71,1126.7
909.69,355.76
895.06,1025.5
943.05,591.68
894.96,629.17
905.62,915.33
905.22,823.45
899.86,1080.9
917.96,294.04
952.91,937.39
918.57,257.92
921.12,755.81
926.77,1030.7
921.08,1089.8
922.44,781.71
918.8,982.52
921.57,701.43
920,1056.8
932.9,686.49
929.43,655.48
922.89,797.58
939.62,224.71
936.21,363.5
941.25,323.06
931.94,1105.7
937.11,800.35
960.03,636.14
943.83,825
951.64,1116.9
967.68,98.158
956.22,898.56
960.25,817.86
967.26,1011.4
958.86,291.3
961.82,503.26
964.24,133.69
961.5,280.5
970.89,711.02
971.7,766.94
979.08,807.47
984,301.65
980.99,614.7
995.11,666.43
995.24,256.73
988.2,70.737
1003.8,787.17
987.27,643.5
995.35,943.98
996.06,1038.1
994.24,1065.1
997.67,162.66
995.91,519.8
994.5,1098
999.68,854.67
999.71,3.3556
1013.7,521.78
1012.4,990.1
1016.9,1065.9
1017.7,1096
1010.8,311.31
1016.8,580.43
1011.9,901.91
1029.6,100.96
1024,949.5
1037.5,289.24
1019.5,1018.9
1022,895.66
1036.5,1050
1034.8,1158.4
1034,888.62
1037.9,68.75
1036.9,1000.2
1036.7,1145.6
1040.4,308.08
1038.6,540.9
1049.8,940.26
1060.1,694.21
1044.7,962.84
1043.6,1085.6
1044.5,548.5
1057.7,504.54
1052,589.64
1059,93.669
1050,109.24
1048.9,266.74
1053.9,1022.8
1053,3.6727
1056.3,633.72
1051,252
1087,262.39
1061.6,558.34
1063.6,277.7
1065.8,325.84
1074.5,1089.6
1065,745.67
1065.8,926.38
1081.5,956.25
1065.5,1021.5
1067.1,866.44
1075.8,302.42
1111.4,548.37
1089.1,635.6
1075.8,871.35
1082.7,326.67
1076,879
1082.2,474
1093.4,1022.5
1087.5,72.357
1093.1,300.47
1114.7,702.63
1099.3,489.97
1100.8,941.37
1113.7,508.92
1110.5,20.427
1111.8,1106.7
1107.5,450.21
1157.3,88.093
1118.4,627.83
1127.2,323.14
1132.9,971.13
1135.4,55.756
1138.8,262.48
1156.7,1105.5
1150.4,1049.1
1150.3,35.898
1154.2,139.55
1148.9,337.43
1154.8,896.79
1149.5,951.5
1166,251.74
1162.7,311.62
1154.3,365.35
1156.2,995.34
1167.2,218.38
1170.2,946.74
1163.1,298.03
1176,486.67
1163,675
1166,670
1175,697.73
1178.2,1204.4
1182.5,651.21
1180.3,7.7778
1176,406.89
1196.8,331.71
1178.8,593
1184.9,909.47
1194.7,281
1178.5,308
1199.5,158.11
1189.2,422.2
1201.6,63.875
1196.6,367.8
1201.9,245.85
1205.1,116.95
1202.9,600.91
1203.5,1080.2
1203.2,1129.3
1207.1,299.19
1228.3,908.37
1214.3,867.61
1210.5,187.6
1216.1,517.18
1215.3,815.51
1211.8,177.56
1217.4,1131.2
1227.2,960.07
1223,394.02
1236.1,127.1
1226.1,242.88
1227.6,74.647
1226.9,350.5
1233.3,302.17
1241.2,765.3
1234.6,949.6
1240.5,344.05
1242.8,73.386
1243.8,812.34
1242.8,839.94
1244.8,1131.9
1242.5,1158.1
