4.5505,61.404
3.7348,84.028
3.7064,169.89
6.357,227.34
79.314,284.18
22.015,388.67
18.896,432.78
1.5,488
22.034,489.43
17.441,550.07
7.7432,626.75
15.856,768.44
3.0833,840.69
21.784,858.93
1.8462,931
4.6134,973.94
5.0075,1110.9
3.3654,1156.2
103.59,1170.2
1.5,1182.5
4.5976,1304.3
154.74,84.187
6.5429,1011.7
11.226,15.296
7.4,362.73
10.676,845.62
15.941,142.86
14.698,997.51
18.351,1050.5
19.594,88.65
18.28,591.04
20.707,1299.1
21.086,749.02
21.27,269.13
41.826,1003.4
22,21
42.609,35.222
28.658,227.39
30.273,4.4286
28.174,334
46.792,776.49
200.43,799.03
50.525,1052.4
38.81,217.4
43.232,702.37
39.477,948.82
41.846,132.49
38.477,335.55
40.98,64.424
77.733,702.86
71.948,464.73
51.078,607.45
65.45,552.2
49.741,358.93
54.5,936.5
64.007,116.07
80.534,1113.1
62,146
64.396,192.02
64.423,614.58
63.5,1238.5
88.433,9.4128
68.279,925.09
65.913,1222.5
73.495,635.94
99.193,86.608
73.65,514.4
75.75,85.25
76.784,337.62
86.111,431.62
98.458,747.42
78.989,1059
82.724,1131.1
90.794,66.015
96.934,1072.8
113.39,523.7
95.942,136.04
93.857,853.86
93.5,1173
95.08,1330.8
103.08,597.12
102.17,625.71
103.99,488.53
110.72,431.56
105.81,1109
111.81,560.92
117.03,365.27
114.06,692.86
121.64,1235.2
117,1323.4
130.63,879.2
122.17,16.967
134.45,188.23
119,815
130.52,472.22
130.27,635.88
123.04,1064.5
131.03,819.73
135.61,318.63
128.44,615.85
128.5,339.5
178.14,1265.3
137.53,603.07
134.29,405.3
140.57,719.52
137.12,569.12
149.03,1049.4
150.99,692.69
146.81,917.64
162.11,497.53
142,14
144.89,886.3
152.13,659.59
144.69,834.31
151.31,1327.5
144.93,570.44
154.22,378.09
149.23,453.05
149.7,894.94
261.97,187.47
194.29,400.65
159.93,300.28
158.28,549.05
156,213
157.88,578.83
158.27,565.41
172.89,723.41
163.52,976.41
162.09,1198.9
166.17,831.8
184.06,898.05
170.85,574.04
183.6,650.62
173.12,431.5
173.2,1175.3
171.92,330.06
179.18,855.71
293.91,485.53
194.86,1043.4
178,172.5
182.55,188.27
191.85,603.15
252.68,306.83
187.83,156.55
192,1165.7
193,414.9
192.33,428.43
193.59,686.62
198.77,1325.4
211.08,144.61
200,671.06
200,3.5
207.82,9.232
204.62,984.6
206.81,714.31
203,295
205.42,640.34
220.23,268.92
212.13,1192.7
207.5,684
209.5,170.93
210.18,603.52
219.88,92.276
212.65,298.12
216.66,699.01
220.15,1034.6
216.07,1300.3
219.9,741.07
216.5,610
222.94,668.41
226,164.89
228.29,1015.1
231.01,519.39
228.01,608.8
234.52,670.31
232.95,835.16
235.38,1056.9
284.92,1299.4
238.72,465.28
230.52,866.59
232.7,1.8
233.28,1096.2
236.34,1254.4
229.62,1167.2
236.75,603.94
235,1303
238.89,1136.9
240.49,147.94
239.87,246.91
242.29,892.76
242.2,91.581
239.5,646.5
257.61,424.85
255.09,1214.1
248.5,11
254.4,492.14
263.22,590.28
252.45,1090.8
263.13,6.4326
257.02,164.75
262.27,708.18
263.33,906.25
258.92,1266.3
266.72,212.39
263.06,1140.5
263.76,833.54
267.36,1221
269.78,885.74
270.5,627.5
272.42,1327.6
276.64,1263.4
305.51,677.47
284.99,1109.1
282.16,330.68
277.34,122.55
283.07,370.92
280.27,2.0769
287.66,1152.9
285.48,549.48
310.83,869.13
303.01,1069
291.8,207.72
291.9,86.556
315.45,982.94
296.7,564.04
295.38,1275.6
304.85,528.13
293.5,1330.6
329.24,79.918
329.22,1204.8
312.08,1250.6
301,927
303.73,1102.6
318.71,273.28
305.81,327.87
326.45,390.02
326.37,1142.6
319.02,1329.8
313.86,149.65
322.61,567.41
361.03,303.28
314.5,1163.5
317.58,924.72
317.08,971.08
327.05,254.18
324.05,25.219
348.02,1078.6
327.79,625.04
331.1,818.27
330.86,99.929
344.85,722.65
334.42,358.85
351.25,678.08
339.86,837.66
342.18,923.44
360.84,1328.1
347.58,342.38
354.58,770.96
349.08,1156.8
344,424.5
347.68,594.2
358.09,175.48
358.95,882.63
362.97,548.49
361.48,797.57
371.82,728.36
386.77,944.88
365.08,562.7
365,1293.6
367.96,1314
415.9,26.068
424.97,999.8
371.25,1268.8
397.14,617.92
375.31,180.14
375.35,573.88
375.42,774.14
388.93,202.97
378.27,522.27
374,1015.5
378.72,340.67
387.34,1058.2
392.65,237.99
396.56,326
413.36,700.88
417.11,1272
390.68,889.7
386.3,1137.9
390.22,130.74
387.25,1229.8
399.47,164.81
398.99,1183.9
397.09,259.52
401.38,495.09
405.34,1141
401.5,586
413,1210.9
412.8,49.272
410.08,597.8
428.76,253.83
409.09,444.18
408,584
410.87,829.77
411.89,289.48
411.5,427
414.07,876.02
425.94,152.98
417.15,308.48
427.13,746.48
418.86,1086.8
421.63,414.93
422.82,889.58
436.62,912.37
434.32,281.4
432.36,972.82
432.06,1137.7
438.78,1312.4
435.96,121.46
438.7,128.4
450.56,481.06
442.24,1078.8
448.69,939.46
450.83,615.91
442.91,663.32
446.58,472.96
448.5,382.88
450.96,350.81
450.07,679.63
459.93,8.2609
454.42,289.66
450.85,651.47
456.12,362.2
463.58,266.72
459.23,1265.6
556.97,208.17
456,403.5
467.6,1136.2
464.63,198.04
465.4,380.55
464.8,1187.8
480.33,715.76
472.04,222.07
476.46,466.18
468.93,1276.2
487.17,1238
467.7,1299.3
483.49,604.43
486.08,1193.4
535.36,391.53
510.4,798.11
487.96,1008.9
491.98,1162.6
486.27,339.35
486.5,1310.1
487,18
494.89,5.1607
495.1,239.15
499.63,85.878
519.06,769.52
497.56,1215.6
555.54,582.86
503.31,707.46
566.23,1244.1
510.22,925.04
526.42,727.14
558.73,1095.6
508.09,251.09
543.99,963.5
508.91,553.38
513.93,670.11
519.05,1137.3
521.54,274.48
512.94,690.56
511.58,1165.1
515.43,301.96
545.76,27.461
528.64,620
523.1,1022.1
525,825
531.39,1323
549.32,901.01
595.89,821.06
535.26,474.49
547.35,668.24
540.18,1031.5
548.73,1116.2
543.26,76.37
565.64,754.07
547.52,988.69
548.86,1072.9
557.15,331.82
557.53,630.87
552.59,1013.1
556.9,809.79
560.32,78.849
556,1175
563.34,934.56
566.67,791.12
571.43,1014.9
585.15,1058.6
574,717.63
577.44,225.26
580.79,687.11
578.48,910.96
591.76,96.557
587.16,491.62
586.43,859.76
581.8,1004.4
582.5,618.5
589.87,38.902
600.05,999.37
588.25,72.75
590.62,731.8
599.52,910.51
595.74,666.07
590,61
591,625.83
592.37,958.1
593.94,980.43
593,56.5
594.76,760.18
595,607
608.54,1022.7
606.44,624.46
604,1329.5
610,75.569
609.45,225.37
609.37,636.93
613.44,959.66
621.89,664.75
661.1,1033.2
620.17,99.331
615.88,1312.8
617.86,1331.1
643.39,691.86
622.88,15.838
638.12,239.33
625.93,1003.5
619.73,943.35
623.03,111.93
626.17,476.93
629.33,395.9
629.87,63.254
630.6,261.6
632.15,179.15
633,288
634.45,784.96
661.16,1197.7
635.5,1148.4
648.51,142.98
665.32,1258.3
643.51,481.69
644.2,647.97
638,1137
648.49,186.57
643,499.5
644.5,1331
647.78,509.37
647.4,382.6
647.5,1228
651.28,300.92
651.91,222.19
669.16,429.31
667.55,816.28
654,100.7
654.21,1153
658.78,385.55
684.96,510.47
678.63,954.97
697.34,118.74
662.6,640.4
667.81,1078.3
697.07,1272.5
667.17,350.77
665.59,1295.1
669.93,712.86
667.67,1110.6
685.83,625.5
679.98,285.2
675.53,1136.7
676.18,575.86
712.46,347.93
682.02,1105.3
680.14,739.57
682.59,1078.8
683.39,873.2
749.77,196.78
691.35,683.25
690.03,547.54
685.93,1158.2
690.38,163.95
706.59,45.182
694.97,778.71
702.87,715.33
695.31,893.36
694.86,1296.6
696.28,467.38
705.82,580.12
730.36,1148.4
716.23,971.72
700,1022
703.67,749.96
702.09,1155.6
703.13,1038.7
703.89,851.58
707.79,935.42
701.21,912.94
720.37,1083.9
709,1198.1
708.5,1297.5
709.5,636.5
711,1293
712,172
717.72,646.04
781.24,974.14
718.51,1180.9
738.87,846.89
728.08,559.26
728.04,668.32
725.11,1026.6
730.1,435.3
730.35,270.15
738.63,389.92
732.15,1222.3
736.63,645.38
758.54,1255.1
741.74,598.96
740.33,543.76
748.35,4.9894
741.57,667.37
742.91,274.71
744.17,443.02
797.04,48.187
747.76,1096.7
752.96,254.94
748.84,745.98
752.35,967.74
746.69,1173.5
750.94,1164.7
749.88,554.07
766.38,516.56
758.13,689.27
750.67,1085
751.69,1289.6
754.74,311.68
751.33,326.83
755.34,621.53
759.87,802.06
788.58,615.78
770.16,1178.5
763.83,761.9
772.77,368.11
764.5,1141.5
776.52,543.55
768,1110
772.91,93.036
773.69,253.58
777.46,670.64
797.42,124.99
774.74,893.27
788.65,308.21
779.8,915.24
777.93,1113.3
795.53,749.28
787.78,1047.9
785.23,857
791.01,449.73
786.5,105.5
787,528
791,285.08
788.41,1251.7
796.24,1228.8
795.92,169.32
803.37,1322.6
826.95,1108.8
800.65,869.58
865.98,513.88
805.95,390.8
812.13,328.6
804.59,1265.1
805.5,261
814.53,5.2857
813.57,239.36
817.38,373.62
813.13,1203.9
814.07,730.83
821.15,635.45
851.9,394.66
822.63,833.38
824.93,150.22
820.31,596.27
821.11,1162.9
835.45,104.04
832.1,870.58
826.87,805.17
828.93,966.6
830.25,1318.8
839.2,255.47
846.8,315.47
834.98,891.56
836.14,583.86
842.24,746.16
836.65,951.35
835.5,1164.5
842.86,1243.8
840.23,430.55
840.07,928.32
839.31,906.05
838,1040.5
847.95,646.14
840.5,440.5
846.02,630.1
912.74,376.21
847.57,1062.4
859.15,83.942
853.09,940.82
859.38,235.46
854.42,1082.9
857.25,576.05
856,655.5
861.41,1329.2
859.03,728.31
864.37,329.37
869.67,800.62
861,1257.2
874.31,573.7
868.35,870.42
888.76,995.58
865.11,1219.4
866.14,12
896.41,148.06
869.5,6.3636
889.46,619.47
873.18,260.57
869.5,600.5
874.33,1256.3
887.33,1314
896.09,646.41
913.14,1158.6
877.17,250.67
896.66,311.01
884.56,593.05
911.81,540.97
896.45,825.84
887.13,103.09
892.17,717.23
889.5,1073.5
888.39,1207.3
916.12,1277
891.84,1260.7
896.82,744.2
891.63,883.32
894.37,764.37
893,860
896,452.59
929.44,82.514
912.68,33.704
905.21,197.29
920.15,256.97
928.75,785.31
910.43,1117.7
919.1,163.97
923.41,888.27
942.75,196.17
919.36,923.64
924,295
935.18,693.64
929.3,1110.5
938.66,591.74
939.61,1219.1
934.31,1170.7
938.97,700.94
945.05,1034.7
940.54,408.03
947.37,254.87
940.93,1077.6
941.4,977.6
951.65,802.05
944.24,733.16
944.44,972.32
959.02,546.35
947.14,1175.1
954.24,620.03
953.83,875.51
956.39,902.51
948.12,989.41
963.91,1266.8
953.23,1000.7
968.24,1109.9
955.9,514.79
953.04,930.22
963.11,369.44
958.82,39.319
958.63,958.11
991.02,1191.1
964.96,743.52
960.75,1073.7
972.25,526.18
967.76,1007.2
964.41,204.28
969.21,410.63
970.65,100.45
963.94,758.46
963.89,73.579
968.2,705.78
963.33,991.33
966.52,160.06
968.77,578.77
968.81,85.746
996.35,114.94
1003,429.22
971.85,336.59
983.61,636.54
1042.8,377.41
973.5,866
971.92,1043.8
974.73,1170.5
1002.6,14.362
975.08,358.44
976.3,499.92
990.27,844.26
983.13,452.91
989.69,907.73
984.11,1241.7
992.29,343.9
988.69,689.89
987.09,158.09
1015.7,744.6
988.68,1124.6
989.2,225.17
1001.7,243.4
1000.5,75.697
991.35,151.88
1027.8,546.61
996.58,965.25
995.5,1254.9
1037.7,928.78
995.01,1011.5
1001.8,1068.8
1006.6,162.42
1001.6,145.14
1080,1129.1
1011.5,861.19
1035.3,284.9
1007.6,619.43
1011.8,1000.6
1028.5,1326
1011.5,513.41
1027.3,40.391
1021.2,139.25
1039.6,193.95
1027,1023.5
1021.7,616.98
1064,828.49
1021,814
1027.3,315.62
1061.2,471.16
1036.1,1189.8
1033.6,597.04
1030.5,341
1075.3,127.44
1033,249.53
1036,236.33
1050.8,434.58
1043.7,776.84
1038.6,342.11
1038,348.5
1042.3,1231.2
1054.8,997.46
1047.4,616.22
1043.4,899.5
1062.9,637.31
1043.4,73.473
1047,1263
1053.1,1275.3
1056.4,1180.6
1056,508.39
1057.4,103.09
1054.8,214.06
1054,1286
1058.5,665.58
1063.7,793.93
1067.1,1304.5
1065.1,686.9
1063.8,1244.8
1063.4,1086.4
1081.5,39.263
1094.7,201.01
1070.7,582.71
1069.7,1036.5
1070,602.33
1099.5,256.09
1074.8,706.76
1072,597
1074.6,1294.1
1079.1,999.9
1095.8,1278.2
1078.5,1212.8
1089.9,498.09
1103.4,762.12
1094.5,1033.2
1089.3,908.6
1088.3,1246.2
1096,321.61
1104.4,648.08
1125.8,685.46
1094.2,1257.3
1101.6,1199.7
1100.7,78.572
1110.7,1141.6
1104.3,4.1613
1102.5,232.1
1106.6,724.14
1110.6,154.54
1185.6,1012.1
1107.4,221.92
1106.5,817.35
1118.3,1239.4
1119.5,546.01
1111.8,341.15
1150.6,279.71
1122.3,360.32
1115.5,36
1128.1,835.19
1121.3,669
1133.8,417.95
1138.8,790.94
1126.4,1273.4
1131.3,1131.3
1126.5,1301
1130.6,118.7
1161.8,205.8
1130.4,898.12
1129.7,464
1129.9,805.07
1134,866.81
1134.7,154.15
1134.6,79.1
1139.6,390.11
1142.8,7.8627
1145.7,763.1
1146.7,842.2
1144.6,814.79
1174.3,719.9
1150.4,2.4
1154.8,700.75
1161.5,350.9
1165.5,1268.1
1161.2,1313.1
1159.5,862.17
1167.2,599.67
1182.3,826.92
1161.5,511.15
1177.9,377.45
1188.4,66.852
1169.7,57.197
1177.1,294.84
1248,1143.8
1175.2,1175.4
1174.7,862.79
1185.3,162.37
1183,761.65
1177,1092
1191,1297.1
1182.5,481.5
1181.4,897.43
1240.6,569.85
1185.3,233.02
1185.5,890.58
1189.9,1121.1
1219.5,404.29
1191.5,273.81
1190.8,927.33
1225.6,713.17
1197.2,514.44
1205.1,381.02
1208.8,646.97
1213.2,766.06
1209.4,1114.6
1210.1,247.86
1215.6,879.63
1222.7,223.33
1211.4,423.35
1216.1,311.76
1235.1,1310
1216.4,163.33
1219.9,820.12
1222.8,1216.1
1225.2,1279.3
1227.6,1046.8
1223,1196.4
1226.2,1245.1
1253.9,167.88
1249.3,640.63
1237.6,295.85
1226.1,264.91
1235,841.6
1227.3,916.76
1231.5,1073.7
1230.4,51.643
1235.9,799.24
1235.2,425.18
1276.7,15.82
1262.8,892.92
1241.5,818.72
1248.3,1159.4
1293.5,747.03
1256.7,1057.2
1252.6,1331.2
1297.2,393.11
1262.2,864.01
1255.3,505.12
1261.6,54.165
1302.4,1232.2
1260.6,447.57
1263.6,673.55
1266.2,314.01
1267.1,285.87
1265.1,67.909
1272.3,1123.3
1289.9,1301.3
1279.5,919.29
1270.8,486.83
1273.3,836.85
1271.2,1024.2
1281.1,181.42
1284.5,348.29
1273,668.5
1304,490.7
1276,1074
1277.9,1067.9
1284.1,1188
1283.6,940.04
1281.1,951.39
1284.5,868.83
1306.7,299.42
1288.4,377.15
1292.7,395.48
1298.8,278.32
1295.8,54.32
1304.4,326.6
1315.3,140.17
1304.3,45.653
1307.1,876.65
1304.3,1331.2
1313.3,908.34
1320.1,1011.1
1308.3,1323.1
1306.9,612.26
1306.8,85.773
1313.7,166.71
1309.8,1125.4
1318.3,282.13
1314.5,1331.1
1318.4,42.31
1318.3,710.71
1319.8,1271.3
1319,771.5
1328.3,483.57
1327.8,1321
1327,1295.1
1329.8,261.21
1330.3,976.18
1330.7,879.39
