6.8646,47.26
10.93,765.47
18.174,1087.1
20,790.68
22,1241.7
33.46,892.37
47.259,394.91
45.514,1232.9
51.537,843.41
54,604.75
60.415,189.18
66.642,42.229
62.917,514.92
65.5,721.5
76,1056.4
73.5,350
90.698,369.56
98.096,716.39
99.867,1189.1
103.09,563.45
100.5,29.5
101.12,695
105.19,380.14
116.32,479.53
126.41,22.671
127.57,874.84
130.5,496
132.53,629.97
141,1014.5
147,532
174.97,402.99
177.02,91.859
179.33,834.55
192.58,262.28
195.56,789.93
222.11,1219.3
221.86,501.39
223,254
232.29,630.52
235.75,1066.2
241.03,790.59
242.36,529.68
249.65,846.04
254.82,235.66
255,566.69
251.88,975.64
252.68,1209.3
257.38,686.62
260.78,507.91
262.12,391.37
276.42,36.497
274,677
278.56,1050.5
290.91,929.89
296.89,612.37
308.85,1032.9
308.85,1188.5
330.86,771.84
335.93,728.95
343.1,700.38
346.69,1032.2
350.55,142.03
358.94,27.48
370.79,5.2574
377.06,1179
377.76,483.06
380.67,183
388.08,611.41
386.57,860.81
386.09,1015.1
389.75,562.97
396.56,917.92
397.97,937.44
398.07,553.41
408.91,681.62
406.09,801.09
410.01,325.4
412.71,753.12
411.88,709.94
440.5,252.5
444.17,999.62
445.09,731.95
450.16,1110
453.67,677.88
469.57,179.26
469.62,706.98
472.32,1172.5
477.39,888.02
479.67,729.49
489.07,564.4
488.41,1246.1
503.08,152.42
509.07,1169.6
513.51,51.169
514.12,759.02
519.12,306.54
524.74,1037.6
529.76,98
533.54,1181.2
536.09,202.91
542.09,1236
539.65,964.5
541.69,456
544.89,1112.4
551.41,901.07
554.35,1000.4
557.88,618.18
568.21,893.62
581.09,884.27
582.18,1198.4
585.4,104.4
601.13,903.13
606.45,1036.5
613.88,4.2034
620.66,955.6
623.19,1029.4
624.9,636.9
626.92,198.16
626.5,357.5
633.14,570.5
649.61,774.9
654.56,621.92
660.35,580.22
663.86,683.83
664.98,52.043
661.42,116.03
664.06,457.7
667.63,695.2
676.08,1229.2
676.15,1162.5
680.95,610.38
683.73,814.37
690.68,834.29
693.01,351.74
691.57,464.34
704.15,874.85
709,194
715.42,542.97
722.15,721
723.49,903.95
725.03,588.75
735.37,600.63
741.05,63.347
744.09,370.09
753.98,176.69
753.47,449.95
755.9,214.04
757.54,1079.2
761.54,295.6
767.94,340.43
775.1,3.6329
775.92,1143.6
779.83,763.57
778.57,105.39
788.35,777.86
794.28,349.68
811.52,432.71
816.66,882.34
817.5,251
824.53,328.07
831.73,646.28
836.5,1086.5
843.02,58.023
848.77,1219.6
852.57,750.25
847.37,862.37
856.91,35.091
863.38,1168.9
872.42,565.58
881.87,98.855
885.03,456.38
887.63,1034
885,1178.5
902.4,557.36
902.61,954.14
903.59,1101.1
906.37,163.73
911.27,461.73
910.35,494.72
914.81,331.8
914,1144.7
922.56,932.83
929.21,367.64
932.66,661.78
938.14,632.59
939.53,514.22
942.05,1114.7
940.58,851.32
950.25,828.16
954.39,62.861
956.71,168.19
963.66,986.9
965.43,558.05
969,341.5
972.5,239.5
978.62,1094.2
978.95,934.39
986,3.1667
984.22,1013.2
987.96,299.98
994.39,1199.5
1000.3,919
1002.4,77.354
1007.3,697.3
1008.9,441.42
1009.7,222.76
1016.2,396.49
1019.4,329.5
1022.4,492.61
1032.1,176.96
1037,642.29
1036.6,1214.3
1038.6,1001.6
1042.7,28.987
1044.8,180.4
1044.9,1154.4
1059.6,203.03
1060.9,564.12
1080,825.18
1081.6,482.5
1080.6,987.85
1087,111.92
1096.9,470.55
1105.5,362.32
1115.3,504.56
1117.6,605.42
1121.9,753.87
1117,1227.5
1121.3,367.48
1129.4,304.11
1145.2,576.3
1142,59
1145.5,246.73
1154.8,315.5
1164,9.7196
1169,1235.2
1172.8,340.33
1184.5,480
1187.2,865.69
1211.7,63.369
1213.4,1229
1213,241.17
1213.9,823.12
1240.7,1121.5
1245,384.93
