2.25,25.7
4.3333,527.5
10.224,206.12
11.324,143.78
14.534,631.34
25.294,427.61
30.259,384.95
32.656,242.02
37.65,588.87
39.938,1210.1
42.197,300.08
53.005,1031.9
51.133,246.33
57.446,1240.6
59.406,322.47
84.074,613.16
88.735,1173.9
90.846,269.9
101.7,474.57
102,153
102.07,270.59
106.23,455.53
108.1,672.1
111.5,202
117.84,129
113.84,405.31
117.84,731.19
121.9,448.76
123.2,371.11
129.43,42.454
131.8,572.64
128.3,229.25
141.93,613.56
150.5,1106.5
159.06,999.66
164.75,1160.4
169.71,247.5
172.9,682.16
179.29,338.09
185.58,1074.1
194.24,207.31
195.54,25.023
200.32,473.92
203.41,501.08
209.56,417.15
207.49,1246.1
216.9,635.3
223.33,818.82
227.24,850.97
226.35,1156.3
230.78,634.25
234.5,1092.5
244.64,787.09
254.62,460.51
252.93,1024.4
253.58,819.89
257.64,1169
274.14,1245.8
276.61,426.57
280.91,137.13
282.47,482.11
286.39,779.61
303.75,767.23
308.57,233.61
311.57,317.78
323.21,327.33
320.13,1093.5
322.85,144.4
325.76,129.14
330.09,502.09
334,1127.5
340.35,1188.9
352.06,677.09
350.8,697.94
354.62,791.93
357.28,757.69
363.5,108.72
362.44,527.92
364.69,190.09
370.41,294.16
377.5,727
382.31,1009.6
384.17,761
386,201
387.78,240.53
388.86,74.558
395.96,599.07
403.67,911.37
404.29,274.41
407.42,487.39
414.64,704.65
418.72,1108.6
428.11,576.93
428.69,381.84
435.74,443.77
437.32,907.65
431.5,173
432,750
438.3,776.77
444.52,594.44
443.9,713.1
449.54,744.59
450.66,81.847
453.4,500.36
454.39,1227.4
456.23,1246.6
462.88,106.13
464.23,698.53
465.63,645.34
470.73,664.34
469,1108.7
471.5,772.62
478.42,766.94
480.44,729.65
480.5,88.5
491.45,27.065
494,295
501.13,526.26
502.15,1076.4
503.49,67.33
505.02,1143.4
507,558.5
521.96,858.59
525.14,404.45
531.05,1188.4
527.83,621.22
540.68,185.81
544.76,290.07
549.64,61.41
551.37,912.41
559.93,939.63
557.56,39.051
565.09,4.3393
570.98,407.36
578.66,635.27
577.86,354.55
583.9,194.1
582.94,1019.3
586.72,870.36
589.17,272.12
598.68,101.08
596.31,546.09
597.19,747.41
601.1,376.41
609.02,793.57
613,437.5
620.02,768.72
622.56,570.45
626.22,1054.4
637.85,558.06
644.43,807.08
644.44,1058.5
648.04,196.46
658.66,31.971
650.08,108.08
655.97,230.96
655.23,478.89
660.44,666.02
666.08,94.775
675.11,568.5
675.59,314.07
676.95,300.35
677.57,226.39
680.77,340.43
683.05,268.77
691.24,422.49
693.18,808.91
695.62,486.72
692.9,701.1
693.84,1134.2
696.73,1165.2
699.01,390.07
720.76,156.54
724.67,571.27
732.86,924.98
734.04,1099.2
731,1174
735.31,632.5
737.07,211.84
740.52,502.06
743.62,286.78
740.55,405.57
744.97,1147.2
747.6,155.5
748.36,998.71
746.42,524.58
748.05,418.05
774.5,1009.5
774.18,750.6
778,613.32
779.5,651
779.5,1135
783.4,970.01
783.94,1043.9
790,27.244
798,909.38
803.61,28.988
805.62,879.62
832.35,612.13
838.44,1037.5
842,796.65
841.91,453.05
843.56,134.93
846.15,651.46
850.77,17.261
863.55,401.13
872.42,1082
880.68,594.49
878.77,1206.6
883.02,201.95
884.14,447.21
889.21,332.15
894.21,141.06
895.33,448.13
895.47,594.68
898.62,1054.7
898.34,1203.6
901.09,491.77
910.24,20.946
905.64,525.05
909.66,386.58
909,590.2
914.35,681.84
916.98,1103.6
935.73,196.7
939.82,490.82
944.12,878.65
952.89,507.42
957.21,1099
957.15,900.77
955.15,134.35
961.9,1182.1
965.37,558.28
967.04,1144.2
968.7,273.88
969.52,21.133
975.27,1157.9
981.19,175.81
984.55,1133.9
986.89,547.06
988.52,768.73
992.42,93.51
999.27,661.46
1000,1052
1002.1,332.08
1006,688
1010.1,248.16
1007,461.5
1015.2,865.49
1024.4,603.2
1048.5,25.111
1045.8,1096.4
1054.5,1150.3
1055.4,809.91
1061,714.41
1059.7,1120.7
1059.7,982.13
1066,914
1072.4,369
1073,873.45
1074.6,889.06
1077.8,178.15
1085.8,1086.7
1086.1,798.66
1088,481.83
1088,216.12
1093.9,1219.4
1095.4,969.97
1102.5,157
1103,574.25
1108.5,633.52
1107.7,761.47
1110,827.5
1113,987.47
1123.8,614.48
1124.6,103.95
1128.7,662.08
1130.1,912.95
1133.6,271.14
1138.7,735.67
1137.9,324.47
1138.4,636.06
1140.9,838.4
1143.5,585.87
1151.2,346.72
1155.1,458.09
1158,1217.2
1165.1,520.71
1170.5,629.5
1172.1,970.95
1173,555.5
1181.4,606.86
1187.9,990.41
1195.3,1074.6
1198.2,1168.7
1200,982.59
1210,839.95
1206.8,126.65
1210.8,690.02
1208.9,992
1217.8,66.171
1213.7,279
1216.6,1184.5
1221.5,1197.5
1234.9,743.47
1245.5,239.24
1246.2,283.67
1246.7,512.22
1247.1,850.5
