9.5109,930.1
11.439,535.93
20.766,372.43
21.571,1075.1
27.224,83.493
27.531,198.57
27.553,677.47
32.947,878.08
39.979,233.36
56.735,1143
60.165,323.28
58,681.5
59.611,444.14
67.184,332.94
68.611,641.13
69.767,178.16
67,992.5
72.783,250.22
73.389,137.86
78.024,669.74
88.78,448.74
90.986,355.32
91.646,1159.9
97.77,1056.1
110.42,898.34
108.86,123.39
111.9,546.38
125.97,329.97
127.64,130.23
125.86,518.45
127.17,471.7
132.44,1217.7
136.5,21
139.97,73.309
139.62,775.4
142.44,230.25
146.38,97.405
147.66,934.22
158.61,62.369
168,534.25
170.5,187.4
172.91,24.045
177.14,640.62
175.48,218.43
181.1,758.71
183.11,46.947
200.09,439.81
203.34,422.12
206.5,79.15
211.61,622.53
219.7,515.7
227.96,807.55
230.32,1004.8
230.18,753.95
238.26,1223.3
240.72,584.58
240.89,388.58
252.92,39.151
250.06,915.11
254.08,1073.2
265.64,42.917
260.58,487.11
269.28,943.65
270.98,669.54
270.6,1001.5
274.23,331.77
274.4,1170.5
279.94,374.03
279.67,853.55
293.09,573.57
300.07,683.44
305.45,992.45
313.58,1236.4
312.74,240
314.5,800
319.71,720.99
318.6,1013.1
322.54,965.08
327.43,561.05
328.57,265.95
331.68,345.85
331.3,1176.7
337.71,1111.5
352.32,654.36
358.2,580.52
357.6,212.4
360.51,974.84
380.7,1203.4
388.46,484.78
390.89,526.58
394.83,571.57
395.44,893.17
402.72,586.76
416.86,468.08
429.67,251.89
430.19,340.97
430.38,1026.5
429.37,1099.4
435.14,974
443.37,697.65
448.16,34.474
451.79,1075.5
450.25,521.46
458.58,246.37
461.08,841.44
472.75,812.86
479.28,367.32
478.11,119.58
480.54,315.08
480.69,779.09
486.99,245.21
485.2,1010.1
489.1,1190.4
492.63,1093.6
500.9,433.23
501.83,980
507.5,610
514.92,265.05
517.04,1083.9
521.91,152.09
527.57,769.24
533.81,361.6
536.81,86
539.57,474.05
542.06,127.76
547.98,820.54
547.94,650.01
547.93,174.59
551.73,1198.2
554.3,407.08
558.66,610.53
565.24,704.88
565.68,1154.1
565.44,231.59
571.41,545.07
575.93,73.196
579.5,18
584.93,619.87
590.94,844.54
599.46,822.26
605.5,906
619.43,143.4
629.35,870.83
624.44,318.45
631.72,605.79
632.14,472.35
635.8,710.58
641.53,191.24
645.8,824.92
649.9,728.38
654.89,451.63
666.33,1190.5
677.28,393.95
682.9,689.38
706.2,701.77
712.58,142.11
714.7,213.88
713,743.5
735.46,233.78
774.42,298.15
780.19,475.18
778.63,277.37
786.17,705
797,669
796.07,596.41
810.17,512.41
819.06,221.5
818.6,59.4
837.06,884.74
837.15,226.76
848.94,684.67
850.82,275.76
851.14,299.93
856.86,814.5
864.71,410.71
868.13,695.79
871.93,205.59
883.55,381.78
886.25,411.67
888.58,930.55
887.83,144.07
890.56,309.92
896.7,552.93
904.24,1230
916.82,169.29
920.25,690.95
933.62,120.28
935.38,1041.7
936.64,548.96
943.81,712.27
946.33,864.34
948.1,1202.6
953.35,821.5
956.38,194.18
963.56,676.95
965.91,617.09
980.15,691.5
982.14,578.86
986.8,629.89
988.5,234.5
992,969.5
991.93,996.41
1001.5,315.46
1004,554.53
1005.3,623.56
1012.9,27.585
1032.4,241.21
1032.7,98.354
1037.6,390.91
1044,578.65
1044.9,555.41
1048.3,237.38
1056.2,770.51
1061.5,222
1075.2,824.06
1075.6,699.95
1076.3,424
1081.9,903.55
1086,362.5
1087.7,1193.9
1085.8,1016.8
1092,92.043
1094.5,605.5
1097.5,1172.3
1104.5,362.92
1106.3,412.21
1105.9,473.28
1113,5.6667
1116.5,1148.2
1115.1,319.58
1115.9,75.857
1120.6,193.26
1120.1,768.88
1120.1,813.05
1131.4,81.193
1130.6,482.11
1139.6,1229.1
1147.9,899.5
1146,51
1154.9,425.14
1156.6,1204.9
1161.8,901.77
1163.5,382.43
1163.1,916.69
1164,618.61
1164.7,1168.7
1180.4,1067.5
1178.1,547.08
1184.6,1124.6
1188.8,849.91
1192,987.5
1200,585.91
1205.4,101.93
1209.7,1048.7
1210,160.5
1217,871.79
1217,1057.6
1226.4,989.66
1228.6,1152.6
1239.1,907.94
1245.9,767
1246.6,507.61
