10.851,1085.9
14.118,362.41
15.993,842.41
14.5,179.5
23.233,1133.6
30.349,1189.8
32.299,331.86
34.913,96.6
48.2,808.61
55.909,918.91
66.23,216.74
71.625,28.104
71,699
74.182,308.05
74.258,419.74
80.5,1222
92.403,1211.9
95.345,50.29
100.19,349.02
102.93,1009.4
111.61,1130.4
107.04,162.18
119.85,576.77
118.33,865.56
120.29,814.29
126.16,782.26
136.81,72.02
137.39,883.52
141.49,941.96
147,429.26
156.13,1013.9
166.91,669.91
166.95,858.15
178.26,987.59
177.93,667.41
178.06,814.91
191.09,1137.1
192.41,475.74
209.1,1155.6
223.09,65
226.78,905.56
237.17,300.79
237.93,1070.4
243.07,929.41
244,1092.5
254.04,307.53
254.4,1013.9
254.84,1232.4
258.4,287.36
260.41,28.011
266.5,842
265.5,901
269.83,267.57
298.64,121.18
297.58,416.08
296.07,890.59
302.44,364.55
310.56,801.55
315.56,1104.3
326.66,685.23
329.18,300.7
327.5,1007.5
333.44,377.46
336.31,574.31
336.11,1040.4
343.58,252.91
344.54,753.07
346.5,293
349.5,516.5
364.66,435.62
367.33,986.91
382.47,1104.9
386.71,159.89
392.68,1034.2
393.76,637
396.56,865.92
410.5,307
418.07,815.74
422.3,1169.2
427.34,1108.2
439.73,280.72
439.5,972.5
452.12,825
458.66,754.27
474.19,374.91
475.74,772.2
474.56,314.08
475.42,757.42
482.76,892.73
490,713.5
498.89,669.91
499,139.5
510.64,1109.4
511.39,654.86
522.43,1228.5
532.5,669
543.63,344.63
546.4,755.89
549.07,508.59
554.02,171.14
560.55,922.96
567.92,637.92
576.19,566.02
573.4,327.55
571.05,856.93
579.92,656.43
584.1,1001.6
594.91,229.09
615.8,851.47
621.53,279.15
624.09,663.91
628.59,760.1
637.56,1244.4
637.42,540.58
639.47,1167.7
653.45,624.77
668.08,419.92
676.4,1043.5
677.09,63.091
678.66,1150.1
683.35,54.173
698.5,750
701.1,549.38
704,471
705.6,1125.1
718.95,480.56
726.61,1053.1
736,163.68
736.85,454.65
744.11,2.4444
752.58,299.89
754.69,696.83
758.56,1243.9
757.83,1156.4
763.85,360.12
767.44,91.525
785.28,214.87
787.18,238.78
794.77,694.34
795.97,899.83
793.95,1119.1
800.86,1186.5
813.98,608.02
814.41,1046.9
817.95,141.91
821.85,404.67
822.79,826.51
822,106.17
833.83,854.6
845.39,718.14
861.13,487.99
861.5,1110.5
880.92,12.339
881.09,450.91
881.14,965.5
883.84,819.46
884.37,989.63
900.19,865.4
906.59,539.71
912.77,931.58
914.43,83.417
915.7,642.84
919.02,206.06
919.58,1217.4
931.35,629.49
932.61,687.14
938,906
955.97,1244.5
952.5,444.5
963,829.5
980.25,1140.2
991.04,429.43
995.87,266.65
995,401
1009.5,152.67
1007.1,255.74
1017,295.48
1024.7,265.11
1025.5,792.5
1029.4,285.82
1032.6,1019
1035.1,537.8
1034.5,1194.4
1042.4,410.89
1047.5,850.5
1050.5,536.77
1051.3,294.47
1054,641.3
1061,131.93
1067.8,492.09
1074.4,637.03
1076.6,591.4
1084.9,895.78
1085.9,175.97
1090,630.29
1099.9,436.08
1102.5,574
1109.1,34.058
1109.8,424.08
1111.9,672.2
1111.5,835
1139.4,323.94
1146.9,1102.6
1150,159.3
1151.5,1162
1162.9,965
1162.9,498.41
1171.6,96.734
1169.3,343.81
1173.4,787.69
1174.7,1188
1179.2,676.69
1184.1,1124.2
1184.6,992.58
1189,536.88
1194.2,1139.9
1193.1,151.41
1199.1,631.5
1205.8,137.69
1225,123.5
1229.1,310.38
1229,398.52
1235.1,933.44
1245.6,1160.3
