9.2103,20.672
2.7561,264.68
15.272,308.17
6.7579,387.97
7.0146,437.61
4.8585,505.25
10.915,728.46
2.2174,792.26
9.8505,824.24
3.5873,1194.2
13.593,207.38
5.5,945
16.641,527.25
10.151,607.29
9.24,622.2
81.145,707.8
16.591,485.41
15.606,590.29
14.269,764.23
18,1226.7
34.776,851.59
16.889,454.89
16.213,800.46
34.39,777.77
23.119,757.1
31.387,619.06
39.894,94.708
27.825,372.98
55.672,923.7
28.315,184.69
41.321,142.94
34.607,484.64
51.217,361.85
39,811.5
41.714,45.429
41,119.5
44.281,576.17
45,833
93.66,1095
51.123,1207.7
51.312,328.52
75.047,652.12
56.946,780.88
54.423,1235.5
58.548,1108.6
59.581,838.98
57.45,889.94
56.318,992.64
59.247,511.79
65.344,418.97
65.264,484.24
61.5,315
64.23,391.08
62.812,1081.9
63.478,821.09
72.812,74.183
63.6,308.6
65.747,1095.9
66.484,634.55
69.717,865.97
70.25,1021.1
70.571,1246.7
70,1066.5
74.368,589.5
74.67,996.58
82.752,746.6
74.5,194
84.77,307.63
83.59,496.09
76.556,772.35
81.521,813.99
88.328,543.73
77.345,980.72
81.483,595.41
80.5,766
89.896,146.34
82.927,164.1
88.13,465.91
84.286,1186.7
86.143,1179.1
88,101.17
90.305,278.77
91.604,432.19
94.302,77.51
95.5,122.18
94.022,339.7
92.08,970.52
93.8,160.44
96.409,439.82
97.3,614
115.88,1001.8
107.56,3.4554
100.76,1138.3
99.231,87.846
102,138.11
112.19,468.09
119.88,884.48
101,881
103.73,913.25
105.86,292.79
119.47,416.18
104.42,927.53
118.54,783.57
112.99,91.4
127.07,1094
109.42,1130.9
140.64,588.14
113.3,894.3
115,67.148
113.71,341.57
117.72,1204.9
119.58,831.71
119.89,98.556
118,1192
120.5,489
120,750.5
122.24,679.83
126.45,849.31
130.1,838.42
134.12,251.45
129.59,489.55
129.58,831.11
134.83,800.88
137.96,333.03
133,816
133.5,845
138.8,1188.9
148.32,307.34
152.58,491.42
138.18,59.615
152.9,207.8
145.51,980.31
145.81,1131.5
162.89,761.97
143.22,781.36
151.99,371.13
146.24,949.41
151.92,843.94
146.77,280.13
149.05,400.28
151.15,921.22
148.03,413.91
148.1,452
171.21,1087.2
151.5,962
154.42,664.42
157.16,801.7
158.21,54.374
160.41,619.37
156.27,270.92
156,541.5
167.33,1035.4
170.27,123.68
164.13,40.304
164.01,539.88
165.51,84.727
165.93,1242.5
170.14,511.57
167.28,800.92
171.75,1128.8
172.88,8.4415
171.88,23.203
180.01,75.266
201.4,945.53
172.14,36.5
172.95,414.57
173,634.06
172,232.5
178.11,344.11
173.11,390.42
179.21,1048
197.14,184.99
174.22,644.5
187.16,819.32
178.43,540.71
179.25,591.88
184.23,326.84
179,441.5
202.05,507.22
180.03,691.04
182.94,227.1
181.6,447.4
183.58,1219.1
212.83,855.78
185.5,294
187.19,910.28
186.59,252.06
188.46,259.18
190.94,946.1
189.41,302.23
197,581.99
188.58,774.89
191.57,290.14
192.53,767.63
195.74,403.54
192.35,1215
195.15,379.35
195,761.5
198.35,913.29
196.44,889.2
201.72,388.9
213.63,730.63
197.5,1147
200.34,873.84
222.1,1028.3
202.57,424.88
207.16,676.71
200.67,978
205.7,262.77
214.43,475.21
214.07,1197.9
220.41,609.49
204,502
204.57,1243.6
208,916
214.34,981.32
210.58,1155.5
210.86,1167.1
212.5,781
211,892
219.04,1135.4
219.92,207.29
215.82,257
212.5,1086.5
247.47,78.683
227.33,432.3
220.1,355.42
225.31,304.76
219.55,320.84
223.78,769.41
219.76,945.76
220.07,1108.4
225.54,370.73
225.79,550.37
226.05,248.44
223.45,971.39
226.23,464.13
245.6,1099.5
227,882
249.85,670.4
231.27,748.73
230.69,943.14
236.6,209.18
243.42,391.26
234.67,187.17
235.42,467.11
235.33,843
235,909
245.72,546.21
242.79,627.53
237.5,1203.5
258.61,761.88
258.85,241.63
242.22,359.11
244.17,991.23
244.29,887.16
242.64,1085.7
244.42,531.89
267.79,489.18
247.13,872.95
263.61,11.485
252.95,362.76
258.4,838.79
315.03,1122.8
251,281
253.82,691.16
279.51,187.01
252.4,274.6
253,1197.5
255.97,349.32
265.74,718.93
255.96,132.96
255.41,1190.9
257.59,975.94
259.5,925.62
260.07,903.59
260.55,966.42
262.15,195.28
260.66,275.83
280.33,1103.1
261,361
322.67,630.11
265.64,822.43
265,896.5
268,53
269.18,296.07
282.25,549.45
269.36,1066.5
273.23,645.62
293.44,1004.7
274,454
276.62,829.08
276.05,951.61
275.77,128.25
278.1,111.34
283.64,254.88
277,341.5
276.33,349
278.29,137.45
280.83,1237
290.43,768.01
279.93,886.73
287.21,908.4
295.73,811.4
283,1051.5
288.98,4.5678
285.34,855.8
306.31,117.78
289.43,877.96
288.5,525.5
290.28,707.92
294.96,283.45
312.3,690.17
294.5,575
297.5,824
297,1076
302.64,831.29
302.7,744.1
312.66,1079.9
308.53,787.76
309.33,1120.1
310.69,464.15
305.31,905.55
306.05,208.9
319.46,860.2
308.5,80.5
311.65,926.84
310.6,1040.4
382.96,490.09
318.11,214.69
320.7,775.75
326.77,2.5738
340.57,32.614
319.67,77.833
364.23,442.17
322.7,797.22
322.58,1103.1
324.5,91.5
325.09,495.95
325.21,1057.9
329.2,469.62
326.67,479
326.5,676.5
328.43,917.39
328.14,929.14
329,764
330,818
335.08,166.34
333.14,257.5
333.4,768.05
333.14,969
342.83,1036.4
335.59,960.45
340.58,239.99
336.06,703.41
337,104.33
336.57,204.61
337.4,557.4
347.47,752.5
342.39,910.53
337.58,1050.9
352.3,79.472
371.34,1214.3
342.5,626
347.48,875.43
343.6,975.4
345.78,953.89
344.77,1048.9
345.5,133
349.76,932.13
350.59,127.88
363.15,576.93
360.42,714.35
354.96,807.39
356.86,912.07
364.06,777.59
363.91,119.61
366.07,1133.5
364.71,1108.8
373.11,44.704
367.22,876.41
365.83,1047.3
368.38,896.44
370.65,921.94
377.28,555.02
371.4,816.6
377.59,1057.5
372,1046
372.88,1120.5
377.28,98.298
376.07,982.07
377.41,516.92
380.53,692.54
376.17,1088.7
376.33,1024.2
411.7,611.9
382.09,680.26
380.5,1081.5
388.94,106.93
402.01,711.82
403.37,779.69
408.57,179.13
392.83,847.77
387.36,518.96
390.21,955.19
391.36,1246.1
390.92,1225.7
389.6,573.6
390.26,71.677
390.58,565.89
393.46,892.86
399.38,583.98
391.95,824.05
400.24,1149.5
392,1115.5
392.5,1164
400.53,684.97
397.12,601.5
406.65,963.59
398.08,1059.2
401.22,1202.8
403.04,81.869
403.76,98.947
408.23,1090.6
405.23,117.09
415.46,1218
407.5,1078
408.5,66.5
421.21,86.744
415.13,1189.3
414.53,876.34
416.78,1157.5
419.56,869.44
418.41,1045.9
428.48,106.09
424.14,681.07
441.05,795.19
422,1154.5
424.24,719.5
429.35,1133.6
425.78,162.46
476.53,1121.2
431.41,53.108
431.84,556.34
429.5,951.18
430.14,1147
446.68,682.51
434,389.33
450.66,69.528
434.77,167.09
455.05,745.73
441.78,494.09
440.39,839.14
442.1,32.558
443.78,479.06
443.53,1075.5
442.77,828.83
446,1101.9
444,510.7
444.23,175.91
451.76,405.58
445.41,1051
458.8,304.22
446.6,519.4
447.23,729.91
453.58,381.64
458.67,452.53
452.81,541.03
453.35,950.25
448,1007
455.98,596.79
449,1046
449.5,1180
451,94.353
451.65,1035.9
452.5,921.5
452.6,1001.6
453.57,826.39
466.73,1018.9
455.74,178.42
455.74,557
455.36,641.5
457.68,801.8
459.14,39.143
485.2,729.4
463.11,992.94
459.11,633.76
461.24,573.84
482.85,609.63
459,808
474.18,959.95
460.47,818.93
462,1120.5
462.86,162.14
463.5,921.5
504.68,184.41
465,952
470.61,1218.1
481.77,875.19
470,371
476.97,409.13
470.36,844.5
472.74,1201.9
474.73,26.486
471.91,343.91
482.66,108.16
477.05,643.04
474.33,2.7778
475.41,445
478.43,368.7
508.45,539.14
483.33,52.149
477.74,680.81
478.57,780.43
483.35,492.37
482.03,792.65
517.15,823.5
481,1233
490.16,475.4
485.33,674.17
487.9,1028.7
501.94,1230.8
487.4,321.92
486.41,332.06
491.64,698.99
497.23,923
488.5,707
487,943
488.59,935.06
490.25,1167
501.88,14.245
506.96,394.2
496.44,643.83
493,561
494.62,259.97
518.36,655.97
496.92,958.92
505.66,1035.6
513.29,1156
500.36,694.5
501,1136.7
503.61,509.7
505.08,55
507.1,1203.3
509.34,888.66
507,67
509.66,785.7
521.82,958.86
510.32,992.61
514.57,769.23
517.76,912.68
528.19,1070.1
528.32,258.06
563.36,567.61
518.4,790.6
519,921.5
520,222
532.72,196.75
531.88,714.12
522.58,1015.1
526.3,1117.9
525.06,300.29
523,894.5
528.33,443.79
529.82,754.37
526,689
537.28,1209
527,1008.5
529.94,806.24
530.5,561
535.2,767.66
536.62,1148.5
543.63,6.5107
547.85,137.75
538.8,1005.4
538.56,674.42
539.92,904.45
545.02,965.45
537,611
542.06,444.32
543.97,734.63
539,239
558.66,1237.6
543,1189
546.11,249.56
546.6,1040.7
576.52,1141.5
551.46,638.11
556.07,676.51
553.75,1092.5
572.92,221.46
574.62,441.68
554.61,1062.3
552.6,1103.4
553.68,278.76
554.5,368.5
555.83,496.51
571.77,877.43
556.52,727.41
557.4,719.6
562.78,526.15
562.81,1187.9
561,206
562,634.5
561.51,159.91
563.69,1054.6
567.22,177.85
572.47,719.09
571.43,985.54
568.37,1219.5
566.41,260.06
569.62,665.33
582.74,1200.3
571.61,650.67
570.86,632.41
575.08,304.33
571,398
573,962
574.44,1040.2
572,264.5
578.45,758.66
576.93,816.03
578.14,583.14
580.84,139.27
584.29,865.5
581.5,1050
582.95,603.9
586.75,625.9
595.94,1244.1
584.56,115.61
585.57,257.07
589.95,936.15
589.66,330.1
584.29,418.43
655.99,154.26
589.35,769.49
600.43,1004
588.05,658.57
588,991
592.07,791.04
593.32,513.12
595.48,597.67
591,652
592.43,976.57
592.58,137.11
621.1,856.31
594,406
607.15,629.66
597.69,1223.4
597.18,253.88
598,402
600.78,208.66
600,793
603.09,74.088
604.62,1083
602.67,674.83
604.9,1020.8
611.41,476.08
613.39,1190
609.58,1072.2
608.6,747.33
609.42,780.56
616,245.07
611.77,676.79
608,1047
608.5,1055
610.16,1227.9
612.4,583.02
611.09,1099.1
610,1110
614.36,307.2
622.28,207.52
616.72,647.33
618.36,928.81
627.88,725.57
623.55,910.76
637.11,1219.1
625.98,894.53
620.5,1057.5
621.32,1107.1
628.53,1245.7
642.51,972.45
626.41,1050.2
635.78,1162.8
624.12,597.84
632.05,808
640.46,105.14
647.35,219.02
629.73,1120.2
631.16,922.76
641.38,368.61
649.37,568.83
648.02,422.39
634,617
646.43,1041.7
648.54,1084.4
643.43,918.47
640.11,473.94
639.31,449.61
640.34,1020.6
652.24,650.32
642.81,932.75
656.36,783.56
644.72,1005.7
645.5,466.5
645.96,603.56
652.07,679.49
648.82,830.64
648.85,335.23
652.38,309.69
654.9,505.06
666.45,848.16
660.78,930.35
654.84,122.54
660.52,752.95
699.54,65.684
658.86,168.23
658.45,318.68
664.04,533.33
658.88,263.35
659.14,355.86
659.36,635.32
659.5,1201
661.61,712.32
709.77,1212
663.71,1011
665.03,178.38
665.12,191.65
666.14,350
667.74,288.09
674.23,337.79
669.04,461.19
672.04,966.2
666,1201.5
670.9,1206.1
669.33,303
670.67,654.77
669,744
670.89,759.42
672.62,750.22
672.4,273.6
673,662
673.83,781.42
675.11,1128.6
677.91,710.52
675.9,769.12
678.81,225.46
687.19,414.4
676.5,947.5
682.95,608.39
693.27,553.05
702.13,886.09
680.58,1114.9
682.95,1099.6
682.5,309.5
682.82,797.09
682.67,941
684.69,257.75
685.79,356.21
694.67,777.88
685.68,1130.1
685.43,274.71
693.39,1166.9
685.67,688.17
709.99,1022
687.54,812.09
698.94,222.4
691.63,196.39
691.54,1068.8
691.82,283.27
696.69,693.19
690.85,790.65
691.43,1083.1
698.43,668.08
691.5,743.5
692.11,932.58
697.42,752.21
697.49,1092
695,209.5
716.74,345.05
696.06,948.59
712.23,173.59
725.89,426.06
701.54,733.19
699.5,943
702,682
702,1160
704.89,715.37
705,249
709.01,298.24
715.32,1065.7
734.7,251.31
709.26,1102.4
708.5,509.5
708,1057
711.4,229.96
712.94,1246.4
712.56,655.08
712.59,713.06
713,925.5
720.25,791.72
717.19,552.14
719.45,581.77
731.32,489.8
769.6,637.26
728.16,224.62
726.39,905.15
721,612.7
724.66,270.94
720.5,750
724.08,977.72
722,483
721.58,1246.1
723.41,962.07
724,475
726.62,701.17
726.92,550.08
727.48,946.37
728,932.5
733.06,512.73
731.72,607.47
739.09,1087.2
733.09,171.97
731.5,584.5
734,1052.3
739.96,16.209
735,555
734.5,858.5
736.91,1023.6
741.58,846.78
739.45,467.73
768.01,1035.1
746.53,762.51
741.93,531.64
741.4,830.4
744.61,776.55
743.5,499
750.67,694.84
745.78,172.67
755.13,319.79
744,626
752.54,889.26
758.86,456.06
745,544
766.45,534.77
750.4,1134.4
770.27,156.07
747.77,188.23
751.6,752.6
763.1,1151.8
775.68,1207.9
756.79,415.93
773.88,783.64
766.1,357.3
760.04,1187.5
759.85,1245.4
778.91,880.05
764.42,1117.8
766.05,333.09
772.16,1077.7
777.06,279.55
790.76,382.38
769,904
775.27,948.43
772.07,427.59
780.55,16.882
777.64,1241.9
778.38,251.45
779.89,430.83
816.86,1135.7
781.76,1168.8
780.5,54
782,526.5
785.56,812.66
787.97,1226.3
785,841
807.65,161.88
786,468.5
802.13,960.39
791.07,96.707
812.3,263.94
789,414
799.11,542
791.04,847.6
808.36,1242.6
796.78,193.02
795.71,921.24
795.44,935.73
793,973.5
795.41,400.06
798.3,1171.3
811.32,1207
803.22,50.825
798.07,110.14
798.65,477.68
805.85,508.63
798,1146.7
802.35,350.81
805.41,927.96
809.01,1051.3
805,1180
816.61,222.52
808.05,574.95
807,656.5
809.4,704.72
830.39,314.11
808.6,649.4
816.98,1111.1
811.74,114.65
814,442.46
818.45,477.4
847.82,830.67
817.62,1181.4
824.65,806.07
820.84,449.1
820.17,457
826.71,913.65
822.83,587.46
821,748
829.6,1046.6
831.19,1089.3
824.91,427.59
825.48,468.96
824,516.5
824.59,563.62
857.19,168.6
825.25,1002.2
837.75,538.32
828,356.17
830.45,994.55
829.08,1060.9
835.2,398
835.02,84.955
856.87,476.81
844.23,567.44
831.91,1174.9
834.37,411.29
832.4,603.4
832.6,608.6
849.43,884.56
835.88,749.69
835.28,988.31
835.87,1210.8
838.69,96.851
848.5,269.45
842.47,1201
852.04,630.69
849.62,691.43
841.73,202.65
841.5,413
841,934
844.18,1078.5
842.5,927.5
846.06,786.96
844.6,854.6
845.58,376.53
848.5,736.5
850.15,1062.4
853.42,71.05
850.1,755.92
853.91,918.5
854,912
857.08,931.32
859.48,1062.2
865.54,944.14
857.89,1193.6
861.42,750.11
878.72,1028.1
885.35,538.41
865.05,1129.9
877.6,1177.9
866.31,1187.8
869.46,904.33
868.92,285.5
881.42,416.23
891.96,1063.3
874.4,1206.5
872.4,588.85
870.12,69.075
870.6,751.4
872.6,914.73
878.84,1097
875.98,841.85
874.58,619.11
969.91,734.95
876.5,328.5
879.29,336.31
877,614
878.21,881.79
882.34,510.02
881.22,849.78
886.58,33.188
880.91,310.91
901,1140.7
882.75,387.75
885.3,666.42
889.03,451.13
886.44,276.04
902.07,282.71
899.46,639.23
892.09,153.32
886.5,832
889.16,1089.4
888.67,231.84
950.42,311.28
898.36,839.71
891.61,1042.2
897.87,664.05
909.47,970.67
896,440
901.53,765.98
897,1.5
898.11,121.42
898,311
899.22,464.44
908.33,240.52
899,1041
921.59,72.317
914.87,142.71
901,924.5
910.71,1016.9
902.77,623.23
903.6,682.6
904.67,289.17
959.51,481.57
933.61,595.01
918.73,672.45
962.73,387.03
911.16,604.03
910.52,910.44
914.32,214.46
914,526
914,727.33
914.44,229.08
918.75,747.76
917.08,121.86
915,1124
918.93,163.85
920.44,849.8
917.6,982.6
918,384
919,104
924.31,779.29
926.8,180.91
932.24,243.95
924.68,986.8
926,382.17
926.89,1080.6
929.11,487.42
969.13,1237.9
934.99,1011.7
934.96,1068.2
945.19,1144.5
936.17,654.67
936.58,197.89
936,1029.5
938.36,808.79
938.6,152.4
939.41,785.96
938.5,1058
949.82,934.8
943.88,216.3
940.94,512.41
942.43,2.6522
952.11,123
955.87,18.752
998.74,985.5
945.29,1178.9
944,540.5
948.4,650.05
953.16,253.08
949.03,1067.9
950.09,703.91
949,224
949,265
951.69,792.31
952.93,864.07
950.5,1214
963.08,688.81
952.44,42.08
953.5,444.5
956.16,451.82
954,537
955.45,597.04
979.58,929.93
965.61,76.297
956,224.75
958,1092.5
958,1203.5
961.83,553.39
961.62,980.2
970.51,1117.6
962,108.33
962.42,203.61
989.78,197.54
972.27,643.41
966.02,450.39
979.13,1065.9
971.26,888.91
966.5,416
968.24,160.97
967.9,199.05
971.3,865.91
969.89,509.5
974.5,536.19
975.4,573.85
979.52,612.23
973.86,723.97
985.63,1189.2
978.72,141.89
975.26,599.04
981.78,95.495
974,1144.5
995.3,30.754
978,434.5
982.32,455.46
1038.7,1168.8
985.67,552.26
981,63
988.95,410.39
991.16,844.88
985.95,1214.7
986.23,691.73
990.87,805.67
997.47,516.99
991,678.5
993.12,883.5
996.11,582.6
995.35,627.57
995,1088.1
996,661.92
995,893.25
999.25,79.276
996.56,641.56
997.78,683.41
999.42,493.51
999.75,867.15
1000,654.5
1005.5,432.97
1003.5,1243.5
1004.5,1097
1006,897.14
1011.1,44.718
1015.2,416
1008.8,850.02
1015.5,918.44
1007,1147
1030.9,191.6
1010.1,617.6
1022.9,1106.9
1020.9,626.51
1018.3,523.52
1027.4,274.12
1022.9,475.62
1022.2,1.9091
1021.5,16
1032.6,588.46
1022,10.5
1040.4,109.59
1022,378.5
1023.7,774.29
1023.6,861.92
1026.9,656.59
1026.3,940.83
1041.5,421.65
1034.9,42.198
1034.5,317.19
1040,926.81
1036,311.33
1036.3,463.84
1039,360.89
1039.6,518.29
1037.4,891.6
1044.5,233
1056.1,1062.4
1042.3,50.167
1055.6,373.14
1050.9,988.91
1044,67
1066.8,702.83
1048.8,1247.1
1050,548.1
1063.8,939.54
1052,286.8
1047.8,620.33
1047,1054
1055.7,335.76
1049.1,350.4
1047.9,488.87
1054.6,770.61
1049.5,65
1052.7,505.58
1057.8,641.56
1051.5,822
1056.8,681.43
1054.2,357
1058.1,184.37
1056.7,517.39
1063.1,58.823
1056.6,820.04
1058,785
1059.6,832.6
1061.2,500.75
1079.4,214.78
1090.5,536.9
1064.9,415.82
1122.5,254.66
1069.3,973.6
1073.5,129.98
1068.2,381.75
1071.7,78.698
1070.1,675.16
1073.8,165.21
1071.9,307.72
1076.4,1044.2
1079.7,1244.4
1093.3,1111.6
1078.7,948.75
1084.4,236.99
1085.2,431.94
1082.2,119.7
1079.7,639.71
1080.8,850.71
1081.7,103.71
1081.3,368.67
1084.4,974.56
1081.2,1062.9
1082.1,607.42
1084.4,999.45
1086,181.7
1089,421.29
1088.2,1029
1108.1,346.45
1093.8,399.75
1092.7,630.73
1093.2,592.78
1091.3,860.74
1134.2,1200.5
1091.2,107.67
1095.3,248.7
1092.2,774.7
1091.4,186.4
1092.8,477.23
1095,1141.8
1094.3,75.469
1109.3,90.631
1099,464.77
1101.8,788.47
1095,799.5
1096,622.5
1115.8,957.1
1109.4,118.53
1115.7,154.36
1099.8,611.53
1106.9,1247.2
1103.1,406.65
1108.2,738.06
1125.6,898.28
1104.4,995.74
1105.1,450.4
1111.3,396.36
1110.1,698.45
1108.7,633.29
1114.6,200.42
1116.5,655.71
1130,458.34
1115.1,596.66
1117.2,1097.1
1116,577.43
1118.9,626.78
1127.4,1062.6
1119.5,542.62
1117.4,1244.6
1126.3,710.18
1118,1039
1123.3,1033.7
1131.3,1151.4
1153.6,353.91
1125,249
1132.5,311.73
1141.9,101.42
1149.3,609.07
1156,45.021
1134.1,1021.3
1136.7,187.14
1133.9,979.59
1140.1,1135.9
1139.2,1240.9
1151.4,389.31
1146,1045.7
1185.8,1191.7
1156.9,683.69
1153.5,282.95
1150.4,1087.6
1153.5,980
1159.1,130.12
1153.9,933.87
1154.9,963.91
1171.4,830.15
1158,168.5
1179.1,918.75
1161,109.65
1161.5,999
1162.6,9.1053
1171.3,386.18
1168.9,639.88
1165,85
1166.5,965.85
1170.5,1054.9
1166.5,1089
1170.9,311.29
1207,128.9
1167,290
1172.5,1025.2
1168.4,1179.4
1169.5,994
1177.8,183.42
1176.8,541.85
1172.2,652.08
1181.3,988.17
1178.7,948.1
1179.1,238.59
1179.6,961.22
1180.8,229
1181.1,1012.1
1193.3,1126.8
1182,113
1186.7,524.21
1184.9,1104.5
1184.4,49.059
1186.2,686.59
1209,395.45
1186.5,637.5
1194.9,452.16
1190,509.02
1187.2,1114
1190.5,217.25
1187,228
1188.9,720.3
1189.3,963.38
1192,1246.9
1191,815
1195,483
1197.7,646.1
1194,970
1210.3,1024.6
1202.1,624.32
1202.1,326.58
1205.3,668.12
1200.3,11.25
1204.1,604.3
1201.6,47.5
1203.7,969.17
1210.3,576.16
1206.2,423.88
1207.6,186.06
1216.3,714.34
1209.8,779.17
1217.4,879.33
1218,1198.1
1210.6,28.895
1214.7,969.07
1213.2,1228.4
1212.5,325
1211,351
1219.8,1114
1214.5,143.45
1213.4,355.4
1215.2,957.21
1216,630.58
1217.7,570.12
1225,829.32
1236.3,625.98
1222.4,179.6
1233,549.44
1231.5,132.21
1232.1,285.14
1228.2,979.78
1228.7,941.19
1237.8,14.093
1235.9,1135.2
1241,737.9
1234.7,242.35
1234.7,1116.1
1235.5,429
1238.4,1170.1
1239.8,417.58
1241.4,924.21
1239.3,1037.4
1239.5,405
1242.6,497.36
1244.7,158.4
1244.2,332.6
1243,971.82
1245.1,34.632
1242.3,45.688
1244.7,291.57
1245.4,819.55
1245.6,109.31
1245.8,792.08
1246.3,513.79
1246.3,1041.4
1246.6,4.8788
1247.1,413.25
1247.2,904.24
