3.6804,7.4124
27.417,199.56
5.6842,223.03
2.6863,318.14
3.9864,446.46
23.253,806.3
18.915,877.43
5.6502,969.32
14.271,1182.4
4.5294,1266.4
13.542,372.3
6.6129,691.45
4.8947,711.42
11.327,917.69
20.35,1049.3
17.296,697.89
23.947,508.35
13.1,762.25
38.024,280.36
17.784,167.49
38.509,323.6
27.22,65.027
19.4,904.4
49.618,1064.5
27.18,8.8721
34.158,410.13
30.5,261
37.521,1111.6
41.362,21.569
39.241,550.48
41.891,698.44
37,1285
52.385,1088.8
45.606,151.39
42.064,1280.4
55.111,493.39
59.81,741.89
54.414,406.42
55.25,1107.2
56.68,1014.4
56,1036
70.496,8.6375
62.8,338.27
68.01,509.56
70.207,849.6
65,203
70,925
87.774,700.8
89.217,188.92
77.067,261.07
87.605,301.73
77,714.5
84.619,1012.5
88.174,504.63
88.447,752.01
95.033,263.5
90.914,363.36
100.18,838.53
94.458,1128.2
100.03,404.97
113.7,738.14
105.73,1169.1
100.63,1303.5
109.16,1284.9
108.62,1311.2
110.78,253.77
114.66,368.7
132.8,417.81
146,712.08
112.42,278.87
120.98,9.4327
113.89,229.8
113.7,983.62
128.73,160.07
125.21,1182.2
123,1169
124.58,683.96
136.85,860.91
140.44,307.16
145.46,207.64
127.95,764.66
126.73,883.48
132.53,1031.5
184.13,1198.1
127.11,1271.1
127,328
138.72,568.63
131.94,968.72
136.86,360.68
131.92,1209.7
143.01,1264.9
150.94,140.29
158.63,445.97
154.41,249.22
145.5,235.14
161.43,1106.9
146,892.5
156.45,1276.4
187.3,510.03
154.59,854.47
188.48,358.08
166.56,863.88
163.08,840.41
166.7,392.76
170.53,886.6
169.6,1205.3
196.28,187.66
177.93,553.03
176.8,652.88
183.25,398.74
176,1093
192.71,240.44
245.91,296.71
183.81,1090.8
188.8,635.38
205.21,458.45
189.62,863.29
191.47,738.87
196.53,437.8
200.75,893.47
195.56,693.03
200.35,863.51
230.85,564.16
202.93,846.37
206.58,708.71
207.72,394.75
221.44,1012.5
208,882.5
249.83,660.79
238.18,831.15
248.1,761.28
257.93,712.41
366.77,346.09
261.7,1221.7
233.03,523.42
223.43,1039.2
231,1100.1
229.02,877.77
231.5,433.5
236.88,183.31
234.48,427.6
257.72,960.87
239.2,1068.2
241.79,898.67
248.81,950.32
249.97,1083
274.98,220.09
258.5,774.68
283.91,1265.6
261,1144.5
263,133
294.49,1051.1
264,246.67
267.12,1187.2
267.45,1007.2
272.03,914.09
271.5,767.5
279.43,1018.3
275.85,973.23
276.07,989.39
279.44,132.33
299.71,300.6
290.69,1105
301.4,181.98
308.57,135.42
317.42,923.09
315.49,830.28
286.82,986.4
286.4,1140.4
295.29,709.6
296.5,348.1
299.43,368.31
297.39,1235.8
372.98,1222.2
298,1243
301.17,1010.7
303,1244.5
324.79,774.96
307,1029.5
309.5,962.5
350.03,144.72
323.75,975.95
324.48,339.5
325,351
331.32,654.08
329.69,639.97
337.45,1098.9
348.77,702.6
338.21,932.77
338.88,193.23
338.32,738.36
339.08,1264.4
346.9,442.97
346.86,1329.2
382.82,834.08
369.77,91.654
363.13,971.63
366.07,1144.1
364.54,1064.4
372.12,1290.1
367.63,1327.2
365.24,281.31
360.19,636.37
360,171.5
362,198
367.68,433.46
368.35,187.38
363.57,1249.6
366.61,1262.4
372.71,166.37
376.09,775.76
394.48,609.87
389.17,1011.4
447.71,161.76
390.67,394.52
547.73,696.35
389.18,857.35
383.6,429.25
382.78,979.86
386.47,1118
385.55,1316.6
389.88,1167.9
396.86,1060.9
392.5,982.5
393.57,1196.6
439.01,1141
398.49,1188.1
408.05,108.19
401.99,1244.4
418.76,431.69
430.25,1219.7
431.01,234.8
422.68,953.09
406.5,1040
410.39,863.04
411.64,913.08
415,1176.9
411.93,326.11
424.96,1061.7
414.67,88
413.4,1028.6
448.79,32.839
419.14,1319
463.68,667.94
430.17,983.26
433.02,1187.3
594.42,365.83
426.68,369.82
424.89,393.58
450.08,862.38
426,6
439.69,4.2208
431.63,1244.5
439.81,891.48
439.91,667.73
440.27,992.08
450.25,1013.1
444.24,1323.5
446.16,430.48
450.82,1288.9
719.93,729.45
469.1,838.03
453.4,932.6
457.04,301.39
468.72,540.52
458.1,1076
460.58,928.58
476.61,210.69
460.25,384.75
490.1,934.13
463.57,567.28
466.74,1132.1
462,996
468.09,297.75
468,877
565.96,1298
475.85,623.83
482.35,610.09
527.72,556.55
486.65,886.75
489.04,266.51
492,1094.8
500.8,1271.5
539.04,1185.8
494.56,699.38
514.7,806.91
502.12,8.7978
504.2,276.34
505.33,1161.8
512.22,35.074
515.56,274.13
551.76,957.03
530.23,155.64
527.33,262.02
527.47,640.51
560.41,12.311
527.05,483.64
531.56,920.07
536.84,250.06
549.02,191.81
557.51,1221.1
548.04,1058.6
576.11,1029
555.48,499.71
554.64,112.3
564.82,1103.3
560.23,823.78
560.69,1156
563.05,127.19
564.57,75.308
568.12,1065.1
564.52,391.09
573.21,856.54
573.41,103.54
570.63,1135.7
584.65,447.85
593.36,809.54
618.99,834.28
580.57,237.43
581.32,525.58
584.28,250.55
633.99,192.27
588.92,426
591.84,1104.1
590.92,1003.6
608.95,1145.3
595.74,332.19
603.84,80.263
635.59,137.13
604.62,70.692
609.02,561.23
625.61,29.309
625.85,1038.5
613.28,1002.8
613,15
618.74,1235.6
621.27,1302.4
672.96,264.62
639.14,534.34
627.89,670.03
635.6,954.42
630.41,594.09
637.19,897.09
638.81,60.81
667.26,541.71
640.43,696.71
643.6,1104.2
643.75,1300.1
681.02,447.04
707.54,1169.2
649.46,1054
656.93,431.71
662.55,976.23
671.6,58.497
655.06,992.42
681.72,1255.2
658.33,677.36
665.96,787.54
671.92,892.51
657,3
658.97,951.99
666.15,27.361
662.76,627.33
675.45,1141.2
663.93,1044.8
681.97,766.28
673.23,104.97
671.59,332.51
677.28,239.72
679.56,87.14
679.66,927.56
681.48,1094.4
688.05,475.7
687.89,1152.1
682.33,984.83
686.03,1013.9
690.83,1104.5
691.4,16.35
794.59,1054.4
691.53,1292.6
716.3,462.78
743.48,580.42
748.48,1223.5
728.81,493.01
702.25,176.89
709.19,1083.6
703.03,105.97
698.89,807.65
703.25,1.875
714.56,87.21
705.05,872.14
711.63,1202.6
712.43,33.243
713.21,770.68
732.46,47.463
717.91,1329.1
738.34,11.333
714.97,952.92
719.79,1050.7
730.74,1118.7
723.41,105.97
733.69,158.52
718,1017.5
729.06,437.08
725,763
727.41,784.09
793.34,886.01
755.33,1327.5
733.98,135.11
736.42,189.14
733.97,619.34
739.41,639.94
736.89,73.457
750.65,302.38
745.43,68.952
751,351.35
752.58,50.415
763.68,497.81
755.42,189.47
757.4,674.1
766.25,1113.2
759.3,604.73
772.35,930.35
782.93,969.92
761.67,165.17
848.65,606.96
773.31,319.09
767.41,419.93
771.68,1212.4
785.59,53.15
794.59,192.83
787.64,248.66
786.85,1037.7
782.45,1223.1
783.07,214.56
817.43,278.67
787.43,88.98
786.5,860.63
819.62,1242.6
792.85,1185.4
800.76,827.71
799.51,1292.1
795,280
804,369.54
803.3,799.85
812.52,872.35
802,18.5
814.46,4.863
807,215
838.1,336.48
847.23,1282.5
836.08,494.15
814,14.5
828.33,438.54
823.16,560.63
898.98,773.39
825.64,973.73
839.07,1328.8
833.58,648.4
848.04,295.38
828.09,149.34
825,874
851.93,833.43
839.48,5.3458
834,215
835.14,825.14
854.18,990.1
839.43,872.96
841.64,214.47
840,1317
853.85,541.75
921.94,191.89
867.6,1168.1
876.13,377.45
856.65,625.98
867.82,884.47
868.58,631.95
869.19,795.16
874.01,309.43
871.74,1071.3
885.69,674.24
901.25,711.72
879.55,321.17
878.77,974.1
915.06,263.46
880.87,938.22
984.28,521.35
967.81,995.32
886.24,418.95
924.15,1056.6
886.35,1071.7
902.26,1192.3
906.03,1098.6
894.4,1150.6
909.41,314.52
900,838.5
919.98,1326
904.9,369.24
907.38,450.98
910.5,131
960.06,1284.7
915.5,786.5
922.56,1239.6
921.22,1188.2
922.22,477.38
931.75,884.35
962.68,1137.4
932,998.25
936.71,672.9
937.29,1124.3
937.81,1006.9
943.37,477.14
939.29,894.97
943.61,1099
944,1132
961.38,652.54
945.5,1168
974.61,601.08
951.52,55.776
949.6,302.4
957.58,1083.2
1001.1,418.58
978.51,1180
979.54,572.65
961.13,1005.4
968.25,683.26
970.5,920.27
965.29,710.55
974.15,1103.1
973.22,473.57
1008.9,847.94
971.1,33.71
981.39,1312.4
1034.7,303.94
979.81,758.96
993.27,24.976
981,693
1022.6,473.86
1015.9,902.17
1020,731.17
1001.7,1100.2
1040.7,1214
1024.5,123.33
1009.6,498.7
1013.4,1020.9
1015.7,1288.5
1059.2,811.45
1059.6,91.641
1024.2,645.5
1025.8,997.89
1026.1,159.46
1030.9,589.07
1034.8,778.99
1031.9,276.84
1037.1,664.85
1045,499.5
1069,1302.4
1052.4,672.28
1050.4,264.4
1058.9,782.58
1097.1,688.51
1076.2,642.97
1071.5,187.78
1151.1,866.07
1058,979.88
1087.9,767.01
1089.1,213.8
1084.5,792
1085.4,1018.6
1087.9,28.143
1093.9,1311.2
1092.1,99.588
1096.6,787.51
1096.2,991.27
1162.1,1109.4
1156.3,1228.9
1098.4,13.75
1098.9,137.66
1097.5,239.5
1109.9,1016.4
1103.7,655.67
1105.3,543.14
1108.4,447.22
1105.6,1191.2
1111,255.02
1145.4,791.71
1113.3,159.12
1117,1319.4
1120.8,187.45
1118.1,752.92
1129.2,1218.6
1125.8,441.12
1130.6,209.73
1129,457.11
1137.2,237.36
1146.6,650.42
1163.8,685.04
1156.2,1004.6
1140.1,65.511
1149.3,175.72
1146.5,595.5
1157.7,376.73
1163,940.54
1172.5,416.95
1175.7,573.21
1167.5,47.565
1181.9,1319.9
1187.8,1089.6
1173,711.07
1177.9,1037.3
1185.4,725.06
1182.9,1158.5
1183.6,804.46
1180.5,820
1193.5,677.57
1206.6,767.71
1191.5,536.74
1200.9,953.45
1255.2,511.95
1271.3,802
1195.6,1331.2
1201.3,1161.5
1253.3,985.83
1207.3,8.3556
1207.4,113.44
1255.9,712.73
1219.7,329.39
1220.3,640.62
1224.9,1097.5
1222,624
1237,1264.9
1248.6,612.83
1253.2,330.71
1247.8,637.46
1237.6,867.06
1269.1,351.22
1281.9,437.87
1246.5,1051.5
1259,1198
1279.2,656.56
1249.3,1328
1282.8,886.39
1258.5,844.9
1258.9,1294.5
1294.4,1113.3
1269.5,410.59
1286.6,599.76
1304.6,1012.9
1281.7,843.47
1281.7,1200
1286,1034
1291.9,1144.1
1311.1,367.52
1304.5,1183.4
1318.8,726.4
1301,549
1314.2,452.9
1304,766
1310.3,1034
1315.4,1050.3
1322.6,607
1319.9,1234.2
1328.7,688.68
1328.1,259.96
1328.6,310.79
1327.5,1243.6
1327.4,435.27
1328.9,808.82
1329,662.84
1328.4,1086.1
1329.4,412.64
1329.1,926.94
1330.3,1185.9
1330.3,1282
