4.8452,44.488
5.6759,152.03
10.245,295.21
3.2647,437.15
2.3611,639.28
1.5,1239.5
4.0741,478.41
8.8358,1007.9
5.6562,833.47
9.306,1100.2
6.3958,83.021
8.4528,719.64
17.842,954.06
15.459,1054.8
15.593,1155.9
17,1066
30.274,356.19
22.312,783.05
21.571,228.43
25.205,619.41
26.917,38.5
26.432,1018.4
32.932,203.07
34.135,250.12
34.085,313.33
36.419,988.41
39.846,1177.1
39.292,767.65
50.043,406.54
43.23,740.97
41.578,816.04
50.236,851.86
43.574,931.09
42.5,724
42.875,1236.4
43.227,481.91
47.248,225.75
48.379,805.99
45.5,1148
47.538,141.15
51.865,68.622
56.196,548.42
52.762,52.968
54.211,128.16
56.088,497.91
52.109,518.06
52.689,1124.2
54.963,467.76
55.768,958.77
59.008,288.67
56.067,430.93
58.423,266.88
61.095,438.69
56.846,794.54
60.909,1042.9
64.506,240.99
64.263,840.24
65.091,757.09
67,951.75
69.074,726.41
71.864,82.441
79.768,692.67
79.377,304.45
71.5,840
77.637,1200.9
74.429,609.97
74.074,1038.6
75.25,1112.2
81.5,860.62
83.5,123
87.865,1079.5
88,2.6078
83.909,601.91
83.333,803.83
86.611,403.86
86.205,845.26
92.151,91.223
88.712,813.88
94.225,856.23
100.43,771.8
97.556,948.22
98.6,716.4
101.82,249.87
101,894.5
106.07,702.24
101.96,869.04
102.56,1182.9
105.14,747.57
104.4,720.6
110.05,619.08
108.7,88.303
108.07,503.59
110.77,215.46
112.97,292.71
114.99,818.96
116.62,583.88
119.09,874.2
121.66,41.462
118.19,1116.1
122.92,352.69
122.55,925.5
121.83,1243.6
122.91,456.25
134.62,228.67
122.57,950.05
123.42,139.11
124.61,807
132.46,1170.1
137.5,1072.1
135.2,1213.7
133.76,780.81
135.07,261.59
137.28,289.91
139.43,63.626
137.2,352.14
137.61,665.98
144.97,1031.5
144.55,546.73
142,162.5
142.6,910.64
142.58,1200.9
144.53,374.85
145,832.25
146,85.6
150,1137
154.23,867.6
157.34,705.39
155.84,243
155,423
156.5,750
157.38,121.6
156.93,934.59
158.77,1084.2
162.04,548.08
164.67,230.38
162.69,590.09
163.92,87.44
165.51,257.57
172.63,50.026
166.22,808.36
166.5,486
169.02,1024.6
180.19,766.34
181.17,805.62
180.59,35.609
178.5,592
186.27,988.46
185.4,841.05
182.93,971.96
185.07,8.5556
187.28,240.83
188.46,509.22
191.67,736.35
191.96,85.644
190,108
192.92,401.84
196.45,1172.6
194.77,1018.6
196,1125.5
197.22,431.44
200.45,295.94
204.73,889
202.06,631.45
202.77,1077.1
203.61,823.39
207.53,225.44
207.83,1222.5
206.25,747.16
209.6,849.27
206.14,946.43
208.81,694.07
209.19,1142.1
212.66,142.09
215.2,209.98
211.53,1095.3
217.02,129.79
218.53,343.07
212.83,412
220.5,102.51
219.62,1204.2
220.74,30.564
221.78,1057.3
219.14,8.1429
225.67,570.52
229.31,1035.2
224.62,1122.5
228.43,241.18
226.69,260.91
238.65,432.14
227.79,805.76
231.09,603.07
232.59,532.71
229.2,669
231.62,156.13
235.03,336.58
231,519.5
230.62,788.15
231.75,182.61
231.68,208.95
232,96.5
236.16,25.029
235.65,555.09
235.56,639.33
237.09,855.28
238.9,1129.4
243.23,1200.3
240.72,606.03
246.75,366.06
244.5,300.5
246.47,343
244,356
246.73,1047.6
257.22,909.75
250.38,723.55
251.81,870.31
250.5,1232.6
255.69,103.75
251.5,91
256.35,500.3
255.26,570.69
258.29,1077.3
257.55,292.09
263.99,1133.3
260.95,997.77
262.94,54.025
259.78,1167.4
261.45,361.13
262.06,741.91
264.38,486.62
267.5,690.15
268.98,462.88
271.5,702.74
270.28,947.17
273.27,138.07
273.56,1166.3
273.86,345.88
277.89,730.86
274.76,1063
279.7,908.9
276,1137
280.69,477.59
279.55,386.31
279.07,563.59
282.18,924.69
285.63,405.47
292.95,1035.2
282.16,203.8
287.46,704.75
288.15,118.21
285.21,442.94
292.25,885.71
290.42,259.03
287.59,1180.5
288.42,1226.8
292.09,336.1
296.81,24.764
292.5,68.5
306.01,431.33
302.5,822.59
300.45,148.29
301.27,1078.3
304.5,116.48
304.37,691.63
308.43,755.05
307.64,145.94
317.73,554.58
309.93,804.59
310.5,978
312.37,200.63
314.38,314.38
317.05,236.45
316.06,837.04
318.4,344.1
318.25,284.92
317.5,433
320.22,1242.1
326.6,940.48
327.69,472.69
331.21,1169.7
335.7,719.66
339.55,56.356
334.69,489.17
339.68,165.78
351.12,410.59
342.38,234.3
343.23,1097
350.83,1242.8
346.57,1162.5
352.59,1015
352.58,1213.1
353.04,295.31
354.13,838.59
355.96,886.02
356.56,1076.4
353.81,813.26
353.8,980.56
359.8,96.534
359.87,594.77
358.69,31.097
358.94,272.89
358.34,379.94
364.96,919.09
360.69,735.27
361.13,709.13
361.71,997.6
364.66,252.81
365.45,1230.1
364.93,1067
366.38,67.951
366.67,952.64
367.2,605.5
371.65,845.36
369.34,904.32
368.14,355.76
372.87,448.8
373.77,426.43
371.64,542.06
374.71,590.66
377.77,981.28
373.59,1103.4
372.43,328.39
374.04,812.58
377.74,612.4
378.29,1074.5
377.41,972.06
382.44,1244.4
380.38,4
385.79,549.51
393.7,710.15
383.6,206.89
385.35,661.22
385.55,577.94
385.69,732.91
387.07,1114.1
388.4,683.52
388.97,922.42
390.61,938.86
395.21,692.75
397.26,460.6
398.15,609.95
399.9,1236
399.22,302.79
397.86,851.44
398.76,1202.1
398.34,786.85
396.33,889.83
397.45,1170.8
398.07,1212.4
398.83,51
399.78,529.62
401.45,1073
400.91,400.91
407.18,30.703
413.51,371.8
407.69,875.49
405.15,1171.5
407.17,194.04
408.3,1031.2
409.45,315.71
413.99,165.06
412.97,423.69
414.64,133.66
412.41,213.41
413.07,267.05
413.59,728.39
415.71,1015
414.64,1179.6
416.89,542.9
417.22,107.22
420.36,1121.8
416.86,885.14
420.75,3.6716
420.74,288.9
421.01,749.36
419.11,821.42
421.27,40.8
421.62,1158.9
422,188.75
421,1094
426.74,499.83
422,888.5
426.88,523.75
431.5,162.47
428.5,446.41
427.37,1034
430.92,1173.3
431.93,925.2
434.81,964.79
432.66,341.53
432.05,1076.5
432.87,1194.7
437.34,733.87
435.96,79.407
449.47,803.31
438.2,202
439.4,1035.6
438.41,1083.8
443.58,873.94
442.2,232.2
443.83,287.28
441.42,420.94
443.6,1222.3
442,702.82
444.79,568.76
445,458.5
446.06,1196.1
446.56,210.05
446.8,934.68
454.43,138.36
449,522.5
450.04,1050.8
459.43,506.02
456.18,784.71
453.16,57.804
455.56,324.93
458.69,312.5
457,492.32
459.82,1179
460.42,171.2
458.53,412.47
468.62,735.81
462.46,220.49
459.88,202.35
460.55,1212.3
461.33,1224.3
470.1,765.97
461.59,1034.1
463.16,568.76
466.43,144.03
469.61,970.52
474,1050.1
469.11,187.86
468.82,868.62
474.13,345.7
470.44,540
474.5,226.01
475.26,1208.3
478.9,433.43
482.49,1127.6
474.83,285
476.42,113.89
483.43,1014.3
480.23,1078.5
480.15,326.12
479.68,789.93
477.92,863.92
483.29,388.75
482.97,581.18
490.4,890.53
493.19,1237.5
484.18,484.8
484.23,958.17
487.14,1058.8
485.86,122.86
490,1090.3
491.1,346.7
490.7,497.53
489.61,1162.9
491.03,464.52
489.5,853
490.37,62.633
490.09,129.5
491.68,788.95
492.44,405.56
498,4.587
494,524
494,1208.5
497.01,380.71
500.74,253.63
498.88,415.64
501.29,735.47
502.78,1166.1
501.95,1185.3
502,214.5
508,114.29
504.61,682.81
507.4,1001.8
506.42,486.55
509.72,770.12
509.94,402.06
509,601
513.83,942.22
510.46,1128.9
513.96,531.6
512.8,831
512,1080
519.61,10.206
514,677.5
518.06,34.416
519.94,206.83
519.8,325.09
519.83,686.79
521.88,52
523.5,386.79
526.98,514.29
523.57,617.61
528.56,583.5
529.32,1095.4
530.1,715.9
529.65,538.73
535.46,799.68
534,1050.5
537.84,352.85
539.05,839.2
542.99,761.07
545.66,311.51
540.26,1107.1
539.53,1121.7
540.5,409.22
541.6,1091
541.3,1134.7
543.94,1208.9
543.8,910.21
542.07,11.233
542.93,815.93
546.38,825.79
547.89,96.133
545.5,537.5
551.31,974.63
556.13,27.271
556.13,113.52
549.96,194.64
551.55,268.24
548.31,564.55
550.05,849.39
548.5,450
550.83,1238.6
555.95,1104.3
553.11,182.09
553.91,429.43
557.65,1173.3
558.23,378.17
562.32,131.64
560.06,745.91
563.29,1075.2
567.97,698.77
568.94,848.53
566.27,202.94
569.16,500.84
569.12,476.65
569.93,968.44
569.69,46.884
569.7,74.391
572.72,1114.2
570,1152
572.36,320.4
577.37,778.86
579.08,550.91
573.62,675
573.99,911.65
577.82,278.33
576.02,606.19
576,153
580.23,404.35
577.5,939
581.19,293.81
585.12,1152.4
585.03,63.267
584.47,1177.7
595.1,36.317
586.77,387.16
592.42,792.11
592.11,210.29
592.63,986.18
590.13,868.82
589.5,1095.5
592.34,73.375
592.63,608.63
593,944.35
595.91,886.91
600.42,834.03
601.7,908.06
599.09,1083.1
600.5,965.5
602.86,1190.3
602.78,152.62
602,402.17
604.27,132.2
604.8,872.44
607.07,718.95
609.69,1096.3
609.41,731.48
610.46,1206.1
610.58,402.89
611.5,780.88
612.69,21.357
616.48,185.32
616.54,607.95
615.56,347.2
620.72,212.88
616.07,393.63
615.92,525.46
615.86,1078.5
629.79,799.22
621.36,1138.2
620.16,85.842
621.2,710.61
623.37,451.6
625.44,855.07
625.33,1121.8
623.71,20.25
628.15,638.11
625.58,835.9
624.09,164.91
626.84,310.54
628.89,670.87
626.68,1202.6
632.96,1075.4
630.77,238.72
631.93,563.89
632.76,351.86
632.54,460.67
632.33,1239.1
632.8,1154.8
634.47,6.1525
637.59,263.75
634.58,845.89
640.12,878.35
642.7,312.61
638.48,732.17
643.33,204.4
645.04,1174.2
642.07,840.59
644.91,418.09
653.69,353.94
647.39,581.61
647.5,692.5
649.53,17.759
647.95,96.048
654.38,771.87
649.59,1235
650.99,177.08
648.79,707.62
649.5,161.5
652.1,905.41
654.5,1026.1
657.09,1138.1
656.28,989.48
659.17,597.38
660.56,474.05
666.29,1049.1
657.84,1168.4
659,204.7
660,787.5
660.71,1087.7
663.51,488.44
662.55,377.56
678.92,944.84
666.32,1031.3
662.33,9.8333
668.36,220.11
668.01,520.17
665.57,614.05
668.11,1076
669.48,880.42
671.26,206.22
673.86,537.44
682.46,811.77
674.72,1174.6
678.16,652.31
673.42,1233.9
677.49,193.4
677.61,1068.9
678.66,138.92
690.93,569.68
682.38,902.69
681.28,922.34
681,428
683.09,875.4
682,1137.5
683.07,476.19
683.96,250.31
683.92,1216.5
684.94,39.704
683.5,679.5
684.5,98
685,953.5
687.4,64.4
687.5,114.5
690.19,303.91
690.04,15.115
692.85,886.03
691.41,907.59
697.82,1160.6
693.57,1242.1
693.93,752.41
695.5,1050.5
699.54,1196.2
697.92,1082.2
698.63,1221.7
705.55,372.4
700.33,717.99
700.08,636.08
701.99,959.44
704.84,996.74
704.56,597.58
704.98,346.41
703.32,936
704.34,65.314
705.12,816.65
704.36,1037.5
706.94,520.52
711.07,466.31
710.19,985.62
713.59,323.23
715.14,1099.2
716.13,1173.5
719.34,883
720.37,927.43
716.58,1200.6
722.99,993.57
718,946
718.7,1076.4
719.63,736.63
721.46,132.66
722.26,1221.2
725.39,420.34
726.43,618.73
721.07,1031.4
721.93,968.41
724,900.69
728.65,207.9
726.94,850.46
728.16,339.79
727.69,363.56
728.05,1107.2
730.34,1076.8
730.75,1175.2
731.94,821.43
738.18,168.29
735.11,247.42
735.42,385.55
737.69,486.94
736,890.5
741.64,791.72
739.72,659.12
743.79,854.65
746.65,7.2847
744.78,328.71
745.19,367.86
744.38,451.97
745.71,818.55
743.87,1225.2
747.96,1032.7
751.62,978.6
748.86,779
749.91,1137.9
753.54,485.41
760.43,830.02
752.32,1164.6
757.21,435.95
754.45,695.67
753.58,765.32
753,644.5
758.53,49.471
763.94,137.88
755.91,365.09
756.11,942.58
760.71,303.37
757.41,667.93
759.24,873
761.3,567.2
762.75,102.08
762,613.5
763.77,525.77
763.91,798.09
767.86,484.35
767.5,889
767.88,1180.3
768.86,645.5
772.25,566.1
772.04,856.57
771,324.5
773.96,993.12
774.86,1244.2
773.58,41.105
776.54,704.71
774.47,843.79
778.95,635.92
779.52,669.87
779.92,930.08
777.39,943.86
779.56,373.62
781.24,166.46
783.26,1183.3
786.4,117.26
783.5,718
788.08,1079.9
787.74,1127.3
790.31,334.2
789.99,353.14
788.05,911.28
793.55,783.97
790.74,583.19
792.63,15.633
793.61,269.61
799.61,471.48
795.5,1227.3
797.98,60.019
799.16,91.747
799.2,1038.3
798.5,7.1429
801.02,434.44
798.14,574.86
802.16,202.68
801.07,1056.4
803.24,162.33
810.37,176.85
805.38,235.93
808.94,45.742
807.59,310.07
810.2,289.8
810.83,487.83
810.74,504.08
811.5,367.64
814.24,1016.1
817.6,967.17
816.42,595.68
817.94,467.16
821.24,546.43
816.14,757.14
818.26,1170.9
818.61,441.14
818,897.32
820.99,1061.3
830.48,374.72
831.85,169.02
836.45,861.43
832.61,196.31
834.9,697
839.46,503.33
840.95,721.13
841.72,260.98
840.09,804.09
840.93,761.44
841.6,293.6
845.91,388.17
847.71,426.36
843.58,493.89
844.29,879.29
848.63,7.7538
851.43,696.52
849.64,1049.1
853.41,137.5
855.16,636.53
850.71,1128.3
853.87,48.07
853.6,276.66
850.5,867.5
854.09,1201.5
854.82,1027.3
860.15,1230.4
859.03,90.595
858.56,102.25
858.31,845.08
859.39,202.67
859.05,256.46
858.29,923.45
867.87,396.53
860.64,806.33
863.68,970.13
866,1002.5
866.67,1135.2
866.3,692.8
867.96,111.9
870.45,575.64
871.45,320.55
867.35,662.4
877.97,464.01
875.56,518.47
874.62,175.12
877.02,292.36
878.62,947.82
879.07,892.05
882.92,103.06
880.81,258
879.62,1246.7
886.28,666.4
881.82,1000
885.03,51.444
883.93,932.77
885.87,1183.7
887.14,4.0115
885.59,483.41
886.37,754.37
885.42,856.11
889.07,869.05
889.98,795.43
890.93,266.07
890.5,1062.9
894.18,592.5
892.96,612.4
893.35,831
895.72,897.44
897.07,982.29
903.41,8.1761
898.56,201.46
898.35,648.07
903.67,310.61
899.66,1038.9
899.82,625.24
908.55,744.41
911.15,52.2
912.69,614.71
910.42,77.105
911.58,930.04
914.65,497.83
921.35,685.61
914.18,768.1
913.8,780.14
914.94,835.49
917.37,1136.7
914.67,1235.6
913.86,726.14
919,920.05
919.54,375.76
919.5,590
919.74,1163.6
920.89,699.63
926.17,423.87
926.22,899.44
928.64,646.83
927.7,775.99
928.61,871.54
927.85,447.21
929.96,568.85
933.34,1027.6
928.5,550.5
936.79,980.65
933.42,213.65
934.18,1206.9
935.24,74.576
934.98,307.62
936.75,612
937.42,272.19
941.31,8.9023
939.93,1112.1
938.54,29.415
939.83,157.3
939.12,728.35
946.13,868.39
941.73,894.47
950.76,387.23
939.66,542.01
940.5,782.5
961.7,767.15
947.38,307.37
945.51,330.05
953.62,93.74
946.61,953.04
951.1,578.56
951.22,640.4
952.97,230.43
956.96,1057.6
966.81,1233.7
960.34,34.623
957.06,800.07
958.58,3.4444
965.24,272.34
957.08,1143.9
960.36,722.61
960.4,1112.2
963.4,433.09
964.09,610.24
966.18,837.44
966.1,857.76
962.59,999.93
973.85,630.15
968.17,377.23
967.6,1028.6
978.72,591.8
976.39,736.12
973.65,404.05
972.5,567.5
971.91,669.09
973.88,691.53
976,934.08
976.31,510.54
974.94,222.53
975.02,815.08
979.58,716.4
981.68,1015
978.5,1135.5
979.9,1204.7
992.89,1044.1
988.14,892.29
983.56,14.745
985.83,138.37
987.7,556.43
986.32,677.5
989.98,1095.5
988.61,214.7
985.92,300.56
988.04,42.333
987.77,68.574
989.24,191.29
992.76,369.46
990.88,528.14
992.45,5.6622
991.24,1077.2
994.61,1161
997.21,397.04
993.59,783.5
993.53,1009.5
994.6,965.4
995.5,1117.6
997.45,1176
997.72,317.92
999.53,38.467
999.65,140.06
1000.8,788.5
1000.6,872.84
1004.9,584.33
1002.3,975.61
1005.5,957.31
1006,675.04
1003.7,889.17
1010.2,122.9
1004,373
1005.1,625.5
1007.2,1194.7
1008.1,265.28
1009.4,497.15
1010.5,469.47
1010.5,786.05
1015.5,427.57
1011.7,1111.2
1019.4,610.31
1014,719.5
1013.5,1206.1
1015.4,218.6
1015.1,238.53
1016.4,930.35
1018.7,1030.1
1021.3,69.943
1022.5,709.65
1028.9,1102.1
1029.4,211.3
1032.1,343.19
1028.8,686.82
1028.5,858.14
1033.3,414.21
1033.3,170.74
1035.2,891.82
1043.1,988.42
1035.8,473.48
1043.6,585.31
1034.7,723.09
1033.5,1190
1040.8,280.34
1036.5,768.44
1037.5,1220.9
1037.7,1059.2
1039.5,87.642
1038.6,863.58
1042.5,76.569
1037.4,662.18
1049.1,642.28
1048.5,625.63
1049.2,337.28
1048.9,1195.5
1048.5,487
1052.2,538.55
1052,1159.4
1053.2,249.63
1052.5,96
1058.5,418.42
1060.1,1130
1065.4,215.82
1064.6,58
1063.7,1058.7
1067.1,694.35
1067.7,332.08
1069.4,946.11
1069.3,748.47
1067.7,854.78
1071.8,873.34
1070.4,1155.3
1072.8,1031
1075,387.51
1072.9,839.78
1075.3,407.92
1080,148.1
1086.1,646.38
1081,1112.2
1076.9,83.755
1078.8,904.96
1078.4,582.21
1079.2,194.71
1081.5,563.23
1084.5,670.38
1081.9,530.73
1081.1,1087.6
1081.2,1134.8
1089,16.892
1085.6,809.27
1084.1,598.47
1087.2,1163.2
1089.1,50.179
1086.1,297.01
1092.7,1144.7
1086.2,182.11
1086,402.58
1085.9,517.34
1098.3,1049
1097,605.01
1092.5,1183.7
1092.3,1197.4
1096.7,507.29
1095.1,839.64
1096.9,967.42
1098,1028.9
1101.3,996.5
1102.6,1098
1105.4,267.13
1104.1,458.16
1103.1,643.14
1103.6,1131.1
1106.5,695.6
1107.4,675.4
1108.4,1174.7
1109,577.78
1110.5,5.4444
1114,396.39
1114,122.53
1111,170.5
1112.6,866.4
1116.9,526.73
1116.7,792.81
1119,807.1
1115,1122.9
1124.7,73.957
1126.6,161.66
1121.7,877.42
1122.1,133.53
1124.8,488.86
1131.5,735.52
1130.2,914.92
1130.9,183.66
1132.9,507.68
1136,861.27
1130.1,420.58
1130,96
1135,974.71
1132.1,790.14
1134.4,590.19
1135.7,880.36
1144.2,448.86
1140,230.52
1139.8,390.9
1144.5,820.82
1149.6,111.49
1141.8,284.65
1142.7,1170.8
1145.4,185.14
1147,556.85
1145.5,1056.5
1153.5,1083.4
1151.9,1191.6
1151.9,28.743
1149.9,249.09
1161.1,330.47
1167.7,6.7781
1153.5,1128.8
1153.2,81.792
1157.4,389.9
1156.4,576.8
1157.1,1023.4
1158.8,1154.9
1159.7,45.275
1158.8,135.47
1160,588.8
1164.6,682.33
1171.9,635.25
1164.1,806.14
1169.2,123.08
1168,166
1166.3,492.06
1166.3,713.12
1168,211
1172.5,287.58
1167,1175.4
1166.5,1221.5
1170.7,441.94
1170.7,962.62
1177.5,463.99
1171.1,372.42
1176.9,569.53
1173.2,48.654
1174.7,261.62
1175.7,654.29
1174.1,777.58
1173.8,875.33
1177.8,140.04
1182.5,987.1
1179,102.96
1176.5,1241
1181,838.52
1185.3,32.456
1181,253
1179.8,867
1183.3,821.12
1185.4,550.85
1191.6,1189.8
1187.8,163.69
1206.2,5.9726
1191,313.83
1190.1,909.9
1191.9,1114.4
1189.4,1227
1191.5,513.61
1190.8,788.71
1191.4,213.03
1194.1,137.25
1204.7,350.8
1197.6,448.38
1196.6,973.86
1196,1061
1198.3,774.86
1202.6,666.9
1201.9,118.19
1200,244
1201.4,49.895
1197.4,193.55
1205.1,306.37
1208.2,142.57
1212.6,920.2
1207.6,943.89
1210,475
1212.5,26.1
1213.9,379.32
1211.6,1087.6
1213.1,846.41
1214.6,758.61
1220.6,1041.1
1217.4,53.182
1216.5,220.5
1217.5,256.77
1223.4,35.871
1223.1,1097.2
1222.8,732.66
1223.9,852.05
1224.8,1182.4
1229.3,531.69
1224.5,145.5
1224.9,514.91
1229.9,785.33
1231.5,996.98
1228.6,1155.4
1231.2,1059.8
1231.6,263.36
1230.8,156.6
1231.9,194.39
1230,301.67
1235.8,87.995
1232.1,553.5
1234.1,651.57
1231,821.67
1238.4,135.66
1238.2,398.09
1241,477.63
1236.3,413.24
1241.8,438.14
1244.6,37.458
1245.1,167.39
1243.7,254
1245.5,304.3
1245.2,1018
1244.5,889.5
1247.3,857.42
