2.2917,193.38
9.686,450.37
11.345,912.51
5.75,934.86
7.3811,1160.8
34.609,1198.6
9.4161,872.85
15.819,259.89
14.534,952.84
12.35,567.6
11.859,816.56
13.696,126.48
11.895,558.42
13.036,756.82
16.294,1226.6
27.128,1006.3
26.17,1118.7
19.641,82.348
20.143,291.06
17.806,418.47
23.171,1038.5
26.927,227.26
29.104,318.87
21.105,369.58
22,490.5
27.326,17.78
35.516,738.07
24.609,759.43
28.134,139.16
28.563,681.01
45.226,896.52
35.105,527.6
30.558,242.59
42.865,597.72
38.247,798.22
35.293,960.17
32.654,559.12
34.919,837.98
43.213,378.77
38.81,629.14
44.091,499.95
60.379,1127.6
59.141,524.61
53.059,30.588
53.324,357.95
56.194,1245.2
58.457,988.24
54,938
61.421,868.41
58.269,385.77
59.196,482.62
60.698,781.44
71.291,455.71
77.119,1044.8
64.194,1075.9
71.516,939.74
67.102,437.56
63.804,498.93
61.414,623.45
67.227,813.95
65.825,920.37
75.919,692.25
69.612,294.79
83.888,1010.2
96.249,1168.3
81.583,905.89
78.594,194.09
78.375,209.66
82.082,662.65
91.389,1083.2
86.463,501.46
86.826,725.44
92.409,91.829
86.154,880.17
90.125,254.23
89.755,329.25
88.579,218.11
89.586,1216.9
92.362,756.86
92.595,834.27
90.609,1134.6
101.62,950.02
94,1190.5
98.794,315.59
113.54,313.5
111.6,1016.8
112.11,351.03
106,613.12
107,96
108.5,1062.1
114.24,683.71
118.99,921.91
112.5,142.5
116.51,581.95
112.11,778.58
112.5,1203.6
114.93,1197.2
166.95,985.92
126.31,951.95
128.32,820.97
126.37,1186.5
126.5,546.5
129.37,595.1
126.77,700.91
127.91,1216.2
130.84,128.87
130.93,352.83
132,1130.5
135.9,871.57
137.81,1175.8
136,278
142.92,676.4
137.29,261.55
138.75,972.57
147.23,735.36
149.73,1123.8
139.4,1152.6
142.36,959.02
149.06,1202.7
143.39,83.75
147.43,121.87
148.18,1242.6
146,844
150.99,1146.3
153.05,1065.4
149.41,1217.4
156.61,509.73
153.48,1038.3
163.31,256.79
162.43,574.25
159.4,145.6
165.55,927.16
164.91,942.72
170.32,146.62
168,381
167.95,497.9
167.57,870.57
174.11,1234.7
171.7,244.44
173.9,31.692
185.36,838.09
174.95,1086.3
176.83,536.67
181.55,760.42
176.59,440.07
178,818.66
179.68,162
182.15,75.553
184.87,485.1
183.9,1.8
185.22,1246.9
185.78,960.94
187.5,136
189.03,931.31
188.24,1063.9
189.5,470
201.41,80.467
192.51,116.03
194.88,678
194.34,1134.5
197.42,708.93
199.18,332.49
199,257
202.03,614.56
203.5,60.3
202.84,947.13
204.51,756.51
206.19,998.7
207,100.5
209.79,768.5
215.01,740.18
212.89,212.32
214.29,902.89
219.86,786.05
216.88,755.13
220.76,568.69
226.09,818.09
228.52,1109.5
231.5,943.05
232.11,31.421
238.09,307.04
237.52,608.01
244.71,919.14
239.17,531.12
255.93,1231.8
246.63,1057.3
243.66,260.09
243.5,249.57
245.09,547.09
257.57,1096.2
256.97,598.02
256.56,276.26
258.61,466.24
258.68,932.89
263.93,519.55
266.03,563.32
266.14,214.61
263.09,400.23
263.58,973.42
264.95,267.19
269.38,305.55
274.02,112.26
271,461
272.56,553.07
277.3,1025.5
274.67,1073.7
284.27,867.98
276,785
281.12,1188.3
279.93,250.29
278.5,781
296.62,189.94
285.34,271.31
281.33,572
282.44,596.22
284.02,746.56
291.05,142.38
286.85,947.17
290.8,729.69
288.86,927
289.07,370.59
295.8,681.74
293.56,435.67
300.38,1147.8
298.31,1175.6
303.92,604.69
298,361
303,354.5
314.81,576.3
308.49,1038.5
313.37,969.34
312.2,766.48
315.54,1234.6
313.88,793.5
318.25,1094.7
316.74,1175.6
319.59,40.149
320,589.67
321,1059.5
326.09,412.77
347.13,952.07
334.17,1152.5
329.57,152.87
337.39,579.73
331.19,597.93
332.84,872.14
333.62,13.5
340,219.01
341.46,408.4
338.74,756.13
338.5,536.5
340.95,1024.3
347.33,82.687
343.08,29.135
350.43,449.38
347.43,164.23
346.94,1007.5
346.89,873.42
368.98,372.76
347.5,728
352.18,846.1
351.11,208.56
356.21,304.67
351.88,570
362.98,462.9
360.11,547.58
372.32,796.24
364.46,1060
370.28,1020.6
370.66,200.59
368.5,543
373.26,226.67
371.89,276.96
373.35,480.5
378.83,7.3143
385.84,657.21
382.04,1232.6
389.22,923.7
390.07,825.8
393.07,728.02
392.82,1174.7
395.02,797.78
395.43,137.61
397.55,679.35
396.5,858
401.29,643.43
402.11,936.66
406.2,381.41
406.54,451.07
405.41,410.5
405.63,1160.7
407.53,225.47
408.28,725.88
408.92,1182
418.43,475.2
410.13,626.61
413.24,86.618
412.5,843.5
415.24,775.24
417.2,809.37
420.93,919.5
418.5,415.14
421.19,148.54
421.21,1075.9
419,736
421.77,557.77
426.44,689.74
424.61,549.55
424.75,569.19
427.66,1188.6
434.99,122.03
427.72,444.31
432.31,1090.8
429.15,533.54
428.5,1144.5
434.59,812.06
438.85,899.99
449.24,247.86
437.09,834.34
443.08,1037.5
442.08,979.08
448.11,506.11
463.8,210.21
455.13,1145.3
456.24,419.56
454,41
461.1,17.986
459.95,160.24
460.07,747.31
458,869.5
463.38,473.99
482.08,328.65
471.21,519.61
471.38,58.852
480.93,5.2537
474.01,999.79
476.94,391.19
476.84,895.44
481,1128.5
479.86,413.52
478.08,912.08
479.72,1179.4
485.94,724.52
483.24,287.99
485.96,766.93
484.97,943.39
482.71,310.55
484.69,956.78
486.5,1247.1
494.77,472.42
498.93,805.69
489.55,53.031
495.04,1002.2
497.93,423.95
505.65,909.9
492.12,1154.4
495.36,784.49
494.05,606.09
497.69,75.349
497.75,706.05
504.2,598.14
506.42,153.58
506.07,205.29
503.51,979
505.99,1204.2
508.85,726.85
512.35,1163.6
512.69,523.67
515.8,31.141
515.49,234.01
515.53,1037.5
514.62,888.09
516.5,141.12
519.48,1225.4
517.36,826
521.12,1205.8
520,1007
524.85,748.66
525.62,584.17
523.42,944.11
524.56,1173.1
527.17,465.15
531.2,686.55
527.14,504.61
527.16,988.95
543.71,1029
532.31,370.27
532.09,843.43
532.31,1122.3
531.57,792.86
533.28,1241.2
531,202
536.34,349.78
533.12,169.65
537.51,870.73
548.58,1063.3
541.35,806.56
540.71,2.3214
545.24,481.2
544,771.33
545.95,929.24
550.3,724.7
578.34,88.25
549.67,431.53
550.08,558.27
553.05,1044
550,746.5
563.94,377.2
564.56,1143
554.79,784.56
552.74,1008.9
554.56,617.33
555.65,603.27
557.71,949.95
556.5,422
561.01,1171.1
562.12,505.09
560.71,982.76
561.41,1205.6
569.59,1221.1
568.95,681.73
568.13,271
564.5,184
565,245.5
570.51,905.49
568.4,1037
569.28,1121.3
570.83,922.95
571.73,1094
577.02,1174.2
572.67,1236.8
576.23,445.42
583.45,1204.1
582.1,530.96
583.57,830.48
585.71,220.11
585.08,306.35
586.67,463.41
602.26,367.3
598.8,1090.3
602.44,264.03
593.19,607.74
593,135.5
594,930
597.15,1188.8
599.23,156.17
602.44,456.02
606.57,550.68
606.96,1034.4
606.22,47.99
609.03,823.74
607.68,190.87
613.1,487.75
606.56,1171.1
609,781.4
610.52,939.44
612.25,133.6
610,311.5
615.66,980.87
634.54,451.43
612.39,901.43
617.97,1053.1
620.92,1147.6
622.5,686
625.57,291.72
625.13,740.13
632.76,624.93
630.81,1029.9
630.98,323.41
631.42,717.62
633.45,1007
636.25,1110.5
642.48,644.85
638.75,1175.2
646.53,1189.4
645.94,1014
646.67,241.67
652.06,768.2
651.07,58.509
654.75,453.7
650.58,202.11
655.72,840
659.64,496.23
653.57,1076.9
653.27,677.7
656.89,568.4
656.41,806.88
660.81,1111.9
662.17,883.27
661.65,409.14
658.91,1048.1
660.5,46.5
660.07,1166.4
664.98,387.93
666.91,104.83
669.45,175.63
671.96,1125.6
672.03,10.71
670.59,919.93
669.5,932
673.48,692.32
677.64,1088.6
680.26,294.22
678.17,258.47
676.98,886.38
679.93,1027.6
679.8,645.24
680.55,444.71
688.99,874.29
684.51,913.78
686.24,708.23
685.93,373
683.83,571.8
693.59,950.3
685.95,805.05
688.1,185.05
688.11,981.42
691.13,633.61
691.5,819.29
703.58,1040.1
693.79,12.176
700,1082
698.1,1120.6
699.51,785.16
702.18,516.99
708,564.34
701.15,119.18
701.42,1175.3
707.42,726.71
706,604.57
711.83,269.81
709.97,1008.3
711.56,1216.8
712.84,1067.1
716.76,645.72
712.19,1143.7
713.86,661.72
714.78,689.06
714.62,935.09
723.48,5.8537
718.83,503.45
724.73,606.57
721.62,632.54
724.87,1011.5
724.54,1084.7
728.82,652.54
730.08,987.8
725.07,1246.8
729.15,175.73
724.82,1115
727.31,961.9
727.09,804.64
736.09,524.22
735.74,823.33
735.85,762.43
732.44,776.04
736.36,902.76
734.5,383.64
738.32,622.53
743.91,425.79
752.6,993.7
748.81,284.52
746.07,393.44
755.17,688.66
760.36,1014
752.5,657.5
754.55,4.0455
760.31,324.02
757.29,560.29
756,716
757.8,903.92
757.43,871.61
760.36,432.34
769.46,591.45
766.35,639.15
763.45,738.75
762.13,1165
767.88,974.22
767.8,1243.5
777.74,475.85
771,1171.3
774.22,528.44
773.5,949
775.8,368.43
778.18,232.47
779.93,708.36
780.5,160.5
781.58,963.65
782.88,19.061
788.12,510.99
789.19,782.39
785.48,1172.3
787.64,1196
788.41,1087.1
789.6,436.67
793.67,553.53
791.35,1117
798.75,998.44
796.03,1161.5
794.06,654.06
798.53,946.2
800.28,873.95
803.43,1093.9
802,216
805.76,824.32
802.59,1066.6
807.96,514.88
811.42,783.89
816.93,527.44
812.5,1011
822.91,1009.1
823.74,457.54
821.42,918.17
820.33,818.57
824.8,857.72
822.46,1190.4
829.86,377.76
829.62,533.02
839.24,593.88
830.52,733.75
840.79,813.63
848.81,427.76
844.76,455.78
840.37,128.25
854.11,54.871
844.33,907.95
844.31,1136.5
844,629
855.54,728.38
855.69,926.11
857.5,335.5
859.71,1143.9
860.35,392.91
867.96,544.61
863.59,937.39
865.46,239.37
866.35,649.62
867.36,888.39
865.52,1164.6
875.13,1056.7
874.95,314.95
874,936
877.09,161.94
878.22,1195.1
884.7,1164.5
880.52,932.09
886.39,145.33
883.77,767.91
890.86,357.33
883.83,440
885.09,171.09
885,76
889.59,312.52
894.2,1062.5
892.11,408.42
894,747.5
896.3,34.44
895.11,595.58
905.44,334.04
900.32,536.61
904.79,282.43
905.84,1009.6
910.1,845.95
908,2.8788
907.74,154.21
909.36,585.39
908.82,946.58
913.5,780
915.92,1100.6
915.86,1246
921.34,870.3
920.84,918.68
920.71,1171.1
924.36,654.44
921.95,318.05
923.62,675.45
927.79,469.87
926.5,483.39
928.5,539.39
930.17,155.2
930.78,1065.8
940,219.94
936.1,1200.9
940.92,502.63
936.79,1242.8
938.9,37.325
942.48,811
939.57,920.61
941.07,555.04
944.46,980.62
954.3,1103.9
947,615.5
968.94,720.15
954.83,867.95
955.24,888.16
957.55,541.44
964.99,77.314
960.17,919
968.67,221.4
965.29,748.2
969.22,184.04
967.96,610.6
968.5,731.5
977.59,781.4
972.13,888.44
972.43,831.79
983.18,291.56
978,540.48
988.04,93.528
984.01,242.36
982.52,80.968
984.61,528.16
985.51,567.6
986.49,800.73
992.94,416.34
993.11,1070.3
998.19,542.45
1000.8,24.344
994.93,482.97
1004.4,692.66
1008.3,992.6
999.7,759.81
1004.1,439.15
1020.5,587.19
1017.1,432.58
1025.1,707.48
1018.4,188.07
1020.9,1127.4
1024.4,227.61
1023.5,873.5
1027.8,1159
1029.3,1095
1037.1,1178.9
1035.1,889.14
1037,815.67
1039.7,971.71
1045,397.44
1045.1,67.424
1046.8,741.67
1048.4,1206.2
1053.7,516.44
1049.2,628.08
1050.8,722.25
1054,910.15
1053.6,280.09
1057.2,265.1
1063.8,665.7
1069.1,871.33
1064.9,209.09
1066.5,102
1074.5,1093.6
1067.9,487.83
1073.2,687.36
1078.6,923.93
1075.1,1128.6
1072.9,253.41
1075.4,720.71
1077,1179
1080.3,137.76
1081,316.5
1081.1,475.58
1085.3,99.452
1089.9,268
1090.2,875.47
1086.4,813.93
1099.5,764.13
1107.8,144.53
1091.6,716.6
1095.5,982.56
1095.5,185.5
1096.9,674.45
1095.1,915.92
1095.5,807.5
1097.1,1020.5
1098,687
1100.1,796.41
1107.4,548.93
1111.2,781.85
1116,207.73
1113,273.92
1116.6,556.56
1116.9,239
1122.4,724.55
1126.4,62.697
1128.9,655.19
1133.6,798.69
1132.4,1121.5
1135.3,839
1137.1,611.61
1138.5,136.14
1152.8,479.04
1151.2,265.15
1154.1,214.48
1155.2,540.33
1159,277.38
1165.4,148.2
1163.2,589.62
1160,1204
1165.8,50.084
1172.5,1075.2
1169.7,1172.9
1173.6,465.1
1175.5,757.56
1173.4,983.87
1175.4,5.7407
1175.2,773.33
1182.6,819.24
1194,45.137
1197.3,839.2
1183.2,1069.7
1185.5,1203.9
1185.1,171.5
1186.4,739.13
1186.4,2.4483
1190.1,155.57
1190.4,627.53
1199.9,686.52
1191.3,100.25
1203.1,134.7
1201,750.24
1199.8,973.65
1199,108
1203.4,202.23
1201.5,716
1205.5,1224.6
1205.4,999.82
1214.3,1240.8
1207.4,403.3
1207,414.9
1209.5,528.89
1210.2,802.46
1210.4,859.9
1216,210.64
1219.4,710.9
1225.2,1029.9
1223.8,690.63
1224,13.507
1229.3,595.53
1224,543.86
1236.5,639.49
1230.8,847.98
1231.7,1101.3
1230.7,439.75
1233.1,87.806
1235.9,885.58
1237.9,1244.6
1234.4,703
1240.3,861.87
1237.7,537.12
1236.9,620.09
1236.4,1181.6
1243,565.61
1244.2,838.44
1246,814
1247.5,779
