3.8431,222.63
3.6111,255.14
2.625,831.3
7.6774,67.871
10.473,409.05
8.1395,102.44
11.053,562.16
20.429,297.17
15.464,1156.5
14,996.5
19.768,334.64
17.5,1029.5
22.801,900.71
21.488,1095.7
24.547,973.88
24.304,72.125
24.348,193.5
45.352,32.312
30.268,96.352
33.236,142.16
38.376,340.79
37.64,880.84
35,81.75
33.917,1217.1
45.19,721.11
40.5,559.91
39.893,1105.8
41.508,131.54
40.234,467.79
40,1087
44.277,68.108
48.795,261.12
48.399,98.752
46.595,592.64
46.552,654.69
48.459,638.08
51.471,967.85
61.766,274.46
57.321,1154.8
61.027,82.5
63.1,1038.6
68.632,987.17
64.873,1193.1
63.385,966
67.333,773.9
69.915,1114.9
75.331,107.9
69.29,695.71
72.473,42.255
73.132,122.26
74,75.5
73.988,226.58
78.743,596.24
79.276,699.15
84.023,289.81
79.564,1023.7
83.782,269.34
82.5,744.61
85.821,902.33
85.404,223.1
82.821,311.07
84,1194.5
87.44,185.92
99.653,342.46
93.91,113.35
88.579,356.89
92.099,680.33
92.652,146.56
95.758,245.79
92.383,298.47
97.049,263.11
95.909,18.091
98.175,228.82
97.421,318.11
100.92,89.725
105.94,991.88
108.57,1150.5
109,296.75
108.3,255.83
106.42,276.42
106.87,741.87
107.47,233.72
112.1,193.3
110.06,493.89
114.38,316.72
114.83,172.43
125.25,152.56
119,1115.5
123.32,391.03
125.51,128.74
121,272
121.42,180.11
125.19,588.65
126.98,97.529
126.73,255.47
125.12,460.44
131.34,294.12
132.55,482.34
131.94,1097.7
136.25,3.5
144.01,318.61
147.45,198.29
146.05,296.08
149.42,1178.4
151.32,384.78
155.69,996.83
158.25,348.49
161.18,39.296
170.68,1033.1
167.85,277.19
169.66,140.07
173.5,446.65
173.37,797.03
176.16,394.88
174.32,460.95
179.47,424.45
175.83,636
176.5,1061
191.83,902.99
186.92,376.38
185.42,567.11
192.59,259.81
193.38,1094.7
194.76,884.44
196.15,397.54
199,11
207.17,588.17
207.64,162.32
204.72,428.64
205.14,1025.9
205.24,1126.8
208.73,895.7
211.54,1238.5
214.46,1090.9
214.63,214.63
225.34,799.98
221.82,259.44
219.12,527.38
218.9,987.16
221.11,602.58
223,84.174
227.71,345.25
229.09,407.38
231.5,1184.5
240.37,942.4
250.14,110.64
242.69,1126.3
243,755.68
246.79,685.36
249.9,673.9
253.34,1219.9
252.39,4.7143
252.15,527.54
253.94,1049.3
258.5,929.08
259.27,1121
262.5,778.5
270.07,757.33
269.56,958.99
269,134.5
274.6,1176.7
272.5,784
273.07,1113.4
275.78,43.198
278.4,1224.7
279.9,769.19
279.63,854.73
287.13,634.92
291.03,726.29
286.6,950.22
285,492
293.74,1171.7
287.76,373
291.85,572.1
292.18,468.18
301.16,851.96
309.59,365.49
305,1195.7
311.42,164.18
308.96,890.24
310.02,27.118
314.29,990.71
319.75,58.312
326.03,652.06
321.58,677.97
325.91,148.24
326.89,565.93
324.67,332.83
331.7,604.53
326.5,717
333.6,775.11
333.47,7.3585
335.88,19.594
334.12,162.5
336.01,246.43
342.4,625.03
343.15,953.51
342.52,1051.6
342.5,1225
349.77,82.867
347.06,1099.4
348.69,1235.1
350.56,439.08
354.05,576.17
362.03,899.67
358.5,517
361.57,861.8
361.7,56.094
365.49,1060.4
365.37,676.27
366.36,362.5
370.45,330.16
367.58,1080.9
376.41,763.84
379.15,1119.1
376.44,1047
383.08,396.81
385.4,480.25
382.06,616.09
383.5,445.5
389.79,641.32
388.69,315.94
387.95,805.09
392.11,888.04
395.1,553.39
392.91,1101.1
395.55,1237.5
396.54,666.56
398.94,1090.3
401.88,198.42
403.55,66.018
403.22,394.55
401.12,614.64
403.5,1083.5
404.09,1103.9
406.5,1154.5
408.16,501.65
410.25,252.84
411.15,819.15
411,180.4
412.59,29.893
414.14,800.43
413,1175.3
419.96,524.38
418,1051
419.05,1186
425.42,243.8
422.7,1111.3
423.08,1084.4
421.5,786
426.43,1147
425.56,687.69
426.5,450.5
427.14,731.5
434.96,936.87
431.23,402.07
430.56,132.56
431.82,1164.5
434.88,192.97
438.37,426.23
436.41,640.53
437.89,653.37
438,992
448.36,307.54
444.63,769.99
450.83,1063.6
450.09,733.64
454.96,654.47
451.46,754.2
452.3,74.085
455.09,961.87
459.22,521.68
458,309
459,315
466.3,397.55
462.09,241.09
464.47,451.22
464.95,806.53
463.42,438.89
466.16,540.83
469.86,209.11
472.4,719.08
472.92,20.288
473.5,494.09
475.5,1126.5
477.84,874.14
481.55,446.01
478.5,594.38
480.89,634.98
480.93,994.59
491.27,1246.6
494.25,1032.7
489.63,488.97
492.23,696.17
491.74,98
493.26,178.84
495.25,395.71
492.5,784
501.53,876.28
502.72,1236.1
502.06,267.09
503,1042.5
507.09,712.64
505.53,983.79
508.36,1173.2
510.02,962.38
522.2,565.84
514.43,1096.7
514,386
517.09,636.09
523.04,1156.1
526,1177.2
524.8,746.56
528.91,978.08
530.09,25.333
528.42,931.11
531.34,956.85
533.81,938.9
536.9,505.82
537.29,762.88
538.25,1063.3
541.71,575.93
545.39,594.43
543.96,1122.6
542.07,66.593
543.87,108.09
546.5,202
546.88,655.05
550.06,735.36
549.77,464.79
552.83,992.16
555.17,706.57
559.3,938.04
557.25,285.73
559.5,355
565.68,780.18
564.16,1212.7
575.51,671.77
566.56,312.08
567,977.5
567,1132.5
569.82,148.33
573.76,595.5
576.67,52.231
588.82,179.39
578.66,233.74
593.06,39.286
582.17,748.17
584,407
585.14,893.14
583.5,1111
592,157
593.62,431.43
591.91,1068.1
597.56,1211.1
597.61,880.14
599.96,91.051
602.52,72.206
605.93,915.42
608.13,273.92
607.98,381.66
608.37,464.9
608.97,758.19
605.17,327.93
605.42,691.55
604.8,837.1
609.97,997.08
609.46,338.29
609,428.5
610.5,142
613.58,405.06
616.07,1127.7
617.7,84.919
622.53,312.45
622.04,1025.6
619.91,1091.5
625.22,261.95
620.5,1112
627,1197
630.13,875.13
629.5,687
631.41,888.04
633.37,293.05
632.82,347.58
638.41,648.96
637.5,46.5
641.44,90.564
643.01,499.56
648.57,361.06
648.49,203.06
653.98,110.04
652.95,486.12
650.76,615.15
657.4,815.62
661.86,894.48
666.98,872.07
667.7,166.1
671.16,451.13
671.86,702.86
674,204
683.78,947.76
682.33,447
689.34,511.62
689.04,110.01
686.88,999.35
688.52,335.37
686,553.5
690.74,460.46
692.13,157.96
698.94,449.81
698.88,131.27
702.41,1045.9
707.41,48.884
707.43,148.38
708.69,217.81
707.82,891.6
714.78,501.24
708.9,1061
713.38,393.87
714.63,1149.6
716.54,302.15
719.94,1038.1
728.15,238.41
728.44,463.22
730.74,793.46
729.88,1238.3
732.36,379.5
738.52,961.55
737.22,103.38
742.91,121.09
745,379.11
748.03,867.61
743.5,1086.5
745.94,66.429
751.25,1240.1
757.3,1133.3
756.05,171.38
764.64,265.26
763.49,1164.6
763.63,543.37
769.08,141.14
769.23,377.19
769.91,4.1739
768,310
778.95,130.2
777.95,477.57
781.68,148.91
782.88,489.5
786.42,957.42
784.93,379.41
792.41,979.44
788.05,442.93
791.27,20.625
792.61,343.71
795.5,1100.2
796.95,63.383
797.1,92.62
799.91,1041
798.07,885.59
807.28,108.66
803,1189.5
808.17,79.556
812.42,1058.7
812.37,1143.5
813.31,11.525
813.68,1071.2
816.39,254.68
816.65,49.435
816.74,340.46
814.5,1086.5
822.8,177.62
821.12,325.65
823.91,1027.1
824.4,123.54
821.85,233.46
822.39,1223.1
829.47,1119.5
834.73,1001.5
833.91,430.77
834,1164
839.37,308.86
837,1220.8
838.83,336
841.51,362.11
842.78,405.55
840.71,965.24
851.4,1013.6
847.29,298.31
847.64,836.47
859,87.987
852.4,511.49
851.91,12.909
853.31,412.9
852.39,434.14
853,314.5
855.45,942.96
858.16,521.9
859.04,956.42
862.05,242.93
862,888.5
865,532
868.5,1.9091
868.06,457.45
868.86,427.81
955.05,544.87
873.16,941.37
873.5,1075.5
879.48,64.104
888.68,965.16
889.21,270.52
890.42,913.93
891.34,1243.5
890.08,944.28
896.75,450.38
899.82,117.25
896.15,637.83
894.92,1078.9
896.2,1097.6
900.14,166.65
903.22,1024.4
904.32,951.22
902.5,434
902.53,914.72
909.6,995.11
919.25,895.33
913.56,181.01
913.95,474.04
915.86,1041.6
915.92,510.44
918.5,827
920.4,924.69
920,151.68
923.69,355.55
928.7,1032.8
933.8,64.043
932.58,140.42
937.66,816.83
936.89,908.25
937.82,886.34
941.12,3.5974
937.39,196.86
941.49,986.13
938.97,1189.6
948.2,347.24
949,453.81
952.57,907.7
950.64,1002.6
950,754.32
953.83,374.77
952.12,970.88
954.31,1052.9
954.83,738.66
957.27,992.41
957.91,868.91
960.42,855.89
971.93,613.94
962.93,96.414
970.78,642.94
969.19,950
969.43,206.09
972.2,851.11
970.25,24.642
970.94,448.04
970.08,785.44
971.32,1129.6
982.22,694.22
972.93,1050.9
974,660.5
974.64,679.86
982.72,292.74
1003.3,805.55
977.72,979.53
978.32,871.2
980.5,439.38
980.4,631.36
982.29,3.7097
987.18,896.8
984.15,915.6
984.92,377.93
984,476.68
990.09,726.37
987.65,1145.3
991.08,976.09
989.88,1153.5
996.26,521.11
997.31,868.17
1001.3,373.83
1002.5,1236.4
1004.1,726.88
1007,1031
1007,574
1007.4,872.86
1008.7,986.14
1011.6,39.773
1020.5,643.17
1012.2,970.9
1011.7,1011.5
1016.8,130.64
1017,74.209
1015.6,596.78
1017.4,941.18
1019,896.79
1024.7,1008.8
1024.7,233.52
1024.4,1224.4
1024.5,150.84
1031.6,496.74
1025.8,833.86
1029.7,1184
1033.6,267.42
1035.3,635.67
1039.9,748.64
1040.3,430.97
1041.6,83.113
1040.7,862.55
1040.9,929.91
1050.7,567.29
1047,904.32
1052.9,1239.7
1050,120.62
1046.8,165.75
1046.8,231.17
1056,148.92
1048.8,888.11
1053.1,1030.6
1053.9,219.53
1052.9,336.31
1051.6,651.61
1052.8,769.09
1058,6.7417
1055.5,550.43
1062.3,638.91
1059.7,1071.3
1060.1,1196.6
1060.2,1167.9
1060.8,209.21
1059,775
1063.5,534.24
1067.7,1216
1067.6,995.47
1070.8,942.49
1070.4,44.909
1069.3,464.95
1068.4,1028.1
1070.9,1238.9
1070.5,679.91
1070,746
1072,910.06
1071.1,315.91
1083.9,506.42
1074.3,16.018
1076.7,479.84
1074.4,528.26
1073.7,603.48
1077.6,390.94
1081.1,702.46
1082,782.41
1080.6,1191
1080.1,560.52
1081.9,589.09
1079.6,829.11
1082.1,200.54
1086.3,575.85
1088.5,1206.4
1091.5,307.07
1096.1,526.88
1089.5,1071.6
1089.9,398.31
1090.8,454.29
1089.7,548.5
1094.7,1087.5
1095.1,180.39
1098.2,98.532
1098.2,958.26
1105.1,579.7
1095.9,634.5
1108.5,374.63
1106.1,434.91
1105.9,605.09
1119.4,538.78
1114.3,1041.5
1108.4,149.89
1112,171.5
1112.8,403.6
1114.2,785.32
1114.5,715.78
1116.9,689.7
1120.2,1060.9
1119.1,1174.3
1119.3,382
1129.3,776.52
1127,722
1130.7,747.37
1133.5,163.17
1127.6,457.89
1131.9,586.31
1133.1,1206.7
1135.1,1001
1137.5,570.63
1136.6,1246.8
1140.4,542.25
1142.3,638.66
1141.5,1145.7
1148,612.51
1143,965.91
1153.8,559.52
1144.1,161.88
1151.6,774.57
1151.5,289.7
1147.9,651.41
1152.8,721.75
1157.2,598.71
1153.7,1018.1
1158.8,693.32
1154.4,509.07
1155.9,463.12
1157.8,195.91
1158.1,865.91
1160,1203.3
1162,432.86
1160.4,904.55
1162.2,816.67
1162.6,759.34
1163.7,635.89
1163,670
1170.7,485.83
1177.7,762.6
1175.7,1155
1175.2,790.83
1176.7,1101.6
1177.7,1132.2
1183.6,596.29
1179.1,982.42
1179,870
1185,318.79
1186.1,849.21
1181,874.5
1182.4,966.69
1184.6,1233.3
1192,440.47
1185.9,718.54
1190.4,537.84
1192.3,168.93
1190.5,645.77
1190.9,620.08
1194,985.15
1200.9,750.84
1195.8,281.68
1199.5,827.27
1192.8,906
1195.1,483.43
1195.2,3.7097
1198.5,793.71
1214.3,589.93
1199.6,95.625
1198.6,734.22
1198.5,874.35
1198.9,310.95
1198.5,895.5
1202.6,932.3
1205,1245.8
1208.1,961.88
1207.6,884.25
1208.1,854.5
1208.1,980.43
1211.1,524.97
1210,1148
1211.6,264.14
1213.5,44.208
1211.4,568.61
1212.9,729.91
1211.6,824.43
1212.9,1187.6
1217.8,1198
1219.6,793.78
1223.1,702.66
1227.6,356.14
1226.6,431.43
1225.6,673.45
1233.7,1126.6
1231.8,549.5
1228.1,692.84
1233.4,881.7
1233,1088.3
1235.4,771.14
1240.5,84.354
1237.5,49
1240,109.5
1244,938.84
1245,902.86
1245.3,749.18
1246.1,1162.9
