3.5915,25.324
2.7679,1005.3
8.1111,970.77
11.5,388.27
13.153,361.02
14.175,40.175
13.605,306
20.086,568.43
24.05,1067.7
38.244,652
38.058,888.88
41.109,1192.7
46.434,760.66
44.692,109.46
60.325,645.59
57.421,512.48
54.429,561.09
69.597,122.98
60.091,663.91
66.492,684.1
62.588,696.06
77.444,887.59
67.074,437.59
67.074,1027.4
70.429,978.97
75.811,1044.8
73.535,1166.3
78.539,154.77
76.391,461.43
78.939,612.63
81.33,763.67
81.549,981.84
86.33,56.665
85.176,1180.9
83.5,416
89.183,278
90.125,476
94.512,1213.6
100.02,28.236
95.088,507.5
110.19,437.17
110.96,1148.5
109.38,627.88
117.34,281.59
123.08,573.29
126.67,900.32
133.53,314.74
142.25,498.01
148.16,910.41
146.84,218.34
146.63,970.8
149.43,986.04
147.9,1121.8
154.91,393.5
156.84,722.21
156.53,1036.9
156.42,183.11
158.56,1169
160.01,90.112
161.87,443.62
162,996.58
161.42,768.89
164,292
165.58,343.45
166.58,400.11
169.63,709.27
174.36,455
174.65,480.91
176.54,579.44
179.13,1061.6
178.54,975.35
179.57,557.39
180.88,916.4
183,65.652
185.45,1241.7
186.34,309.92
186.36,1113.6
187.37,396.13
201.68,817.53
202.79,297.25
212.46,1246.2
211.4,1178.4
215.33,1040.5
218.58,888.55
225.27,75.47
220.89,133.42
222.7,589.04
222.37,1001.3
226.55,725.1
233,572.03
227.88,556.12
236.5,1127
236.8,942.56
238.96,548.33
245.29,374.53
244.39,873.14
246.45,1032
245.64,104.5
252.27,1190.2
257.24,327.8
249.64,555.68
257.1,605.12
259.3,528.35
257.13,810.9
257.54,212.22
259.32,1167.6
267.96,1135.4
270.8,813.95
273.64,662.46
273.62,1087.9
279.45,147.6
279.69,344.55
282.03,537.94
292.4,42.047
286.15,1161.9
287.91,993.91
291.57,234.09
293.31,838.62
299.08,1122.4
299.59,188.38
303.58,473.32
310.94,499.65
305.89,550.35
307.5,1109.5
312.75,241.25
313.8,894.93
312.68,42.553
315.06,269.52
317.09,1101.5
317.91,403.09
318,1082.5
323.23,120.89
322.92,320.84
325.13,953.48
327,137.82
328.02,350.38
329.94,998.09
334.78,48.08
338.57,157.83
336.68,826.35
338.86,1124.4
341.5,769.5
351.67,660.75
346.52,754.6
348.11,282.95
348.5,30.5
354.4,1047.2
354.06,472.55
352.43,542.39
354,921.5
356.09,332.43
367.66,229.56
361.71,316.48
362.79,556.94
368.09,1112
365.19,428.86
364.93,949.59
376.23,291.43
376.26,553.77
382.24,479.48
381.9,534.64
387.42,808.58
384.26,89
383.42,1097.1
390.45,1237.4
392.95,947.43
397,618.25
399,362.5
399.38,442.78
405.21,297.71
407.41,771.61
410.15,987.47
415.37,486.15
418.87,627.42
423.15,424.42
423.23,1125.5
426.82,302.8
429.4,672.11
435.56,142.92
439.64,701.02
442.48,837.1
442.33,944.55
444,372.17
447.74,2.2
445.59,185.94
446.24,394.1
453.57,1082.5
457.38,194.18
461.37,288.26
461.52,1202.6
460.79,575.17
463.06,746.92
463.53,80.698
466.95,21.22
470.15,881.83
469.73,1036
467.16,1098.6
468.23,213.4
472.86,310.02
472.46,782.18
475.19,1069.6
484.71,394.23
496.58,1138.3
492.18,533.01
489.65,1210.8
489.8,713.93
491.73,686.73
494.17,919.33
496.33,999.21
500.86,102.05
500.62,972.35
501.42,785.06
509.38,32.931
510,587.76
519.15,604.45
517.58,500.89
519.88,559.01
524.02,200.61
523.5,775
526.48,852.33
528.55,239.06
528.19,639.02
528.5,263.5
532.11,1202.1
532.5,373.95
534.25,992.08
541.15,316.28
537.26,477.08
536.58,494.42
535.67,696.17
540.51,513.86
538.5,768
548.2,355.68
539.54,637.09
543.85,221.1
546.33,426.08
552.26,757.18
551.78,125.99
560.84,1003.4
561.54,445.22
562.61,505
564.45,668.89
567.05,772.52
567.5,210
574.59,894.62
572.45,652.31
576.98,810.09
573.53,455.28
577.12,697.1
583.84,1146.6
580.35,152.35
583.09,1201.1
585.76,594.26
590.31,18.385
590.56,970.92
591.44,1180
593.42,391.89
595.68,453.58
599.55,704.19
605.19,505.38
603,727
605.08,1123.5
608.58,926.64
608.48,1233.8
611.02,597.5
609.49,1100.5
609.4,353.6
613,468.5
619.1,717.71
614.33,12
617.4,410.51
615.54,740.92
617.57,462.57
624.78,1053.8
624.7,126.31
620.5,973.5
622.5,1005
623,557.5
629.3,326.96
630.23,394.72
631.58,1173.1
636.88,420.74
638.21,179.74
636.84,1063.7
637,907.5
650.08,275.91
649.95,205.83
651.1,666.71
653.45,141.43
653.38,489.43
656.94,387.22
656.5,1144.5
658.79,748
659,156
661.57,909.61
663.23,714.23
670.19,1168.6
667.42,485.42
666.5,930.5
668.29,941.83
668.64,1207.7
675.61,208.22
680.84,715.55
674.59,433.96
673.43,666.61
679.39,228.76
680.66,654.37
680.55,444.59
688.98,565.92
680,902
688.02,1106.9
685.08,638.92
689,509.13
687,700
691.39,919.86
695.57,198.24
693.08,878.6
695.7,1227.9
695.5,683
696.96,1197.9
700.25,1162.6
707.49,1075.1
711.54,390.83
709,1027.9
713,1150.4
717.08,1213
714.86,557.61
713.93,691.59
719.47,259.16
724.44,412.31
724.33,472.03
728.28,574.88
724.58,429.11
726.4,531.64
729.38,1199.1
741.26,314.66
744.77,89.019
752.99,1188.2
749.39,571.77
746.1,587.59
749.24,1116.2
751.97,220.19
753.12,952.72
752.81,246.74
752.58,705.11
763.56,713.72
772.16,469.56
771.58,492.45
774.93,114.58
772.96,304.33
780.26,1175.2
775.11,90.579
778.84,278.01
782.35,548.5
787.22,766.37
787.51,835.2
794.01,497.61
789.25,849.35
790.14,462.14
806.29,418.51
803.58,353.45
816.14,335.14
821.96,995.48
830.62,968.51
830.57,139.65
829.17,576
833.81,271.69
839.52,664.78
838.06,808.25
839.43,303.88
839,1233.5
841.6,397.96
848.15,53.135
845.86,1011.5
850.35,408.75
850.89,1179.3
851,698
853.54,68.077
855.08,650.05
856.65,922.23
867.38,13.279
866.27,1047.6
866.35,730.59
867.45,882.47
867.62,1137.1
868.43,396.55
872.63,181.07
876.45,462.15
875.39,285.87
876.67,1244.2
879.42,429.11
881,579.58
880.55,982.45
884.48,1044
882.93,832.43
884.8,906.79
885.47,880.83
892.7,225.82
892.35,1235.4
890.17,417.15
888.5,974.5
895.71,946.27
897.47,182.61
894.05,1028.1
899.92,1146.4
900.68,204.31
905.53,362.99
901.31,383.09
904.67,1053.2
904.64,1221.8
910.95,661.98
910.91,1119.5
911,279
913.64,550.13
913.53,629.63
914.57,79.18
914.57,117.06
914.5,168
916.56,851.22
924.3,1138.4
919.27,1206.3
921.22,363.44
923.81,293.14
923.08,461.56
925.86,395.04
931.3,1211.9
935,540.41
934.16,713.87
940.76,1237.4
940.59,816.76
942.5,690.5
943.5,73.15
943.09,104.91
945.47,413.98
951.55,366.03
949.46,383.08
950.17,78.87
951.18,536.82
952,1118
953.15,605.54
953.39,732.14
954.12,138.5
962.12,1182
966.82,517.02
965,608.5
975.68,468.78
970.42,776.55
975.17,728.94
974.1,1195.7
980.99,838.01
977.42,739.45
980.66,1244.1
981.5,381.76
982.5,677.8
980.56,1019.6
984.35,452.27
987.71,584.72
988.6,821.26
989.36,477.62
999.36,944.07
1001.3,1061.4
998.09,692.91
1001.6,1243.6
1001.9,366.92
1001.5,1182.5
1008.9,794.08
1009.4,1169.4
1007,917.5
1015.6,232.75
1015.6,1225.7
1018.1,665.34
1021.2,1199.2
1024.7,520.06
1025.9,14.366
1024.7,473.98
1027.9,544.22
1031.6,1094.1
1029.4,590.11
1034.6,116.76
1034.6,663.6
1032.4,1162.4
1036.1,971.43
1041.4,303.09
1040.5,1003.1
1041.3,332
1044.8,440.93
1044.7,877.09
1044.1,1230.6
1050.2,1178.5
1057.6,577.94
1066.5,1192
1061.7,712.01
1065.5,754.73
1060.4,890
1070.6,183.83
1072.9,881.26
1069.4,122.78
1071.4,572.32
1073.4,99.5
1076.3,556.47
1077.1,656.03
1083.2,515.1
1082.1,42.857
1098.7,857.79
1090.9,1083.2
1097.8,918.09
1099,772.86
1097.9,692.65
1099.1,560.37
1100.5,273.22
1101,1063.5
1100.9,1175.5
1114.1,403.62
1110.9,1239.5
1109.8,937.61
1121.9,1211.6
1108.9,832.47
1112.1,187.88
1112.4,488.88
1113.2,1091.7
1122.2,692.15
1122.5,901.62
1127.5,87.524
1123.6,287.89
1126,1185.1
1125.9,187.38
1124.6,1034.9
1127.9,518.09
1131.4,819.71
1136.8,425.38
1141.9,66.44
1142.9,1184.3
1143.8,38.654
1147.2,408.31
1149.3,161.35
1150.8,915.54
1150.4,1001.1
1154.6,1237.5
1154.1,444.24
1153.5,661.5
1154.9,36.091
1158.4,301.25
1158.5,1194.2
1159.7,318.28
1162.4,1101
1164.5,235
1169.6,435.18
1171.8,778.41
1168.7,175.81
1171.5,959.65
1175,892.09
1176.6,123.68
1175.4,600.37
1178.5,1191.1
1182.8,1030.4
1181.4,417.36
1179.2,65.324
1185.4,948.5
1188.8,356.25
1188.1,1052.3
1188.8,254.87
1193.2,1071.4
1191.5,1245.3
1198,454.69
1198.2,1130.2
1201.9,414.68
1207.9,737.98
1204.9,1211.4
1207.1,61.906
1208.2,297.65
1211.3,439.52
1214.1,108.08
1216.5,211.31
1215.7,311.6
1214.9,835.82
1214.6,1081.9
1220.1,788.01
1221.1,911.96
1224.5,248.12
1232.3,1148.3
1228.2,944.53
1236.5,1014.5
1242.6,613.72
1240.4,306.58
1246.7,1019.2
