3.475,311.29
2.2703,803.92
6.9206,57.841
4.5,360
15.737,728.25
8.5,608.36
10.22,1139.6
12.975,684.92
18.351,502.93
18.657,930.63
29.47,777.96
31.855,188.81
25.5,363
34.863,450.27
30.038,130.83
32.083,311.92
36.574,608.77
39.759,765.52
40.923,133.35
39.344,292.47
40.5,348.5
43.552,321.04
48.738,217.6
47.85,197.47
51.481,871.01
51.083,741.08
52,396
52.878,496.9
52,957.5
56.581,1206
57.956,622.94
60.295,966.91
61.146,281.79
68.529,901.26
69.267,217.13
67.5,379
67.909,414.05
70.229,1123.9
71.091,106.09
72.872,456.87
73.594,1166.2
73.939,709.55
72.579,869.11
78.826,469
80.93,635.14
83.397,450.4
84.969,981.18
85.155,221.13
89.711,322.5
89.92,821.36
89.925,1075
91.315,486.52
97.857,456
97,1227.5
104.25,561.77
101.33,752
105.62,934.4
103.91,1188
107.52,1140.3
109.81,653.74
115.34,1124.6
115.47,883.83
112.5,699.5
119.5,420.16
118.12,314.91
118.38,785.88
119.5,1049
117.89,1209.6
123.65,697.77
123.64,502.9
123.37,1195.2
122.31,592.97
127.17,103.21
127.61,571.11
133.38,139.47
136.27,284.33
133.32,1013.7
133.12,1096.9
133.67,1205
139.47,435.67
144.44,229.91
145.69,950.5
145.8,88.899
149.27,374.7
149.27,467.48
147,55.5
153.65,409.88
159.02,79.245
156.41,1085.1
160.91,647.47
164.59,1044.1
164.44,1216.2
172.8,539.09
162.9,630.16
166.88,868.31
164.94,56.657
173.01,446.67
172.36,504.45
169.6,849.22
174.22,710.38
179.77,128.1
176.42,328.89
179.93,338.41
183.62,662.45
187.68,154.99
185.59,644.59
186.38,194.43
184.94,1128.9
187.48,631.57
194.32,60.175
189.43,514.61
194.13,1176.4
203.33,783.67
194.35,454.33
195,505.5
200.54,169.15
205.52,585.09
200.44,503.08
201.12,525.65
211.3,1110.4
208.37,1228.8
209.68,453.41
210.73,901.5
208.75,962
210.85,19.118
210.01,486.2
210.73,393.37
212.42,500.89
214.4,191.6
214.42,410.89
218.74,122.39
219.49,509.84
224.56,156.14
225.01,580.69
225.56,1203.1
229.38,362.66
231.68,964.71
228,624.86
229.07,280.59
231.09,1160.9
234,1027.6
242.23,701.82
236.04,189.04
239.73,504.09
236.36,1189.4
238.8,1123.5
239.5,139.5
240.92,798.08
243.99,1240.1
253.24,301.91
244.48,971.36
243.53,357.67
247.54,218.07
251.9,931.27
252.59,520.73
252.62,233.12
254.54,1175.9
258.24,1083.5
263.86,514.36
267.99,1144.6
264.62,1057
279.2,780.03
273.92,538.96
271.63,645.93
272.1,961.68
268.68,1174.2
274.73,166.94
271.62,367.95
273,671.5
272.58,1130.1
273.5,393
282.24,127.14
291.29,359.02
281.61,848.71
286.64,250.85
285.47,931.45
285.47,904.24
285.34,191.68
291.93,1052.1
292.35,1072.9
296.81,1226.9
299.22,118.69
297.8,156.44
305.61,1005.5
308.84,5.9424
304.5,1164.6
304.13,517.09
307.47,745.99
302.8,343.44
307.99,805.46
304.5,53
305.29,107.17
313.84,313.34
321.86,434.25
315.57,299.61
318.28,616.12
321.45,556.8
321.46,591.75
322.46,379.12
326.36,87.326
328.61,669.69
327.02,698.67
327,194
337.23,117.04
337.38,242.57
338.68,539.12
335.34,386.23
338.62,840.3
342,1021
345.71,891.67
346.19,735.94
348.14,290.27
346.64,586.5
347.37,606.6
353.2,370.37
381.62,608.85
352.07,105.47
351.35,837.12
352.09,1124.9
354.82,1232.6
357.61,1078.1
360.52,439.39
365.01,650.48
365.08,764.44
369.86,361.81
372.89,78.418
373.03,1246.2
374.58,991.58
380.26,33.074
379.35,307.56
392.59,199.99
387.26,450.35
391.11,403.75
393.63,89.548
396.79,661.76
394.18,683.05
397.09,845.47
396.49,1133.8
397.14,386.05
399,570.5
414.61,771.49
405.38,255.38
414.58,1239.2
406.32,28.784
407.96,635.87
412.26,606.87
422.46,389.89
414.09,672.82
410.59,735.22
418.74,507.34
413.93,1086.4
415.07,1123.7
421.43,1163.8
422.93,328.96
420.33,633.94
426.24,42.5
424.7,407.8
428.55,714.13
426.54,1136.8
434.44,1109.3
432.62,277.22
434.03,594.55
435.01,639.23
435.53,186.3
436.24,1060.5
437,158.5
440.32,858.47
447.68,113.34
449.17,93.796
444,985.86
447.5,2.2941
452.7,199.54
453.07,800.8
450.41,1126.8
454.03,1165.2
456.89,424.55
461.99,40.866
461.02,347.05
458.87,1185
468.16,1236.5
459.5,321.36
470.85,510.12
466.04,112.51
462.73,368.55
463.42,1127.6
467,738.49
466.86,776.48
467.18,1199
469,1018
468.58,92.105
478.05,716.12
472.43,387.61
475.38,588.02
489.18,1073.3
474.43,1215.6
477.06,659.79
480.28,557.12
482.14,1018.6
491.78,1119.7
490.59,81.481
492.92,271.78
500.62,826.5
497.58,37.364
498.12,26.625
501.71,318.8
500,1246.7
506.14,858.56
500.58,1014.1
503.41,201.93
511.59,236.53
512.32,1138.3
510.24,648.71
515.99,353.46
514.2,970.54
515.33,947.82
514.42,509.89
517.47,692.97
519.69,526.09
520.52,1059.4
520,335.5
521.5,194
522.5,214.88
525.68,361.68
524.09,554.95
525.84,988.4
528.53,1136.3
530.81,85.017
531.55,326.77
530,155.5
536.84,931.95
531.83,508
533.84,1123.4
537.06,442.8
536.38,1246.6
537.85,983.41
537.69,154.55
540.87,290.16
538.68,860
546.97,554.88
538.42,1196.9
542.69,130.24
541.39,509.71
542.15,767.9
547.4,840.25
543.94,808.59
546,75
548.5,396.5
549.49,759.34
550.17,503
555.35,797.96
554.56,110.58
555.42,82.581
555.87,145.03
557,770.8
558.46,15.784
561.37,265.56
564.16,712.97
563.59,855.61
562,362.15
564.71,1075.9
565.13,391.78
567.69,109.46
565.08,156.33
567.32,659.59
566.5,625.5
570.51,487.56
567,758
582.2,562.42
582.69,30.947
578.52,204.33
582.81,1178.8
580.23,159.77
582.1,634.84
585.68,145.77
584.83,712
594.79,986.41
589.83,1041.9
592.67,166.72
597.87,314.38
591.49,601.32
594.64,677.56
595.19,1131.4
593,753.5
592.6,1056.4
599.76,1080.5
607.11,1175.7
607.44,1220.8
606,272.35
609.09,833.31
616.78,127.5
615.2,577.73
617.08,847.99
611.78,939.44
614.33,1076.5
616.68,1115.1
623.2,1008.1
626.52,1053.3
629.64,1168.5
630.39,690.47
626,906
629,978.17
637.24,1132.9
641.04,590.63
637.27,90.625
637.5,382
641.41,193.41
644.57,320
645.63,1244.2
644.08,460.44
646.71,496.65
651.43,392.46
655.74,1094
653.64,1129.5
662.13,288.43
656.02,1029.7
657,331
656.6,1138
657.17,238.13
664.75,718.98
659.64,106.52
662.92,53.27
663.64,780.51
668.54,428.74
664.95,920.08
669.32,452.55
666.5,1236
670.57,624.21
672.82,35.321
683.37,538.46
672,191.85
680.72,645.17
674.9,895.16
676.92,709.6
680.24,82.2
687.12,1092.7
690.85,81.7
690,1053
694.03,331.29
696.08,784.03
692,1034
699.28,606.4
702.52,732.72
701.91,133.5
704.96,1212.2
704,627.86
708.25,872.55
707.95,672.36
712.4,190.91
706.5,394
707.13,699.63
714.5,606.93
724.25,323.45
719.51,883.38
719.5,1015.3
728.97,12.937
726,253.84
728.31,589.26
732.42,694.56
733.3,855.89
731.2,976.83
741.41,1123.5
736.46,889.08
743.77,584.63
741.91,2.697
743.91,947.95
742.17,1020
745.83,374
746,391.5
757.46,1012.6
755.75,140.25
754.91,521.53
756.33,338.49
756.07,717.59
757.36,1094.7
757.17,1139
758.94,154.04
758.43,632.57
768.34,1244.6
768.56,322.1
769.98,686.45
768.89,388.38
782.08,858.45
768.86,345.5
768.91,1071.9
770.5,7
776.15,181.12
777.16,642.84
781.58,1186.9
779.86,299.65
779.75,615.92
780.54,262.41
785.36,1117.7
792.4,594.46
788.97,736.23
785.6,1213
795.26,433.68
792.99,190.17
790.42,64.895
796.82,394.97
800.44,1106.7
804.26,1060.3
799.45,1230.2
802.98,76.448
800.59,1011
804.83,546.49
807.79,716.56
805.42,274.42
808.3,733.49
811.35,434
807.89,889.42
810.47,987.54
818.66,322.39
813.06,793.95
816.25,843.26
815.58,973.41
815.79,251.37
814.86,378.19
819.15,596.67
825.06,668.19
816.68,860.86
817.15,925.45
824.66,684.81
817.81,734.26
818.52,876.48
820.5,1041.5
823,1030.7
835.34,1089.8
823.13,1121
823.42,624.11
826.34,1150.1
827.92,60.564
830.38,80.096
829.34,722
832.93,707.34
838.13,1211.9
835.29,114.61
833.9,9.8621
835.88,340.84
835,534.5
836.57,839.02
842.02,728.77
838.8,1001.1
841.09,451.52
843.05,1114
843.43,871.5
844.08,480.08
847,646.67
852.09,137.09
852.94,701.43
852.89,783.52
851.58,795.11
861.19,337.72
857.79,1225.4
857.59,913
868.39,432.71
862,483
867.53,623.59
863.65,12.269
866,283.83
867.19,368.86
867.33,830
870.79,1105.7
873.13,1154
885.44,652.35
880.61,50.993
882.38,954.38
880.87,1137.2
888.92,1160.3
886.06,487.36
886.5,901.94
889.41,844.29
889.95,278.29
890.19,145.74
892.21,385.08
898.22,618.7
893.4,1143.2
894.42,437.58
897.5,883.29
899.52,698.43
897.94,906.09
900.81,44.072
898.92,125.72
921.59,239.36
901.11,1190.6
909.78,843.61
910.58,904.85
915.53,1048.2
918.22,278.03
916.2,430.47
915.84,457.14
916.74,693.53
921.67,502.91
929.36,95.603
922.4,853.83
920.58,1117.1
923.47,678.15
924.4,415.5
923.58,724.11
924.5,29.5
929.61,1205.1
930.76,309.51
927.91,611.82
930,338.5
933.11,772.87
936.61,14.992
934.85,921.9
942.04,1011.7
941.59,1134
941.13,261.35
945.16,855.7
946.21,740.25
949.02,1200.9
952.08,930.56
953.8,354.63
955.31,482.89
959.2,1151.9
956.59,338.93
958.72,881.93
960.54,1005.3
959.11,212.2
961.75,904.64
963.49,763.17
966,103.04
965.65,830.46
969.9,1067.9
970.78,1010.6
972.15,376.46
971.67,1046
973.42,975.45
973,175
977.23,926.1
977.89,720.72
979.99,45.068
979.35,888.88
984.04,238.44
982,912.14
984.47,1168.3
983.5,276.5
983.42,670.89
988.64,630.52
991.11,448.14
1000.7,4.9788
993,717.5
996.61,430.08
995.6,382.4
998,777
1002.4,480.39
1003.1,640.25
1002.5,444.5
1004.1,508.88
1009.1,693.98
1008.9,460.96
1012.2,737.21
1010.5,849.07
1014.9,1058.2
1018.1,620.3
1017.3,142.94
1015.2,198.02
1016.4,432.5
1016.4,534.2
1017.3,42.29
1021.8,941.67
1023.9,1100
1021.9,820.56
1023.6,850.09
1024.1,1045.1
1026.1,677.05
1025,468.5
1029.6,422.86
1029.9,448.02
1030.4,924.05
1028.9,953.41
1031.6,89.569
1033.2,284.18
1034.4,304.4
1030.8,845.68
1039,470.95
1036.8,975.1
1036.9,709.05
1041.1,1170.4
1044.2,351.49
1048.2,441.87
1044.1,689.83
1047.5,759.4
1043.8,329.71
1045.2,1142.1
1046.1,167.6
1054.9,725.47
1049.3,848.44
1047.5,1002.3
1052.3,557.62
1050.8,799.59
1055,398.5
1062,95.978
1057.8,226.33
1065.5,260.98
1067.2,303.29
1067.9,62.888
1067.9,1051.3
1066.1,454.45
1071.2,407.06
1078.1,569.85
1077.9,636.67
1077.3,918.43
1075,734.58
1075.7,801.46
1081.7,143.82
1083.6,1140.7
1080.1,1217.9
1084.5,582.39
1091.3,353.38
1103.4,722.97
1089.7,314.62
1092.2,30.594
1090.9,229.41
1092.1,670.44
1095.2,1203.8
1092.9,982.09
1098.1,371.33
1101.6,504.76
1098.1,1126.9
1101,753.5
1105.2,970.66
1103,445.5
1107,678.61
1107.7,454.41
1111.9,530.6
1113,611.64
1111.5,1091.1
1110.7,288.81
1107.5,949.5
1114.2,237.89
1115.8,411.5
1111.1,1135.9
1113.5,931
1114.1,982.43
1120.2,267.45
1123.2,33.315
1120.9,1193.6
1129.8,90.424
1124.8,462.97
1123,806.5
1125.4,931.61
1134.1,542.28
1142,912.94
1130.4,298.18
1131,3.0476
1137.3,610.98
1135.3,637.73
1150.5,936.25
1135.4,142.38
1140.1,858.4
1146.7,279.79
1148,895.93
1151.8,314.65
1156.6,1035.9
1155,719.72
1158.4,965.29
1162,32.979
1159.4,696.91
1158.9,1062.1
1159.4,864.58
1168.2,133.93
1162.7,329
1166.1,1090.3
1164.9,765.92
1169,249.96
1168.7,352.8
1169.3,432.73
1167.2,956
1166.4,1109.9
1174.2,901.16
1173.1,920.09
1179.5,626.85
1180.4,817.2
1183.8,278.92
1183.2,27.614
1184.6,199.28
1188.5,1152.2
1187.1,72.356
1186,249.59
1188.4,927.82
1197.2,1114.5
1187.5,46.5
1188.8,1004.6
1188.5,669
1190.6,581.5
1193.9,1067.3
1193.7,11.676
1193.9,724.82
1194.7,453.49
1194.7,1183
1199.1,83.286
1198.9,471.07
1195.3,537.65
1197.4,648.16
1196.7,687
1197.5,868.94
1200.8,939.19
1204.1,234
1206.6,1094.6
1206.5,680.65
1207.5,325.15
1213.3,444.87
1209.3,2.3214
1208.3,106.57
1212.5,540.4
1215.9,894.04
1213.2,1018.2
1211,700.5
1217,354.32
1215.7,875.46
1218.1,925.58
1216.7,1202.8
1220.1,380.19
1221.6,275.22
1218.9,1054.8
1227.9,583.99
1229.3,25.476
1226.8,450.96
1235.6,135.62
1239.8,390.05
1234.5,280
1238.1,98.955
1242.9,1128.6
1240.5,199
1242.5,1048
1246.1,701.03
1245.9,2.4211
