30.512,17.525
2.3768,98.449
4.2871,186.6
3.4082,258.31
11.251,1071
6.4257,1098.5
8.7941,207.51
18.185,52.422
21.172,259.05
21.391,1104.6
30.531,98.074
32.638,597.42
33.822,1014.9
31.842,453.84
40.421,514.01
42.091,625.91
49.354,277.24
58.545,59.257
54.73,121.15
55.655,414.79
69.271,147.68
63.071,687.22
72.156,390.18
72.065,990.47
75.009,34.391
83.503,122.62
75.545,793.75
77.483,316.22
82.432,216.59
91.695,397.29
92.183,709.99
88.692,53.962
94.236,3.9438
96.498,442.39
99.366,181.82
105.73,467.87
107.61,28.02
105.42,149.78
105.16,1000.4
111.73,265.94
114.06,72.619
111.33,111.75
114.12,406.35
124.27,302.93
121.74,1082.6
120.3,669.29
118.39,679.43
126,600.19
145.77,117.81
131.35,972.24
154.13,162.22
136.53,398.31
144.31,16.833
136.93,53.927
137.42,500.89
142.68,341
151.37,410.09
151.45,677.98
160.55,61.135
152,500
156.57,583.94
161.59,445.05
156.95,513.9
159.58,394.89
172,10.974
162.5,417.5
167.82,1015.5
167.19,1149.5
167.73,719.17
171.24,93.084
171.05,974.07
178.57,770.45
172.58,994.65
190.92,366.56
195.05,75.236
192.82,25.195
196.11,993.89
193.92,190.35
199.22,532.21
198.21,250.97
199.77,135.64
209.71,416.41
208.76,1045.8
211.62,50.327
228.06,75.144
223.5,628.64
225.29,10.429
227.5,134.5
234.84,535.9
238.86,451.14
254.73,141.55
244.55,943.26
252.98,749.28
244.23,801.46
253.72,691.52
250.09,487.09
254.89,102.48
253.84,649.9
264.18,611.04
261.28,390.06
262.85,512.74
262.76,800.38
268.94,345.7
271.29,64.325
269.27,98.127
288.42,175.7
279.98,122.56
279.07,495.93
283.58,150.71
282.39,782.57
287.33,644.53
309.36,130.87
306.58,421.91
305.43,198.06
307.8,482.62
309.92,701.54
310.5,546
315.98,928.9
316.8,563.33
320.13,71.455
323.99,473.35
320.91,773.58
321.26,37.261
324.57,633.72
322.06,659.57
328.81,441.4
325.43,1111.6
332.61,582.33
332.91,597.8
334.76,920.51
337.5,616.62
344.45,1110.6
343.68,357.2
349.31,137.33
348.59,802.65
357.3,96.175
361.26,41.325
363.06,199.03
366.26,932.94
371.62,214.33
366.38,980.22
375.41,107.62
380.83,544.33
386.58,3.1818
388.26,172.84
394.01,43.786
391.54,858.85
395.75,207.54
393.1,711.05
393.65,987.12
394.33,485
400.66,814.6
405.49,421.92
405.23,557.39
406.07,1081.8
409,617
414,712.95
413.5,150.5
418.57,1232.4
421.25,50.745
420.29,768.9
426.04,385.21
422.12,195
420.74,1026.8
430.69,958.59
433.05,92.412
435.41,902.34
438.23,418.91
442.39,558.54
443.27,845.75
447.46,607.84
451.45,249.34
451.15,1056.7
455.67,152.24
452.6,695.85
462.48,48.654
464.6,723.55
463.56,201.92
473.6,127.21
475.94,227.82
480.42,36.401
481.12,271.19
482.55,946.27
482.83,143.74
488.06,524.69
490.05,208.83
493.13,502.91
499.31,95.888
504.27,580.03
509.53,1074.6
503.31,1154.8
504,593
508.36,841.81
511.35,307.93
512.5,806
517.58,468.24
516.23,758.2
516,91.098
518.42,878.44
519.19,18.071
519.13,648.94
521.12,255.5
527.09,194.36
525.68,662.42
533.24,179.48
532.47,1051
533,1247.3
535.1,381.87
536.65,1199.7
537.85,637.85
544.66,510.55
540.58,1010.6
541.5,967.5
548.37,608.95
545,981.5
545.08,914.08
551.51,555.85
546.67,742
552.56,711.08
558.33,313.83
566.17,198.1
569.4,500.4
572,576.5
576.5,1109.8
579.62,21.844
580.93,397.44
582.09,443.87
584.05,137.77
582.46,1151.5
585.83,318.23
588.09,160.44
589.98,687.99
601.04,89.531
596.89,548.42
626.14,220.08
627.13,1051
626.95,738.83
630.29,1005.6
635.2,255.68
637.86,659.66
640.5,685.5
643.5,196.4
646.38,405.21
646.31,5.2812
651.97,563.95
650.63,449.63
654.5,307
656.35,809.37
666.2,84.63
665.64,610.42
666.69,795.17
675.92,155.22
663.5,564
663.43,644.36
668.55,29.207
673.9,978.95
682.87,364.49
680.59,436.07
696.39,680.76
685.05,821.95
696.6,1053.7
703.45,332.11
705.45,348.39
706.01,244.74
702.61,855.57
710.28,1166.8
711.51,211.35
713.16,747.68
717.1,994.15
725.66,593.35
726.92,501.46
729.53,572.62
736.94,188.56
742.79,104.01
740.57,85.299
742.32,402.94
748.62,335.93
748.49,387.27
753.29,215.98
752.72,870.35
758.88,540.75
758.64,630.33
757.81,1204.3
765.07,323.19
772.14,411.57
769.86,1138.3
771.47,361.6
777.41,692.46
792.66,51.39
790.29,397.29
793.04,237.28
801.92,984.89
800.14,1111.6
807.98,614.12
803,150
807.81,270.42
814.83,573.96
814.07,259.59
817.18,221.11
820,328.5
830.27,387.23
840.52,683.9
839.57,305.71
839.39,430.78
841.16,238.54
853.23,488.94
846,651.5
850.58,842.14
852.1,1069.5
860.25,60.084
861.73,416.24
860.82,89.67
862.41,604.75
861.15,446.17
861.69,672.12
866.45,337.19
870.77,761.4
874.79,247.53
872.17,934.58
878.31,570.33
881.6,110.32
887.93,783.8
892.45,41.225
898.58,644.05
918.25,478.74
915.97,1059.5
917.85,497.97
922.1,348.03
924.95,279.6
923.59,214.93
926.92,58.917
932.52,469.33
941.4,584.59
933.6,514.63
942.89,489.34
946.29,37.418
945.11,163.42
952.98,96.074
948.07,1045.1
954.12,2.275
954.92,300.08
961.88,417.72
963.01,611.99
959.14,700.71
971.27,339.38
964.58,686.96
974.02,252.08
975.14,969.44
975.13,498.73
989.5,1244.1
984.5,591
994.77,222.08
993.5,26.5
1000.2,13.032
1007.5,178.03
1010.4,57.815
1010.1,804.42
1020.4,283.47
1024.2,208.49
1027.7,572.31
1025.9,485.72
1029.6,397.2
1027.9,303
1037.5,535.18
1037.1,592.12
1037.9,1060.4
1037.5,780.66
1052.5,757.5
1057.7,811.39
1063.4,105.73
1065.5,476
1077.4,562.78
1081.8,339
1087.1,844.5
1094.6,67.783
1101.2,654.56
1106.4,127.46
1116.9,363.91
1112.8,970.94
1128.1,150.66
1144.6,81.595
1133.6,504.43
1139,198.58
1144.3,294.45
1146.3,457.79
1158.2,608.27
1154.9,416.4
1154.8,909.8
1161.6,237.29
1155.4,1044.1
1162.2,170.58
1163.2,576.47
1163.1,53.436
1164.1,462.62
1165.9,942.58
1179.2,117.95
1184,44.807
1187.8,495.85
1188.2,946.49
1190.6,145.13
1190.2,187.69
1190.3,243.67
1188.9,101.14
1194.1,1095.5
1193,664.5
1191.9,1039.4
1198.6,23.478
1194,1212.4
1199.5,628.82
1204.1,360.76
1200.2,591.78
1208.7,696.49
1209,718.51
1211.2,150.28
1211.8,772
1213.6,241.54
1218.3,631.6
1221.5,335.45
1219.9,544.89
1237.3,256.48
1233.1,11.31
1239.5,33.571
1238.5,62.251
1237.6,1042.3
1238.1,992
1242.2,866.04
1244.9,15.452
1245.6,351.5
1246.2,689.33
