7.2897,838.08
5.9057,1235.6
9.44,634.39
11.137,914.92
12.093,986.73
13.5,342.35
19.818,873.95
23.539,556.03
22.5,1007.5
24.442,670.62
25.945,1231.4
24.56,711.92
24,244
25.826,532
33,208
37.279,1244.7
37.4,409.6
39.917,917.92
53.542,52.378
56.588,1213.8
54.579,31.895
60.953,472.64
56.174,548
67.85,381.77
59,853
64.32,874.48
64,726.5
72.452,628.43
72.147,605.79
73.25,753.27
74.022,969.37
80,206.5
88.037,1186.7
85.421,81.895
90.139,692.37
92,1127.5
96.605,801.4
103.06,204.61
96.091,145.91
100.69,162.28
100.68,851.34
100.77,1106.6
103.09,475.82
104.07,701.59
108.97,1158
110.82,925.43
113.63,383.15
123.14,480.74
119.55,602.16
123.96,579.28
122.5,1139
131.38,683.95
129.66,91.057
129.42,169.45
129.7,991.5
130.35,779.5
134.04,519.43
136.94,216.91
138.62,349.34
140.55,281.05
139.14,728.5
143.15,203.78
141.55,890.69
150,782.05
155.14,901.76
155.1,834.45
157,1090.2
161.75,791.25
165.62,1024.6
164.96,230.39
165.34,817.58
167.94,985.31
168.57,482.38
169.58,373.11
180.19,805.33
182.57,1046
182.37,360.37
194.61,342.6
190.28,500.3
192.06,969.57
193.73,1173.4
197.03,32.929
203.32,8.5484
201.17,561.31
196.17,702
200.69,769
210.17,1127.8
212.28,55.794
213,989.09
215.92,723.28
215.1,373.62
216,470
216.58,213.89
229.82,538.78
224.35,897.16
227.67,624.89
227.42,755.65
226.5,1099
229.96,705.63
237.42,739.89
244.07,973.05
246.5,1214.5
253.07,385.59
255.43,547.61
255.33,956
260.16,83.44
260.58,149.95
261.44,55.164
265.97,1060.9
268.56,445.34
266.57,29.609
271,5.5
275.54,152.78
276.94,355.91
274.1,656.4
273.5,738.5
275.65,1204.1
279.6,59.083
279.63,309.9
279.82,458.43
278.33,498
280.6,681.6
282.93,765.61
286.55,677.71
286.94,736.09
290.5,161
292.27,433.56
294.5,318
300.03,107.22
299.19,148.14
301.08,411.19
303,250.5
307.1,1052.9
310.39,1139.8
311.81,197.67
315.49,306.78
311.17,739
316.5,484
323.76,163.23
331.06,542.07
354.29,216.7
352.75,384.35
364.74,1139
356.58,489.89
361.51,106.48
365.26,466.48
365.34,521.75
362.91,606.09
370.08,887.01
372.46,710.87
374.62,423.27
378.03,829.83
378.16,681.1
377.42,1164.9
380.1,1203.9
387.61,243.89
382.09,514.09
384.13,1033.5
382.58,907.11
390.79,751.47
389.86,810.86
391.89,1218.6
393.69,867.52
396.5,287.3
397.2,502.46
399.35,932.72
408.51,801.44
406.49,236.02
407.34,78.886
413.61,674.37
416.08,1235.1
417.65,1098.9
430.55,1190.3
426.89,1029
426.91,579.09
428.17,1051.7
433.76,875.7
434.39,1126
435.5,1009.5
437.2,382.32
442.5,1242.5
447.97,52.452
446.91,416.91
449.07,803.41
453.49,287.53
458.94,488.86
457.76,685.42
458.46,365.78
461.69,471.98
467.5,519.5
468.17,766.57
469.05,92.818
472.81,947.64
488.14,597.42
487.36,787.34
487.5,457.88
492.87,18.214
489.5,551.5
497.89,1148.7
503.14,27.391
504.13,935.11
506.81,306.44
512.33,604.2
513.59,116.93
521.59,973.65
522.06,1095.9
529.29,72.684
528.5,1115.5
537.11,451.09
550.07,54.593
550.14,810.86
552,516.9
552.72,1087.2
560.54,100.12
560.5,1032.5
563.08,273.08
570.41,155.43
568.08,1142.9
570.41,705.48
579.67,62
583.33,451
591.44,713.73
592.36,247.74
593.19,792.48
595.62,63.583
596.57,83.189
596.68,326.72
596.17,1017.1
596,1212.5
609.83,293.05
605.77,1214.6
619.83,1037.5
617,1200.7
629.06,782.06
624.09,1213.1
628.06,64.298
631.05,730.5
630,155.65
631.17,851
633.44,1104.5
634.43,420.31
637.5,756.5
638.65,911.27
644.58,547.63
651.68,276.84
648.75,756.36
659.54,790.46
662.47,1148.2
673.88,804.37
676.21,681.8
675.26,1118.3
676.97,125.83
680.13,342.64
686.36,556.5
688.4,881.23
688.42,72.576
690.41,409.65
690.98,305.26
692.03,359.86
695.39,794.14
696.68,241.95
702.31,1087.3
697,1149.7
701.08,520.22
700.62,776.35
700.5,725.5
703.99,1016.8
709.18,730.67
711.86,902.67
715.81,1120.4
718.13,210.14
717.94,1200.5
729.81,713.82
732.72,479.75
726.86,151.73
729.86,1028.1
738.26,902.15
736.11,220.11
739.94,176.97
749.06,1187
746.5,467.5
749,748.5
765.83,297.18
759.84,974.81
765.36,5.4505
766.62,146.29
768.53,809.79
765.42,1140
771.43,106.95
772.5,999.5
775.19,55.929
780.79,543.11
788.23,817.76
789.77,147.68
789.58,892.89
792,87.679
797.42,683.07
801.35,732.41
801.03,170.9
805.58,263.11
808.72,488.7
810.97,984.68
810.42,229.53
819.6,44.487
820.85,746.92
827.91,109.64
830.56,322.5
830.68,727.12
829.07,497.74
833.57,1154.8
835,976
841.33,61.877
841.12,1195.9
844.8,83.466
841.67,379
842.92,1215.1
847.7,870.05
850.33,502.16
851.78,931.77
850,135.41
854.16,1209.3
857.17,775
861.7,695.05
864.04,263.77
872.89,376.14
862.16,931.93
866.42,816.16
865.94,1079.3
866.03,155.29
869.25,16.753
886.81,707.14
891.75,1165
893.87,423.48
893.5,48
894,337.5
893.42,1087.9
896.52,315.99
898.45,5.7753
895.57,892.61
896.42,1122.1
899.42,655.11
903,555.5
905.5,795.22
914.37,354.35
916.93,35.462
917.12,862.3
916.11,1127.6
915.83,1202
920.61,1242.9
926.63,564.7
928.61,1106.2
932.12,94.122
942.11,718.63
947.98,13.931
949.31,601.02
953.11,1198.6
952.85,568.32
956,1068.8
959.93,1140.5
958.4,1215.1
958.98,731.13
958.93,650.59
964.5,1044
967.28,168.29
970.4,139.89
973.99,1056.3
982.71,609.89
979.1,284.03
977,1107
981.11,251.53
978.93,375.41
983,519.5
985.58,555.32
988.78,74.469
988.5,893.5
997.02,143.32
997.77,1196.6
1002.7,1111.2
1005.9,392.58
1006.1,708.37
1012.3,898.11
1017.9,718.56
1022.9,696.04
1027.5,722
1029.6,806.14
1031.1,417.05
1035.5,344.5
1036.6,872.3
1038,1096
1040.2,551.69
1042.6,1022.6
1039,17
1044.4,17.4
1047,427.42
1049.2,363
1052.5,890.81
1054.5,987.55
1057,36.098
1057,433.28
1059.6,1052.3
1061.9,77.442
1060.8,505.24
1069.4,273.21
1064.4,1107.9
1068.7,1222.6
1067.7,708.05
1069.9,741.09
1074.2,659.14
1076.1,1204.4
1080.1,491.41
1084.4,479.8
1089.3,834.66
1092.3,321.97
1092.8,608.8
1096.5,122.5
1098.2,369.79
1101.4,501.87
1105,889.05
1107,647.66
1106.2,792.44
1111.4,1206.5
1116.7,409.93
1120.4,1074.8
1116.1,847.62
1120,631.81
1124.3,714.46
1131.4,509.55
1135.8,813.09
1132.4,872.31
1134,242.31
1134.3,691.35
1141.9,938.23
1144.4,743.76
1141,771.5
1148.6,972.98
1148.1,115.69
1150.6,334.4
1154,503.24
1154.1,36.839
1162,263.5
1166.2,1077
1165,537.16
1166.8,941.5
1169.8,1180.5
1170.2,684.77
1169.6,820.02
1172.1,183.03
1176.5,717.17
1176.1,1006.6
1179,364.5
1185.5,759.03
1187.6,308.15
1191.9,130.13
1192.7,145.9
1197.5,1232.2
1200.8,504.96
1202,752
1200.5,373.73
1213.6,582.22
1212.9,251.87
1212.6,3.9268
1211.5,501
1216.5,1006
1222.6,456.86
1223.6,1035.6
1226.9,562.73
1230.5,801.58
1232.8,360.57
1235,1236.5
1239.7,822.37
1239.6,89.531
1244.4,478.44
1245.3,64.228
1244.1,499.91
