4.5909,54.5
13.474,162.28
3.5641,364.08
4.3429,664.94
9,1142
10.917,1225.9
16,208
19.273,480.5
26,927.86
29.263,329.04
34.752,891.97
34,1111.7
38.259,1031.4
43.457,433.91
44.459,934.56
46,869.32
50.696,696.2
56,51.5
65.565,321.61
69.069,2.2069
67.459,935.22
71.064,1181.6
73,635.5
72,440
81.996,920.93
78.833,291.51
78.259,368.03
80.151,538.25
77,1207.5
85.593,568.81
88.919,628.46
90.5,666
98.136,606.54
99.508,1200.2
100.5,926
117.77,897.99
121.8,142.35
118,1228
132.79,406.67
131.9,318.71
135.2,1048.8
136.33,392
141.41,563.6
141.59,1246.4
147.56,384.59
153.5,665
158.83,384.52
161.43,1149.5
163.01,366.15
162.94,133.45
164.29,836.29
169.62,650.84
177.82,1073.7
177.42,712.89
186.19,963.77
187.92,1008.8
194.73,148.61
194.94,459.75
196.96,219.23
197.46,106.21
196.5,1101
202.25,611.52
201,985.5
206.16,29.649
207.22,123.52
211,1115.5
216.28,369.19
220.64,643.93
221,550.83
226.46,765.05
223.5,794.5
229.48,65.062
232.03,510.57
237.13,9.8718
239.75,49.694
241.41,695.45
255.5,478
260.7,535.35
261.09,899.91
265.14,825.85
268.96,751.11
273,386.16
272.96,990.58
277.09,93.113
280.68,591.92
283.96,810.44
284.77,288.21
287,1104.5
292.12,418.88
291.5,142.5
295.96,985.69
297.37,219.7
298.24,1121.8
308.41,1097
308.75,889.83
313.6,943.64
317.38,522.13
321.14,420.93
322.06,1095.6
323.09,818.91
335.5,696
338.45,299.98
338.87,1107.1
337.07,113.59
348.66,895.02
349.5,655.05
356.81,229.78
357.99,587.25
360.5,556.43
367.57,515.23
368.86,702.86
374.72,260.82
372.96,413.44
378,743.5
382.91,69.546
380.44,427.42
384.5,545.5
385.66,1088.1
387.96,111.87
388.87,595.77
392.7,496.5
395.91,663.13
399.11,739.94
399.31,1219.2
405.55,563.93
405.53,977.73
405.41,613.07
412.6,402.64
416.35,210.12
417.91,1080.1
422.69,760.36
420.27,988.68
429.04,92.967
433.75,900.61
437.44,318.77
447.77,551.15
447.56,1084.8
451.53,741.83
462.4,1101.1
463.47,1140.4
472.18,128.85
469.83,183.38
472.7,884.56
478.69,972.3
475.6,958.6
479.34,624.07
483.11,539.81
483.47,735.67
490.7,1162
492.36,454.42
495.82,375.34
495.3,1016.6
497,436.5
498.05,269.09
499.65,883.07
499.07,410.41
501.25,544.12
505.49,397.72
507.91,132.79
513,594.17
520.96,243.09
522.4,602.6
524.39,833.86
528.33,371.5
526.5,684
531.35,333.58
534.76,902.11
537.74,1048
536.84,767.69
543.62,354.03
546.53,545.43
550.47,1094
554.18,171.65
556.93,587.59
565.25,330.69
566.72,631.26
562.5,565.5
565.09,996.09
566.5,1222.3
571.63,785.39
573.8,686.95
577.56,410.89
580,103.16
581.45,882.05
607.27,996.14
610.11,124.38
619.94,97.298
619.51,239.4
619.42,139.89
626.47,453.31
628.39,173.68
629.07,875.41
635.3,371.47
635.42,85.895
642.6,1067
658.93,207.59
663.77,923.53
668.47,1182.2
671.11,329.5
675.18,828
679.79,115.09
682.7,518.79
683.42,469.58
691.22,1153.8
689.93,899.41
693.39,373.39
698.81,527.41
700.12,715.11
701.02,852.85
702,49.25
701,420.32
704.92,403.92
706.04,732.58
707.82,822.05
709.5,31.5
710.8,1029.5
726.45,523.23
716.78,721.32
737.11,830.22
739.24,1173.9
739.19,25.143
742.99,376.14
743.06,1150
747.77,996.91
759.93,45.414
762.33,229.17
765.85,399.49
778.06,999.03
784.4,155.47
783.5,721.5
790.47,663.33
791.73,1014.5
803.09,470.09
802.5,809.5
807.5,1169.5
812.64,70.566
815.93,108.41
822.99,648.83
827.39,252.86
828.37,556.63
837.18,1165.9
841.56,1225.9
843.88,251
846.29,107.33
847.55,739.06
848.13,1022.8
850,872.5
856.91,287.12
863.29,926.29
867.63,2.9783
866.53,1063.3
869.05,312.93
871.99,646.88
875.18,436.62
877.63,696.39
881.56,377.78
888.39,927.25
900.95,266.47
903.44,756.02
906.76,16.541
915.46,1069.8
915.83,56
927.36,589.89
927.26,1021
928.83,507.11
937.1,295.53
940.2,777.93
941.96,700.43
953.11,935.21
959.51,381.34
962.6,480.11
965.64,22.693
968.23,794.96
972.19,565.14
977.55,61.324
985.33,942.78
989.88,1205.4
991.77,238.01
995.3,70.786
998.48,751.48
1004.5,763.55
1007,529.31
1008.4,299.11
1015.2,664.37
1017,886.5
1018.3,369
1032.8,320.52
1036.9,800.54
1046.3,11.416
1044.3,215.89
1043.4,88.092
1041.4,566.37
1047.2,575.35
1052.9,894.89
1049.9,281.41
1056.6,934.62
1058.9,784.77
1057.1,167.58
1057.9,305.98
1065.8,506.57
1066.5,875
1075.9,732.35
1078.6,980.53
1087.6,651.37
1084,1041
1087.7,549.51
1090.6,243.67
1091.1,352.57
1093.5,1145.6
1100.5,714
1100.5,932.5
1108.3,239.58
1106.9,904.86
1109.1,978.9
1114.9,50.832
1116.9,252.42
1119.1,1146.9
1127.8,961.81
1127.8,149.33
1134.2,852.02
1142.3,759.75
1148.5,505.37
1146.8,969.83
1155.9,426.41
1159.1,73.091
1171.1,376.75
1176.6,865.69
1183.5,1077.5
1190.6,24.59
1192.5,306.85
1189.9,1165.1
1187,334.5
1193.1,680.56
1197.7,556.09
1197.9,1045.5
1204.5,348.26
1204.4,765.53
1209,371.91
1209.6,284.63
1210.8,579.25
1228.6,138.57
1238.5,96.314
1238.4,1029.1
1243.6,844.52
1245,411
