3.9388,294.31
4.2786,988.9
1.8333,1043.9
6.4103,383.64
14.081,629.87
6.5,60.5
10.696,815.18
13.933,941.56
24.387,173.13
18.115,58.712
21.686,704.77
26.548,611.84
32.63,987.86
27.435,467.61
40.725,59.652
31,309.17
45.661,789.76
37.317,384.29
39.667,118
41.559,1023.5
39.5,1038
46.86,834.13
43,363
46.405,597.36
48.174,361.13
49.2,896.44
52.595,301.5
53.446,859.06
58.436,481.92
61.5,256.5
65.392,25.905
68.667,227
70.115,630.65
72.083,319.92
76.714,578.33
80.475,288.93
93.802,326.51
87.067,349.17
92.333,81.833
91,123.5
92.914,822.32
93.426,923.02
94.174,472
97.593,2.8148
100.75,288.18
104.6,724.42
105.48,823.79
106.8,930.44
108.03,1212.8
108.4,1171.9
109.38,1246.7
110.65,997.42
113.14,1113.6
116.39,838.7
116.87,917.48
114.93,426.41
116.46,13.914
120.06,434.58
122.92,414.44
125.91,820.09
135.71,222.38
134.41,839.76
138.8,129.2
140.97,71.552
139.5,794.5
140.41,357.94
144.16,862.6
144.09,192.09
161.93,382.19
166.44,705.01
160.26,758.04
160.04,916.15
159.21,222.77
160.46,490.78
163.89,313.09
161.94,774.47
165.16,246.39
165.58,532.58
172.04,458.94
176.17,730.88
179.57,1147.8
178.87,933.24
181.91,609.09
183.66,635.47
189.09,841.65
188.42,30.895
189.07,366.41
188.92,884.44
194.31,191.9
194.1,344.83
194.31,802.43
196.14,622.25
194.41,656.93
198.73,918.45
199.61,952.5
204.44,548.4
204.5,87.219
202,845.5
204.92,825.75
207.76,395.39
213.6,642.37
208.25,992.63
209.59,922.94
212.5,613
213.62,1020.3
212.29,1047.5
219.75,43.486
218.39,243.86
221.05,106.05
222.5,621
224.32,762.65
228.75,985.14
235.64,639.53
230.91,125.05
233.08,19.917
234.34,814.47
235.08,92.917
238.38,533.12
243.45,212.44
243.17,442
244.51,614.16
245.42,919.43
243.73,748.65
249.74,232.47
246.44,866.78
252.06,981.43
253.7,30.144
249.42,1075.1
256.45,1027.9
254.58,869.85
255,474.14
259.04,575.24
257.49,641.62
261.21,831.2
261.33,602.8
260,677.5
262.16,1096.8
263.81,946.85
268.85,627.66
276.06,71.695
276.92,698.74
271.79,1026.1
272,247
277.06,335.95
273.83,552
284.16,235.08
281.58,640.11
283,572
284.58,681.91
285,865.5
290.72,941.53
290.82,249.26
294.96,356.07
295.36,109.72
292.73,536.35
295.54,608.35
306.83,795.7
306.46,1071
299.98,559.83
303.36,1184.5
303.85,1215.8
302.77,848.88
305.17,47.426
307.6,1145.4
310.28,485.88
311.6,116.92
311.37,832.03
312.28,1105.4
315.89,664.57
322.56,447.58
329.3,555.49
323,901.17
329.76,1205.7
327.14,1177.5
330.86,810.12
335.16,268.03
334.05,150.53
337.44,574.51
336.82,1001.5
339.4,307.6
346.69,979.15
348.22,900.54
344.89,873.42
346.88,219.54
350.04,122.78
350.58,709.06
352.69,27.69
350.81,604.25
358.37,335.89
359.17,837.04
357.28,215.72
358.87,809.93
359.32,226.05
362.6,142.56
370,1216
373.39,718.77
372.51,769.68
376.09,449.75
382.47,271.34
380.69,410.62
377.86,835.57
380.63,362.37
383.14,805.83
387.55,1139.3
386.6,703.3
391.4,68.086
395.34,930.4
392.93,307.41
396.5,532.12
398.78,556.58
398.66,81.375
405.56,750.67
400.24,1212.5
400.12,908.88
403,832.5
409.66,884.28
409.21,154.53
409,290
415.04,929.69
412.71,213.5
418.3,471.81
421.85,694.53
412.5,277
418.97,1099.6
418.64,974.13
418,1035.7
418.5,91.5
420.14,418.5
423.33,56.864
422.44,1056
426.5,831.3
425.35,308
432.08,855.64
428,882
434.42,416.43
431.91,1112.9
438.57,605.63
433.97,912.44
434,795.82
434.61,1070.1
439.57,315.94
444.15,339.23
446.16,7.3694
446.25,404.88
447.52,1037.6
444.09,1149.1
449.09,723.09
449.82,376.22
447.38,435.42
448.68,49.403
449.13,304.8
452.69,810.06
452.88,1004.2
452.68,746.35
453.27,936.45
454.5,399.5
460.88,781.23
463.32,210.84
465.21,754.52
467.35,466.42
468.38,928.9
470.77,188.14
473.7,354.35
472.09,706.13
472.67,770.78
478.11,237.98
475,63.094
477.58,393.45
477.42,171.11
484.69,686.77
482,326.5
487.1,429.47
485.94,1088.9
486.71,376.81
486.59,462.07
487.35,78.912
491.62,577.27
489.88,1040.3
500.66,288.09
503.5,30.5
505.93,693.41
508.06,109.43
506.5,219
511.48,1133.4
510.98,522.36
511.65,610.94
514.96,966.29
517.87,330.84
524.84,289.33
525.5,261.5
527.61,1108.5
534.78,184.38
531.07,420.07
532.56,1010.5
533.3,138.77
531.38,870.5
536.59,669.89
536.83,762.67
536.5,262
535.91,344.05
536.44,784.04
538.17,1053
542.32,392.55
542,581
545,643.53
542.86,1185.9
547.95,594.07
550,295
549.95,62.921
552.15,521.55
550.31,733.53
554.75,395.71
555.05,811.09
561.47,1245.1
557.5,663.87
565.23,295.39
563.59,412.41
563.91,1194.9
569.49,560.5
564,622
568.32,913.77
568.7,212.13
572.09,21.091
571.8,168.44
578.18,413.4
573.43,448.39
576.1,933.62
581.22,1175.5
584.93,101.65
576,685.83
577.98,1036.9
582.42,769.77
581.98,269.55
585.5,904
588.69,1016.3
588.11,152.89
587.8,485.5
588.2,787.1
594.83,43.866
592.79,955.09
591.44,1245.6
592.03,310.63
605.07,67.363
594.7,637.07
593.59,845
597.12,1121.3
599.72,697.19
597.42,293.11
600.93,466.96
602.99,740.19
605.43,405.31
602.08,434.29
601.4,575.4
601.5,1206.5
605.85,19.03
610.5,849.86
606.58,1183.1
607,128
613.91,629.67
618.73,317.21
609.5,48.5
612.02,1204.9
614.21,695.5
625.67,34.918
621.09,133.91
623.68,100.72
624.26,10.2
631.81,498.79
624.5,293
626.42,180.58
636.09,1132.4
631.98,551.84
630.93,340.07
641.69,78.015
631.81,938.46
640.33,107.3
638.63,11.399
635.38,535.77
639.5,1086
644,62.174
648.14,381.96
647.92,222.48
648.37,696.45
649.67,1215.1
650.35,813.56
655.08,426.17
654.73,708.61
657.86,1224.9
662.83,30.515
677.63,187.64
664,701
667.91,911.91
669.17,422
670.11,682.58
675.32,1224.5
671.14,1025.1
673.44,991.08
675.26,710.12
678.27,374
680,879.5
683.82,99.818
689.5,599.5
692,1000.3
692,380
697.77,20.78
697.23,688.35
698.28,85.744
701.22,722.87
700.51,218.54
701.05,592.23
699.4,73.4
710.11,172.26
707.5,418
715.59,1198.8
715,577.6
721.68,619.05
723.91,517.17
729.61,823.99
726.6,1232.8
727.08,499.08
742.13,427.32
732.09,724.09
735.46,34.293
735,1013.8
736.11,704.58
738.92,1240
742.59,197.89
743.83,162.72
746.6,20.267
751.32,525.58
752.48,702.13
758.6,138.23
760.67,1092
764.36,21.364
762.89,651.55
765.34,769.15
765.5,480
777.46,924.93
777.77,412.27
777.5,971.5
778,424
779.06,1049.6
782.48,942.65
785.03,1219.1
786.8,644.8
786.41,835.23
789.31,82.73
788.98,394.95
791.49,687.91
789.5,1003.5
791.94,1076.5
794.34,1177
795.44,9.2459
796.89,706.58
800.43,127.89
799.17,1016.2
805.01,152.48
800.69,441.86
800.5,768
805.82,415.34
808.17,207.48
809.41,1131.3
808.44,858.47
816.79,1227.3
819.22,347.53
818.29,857.55
827.72,233.7
825.6,162.06
827.48,1191.7
834.29,608.57
832.27,657.16
828.08,466.92
831.59,717.15
834.6,419.64
830.93,537.44
839.16,1064.1
836.38,906.07
837,1160.6
835.8,981.44
838.37,1044.2
838.94,25.043
837.38,459.22
840.45,183.26
838.58,560.11
841.52,1236.7
845.02,874.27
842.53,1134.7
847.81,254.26
848.49,636.92
845,462
848.53,532.29
847.54,1037.3
851.44,960.97
851.35,718
853.47,1187.4
855.14,562.18
850.5,864
857.89,664.29
854.78,96.654
855.22,691.54
857.24,131.03
857.81,415.94
858.17,515
859.48,1164.7
865.82,465.27
863.17,808.3
869.28,994.71
864.5,729.39
866.85,1020.8
864.85,49.545
867.59,687.02
867.88,746.59
873.76,869.84
867.75,1159.8
872.36,285.86
870.31,542.69
867.5,1187
875.91,5.3916
870.93,437.59
879.65,192.81
876,52.5
876.56,421.59
876.91,1136.1
880.86,761.63
879.37,1190.4
887.13,43.806
887.24,98.797
888.11,84
886.85,596.8
890.46,1074.3
893.66,250.17
895,683.1
898.48,667.66
900.49,1091.5
900.4,386.57
898.39,528.61
898.84,567.1
905.17,311.4
899.47,920.85
903.83,53
913.78,349.12
904.07,107.02
910.8,20.961
914.63,778.22
906.43,278.05
914.69,685.29
911.17,849
922.31,520.68
913,1097.7
917.67,952.5
920.78,280.63
929.03,933.88
925,134.59
926.76,647.52
926.5,368
929.25,1089.9
929.5,1168.5
930.92,238
930.5,1001.1
941.02,189.45
934.93,370.93
939.29,351.26
940.89,1043.3
941.5,272.35
945.33,1144
949.95,615.54
950.43,1005.8
951.92,789.31
954.62,47.948
956.57,1050.1
956.88,899.31
955.74,916.81
965.42,563.2
963.59,1095.4
973.42,341.42
970.5,743.88
975.32,464.53
974.33,1153
977.15,995.65
984,770
990.48,693.67
988.88,1074.7
987.93,920.59
988,1134.5
991,142.88
992.09,462.09
995.59,890.53
996.43,278.6
999.54,251.89
999.08,804.92
1003.6,194.45
1006.1,319.34
1010.2,152.2
1010.1,136.07
1012,754.41
1018.6,893.81
1016.6,532.41
1016.3,985
1017.9,1064.6
1019.9,1080.2
1024.9,840.54
1023.6,912.9
1027.4,1106.7
1033.3,546.13
1030.1,186.58
1032.5,51
1034.2,715.62
1035,305.53
1033.1,1088.8
1033.9,173.65
1034.2,639.44
1034.5,1070.8
1036.8,233.24
1037.7,1139.2
1038.8,436.08
1039,574
1039.9,455.41
1050,186.84
1044.6,482.52
1047.7,835.12
1046,204.5
1048.2,244.14
1049.5,1183
1050.9,12.971
1053.7,254.4
1053.4,992.5
1055.8,78.409
1056.1,801.58
1062,1243.3
1058.5,417.5
1062.4,533.12
1060.9,1033.2
1062.1,316.54
1068.1,297.13
1063.3,675
1066.2,873.42
1065.1,45
1065.4,739.86
1070.3,59.079
1066.5,943.5
1069.9,585.55
1073.7,460.47
1073.8,1162.4
1077.1,882.47
1076.3,1038.8
1077.3,1137.6
1086.5,206.15
1089.1,647.91
1088.5,942.5
1091.1,1128.5
1088.9,1238.6
1097.2,931.58
1100.1,111.09
1102.4,697.34
1102.4,1244.1
1105.2,854.81
1104.8,911.48
1102.8,301.07
1112.9,815.94
1112.8,75
1112.5,1178
1118,19.927
1115.3,358.43
1113.6,411.6
1117.4,1093.6
1129.9,228.28
1121.9,911.29
1124.8,1206.2
1126.5,667
1127.6,1069.6
1127.6,132.11
1130.5,826.58
1130.4,38.083
1132.6,488.56
1134.1,1013.9
1136.4,794.11
1141.6,522.56
1144.7,208.47
1145.9,137.56
1150.7,383.9
1149.1,1093.6
1155.5,98.651
1155.1,606.82
1153.4,890.11
1160.1,553.65
1160.5,1166.1
1161.5,1003.7
1164.4,1146.4
1165.4,295.5
1166.6,416.39
1166.5,836.5
1168,880.32
1175.4,1044.2
1172.7,316.51
1172.7,100.71
1173.9,636.95
1181.4,363.56
1175.8,931.77
1178.6,451.15
1179.5,550.12
1180.7,770.15
1183.1,1168.1
1186.3,788.06
1191.5,277.27
1189.4,701.14
1191.7,542.05
1194,35
1198.7,47.857
1195.2,369.79
1196.1,499.61
1197.3,690.11
1200.2,1119.8
1200.4,536.45
1206.4,1086.7
1206.6,902.75
1205.4,421.11
1208.1,433.09
1209.7,496.13
1212.2,583.65
1213.1,609.09
1211.5,76.306
1213.5,242.28
1214.2,832.39
1215.5,623.5
1224.4,1183.4
1228.1,867.28
1229.7,185.35
1231.1,964.54
1230,37
1232.2,299.18
1238.8,386.77
1232.1,360.88
1233.6,822.03
1235.3,1212.3
1238.9,705.67
1236.9,148.88
1235.8,1084.6
1238.9,633.7
1242.3,510.21
1240.5,328.5
1244.4,556.85
1243.7,667.26
1244.5,14.5
1243.7,171
