28.264,543.8
1.8462,581
1.5,592.5
4.9483,718.28
14.714,800.38
5.2835,841.45
1.9024,963
3.5789,619.53
8.0615,682.62
8.9565,782.52
20.404,671.05
18.75,764.12
34.518,500.33
33.828,466.31
34.462,1196
35.76,725.51
35.339,816.83
42.272,595.72
41.505,634.84
32.652,655.67
34.083,758.92
40.568,439.47
50.028,1114.1
44.457,797.1
46.741,182.26
51.217,388.78
55.92,719.82
52.24,812.57
55.078,146.42
55.242,1246.5
58.619,464.68
57.014,361.4
65.497,512.16
71.929,616.64
57.333,423.33
61.848,244.73
63.782,818.13
67.254,1135.1
67.024,186.14
69.542,550.42
68.634,801.5
77.365,315.6
90.772,355.1
80.679,244.3
72.16,992.44
77.913,443.09
76.366,766.15
79.659,684.91
78.045,975.06
77.081,1023.5
85.153,398.28
92.316,1128.7
90.319,169.8
96.806,475.78
87.333,54.833
91.98,732.51
90.528,1060.3
90.5,256
113.58,707.28
93.719,1030.4
98.151,554.34
105.48,58.926
95,764.35
97.509,925.34
96.879,509
122.8,609.13
108.28,669.82
116.82,547.42
102.86,1185.1
103.09,1098.5
106.03,211.47
113.26,988.19
112.34,1070.4
118.39,127.89
111.43,245
126.38,404.71
122.81,913.31
124.09,1036.2
121.78,1112.8
115.06,477.91
116.87,27.968
116.88,856.35
117.44,652.08
122.57,1150.2
128.75,820.03
128.79,325.58
129.25,34.392
130.39,949.7
130.76,1243.6
129.9,441.55
134.96,307.26
134.94,878.09
139.24,270.73
151.88,1225.1
150.06,644.51
144.31,327.45
183.62,383.86
159.98,537.27
153.79,288.82
153.46,472.42
150.96,930.51
150.01,849.96
151.71,826.26
156.74,64.502
156.66,1172
152.91,1246.1
161.36,264.55
157.11,758.13
157.06,564.06
157.26,234.23
158.8,746.9
174.78,838.52
159.54,867.22
163.11,5.3333
164.56,1211.1
165.7,120.87
188.33,932.33
170.1,715.56
172.72,889.51
170,54.5
170.5,330.5
174.26,1174.2
180.59,781.06
195.75,9.6484
193.07,804.84
187.98,158.86
187.89,661.13
197.03,1025.7
193.04,707
201.91,739.96
205.72,284.01
207.32,832.43
210.56,753.42
209.42,871.89
215.29,672.94
216.14,598
217.46,488.02
223.7,1241.1
222.43,335.93
223.93,249.97
226.07,815.52
227.71,949.92
238.15,523.43
230.61,873.56
229.62,610.06
233.71,839.55
251.3,455.26
247.31,786.76
243.65,650.21
241.56,905.68
252.11,1168.3
232.34,571.11
251.07,823.71
250.3,270.7
254.22,1015.2
255.68,390.72
258.67,631.16
269.68,666.73
263.96,903.25
264.49,378
278.37,837.5
270.96,805.7
268.32,393.44
270.81,234.69
267.35,560.77
275.28,1216.1
269.07,1196.4
276.51,933.6
281.98,615.8
290.76,1081.7
292.17,288.43
307.67,891.96
288.91,676.05
288.79,337.62
298.46,1023.1
303.83,937.11
302.18,1144.7
312.62,608.97
315.8,679.21
300.92,185.44
311.82,581.14
315.58,774.06
309.3,239.92
305.88,741.5
309.19,559.2
315.53,360.89
310.57,526.43
314.27,982.28
313.54,342.09
319.42,1068.1
317.94,218.91
323.07,624.48
328.45,845.09
322.92,284.46
342.06,554.96
327.42,1065
334.16,723.65
342.77,175.47
344.16,638.4
392.94,574.42
339.21,824.23
339.17,655.37
347.38,1143
342,534.7
346.75,690.33
349.4,587.33
345.37,913.73
365.31,650.79
350.52,671.26
420.03,952.15
355.87,1206.7
380.47,910.28
378.08,152.83
371.94,1089.7
370.84,719.46
376.73,1112.6
381.45,499.51
378.53,575.21
373.12,97.463
375.42,85.121
387.51,452.24
388.7,539.45
398.71,1146.7
397.2,1081.2
395.34,1109.6
396.1,700.43
398.27,757.71
397.25,934.8
411.99,870.72
421.24,315.62
402.97,675.1
403,1113
444.74,416.03
411.33,445.9
409.85,730.95
409.02,789.17
410.88,393.52
412.22,1082.5
412.86,479.33
420.91,654.65
415.84,1020
421.28,88.024
427.96,900.9
418.28,1170.3
437.22,571.16
426.48,1129.4
446.84,709.71
425.48,1153.7
425.75,1027.8
431.01,826.52
428.04,971.17
429.69,1242.3
446.39,985.86
432.67,102
437.36,359.55
435.47,1099.3
444.38,237.24
437.89,1154.6
444.69,203.1
440.07,528.75
440.13,639.26
443.09,1202.2
441.4,497.6
443.52,652.39
443.5,173.5
449.83,873.97
457.57,1040.4
452.38,490.12
459.8,746.37
462.45,83.558
453.92,479.56
454.57,899.39
462.33,1202.6
459.49,183.95
460.48,635.62
470.79,511.61
463.54,161.04
487.26,603.4
470.22,997.01
473.47,1169.3
466.75,305.27
468.5,348.5
478.11,445.56
472.9,1238.7
472.33,139.64
478.65,567.17
472,756
487.02,332
474.65,421.86
475.8,307.77
477.5,298.5
501.07,226.07
483.36,636.02
480.09,1152.1
482.5,921.5
488.4,1019.9
488.12,736.43
486.54,1118.4
488,729
509.58,1221.1
495.23,691.96
502.44,477.2
548.99,568.33
507.3,644.37
506.87,1165.9
496.39,735.24
515.01,763.51
500.42,998.62
513.07,1038.1
509.5,930.18
501.42,365.24
510.25,678.73
507.68,502.08
511.05,596.95
514.78,140.99
517.59,270.46
527.98,713.87
524.95,176.22
518.32,660.57
526.12,967.37
526.07,1096.2
526.65,129.81
523.17,528
530.46,303.36
526.3,489.2
528.64,1004.9
527.92,987.92
533.28,1114.4
534.15,369.5
543.87,269
532.14,65.611
532.06,317.47
530.64,672.57
533.42,48.105
609.67,685.23
539.17,122.43
544.31,88.61
537.67,590.83
540.38,1204
542.24,1082.1
584.36,943.98
553.74,217.53
569.68,791.09
546.04,1011.3
550.62,47.231
547.35,157.1
545.93,990.63
548.55,1099.4
553.51,10.989
552.31,682.07
555.51,305
556.5,515.46
555.3,1040
581.32,1051.4
559.86,1143.1
559.41,927.66
558.57,1130
565.95,349.89
559.62,1010
558,1110
563.14,1235
566.68,238.63
569.17,716.59
578.49,1159.6
575.42,297.42
578.16,379.44
581.58,1011.1
593.29,310.39
602.28,770.23
588.15,1195.9
592.01,1111.9
589.31,996.05
595.35,390.01
592.42,3.2258
631.42,1184.8
596,1207.3
597.5,1050
608.9,10.117
603.42,1222.7
606.22,1241.5
612.54,56.646
605,454
605.57,798.49
613.88,521.08
611,791.5
622.92,886.51
627.01,626.51
622.31,995.9
616.66,832.87
616.5,841.5
640.56,759.35
627.32,488.92
621.81,572.79
625.29,935.89
644.07,806.12
640.47,431.22
640.93,70.946
636.3,673
650.44,330.42
649.61,1053.5
644.42,870.77
651.58,1129.1
655.61,899.32
662.12,303.35
659.62,598.02
668.21,758.1
678.88,541.56
670.65,875.31
673.73,940.44
676.77,724.68
675.56,662.31
674.92,976.28
688.71,1102.1
689.76,1244.5
695.63,1165.3
678.56,995.47
694.95,328.1
680.71,1230.8
682.2,297.04
721.25,1030.5
703.62,813.21
716.48,864.63
692,784.33
694.68,679.84
709.36,989.23
700.47,436.89
737.92,144.14
705.67,1120.8
704.78,633.68
719.22,55.578
708,1018.5
715,605
716.5,423.5
721.25,1235.8
747.81,791.55
720.86,753.5
735.72,338.67
732.09,465.52
733.49,1214.5
734.38,1244.9
731.87,899.87
737.09,1129.9
735.93,87.559
735.85,818.85
737.52,1067
737.17,597
741,608.53
743.42,410.11
755.92,420.13
751.07,443.19
759.02,641.74
752.29,2.2941
757.41,682.39
759.2,137.07
766.39,33.927
766.11,494.15
776.08,4.4195
765.24,81.689
763.59,668.7
762,728.12
763.2,212.7
771.59,864.2
787.83,144.45
770.5,404.5
768.06,931.91
785.86,100.56
779.05,1099.9
797.49,281.75
782.6,639.44
793.73,406.5
785.5,345.5
793.85,699.29
795.33,340.33
799.62,352.13
794.57,853.43
797.56,318.54
795,663.5
798.33,722.54
812.83,798.7
801.14,672.42
802.26,189.75
802.98,248.06
811.94,164.91
807.5,335.96
805.5,321.5
807.25,985.12
826.94,984.28
830.77,1060
809.51,955
820.05,186.84
812.6,694.6
818.84,323.65
820.13,823.49
825.28,860.18
828.97,316.11
827.83,285.16
828.91,932.21
832.33,732.83
833.4,307.4
852.4,917.26
839.21,738.5
859.78,747.12
907.3,792.47
854.27,714.74
849,826
851.17,281.11
856.73,883.77
852.35,1006.8
862.35,102.83
856.4,530.7
858.66,960.86
859,53.5
870.72,268.52
863.99,1225
864.84,2.2188
865.05,937.53
864,398
880.56,72.49
870.66,605.59
877.42,884.7
878.05,225.05
880,251.32
903.21,980.93
894.81,406.82
936.14,238.39
891.64,939.12
892.3,688.2
889.83,871.67
897.01,714.25
899.05,268.68
900.85,677.09
914.06,210.09
940.01,75.678
921.57,284.81
912.08,348.64
909.86,279.86
926.93,925.88
941.73,1204.9
924.18,298.58
921.05,410.25
927.81,616.82
928.55,573.28
924.18,672.6
924.41,1010.1
930.97,953.86
940.86,321.68
937.21,992.42
931.66,687.8
941.87,849.28
936.79,375.53
945.69,970.5
959.28,193.79
939.94,267.45
940.53,776.36
942.5,435.5
943.12,939.65
946.22,1000.6
961.48,781.01
959.29,421.99
955.97,538.4
955.74,1122.6
971.14,908.2
962.27,819.48
960.36,871.98
966.27,683.88
968.72,104.97
961.65,854.42
1006.7,918.49
972.62,308.6
968.73,705.23
974.17,517.93
998.11,1205.9
977.1,528.77
982.82,721.41
978.83,802.33
979,302
984.33,536.94
992.21,292.28
1023.7,108.27
992,725
1001,716.35
1003,453.58
1016.6,265.59
1015.8,723.76
1016.6,54.966
1019.8,789.95
1020.9,752.64
1033.9,333.71
1028.8,967
1035.8,1222.6
1090,764.25
1036.5,933.8
1063.9,986.38
1070.6,921.07
1042.2,1202.8
1060.6,316.33
1058.9,1048.4
1054.5,1228.6
1071.5,805.76
1068.9,1177.3
1083.8,720.81
1087.2,146.79
1084.8,947.79
1090,781.5
1092.5,1094.5
1091.5,1058.5
1092.9,843.57
1129.6,1036.1
1106.9,186.32
1106.8,673.4
1109.7,745.7
1116.9,990.23
1129.5,1119.2
1118.8,1151.5
1123.9,864.24
1122.8,831.54
1127.6,605.18
1134.5,922
1148.5,978.44
1140.5,1178.1
1145.7,755.05
1167.2,1161.8
1149.1,848.81
1142.4,860.89
1158.1,1208.1
1168,315.13
1158.6,1031
1155.1,740.33
1164.6,885.81
1180.9,83.782
1166.6,1004.1
1168,837.5
1168.9,843.23
1180.3,1199.3
1179.6,1074.1
1173.8,1123.5
1173.7,954.8
1178.5,585.6
1195.2,795.36
1183.5,373.5
1213.6,577.42
1197.2,514.41
1198.3,929.86
1191.5,19.444
1200,1243.4
1188.2,348.7
1200.5,716.57
1192.7,764.44
1200.5,682.36
1195.5,1093.8
1209.8,1153
1196.6,1020.1
1223.5,255.04
1199,1231.1
1215,1206.8
1203.6,303.19
1231.1,866.19
1205.5,919
1213.1,1106.2
1215.4,735.35
1217.2,172.66
1222.2,655.37
1220.3,1072.4
1230.8,941.67
1223.4,702.03
1220.6,879.43
1231.2,34.203
1224.8,1084.1
1228.6,676.52
1234.2,803.21
1239.2,356.21
1241.7,680.79
1239.6,742.51
1238.5,6.9153
1241.4,1225.1
1243.3,110.19
1243.6,708.85
1244,644.57
1244.9,477.37
1244.9,1133.7
1246.9,835.17
