4.1324,515.43
2.2766,747.21
9.8972,554.62
15.109,86.63
22,469.68
24.982,1212
27.611,41.861
34.098,657.78
43.065,144.97
43.942,1100
43.565,808.61
49.5,322.5
51.494,181.47
48.333,638
51.074,418.41
64.157,340.87
72.671,718.27
76.278,970.61
84.421,51.895
88.444,848.11
96.44,817.2
110.51,798.14
106.46,75.293
122.49,671.98
119.58,764.89
126.1,1028.6
129.15,1218.1
130.67,178
131.93,841.59
133.64,1076.3
135.45,574.34
147.39,963.51
145.78,457.44
150,525.35
154.79,424.01
152.07,499.59
157.95,535.02
163.29,214.27
168.7,778.25
174.07,508.41
182.18,672.88
186.11,519.29
206.97,189.82
219.22,808.19
218.32,1031.3
219.04,638.4
226.32,1098.9
230,17.667
229.5,937.5
240.73,790.03
243.23,104.53
252.02,462.12
248.42,848.89
257.48,418.89
257.29,874.15
258.01,1060.2
265.22,191.89
267,910.5
269.39,918.57
279.93,988.72
280.02,1111.2
291.13,47.619
290.74,762.6
293.63,402.37
309.66,760.57
307.58,1028.9
323.62,711.14
324.37,278.03
329.96,894.18
336.17,724.93
339.05,842.21
337.5,709
342.67,30.806
344,500.5
356.81,1230.2
355.5,1032.5
371.28,617.62
371.71,1063
377.24,546.82
380.47,484.17
386.67,1219.1
388.11,354.45
387.85,946.47
403.44,970.59
408.41,224.1
410,1045
422.78,517.83
422.58,1066.5
429.88,691.94
429.5,4.5
429.5,467.5
431,729.5
431.43,789.61
447.69,1141.9
447.42,844.97
451.39,1198.1
461.02,751.07
470.44,717.64
469.5,1000
473.88,334.82
481.17,163.27
482.58,484.78
484.26,988.45
489.68,87.791
491.23,816.6
496.81,1046.6
498.22,213.74
499.09,264.07
506.46,235.56
516.49,1032.4
516.42,629.39
516.92,248.8
521.84,315.82
519.93,758.62
523.34,597.33
520.43,732.05
521.96,873.41
523.94,292.79
531.58,1201.1
539.06,445.06
539.11,624.42
541.53,428.31
546.13,1176.4
547.6,747.4
555,1028.5
562.88,1013.4
573.94,1115.2
575.88,49.69
573.5,807
580.84,888.17
577.91,969.91
580,577.83
590.94,196.97
602.21,1018.2
601.97,1207.5
600.85,170.46
604,379
607.98,419.21
611.12,399.12
616.97,850.1
618,102.67
619.59,542.07
629.54,789.73
641,434.76
644.03,851.62
647.55,1216.1
650.54,483.78
653.54,9.8525
660.5,1100.5
669.26,867.23
669.65,1035
670.62,635.81
681.92,1055.1
685.85,773.62
686,537
692.6,1026.1
697.82,1240.7
694,421
698.88,669.53
701.89,631.63
708.7,1085.5
712.91,172.58
716.58,728.42
720.28,361.46
721.5,893.5
730.5,848.12
734.07,1116.4
751.21,203.72
746,922.32
751.09,570.09
775.58,575.89
777.94,492.45
795.23,906.27
793.45,290.69
810.59,798.07
814.77,851.37
820.97,295.65
818.89,191.67
825.94,438.15
828.57,53.946
834.72,1123.1
837.57,720.61
842.2,567.92
862.02,1240.3
861.38,925.32
865.42,236.45
879.71,805.42
894.75,205
901.77,458.53
902.5,438
906.68,251.2
908.64,188.54
911.88,343.04
910.39,740.61
918.55,698.29
918.83,123
921.08,60.917
925.06,493.53
925.5,919
935.53,53.258
945.02,740.38
952.07,701.06
957.14,409.15
964.83,207
968.13,520.1
966.59,857.41
968.5,983.5
981.58,85.548
987.75,818.6
983.43,1036.6
1008.6,281.85
1020.5,144.5
1021.2,871
1028,1082.8
1033.8,762.98
1034.1,822.93
1037.1,1142.5
1050.1,953.98
1054.1,1182.5
1064.2,816.9
1058.1,958.42
1072.2,1079.5
1074.3,118.36
1075.8,675.17
1075.2,881.71
1074.5,660
1077.1,979.07
1081.4,1013
1081.2,44.418
1100,389.47
1099.1,841.22
1103.8,126.41
1106.4,312.07
1109.7,564.73
1114.2,1129.4
1115.4,766.11
1121.9,884.79
1122.1,358.59
1129.7,799.65
1137.3,249.81
1142.5,1214.4
1147.3,67.909
1157.4,349.15
1169.5,375.31
1158.4,583.22
1168.1,552.92
1170.1,1105.4
1172.8,1058.7
1179.5,1021.5
1191.2,21.067
1207.1,511.8
1215.9,938.17
1215.9,998.92
1224,76.5
1228.4,546.73
1229.2,363.64
1232,846
1239.9,690.46
