5.2929,580.62
3.44,678.8
2.3793,691.17
3.0588,787.76
5.587,827.74
9.1207,775.66
9.9359,333.94
9.7111,1075
12.459,805.78
17,1059.5
21.872,130.13
21.5,530
37.663,624.66
28.743,959.1
25.419,1063.3
27.531,468.31
28.8,142.42
34.197,16.847
38.795,212.58
43.182,665.98
40.691,281.29
39.938,458.91
43.017,1134.8
46.159,493.11
45.513,985.89
49.436,967.55
52.197,351.09
50.5,731.5
53.419,457.45
60.248,427.28
62.228,1109.9
65.106,539.78
62.229,1016.4
65.62,517.22
71.066,1234.5
69.5,855
71.896,573.38
72.472,590.17
74.5,38
78.065,81.961
81.215,1199.8
78.957,959.09
84.345,522.66
87.857,986.14
93.398,815.2
92.947,1125.1
94.467,679.77
98.244,1226.2
97.414,621.41
98.08,1140.6
105.23,894.36
105.41,1199.1
106.05,932
112.58,598.72
112.11,164.42
115.31,961.77
117.83,487.57
118.14,263.64
121.61,239.44
123.67,227
125.18,1155.7
125.44,282.07
138.93,855.99
137.44,1025
137.93,1087.2
136.5,1157
140.19,227.27
138.5,339
140.14,915.55
160.16,194.09
152.27,796.46
152.07,583.41
160.07,1129.3
154.9,1142.8
157.94,1171.8
159.91,76.091
162.88,1037
165.34,762.2
168.72,858.65
165.7,1246.8
178.19,976.03
180.78,470.51
182.83,511.14
180.68,841
183.3,1081.4
203.29,212.08
187.07,748.41
188.45,1198.2
191.25,948.64
192.44,317.05
192.07,401.41
193.94,1224.2
194,439.83
194.14,509.5
194.88,543.88
197.52,15.586
198.31,138.17
200.5,966
202.53,429.33
203.52,1135.7
204.93,420.41
207.07,119.41
209.5,192.61
212.13,817.48
212.88,325.85
218,797.43
217.68,941.04
220.41,6.8649
217.42,596.58
219.55,884.43
220.22,989.82
224.95,56.325
223.62,467.85
225.37,1222.4
227.29,417.09
229.44,594.46
232.07,627.05
233.39,100.61
234.36,981.83
237.74,523.32
240.55,370.6
240.9,452.62
248.34,514.93
248.09,303.91
248.54,616.92
248.57,89.391
249.5,486
253.61,232.42
252.93,864.41
253.34,1048.4
255.97,664.76
255.59,263.93
256,414.68
262.59,495.19
257.5,935.6
260.09,633.09
260.2,653
266.23,978.78
263,178.84
265.07,427.41
267.96,753.2
271.02,884.76
268.39,1115.4
268.59,823.39
269.14,1213.6
268.33,60
274.5,224
274.39,739.86
276.61,518.14
286.85,307.17
287.88,237.89
285.77,817.46
285.92,1212.1
295.14,745.5
298.98,37.946
299,231.5
299.5,696.5
305.42,969.42
307.89,180.58
309.58,321.49
312.35,692.07
310.98,481.02
311,98.625
314.57,1127.8
327.38,1060
320.34,83.47
317.08,706.08
320.91,273.53
321.62,901.7
328.54,1183.6
334.8,379.15
344.5,562
342.55,268.31
345.31,493.32
348.07,1204.2
345,317
347.56,54.111
352.86,664.48
349.07,712.24
351.82,900.64
352.5,137.5
353.92,845.92
364.03,1139.1
361.5,695.5
363.67,595
368.93,629.59
372.43,51.086
377.36,1196.5
384.55,148.66
381.07,423.17
383.42,346.77
384.05,539.16
390.82,983.82
388.79,738.58
386.15,584.35
388.5,402
394.68,605.86
402.47,59.819
395.5,842
398.27,1000.2
403.65,510.67
402.06,357.24
406.44,922.13
404.64,1067.9
406.79,122.5
406.47,582.84
410.8,459.85
413.43,990.79
415.36,509.66
420.17,241.76
419.97,180.07
421.86,287.84
425.13,879.17
423.17,976
426.41,715.11
428.53,392.09
429.55,513.92
426.93,808.59
428.93,650.95
432.81,795.07
433,1025.5
437,28.826
439.45,15.419
442.29,161.97
443,1029.5
451.43,461.16
446.71,1099.1
447.81,194.93
447.07,668.59
452.54,1051.4
453.42,929.89
455.42,90.548
459.5,14
462.12,834.43
462.71,935.71
463.44,1138.4
464.23,559.77
466.23,588.46
470.68,1000.1
471.66,790.88
477.14,465.39
473.94,131.91
480.09,673.14
480.89,81.177
482.47,62.836
481,368.75
479.94,1034.1
481.96,712.43
483.63,1091.3
485.78,931.15
500.48,971.75
498.96,77.66
495.93,950.56
503.59,624.89
504.65,276.16
505.91,255.45
505.86,328.02
513.58,649.93
515.3,78.196
519.46,198.41
521.16,672.14
520.32,294.66
523.34,1066.8
525.98,560.47
529.91,719.63
531.22,1210.1
533.66,20.367
530.93,654.39
534.07,496.41
536.92,93.59
546.55,1010.7
538.41,814.96
541.39,1165.2
551.83,1142.9
551.68,417.05
559.14,255.1
557.46,58.216
561.62,122.96
560.5,834
561,1008.5
567.22,387.06
568.54,427.34
564.15,684.65
570.27,710.15
576.68,339.84
572.36,821.5
585.45,603.78
598.24,732.14
587.32,976.53
589.54,443.23
589.5,221
595.11,680.86
596,372
600.51,1045.9
600.03,40.44
599,555.5
601.13,1100.9
600.48,310.71
606.05,925.94
608.97,265.52
605.58,879.89
616.85,454.88
623.07,1072.9
624.65,152.07
628.59,924.52
626.1,588.38
626.4,655.26
626.37,302.37
632.85,700.75
630.93,12.459
631.75,62.5
632.93,1240.4
638.84,677.73
639.5,18
640.39,1178.2
644.62,1132.6
650.5,166.9
655.8,526.92
653.81,976.12
655.64,1179.4
660.83,94.332
658.44,69.442
663.77,1119.5
663.56,486.88
666.32,409.23
665.94,1032.9
670.17,1010
672.5,131.5
674.12,420.37
679.31,684.05
677.41,520.61
678.59,759.07
679,1203.7
681.34,950.61
684.59,377.56
684.37,146.86
688.19,117.43
688.91,435.09
692.07,654.91
692.31,620.3
691.6,570.3
692.45,717.73
698.41,1216
700,837.17
704.5,458
709.05,877.02
718.15,316.08
720.21,437.35
723.75,1187.2
737.06,659.83
729.83,1014.5
729,447.17
732.96,1218.8
739.97,3.3824
740.95,147.97
744.03,834.48
742.98,865.1
747.36,706.95
755.33,920.41
747.22,472.12
749.65,175.48
763.37,583.37
765.71,713.54
768.83,154.03
769.63,1104.4
766.46,345.22
771.13,1177.4
770.69,423.8
785.07,314.05
785.28,541.62
791.76,998.74
788.07,1239.4
788.89,1246.6
795.78,1050.1
795.74,426.65
794,1175.5
803.71,727.91
801.63,784.22
806.93,518.41
810.12,1105.6
809.31,1228.8
809.43,348.61
814.57,1041.5
819.8,442.72
814.34,1195.1
818.87,301.84
823.5,1229.1
823.34,462.45
829.38,276.21
830.31,173.25
827.74,984.74
836.46,457.6
836.83,1031.2
834.5,938
840.44,395.77
838.9,46.595
843,243.41
842.39,181.33
841,1006
843.99,363.11
844.46,1210.9
846.52,509.85
851.53,1106.4
851.93,657.59
857.27,576.08
852.89,1011.6
858.12,549.58
860.31,642.43
859.5,757.5
867.04,661.19
869.21,897.94
866.5,1047
871.97,1184.4
868.88,1202.7
870.38,453.38
874.15,845.26
874,180
875.15,332.93
879.53,1014.3
879,1144
884.49,1198.1
882.73,621.94
880,1037
880.5,458.5
889.09,335.83
891.14,925.85
893.64,748.23
898.03,223.34
896.5,531
901.85,914.39
915.6,559.64
912.78,708.3
909.81,231.74
916.04,884.58
919.89,961.34
916.91,1242.1
918,665
925.01,113.05
929.52,337.92
922.85,778.42
926.85,205.79
927.05,186.16
928.58,1165.9
937.01,843.79
935.92,262.44
937.12,999.88
943.41,366.86
954.39,495.21
953.68,1216.3
944.02,67.073
958.75,239.93
953.5,993
955.5,804
961.35,1099.1
961.46,608.57
957.41,282.94
963.74,740.54
967.58,650.05
966.55,20.818
968.19,629.83
973.38,558.77
976.84,980.49
982.12,783.64
984.45,524.64
986.7,168.62
988.52,300.07
992.01,571.56
992.39,559.57
996.12,880.01
996,346.43
997.35,666.29
1007.6,1119.7
1003.3,45.712
1007.3,121.44
1006.2,556.95
1009.1,1204
1011.6,1051.1
1014.1,973.09
1017.9,362.73
1019.7,409.89
1015.7,732.2
1017.6,863.9
1019.9,759.9
1018.9,881.77
1022.5,61.057
1021.6,41.895
1023.8,188.66
1031.2,619.24
1029,464.49
1026.8,340.86
1032.6,956.62
1035.6,1083.4
1033.9,876.08
1042,822.5
1043,603.5
1043.5,462
1046.5,498
1053.2,43.389
1058.3,652.95
1057,1000
1058.3,1108.4
1057.3,94.238
1058.6,690.95
1064.8,710.94
1064.8,641
1064.8,1223
1068.1,222.15
1068.4,145.04
1073.1,484.55
1069.9,997.87
1077.9,586.06
1081,33.94
1084.4,960.83
1085.6,86.489
1089,267.6
1084.6,287.08
1086.4,438.49
1083.4,1094.4
1087.7,1187.6
1092.3,939.13
1093.5,389.33
1098.8,854.29
1096.3,559.04
1098.6,353.42
1101.7,768.96
1105.9,62.823
1102.8,1077.1
1110.8,420.76
1106.1,442.06
1109.7,725.15
1110.5,555.96
1111.1,315.05
1111.5,496.2
1120.2,1173.7
1118.9,341.67
1120.9,686.45
1120.2,901.56
1127.1,169.93
1122.8,268.16
1124.9,592.4
1128.5,544.79
1128.5,771.62
1129.2,836.53
1127.7,1021.3
1130.9,113.21
1133.1,647.07
1134.2,31
1135.5,879
1137.5,602.5
1141.3,860.83
1148,453.66
1166.2,1119
1157.9,164.43
1157.3,487.89
1154.2,547
1157.9,359.04
1169.8,391.7
1167.8,6.4535
1177.1,1057.8
1176.2,622.67
1178.1,953.9
1183.1,322.12
1183.4,1150.7
1183.3,832.21
1184.1,246.09
1188.4,352.14
1190.9,1012.3
1189,197.91
1192.8,230.67
1192.9,80.071
1194.5,721.83
1199.5,1118.3
1201.2,164.5
1211.1,470.02
1211.1,670.54
1208.7,302
1215,991.17
1220.4,164.72
1218,267
1222.1,200.52
1223.4,749.08
1225.8,408.31
1226.2,837.76
1229.5,691.5
1232.7,19.41
1229.5,566.5
1230.9,590.08
1231.1,867.44
1235.3,678.64
1236.5,356.21
1235.6,381.63
1236.7,145.57
1241.4,746.63
1243.4,1225.4
1244.5,625.65
1245.2,499.73
1247,520.85
