8.0133,11.177
5.1043,139.18
13.122,225.79
10.349,251.37
2.5135,321.54
5.3257,507.67
10.521,809.92
7.5693,944.75
5.2887,965.39
3.9167,1116.5
2.5238,1138.9
8.0635,634.19
5.0571,671.29
20.512,189.89
5.5,208
5.4286,746.57
9.0938,158.62
14,445.34
15.423,616.54
16.624,1126.4
15.067,1143.9
19.71,1045.4
20.522,780.88
19.473,423.97
22.066,1179.6
28.843,158.27
20.579,494.11
27.061,828.74
26.403,862.15
29.89,41.288
29.766,1219.8
40.345,217.13
35.694,634.69
33.088,141.88
33.081,760.14
57.447,240.56
39.768,506.2
34.5,772
33.759,1136.9
42.122,1099.5
36.5,376
40.073,788.24
39.091,1004
43.778,972.96
43,35.846
43.1,598.05
46.184,676.3
46.979,284.92
49.431,955.43
48.052,1054.3
61.803,844.05
56.365,885.24
54.835,927.54
50.143,1165
53.463,445.54
54.517,752.55
55.258,588.89
53.93,726.51
56.989,37.505
57.079,305.11
57.911,469.71
59.813,543.84
56,1047
59.381,986.88
58.742,1191.1
70.572,1104.3
66.545,1039.8
70.365,391.33
66.873,1153.2
70.114,1005.3
70.348,89.254
70.273,1199.2
76.598,928.9
71.154,944.45
76.023,5.5455
79.085,693.92
80.995,34.592
78.194,525.57
80.167,580.82
83,954.31
90.443,333.44
88.214,1029
96.976,566.88
88.5,883.5
91.695,828.24
98.839,722.19
98.527,758.72
97.101,632.36
96.262,1053.9
98.924,510.27
103.23,143.51
105.92,35.306
103.29,1008.2
115.95,306.39
106.93,966.52
116.65,54.506
106.36,125.13
111.13,275.89
106,589.5
113.14,854.96
109.28,9.1625
117.21,831.78
120.85,982.91
111.8,484.37
113.65,786.75
111,476.5
113.42,1195.2
116.28,1077
121.64,425.56
124.93,550.32
118.56,1062.1
121.26,593.91
116.5,911
122.62,924.12
126.65,92.809
131.34,708.11
132.59,898.18
125.18,1089.8
125.91,518.09
129.02,1155.7
127.75,333.95
130.78,1072.5
138.2,833.48
132.93,133.41
140.54,770.9
136.69,1246.8
139.92,728.65
139,1043.2
142.45,8.8933
139.29,353.29
141.66,1026.3
150.99,1178.9
143.33,939.87
147.94,588.67
145.47,1241.4
147.72,688.74
152,330.1
150.58,1136.5
150.64,453.68
152.91,1148.5
156.34,544.85
152.12,894.65
157.97,303.89
164.08,1011.8
160.5,1232
158.5,176.5
161.03,68.167
170.01,891.01
173.16,467.45
166.92,690.59
165.74,588.42
172.47,46.042
164.42,778.11
169.48,166.8
173.98,1078
171.76,218.03
172.81,507.88
173.94,648.85
173.09,761.06
177.37,1122.6
173.53,622.33
176.86,20.389
182.54,853.49
178.55,677.47
181.45,77.148
186.16,167.2
185.79,723.19
186.89,387.6
192.28,809.53
185.03,218.69
184.09,231.09
183.87,260.33
190.38,1010.6
185.76,908.96
192,529.97
189.28,672.69
186,445.5
196.84,436.55
187.67,505
203.67,1083.9
194.74,1190.2
192.63,628.42
190.85,479.45
193.5,229.86
193.91,783.66
203.12,350.99
204.68,134.58
201.34,611.35
203.76,1111.5
202.29,217.24
204.1,1039.8
212.89,642.72
208.9,675.92
211.5,300.63
230.9,383.05
219.89,981.18
213.48,459.96
220.08,549.51
218.29,270.21
217.78,482.54
219.73,844.26
225.21,126.25
227.45,681.99
224.03,634.42
225.02,808.03
240.25,261.53
232.83,513.66
238.93,998.37
233.73,1128.8
232.07,1245.3
233.66,797.71
234.94,965.15
233.5,875
245.54,429.72
237,599.33
238.5,188.5
268.26,1167
249.03,21.875
245.88,569.63
252.15,885.02
249.05,92.951
254.2,71.535
253.98,633.07
252.4,1068.5
252.49,654.49
254.05,1230.1
252.77,237.19
250.42,313.89
250.68,919.24
263.14,1098
259.64,569.26
253.56,588.25
261.18,811.64
261.52,1207.7
262.15,843.89
262.87,398.14
272.63,1052
262.82,556
266.76,468.69
264.83,118.69
265.59,934.22
266,236
266.56,423.78
269.93,971.24
274.08,911.77
269.19,1235.1
268.05,91.1
277.12,769.62
268.64,15.318
273.33,263.22
277.64,405.99
277.65,220.05
276.31,448.4
275.92,867.03
278.16,544.28
276.32,691.63
280.08,845.86
276.9,485.27
279,428.16
281.05,4.9762
279.4,342.4
284.47,653.86
280,702.5
285.78,472.72
299.91,521.04
289.51,1214.8
292.58,586.3
286.88,716.77
286,984.67
290.21,1077.2
289.29,370.79
292.74,997.76
293.53,150.86
294.44,99.125
291,463
297.09,635.45
295.82,1124
296.78,422.31
295.76,1142.7
300.12,25.5
300.05,409.07
297.84,442.39
294.77,800.23
300.69,481.02
299.85,4.5645
298.58,1173.1
301.69,1188.4
303.25,723.97
307.37,786.03
305.14,269.01
309.27,360.75
307.3,924.01
306.32,1006.2
311.93,393.35
306.86,1177.5
307.5,1148
311.03,281.56
310.39,667.19
310.99,768.58
313.64,985.67
308.4,1162.6
313.68,134.32
313.94,113.13
314.05,479.47
314.41,606.3
317.18,91.307
314.55,699.59
327.18,203.31
319.08,644.31
320.09,301.73
319.72,1053.5
317.88,533.35
340.89,1168.7
318.5,1188.5
318.88,995.65
322.85,883.62
325.7,343.52
323.4,716.32
325.17,831.73
323.93,624.07
331.04,605.12
328.6,150.27
337.26,803.83
329.9,1127.7
326.07,672.05
327.86,1073.4
325.82,994.45
332.17,1007.8
331.81,476.34
334.12,48.723
332.45,281.11
326.39,553
341.51,17.154
339.35,323.43
334.74,1183.8
338.82,713.41
348.35,633.02
339.42,844.21
335,892
339,926.01
341.78,434.62
340.47,689.42
344.72,595.01
347.09,505.11
343.42,863.07
342,77.174
341.86,136.86
344.26,234.92
342.5,357.5
348.85,485.35
346.77,95.839
355.46,550.37
354.31,456.45
350.18,684.36
352.09,823.87
358.94,723.76
359.38,144.17
360.33,247.15
364.25,768.15
361.87,804.26
356.86,871.39
357.5,309.61
356.94,844.29
363.68,30.389
369.03,1025.3
365.47,930.47
371.45,606.86
370.6,700.38
371.21,105.37
381.24,1098
369.18,213.95
369.34,855.69
370.41,57.529
370.55,229.22
390.45,632.13
370.33,677.17
378.99,1147.3
373.86,83.059
374.75,403.85
373,437
378.61,588.74
374.5,729.5
380.98,1052.4
397.38,531.46
376,185.5
379.6,458.49
380.31,325.68
381.37,958.53
386.87,988.77
384.34,1211.3
385.02,429.24
382,193
383,926.5
388.14,846.29
389.37,266.72
389.02,771.1
388.11,576.89
389.33,1198.5
393.62,711.78
393.22,1173.4
399.75,43.737
399.15,116.32
395.94,330.91
397,1227.4
399.53,836.26
398.06,191.11
402.67,246.73
404.75,424.26
401.5,171.5
401.89,547.33
413.24,761.5
439.05,801.39
405.15,1064.5
407.64,335.6
407.35,475.46
410.02,319.22
407.5,559.5
417.95,924.89
411.21,971.16
417.39,104.68
410.91,1045.9
412.43,739
414.82,823.88
413.5,1029.6
417.55,12.655
428.17,673.32
421.39,223.3
419.18,260.71
422.12,988.09
424.2,846.03
421.41,362.31
422.19,1119.7
422.57,478.55
426.08,1220
423.33,877.46
426.24,84.686
433.04,5.5672
435.46,441.94
432.74,65.459
442.8,398.64
436.06,488.45
437.14,939.04
439.8,883.38
436.5,1028.5
441.14,1068.4
439.96,154.95
442.31,598.13
445.82,858.44
439.74,1000.5
440,761.79
444.2,904.84
442.5,291
444.37,537.98
442.53,1114.1
461.46,370.43
455.35,739.8
449.4,579.59
451.62,837.58
449.46,14.8
451.87,566.52
448.34,1054.4
450.54,1238
456.29,104.71
454.01,941.46
451.53,996.83
453.47,965.42
459.5,510.39
456.54,614.27
477.46,919.76
471.3,1140.3
462.19,894.27
464.23,73.238
464.62,191.36
459.95,1046.9
463.18,1232.7
466.26,429.19
478.09,8.8921
504.59,798.44
469.36,267.39
475.01,326.41
473.27,1114.8
474.21,51.15
475.99,996.61
471.6,1221.3
481.73,442.59
472,455.5
496.15,645.35
489.95,946.05
481.57,513.82
477.43,1052.8
477.82,25.71
475.12,1194.3
483.47,890.87
479.34,119.93
477.58,859.89
479.2,1236.4
480.07,1172.3
480.5,150.5
481,215.5
487.05,671.79
492.01,135.52
484.38,100.92
499.29,297.19
483.81,399.74
494.27,551.5
506.13,863.77
498.39,258.74
490.32,1225.3
497.83,73.828
494.64,209.84
496.14,394.35
496.12,1210.5
498.21,224.29
497.76,607.93
504.42,443.91
503.89,101.69
506,672.7
508.89,725.75
508.09,1014
509.26,278.8
509.96,540.56
522.89,639.95
514.54,1166.6
517.9,464.13
529.31,946.25
520.07,371.55
526.9,1093.1
532.18,112.24
525.33,283.83
533.85,1151.3
533.43,556.96
527,1035.5
529.34,182.62
533.22,682.5
553.68,357.93
543.07,483.47
542.32,714.63
542.63,11
542.08,591.58
540.4,269.58
541.46,1208.7
543.46,151.47
544.67,508.44
545.19,1170.4
546.14,295.86
554.71,874.55
553.21,255.11
555.79,89.46
563.17,847.01
557.55,1106.7
554.1,743.12
554.92,1126.2
557.25,1205
559.58,765.97
564.85,513.3
570.81,142.88
570.67,936.02
562.14,666.86
564.14,210.39
577.12,448.94
567.52,481.04
569.62,112.33
576.54,745.61
569,984.5
577.15,799.03
572.89,1058.1
572.81,595.59
575.83,1019.8
586.19,418.38
578.42,718.11
582.97,901.9
583.91,1145
580.94,72.74
603.27,877.57
584.34,1103
589.94,40.273
588.37,368.24
584.07,629.41
585.31,835.95
585.33,4
589.3,824.62
590.34,261.32
590.66,235.07
591.2,296.47
591.88,652.59
593.15,179.2
591.92,559.03
596.62,801.94
591.78,1029
595.24,523.65
592.42,684.42
593.97,925.24
592.67,401.17
608.9,852.98
599.55,71.087
596.47,1113.4
602.72,1234.7
600.1,221.44
599.57,114.67
600.82,607.14
607.73,1056.8
601.64,968.76
601.86,1179
603.61,1040.4
607.31,455.72
603.94,838.09
607.22,937.81
607.85,238.29
619.35,342.53
612.4,45.841
607.55,712.55
613.44,181.34
611.92,1197.2
613.02,220.49
615.12,407.9
615.68,701.16
629.2,910.73
620.98,446.37
621.63,654.63
622.07,132.59
624.39,200.91
627.75,279.38
629.46,553.72
623.21,663.79
627.42,942.72
622.94,978.09
638.07,606.27
630.18,1133.5
628.13,633.6
636.48,109.01
630.91,318.64
632.87,1008.9
632.81,368.86
642.56,444.11
638.4,704.09
634.06,1067.2
630.94,495.03
634.04,1192.9
637.42,1234
636.07,1179.6
637.94,746.52
646.79,815.53
639.46,643.25
640.32,143.04
644.26,483.84
645.1,57.761
640.55,874.48
641.23,972.12
646.83,193.83
645.37,1072.8
649.42,509.37
648.4,1108.3
648.57,1053
652.71,1195.5
649.93,852.59
652.83,1154.9
653.5,1247.5
654.25,703.73
666.31,600.43
656.04,619.07
661.03,688.31
661.79,186.83
664.88,302.13
662.16,732.65
680.62,577.6
665.55,229.56
674.73,793.96
667.96,972.7
666,103
673.24,425.85
679.47,857.62
674.08,923.32
669,131
671.43,192.43
672.52,207.08
674.27,663.95
675.43,1082.2
683.18,7.3209
672.74,175.83
676.61,512.39
681.66,475.07
679.68,1145.9
687.79,890.21
680.83,80.885
680.98,739.85
684.42,28.89
685.7,1191.5
685.17,955.29
685.84,997.54
684.74,159.91
688.71,241.59
686.06,1049.1
697.06,279.74
693.17,484.05
688.07,701.41
694,1126.1
691.17,560.67
696.76,940.59
694.39,431.7
697.52,711.22
696.29,834.53
696.5,1170
701.9,204.85
702.93,466.14
699.98,1029.6
713.1,1104.1
705.63,778.15
706.95,121.24
708.68,615.75
707.21,739.62
707.78,1135.2
713.72,343.27
714.36,968.28
716.01,794.4
716.94,220.26
718.37,411.36
720.58,321.49
722.23,911.63
730.22,997.28
718,649.5
721.58,864.92
719.33,13.778
727.39,531.78
731.14,1037.4
735.15,891.52
728,228.5
736.47,1209.2
730.43,1227.4
732.24,183.16
736.58,574.63
732.42,90.778
738.58,1065.2
741,135.03
737.56,776.92
743.54,156.75
748.65,81.315
744.67,1157.2
751.78,1023.3
750.77,841.41
752.28,5
755.59,375.22
750.46,432.44
756.44,477.45
753.28,1077.9
760.3,958.94
760.74,345.39
759.29,1192.4
761.91,1210.1
763.74,183.07
767.96,1058.9
767.7,1017.8
770.5,927.87
772.73,1112.4
774.04,354.51
776.71,668.79
778.37,743.01
779.22,831.71
777.28,1188.7
778.41,1207.9
786.54,532.74
787.85,598.12
781.93,789.7
782.9,304.26
783.23,118.49
783.76,881.32
787.45,191.86
798.24,1083.7
805.72,379.95
788.7,1199
799.99,147.16
795.5,892.5
797.57,449.08
797.47,846.77
803.37,1109.3
805.35,1140.5
800.58,965.53
803,94.5
805.62,1239.3
804.86,4.8571
823.39,342.47
816.3,663.79
809.9,1172.9
814.41,294.08
815.86,1058.2
817.93,778.08
824.26,138.05
816.17,1008.3
819.25,402.11
816.5,1119.5
825.44,885.12
822.79,184.21
839.25,969.11
832.91,63.401
829.83,14.776
833.8,1018.9
835.84,184.16
834.21,936.09
836.5,674
839.74,1238
837.65,1056.9
843.69,1148.7
845.28,165.33
840.84,1202.6
846.75,693.28
841.57,17.571
847.02,894.19
843.43,311.62
847.95,269.66
850.94,1027
850.38,94.095
848.45,444.95
855.46,1123.3
849.62,749.54
855.12,775.88
850.15,607.61
864.14,577.57
861.03,385.02
867.19,456.14
863.58,982.3
878.9,97.408
871.77,732.92
888.81,44.557
883.69,512.31
885.4,1116.8
886.85,609.17
885.42,1210.1
895.35,1132
892.13,1042.4
894.98,190.95
898.65,253.92
903.96,545.47
905.12,737.35
907.88,31.098
904,70.308
907.02,274.71
905.21,1082.2
911.71,3.1772
907.68,1207.3
909.44,106.28
910.35,185.1
911.12,94.5
911.47,664.78
913.55,703.8
913.19,1102.7
918.51,781.01
916.4,1182.4
926.07,1137.9
922.94,213.55
922.69,273.79
923.49,350.62
928.62,901.94
925.36,1115.5
925.21,683.16
922.6,872.97
928.61,1078
922.17,1219.9
925.61,491
927.56,3.9259
928.29,701.21
938.65,1173.4
934.69,47.668
933.39,177.49
938.2,450.38
935.62,107.71
933.44,822.92
937.49,1195.7
936.43,858.39
943.6,124.89
949.91,895.06
946.96,998.65
948.24,569.83
949.76,320.09
959.71,835.7
954.53,448.23
956.86,85.361
957,375.5
961.57,537.4
955.42,856.89
965.54,933.5
960.53,179.58
958.36,742.32
964.29,1143.4
967.57,716.61
973.44,1016.2
973.45,268.86
970.81,654.26
975.9,445.93
974.2,71.56
981.94,679.5
975.98,705.05
976.72,1138.9
977.22,17.756
978.51,466.77
977.05,394.41
976,649.5
984.05,1038.4
986.08,1056.5
982,40
982.85,45.654
985.55,234.16
984.84,949.22
984.24,604
985,720
993.37,70.505
1000.6,12
992.8,787.16
991.75,1169.8
993.57,633.12
996.42,1223.1
997.02,310.59
1002.1,1088.9
1003.2,351.78
997,1044.5
1002,1063.1
1009.9,88.664
1006.5,985.25
1004.6,737.4
1004.6,934.39
1007.8,1178.1
1006.9,829.17
1015.9,790.23
1012.4,315.58
1017.9,1056
1013.3,392.39
1015,415
1022.9,29.263
1019.5,1130.9
1023.5,1106.6
1029.4,294.35
1029,108.09
1026.7,589.38
1026.7,177.16
1026.5,853.77
1027.4,1225.6
1027.5,317.5
1034.8,266.23
1036.4,1151.3
1037.3,217.18
1040.4,942.89
1040.9,1040.3
1038.9,168.33
1038,711.19
1037.5,908.91
1041.2,116.78
1043,1016
1044.5,61.988
1043.5,14.404
1042,881.2
1049.3,374.63
1043.9,1180
1047.6,571.57
1058.8,111.16
1058.8,660.08
1057.8,1003.6
1053,1188.1
1057.9,739.2
1056.7,951.18
1060.5,1122.4
1061.3,135.27
1055.1,1225.4
1062,76.039
1062,451.03
1069.8,1106
1076.7,820.4
1087.6,582.95
1073.9,235.09
1076.2,276.32
1078.2,630.04
1090.7,129.66
1086.4,884.82
1091.3,1089.1
1087.3,102.16
1088.5,692.25
1090.6,789.69
1093.9,491.02
1096.7,213.1
1093,442.54
1098.8,553.06
1095.9,962.65
1100,398.5
1104.4,1119.8
1101.8,625.12
1104.2,142.4
1106.2,648.42
1107.4,982.45
1108.8,1092.3
1114.8,6.4188
1123.2,601.01
1114.6,750.32
1112.8,872.79
1112.1,817.58
1114.4,964.9
1116.7,28.444
1114,1039
1116.8,1059.4
1117.1,169.91
1127.9,884.12
1124.9,190.92
1122.4,1136.9
1134.6,247.83
1127.1,701.24
1126,542.75
1129,922.46
1130.3,1244.5
1128.4,996.64
1135.1,836.53
1134.8,89.225
1138.8,660.02
1138.6,780.29
1137.2,979.13
1142.7,1230.2
1141.8,477.37
1141.6,127.5
1146.9,228.06
1149,499.23
1150.7,900.73
1154.5,972.6
1152.4,450.52
1158.8,917.04
1153.5,1132.5
1156,877.81
1163.5,52.741
1161.7,778.07
1160,1111.5
1167.2,587.37
1165.1,988.83
1163.8,1128
1170.1,749.58
1170.5,1097.6
1173,148.96
1171.3,844.53
1171.6,1025.1
1171.7,545.17
1173.1,1210.6
1177.8,217.28
1174.5,636.5
1183.5,873.09
1179.5,589.15
1180.4,1111.1
1184.5,236.84
1185.9,471.83
1185.7,1094.8
1187.3,1127.1
1183.2,269.38
1188.2,672.29
1183.9,1181.1
1189.9,899.59
1196.3,973.28
1193,31.774
1193.6,344.42
1198.9,1240.7
1197.5,1038.4
1199.1,299.89
1201.5,1147.7
1204,441.88
1205.2,285.52
1204.7,528.35
1207.9,598.67
1207,584.5
1209.3,863.58
1213.5,3.1549
1211.3,837.21
1209.1,1089.9
1218.6,1211.7
1222.6,1086
1222,736.59
1223.8,201.28
1234.1,221.65
1228.6,465.06
1230.5,1117.3
1235,645.62
1235.8,191.7
1235,1159.5
1237.5,444.34
1240.5,1204.8
1241.5,846.71
1245.8,1029.6
1246.1,1106.3
1246.2,1219.8
