9.9195,214.15
1.875,949.12
11.27,7.73
12.559,392.93
12.435,259.39
21.389,549.05
24.696,79.816
24.157,712.11
23.091,10.455
25.54,835.94
27.649,322.75
27.083,945.92
33.271,739.31
35.735,122.61
40.552,969.02
39.895,1231.4
40.421,435.89
43.439,882.33
46.649,475.93
47.93,54.535
49.577,71.308
47.581,177.55
48.909,570.91
52.351,924.93
55.538,994.45
55.5,797
59.5,328.5
63.703,1101.9
69.438,327.38
69.78,686.36
79.373,1088
83.217,537.52
86.529,80.047
87.258,994.7
92.007,780.75
88.344,920.38
94.085,618.08
95.286,728.5
103.79,236.38
97.641,686.08
95.5,823
103.04,989.32
105.45,33.167
105.4,1021.7
107.64,618.87
110.66,804.38
120.39,893.26
119.29,151.45
123.44,1134.9
127.71,522.25
126.79,652.21
131.6,275.41
131.44,1039
137.79,476.5
141.41,1092.9
147.49,1154.8
146.8,1193.7
149.78,723.56
154.43,220.92
153.59,881.39
156.15,550.88
161.95,180.58
168.7,697.88
166.68,998.05
169.86,61.5
172.5,556.5
178.12,994.94
184.12,505.87
180.79,707.55
179.6,87.4
184.93,389.95
187.29,1088.1
191.33,144.91
187.86,980.61
196.16,46.832
194.73,1032.6
199.28,1151
200.5,131
209.06,949.68
202.44,95.077
203.58,594.11
213.8,994.01
207.18,1107
211.64,206.87
211.24,920.3
219.85,553.52
216.39,858.14
220.08,587.08
224.12,899.24
223.8,408.59
224.51,926.18
226.44,685.33
229.56,293.08
233,1082.5
234.71,940.74
236.05,846.15
239.98,572.82
237.41,1114.5
239,858.5
248.4,726.58
250.3,255.85
249.24,275.83
249.58,1113.7
252.45,1220.2
258,84
257.42,976.58
259.39,1160.9
260.85,933.6
260.83,100
265.32,1040.4
262.44,1187
263.71,488.29
267.89,617.44
270.05,459.07
269.43,860.95
275.45,931.14
275.66,338.06
279.35,702.58
283.16,875.84
285.87,379.12
285.19,1043.6
288.3,51.039
288.15,1233.6
287.54,111.91
289.69,831.73
287.94,1006.2
291.27,1033.4
297.03,443.78
300.96,963.29
300.63,849.63
306.6,743.31
306.97,309.76
307.5,769.5
311.48,875.82
311.52,982.81
320.95,1069.5
322,62.5
325.94,224.28
326.96,372.86
325.88,560.65
328.33,772
329.63,870.2
329.61,959
334.98,1039.2
345.29,944.76
347.54,1213.9
347.68,390.05
351.29,271.77
349.72,416.88
350.01,512.96
354.69,43.077
356,1204
357.31,1179.5
359.03,790.7
360.58,1119.8
360.02,383.48
358.67,941
363.13,1070.5
375.65,572.7
378,686
383.07,1028.7
381.53,326.03
383.71,659.57
383.67,871.43
384.03,910.45
386.45,12.45
389.59,1044.1
388.5,1160.5
390.5,532
391.5,462
394.52,1059.5
397.21,1200.5
400.17,817
402.92,441.56
407.29,912.88
409.17,772
413.54,1120.6
422.63,702.63
433.03,1100.1
425.1,959.19
431.42,261.55
432.04,397.57
438.04,932.16
443.72,1121.6
444.08,469.83
445.92,580.06
447.93,229.59
450.41,1005.9
455.14,1102.7
455.18,141.05
465.38,309.86
464.91,732.91
471.41,793.11
478.88,1007.9
486.39,1172.8
482.89,461.42
485.93,815.24
488.31,872.01
491.19,136.69
494.19,367.01
493.62,1105.9
500.82,1019.3
499.33,980.85
500.94,1043.7
511.6,1222.6
514.91,514.9
511,1184.5
516.12,1139.3
519.5,928
521.15,8.878
524.28,128.12
530.81,1103.2
533.99,66.59
541.72,589.48
545.64,126.37
549.86,99.367
547.93,949.59
548.17,1184
553.24,795.91
555.09,509.57
561.11,467.63
569.82,438.6
568.1,1181.1
570.18,126.51
569.73,140.65
576.57,917.66
575.98,1026.4
575.96,1130.4
586.38,542.89
585.43,906.87
588.88,413.16
591.66,802.71
592.07,257.41
600.69,385.13
597.74,498
600.88,1149.9
601.93,1087.2
606.84,964.32
606.43,319.06
607.94,658.85
607.53,588.42
610.63,943.32
612.42,1235.2
614.6,382.71
614.76,7.963
614.82,48.955
614.69,684.17
617.82,1137.1
623.41,644.82
622.5,1065.6
626.56,125.11
624.63,974.63
633.17,1069.1
633,1152
640.72,189.98
638.42,861.45
644.94,423.29
641.04,1234.9
644.9,292.96
645.29,683.03
646.93,1065.9
650.2,637.89
652.44,257.97
654.46,1107
655.37,1125.3
660.05,525.93
662.75,845.42
662.42,396.78
666.97,177.44
668.5,548.5
678.31,205
680.97,1180
679.32,1143.8
691.79,1222.8
692.61,9.1404
698.31,602.36
698.7,661.83
700.03,149.6
697.39,379.86
700.33,507.35
701.9,874.14
707.57,250.66
705,1144.8
707.5,457.5
711.85,615.86
713.94,637.59
716.66,940.8
717.52,156.57
715.6,697.6
719.93,805.47
720.32,26.784
721.03,740.32
729.74,486.33
731.67,972.47
734.92,304.11
740.42,646.58
742.08,947.15
745,219.76
741.5,258.5
743,634.5
743.44,905.85
749.15,830.12
745,1059.6
747.4,389.24
747.16,468.58
746.37,775.95
750.12,573.69
754.23,343.87
756.11,360.99
764.77,306.02
763.09,387.91
764.5,1068
766.06,475.3
768.83,1226
771.33,57.455
771.11,820.63
774.18,604.78
775.46,857.22
785.57,16.081
794.2,197.34
794.53,793.38
799.38,973.68
798.81,760.74
801.58,111.45
807.03,217.37
806.26,294.24
806.39,624.61
807.19,558.14
812.24,1089.6
812.19,335.61
813.76,739.19
812.95,1074.9
815.96,612.58
824.27,922.25
822.5,351
829.04,39.539
835.34,1056.4
835.55,720.41
837.21,435.5
839.94,19.026
842,956
851.04,293.53
847.91,691.09
858.35,154.19
855.5,720.5
861.82,417.03
866.95,41.688
872.95,994.18
877,929.22
874.61,944.14
876.79,332.34
883.09,14.162
879.93,377.49
879.5,652
884.61,261
882,353
886.48,281.39
890.93,938.32
898.15,1192.4
900.26,617.74
901.82,1031.3
908.85,937.14
907.43,57.914
909,787
912.98,1150.7
911.82,660
915.15,496.93
919,174
918.46,590.81
927.86,586.64
926.29,1236.7
932.48,280.56
930.22,27.431
935.08,628.56
944.56,579.64
946.14,677.59
945.15,1214.7
945.59,713.06
952.08,773.88
951.91,330.94
952.95,370.45
952.56,1114.2
953.92,747.8
955.96,1131.8
957,527.83
960.94,391.98
960.87,343.92
965.11,730.97
966.46,427.39
973.22,577.79
966.91,70.877
969.89,915.21
971.54,667.05
975.06,606.18
973.93,1190
980.79,1154
985.24,2.6829
983.07,178.41
986.82,200.4
989.21,293.12
989.65,1088.4
990.84,587.68
995.51,101.09
993.56,433.56
995.72,733.48
995.97,519.73
994.88,413.35
999.46,1038.9
1001.5,580.29
999.5,714.5
1001.1,1181.5
1003.9,168.14
1003.3,260.89
1002,776.5
1007.9,1117.4
1008.1,1147.4
1012.6,287.11
1017.7,1159.2
1017.1,1180.7
1020.5,3.6122
1021.5,723.95
1024.6,1088.1
1024.8,1074.8
1027.6,100.3
1025.6,1029.1
1029.8,923.5
1038.2,1159.5
1035.4,74.529
1046.7,363.46
1052.1,900.93
1055,508.09
1056,721.88
1061.2,558.09
1063.2,293.46
1064.6,229.86
1063.5,688
1068.7,1036.2
1069.1,458.48
1067.1,498.54
1068,811.55
1070.3,984.83
1071.2,798.24
1074.2,1141.7
1075.9,784.59
1079.2,886.8
1077.9,906.09
1084.6,512.89
1088.9,327.09
1089.8,991
1095.3,146.45
1095.8,742.64
1108.1,260.17
1105,490.7
1108.3,888.21
1124.5,1155.7
1107.5,505.5
1111.2,1140.2
1114.7,933.9
1114.4,313
1116.8,780.84
1114.9,426.91
1116,142
1119.1,723.31
1124.2,950.14
1128.1,1207.9
1132.6,468.12
1136.8,798.26
1139.6,501.76
1140.7,861.26
1148.5,460.93
1145.8,1166
1155.3,1194.1
1157.5,148.42
1170.3,1177.1
1170.1,327.08
1167.7,711.29
1174.4,259.2
1173.8,915.68
1177,843.62
1179.3,292.56
1185,249.4
1184.6,892.81
1184.2,142.07
1185.6,1179.9
1187,532.64
1189.7,728.04
1190.1,918.82
1191,95
1193.1,166.51
1191.7,1002.5
1191.2,1245.7
1201.3,907.67
1205.5,540.94
1207.2,786.24
1210.1,5.8966
1208.5,550.5
1215.7,804.61
1217.6,59.978
1216.7,1008.5
1219.9,131.3
1218.4,829.11
1223.8,727.19
1223.6,580.57
1230.2,322.37
1229.2,701.56
1230.1,1148.6
1232.6,32.057
1231.6,81.548
1238.7,698.94
1241,359.28
1237.5,736.78
1238.6,1232.9
1243.7,907.39
1244,1159.5
1245,824.5
1246.2,1246.2
