3.2456,328.32
9.9524,893.07
9.3984,925.12
17.842,973.43
1.7586,992.9
1.8947,1101
8.2831,1166.7
9.1636,859.36
6.9231,1061.7
8.3793,654.79
8.5,312
10.071,588.31
15.636,357.17
10.56,1209.9
13.5,1184.5
18.361,450.54
19.183,839.69
18.373,138.78
23.994,71.253
27.694,1011.3
30.326,145.17
37.538,848.64
34.7,1174.7
37.083,375.28
44.245,1210.1
44.523,942.69
40.885,1059.4
41.676,10.216
45.889,603.36
42,958.5
47.169,985.1
49.347,872.78
44.913,920.48
48.086,761.43
53.788,305.25
52.154,1104.5
52.571,923.57
66.282,1171.1
54.969,135.22
54.741,416.93
59.894,754.91
59.146,990.47
59.2,1006.4
64.5,588
67.262,335.11
67.071,1044.7
70.054,108.12
68.744,1207.9
71,585.14
75.269,406.35
76.956,1043
84.405,979.43
83.417,933.95
83.379,118.69
85.191,674.05
94.811,1202.4
90.165,92.885
90.678,708.36
90.713,569.59
94.17,131.51
88.857,230.14
91.765,725.14
91,492
101.16,1099.9
97.846,994.23
104.19,575.85
102.45,1076.3
102.08,1088.3
107.7,43.033
132.48,532.15
103.5,644
110.42,811.18
109.81,353.69
110.12,707.58
131.26,954.35
115.37,506.44
114.86,1224.6
113.5,918.5
115.86,1020.3
116.33,799.33
119.13,653.97
121.65,452.31
118.06,690.91
122.87,350.14
123.43,936.83
128.75,625
134.86,148.19
138.4,1221.5
134.5,222.57
136.89,497.42
137,748
138.5,898
145.91,799.37
145.44,985.81
141,749
179.78,1218.4
149.34,1113.8
153.08,344.8
151.7,10.795
158.52,875.45
155.79,1000.1
153.54,453.46
167.37,978.19
163.66,601.35
158.18,681.68
156.8,1022.4
157.5,1174.5
161.57,1198.7
160.6,135.6
168.71,1076.5
166.7,956.83
175.97,901.42
173.34,7.1951
175.19,456.46
186.26,121.03
177.77,422.43
181.76,150.04
194.65,432.15
189.64,820.14
197.56,387.71
197.97,1048.8
192.08,5.0833
197.39,957.56
192.09,1186.1
193.67,133.11
192.42,409.11
194,32.346
209.19,40.259
211.64,1082.3
212.72,1147
210.44,158.19
209.5,544.5
214.51,605.08
217.86,435.22
216.91,625.51
220.55,958.62
216.19,506.21
216.77,307.51
221.25,786.36
221.16,247.86
224.93,1032.8
230.2,596.94
228.91,806.07
231.08,350.73
232.56,1141.8
235,1131
241.22,497.45
239.54,202.08
240.97,566.56
241.5,930.64
243.45,2.25
246.33,475.9
253.11,420.6
248.09,769.05
248.29,125.21
255.16,852.89
253.21,1063.9
251,814
274.94,1227.8
260.5,1151.1
262.02,1172.8
262.53,617.24
264.08,325.96
268.33,1050.5
266.51,1084.1
267.57,880.59
265.59,377.07
265.92,898.75
268.5,1013.1
267.58,729.11
276.07,3.1622
273.02,265
275.07,625.62
275.19,522.62
279.07,100.77
289.38,1165.3
308.81,71.346
288.68,308.43
287.87,1192.6
295.78,983.36
290.62,1032.8
295.53,1146.3
294,286.11
304.08,794.7
297.69,233.86
300.96,574.11
297.44,737.2
301.86,336.61
306.73,461.18
308.53,295.68
303.5,1026
307.91,1203
317.55,717.97
317.67,924.92
318.18,973.49
317.34,222.86
319.16,851.25
319.88,26.735
318.5,1003.5
321.08,838.11
321,873.5
333.63,1137.4
322.83,93.217
328.43,751.08
323.36,237.18
328,123
328.25,356
329.86,381.35
335.45,794.2
330.42,1010.1
337.21,725.32
338.04,667.24
336.6,818.6
338,1042
342.1,488.1
343.82,850.86
345.42,1037
354.57,401.49
344.95,681.92
348.25,818.05
349.14,246.69
348.6,1060.4
351,52
356.45,1153.3
355.46,917.5
355.06,1175.5
355.87,208.39
356.43,895.88
357.08,158.44
359.63,52.086
359.75,990.25
363.08,38.432
364.38,149.66
372.72,731.05
365.91,1095.2
365.66,1233.8
368.84,83.523
367.64,1124.2
368.67,1188
377.94,60.587
373.39,133.57
382.17,998.54
373.58,381.89
377.69,524.59
378,100
385.58,978.41
380.05,22.756
379.17,655.12
380.58,686.55
379.54,844.89
382.38,1022
385,14.5
400.95,1057.5
393.57,304.08
401.88,1113.5
391.57,1128.4
397.5,9.0244
395.98,319.11
399.52,1034.3
402.85,532.39
409.16,883.66
406.14,454.54
409.28,67.892
414.74,658.37
409.81,721.62
410.14,931.14
414.44,367.93
418.89,29.902
416.39,1038.4
416,1245
417.05,937.9
427.03,1224.5
429.19,454.41
448.83,1048.8
427.66,1207.4
425.94,585.3
428.56,429.68
431.88,733.82
430,982.1
429,290
430.83,871.69
431.06,918.94
433.13,196.46
431.42,279.11
432.5,1002
436.67,332.04
439.42,497.42
439,2.4118
437.67,401
449.25,948.75
441,1180.2
449.35,38.635
446.24,869.38
443,124.14
450.15,380.25
446.1,780.33
446.77,1220.2
446.1,516.02
449.93,1103.4
451.17,284.5
447.12,1246.7
450.32,457.58
449,976.92
449.64,1010.6
449.72,833.14
454.17,203.64
453.55,486.06
453,252
461.81,677.85
457.88,1000.9
461.48,553.98
469.81,286.68
471.31,363.92
471.34,701.25
474.4,215.72
470.98,471.11
476.64,756.34
470.89,882.57
473.9,178.68
474.37,688.76
474.65,946.88
478.34,648.91
474.5,664.5
476.58,461.11
484.76,902.24
482.16,1012.6
485.33,1245.1
480.47,869.91
484.69,662.05
485.46,786.47
483,1230.2
491.22,3.8919
491.75,258.58
498.26,275.06
502.54,468.69
489.88,1025.1
489.62,296
501.75,371.26
500.79,1088.9
520.68,1158.5
495.62,445.15
494.52,815.62
496.98,219.26
497.87,847.08
493,303
498.21,496.21
497.39,430.24
503.59,1035.7
508.87,59.523
505.53,39.932
508.5,177
507.88,230.65
525.78,261.59
511.07,22.556
510.43,487.39
513.89,1246.6
520.66,406.29
517.87,94.309
515.81,523.74
517.88,821.05
525.32,439.59
518.34,1197.1
537.14,233.69
525.95,920.44
539.28,946.05
532.92,892.46
524.5,281.5
533.33,1241.7
532.78,790.13
528.37,1076.1
528.97,290.72
529.09,518.84
526.6,724.6
526.47,848.3
539.48,631.38
545.73,1009.3
536.75,80.925
536.95,706.12
533.59,735.5
537.46,61.671
543.57,289.43
547.51,459.14
546.35,552.85
551.48,568.48
548.15,68.692
547.5,799
558.47,288.81
550.5,202.5
558.3,429.37
555.01,1226.9
554.18,1175.7
553.93,1151.4
555.08,84.083
555,333
565.87,1196.8
558.86,646.05
561.09,960.17
557.29,1076.5
563.71,1100.7
565.61,373.87
560.3,774.71
560.88,130.67
569.88,202.41
560.62,743.62
563.8,862.1
567.79,179.05
563.47,977.21
565.77,105.82
564.98,513
565.3,560.26
569.48,931.02
569.25,148.56
570.24,38.049
570.68,1034.7
571,272
576.48,417.24
572.71,906.29
580.87,816.88
576.85,265.88
585.29,304.5
578.52,774.82
583.98,519.2
583.36,471.66
582.77,996.55
581.33,956
581.66,1067.2
587.87,1161.2
587.33,217.77
587.21,597.45
587.28,771.43
589.94,105.34
585.6,246.6
593.64,1211.1
592.38,487.94
593.35,1074.5
592.51,1133.7
600.38,27.778
594.67,249.42
592,886.65
594.76,451.65
596.83,1026.4
597.55,81.545
599.72,887.93
607.97,332.3
602.94,1054.6
608.58,964.27
607.92,239.12
613.77,546.3
611.39,222.44
611.48,469.93
614.02,76.712
630.91,420.75
614.67,2.7778
611.33,108
611.5,418.5
623.71,982.67
622.56,1016.3
622.97,490.34
630.14,528.44
621.6,1028.4
630.29,185.33
623,898.5
623.5,1047
628.43,1198
635.35,1081.4
628.63,1245
627.6,940.4
628,1051.7
634.39,705.23
634.85,310.86
632.61,387.76
633.5,211
632.5,487
640.95,1041.5
637.64,397.36
635,510
644.52,359.79
639.46,940.33
640.04,44.543
647.55,1000.2
643.13,33.032
644.54,159.14
656.57,212.96
645.97,1194.1
649.72,835.48
645.35,1153.6
645.91,1161.1
647.07,888.59
662.55,386.19
650.07,561.07
660.68,494.97
663.79,547.52
659.98,827.51
700.43,930.15
658.83,598.07
662.6,335.04
661.06,1017.1
662.44,912.92
666.55,355.08
670.41,592.34
669.29,994.03
669.77,17.317
669.17,1238
671.35,227.73
686.26,565
679.31,857.9
677,635.5
678.88,1194.4
679.65,176.58
691.92,416.77
681,153
681.67,484.51
683.91,536.33
683.57,16.609
683.88,189.5
687.51,962.45
692.24,291.79
690.85,999.15
693.09,650.5
691.97,789.45
690,33.5
696.6,112.72
704.63,549.37
691.75,186.16
690.5,709
697.94,146.76
692.88,79.08
701.88,1057.5
697.49,441.94
697.19,402.26
701.13,753.49
702.91,623.38
704.05,59.432
705.26,807.43
711.32,478.62
710.94,504.9
706.69,1093.4
710.52,9.8895
712.28,453.86
709.24,525.7
710.86,1183.9
712.94,92.741
712.5,276.88
719.23,633.4
718.71,162.9
721.04,713.59
721.05,495.95
724.84,260.84
731.66,428.47
726,891
728.39,282.36
730.71,1173.1
741.4,504.33
737.31,313.81
733.93,833.9
739.18,658.66
742.11,1025.3
738.72,533.81
738.89,347.58
748.48,392.43
744.58,303.26
743.18,478.33
744.65,1115.2
746,264
752.96,887.04
746.64,933.32
748,159.5
748,552.14
756.67,520.67
759.31,656.8
761.58,477.92
755.93,506.8
763.5,620.22
765.18,636.31
767.96,556.4
766.51,333.59
771.47,437.93
767.76,292.81
769.96,1026.4
772.88,870.27
783.06,273.15
778.54,670.57
781.75,1194.3
787.94,303.11
783.95,403.24
783,770.5
807.44,468.33
787.04,1178.5
784.57,1028.6
791.03,152.7
794.66,624.79
814.63,718.62
800.31,1126.2
805.46,225.29
803.22,503.12
800.19,561.81
816.54,554.46
804.35,1015.9
810.99,287.06
809.46,417.06
809.69,342.81
811.49,791.9
816.13,626.03
813.76,1236.1
817.98,486.08
822.79,601.39
818.1,654.79
818.91,884.61
818.5,388.5
819.86,941.35
826.84,504.36
827.38,251.62
829.38,90.276
827.61,473.39
826.5,612.5
835.07,847.63
827.36,637.5
838.62,238.19
839.39,566.53
836.83,1214.2
906.52,620.04
846.95,130.55
841.59,512.14
845.13,928.27
852.49,543.84
847.62,194.75
851.79,653.55
876.67,689.19
855.54,599.45
862.85,77.325
853.77,330.79
855.93,583.27
860.01,480.76
859.02,182.39
861.71,823.55
887.65,313.64
873.66,161.48
868,544.5
874.3,368.24
873.16,670.41
875.11,1030.8
880.17,97.362
873.94,567.58
887.72,534.99
874.42,1221.1
876.52,553.13
880.12,593.52
876.94,608.6
889.79,670.15
880.79,743.86
895.54,210.42
884,142
883.84,1214
892.08,114.96
891.5,607
893.88,17.235
926.27,169.49
893.95,166.56
894.54,1190.6
894.62,1213
899.39,1229.1
903.53,265.71
898.69,1130.9
899.5,922
902.2,418.73
905.15,897.64
901.42,1244.3
913.12,4.5537
907.5,184
908.95,431.95
919.9,761.48
916.92,81.338
911.5,668
917.13,435.92
917.59,703.36
919.49,804.38
915.11,470.03
918.28,934.65
927.08,20.906
917.87,101.03
918.43,343.43
939.23,307.85
919.5,518
920.94,41.303
931.2,352.31
934.1,125.15
928.6,575.5
928.08,482.08
928.36,524.5
931.97,1234.5
931.24,911.76
932.62,421.62
932.23,1082.6
935.41,55.726
940.37,790.82
936.4,943.1
938,545.65
954.16,742.71
943.7,681.77
946.83,706.86
959.76,525.42
964.38,29.665
948.77,920.43
947.73,1095.9
947.25,233.23
952.33,485.56
947.41,798
951.21,361.38
953.66,1152.4
952,116.5
955.95,94.882
960.7,561.94
956.51,9.7778
957.67,79.713
973.44,434.75
963.79,341.29
966.08,383.71
964.14,900.9
966.18,828.46
970.72,86.412
982.28,808.22
970.85,1235.5
976.21,249.41
974.72,695.75
995.45,733.74
974.07,781.34
975.25,107.7
1005.5,598.22
978,150.71
979.24,488.22
989.7,830.69
980.95,955.05
981,2
989.99,691.2
989.02,1197.6
993.11,468.4
992.41,715.25
990.1,1094.1
994.67,557.1
1006.9,763.03
1001,416.05
1010.6,13.592
1000.2,651.41
997,1160.3
1007.5,90.102
999.59,220.95
996.33,453.83
1005,76.453
1002.5,111
1009.5,1214.2
1004.9,321.05
1006.7,555.38
1004.1,694.58
1006.6,380.95
1005.4,838.47
1009.5,66.841
1013.8,446.45
1009.8,853.06
1009,818.67
1052.4,676.95
1010,1238.5
1024.7,494.79
1022.4,621.25
1025.4,841.42
1027.6,870.67
1050.5,213.42
1031.5,395.87
1024.5,335.12
1035,707.52
1024.2,786.09
1024.6,545.89
1026.9,825.68
1028.5,817.38
1029,518.33
1029.9,615.67
1032.3,1158.6
1044.5,435.02
1043.6,88.655
1036.2,524.94
1038.2,539.68
1060,803.09
1051.1,890.09
1046.6,142
1038.3,765.59
1045.7,517.43
1040,32.5
1040.4,607.81
1041.1,1096.2
1040.5,1158.9
1045.1,1232.4
1041,1167.5
1047,31.432
1052.2,113.61
1047,921.07
1048,58.754
1050.6,285.27
1051.6,501.02
1048,695
1050.2,609
1053.7,577.3
1050.8,1205.6
1053,864.33
1053.7,1173.3
1053.5,700.43
1057.3,236.51
1057.2,766.19
1057.2,167.84
1058.1,1047.5
1060.4,43.699
1065.7,607.31
1064.8,428.21
1066.6,480.58
1060.4,724.5
1063,509
1066,141.35
1071.2,839.03
1065,1011.5
1071.7,724.42
1067.6,529.09
1069.3,87.815
1073.4,512.68
1070.5,1185.4
1072.1,632.09
1081.1,787.98
1075.6,860.5
1085,127.99
1075.9,140.86
1087.3,744.99
1077.7,1173.7
1078.1,1213.1
1080.3,1062.9
1081.1,106.58
1083.4,555.92
1084.4,1091.9
1083.3,165.83
1086.7,526.68
1083.5,885
1085,921.07
1092.1,187.81
1090.9,995.91
1096,57.377
1097.2,645.71
1113.9,829.28
1102.9,1017.8
1097.8,173.61
1097.7,376.55
1098.3,916.77
1102.8,878.02
1103.2,75.103
1099,268.32
1100.7,804.73
1099.4,116.43
1099,439.5
1106.9,459.3
1101.4,247.91
1110.4,333.53
1103.1,684.41
1104.8,301.39
1105.4,629.95
1105.4,1074
1119,128.02
1106.9,639.59
1111.8,744.58
1108.1,619.09
1111.3,114.26
1108,279
1120.5,154.79
1111.9,59.811
1111.6,286.89
1112.9,100.42
1129.4,511.02
1113.7,1127.6
1118.8,783.32
1116.2,37
1124.9,263.27
1115,315
1117.1,710.86
1133.8,580.9
1120.8,1132
1123.9,89.25
1120.5,842.5
1122,330.5
1123.7,355.98
1124,1102.7
1127,290.02
1127,550.88
1131.5,1160.7
1127.5,310.47
1130.1,649.17
1129.1,706.63
1127,731
1130.6,386.42
1135,102.41
1150.3,217.69
1130.1,747.62
1138.1,60.99
1141.1,888.26
1139.3,1095.4
1136.6,242.26
1134.1,1043
1137,311
1140.3,905.86
1146.4,166.51
1141.6,720.02
1142.7,924.37
1141.6,1043.4
1143.5,338.45
1146.9,1031.4
1146.7,510.88
1150.8,749.09
1148.6,808.35
1155.9,4.8077
1152.6,1142.1
1159.7,828.14
1157.2,1132.4
1160.6,60.766
1166.7,908.39
1156.4,217.6
1158.7,399.01
1158,674.5
1161.4,147.7
1159.7,716.23
1173.4,851.33
1164.4,893.07
1181.6,304.51
1168,342.64
1171.8,111.79
1167.2,1056.1
1170.6,1077.9
1182.8,550.22
1172,922.5
1188.4,251.78
1178.4,369.52
1202.3,699.65
1180.7,42.798
1177.5,491.64
1177.3,99
1179.8,634.79
1183.7,875.96
1189.1,169.36
1183.6,336.21
1182.5,752.42
1194.7,822.12
1192.8,896.9
1202.3,437.17
1188,499.62
1190.9,934.13
1194.5,966.84
1193.1,727.2
1199.8,854.72
1194.9,565
1197.7,617.24
1194.5,926
1224.8,352.63
1202.2,196.84
1196.5,265
1197.5,213.5
1199.9,586.93
1204.5,488.21
1209.3,68.152
1209.9,330.17
1205.6,264.29
1205,933.67
1206.4,219.74
1213.8,106.81
1209.8,990.8
1209.4,631.89
1220.4,522.06
1219.6,861.76
1215.6,1135.3
1220.4,153.01
1223.6,288.99
1220.3,954.8
1220.1,255.69
1221.8,1093.5
1223.2,759.84
1226.2,187.57
1226.5,460.24
1228,998.95
1225.1,23.658
1233.5,969.88
1238,543.41
1226.6,716.6
1234.5,919.8
1232.3,242.05
1236.3,768.72
1235.5,1112.7
1240.9,221.7
1237.2,702.06
1236.6,383.18
1241.9,598.32
1237.7,434.66
1237.5,564.14
1238.5,948
1240.9,732.64
1243.9,782.95
1246,180.74
1245.7,357.33
1245.6,443.59
1245.9,812.09
1246.4,850.94
1245.5,949.5
