2.6613,9.129
3.1042,165.96
4.3263,621.63
4.0247,639.47
3.6905,1190.2
4.9259,121.41
23.685,42.455
12.873,736.81
20.624,616.62
17.642,4.0448
19.287,541.39
16.5,73
16.606,341.81
18.33,1194.6
21.616,178.5
19.231,993.08
26.35,106.45
21.038,1206
24.858,374.16
20.333,654.17
24.14,516.74
28.584,285.27
25.727,164.14
27.151,779.17
33.245,562.89
30.653,77.013
30.013,123.7
32.473,853.56
33.141,977.2
31.5,1004
34.841,825.11
43.719,91.746
35.625,1088.1
42.403,1238.2
35.909,8.9545
36.743,238.69
38.883,165.97
44.366,1031.3
44.027,609.17
47.44,684.69
46.678,179.09
47.143,814.76
48.484,1187.7
48,61.833
51.264,290.87
54.234,631.77
53.421,374.33
53.312,523.96
51.296,596.61
51.971,448.43
53.5,1.875
56.889,1141.6
62.173,342.34
62.376,880.78
59.5,297
65.093,136.33
69.423,562.91
63.219,156.38
78.293,400.2
64.75,1168.4
68.222,414.82
73.946,1071.5
69,908.5
75.395,1008.3
85.345,223.42
74.632,900.35
72.727,931.45
76.984,371.91
81.061,1213
81.503,53.928
89.671,306.54
84.04,851.79
79.167,548.33
80.885,1180.8
83.175,887.13
83.395,161
85.859,454.83
87.071,998.31
91.197,721.68
91.508,558.91
90.24,607.79
88.909,1236.1
91.702,655.17
106.34,51.576
106.86,130.28
99.876,675.79
101.39,158.17
95.548,746.16
97.63,999.96
97.778,7.7778
97.5,422.39
99.5,460.78
111.75,522.33
103.35,913.84
107.19,564.93
109.41,599.94
108.48,177.78
109.63,190.83
111.28,235.25
109.93,712.95
114.31,779.53
115.18,870.51
114.07,855.02
116.18,3.6111
113.46,423.35
117.32,669.69
120.12,361
121.84,458.25
122.81,638.54
129.67,80.937
129.8,949.41
133.72,298.65
134.23,1114.8
134.65,247.49
131.41,702.24
135.4,784.16
138.96,333.97
142.72,433.87
139.76,1207.1
138.05,851.6
140.25,229.04
145.38,22.588
146.21,68.683
153.27,730.21
150.37,144.25
148.92,247.57
160.38,400.44
152.38,579.94
149.84,490.86
153.74,1246.4
154.59,1003.3
157.26,481.66
156.85,463.28
157.87,519.13
160.31,89.423
159.32,938.36
168.56,495.1
165.15,884.85
160.91,527.91
174.22,665.62
171.7,296.06
168.87,1100.6
165.22,1182.6
170.1,1074
172.02,424.85
173.1,467.68
173.4,606.85
171.5,777.5
173.48,18.794
172.46,848.39
169.24,1116.8
174.92,149.27
175.63,735.5
187.14,766.93
175.96,355.05
190.65,971.5
177.24,1239.6
175.12,1127.9
179.52,911.09
175.81,511.93
175.93,984.98
190.84,60.459
179.55,591.18
179.82,1000.2
181.13,1113.7
186.81,443.93
183.77,801.8
182.5,217.88
184.5,99
190.45,189.81
186.22,374.1
185.5,557
184.81,1183.8
185.83,816.88
193.7,262.81
192.15,1211
199.2,6.8756
199.57,688.45
205.24,733.87
200.79,588.55
201.61,800.78
215.13,43.578
203.16,335.86
207.53,1046.8
208.1,1119.1
206.82,521.55
204.88,1195.3
206.03,852.69
215.62,642.82
215.51,596.57
213.71,781.8
220.94,690.11
218.92,293.83
216.4,506.79
229.57,274.31
217.92,435.44
221.7,1213
220.92,6.33
221.34,1008.2
221.96,849.68
223.9,357.62
222.46,807.15
234.22,486.67
227.93,713.58
230.79,434.3
232.11,749.52
231.41,311.59
232,462.5
237.27,152.74
240.27,239.74
239.92,694.45
238.74,114.3
239.16,172.55
246.14,1191.5
240.69,585.09
243.17,1034.7
248.66,58.913
246.65,16.907
246.1,1234.2
247,266
247.36,319.5
253.25,306.43
252.82,801.6
251.91,424.46
253.62,647.11
259.71,1088.7
253.11,289.58
259.92,407.24
255.44,868.2
261.25,547.52
259.33,84.433
262.62,247.58
263.51,1223.2
263.98,739.76
271.59,188.55
264.1,303.05
268.95,139.02
274.8,272.12
266.97,1161.6
267.53,1175.3
271.59,976.17
273.59,54.797
271.69,891.02
271.76,934.34
271.82,958.27
274.15,690.26
277.34,1.9714
278.43,394.18
277.54,718.54
280.97,626.32
288.7,433.05
286.68,34.427
282.82,240.84
282,353.5
296.72,108.22
290.14,992.3
291.11,854.85
289.09,203.91
293.01,247.89
292.91,501.34
296.26,715.25
297.31,592.92
303.26,629.27
298.75,838.62
298.5,543
302.88,1074
304.12,153.3
304.29,372.07
301.09,902.91
303,1241.8
308.75,215.97
306.82,911.13
304.86,994.14
312.23,443.33
309.98,579.29
317.08,803.27
311.5,655.21
311.92,1102.6
313.55,393.08
315.26,830.77
322.43,200.72
315.02,271.88
316.57,175.76
316.08,714.75
315.89,135.42
326.14,32.185
316.86,614.5
319.76,320.69
321.6,1032.8
323.17,1102.3
321.91,364.91
321.92,922.92
324.68,397.53
334.96,857.57
327.77,235.08
327.27,906.96
328.76,57.585
329.4,456.56
334.01,573.92
333.79,323.18
334.03,112.57
334,375.59
336.71,979.34
340.58,1244.3
337.64,741.33
341.63,553.08
340.49,713.2
339.29,405
340.84,1199.7
341.56,9.1778
352.09,676.75
344.83,770.01
343.66,340.34
344.13,332.83
344.46,466.21
345.39,595.89
348.79,610.9
350.6,112.82
357.4,371.17
355.55,352.51
357.83,1210.1
356.08,477.1
357.3,913.22
357.51,11.969
355.76,405.5
356.62,855.63
366.88,270.79
362.64,67.568
367.5,310.72
366.87,953.4
364.52,1009.9
368.95,467.32
371.86,536.34
380.97,805.37
371.84,220.95
372.72,721.84
368.35,1159.4
371.61,863.28
393.28,118.22
376.39,1199.3
393.82,170.89
378.33,20.2
380.9,444.77
377.86,689.68
381.17,882.73
379.34,757.52
381.94,993.58
383.05,910.83
388.87,1038.5
391.17,1132.5
388.91,744.14
391.98,95.565
394.16,593.06
391.65,507.38
395.88,1166.2
402.47,456.63
398.85,761
399.12,54.385
402.37,145.74
401.52,331.88
404.2,1040.7
405.5,374.68
410.69,481.54
414.63,835.57
414.91,718.21
411.41,1194.4
414.59,252.07
410.19,897.93
414.8,961.46
415.53,1087.4
416.38,74.625
418.43,222.91
420.64,646.96
424.13,754.93
421.94,559.09
423.09,1069.1
427.19,400.28
438.8,460.83
429.73,12.578
430.57,586.09
431.2,189.61
434.68,673.66
436.02,497.98
432.78,1007.4
432.4,175.04
445.23,525.77
440.26,560.27
440.4,79.855
435.12,269.2
438.99,1098.2
435.77,300.65
436.44,858.87
444.47,425.63
443.5,912.44
440.51,966.75
447.43,698.47
442.49,988.11
442.14,1237.5
454.48,38.199
447.54,614.66
447.12,827.79
448.27,843.98
451.22,1040.6
447.06,722.59
451.85,1201.9
449.21,162.5
449.31,195.09
454.91,251.92
456.92,968.95
461.04,1079.6
458.78,1175.3
463.96,102.56
461.59,668.16
465.66,747.97
465.3,957.73
471.15,206.73
464.77,188.55
466.56,321.4
468.54,1241.3
466,719.76
464.92,383.92
470.47,871.61
468.5,119.5
475.09,837.24
469.5,45.5
474.82,133.56
472.36,288
475.64,1214.4
481.54,482.22
478.18,982.69
482.23,452.58
484.01,689.22
481.17,776.13
482.45,599.06
488.02,1057.8
493.26,571.81
487.29,1077.2
490.35,286.6
497.84,309.14
490,814.76
495.02,663.91
493.27,1175.7
494.47,236.71
497.48,422.88
497.15,890.97
500.16,198.39
523.28,257.99
516.15,742.87
508.48,15.673
506.7,72.778
506.47,320.94
510.99,91.19
512.84,3.7706
508.17,177.25
509.73,534.71
507.74,917
511.36,970.36
517.71,341.45
510.4,639.96
519.6,1002.3
512.57,710.53
515.62,1162
518.85,445.83
534.26,628.24
524.86,848.88
528.93,1125.9
532.05,1072.7
532.8,910.23
530.79,8.7143
533.08,486.23
531.76,945.7
551.78,599.98
533.59,185.8
536.36,363.35
541.45,878.37
535.63,31.981
544.23,981.26
538.38,673.28
537.06,82.576
539.54,574.17
538,284.5
540.26,1013.5
543.23,828.47
554.3,310.27
547.59,710.95
547.25,415.62
557.28,1030.6
551.24,688.65
553.63,132.26
558.38,269.6
561.79,845.72
563.35,156.04
558,807.42
559.03,374.05
557,446
558.82,1082
560.77,36.525
562.5,524.41
565.04,1178.9
564.94,549.4
564.5,818.32
562.95,363.09
566.01,691.32
565.41,889.06
573.71,68.409
569.78,219.15
576.34,414.14
575.4,777.18
574.61,1232.4
578.11,626.66
579.89,920.47
577.69,1005.8
580.09,891.06
580.01,648.65
579.74,138.53
586.75,437.94
578.57,560.52
581.23,667.27
586.87,533.81
580.89,1125.8
584.39,222.86
591.65,316.59
582.63,948.37
591.39,1025.8
594.34,476.9
588.13,694.58
595.39,720.88
591.05,812.93
593.07,58.957
592.08,1117.9
593.91,1185
601.98,1156.4
599.75,930.13
605.38,103.28
607.27,778.96
602.65,603.47
600.84,616.86
606.15,13.14
605.32,333.41
605,35
606,531
616.3,936.5
610.44,1009
614.66,1068
611.61,660.43
614.14,629.95
617.15,226.1
622.81,166.72
620.41,498.09
616.35,513.88
618.33,121.28
620.19,190.69
621.57,684.71
631.48,710
632.15,323.46
625.94,369.3
625.04,87.556
627.03,871.68
635.24,564.62
632.12,41.301
628.8,598.43
637.21,922.52
631.48,526.24
633.68,130.94
631.75,1050.8
636.85,544.5
636.61,834.43
638.84,224.84
645.16,356.15
642.25,504.68
647.25,79.408
645.31,672.43
645.98,520.35
650.53,288.29
647.15,1144.1
645.11,266.58
647.11,881.42
652.75,421.22
651.38,812.95
653.69,13.941
652.25,123.27
660.29,309.92
650.42,1167.9
653.65,796.12
657.15,593.75
659.51,751.69
655.6,2.4
657.87,329.62
660.73,845.62
669.25,650.15
660.25,1118.5
663.91,89.58
671.84,897.06
668.12,470
666,207
667.78,164.38
670.15,141.84
669.65,48.885
670.5,613
681.91,114.08
675.19,954.51
680.55,501.76
677.47,23.584
676.08,686.1
677.5,451.32
679.64,813.67
678,1010
681.93,1197.3
687.91,357.79
682.26,1049.9
681.43,1120
681.34,1141.5
680.6,1103.4
682.1,1109.7
684.5,839
685.72,1001
702.96,185.59
691.04,165.47
688.93,599.44
694.85,1208.7
696.62,71.481
694.61,307.28
693.09,54.909
697.66,621
701.37,766.4
698.58,1113.9
702.64,547.87
697.55,1231.7
701.22,318.33
703.69,645.25
699.29,799.35
705.6,878.33
702.58,606.75
710.42,505.66
704.07,36.067
705.05,122.77
715.68,727.09
709.02,953.22
709.48,1041.1
711.33,291.68
709.5,695
709.08,786.08
710.68,108.05
715.33,918.89
711.24,1093
711.44,331.92
714.54,900.17
713,517
718.02,55.271
716.91,414.43
717.24,1149.4
720.32,1131.2
717.59,139.07
718.76,882.97
732.2,1244.8
718.5,316.5
723.19,1113.3
723.64,385.75
737.08,1072.9
729.48,609.57
727.28,804.86
728.01,856.03
727.34,1183.4
732.44,329.21
735.36,932.78
741.49,51.595
740.99,536.16
752.12,17.115
739.07,1160.2
742.17,209.99
744.53,380.87
743.6,706.19
744.21,907.76
741.29,1118.6
746.28,489.71
742.38,919.12
750.13,567.34
747.16,839.06
751.82,1010
754.33,250.57
747,1114
751.42,595.96
748.93,619.29
751.97,84.429
751.77,139.11
756.5,364.25
755.56,805.09
756.61,903.07
756.16,1150.1
758.67,41.667
761,980.24
764,647.37
759.5,477.5
763.23,89.056
765.62,619.27
763.01,1102.1
776.84,126.63
774.01,377.16
768.79,575.16
764,895.86
773,58.038
775.96,870.09
768.64,335.14
775.03,160.03
777.5,200.39
774.26,1185.2
773.29,677.83
779.33,30.574
782.5,746.41
780.83,730.6
787.73,934.99
795.28,181.11
789.82,990.1
783.92,1114.4
787.04,547.97
793.15,6.0566
789.05,777.62
784.79,964.71
793.31,1187.3
799.44,313.03
791.44,651.74
791.73,525.45
795.69,633.99
801.64,343.15
798.49,675.17
796.5,1016.1
799.33,91.827
802.77,276.12
797.5,423.12
797,856
800.42,902.99
800.71,399.54
801.55,755.17
803.2,1133.8
809.53,766.44
807.81,613.9
819.77,711.82
806.65,166.29
806.56,644.76
809.88,198.75
813.4,23.328
812.26,509.76
814.34,945.31
814.11,480.14
817.64,1235.3
815.58,1195.8
824.51,160.9
822,895.43
828.48,216.58
816.5,859.5
819.69,97.343
825.13,446.69
821.73,76.625
820.68,1089.3
825.99,584.09
821.61,1034.1
825.83,1149.4
829.57,850.38
826.35,741.02
830.91,396.13
833.87,786.23
834.53,957.39
831.68,606.75
834.79,487.71
834.28,755.85
838.86,36.284
830.87,371.03
839.07,123.24
839.36,269.45
839.19,387.19
839.17,991.75
840,177.5
842.6,644.76
843.68,720.8
856.4,1226.4
847.58,1111.5
845.09,141.91
849.23,1138.2
857.21,878.3
854.06,683.86
856.88,736.24
857.99,366.39
861.41,1165.9
855.98,591.59
857.84,606.24
858.04,187.96
861.03,420.46
862.66,337.74
869.6,1204.7
866.95,65.201
872.72,506.79
865.01,801.33
868.66,42.925
865.96,202.24
869.98,302.87
865.65,457.27
867.77,768.48
865.36,1141.9
869.54,144.78
870.44,834.3
869.12,163.35
871.35,26.536
872.63,1018.7
878.63,1119.4
879.87,569.57
877.73,108.9
883.36,397.97
877.9,445.17
882.26,1065.8
892.62,729.16
884.45,917.57
878.33,1092.5
884.12,60.392
884.4,1239.9
887.91,637.03
891.26,833.42
885.06,893.41
894.78,534.81
892.86,373.32
889.06,905.59
890.86,1154.9
901.48,136.25
890,591
892.42,421.35
892.8,411.68
894.71,507.89
894.52,943.18
896.15,212.81
901.34,1127.4
898.86,1166.2
898.08,79.02
899.94,745.23
900.35,46.098
903.95,604.9
905.62,877.87
905.29,986.27
907.55,911.86
908.75,12.587
907.71,188.42
905.12,304.38
907.99,561.81
918.36,1191.2
912.87,653.84
911.25,297.06
916.09,86.075
912.74,709.06
918.69,832.14
911.14,786.14
911.92,412.08
914.73,847.8
922.09,680.38
921.25,1039.4
922.97,933.23
928.9,986.83
919,1231.9
918.58,231.11
919.44,1024.1
927.85,634.17
931.77,338.05
920.91,365.91
927.34,423.68
929.22,1107.4
927.3,1170.8
942.55,744.09
934.35,793.43
937.51,828.56
931.89,914.61
933.77,382.36
933.67,587.13
939.27,138.45
941.79,561.06
945.58,8.4096
943.59,684.44
945.43,1129.8
946,92.356
945,228.5
944.4,1077.4
950,660.07
957,367.16
953.88,426.6
951.27,583.08
951.35,899.14
957.63,707.64
957.73,564.66
962.12,1086.2
968.06,807.65
958.99,1172.5
962.41,62.554
956.91,125.48
958.18,245.64
956.41,781.94
961.79,1016.9
957.59,1230.9
959.11,466.74
957,627
966.39,117.81
970.26,198.41
968.14,494.53
966.6,1024.6
976.93,18.335
978.65,246.31
969.6,1128.6
969.92,1233.9
978.77,725.21
974.9,1212.7
976.32,415.32
978.83,524.53
975.52,1031.9
981.85,376.98
981.39,619.33
983.01,335.08
984.51,682.55
984.35,1183.8
984.5,470.36
984.42,938.11
986.56,1168.4
987.56,453.53
991.1,184.6
988.73,401.81
991.38,739.9
992,278.92
992,344
1005.5,11.391
995.62,99.877
994.76,288.6
1003.3,588.06
998.05,151.23
1011.7,708.43
1013.1,818.28
1008.7,1210.5
1000.8,987.58
1000.6,67.057
1006,923.39
1008,418.47
1007,401.5
1008.1,459.89
1020.6,1120.6
1009.5,1157
1010.1,165.72
1032.6,149.85
1025.6,340.04
1018.4,542.93
1018.2,661.24
1021.6,515.48
1031.8,981.07
1017.5,1092.1
1025,63.981
1024.9,289.14
1018.9,1151.4
1024.5,733
1025,230
1030.8,1157.1
1034,441.35
1034.5,757.5
1032.9,1032.9
1041.5,108.84
1036,467.17
1038.2,681.11
1042.4,1105.5
1048.5,298.29
1046,889.77
1044.8,1128.1
1040.1,1242.4
1043.1,83.571
1041.5,650.5
1045.8,663.67
1047.8,327.37
1051.5,126.58
1055,647.54
1059.3,252.63
1058.3,952.5
1052.5,814.89
1055.2,857.24
1052.5,202.03
1059,603.67
1064.5,74.115
1055.4,670.03
1061.8,1032.3
1064.2,517.69
1068.3,1165.1
1059.4,160.37
1059.5,1151.5
1061.5,907.73
1061.6,1191.1
1068,1094.9
1068.4,464.32
1065.8,745.91
1062,765
1063.8,1014.7
1075.4,32.172
1073.8,926.02
1070.3,776.96
1067.5,185.47
1065.8,714.54
1076.2,418.7
1072.3,309.76
1071.5,989.32
1084.3,548.33
1089.1,281.16
1078.2,864.08
1090.6,127.82
1084,602.64
1087.3,791.68
1083.2,158.26
1089.6,473.68
1085.5,569.76
1086.5,700.28
1085.4,1038.9
1089.8,327.16
1086.3,1228.4
1085,227
1091.4,1243.4
1091.5,718.36
1096.5,53.264
1094.2,748.97
1098.1,815.09
1096.8,983.42
1095.7,502.94
1093.4,1046.9
1094.2,1125.2
1100.8,667.28
1095,998
1099.3,518.8
1108.2,389.74
1117.9,579.22
1110.9,1140.3
1111.4,625.16
1103.2,85.548
1107,876.3
1102.4,896.3
1106.6,941.01
1105.6,1033.1
1115.3,1193
1112.9,328.73
1107.3,793.17
1112.5,1012.8
1110.7,767.48
1108.9,1048.9
1110,429
1111.2,1079.2
1112.6,996.58
1116,1234.5
1115,471.29
1119.3,173.08
1122.1,309.66
1116.2,369.91
1127.4,436.75
1120,649.5
1122,45.5
1122.8,866.23
1127.5,68.112
1123.7,798.86
1126.7,186.33
1139.8,687.59
1128.9,531.64
1142.6,736.19
1142.9,390.36
1133.1,956.57
1136.9,412
1132,786.5
1136.7,36.87
1139.1,121.95
1140.7,481.32
1139.2,293.33
1148.3,917.72
1149.7,1240.4
1147.1,329.05
1143.2,1074.8
1164.4,15.543
1146.8,98.324
1153.8,276.81
1150.8,805.7
1151.2,824.86
1148.3,1153.3
1149.1,1036.6
1154.2,373.81
1164.5,437.88
1151.7,1047.9
1153.8,407.82
1156.6,996.38
1161.3,1128.7
1156,698
1160.3,337.7
1160.8,1068.2
1163.1,546.3
1168.3,171.42
1161.7,1057.4
1169.2,594.49
1163.1,655.61
1166.5,836.28
1165,887.25
1163.6,1009.9
1166.4,524.68
1167.2,749.79
1171.4,1205.2
1171.9,238.25
1170.8,43.345
1171.1,459.2
1176,1161.6
1176.3,567.16
1175.6,203.38
1177.1,337.5
1182,1082
1182,539.08
1178.4,375.89
1178.9,1231.4
1187.6,402.4
1180.8,1222.2
1184.2,169.55
1185.5,977.13
1192.4,310.33
1185.5,1228.5
1189.4,366.94
1190.2,959.7
1192.4,1060.8
1190.7,1115.3
1190.4,13.411
1191.3,551.57
1191.9,583.38
1192.2,424.64
1195.4,629.78
1195.1,1010.5
1194.5,292
1194.1,925.59
1195.1,1163.1
1197.6,1044.7
1198.8,1089.4
1205.5,605.14
1200.3,984.34
1201.4,1241.2
1201.2,514.16
1202.3,174.23
1203.5,59.5
1203.2,199.67
1208,697.81
1213.2,379.38
1214.4,408.09
1207.9,1126.4
1217.5,518.37
1223.6,543.06
1209.8,1030
1210.2,98.941
1213.8,1082
1210,425
1216.6,52.138
1217,333.65
1215.6,1235.2
1216.2,635.25
1218.6,217.08
1219.6,502.04
1226.4,1215.7
1222,465
1232.1,772.18
1227.3,434.73
1226.1,488.28
1228.6,281.45
1225,415.5
1230.6,183.41
1230.9,328.54
1236.7,261.59
1236.3,572.26
1239.6,682.45
1234.1,593.9
1233.8,917.76
1240.2,1063.6
1238.9,1228.7
1236.9,57.706
1238,110.11
1235.3,315.07
1233.9,972.91
1235.7,1024
1238.2,42.338
1242.9,140.23
1243.1,1166
1245.2,341.19
1245.7,1184.1
1247.5,114.5
1247.5,359
