2.1471,366.82
4,597
6.1034,708.33
14.758,256.51
13.453,150.57
14.167,1193.5
15.262,11.31
15.377,484.18
15.373,655.05
15.419,232.55
21.571,713.69
23.366,1232
21.29,335.71
21.632,530.13
21.579,635.11
25.42,786.7
24.5,668
25,4
28.703,104.23
26.933,177.93
28,159
30.948,928.23
30.049,881.3
30,1123.5
31.474,694.53
37.33,910.73
35.409,1013.3
42.077,211.26
40.769,243.83
44.39,98.252
43.968,309.03
44.671,633.41
46.651,975.59
46.743,994.56
50.565,76.748
47.541,929.78
48.286,3.75
53.179,517.87
54.061,241.93
56.5,439
57.257,1119.4
61.11,1019.9
64.935,647.41
64.129,357.94
66.059,135.59
68.225,803.92
68.067,874.17
71.5,783.5
70.239,923.46
74.395,268.5
72.564,966.08
75.229,759.33
76.564,697.92
80.382,911.34
82.268,1062.9
83.76,953.56
87.087,76.203
91.423,1077.6
88.853,1188.4
88.707,1220.2
89.825,1134
91.548,1205.2
99.385,897.43
95.211,23.711
97.842,1055.5
103.52,1222.5
101.68,638.49
105.26,531.64
103.26,4.8333
101.44,276.11
105.05,378.3
116.75,149.31
113.36,852.96
112.92,418
114.93,781.44
117.4,805.4
116.58,284.89
118.07,70.593
118.85,84.5
123.47,260.43
118.29,1031.2
118.09,1108.9
119.5,367
123.61,1229.8
129.38,169.13
124.5,1124.5
128,964.5
132.36,1049.8
131.41,975.07
136.23,572.78
140.45,437.29
142.77,880.93
141.14,94.188
146.45,528.6
149.12,326.28
150.85,758.41
149.5,965.5
155.51,991.39
153.45,843.59
157.07,221.39
157.1,1066.2
158.5,891.39
161.55,1083.2
162.46,407.74
163.33,596.86
162.5,834.91
161.93,144.59
166,237.58
165.07,849.41
165.91,29.955
166.34,1041.5
171.11,790.47
169.88,866.88
171.73,883.58
172.21,1060.8
178.14,98.211
177.07,1028.5
181.59,412.74
177.45,1007.7
186.69,493.83
186.83,859.3
186.74,1145
191.91,838.9
193.72,650.69
193.5,725.86
199.64,1003.2
196,744.25
202.29,353.71
204.37,134.37
204,219
206.11,414.37
207.07,578.41
209.77,19.453
210,461.75
211.61,711.22
211.23,879.77
215.11,953.27
220.78,113.55
215.23,6.2273
217.1,158.18
222.48,803.34
220.75,55.166
222.84,1197.9
222.07,916.41
225.07,16.643
225.52,1105.6
227.49,188.64
226.38,400.17
231.41,845.19
224.46,862.59
228.01,1039.8
227,74
230.74,963.93
238.13,1011.2
239.56,830.79
238.54,10.159
237.92,203.56
241.48,570.1
242.02,191.15
240.04,812.4
244.2,474.16
243.56,923.92
244.63,531.63
250.64,93.547
248.93,1116.4
254.12,488.99
251.29,935.29
253.55,914.58
257.68,869.91
259.59,43.967
258.8,681.63
260.38,742.53
259.58,806.78
264.85,328.25
260,1163.5
267.87,892.38
260.19,982.26
264.65,851.79
265.42,1144.5
268.42,270.89
270.5,546.5
271.5,945
277.05,579.23
278.62,765.62
280.5,792.41
284.87,455.86
287.72,824.07
288.5,892.5
289.39,955.68
290.66,162.47
294.27,425.11
293.5,2.4
292.63,510.63
294.35,862.72
300.4,232.6
306.24,265.4
301.18,1197.3
304.33,1227.1
307.26,63.29
308.08,1068.6
307.96,532.96
312.88,928.52
311.84,122.41
316.04,550.31
318.45,261.06
317.91,487.95
329.37,363.94
336.49,758.93
331.1,46.468
337.45,636.01
336,293.5
340.57,687.94
341.95,991.97
343.65,364.26
347.77,218.07
346.11,1113.6
349.07,469.41
352.81,305.86
351.41,793.94
354.09,1167.9
358.48,801.42
358.57,824.82
358.07,570.41
360.38,384.03
365.68,182.67
363.5,437.5
367.78,496.33
365.86,881
368.22,119.22
371.99,23.726
372.76,604.22
374.8,853.43
377.97,293.93
382.48,4.83
379,385.5
379.78,373.56
388.59,57.441
391.97,1087.2
392.38,578.13
394.19,1236.9
392.5,896
397.2,311.36
398.39,360.74
401.14,139.5
406.85,1.95
413.98,580.31
410.39,1102.9
412.22,602.47
413.88,678.65
418.93,1222.1
421.74,449.29
420,488.5
421.93,566.19
426.51,117.73
423,708.5
429.11,57.893
428.41,295.93
426.65,540.5
430.97,179.55
442.06,593.81
438.36,1245.9
440.63,171.5
442.93,1117.2
440.57,429.61
446.17,306.78
444.4,1194.6
451.22,368.44
451.75,850.45
448.5,1055.1
457,470.32
460.67,1105
464.87,506.47
465.38,360.55
475.41,820.03
471.07,589.77
470.06,1070.9
475.45,897.37
473.53,759.74
474,963
479.43,56.17
482.03,159.93
481.05,705.47
482.27,1077.3
488.79,735.32
493.39,462.42
497.34,756.27
496.15,951.15
495.14,602.5
503.19,676.6
496.83,1196.9
498,72.5
502.36,524.5
504.06,577.75
507.45,798.53
507.15,1193.5
510.86,888.17
507.95,939.43
507.91,1012.9
512.25,551.32
511.83,214
514.93,685.44
516.46,454.08
518.74,66.815
518.5,312
523.94,1067.1
526.77,717.44
526.87,351.3
529.53,812.24
536.53,1119.4
533.5,625.5
537.79,1228.1
537.76,453.02
542.11,516.7
541.5,876
544.62,169.1
544.5,839
546.58,464.11
550.09,1083.9
548.61,1131
555,727
559.06,923.22
561.05,694.54
561.57,1097.3
568.52,1198
570.35,334.06
571.54,754.13
572.92,778.71
574.76,625.5
571.13,264.97
575.14,581.8
584,621.14
587.61,1131.5
593.03,313.44
593,1109
603.34,281.44
602.1,965.23
603,2.8261
605.33,1005.8
604.13,664.03
606.44,358.25
607.08,1050
611.63,178.37
615.27,584.27
619.08,167.39
619.56,561.1
619.7,531.58
622,498.71
623.15,1015.8
623.5,683.5
629.44,204.16
632.75,144.7
629.54,487.2
630.5,779.89
633.26,1171.2
633.65,925.44
633.09,1211.9
649.61,548.7
649.66,903.65
650.41,99.852
652.41,591.03
655.26,390.81
651.07,1220.6
653,469
655.6,1178.4
657.63,1005.7
655.48,1093.3
659.54,1077.3
663.42,1035.4
665.93,27.925
663.92,212.95
665.32,231.29
664.3,326.92
670.5,72.5
671,313.68
672.91,806.21
673.11,97.579
675.27,17.349
674.34,945.62
681.68,1244.5
681.61,588.86
690.36,759.58
697.17,545.15
695.5,346.5
699.03,500.89
700.26,1186.6
701.47,923.54
706.36,128.41
703.85,564.54
705.5,1233
710.08,530.44
714.16,477.9
714.62,321.69
712.62,648.5
715.61,711.84
716.96,44.926
718.57,449.12
719.5,564
721.55,125.75
720.71,544.86
721.5,59.5
723.58,376.88
730.5,732.5
729.16,963.92
734.05,758.68
734.39,485.14
740.29,259.73
743.75,510.7
746.24,1121
756.67,609.94
754.5,585.5
755.44,1103.9
760.7,492.39
762.27,912.42
765.98,638.62
763.84,296.54
771.7,573.88
768.6,820.89
769.5,603
771.05,483.84
769,686.5
770.46,210.91
779.17,632.87
785.46,4.5439
781.42,47.895
782,53
786.31,482.92
800.69,770.01
798,944
798.83,584
802.68,872.05
804.49,462.54
809.84,65.962
805.5,648.15
807.43,157.05
806.5,996.5
821.46,745.78
827.67,1067.5
828.32,1041
828.5,50
833.51,609.78
837.71,514.7
847.53,157.91
852.68,443
852.45,1077.6
852.5,559
859.85,424.5
859.87,892.9
862.62,413.34
867.05,630.2
874.39,19.643
872.59,329.18
868.93,466.41
870.5,313.5
877.83,743.35
876.6,118.18
881.53,863.06
877.73,559.93
882.95,928.89
886.37,1199
887.88,104.61
898.47,1045.9
898.38,328.85
898.18,778.92
904.76,457.46
904.47,709.97
901.77,802.23
905.58,976.45
909.55,133.54
909.94,507.57
912.55,1167.6
913,1109.2
916.6,1014.4
921.11,451.58
925.34,1158.4
928.4,668.94
928.84,34.21
932.07,232.29
936.47,147.37
931.56,435.18
931,169.5
932,72
933,729.5
935.69,187.77
939.95,520.15
940.52,355.74
939.66,673.73
941.28,919.17
944.51,658.92
959.3,12.109
945,595.5
947.72,1007.5
950.15,230.25
948.44,847.67
951.37,898.25
950,707.5
960.14,951.81
955.47,925.21
954.55,108.41
954.71,494.55
956.43,298.95
956.86,827.81
958,201.5
959.16,472.75
957.4,989.07
957.42,323.89
959.5,1156.5
964.92,1082.5
966.64,1133.2
966.67,206.29
965.32,371.05
968.49,277.08
973.33,467.24
974.5,980.5
972.6,1150.4
974.93,37.414
977.36,872.97
979.5,855
984.04,167.24
983.71,915.71
988.28,3.9241
987.7,358.94
986.93,66.593
987,267.32
987.5,721.62
989.71,626.87
993.04,326.86
997.63,238.55
997.49,262.63
997.33,978
998.73,1146.5
1003.7,541.02
1013,774.54
1006.3,902.08
1009,66.422
1006.5,872.35
1011.3,1111.8
1016,475.8
1015.7,568.19
1014.8,755.32
1018.4,441.89
1029.9,25.327
1018.4,1041.5
1020.1,209.09
1020.9,596.12
1022.4,814.39
1023.6,1210.5
1023.5,116
1025.4,1005.9
1028.7,100.54
1030.5,549.08
1031.6,1193.7
1032.7,425.23
1036.7,88.181
1033.9,613.32
1036.9,743.67
1039,378.42
1042,227.96
1041.7,34.086
1047.2,61.806
1044.6,204.76
1044.7,133.06
1046.5,1090.7
1049.1,522.86
1048.6,629.59
1053,469.74
1050.6,1121.6
1052.7,5.7952
1055.6,487.38
1053,559
1065.2,73.086
1060.4,41.549
1058.3,981.83
1066.9,19.688
1066.5,1162.5
1072.9,3.1087
1073.3,143.33
1072.7,620.6
1074.1,120.43
1074,955.07
1074.7,204
1076.9,55.478
1084,1028.6
1083.7,19.282
1095.3,92.774
1088.3,245.74
1086.4,628.71
1091.7,537.83
1089.9,1129.9
1093.9,321.55
1097,756.9
1101.4,59.385
1101.1,478.91
1104.5,1184.5
1107.6,920.13
1105,1052.3
1108.1,608.91
1110,500.93
1111,25
1113.2,432.55
1112.9,559.63
1113.8,114.47
1113.8,991
1119.3,299.72
1120.6,29.086
1122.3,249.52
1122.4,1163.5
1126.6,467.16
1124.7,672.39
1125.9,6.9167
1132.3,787.73
1135.2,864.34
1133.4,928.78
1136,1027.5
1136.1,316.88
1136.6,1222.9
1138.2,279.74
1141,77.25
1140.1,905.91
1150.2,50.721
1147.5,31.231
1151.5,116.24
1150.1,327.12
1150.3,12.8
1152.2,834.47
1151.6,1108.4
1155.5,917.69
1155.7,1159
1155,597.33
1153.5,717.23
1156.2,68.825
1158.5,313.7
1162.4,1233.7
1162,1216.5
1171.1,145.23
1168.8,977.09
1170.1,312.24
1172.8,1148.8
1176.5,22.765
1177.2,1072.5
1181.9,628.17
1183.9,730.16
1181,972.35
1186.5,313.71
1189.7,995.7
1189.8,682.31
1191.9,147.05
1193.2,755
1197.8,81.281
1198.5,721.29
1199,1049.8
1202.1,94.38
1204,797.1
1206.3,925.75
1205.1,550.04
1207.3,141.03
1209.3,1008.8
1214,32.169
1211.6,7.4231
1210,517.5
1213.3,849.29
1216.8,125.65
1220,994.19
1220.6,697.8
1218.4,1205.4
1221.5,58.958
1223.1,182.62
1227.5,1007.1
1231.6,1053.9
1233,255.09
1230.4,963.89
1233.3,58.5
1233.7,360.61
1241.3,1039.3
1243,940.35
1244.2,622.51
1245.8,99.643
