4.4757,103.48
1.8462,654.5
2.0909,687.48
2.8235,709.81
3.1538,737.62
7.8026,854.74
3.0405,1230.6
15.209,767.58
6.5145,815.62
7.7353,897
9.5147,1009.9
9.2083,956.5
11.644,137.84
14.624,641.13
14.171,746.57
11.579,1131.9
17.068,932.53
20.71,9.2097
30.917,816.9
31.011,664.79
28.718,946.67
21.917,82.083
26.742,1007.2
24.027,1049.7
29.72,418.89
26.5,59.5
31.581,847.99
30.471,1067.8
30.731,696.82
30.615,874
35.884,52.116
36.075,155.72
39.793,769.37
35.959,886.67
39.949,9.5932
38.909,1093.1
42.866,36.049
44.315,67.826
44.141,216.12
46.1,333.52
51.996,706.28
48.078,1138.7
49.5,279.5
50.825,941.86
52.226,535.89
54.656,158.38
53.909,904.09
57.22,66.817
56,258.5
59.936,14.702
62.836,298.23
62.207,333.21
62.25,882.25
65.03,1008.3
67.311,801.43
66.109,684.41
69.937,839.7
70.349,720.29
70.595,287.64
72.5,86
72.3,613.42
71.5,906.5
74,387.89
72.92,466.56
72,827.5
75.174,1025
78.5,307.5
80.435,440.61
83.5,237.5
90.102,884.54
88.78,1187.2
88,633
97.708,970.06
88.043,1173.6
91.139,167.43
95.524,926.94
96.9,522.38
101.44,803.15
99,938.17
101.94,999.18
102.58,263.89
109.53,39.983
105.9,1206.5
106.88,275.36
110.29,99.626
114.44,908.49
117.42,679.01
116.55,782.33
118.11,868.44
112.38,966.34
114.53,576.07
118.76,497.89
118.05,836.91
120.86,744.9
117.7,1166.6
123.62,286
125.97,657
123.11,1007.3
127.39,398.98
126.88,845.63
130.18,705.13
130.41,904.74
132.02,727.03
135.74,976.82
135.54,1076.7
137.14,860.78
136.59,216.07
137.91,321.6
135.86,1226
136.67,312
140.88,1241.3
142.39,89.424
141.47,490.31
143.67,338.02
142.5,967
143,453.86
143,734.5
146,60
146.09,750.91
147.62,933.21
157.7,880.43
151.36,1169.9
151.4,713.29
154.06,743.1
154.1,167.06
161.44,808.53
162.63,1230.8
162.88,304.8
164.86,398.09
166.54,1164.7
169.66,123.64
173.18,1201.8
170.9,8.2361
172.14,466.19
171.96,747.81
174.13,536.67
172.59,686.07
177.53,912.37
174.71,365.55
179.23,433.24
179.79,727.19
182.05,756.44
182.96,937.46
181.21,1186
189.88,839.45
190.71,1232.3
193.13,1155.4
198.62,638.96
199.86,765.81
199.63,268.78
199.07,790.93
201.57,287.28
203.38,735.67
209.96,1178.3
205,148.76
206.86,1056.6
207.94,12.184
212.97,840.59
209.47,1237.7
212.09,711.11
211.67,880.71
218.33,751.68
216.84,1150.5
217.9,305.12
218.8,860.44
221.61,1168.9
223.38,1082.2
228.3,912.96
232.77,1234
235.76,184.59
237.65,56.806
237.14,272.44
239.42,1173.6
240.97,252.95
244.34,980.72
242.83,1115.5
245.83,695.7
250.5,735
250.5,1178.1
255.55,121.77
253,442.5
267.11,1112.8
263.07,19.976
263.3,625.78
261,674.18
263.31,66.582
262.39,104.29
269.23,889.91
271.59,730.25
273.55,939.42
278.11,245.02
280,357.24
288.29,759.58
287.1,808.62
289.29,1024.7
287.17,593
289.4,569.6
293.22,618.55
296,873.5
301.26,701.39
309.43,1186.6
312.67,660.44
316.04,1004.1
321.74,799.41
320.17,12
323.06,1063.9
319.92,1167.1
323.33,209.56
324.02,648.39
325.27,739.72
325.56,1034.4
333.53,965.07
338.37,537.93
337.5,618.5
338.93,890.56
345.62,280.22
345.72,927.55
347.47,650.14
355.37,478.93
344.85,774.47
348.6,352.99
361.3,259.74
357.53,667.79
357.41,597.98
368.37,97.161
366.14,465.17
365.55,1168.7
369.66,1145.4
366.07,1199.6
371.81,13.919
373.95,995.07
374.58,346.89
377.16,1192.8
384.73,708.07
381,959.75
382.56,911.87
382.42,1129.4
386.41,344.59
386.34,418.93
391.36,367.61
387.92,574.46
389.39,153.67
392.65,496.3
392.77,805.15
391.72,1212.2
402.51,76.302
401,820.82
403,403.9
404,207.83
408.58,281.23
405.13,1212.8
405.97,125.1
410.28,573.63
408.32,811.45
410.41,894.07
416.79,1226.7
412.73,529.03
414.11,57.245
422.46,699.41
420.39,863.86
421.55,1207.5
423.88,67.654
429.01,372.16
429.58,1168.6
430.76,532.3
430,119.17
432.14,161.14
436.03,1012.2
437.77,718.94
438.47,882.05
441.73,1222.7
442.02,497.26
442.09,898.62
442.45,645.42
441.4,848.6
447.89,799.51
450.22,929.43
451.37,972.7
458.03,733.01
454.57,478.82
454.79,180.72
454.5,1055
457,963.1
459.47,659.95
461.03,1204.1
472.52,560.67
470.39,1230.2
473.81,752.89
475.2,845.72
473.39,1192.1
476.83,673.57
482.15,1048.3
483.09,699.14
492.91,413.32
488.85,652.2
490.91,1091.1
493.11,674.42
496.36,1235.5
496.09,176.09
498.55,11.71
502.38,938.5
504.24,725.62
504.77,1202.4
515.41,281.69
517.55,475.14
517.58,263.6
518.15,821.24
522.34,930.78
525.94,785.22
523.33,1018.3
524.33,965.57
527.39,402.9
529.09,642.91
531.94,271.87
532.21,656.4
529,971
534.63,620.95
538.02,471.9
536.22,1214.4
537.33,406.83
539,914.5
542.06,179.99
544.24,719.28
542.89,881.78
544.23,156.75
552.03,176.63
551.46,692.92
559.92,654.4
559.26,1117.4
562.91,322.2
562.71,812.68
566.15,504.68
563,666.5
567.07,133.41
568.01,639.39
572.05,55.909
571.91,174.91
576.32,602.7
577.64,1228.1
577.55,429.17
578.43,905.43
580.65,699.91
580.96,308.58
582.6,502.4
584.19,717.86
586.07,814.59
592.81,135.06
594.73,339.15
597.97,565.57
595.61,784.35
596.79,908.83
595.68,161.42
599.03,235.88
595.86,495.14
599.81,855.05
605.32,1162.3
600,605
603.38,146.38
610.06,101.55
605.65,801.12
610,11.233
608.86,329.34
617.11,553.97
610.62,847.93
616.34,1121.1
618.06,1030.5
620.39,379.11
622.64,754.2
624.26,230.73
625.33,656.2
624.57,701.18
631.39,576.79
632.42,269.64
630.86,286.52
640.22,1232.6
637.13,370.13
644.64,863.22
648.96,27.396
648.39,56.364
650.09,94.091
651.29,507.45
653.02,696.64
656.65,153.41
662.43,710.36
661.37,685.8
666.31,3.2909
667.86,331.94
669.28,431.14
665.05,1057.9
669.68,1001.8
671.47,479.9
674.56,1088.5
674.37,816.37
676,745.25
677.05,869.26
679.93,663.47
677.39,1143.9
684.93,279.09
685.01,240.03
682.93,1118.4
686.9,441.43
689.9,49.866
691.4,461.08
692.82,477.36
691,1065
693.2,733.92
697.83,141.05
701.68,501.23
699.04,855.66
700.22,428.1
700.97,769.4
702.06,1131.9
703.44,1070.4
708.45,179.06
708,393.5
707.84,523.95
709.78,887.48
712.62,17.725
711.24,822.97
712.66,950.38
715.99,266.44
712.58,685.89
720,641.64
716.91,481.91
719,620.68
726.02,1142.2
721.91,42.139
718.42,673.89
722.07,1074.9
726.96,464.73
732.76,357.79
728.47,484.67
730.62,535.15
730.45,849.42
735.44,792.48
738.14,15.141
737.81,178.6
737.28,196.86
743.16,1113.8
745.84,1057.2
745.58,492.6
747.58,916.01
746.73,465.52
746.95,799.83
749.92,528.68
749.5,64.722
757.55,315.81
750.47,986.73
755.32,546.57
754.5,389
760.11,17.793
760.61,30.278
761.63,371.67
762.12,1144.2
769.5,147.35
763.84,794.47
763.67,279
764.92,782.95
765,984.25
773.88,445.1
772.52,109.74
774.3,769.12
778.7,30.897
776.77,611.46
776.8,1170.4
778.44,341.47
778.71,1060.7
781.03,928.12
787.11,866.01
785,690
786.42,158.89
787,183.67
787.07,1143.4
788.54,1202.9
792.5,883.09
796.48,95.792
805.25,1086.3
795.56,1034.6
797,934.75
799.39,507.58
804.83,959.28
801.28,252.53
799.82,740.24
804.31,374.58
813.35,1001.8
808.06,1123.4
810.04,45.458
816.62,631.69
815.3,73.098
816.89,413.85
816.04,161.32
816,889
819.93,716.41
824.1,788.99
827.88,89.983
824.8,256.46
830.13,1242.5
827.29,423.45
831.55,824.5
828.81,363.14
828.68,616.92
828.5,1094.1
833.67,342.3
832.72,555.39
834.4,858.72
833.45,1052.4
838.09,478.11
842.07,291.05
842.91,12.909
847.51,538.07
845.09,643.85
845.63,816.37
850.12,559.42
853.05,357.78
853.44,709.65
852.56,824.9
852.94,748.2
851.5,310
853.87,1054.1
854.75,335.83
854.78,898.52
858.04,318.32
860.95,140.55
862.24,443.93
861.82,1042.6
861.37,972.37
865.9,799.03
870.78,891.21
867.93,503.99
871,31.5
873.7,112.2
871.63,1042.6
875.17,756
876.5,372.5
882.86,317.84
878.58,905.42
883.76,1000.4
883.27,1038.7
888.7,595.18
891.45,157.16
887.88,99.346
888.33,287
898.4,45.337
896.07,927.01
901.1,1050
898,1141
899.68,749.44
897.57,1005.6
900.09,849.91
901.07,1061.6
903.22,63
907,108.5
909.19,272
907.07,491.93
913.4,1034.4
909.71,1007.8
916.55,656.28
919.18,939.63
921.18,259.18
920,593
924.73,1059
922,1038.5
928.87,67.732
932.27,135.71
929.26,294.74
933.01,937.93
929.43,965.09
934.35,377.34
942.64,956.35
945.01,405.91
943,472.5
944.93,845.68
950.45,814.26
953.57,254.05
954.88,266.12
953.86,728.17
955.17,923.25
957.94,202.72
959,1115.2
961.76,26.226
961.14,124.14
965.26,1088.7
968.01,1047.3
967.3,1126.7
984.45,1148.2
975,458
980.88,193.47
981.07,328.17
980.29,834.71
982.11,1203.5
985.03,1117
986.25,273.28
984.42,881.45
986.64,1220
986.77,673.68
989.92,251.19
993.39,802.17
992.1,822.1
995.65,934.6
995.83,80
996.42,1036.1
999.4,1135.6
1002.1,901.41
1002.9,948.93
1013,1098
1007.2,325.73
1012,826.95
1010.7,379.7
1009.1,750.55
1017.3,1132.4
1026.2,817.1
1023.7,1081
1026.5,984
1025.5,1129.8
1027.1,425.96
1031.8,270.55
1031.9,1037.1
1035.1,739.09
1039.1,1133.3
1043.7,778.3
1042.2,843.39
1043,419.17
1042.5,1114.5
1047.2,238.63
1048.1,699.52
1053.3,918.22
1052.6,770.95
1051.6,949.41
1054.4,170.96
1056,658.33
1056.6,261.42
1062.2,341.06
1060.6,832.21
1059.3,1117
1058.6,859.11
1060.5,717
1065.1,1155.3
1071.6,631.58
1070.1,694.71
1070.5,1039.7
1071.4,247.56
1069.4,854.11
1069,1063.5
1073,656.62
1077.6,729.08
1073.5,508.92
1075.9,1215
1087.4,640.96
1085.3,519.22
1081.7,628.17
1086.7,880.69
1084.5,663.4
1087.4,547.35
1085.5,762.5
1085.6,1009.9
1088,1186.1
1092.6,1218.8
1092.1,943.28
1095.6,232.42
1095.8,651.73
1103.4,798.35
1098.1,1003.6
1101.7,1241.8
1102.4,1062.4
1110.5,337.02
1107.3,1007.6
1113.4,360.58
1108.6,655.45
1110.9,1124.4
1109.9,765.59
1113.8,946.65
1110.4,992.61
1111.8,249.35
1110.6,1047.2
1119.4,978.76
1118.7,481.23
1117.9,1024
1123.7,421.68
1129,1147.2
1121.2,438
1127.3,571.08
1129.9,904.99
1130,365.42
1131.8,891.93
1132,1236.5
1133.5,512.42
1134.2,1103
1135.7,1029.9
1136.5,524
1136.7,439.32
1137.5,452.07
1140.2,1078.7
1139.7,354
1140.5,1169.6
1145,1185.5
1146,605.09
1152.7,718.56
1147.8,938.08
1149.3,436.45
1147.8,407.93
1153.9,500.83
1149.9,515.05
1150,674.65
1153.9,1189.9
1157.6,1241.1
1159.1,1093.9
1158.4,381.07
1177.2,389.83
1163.5,723.28
1166.6,769.22
1165.5,344.04
1168.7,417.73
1171.4,660.65
1175.1,862.16
1173.8,1068.4
1177.5,812.8
1178.7,927.86
1179,322.82
1182.5,486.54
1186.1,1036.8
1183.3,336.47
1187.1,1199
1188.9,762.14
1197.1,321.03
1196.9,979.44
1198.8,1046.8
1197.6,456.16
1202.6,755.86
1217.3,340.76
1209.3,859.62
1208.6,1003.4
1214.2,626.71
1212.2,1043.5
1214.7,292.76
1212.7,1062.6
1212,1150.9
1215.8,691.07
1215.4,803.82
1215,322.33
1216.1,983.62
1221,676.69
1219.4,460.03
1220,15
1221.5,366
1226.6,405.51
1234.1,376.01
1232.4,1148.9
1241.4,273.65
1236.3,946.93
1238.4,932.67
1240.3,734.67
1242.4,751.26
1242.3,652.93
1242.2,208.62
1244.4,304.24
1246,684.17
1245.9,1240.8
1246.1,1097.9
