8.1114,286.7
2.1389,442.86
5.3146,606.58
5.3816,1121.5
5.7,583.72
11,1053.5
13.758,250.09
12.714,1177.3
16,495.16
22.088,42.994
17.324,156.05
18.449,1134.9
26.108,658.57
31.826,75.635
33.15,1185.1
33.314,134.16
38.831,441.08
40.16,759.59
40.431,703.93
45.27,419.38
44.964,293.93
47.142,9.2432
47.936,810.55
53.775,268.36
51.406,379.82
59.804,575.85
55.537,727.36
59.5,539.5
67.433,71.318
67.5,331.09
69.117,639.17
72.254,385.55
73.086,322.43
74.642,189.09
87.136,152.18
79.358,424.45
85.945,11.984
84.432,315.95
97.867,507.37
86.421,137.11
92.453,441.69
94.876,218.1
99.388,645.1
98.644,719.58
99.128,1123.5
100.49,75.171
105.67,758.33
105.53,90.556
111.99,402.41
107.16,1209.3
106.55,596.59
113.77,799.03
118.81,1189
115.39,73.321
121.83,363.69
116,860
118.4,537.03
123.6,519.37
126.64,725.05
126.85,600.56
126.62,691.83
128.5,535
135.74,845.1
138.5,494
152.13,1222.3
153.45,177.21
156.3,556.6
159.78,330.92
155.94,600.98
157.86,518.93
163.18,281.1
169.05,526.32
173.21,488.4
180.13,32.818
189.97,767.64
187.27,1238.5
190.6,538.36
193.59,439.07
197.03,491.33
195,876.35
198.5,801.5
203.76,8.125
203.86,567.82
206.6,656.9
201.47,234.53
205.57,864.03
206.19,308.3
204.29,341.71
204,379.5
210.26,901.17
209.43,508.98
206.83,266
210.64,884.94
213.87,91.27
210.65,805.15
217.1,24.121
215.04,131.57
221.81,2.3333
222.16,142.81
227.68,294.37
229.28,685.91
230.47,427.59
232.37,504.15
230.58,768.89
234,267.66
248.23,922.8
239.36,528.66
238.34,1033.8
242.18,15.241
248.16,92.643
246.79,895
248.5,149
257.92,583.35
257.61,375.54
258.29,899.57
258.74,291.19
259.29,850.05
264.41,406.94
268.25,605.95
266.68,479.93
273.59,451.1
268.92,1141.9
276.84,544.14
273.98,1194.9
276.71,229.79
283.11,365.3
279.15,330.28
285.49,269.17
286.13,430.67
288.26,577.98
293.5,1191.7
292.31,673.7
289.86,62.5
307.31,335.3
296.02,859.58
298.71,76.667
296.26,514.33
299.98,535.38
303.63,475.98
309.63,367.19
305.16,709.69
307.98,420.24
318.57,504.67
309.61,941.76
311.5,694.5
313.43,173.57
318.75,398.96
325.69,624.95
321.84,1050.2
326.31,176.52
326.13,418.78
332.67,917.66
320.91,1138.9
322.07,290.41
328.7,811.38
326.09,149.91
326.63,318.37
325.6,344.4
332.37,198.35
329.5,971
330.13,487.89
329.41,938.93
334.07,583.44
339.29,537.89
338.32,305.87
336.83,397.17
339.99,789.72
334.5,1064.5
346.19,706.63
348.21,414.97
342.91,881.23
353.71,372.5
350.98,1014.7
346.5,1148.5
348.71,802.29
350.47,824.07
358.13,549.7
352.13,1211.2
355.6,445.14
357.79,727.94
362.38,103.82
365.59,27.646
376.63,781.2
364,821.16
365.41,235.79
368.69,501.3
366.91,343.21
369.76,603.71
381.7,403.51
377.3,969.68
379.03,146.44
387.92,78.387
385.95,1058
387.8,1114.8
388.28,367.32
392.6,959.29
409.42,498
396.56,129.04
403.56,378.61
405.69,430.22
405.72,297.08
408.63,770.2
404.64,542.92
403,560.5
406.93,786.27
408.28,880.53
408.42,146.15
410.54,575.91
409.91,706.54
414.9,718.92
412.11,536.58
416.74,554.13
417.28,3.2791
419.67,97.194
425.24,767.84
433.68,783.09
425.04,1143.5
426.83,380.77
432.6,1204.3
433.91,942.89
435.31,413.29
438.42,859
438.65,556.16
440.82,474.52
444,907.92
441.33,611.92
442.23,571.95
442.31,215.55
448.45,3.6795
446.35,254.1
446.29,589.29
452.1,486.05
452.22,28.833
454.08,177.41
451.62,373.3
450.81,554.61
451.3,795.07
452.28,986.23
459.04,1054.9
456.5,613.14
459.36,534.66
459.81,133.05
459.7,396.28
465.42,1013.2
463.26,652.86
463.23,345.35
463.04,1105
465.98,693.9
462.81,308.86
464.17,371
471.81,418
464.71,867.5
476.72,751.9
470.75,977
476.4,1246.1
481.5,160.43
483.33,398.22
488.99,862.93
482.08,179.08
486.47,583.87
483.83,337
486.09,442.4
484.5,938.5
493.69,270.55
497.58,382.23
493.67,621.83
497.13,1123.4
497.5,311
501.6,845.14
510.36,777.8
504.5,1063.5
514.26,412.59
507.6,450.4
509.7,863.62
507.86,472.12
507.98,579.92
515.59,526.28
508.97,1046.9
517.17,37.856
512.72,1204.5
514.54,504.15
515.87,343.48
517.98,987.32
522.18,368.83
523.92,913.54
535.23,634.67
536.45,304.28
534.11,271.44
543.09,672.58
544.48,968.99
550.62,422.73
548.52,1038.8
549.21,1119.2
553.54,1155.6
553.08,34.189
555.68,227.85
554,940
555.41,450.93
559.67,524.06
564,369.3
565.08,723.02
569.22,600.97
574.8,1116.3
574.57,845.66
574.37,714.63
575.11,47.579
578.67,296.6
580.24,405.21
578.08,14.44
580.86,133.29
585.02,366.47
594.06,774.29
586.21,383.38
601.79,556.8
593.92,846.01
602.25,107.75
598,386.5
603.25,162.62
600.66,856
605.06,433.77
611.97,931.44
609.04,810.35
610.85,382.98
613,1088.5
616.04,865.33
619.82,1177
622.44,235.05
622.28,890.02
622.4,918.71
623.84,678.37
626.76,723.49
625,378.5
629,456.56
634.4,319.48
630.87,1057.2
633.94,1142
629.92,355.92
635.48,1098.7
638.83,791.84
638.91,981.73
639.1,411.44
645.36,383.72
648.93,569
649.66,1203
646.35,683.12
658.61,1231.9
657.16,352.89
654.42,608.89
658.98,860.67
662.55,1082.2
664.99,733.11
663.58,1166.5
667.15,187.13
668.94,1031.8
679.45,671.29
682.21,157.25
684.56,436.1
689.19,884.73
689.67,128.23
694.72,1226.1
699.79,1016.8
702.55,363.22
699.32,871
701.87,1167.3
703.36,699.02
706.12,626.58
711.29,292.39
714.67,7.4954
715.62,421.67
718.69,802.01
716.05,1154.3
724.63,823.11
723.02,1102.3
727.67,381.2
725.69,1050.2
732.46,147.21
735.77,805.72
737.63,1146.2
739.35,299
739.4,412.79
746.25,644.99
744,839
755.52,669.47
762.3,1017
765.44,349.25
762.68,584.95
769.14,714.61
766.83,1047.3
769.37,71.633
769.5,381.5
778.67,419.3
780.83,617.43
777.12,925.83
778.57,221.05
777.92,373.92
779.84,641.57
783.88,326.71
782.05,456.9
785.36,1100.2
789.28,655.99
786.13,1064.2
786.43,184.05
788.6,341.4
793.24,941.44
796.05,856.27
802.69,739.28
796.4,1090.4
800.93,385.22
806.06,518.32
804.38,1198.3
809.07,425.41
808.88,808.35
811.33,268.76
815.21,469.69
816.79,172.94
815.5,555.39
821.09,70.909
824.48,576.55
826.33,1187.8
829.18,123.25
826.08,189.06
826.08,674.55
833.01,375.3
833.29,515.88
838.14,464.24
839,1146.4
842.61,727.22
845.74,765.24
855,127.3
860.43,799.7
858.77,1130.2
859.94,309.78
859.61,399.71
865.18,752.7
868.47,1091.1
866.9,1149.9
868.98,862.22
876.27,974.71
872.97,1011.8
879.11,341.51
874.28,902.93
873.5,1246.7
880.94,1159.5
884.05,933.17
886.45,644.39
890.65,389.75
887.71,79.731
894.1,985.18
894.9,226.59
903.1,318.79
910.98,384.28
914.1,494.63
914.61,629.84
917.94,667.7
919.23,188.07
926.42,866.93
919.56,1235.7
922.11,529.49
923.84,789.09
929.28,1048.6
935.22,155.98
933.52,749.26
936.82,193.67
938.62,24.5
942.68,327.42
942.25,693.06
944.01,709.46
946.34,5.4825
943.5,1009.5
947.65,857.73
951.79,726.39
955.42,995.21
953.58,617.11
954.83,1044.6
959.63,1216.6
958.95,1197.1
964.71,973.3
963.06,352.53
969.29,904.48
967.63,381.53
976.38,680.06
975.75,1235.6
973.08,31.5
975.07,938.67
973.91,12.457
974.59,519.94
984.07,83.909
983.4,551.43
986.13,815.83
989.58,289.64
989.1,1050
989.98,46.947
988.84,640.84
995.43,945.61
1006,740.38
1009.9,692.99
1009.9,890.02
1007.5,1087.6
1010.3,859
1011,1120
1019.5,615.02
1026.6,921.65
1029.9,863.48
1024.7,1186.2
1020.5,712.5
1026.3,1131.6
1030.9,648.13
1032.6,743.9
1032.5,34.278
1037.5,81.517
1032.1,785.79
1034.6,1085.5
1034.4,481.1
1037.6,1200.8
1035.4,1040.7
1042.7,982.08
1042,728.85
1045.3,425.39
1047.9,442.35
1051.4,1207.1
1057.2,125
1056.7,378.75
1058.5,818.56
1059.7,770.11
1069.1,475.35
1073,353.18
1071.1,724.43
1075.6,203.9
1075.3,902.35
1078.2,598.24
1082.2,422.96
1083.9,852
1094.2,776.05
1087.3,470.97
1088.2,740
1091.7,870.02
1097.3,565.35
1092.9,912.38
1102,807.66
1104.8,177.71
1101.8,1186.5
1102,685
1108.2,467.32
1114.1,712.46
1111.6,1103.5
1123,814.83
1119.3,1012.7
1119.4,983.58
1131.5,905.8
1124,1049.3
1131.8,729.99
1134.7,1204.6
1136.3,497.44
1139.2,67.987
1142.5,230.08
1141.1,698.8
1141.6,1044.9
1143,1012.4
1149.1,293.08
1151.2,78.921
1149.4,993.82
1150,313.07
1152.3,115.15
1153,1120.7
1154.5,18.776
1159.3,598.15
1152.6,151.16
1154,28.5
1163.7,198.5
1163.1,908.88
1163.3,1096.9
1169.1,346.47
1170,672.02
1164.9,780.65
1165.5,1133.3
1173.1,648.44
1171.6,564.67
1179.5,907.64
1179.2,398.66
1180,746.46
1178.9,995.01
1182.1,1242.8
1186.4,932.03
1184.5,293.34
1190.2,325.25
1193.9,239.84
1195.2,1033.6
1194.7,1165.8
1214.7,505.39
1202.1,1149.6
1208.4,744.43
1205,574.07
1212.4,176.92
1210.3,883.65
1211.3,558.08
1210,980.52
1214.1,32.46
1212.3,455.65
1214.4,841.36
1221.9,854.66
1222.5,150
1225.7,602.09
1223.5,1031.5
1225.4,1084.5
1236.4,751.94
1231.3,245.74
1228.3,133.2
1233.2,674.49
1231.3,1197.2
1241.5,205.09
1238.1,1091.8
1243,283.57
1238.3,1029.4
1245.3,870.87
1245.4,923.06
