6.9338,681.36
2.9,753.73
4.8105,895.56
12.395,926.89
6.8492,1080.6
3.2857,333.57
10.274,416.91
6.6852,615.26
6,498.34
7,1163.5
13.383,454.62
10.286,726.29
11.357,379.17
18.393,831.63
15.368,968.41
23.585,138.92
17.451,254.63
18,355.38
18.58,1101.6
17.5,121.5
26.073,70.889
23.701,1243
26.946,1204.8
27.216,482.05
32.791,549.25
36.628,947.88
30.991,1008.7
29.08,1220.7
36.663,240.09
33.92,629.44
34.838,692.54
39.624,177.58
35,903.5
43.903,599.12
36.756,858.16
42.979,346.73
45.411,760.06
45.549,673.21
47.875,1209.6
52.134,872.81
57.299,415.22
58.23,1174.6
57.364,1074.7
62.5,991.5
67.701,368.24
65,521
70.146,1077.1
65.5,717
76.931,481.12
77.596,1167
80.5,788.5
85.707,299.03
87.702,602.93
87.625,863.94
94.15,1192.8
90.243,90.311
89.247,226.18
86,362
87.303,797.58
92.418,256.57
89.654,684.71
89.548,906.39
89.909,1213
96.358,59.832
100.2,990.91
102.73,451.86
97.895,823.42
104.58,1070.4
102.82,74.388
103.64,847.62
109.16,41.515
105.48,638.49
106.39,261.42
106.2,516.56
109.05,91.676
108.58,957.11
116.19,540.19
115.51,606.29
114.46,200.28
118.5,119.14
119.7,653.6
117.57,1181.4
128.88,1167.7
124.6,451.6
129.49,1148.3
131.22,1218.7
130.21,933.24
134.54,960.24
132.98,59.156
133.12,221.89
130.62,867.33
130.64,688.5
135.92,395.01
141.97,284.4
137.68,107.8
145.25,457.93
148.5,984.63
142.5,1239.5
142,537
143.72,923.65
147.23,141.64
145.77,705.3
151.53,854.22
146.57,497.61
148.58,798.5
152.47,550.81
153.08,1112.1
155.7,526.86
158.27,192.31
158.68,874.7
155.5,64.4
177.43,339.22
159.62,505.33
159.47,1217.7
164.02,601.37
163.22,1000.4
166.21,1193.5
176.23,1231.9
170.86,816.74
175.47,981.97
188.75,120.02
171.47,882.91
175.91,1025.4
177.27,1204.2
179.28,785.68
177.55,899.53
177.35,98.5
179.55,144.35
181.05,1045.5
179.97,1165.5
189.87,384.51
183.36,50.874
186.77,247.2
187.69,526.43
186.27,403.3
190.43,916.82
187.92,676.56
204.77,1213.4
193.88,92.315
194.95,706.09
195.68,34.354
194.83,1085.6
199.62,964.26
199.56,1048.6
200.8,292.28
205.9,460.28
208.03,474.54
206.93,606.59
209.97,39.562
213.33,632.72
214.02,910.97
213.66,1133.1
215.77,153.61
217,437.38
215.56,681.16
215.93,603.58
219.57,11.99
220.04,968.61
220.39,787.61
224.34,1098.2
227.9,619.68
227.12,269.88
226.15,1030.7
228.64,139.86
230.8,953.11
240.05,502.59
232.2,795.15
236.13,247.59
238.58,929.68
236.32,968.92
246.8,1243.5
244.98,189.91
246.06,21.609
251.38,768.46
250.11,125.35
248,607.5
250.09,1216.1
253.07,872.37
254.91,894.47
253.93,144.83
256.41,1106
256.96,850.57
257,419
263.72,1158.8
265.27,1018.1
264.79,192.99
272.31,1224.8
263.35,294.27
267.66,1082.9
264.11,351.5
266.63,323.89
265.5,965.35
276.53,259.84
266.27,1246.6
275.94,521.82
270.3,981.65
271.22,1121.7
272.5,236
280.33,99.78
275.14,1203.9
280.01,882.62
277,1190.5
278.5,1097.5
289.43,1161.9
283.07,351.31
282,1186
284.45,322.51
287.93,76.527
286.88,749
293.99,977.1
289.07,306.12
292.61,1054
286.74,1205.1
289,60.585
289,334.5
289.23,942.16
293.45,280.45
292.43,523.17
296.27,1001.9
292.84,660.69
293,313
294.33,40.167
296.41,263.18
296.41,780.06
297.87,910.87
304.79,69.201
302.54,572.06
298,1032
317.84,725.12
308.44,3.7526
311.54,1235.5
303,1034
308.62,1149
305.5,1126.5
308.45,294.14
309.24,668.94
309.46,1192
311.87,849.07
312.13,616.17
315.6,561.51
318.17,580.22
319.78,418.07
317.87,800.83
318.23,1038.8
327.62,213.45
321.6,1001
324.83,66.969
323.98,953.13
326.89,112.94
325.65,885.88
325.5,616
330.31,749.61
332.09,246.18
327,1172
330,379.17
332.45,969.33
335.49,792.18
335.42,1222.4
339.42,1162.9
337.57,1121.1
348.22,1044.8
339.03,328.34
345.97,684.34
353.49,48.832
341.24,612.58
339,626
345.76,849.05
340.42,961.11
340.5,1149
346.72,141.32
344.04,911.6
346.1,1238
351.15,597.17
347.57,1012.2
346.58,661.11
349.47,896.92
354.42,17.918
352.04,818.09
350.4,305.4
358.31,1156.9
358,916.41
356.05,1016.1
359.93,793.24
368.64,1094.6
365.58,636.22
369.75,81.715
369.62,1187
365.5,398
368.31,814.34
366.14,1124.5
372.86,735.15
370.08,367.87
368.85,1226.5
372.33,921.27
377.69,795.63
372.6,1128.4
378.29,156.43
374.54,1211.2
381.67,21.932
376.71,56.03
389.05,986.96
378.51,111.63
382.3,1023.8
381.4,759.63
383,248.5
383.65,749.71
393.03,225.1
389.44,1050.3
394.51,304.98
400.42,1065
399.55,1095.6
403.63,1029.9
399.59,2.8148
398,409.5
399.4,341.4
402,39
404.87,454.9
413.1,69.995
406.57,802.51
408.36,710.29
412.19,880.22
423.22,649.41
418.69,1013.9
416.35,921.88
418.57,310.96
417.89,999.42
421.31,26.289
420.29,298.49
423.91,240.81
422.95,1224
426.07,126.15
423.6,196.96
428.46,211.31
439.81,1041.8
427.37,1145.9
429.19,93.325
427.36,146.61
427.45,777.29
430.07,1038.7
442.4,866.25
431.09,1084
434.41,1180.5
437.2,400.83
433.44,981.11
437,188.5
437,1196.3
440.51,1245
441.96,230.98
439.97,993.58
446.34,316.55
449.77,1058.4
447,1141
442,1198
449.3,834.44
448.2,944.03
446.81,1207.3
450.52,791.97
452.76,377.42
449.44,737.33
453.78,36.332
455.48,203.98
451.71,910.29
463.81,104.75
458.75,146.2
467.35,452.79
463.08,677.56
466.16,846.12
471.07,1064.1
466.02,1177.7
472.33,177.98
472.81,358.27
466.57,776.57
471.24,46.921
472.93,261.61
477.32,417.8
480.16,736.5
473.93,212.84
480.83,901.46
474.81,376.62
483.78,659.91
483.96,947.76
483.35,1011.8
484.68,1223.8
484.91,1050.7
484.11,154.42
485,1196
491.13,399.79
494.53,143.24
495.33,215.64
502.06,247.55
490.73,283.2
498.42,469.12
496.29,1114
493.15,1181.4
496.5,2.3333
493.78,107.59
499.56,847.39
499.41,671.41
507.39,56.665
506.43,772.07
508.22,367.51
507.77,1082.5
509.49,507.31
512.09,883.01
509.5,1165
530.89,1238.8
515.25,122.69
511.32,810.71
511.83,1037.6
514.73,482.89
523.86,1146.2
529.8,701.37
516.74,184.23
521.92,93.235
519.89,424.42
532.83,239.36
526.98,403.49
524.14,146.21
543.67,628.16
527.79,161.03
527.5,438
527.42,491.85
533.79,790.86
531.53,855.4
532.47,955.64
549.65,1191.2
530.05,356.15
534.21,1011.5
535.59,258.3
537.98,884.14
535.63,1128.6
535.5,986
536,59
540.74,755.8
539.08,380.08
546.21,551.97
546.71,2.4211
547.78,141.44
550.52,938.93
549.54,226.55
546.93,291.71
547.71,172.5
551.88,41.373
560.85,890.58
552.82,810.39
557.96,339.6
558.24,425.39
558.21,868.45
556.36,274.3
557,609.18
568.26,186.26
559.92,828.92
565.22,369.4
560.8,1079.6
565.85,512.44
567.69,1102.6
569.16,563.65
567.15,61.778
565.61,318
565,657.5
566.93,226.59
571.58,3.5806
578.01,263.22
575.29,1022.1
577.92,832.74
583.5,984.8
586.38,1066.8
579.44,711.55
578.75,1217.6
578.5,19.348
578.5,379.74
577.96,1149.6
582.69,470
580.74,582.88
581.56,1183.5
587.02,129.38
585.19,517.18
586.91,859.36
590.73,599.63
587.48,109.57
591.34,621.26
589.5,1212.1
588.91,568.89
592.26,327.69
599.62,25.518
601.04,487.6
600.36,117.45
603.29,1018.7
599.79,768.88
603.36,422.82
607.3,148.65
612.97,986.44
603.5,467
606.31,958.86
611.04,503.78
607.67,404.5
609.85,90.646
610.73,604.68
615.15,327.01
615.44,467.82
614.55,545.71
618.35,285.18
617.66,529.43
622,432.67
628.68,828.58
626.53,1242.6
625.4,549.28
636.8,37.379
634.35,971.6
638.42,472.76
639.84,518.37
635.52,596.71
628.86,1066.9
631.15,404.35
633.33,615.61
638.96,1077.9
634.63,210.1
634,186.5
636.6,1209
641.92,348.77
642,909
646.98,431.61
645.5,660.5
649.1,212.72
655.14,1191.2
653.62,1218.5
650.92,949.08
653.06,1086.5
663.86,382.98
656.23,843.08
657.38,864.65
655.94,424.41
657.35,130.88
664.91,494.7
656.56,955.44
663.08,911.45
662.55,211.43
668.44,992.16
665.2,452.88
681.11,551.66
666.25,402.54
666.15,639.46
670.45,16.757
670.63,961.68
668.4,257.35
671.69,125.5
674.36,679.73
679.39,823.34
675,589.5
675.08,619.92
674.93,1087.4
680,276.44
684.04,345.54
679.4,752.6
685.41,1110
702.83,906.35
690.53,786.01
688.63,836.74
693.56,401.14
692.47,475.07
695.26,137.33
694.53,289.83
689.5,709.5
693.14,652.35
710.52,631.31
693,916
701.6,752.52
694,994
697.57,1228.6
699.27,538.05
699.69,314.4
696.75,367.88
703.08,1054.2
700.29,440.77
708.73,954.67
701.4,418.6
709.84,510.41
704.79,65.276
710.07,120.41
705.84,343.77
705.57,51.957
708.46,806.38
711.07,475.7
707.13,1003.8
713.04,275.46
709.14,661
715.27,93.885
715.58,580.11
723.46,711.19
717.15,658.54
739.72,406.4
719.08,556.46
727.3,872.7
728.52,1105.2
723.5,936.5
723.92,1173.4
733.75,288.82
738.28,503.39
725.58,905.53
732.97,639.27
732.17,434.06
732.44,453.65
730,1247.5
738.78,532.9
735.85,329.87
737.99,654.25
736.54,1025.1
737.38,346.53
739.11,1247.2
740.42,1192.6
743.38,698.52
748.05,313.21
743.5,415.5
748.6,887.34
749.73,1162.8
748.78,1233.6
752.33,239.81
753.16,159.42
751.53,1006
765.17,963.81
758.95,499.48
760.58,656.45
763.85,1152.1
759.35,211.83
762.67,1199.3
771.41,549.19
766.11,886.05
772.24,431.9
766.11,740.58
776.16,484.75
769.54,524.06
771,378
772,298
776.4,254.4
780.3,1046.4
782.49,675.24
780,809.5
779.69,1003.5
780.92,1017.1
786.25,1139.9
788.04,398.2
785.41,268.93
785.5,446.86
790.88,187.44
791.94,306.97
790.18,1176
789.47,145.72
799.45,984.2
789.92,920.08
805.82,565.95
811.24,703.98
809.72,215.16
795.97,626
798.3,823.42
795.34,957.41
809.47,1118.2
807.12,128.66
805.27,477.34
800.5,613
808.4,1018.7
804.81,951.92
812.8,790.18
809.68,303.92
813.95,285.53
811.98,345.61
815.47,455.48
819.93,615.78
818.33,366.54
814.21,1153.6
815.98,1034.7
818.09,485.34
822,943.7
820.89,882.49
823.38,834.74
820.96,652.52
825.38,73.097
825.3,530.54
827.28,637.51
836.82,677.56
840.83,238.19
837.9,458.12
832.44,1207.2
835.03,265.25
834,120.67
848.6,721.84
835.91,164.75
850.38,554.27
841.54,611.6
837,1026.6
854.99,145.83
836.6,189.4
840.37,1139.9
840,323.5
840.77,840.23
843.05,418.71
848.33,105.22
846.42,963.62
846.74,995.01
850.95,800.14
855.76,335.74
852.72,632.07
856.36,598.37
856.45,865.27
854.24,1174.9
856.53,688.54
858.2,905.32
856.22,1128.2
856.71,21.658
863.37,467.92
855.49,1245.3
857.28,580.76
857.78,392.68
862.54,526.33
863.25,203.66
862.58,297.96
904.71,1222.4
864.77,84.928
875.07,485.08
868.1,1052.5
866.42,501.94
877.14,312.84
874.53,433.31
868.63,67.439
866,682.5
875.03,368.15
877.6,692.77
874.55,936.11
878.05,1026.9
885.89,103.26
883.86,624.02
875.64,508.6
879.32,530.1
884.52,666.88
875.5,787
875.44,961.2
874.94,1099.9
877.5,127
880.44,271.89
886.06,1112.4
913.17,205.64
881.21,1238.8
884.39,576
886,545.5
892.71,22.388
892.31,168.89
902.98,261.69
899.53,541.66
895.65,761
899.12,1130.4
896.5,410.14
908.62,140.36
902.59,460.02
902.44,289.38
902.67,563.18
904.14,489.55
913.25,1063.4
914.65,929.71
905.83,999
912.75,882.61
907.5,340
908.39,896.61
926.67,1026.9
909.5,323.88
908.91,700.91
912.21,83.948
924.98,609.56
913.58,343.04
916.5,758.9
914.12,181.65
917.07,442.03
917.86,652.64
918,175
924.57,508.99
932.44,15.901
936.73,303.59
929.68,171.52
934.99,350.79
930.5,483.62
933.39,896.89
937.71,114.54
938.98,545.9
940.82,243.83
938.43,633.16
936.42,841.11
953.24,40.814
944.99,680.85
941.43,996.6
950.29,486.64
947.1,794.34
940.85,858.46
942.55,446.58
950.29,704.83
951.36,1156.1
947.78,583.85
951.35,640.64
950.83,876.66
949.07,665.59
951.27,918.18
968.71,426.78
967.28,531.13
952.42,226.89
955.82,1000.6
961.56,177.29
959.95,239.17
956.11,661.35
959.1,14.119
959.56,1180.5
962.9,1090.6
964.38,1025.1
964.39,581.25
964,471
973.09,1001.3
971.84,84.686
968,381
970.09,1134.1
973.9,199.3
978.45,498.58
1008.3,1219.4
973.08,649.66
975.04,779.55
975.64,958.79
974.23,1175.8
980.84,250.45
984.61,585.01
983.9,632.59
982.32,726.87
990.95,826.58
985.29,1086.6
983,7.5
986.03,172.69
985.08,539.56
991.88,686.11
990.44,41.035
991.73,806.38
994.79,952.61
995.55,554.98
1001.9,409.53
992.5,850
994.96,712.42
997.34,300.2
995.04,609.4
1002.7,143.86
999.58,30.474
1001.9,598.79
1001.5,726.58
1012.8,86.245
1005.9,67.427
1010.3,16.197
1013.3,177.02
1015.6,760.09
1010.9,881.61
1006.5,320.5
1027.9,388.89
1008.3,630.76
1007.5,905.91
1010.7,1081.1
1011.9,1102.1
1008.8,158.44
1035.1,219.74
1016.1,668.32
1010.5,1032.6
1019.5,431.95
1011.9,958.16
1012,1147.2
1033.8,575.16
1024.8,790.34
1022.5,916.77
1025.8,332.03
1027.9,463.72
1029.6,774.97
1033.7,116.01
1029,1086.5
1033.1,1133
1054.1,667.91
1035,153.07
1036.5,540
1038.3,702.92
1047,1165.8
1037,800.3
1035.1,43.948
1064.9,427.08
1044.1,513.41
1044.7,854.44
1052.8,34.307
1046.5,210.89
1044.4,367.96
1053.6,759.67
1048,77.825
1044.2,161.44
1045.6,286.02
1042,724
1051.3,58.103
1047.6,882.29
1052.3,791.91
1051.9,123.43
1050.8,146.51
1055.3,921.02
1058.4,104.22
1053.7,890.98
1053.5,536
1058.1,1046
1065.8,476.89
1057.5,312.39
1072.3,136.67
1062.6,1086.7
1062.2,283.84
1065.3,1074
1060.7,197.68
1065.4,260.1
1064.6,337.09
1080.8,536.84
1071.7,181.89
1067.7,798.57
1073.3,1008.1
1088.3,716.4
1067,807
1076.1,507.38
1073.5,1115.3
1074.1,605.91
1074.5,968.59
1071.9,815.5
1074.6,838.14
1074.3,659.09
1082,785.58
1078.8,306.09
1077.4,854.1
1079.1,876.58
1080.2,49.44
1085.3,473.57
1087.1,915.16
1089.3,1230.4
1087.6,4.2857
1084,76.5
1106.5,125.6
1094,832.71
1090.7,1089.9
1088.4,1133.2
1090.8,936.06
1108.9,1074.9
1095.2,341.09
1094.9,670.54
1096.2,743.54
1098.6,389.47
1096.1,24.067
1088.4,226.13
1099.1,988.8
1098.5,50.444
1096.1,416.58
1096.9,1189.3
1100.5,947.48
1111.8,298.4
1107.6,219.6
1105.4,622.73
1101,884.68
1108.5,93.216
1113.8,271.46
1102.3,184.61
1102,348.5
1102.8,437.87
1105.5,697.9
1119.1,492.87
1120.6,1125.1
1117.1,66.29
1115,743.76
1117.9,327.62
1116.2,869.17
1123.5,711.44
1122.8,823.77
1116.8,1056.4
1117,15.952
1115,153
1138.9,904.14
1124.5,386.38
1142,142.34
1123.3,734.73
1125.8,1104.5
1123.7,86.342
1129.2,563.17
1139.4,1163.4
1133.9,213.62
1130.7,644.15
1138.8,1241.9
1138.2,599.4
1142,76.784
1135.9,872.5
1138,34.686
1137.1,57.045
1139.6,750.7
1137.6,246.11
1143.1,928.16
1148.3,1133.7
1141.3,332.93
1140.6,886.57
1145,1045
1148.7,1026.5
1146.2,1079.8
1145.6,202.45
1156.7,237.6
1151.4,991.14
1149,501.56
1153.5,748.93
1164.5,1065
1150.6,1110.9
1149.3,1195.4
1149.7,473.55
1154.3,801.76
1154.7,361.43
1156.4,867.02
1153.8,1151.2
1153,58
1158.9,281.32
1157.4,5.3214
1165.9,849.85
1156,455
1167.8,112.33
1159.5,825.55
1164.3,458.8
1167.1,930.18
1164.6,55.571
1166.1,732.88
1168.6,880.01
1171.5,302.05
1171.9,713.7
1171.5,1090
1176.3,259.84
1174.9,360.67
1172.9,799.56
1173.9,1039.9
1176,949.37
1177,966.42
1178.9,534.19
1175.4,863.11
1184.2,594.74
1182.7,751.37
1185.5,77.007
1189.7,859.3
1179.9,1108.9
1185.9,450.67
1185.3,336.78
1182.6,1177.3
1196,804.87
1191.5,491.84
1192.5,515.28
1193.7,299.64
1190.1,1013
1191.3,1.92
1200.1,253.64
1188.9,638
1194.1,969.74
1191.2,433.12
1190.2,713.4
1195.4,901.38
1195.1,386.36
1193.5,933.73
1201.7,615.31
1198.4,764.29
1198.7,216.76
1196.2,540.41
1202.5,195.58
1202.8,832.72
1212.9,105.75
1198.9,428.4
1201.9,581.15
1203.4,657.45
1199.2,917.06
1229.7,1018.8
1204,1192
1214,450.59
1207.7,515.31
1196.2,699.65
1205.3,1216.1
1211.3,71.877
1204.5,163.45
1208.4,369.46
1206.3,426.09
1214.7,943.2
1230.9,322.67
1207.4,499.4
1210.2,1173.1
1214.2,291.98
1213.1,536.25
1223.3,672.39
1218.4,1203.7
1226.5,761.52
1220.3,520.01
1219.5,860.49
1230.3,413.63
1217.5,686.12
1222,246.61
1220.8,983.48
1226.4,371.78
1222.9,612.06
1223.7,170.76
1226,15.611
1228.5,226.88
1226.1,270.16
1234.8,1102.5
1233,968.26
1226.7,736.83
1235.3,48.798
1231.5,202.81
1231.2,188.56
1234.4,81.07
1232,775
1235.9,23.582
1235.7,6.6818
1235.4,514.03
1240.9,916.32
1236.8,102.32
1241.4,606.91
1242.6,1062.6
1243.4,947.1
1243.8,151.58
1244.3,222.91
1244.5,660.18
1244.9,448.53
1243,626.5
1245.3,2.36
1245.2,426.06
1246,269.78
1245.7,585.86
1245.7,783.55
1246.1,203
1246.1,983.15
1246,1049.6
1247.5,563
