3.44,226
2.9804,425.53
2.7727,741.77
2.2558,964.72
5.8889,1089
13.342,1116.2
10.036,175.7
5.5882,446.06
9.44,645.92
16.698,771.5
11.492,806.9
12.571,556.6
17.339,1055.3
12.485,942.12
14.051,1100.4
15.616,1221.4
20.408,189.24
24.19,845.77
33.441,819.64
28.25,593.25
27.593,696.93
28.229,1155.8
31.022,1173.6
32.101,714.78
33.311,6.8108
31.68,387.2
35.878,535.06
36.927,1056.6
41.066,457.72
37.411,276.91
43.335,374.09
44.375,660.07
41.625,1144.8
46,846.35
49.341,995.18
52.284,1040.6
52.327,74.265
56,537.5
61.154,715.24
61.347,912.94
61.614,1163.6
62.318,344.11
65.38,1087
65.609,959.02
70.025,233.5
73.112,257.24
75.087,404.16
79.041,645.52
74,210
82.026,909.95
83.41,521.79
88.606,1067.1
87.376,731.61
93.592,1010.3
93.475,90.271
96.161,898.54
99,914.5
108.79,23.103
114.71,400.31
108.5,720.12
113,506
111.91,752.25
112.35,316.88
115.15,250.15
118.94,160.15
119.54,531.33
119.41,977.65
117.5,606.62
123.56,716.25
125.18,425.62
127.84,915.92
130,734.65
135.05,355.93
138.64,678.72
139.5,821.36
138.59,743.04
146.91,169.84
146.3,1091.6
145.37,1133.6
144.72,1181.7
149.04,257.87
157.01,1055.9
149.7,23.944
150.31,709.83
160.25,463.31
156.5,803
162.95,673.1
172.84,907.93
167.02,29.545
166.44,419.78
171.53,569.29
180.95,783
181.16,71.76
180.61,514.58
178.75,1158.4
180.53,1107.1
181.25,1030.6
181.95,54.432
186.92,864.56
190.56,699.47
191.12,912.21
196.96,552.14
200.39,958.59
197.6,875.11
201.25,720.84
202.14,156.43
204.14,468.14
203.86,850.5
207.48,253.67
208.22,331.34
206.75,595.39
210.02,35.112
209.53,58.27
224.12,392.76
221.53,1112.3
230.78,488.3
232.1,971.15
231.83,1160.5
234.93,473.04
235.86,850.01
239.9,618.15
238.06,939.55
245.95,1175.3
240.43,384.04
242.26,1231.7
241.75,484.77
240.57,533.19
245.83,811.07
242.46,544.92
246.52,36.324
245.09,211.91
249.86,248.39
264.07,275.96
252.83,1187.9
266.91,620.28
256.06,535.02
259.74,63.026
263.89,1104.3
258.86,555
261.89,800.6
267.46,664.73
265.98,943.91
281.95,966.53
265.06,124.43
267.67,1074.7
271.34,36.122
270.33,437.33
278.5,1171
281.5,67.5
282.78,81.308
281.94,829.94
282.59,647.41
284.13,690.74
288.7,539.2
314.06,938.82
287,1163
300.05,801.44
301.09,360.35
306.37,397.2
303.82,598.18
304.65,1135.9
309.94,18.688
314.14,1098.6
314.36,706.21
327.67,1045.1
315.3,418.8
319.11,573.66
319.26,321
330.37,651.29
333.51,669.2
330.68,159.68
330.34,992.35
331.57,784.02
333.41,1098.9
338.53,1200.9
338.71,834.45
348.81,979.42
349.21,30.184
346.28,396.77
345.34,694.39
348.48,995.18
348.98,156.44
348.43,666.43
353.85,112.46
358.1,830.02
361.11,1130.8
360.79,198.29
364.68,336.25
369.5,94
373.6,262.46
370.43,1241
369.42,644.89
376.9,1161.3
380.37,993.54
374,1052
382.07,591
380,57
388.98,190.53
382,1013
388.62,1187.5
390.27,511.05
385.42,793.38
395.82,1087.1
390.31,1120.5
395.44,249.91
392.67,909.57
391.25,711.8
395.25,867.44
394.39,156.02
394.45,417.32
397.39,1025
396.5,1042
399.81,762.46
398.82,1150
410.09,31.288
407.15,1189.9
409.32,1241.8
406.68,300.11
411.75,85.26
413.27,823.52
412.52,458.87
418.23,1005.2
424.33,938.57
428.71,778.27
426.96,597.61
429.29,1047.8
428.62,61.757
433.01,462.19
431.81,903.49
434.05,1083.6
441,5.5
442.92,943.47
447.42,76.576
451.82,696.53
460.5,493.05
455.13,1055.9
455,1076
465.23,528.22
467.11,787.87
463.46,337.85
467.05,565.09
469,584.5
470.55,715.71
482.75,260.75
485.93,317.94
487.42,275.09
492.61,100.83
493.48,798.37
497.02,546.43
495.14,1209.1
494.81,598.74
501.19,281.39
501.5,742.7
504.7,440.86
505.53,562.85
505.97,202.83
509.17,391.39
509.37,701.19
508.84,964.86
510.46,34.439
509.09,985.91
518.27,221.63
518.39,1245.5
521.91,444.96
520,110.68
522.67,856.89
530.11,982.6
528.42,965
529.91,901.06
536.37,1078.8
532.91,17.909
539.87,937.94
541.98,1144.7
539.97,733.33
545.02,1245
543.95,403.91
550.27,1170.5
548.5,307.77
556.63,997.12
550.55,141.71
556.34,209.53
557.93,476.07
556.61,1111.1
560.68,842.5
570.67,691.8
567.93,648.41
578.45,927.07
581.16,100.06
580.95,87
583.55,971.1
585.49,1015
583.5,325.5
591.78,184.25
587.81,384.82
588.38,596.54
594.74,228.99
596.84,684.84
600.06,321.63
598.41,635.07
611.18,1129.4
606.5,378.5
612.64,945.34
614.68,1057.3
613.2,647.88
612.94,365.57
616.67,901.33
612.8,79.44
621.27,340.52
618.85,590.58
622.95,240.95
622.14,45.076
619.5,195.5
620,1032
623.87,828.88
626.89,127.54
624.41,454.93
630.03,1153.3
627.11,480.52
628.58,969.8
637.36,582.64
629.77,916.12
635.32,807.11
632.79,424.87
635.5,666.5
644.68,9.3318
641.93,713.74
644.09,1050
651.53,342.03
649.65,1194.1
655.74,623.77
656.39,308.34
665.7,462.74
664.42,164.58
670.93,530.63
673.7,777.46
673.17,1024.6
681.47,863.42
683.39,271.34
684.55,802.8
684,126.5
690.74,991.35
689.61,1192.9
692.19,331.15
699.56,888.57
699.61,81.339
704.43,1145.6
706.42,796.82
706.03,621.4
709.57,1088.9
713.13,1245
709.29,414.45
713.79,755.71
711,168
714.95,682.9
723.96,970.03
716.5,1155
722.24,4.1616
720.14,461.71
722.36,643.19
725.76,278.19
725.06,549.3
729.79,1116.9
731.24,914.59
727,17
730.48,113.94
732.7,1164.2
734,73.174
737.11,168.3
733.5,858.5
739.89,58.048
740.08,791.84
742.89,468.62
742.2,577.22
743.09,855.17
751.32,115.6
753.96,1077.4
753.86,65.561
751.88,538.35
754.95,559.46
760.67,823.43
757.7,931.58
759,313.5
761.13,636.13
761.58,390.32
762.89,602.87
768.5,1174.9
767.04,876.05
768.19,16.159
767.56,1013.8
767.45,1147.7
768.5,527.5
775.89,1053.1
780.83,515.62
788.17,1150
787.61,1240.4
789.12,809.52
787.33,1133.3
790.41,739.54
790.1,225.05
795.5,192
798.48,651.08
802.52,823.31
799.09,551.09
803.58,582.42
804.24,621.47
810.71,390.38
809.43,852.94
812.32,348.46
816.93,707.34
813.97,760.93
817.32,1243.4
817.75,673.21
814.6,788
813.56,1112.1
818.1,572.23
819.67,2.2143
822.11,807.83
822,51
833.58,780.62
832.12,600.22
829,900.5
831.35,837.04
834.58,530.76
833.22,543.89
837.87,417.94
832,815.5
834.88,1046.3
839.5,288.5
848.25,852.17
841.57,184.22
848.89,230.33
846.95,769.91
851.21,268.76
849.39,969.62
856.13,1165.8
853.5,218.5
865.13,1017.8
855.42,1055.9
864.41,927.96
862.81,370.33
865.31,771.89
862.42,546.45
869.11,721.6
871.82,739.98
876.01,1212.9
875.05,584.79
874.65,975.35
879.7,364.21
882.81,515.7
882.79,690.76
882.66,562.7
889.84,842.61
890.41,166.59
895.99,4.3563
896.63,669.97
901.48,193.89
897.41,554.19
900.61,1228.6
900,402
904.42,320.82
904,539.5
909.29,30.614
911.49,99.482
910.31,175.91
921.61,591.99
921.59,530.06
922.48,789.41
926.1,24.269
926.59,1154.1
938.18,66.164
946.51,986.96
940.07,553.08
942.84,763.63
939.58,493.71
946.5,394.7
941.92,1219.9
959.99,693.74
954.79,428.76
952.88,801.62
960.74,1065.8
959.76,922.63
959.29,527.71
960.85,1095.9
962.07,297.41
963.29,321.35
961.86,851.86
968.42,470.17
966.37,604.46
969.05,574.6
970.88,903.31
967,922
973.66,1147.7
970.83,100
976.37,645.02
976.98,251.72
979.11,856.74
979.81,944.26
979.07,1045.8
980.12,212.65
980.11,269.58
980.54,1072.1
983.41,341.45
988.31,840.96
997.04,675.02
993.94,529.07
992.32,703.95
994.53,994.22
994.53,1196.5
1000.8,273.95
998.17,926.72
996.43,1012.1
995.37,366.37
996.64,148.5
1002.4,600.18
1018.8,741.31
1006.8,841.11
1003.2,474.43
1005.8,226.55
1018.2,1039.8
1007,1071.7
1006.2,441.02
1009.9,36.068
1011.6,971.77
1010.1,1175.4
1012.1,53
1017,992.72
1017.4,1195.3
1016.6,1015.5
1017.9,171.31
1018,323
1019,554.77
1022.1,1218.5
1030.6,1098.7
1023.8,297.35
1041.9,25.601
1025.3,131.2
1029.4,208.43
1030.7,108.03
1030.1,934.8
1027.8,474.44
1034.2,660.06
1043,530.58
1035.2,168.41
1034.5,268
1034.7,892.79
1035.5,979.26
1035,332.5
1041.1,947.37
1039.5,1061.4
1038.7,305
1051.4,972.9
1052.5,268.81
1063.6,1245.5
1053.5,884.73
1055.7,1204.2
1054.9,307.86
1067.4,276.98
1065.2,417.78
1075.9,447.61
1074.5,607.96
1078.3,971.96
1079.7,1169.5
1080,1044
1080.7,714.07
1086.9,17.004
1084.8,1098.6
1085.7,1226.2
1091,170.28
1093.3,193.75
1095.4,871.15
1091.3,490.5
1094.4,218.37
1096.1,740.53
1114.1,932.63
1103.7,244.08
1108.2,1119.4
1104.9,481.79
1108.6,637.96
1109.4,1100.5
1110.1,735.05
1110.9,959.86
1124.5,406.1
1119.5,767.55
1125.5,1222.8
1121.7,252.82
1124.2,600.01
1126.5,801.31
1125.3,2.1923
1135.4,453.47
1133.5,752.02
1141.2,1185.9
1145.6,16.995
1144.2,240.59
1145.2,583.53
1146.9,85.314
1148.7,805
1147.4,1116.3
1156.5,202.04
1152.6,1191.6
1159.6,1165.8
1164.9,97.53
1161.6,531.59
1163.7,463.67
1165.6,163.5
1166,118.5
1172.1,1097
1168.4,876.64
1172.5,182.46
1172.2,519.28
1174,46.279
1175,1046
1176,1112.5
1178,832.63
1180.2,1190.5
1182.2,328.01
1181,433.5
1185.9,12.523
1182.7,110.2
1182.2,264.93
1185,806.84
1188.2,719.46
1187,100.5
1192.6,410.28
1211.6,873.38
1197.7,432.29
1193,1182.8
1195.2,534.54
1198.9,743.5
1200.8,68.204
1195.9,177.91
1205,1208.8
1204.7,604.29
1204.9,1146.1
1208,481.5
1215.9,238.9
1217.6,191.83
1228.6,490.75
1220.4,90.748
1223,260.38
1221.6,668.22
1224.2,356.36
1223.6,845.39
1234.7,1064.8
1234.2,41.435
1236.5,474.64
1232.6,113.69
1233.1,125.91
1232.9,764.42
1235.6,296.54
1240.7,815.76
1239,419.99
1236.9,548.09
1239.8,101.25
1243.2,634.38
1240,875.07
1245.1,1228.9
1246,173.73
1246.8,662.87
