7.5302,351.65
5.5865,995.5
1.5,1010
7.1513,1033.4
2.3478,1105
5.8,48.44
11.413,756.26
10.634,434.92
13.128,1242.6
10.926,460.59
16.295,152.27
18.688,858.43
22.061,617.15
24.538,29.868
22.538,600.85
24.77,1224.9
24.143,1073.5
29.2,667.91
34.041,147.92
35.539,1107.5
40.883,439.47
38.83,577.85
38,686.88
41.182,38.591
45.365,785.6
43.119,73
50.685,288.73
48.839,1058.9
48.5,895.22
49.472,1133.2
52.947,113.54
52.78,529.36
53,971
64.016,775.79
61.144,631.2
60.05,1092
58.632,1152.2
58.86,958.16
61.352,701.19
63.538,940.88
63.253,391.32
61.115,669.35
62.308,191.46
66.161,971.94
64.455,1203.5
69.059,760.91
71.5,68.094
71.81,148.93
82.646,828.7
82.586,572.59
84.906,385.06
85.105,111.42
86.17,994.64
92.753,627.26
89.244,168.41
89.07,954.18
91.763,373.48
99.078,758.02
90.878,1029.9
91.909,22.227
97.29,56.29
102,443.06
100.33,41.368
100.97,879.33
102.58,345.42
107.92,1219.9
110.53,65.321
111.23,197.6
115.36,244.64
117.51,965.99
117.07,306.41
121.83,565.01
119.95,735.84
119.56,1078.6
124.3,913.17
120.93,110.05
122.78,399.68
122,173.5
128.24,528.85
123.5,438.5
130.26,186.21
127.18,843.44
127.55,861.42
129.58,1095.7
128.69,2.8077
128,503.5
130.08,1203.8
131.91,128.93
132.16,1126
134.45,68.431
135.08,107.92
135.43,163.95
138.24,874.98
137.5,1228.5
144.51,295.87
144.54,628.17
142.83,126.43
145.1,515.57
146.62,18.391
145.99,748.83
147.08,1024.3
153.4,566.81
148.22,343.47
153.31,438.89
149.5,60.5
153.73,980.21
157.4,905.62
156.05,708.32
160.69,1115.1
160.01,85.439
158,1233
160.44,849.92
164.05,689.42
164.68,772.82
164.5,959
165.32,342
169.65,457.32
167.24,1047.5
172.49,646.99
179.31,948.93
175.31,193
176.14,580.43
177.64,925.7
176.63,328.37
177.72,1178.5
179.2,835.17
181.03,63.717
180.93,553.41
187.45,338.96
192.75,284.58
189.63,826.53
189.33,188
190.9,259.38
192.1,1065.3
193.5,578.5
196.1,1172.8
198.36,1132.9
199.98,963.82
204.43,591.42
204.95,476.82
201.85,822.54
202.09,1201.9
204.96,362.08
203.81,914.93
207.52,436.03
205.42,864.55
210.1,682.24
222.03,395.57
213.2,299.4
214.59,833.07
217.23,353.65
220.21,17.504
218.89,1062
223.43,335.56
225.64,796.27
226.83,201.29
224.29,1139.2
225.33,1244
229.53,226.47
231.34,582.14
229.69,652.09
239.99,136.16
231.41,968.07
233.11,1007.4
234.89,1168.5
241.31,1117.1
239.15,34.198
235.12,927.35
239.07,552.93
241.47,882.78
241.78,448.68
242.36,248.68
255.13,363.01
248.42,624.58
254.54,747.18
259.61,843.09
251.96,1105
250.09,336.91
255.45,925.12
252.17,1193
254.58,1218.2
263.92,9.5373
263.25,890.93
264.92,782.92
266.18,932.18
270.51,1051.7
276.5,349
287.9,680.78
280.86,528.86
285.73,455.35
287.08,694.46
290.57,415.64
289.71,740.4
293.81,1144.5
290.74,256.53
290.65,277.72
291.77,390.77
296.65,877.63
296.22,1043.3
302.13,108.53
299.89,1085.3
296.39,640.14
297.92,626.89
300.6,71.371
304.07,334.29
305.84,547.88
309.23,441.51
309.31,293.25
307.92,315.19
311.89,381.6
312.71,568.29
311.44,998.92
329.86,497.76
317.15,868.9
322.34,1196.2
320.84,444.84
320.57,652.61
325.14,893.83
323.52,789.02
328.3,556.91
324.92,589.86
326.1,366
330.89,724.86
335.14,341.82
336.41,437.84
332.5,975.5
335.26,1211.7
335.88,37.188
336.5,594.87
338.45,450.43
351.53,677.19
341.17,1135.1
339.81,221.4
340.96,751.79
340.28,715.47
341.47,897.05
344.47,148.08
347,939.5
345.93,1060.4
348.36,292.21
346.6,1155.6
350.73,446.55
352.03,477.08
351,595.57
354.82,1230.1
351.91,1141.1
352.64,657.09
360.58,565.08
361.05,607.49
357.43,1048.6
364.8,330.64
367.08,1100.2
366.07,526.47
364.88,701.62
377.31,206.21
367.67,934.83
369.38,1247.1
372.39,496.98
370.58,232.89
374.38,625.07
377.71,965.87
378.5,535
380.82,761.95
384.07,1040.5
384.82,666.11
383.36,597
387.86,1057.2
386.86,1017.9
391.26,232.35
390.42,1169.9
393.92,937.44
395.27,685.8
398.7,1100.9
399.83,843
402.69,533.25
408.48,305.65
407.88,331.07
410.94,31.031
410.13,391.26
414.07,468.95
414,1218.5
415.9,16.567
413.57,261.39
415.07,270.07
414,612.5
417,987.76
417.59,1183.3
425.9,1240.2
422.69,670.83
422.56,811.44
426.75,1011
425.08,1055.1
426.68,413.05
429.14,464.43
432.06,137.55
431.51,787.73
438.92,914.06
440.02,548.2
436.59,847.04
441.08,1009.3
445.35,1039.7
443.32,436.78
446.16,530.31
449.52,724.19
448.47,797.25
446.56,1102.4
453.17,744
458.44,272.46
462.25,401.68
454.14,1230.9
463.75,852.36
463,621.6
465.93,286.59
470.88,978.12
472.5,24.5
483.01,693.57
483.9,377.84
485.09,131.05
489.98,1028.7
489.72,1150.9
495.43,588.5
494.18,1166.6
503.41,15.149
495.53,113.72
496.41,412.93
497.33,220.48
499.28,1240.2
497.94,911.47
503.32,502.32
500.54,653.2
502.68,461.78
504.86,473.33
505.66,549.1
506.49,76.347
508.1,886.97
506.66,609.72
507,1113.5
512.93,200.32
516.44,964.59
519.12,631.09
520.87,367.85
518.95,526.35
520.02,657.94
519.25,932.97
522.28,823.53
520.91,1185.1
523.15,106.65
527.11,453.97
525.24,1061.2
526.12,575.5
530.81,78.315
535.1,139.4
529.75,800.22
530.5,622.14
531.15,294.54
534.44,499.67
539.12,517.86
532,1184
535.89,156.42
537.5,196.5
542.06,295.76
544.81,775.9
544.77,791.7
547.71,1101.9
546.97,22.219
547.52,1002.8
548,819.08
549.53,38.883
547.6,47.6
555.7,119.33
550.1,600
555.65,877.62
553.47,100.76
553.39,631
554.5,660
556.09,907.11
556.37,278.37
559.41,523.41
558.42,492.12
558.17,734.97
560.39,1054.7
559.47,144.57
561.06,165.14
562.5,543.35
563.25,78.833
566.31,204.91
563.42,1076.1
567.91,1086.9
566.56,1207.9
572.19,1164.8
570.58,443.89
576.94,180.93
574.14,664.86
575.81,4.5161
578.22,533.8
582.62,790.45
584.56,741.22
583.88,362.35
586.19,72.162
586.43,88.086
591.33,142.85
591.24,331
590.71,560.71
593.12,100.64
592.57,258.43
592.93,807.41
596.67,56.756
595.5,449
596.98,543.19
596.11,170.58
598.29,2.3214
601.18,1219
600.5,261.5
603.47,868.11
609.63,70.614
604.25,332.06
607.55,514.29
617.26,655.85
614.35,156.28
613.83,1218
616.69,143.47
615.42,554.11
625.35,906.08
624.46,1168.7
628.46,80.86
625.45,176.76
623,419.5
624.87,352.13
629.73,495.91
629.73,1129.3
632.77,565.41
633.61,2.4348
634.39,138.14
634.33,730.46
634.12,1042
636.27,975.77
638.88,365.77
642.45,30.795
640.91,123.5
641.12,782.12
640,551
646.54,544.35
646.14,392.36
646.5,504
659.21,451.66
653.57,11.761
656.36,58.345
652.42,672.01
654.78,884.31
650.43,1227.6
652.88,85.884
656.5,527.7
656.13,752.87
655.61,816.86
658.29,1023.2
654.5,1155
662.67,619.03
659.78,697.54
657.5,841.5
660.91,80.067
659.95,853.58
661.75,310.51
662.79,294.92
661.56,1242.1
673.14,158.71
670.84,682.21
673.4,1112.1
672.81,2.6562
673.78,480.6
673.81,920.26
676.49,979.93
678.41,702.93
678.63,555.37
683.8,38.109
685.38,509.62
687.09,743.43
686.63,928.37
692.52,24.162
692.91,759.16
691.12,911.68
690.55,1099.8
693.33,456.2
690.5,888
697.82,274.46
697.56,5.4
698.15,51.203
697.1,388.83
696.76,830.69
697.08,37.083
699.95,996.17
702.79,776.8
702.07,1177.4
703.83,879.31
705.84,591.65
706.5,839
710.17,1046.5
711.65,1192.9
712,560
713.97,388.3
714.68,9.988
716.56,312.41
719.91,426.09
720.33,662.94
719.89,850.58
722,797.5
722.91,30.091
725.45,563.36
731.47,71.461
729.22,1090.7
728.18,652.11
734.4,618.22
731.23,841.48
728.5,101
730.07,720.41
736.19,784.15
736.49,1160
738.16,1052.8
747.74,477.66
741.42,594.42
745.61,672.72
743.83,1198.2
749.76,1107.7
748.42,578.58
751.47,1008.7
752.03,316.68
755.97,20.517
752.34,79.354
751.54,901.08
765.77,66.946
755.62,490.03
755.09,604.91
757.36,949.58
757,939
763.97,1189.1
761.98,306.93
764.93,279.95
761.36,108.5
768.55,1039.6
767.06,505.81
763.33,862
769.62,848.06
775.24,428.89
768.59,1096.1
770.24,966.98
773.11,1009.3
776.22,84.757
776.5,241.5
779.75,556.61
782.09,669.14
779.05,900.66
780.31,611.93
784.07,935.73
783.5,634.5
784.26,784
785.72,345.53
796.79,978.49
793.89,850.54
793.27,207.3
793.48,882.52
792.44,993.44
796.14,76.062
797.57,597.8
798.68,830.91
797.65,1213.8
798.59,454.93
803.94,779.65
807.64,1198.5
807.42,346.55
810.02,936.61
810.78,196.67
815.61,1065.4
813.53,921.33
816.8,562.92
822.99,321.96
818.61,669.31
819.07,513.45
822.43,541.09
825.71,893.24
821.53,71.867
821.63,1208.6
826,302.38
826.29,242.45
829,367.16
831.55,357.57
835.36,925.37
834.92,760.78
834.55,951.36
842.5,106.09
849.03,654.48
853.73,1232.2
846.05,312.95
848.43,280.45
851,545.5
849.5,42.5
856.4,392.14
858.9,888.63
854.37,28.901
859.06,692.17
857.64,1247.1
858.33,1187
860,224.14
864.52,750.4
865.28,38.179
862.14,1152.9
868.54,198.38
871.33,133.79
870.44,472.89
873.72,51.239
879.69,293.23
882.77,800.69
880.96,485.69
879.09,735.52
883.37,575.25
883.91,520.81
887.17,249.05
889.41,21.092
888.92,4.1373
890.84,55.836
889.68,707.71
890,1060.5
891.91,1009.9
892.5,300
896.6,1118.9
893.42,748.89
898.12,537.31
899.88,1149.6
900.17,243.47
901.58,378.11
904.41,1014.9
912.18,1211
907.51,1095.9
910.82,786.32
915.32,399.96
919.92,501.73
917.49,126.78
916.74,197.26
919.27,66.4
920.83,754.79
924.74,863.59
921.5,286.5
924.16,452.23
923.36,561
927.09,419.87
929.21,1088.8
934.92,165.08
938.56,454.27
938.65,518.56
940.26,1180.9
943.74,300.16
945.6,843.7
944.06,1057.8
947.67,1233.8
949.44,898.59
956.53,1066.8
954.79,1156.2
956.09,35.194
957.19,990.91
956.25,1045
958.44,584.88
959.63,1021.3
959.59,221.41
963.55,910.08
961.36,1145.6
965.52,529.07
970.98,786.33
967.96,647.13
970.83,841.57
980.46,956.31
975.49,721.45
976.64,1027.7
979.08,372.44
978.5,525
979.91,1193.1
982.86,1231.9
983.11,802.58
995.92,479.59
989.66,70.918
993.94,289.31
991.19,1158.9
991.44,564.68
1000.8,221.9
997.05,1058.1
999.87,1022.4
999.68,358.1
996.54,781.85
996,966
1003.6,242.97
1002.2,1041.7
1003.1,1134.4
1001.3,605.22
999.5,909.5
1006.9,992.12
1011,421.2
1005.9,773.5
1011.5,566.02
1011,879.36
1012.7,79.296
1013.1,1010
1013.9,726.09
1017.6,706.49
1021,237.16
1025.6,490.62
1022.9,882.24
1024.9,262.45
1028.6,590.84
1025.7,515.53
1026.3,1138.1
1028.1,991.43
1030.1,856.07
1032.3,718.54
1030.1,930
1033.7,1160.6
1036.4,267.67
1032,936
1037.4,175.86
1036.5,916.71
1035.6,1187.4
1037.6,153.44
1045.5,330.31
1038.9,642.38
1039.2,745.77
1040.6,1080.6
1040.1,55.421
1043.5,497.53
1042.2,823.9
1046.7,1151.3
1044.4,667.18
1046.8,687
1047.6,67.424
1052.2,799.37
1062.8,465.83
1056.3,857.1
1056.4,240.63
1055.8,541.73
1056.5,708.55
1057.2,1042.9
1061.2,500.96
1057.4,147.07
1060.6,47.18
1058.2,518.41
1058.5,881.22
1058.5,1101.5
1059.5,3
1067.8,238.21
1068.6,388.37
1069.8,639.67
1078.8,741.62
1072.7,714.22
1070.6,485.11
1072.9,68.393
1075.6,216.54
1073.5,515
1079.5,1237.5
1079.8,1028.4
1082.1,815.02
1084.2,888.26
1086.1,690.05
1086.7,965.2
1087,1102.2
1086.2,310.59
1085.6,1184.6
1091.5,709.17
1088.7,60
1087.6,390.89
1087.9,453.09
1089,566.25
1098.9,630.29
1092,748.5
1094.7,17.938
1099,541.19
1094.4,667.16
1098,243.44
1106.2,498.37
1107.8,588.33
1100.6,827.89
1100.4,478.18
1101.5,167.63
1099.9,458.32
1103.6,151.74
1102.2,1158.2
1103.9,888.43
1106.2,668.79
1106.5,260.53
1108.8,704.06
1108.4,183.64
1108.9,359.59
1109.8,374.5
1109.5,822.64
1113.5,458.5
1116.4,249.24
1121.2,272.57
1118.8,34.9
1119.4,1079.4
1120.1,762.65
1124.7,440.44
1126.5,458.13
1123.8,704.38
1124,416.33
1128.4,640.43
1132.4,980.7
1130.4,687.08
1129,233.5
1131.1,828.91
1134.8,951.8
1130.4,1240.9
1134,304.31
1134,469.51
1133.4,767.36
1135,821.6
1138.2,295.69
1140.7,669
1139.4,860.46
1141.7,568.18
1143,835.38
1144.3,338.93
1148.3,477.82
1145.6,684.03
1149.2,1066.1
1152.2,323.82
1149.3,978.98
1151.9,765.28
1155.5,1033.4
1156.2,1227.8
1157.5,89.2
1158.9,799
1156.5,842
1160.6,629.96
1172.3,653.59
1159.9,663.94
1158.4,1176.1
1161.4,27.105
1164.6,538.08
1166.8,465.9
1170.2,64.924
1167.5,271.47
1173.7,237.4
1170.5,328
1172.5,418.33
1172.3,1126
1174.6,1243
1172.7,715
1175.6,1049
1181.5,1072.6
1176.7,579.01
1174.1,1155
1179.9,167.8
1178.9,730.54
1178.3,623.06
1180.3,913.08
1180.1,347.85
1180.3,639.97
1179.5,598.5
1181.3,932
1183.9,774.74
1184,988.08
1187.4,387.23
1187.7,896.13
1188.2,327.08
1187.5,821.5
1193.4,697.18
1194.5,138.72
1198.6,353.44
1193.4,745.71
1195,5.5
1195,996
1196.1,111.03
1200.8,479.81
1201.4,520.91
1204.5,590.73
1206.7,802.95
1206.4,206.92
1210.2,661.66
1208.5,123.08
1213.5,419.17
1210.9,1104.1
1214.2,239.78
1215.1,860.04
1214.9,141.5
1217.3,1192.7
1218.2,485.59
1218.5,635.43
1222,826.07
1220.9,1033.4
1225.5,701.5
1229.1,17.477
1228.3,225.97
1224.1,940.59
1224.9,952.59
1226.5,976.38
1230.1,789.79
1231,911.67
1230.6,814
1238,1060.4
1238.1,1085.7
1236.6,209.5
1243,1145.2
1242.5,88.094
1241.5,173.41
1241.7,926.04
1243.4,493.12
1244.2,977.51
1245,955.49
1244.9,995.84
1246.3,565
1246.6,165.11
1246.9,678
