4.4,711.82
1.5,790
4.2903,801.56
9.5619,953.2
2.7059,1109.9
7.7865,466.03
9.7158,496.36
13.114,610.78
8.4211,980.11
12.54,574.94
10,1074
11.841,1211.9
17.275,1061.8
18.367,554.08
17.046,725.43
19.642,833.05
17.182,876.42
50.617,1099.3
19.312,233.41
17.778,368.56
28.057,358.71
27.411,1013.6
26.267,29
29.345,709.77
29.6,604.5
41.102,659.02
29.846,1200.7
35.059,390.59
38,902
40.748,6.5285
38.6,1202.3
43.489,520.98
47.363,1226.9
52.285,185.27
46.8,297.44
56.372,605.19
57,635.5
58.241,871.94
58.667,386.13
58.067,852.9
60.793,728.14
62.047,1124.3
65.152,370.39
67.014,27.639
72.013,64.481
71.432,1188.9
77.942,1048.5
77,199.17
80.609,1218.5
86.71,948.58
90.621,841.41
93.446,1206.2
94.164,335.76
93.714,12.286
96.378,102.69
94.909,919.91
97.531,310.57
101.45,496.29
102.58,850.42
102.42,1175.9
105.29,629.14
109.59,1154.9
109.28,1196
111.08,251.54
110,720
111.42,769.49
115.55,736.88
115.6,1083.6
116.5,1244.4
120.21,943.31
121.55,1215.4
121.5,757.12
122.64,1139.6
122.82,649.68
124,317.5
126.98,7.8772
127,328
129.41,608.05
137.05,125.12
136.39,281.85
140.14,1075.9
139.92,667.92
142.22,962.59
144.66,243.15
147.89,421.42
148.62,1126.5
149.24,991.82
158.77,1055.6
154.61,725.88
161.8,1091.4
158,679
163.4,192.4
169.39,715.4
169.35,731.88
174.03,915.44
178.53,22.968
178,204
184.56,975.3
187.47,650.12
186.05,1102
185.19,559.81
189.41,700.8
192.1,479.89
192.49,141.93
193.94,60.122
197.1,589.4
191,728
191.71,1075.3
196.78,1117.7
192.5,1174.5
197.15,1221.2
197.13,714.04
199.63,421.27
200.35,828.77
203.46,933.05
204.07,168.91
205.23,725.29
204.62,630.5
208.63,256.68
208.7,208.47
208.55,1032.1
212.31,324.39
214.79,702
218.89,683.78
221.01,150.23
226.53,181.71
226.34,1022.8
228.17,287.48
227.04,542.46
229.83,650.14
233.92,1010
230,402.83
234.97,703.56
238.86,440.65
239.02,1073.3
241.34,126.92
255.57,619.12
251.51,91.062
253.11,836.73
256.76,185.44
263.64,275.74
259.26,1062.1
258.74,412
264.58,204.21
263.91,994.39
266.93,233.02
265.76,1110.4
270.21,563.91
271,705.17
270.32,1087.3
278.92,150.22
279.11,39.837
281.93,210.28
289.11,1184.7
286.65,787.06
286.77,904.08
294.02,306.47
293.43,475.67
296.14,1223.9
300.82,95.207
301.77,403.85
306.53,271.83
300.25,1245.6
309.65,931.85
308.04,947.67
309.96,856.72
311.44,761.39
314.54,631.02
315.25,40.347
313.84,95.526
319.8,187.47
319.04,1245.5
318.96,849.93
318.77,1216.8
327.26,901.35
331.62,994.51
329.54,1166.1
329.87,249
332.45,389.04
330.52,76.37
330.11,771.59
331.66,1024.7
331.71,589.35
331.5,704.36
334.05,280.39
333.56,360.74
332.7,339.84
338.03,1076
336.75,14.282
337.67,673.34
338.41,815.07
349.02,1006.1
352.15,192.42
349.48,1116.9
354.97,873.85
362.01,472.71
363.07,17.326
358.67,925
366.36,1008.1
363.65,740.94
371.17,56.1
367.15,152.11
365.68,1117.6
367.83,1241.3
364,207
369.69,351.26
370.91,681.64
370.84,1050.4
373.1,1140.5
379.03,268.58
376.14,403.81
381.54,564.77
379.21,651.14
387.09,1187.1
383.29,96.97
391.4,485.33
391.23,936.99
390.1,1071
391.5,813.5
396.88,1087.9
395.03,1219
396.8,201.21
401.27,1050.4
399.5,1065.1
404.51,286.19
401.42,751.89
404.67,658.81
411.39,1115
409.92,258.78
409.27,7.4314
410.81,1076.4
407.58,1185.1
410.45,593.42
411.55,823.58
419.51,1042.8
421.32,325.86
418.92,838.88
419.35,636
421.81,195.37
420.42,810.58
425,873.31
426.59,1231.4
427.61,1065
429.56,68.673
428.9,209
430.69,1212.5
430.48,707.11
435.13,262.83
443.46,953.9
440.88,42.333
443.99,138.41
439.4,1132.7
444.33,904.3
449.56,1201.7
448.44,657.8
452.38,1092.7
453.32,649.17
456.5,417.95
462.91,972.52
462.54,718.96
464,55.5
463.5,623
474.84,408.83
478.08,864.42
475.17,378
485.28,572.17
486.23,1165.7
487.23,1222.2
489,735.45
491.18,273.82
488.5,960.5
489.93,538.1
498.35,1052.2
496.6,413
497.71,480.75
497.96,99.686
496.58,442.11
503.5,72.5
504.95,117.63
508.64,384.57
509.07,1027.6
514.98,142.96
514.79,725.21
513.41,1114.4
513.43,1085.4
521.4,1034.5
521,104
528.63,113.84
523,1204
525.94,3.54
533.51,960.59
529.42,1087.9
538.49,767.79
537.22,338.68
536.5,20.7
539.24,202.34
541.97,1131.9
540,140.83
541.75,299.67
546.3,518.21
550.12,800.66
545,49.5
547.12,617.47
551.97,1011.3
553.31,266.28
555.44,250.47
556,634
560.7,497.89
559.62,618.53
565.24,936.73
562.24,1187.9
562,723.61
570.73,122.47
574.16,172.81
571.44,908.03
571.74,153.64
571,828.83
578.74,106.96
579.26,1133.1
576.55,489.44
577.92,197.97
581.96,306.93
579.82,408.19
584.96,631.77
587.06,152.96
585.85,1042.7
589.5,878.07
585.68,1081.4
596.05,1086
592.61,273.31
591.22,780.98
598.13,230.67
592.43,344.94
592.27,1063.4
599.92,362.25
603.32,587.41
602.5,901
615.67,538.42
618.18,1044.7
619.32,1010.8
620.12,207.65
625.22,746.52
626.15,1141
626,371
625,1184
628.5,772.59
629.82,1176.8
633.13,27.717
631.5,243.5
637.64,572.02
636.37,663.9
639.26,78.048
648.72,926.64
645.58,202.93
651.95,1182.5
650.3,1061
650.5,71.5
653.03,344.08
654.74,669.51
661.36,400.63
660.02,830.26
666.35,1118.2
668.71,438.34
668.57,480.04
676.18,1034.2
675.69,878.15
672.91,962.91
671.59,1160
680.4,127.73
675.98,984.14
682.26,466.41
682.67,938.33
689.05,1052.1
693.61,429.95
689.62,481
693.03,1158.5
696.08,859.68
700.4,745.6
705.19,1218.8
708.18,50.486
708.39,904.07
707.4,536.5
711.25,622.09
708.65,1156.3
714.06,943.99
711.08,797.46
713.59,826.08
713.46,378.9
713.41,1051.9
713.43,993.43
721.26,562.72
729.82,485.03
728.62,1041
727.89,1054.4
731.88,60.346
730.95,700.18
744.54,1117.9
742.92,657.21
746.33,1149
745.45,1209.8
748.03,1002.5
746.89,1061.7
761.54,612.47
764.34,495.27
761.46,918.57
764.53,1140.7
763.96,1061
763.84,1172
769.36,1105.2
768.32,866
779.11,1184.1
783.16,1098.5
784.37,1077.9
789.21,14.783
793.02,301.59
792.07,513.41
795.82,943.08
794.56,600.56
793.93,1011.4
799.05,1063.1
799.01,1140.1
797.73,464.16
798.35,774.12
800.43,549.84
803,1118.8
807.44,841.83
806,577
806.92,988.92
809.85,1083.2
809.67,731.4
819.4,804.07
816.33,1050.9
816.4,568.1
814.33,1219
819.84,129.66
820.57,482.91
822.87,753.53
824.31,1116.9
836.02,68.713
831.05,583.21
831.16,504.77
833.09,460.54
839.96,1160.7
838.74,785.55
838.35,286.15
840.59,557.49
846.25,477.17
843.44,676.93
850.44,1057.3
853.43,974.54
850.64,852.69
855.94,1149.2
854.82,198.82
862.61,108.12
864.21,850.19
864.92,88.075
863.58,913.11
864.53,1102.3
865.89,885.89
873.07,350.47
873.45,38.581
873.95,202.82
875.41,818.78
874.16,1190.8
875.91,557.41
876.88,618.49
876.12,933.69
880.06,953.8
885.77,782.69
883.62,907.88
885.08,727.65
891.02,925.58
890.12,1079.9
888.94,62.058
897.87,17.252
894.5,1097
900.09,860.47
898.16,961.51
903.04,553.47
902.09,505.91
903,1154.1
902.5,708.5
904.5,910
910.93,670.44
908.5,287.36
911.83,428.23
912.41,793.96
910.56,1074.2
915.1,341.04
914.1,1089.8
913.5,1203.5
918.07,484.41
920.09,932.04
920.41,126.48
926.96,1245.4
924.92,1179.2
927.7,1060.9
927.91,876.91
935.4,63.333
936.6,1031.2
943.14,282.24
940.5,518.5
943.5,16.405
944.8,891.18
950.52,448.71
946.94,1120.8
949.28,27.695
949.99,857.72
949.5,642
954.54,876.32
951.41,823.76
955.23,1025.9
951.39,1174.8
955.33,420.71
955.19,524.55
957.12,576.88
957.24,242.06
969.96,739.58
962.09,615.54
968.59,690.47
967.94,794.14
969.43,67.08
977.68,856.96
976.56,467.68
979.98,501.66
980.36,1180.6
982.62,882.07
986.95,280.69
981.86,963.14
984.5,250.5
991.42,647.89
987.14,987.77
986.5,216
987.41,510.86
990,758.21
998.67,531.95
991.2,785.54
997.36,1211.8
1000.1,1118.8
999.34,878.56
1006.3,1050.4
1005,270.5
1004.5,403.85
1008.3,822.76
1005.7,412.09
1009.2,769.45
1007.9,840.58
1008.5,103.5
1013.5,699.5
1018,519.52
1018.9,863.33
1018.1,41
1024.6,423.45
1021.5,13.385
1033.8,285.03
1025.4,1112
1033.1,815.82
1028.6,129.83
1033.5,385.75
1028.6,987.1
1028.9,461.55
1035.9,622.31
1029.5,401.5
1033.4,436.11
1040.5,1219.1
1037.4,74.346
1041.8,142.95
1048.7,241.02
1037.5,5.5
1040.2,1242.3
1044.8,752.02
1040.5,856.5
1043.4,424.5
1047.4,467.18
1045.5,1021.5
1050.2,583.31
1052.3,355.52
1051.3,658.53
1052,99.735
1053.3,528.95
1053.1,775.05
1058.3,1127
1057.3,1247.2
1068.7,1088.9
1069.1,712.61
1063.3,279.08
1064.7,779.53
1063.3,1022.3
1067,637.92
1070.4,1187.3
1068.2,904.29
1069.4,450.62
1069.9,681.42
1066.5,803.5
1072.7,32
1070.6,134.57
1073.8,371.11
1074.9,1034.6
1074.9,824.39
1076.9,494.07
1080.7,728.58
1077.7,144.63
1076.7,260.83
1084.8,574.06
1083.4,390.57
1086.1,508.77
1092,290.58
1087.4,703.4
1087.8,55.256
1098.6,1237.6
1088.3,81.577
1126.6,25.519
1090.1,424.05
1095.4,90.788
1098.5,791.13
1094.8,1215.6
1097.6,335.45
1096,1141.4
1100.3,180.56
1100.9,844.95
1096.5,1038.5
1100.1,700.47
1098.9,1162.4
1101.6,402.18
1107.7,416.56
1109.7,234.02
1111.9,930.26
1107.9,622.17
1117.3,106.6
1110.7,284.45
1113.1,79.948
1118.4,301.37
1118,883.5
1115.3,216.38
1118.3,711.11
1116.7,1100.6
1117.1,783.62
1124.2,145.43
1123.1,666.82
1126.4,809.49
1125.5,235.5
1131.3,761.73
1133.9,623.78
1132.4,1091.5
1132.6,372.12
1137.4,1013
1136.3,84.036
1135.8,1062.3
1138.5,110.5
1139,212.79
1138.4,1180.5
1139.8,172.86
1149.8,245.56
1147.4,1212.5
1147.3,758.12
1146.2,1148.7
1149.7,640.17
1155.1,560.94
1159.3,779.74
1159.1,358.66
1160.4,762.53
1167.3,119.27
1162.5,812.98
1168.9,408.86
1175.8,1210.3
1179.2,717.87
1180.5,1245.9
1177.3,1135
1177.9,1073.1
1177.3,761.07
1182.4,67.202
1179.8,987.18
1183.3,585.21
1188.3,804.12
1188.9,399.12
1190.1,170.7
1192.9,35.193
1201.6,95.442
1200.6,741.52
1201.4,575.51
1202.7,679.84
1204.5,529.78
1202.4,937.07
1205.6,1127.2
1211.2,418.62
1210.6,1234.4
1212.4,21.295
1211.4,655.4
1216.7,446.83
1218.9,640.21
1219.3,738.77
1221.6,789.29
1217.6,935.57
1219.1,1199.2
1221.1,663.05
1224,1098.3
1225.4,755.29
1225.3,227.76
1226.5,728.51
1231.6,3.5349
1230.9,333.31
1232.4,484.13
1236.2,1035
1234.4,111.04
1233.9,941.53
1234.6,802.25
1239.1,702.95
1241.7,780.19
1243.8,1194
1243.8,630.88
1245.7,48.465
1246.9,1015
