8.0513,545.87
6.5641,1040.1
7.9333,747.63
9.9136,123.02
9.725,1224.9
11.469,24.766
11.638,452.91
12.83,561.51
13.105,362.58
22.48,242.88
21.909,1030.1
23.579,865.11
25.174,634
31.672,496.13
28.726,1066.4
30.5,479
31,234
32.074,48.407
34.455,421.99
31.4,729.4
33,294.86
36.5,552.5
39.581,19.452
40.838,584.13
41.83,1180
42.364,6.8182
47.082,599.57
45.75,463.79
44.632,73.026
45.5,877
48.846,309.72
49.737,344.98
50.1,24.4
50.943,1116.2
49.926,839.44
53.74,970.88
55.773,435.9
60.853,378.58
57.043,1098.3
57.69,393.14
61.604,831.54
66.149,485.8
62.581,616.55
65.707,1060
65.4,22.6
66.421,701.11
68.541,664.08
67.826,734
77.227,296.77
79,581.24
80.586,88.552
83.288,692.85
86,115
92.02,267.71
90.704,359.3
97.579,24.105
103.1,360.15
103.71,438.55
104.69,179.17
113.46,418.84
116.88,311.09
116.5,869.5
121.08,65.541
121.55,1016.1
120.93,611.59
131.95,901.91
130.08,1023.9
130.57,594.61
132,381.68
135.47,356.17
134.8,230.7
135.06,213.09
135.66,928.23
138.02,276.36
139,106
143.06,315.33
141,587.33
161.29,454.42
146.1,500.29
148,583.17
153.07,422.7
154.36,619.45
156.58,291.77
157.47,912.18
156.93,491.36
157.75,609.15
159.05,344.41
168.5,430
170.63,581.03
170.39,797.14
173.29,1147.1
174.09,14.909
174.63,821.97
181.03,389.36
182.86,850.17
191.12,748.65
185.4,1231.6
189.53,464.44
189.14,62.5
189,545.83
195.6,684.6
191.2,910
197.03,1082.4
194.24,639.8
197.9,429.63
197.46,106.44
196.6,324.69
200.09,374.91
204.11,1132.6
209.05,275.18
213.84,256.9
214.21,527.5
218.48,507.15
231.7,632.59
219,68.5
221.4,1056.4
224,693.62
231.09,804.14
230.98,841.08
229.91,425.91
241.27,596
235.77,502.37
243.15,465.69
242.74,210.95
241.12,653.92
239.65,708.3
240.97,675.4
241.42,1035.9
243.42,982.89
248.33,28.336
245.78,876.46
250.29,525.72
248.58,846.84
250.71,706.43
252.63,514.17
256.23,637.28
255.71,663.29
261.26,457.23
258.86,573.81
259.08,1016.1
262.58,433.7
266.25,5.1346
268.33,852.23
267.43,673.61
268.46,1007.8
268.82,1168.6
271.12,505.12
270.97,1217.5
270.5,1246
272.47,1023.3
272.42,1146.4
274.09,690.94
279.66,924.14
277,70.321
276.96,521.59
281.81,477.23
280.73,803.04
286.57,975.05
286.88,790
296.36,376.36
296.07,527.8
296.73,1043.7
298.2,454.9
297,119
296.91,736.09
298.68,510.78
300.21,297.71
300.89,96.111
306.08,667.56
310,1131.5
311,68
316.08,655.72
313.05,285.12
312.07,1023.4
314.35,1152.6
314.91,766.19
315.12,974.65
318.06,58.139
316.95,368.41
318.86,1189
323.03,580.06
326,674.5
327.03,1080.3
331.67,1112.5
329.46,1058.8
331,163.5
332.88,411.42
338.22,64.182
339.62,101.44
343.47,1068.3
343.91,201.09
344.3,959.08
345.93,535.59
347.37,1131.8
351.64,401.97
355.27,642.45
358.42,442.81
361.33,574.66
359,714
360.74,632.71
366.07,219.02
368.05,837.57
369.2,506.44
374.24,1069.5
372.09,53.055
371.5,414
373.54,569.65
375.83,609.9
374.22,872.15
376,382.5
377.36,670.04
376.5,102.5
379,33.5
381.46,334.34
385.56,597.03
390.62,749.97
390.09,167.91
392.25,492.79
390.94,289.7
393.17,618
397.98,209.58
399,557.61
397.67,568.06
404.7,289.09
403.91,488.91
406.85,399.15
406.73,437.45
408.5,722.5
409.42,215.89
415,1245.9
417,875
421.76,772.48
424.31,595.37
424.03,703.9
422,237.38
428.82,132.38
427.81,1172.9
435.93,90.024
440.61,19.718
437,743.15
438.46,388.91
444.84,702.29
444.4,944.35
449.74,464.52
452.73,1131
456.31,27.037
459.74,852.92
458.06,264.25
460.74,206.1
463,425.5
465.13,726.9
471.34,592.66
470.5,1179
473.08,478.08
477.17,771.83
478.27,1239.7
483.7,1077.6
497.9,32.22
490.29,760.35
495.35,2.8846
500.98,1109.6
502.13,352.14
504.35,720.09
503.32,459.55
506.42,1084.1
509.4,161.6
514.57,598.26
526.58,607.89
535.55,1020.2
545.44,154.08
546,788.5
548.76,30.88
552.57,173.05
553.49,1111.6
552.89,791.42
558.86,539.84
559.09,297.91
568.11,398.31
565.63,168.63
567.06,1023.8
566.86,645.36
571,138
574.36,341.49
570.95,452.9
573.67,591.27
575.68,212.04
575.49,112.28
574.17,412.93
584.55,955.42
583.08,1024.9
582.67,519
585.56,470.56
586.42,442.11
588.56,115.2
592.11,709.58
600.4,140.59
598.56,532.85
601,412
601.16,939.43
604.13,1144.4
603.81,1191.3
616.92,58.114
622.39,100.2
615.89,433.57
615.32,84.136
621.62,461.62
621.5,111.5
623.3,212.21
629.92,714.08
632.39,1221.1
637.84,562.53
638.34,576.38
641.1,49.426
641.94,1196.6
644,114.5
644.91,419.95
655.22,663.01
654.35,174.45
659.73,77.112
656.11,1065.4
657.02,404.61
678.84,111.51
673,707.17
674.53,263.85
674.05,688.43
676,13.321
680.23,74.795
683.61,243.96
682.44,828.47
691.17,135.02
692.78,439.62
694.5,39.882
694.04,280.44
699.61,89.565
702.67,57
707.26,660.59
705.34,396.53
708.09,189.91
711.09,224.91
712.32,832.64
717.12,1140.9
715.92,1152.9
720.09,930.72
722.5,68
729.9,1145.9
731.77,55.983
732.05,953.82
730.8,1023.4
733,700.83
735.71,1188.1
735.93,1087.6
740.45,940.58
741.5,1069.5
745.63,566.82
747.91,1099.1
750.98,499.79
751,65.261
751.61,743.93
760.4,141.4
762.67,318
765.19,38.929
764.63,128.97
767.79,260.62
767.6,1208.6
773.59,1184.1
772.58,345.11
780.72,216.1
784.36,187.84
792.73,152.83
786,107.68
786.93,729.93
792.88,178.39
791.5,1049.5
808.57,1237.5
811.11,5.0886
814.55,425.57
816.34,662.4
817.24,276.18
820.28,33.05
818.5,832.5
825.98,882.91
823.29,608.45
825.9,534.49
830.11,1133.1
836.56,299.57
830.47,415.03
832.58,670.26
833.58,282.13
833.83,698.7
840.42,243.97
837.53,553.33
838.15,658.9
844.49,824.45
841.56,1132.9
857.5,773.27
863.84,803.04
861.53,885.85
864.12,638
863.07,611.41
869.73,857.66
871.36,728
878.77,673.2
877.09,908.91
879,114
883,625
884,641
892.5,1018.3
884.61,203.14
888.01,957.74
885.97,1111.4
888.58,1006.1
896.67,921.25
894.5,889
896.39,808.86
902.86,639.12
907.19,974.97
905.82,184.5
903.09,1091.9
910.14,35.857
913.07,1015.3
915.76,648.48
930.88,980.29
921.14,628.83
923.33,360.9
926.26,869.23
929.09,555.09
932.52,1010.5
932.12,149.84
932,681
931.58,586.89
936.5,564
941.56,925.08
941.9,1239.4
941.5,738
946.87,147.8
945.84,1036.1
945.61,318.28
946.8,81.2
947.94,182.47
955,751
959.08,814.92
961.58,363.11
966.8,1073.4
966.47,968.76
969.79,322.21
970.92,427.92
975.04,340.94
976.83,1138
981.43,384.69
981.33,1109
988.67,995.81
988.42,1113.7
995.62,674.64
995.2,1103
996,55.566
994.81,271.93
994.14,1143
998.41,1081.6
1002,689.9
1002.6,1171.6
1006.9,837.86
1006.9,856.82
1016.1,33.879
1015.1,1218.1
1013.5,238.5
1016.1,387.64
1014.4,802.89
1017.4,466.12
1026.3,311.53
1028.3,1106.3
1027.6,482.48
1033.4,417.63
1037,37.321
1036.6,54.105
1037,1114.9
1047.5,1102.4
1049.3,1038.6
1057.6,88.6
1056.9,476.09
1060.4,694.61
1064.8,71.25
1066.1,407.42
1070.6,644.22
1069.9,949.07
1075.2,478.53
1076.8,72.417
1078.1,735.88
1080.8,353.73
1082.1,614.59
1090,1059.6
1102.8,746.46
1103.4,621.1
1105.8,1125.1
1110.5,597
1108.4,646.06
1109,664.32
1110.6,874.47
1114,358.5
1122.5,676
1125.1,991.9
1133.5,270.2
1134.3,1043.6
1137,217.5
1136.9,794.92
1139.7,455.58
1140.3,865.45
1142.4,1064.4
1146.5,282.08
1147.1,389.64
1147.4,564.87
1148.1,1097.1
1148.5,920
1159.1,399.95
1161,840.01
1161.7,295.62
1162.6,875.08
1165.6,316.11
1168.5,233.34
1169.2,555.3
1170.3,429.72
1171.6,758.07
1172.3,264.63
1174.9,927.86
1179.5,291.16
1177.1,490.59
1179.1,865.93
1185.6,851.86
1186.7,465.24
1193.5,872.63
1195.7,950.05
1194.6,8.7143
1196.7,1088.5
1198.1,315.05
1200.9,1077.7
1208.3,822.41
1205.2,895.52
1204.2,558.56
1207.3,615.29
1206,932.88
1205.6,1106.9
1205.5,1164.5
1208.3,546.07
1209.6,592.51
1208.8,1049
1211,236.89
1214.8,59.608
1213,768.5
1214.6,211.29
1216.6,982.19
1218.1,1021.2
1219,911
1224.1,710.07
1224.7,250.57
1227.4,86.577
1227.5,155
1234.4,902.64
1236.5,616
1239.9,173.98
1236,364
1239.2,977.72
1240.8,789.05
1240,392
1243.6,1027.8
