1.8261,47.783
4.7576,167.46
6.8712,478.91
3.3673,872.78
5.2581,665.11
9.5,820.5
17.443,669.54
24.799,117.78
22.5,163.59
22.5,1213.6
27.055,286.77
25.457,590.8
26,310
35.93,190.47
42.109,83.63
43.552,964.54
44.714,1113.8
45.154,444.46
48.964,217.82
48.6,758.6
50.725,812.5
51.625,509.38
58.402,135.87
57.367,112.63
56.844,360.25
58.058,749.4
63.742,255.06
61.011,233.44
62.956,93.882
63.547,391.61
65.627,544.83
73.509,574.51
70.983,352.09
80.105,132.58
91.5,556
93.221,778.05
95.4,660.82
99.439,367.46
101.79,308.9
103.78,558.61
104,868.24
111.5,908.5
115.08,1132.4
116.61,994.57
119.42,505.12
124.58,105.25
126.45,151.03
127.47,129.28
129.77,972.63
135.24,823.49
134.59,345.11
136.05,398.01
134.22,875.31
136.48,1145.7
147.1,484.75
151.98,104.93
154.5,712.5
158.27,418.06
166.61,581.27
164.75,779.83
176.32,523.93
176.91,172.28
178.72,592.54
182.39,734.86
186.59,821.55
189.24,1151.5
192.86,1043.4
193.7,3.1964
197.07,456.12
198.71,948.71
199.4,473.6
207.22,1221.1
206.12,231.12
206.47,1064.2
211.01,539.12
212.16,184.19
219.29,623.48
218.25,592.84
221.53,1114.1
220.82,1238.9
221.08,923.59
227.44,210.73
238.81,1183.6
240.07,349.09
240.9,294.1
238.86,174.5
245.88,989.5
248.5,1229.7
248,1243
249,1247.5
253.69,1169.7
255.41,1183.7
255.84,47.871
254.55,239.59
258.91,482.34
257.38,525.18
257.47,739.07
258,29.826
260.28,1231.1
263.68,1125.4
260.12,229.65
265.42,945.11
268.73,1171.7
272.24,1244.9
278.84,986.41
280.97,800.27
285.37,497.48
280.44,813.41
286.09,840.09
289.88,1211.3
296.75,1010.8
299.92,202.44
301.14,410
302.5,61
304.47,173.96
305.36,332.98
305.25,1068.9
307.67,1246.2
317.32,816.75
317,688.5
321.06,586.62
318.8,197.56
325.46,1231
322.22,1109.6
327.3,184.32
333.94,298.93
337.14,685.02
334.54,771.33
334.21,1194.8
340.83,1086.4
335.93,613.59
337.44,946.69
342.5,261
344.85,1168.6
343.5,914.5
352.86,593.5
358.32,722.1
359.69,510.17
365.3,564.61
368.52,1225.4
371.79,628.5
373.39,733.18
373.08,596.36
387.51,107.76
388.45,249.3
389.68,348.52
391.86,624.32
398.11,445.32
396.56,670.13
396.17,1030
397.73,987.08
409.16,9.9887
408.5,544.15
414.43,521.79
418.75,599.77
417.98,765.36
423.92,1227.4
433.59,292.74
426.87,655.3
430.74,1159.7
429.09,594.09
432.56,1240.8
434.06,579.82
438.57,609.52
439.04,736.87
445.75,1108.9
449.79,573.16
448.07,870.44
453.55,709.36
454.65,1140.8
456.93,209.2
457.95,1194.4
468.21,330.63
471.07,118.41
476.68,510.96
481.63,271.75
489.02,834.73
490.19,1201.1
493.16,1085.3
494.59,90.819
495.49,657.47
496.39,1015.6
503.47,1042.5
501.64,179
508.51,335.64
509,1095.5
510.06,1192.3
509.93,271.59
514.43,506.72
521.03,1236.4
521.7,273.33
519.6,1098.6
524.62,850
523.78,919.62
527.58,7.1053
531.44,573.44
532,412.5
540.63,459.03
541.67,163.68
544.39,137.76
544.89,1031.5
546.3,1101.4
552.28,255.08
552.93,1117.5
554.64,780.08
558.58,425.51
560.93,1036.4
565.72,297.03
561.11,528.58
572.36,510.61
579.44,896.53
578.26,438.4
586.48,629.11
591.68,1073.4
592,576.15
598.65,1126.3
600.16,719
600.78,350.53
608.93,1050.9
617.68,1204.5
630.99,187.28
626.5,2.3571
638.25,913.7
632.07,879.53
644.12,1063.4
640.42,948.89
644.58,259.03
643.42,1153.9
650.18,414.71
648.6,473.34
649.27,1191.3
652.65,652.18
658.41,1158.9
665.4,51.507
659.38,458.18
662.83,817
666.26,415.87
670.56,4.2877
671.09,177.13
677.03,65.571
681.12,571.01
684.57,429.6
683.58,44.697
684.31,443.56
683,1081.5
694.42,633.26
691.91,899.09
692.83,1023
694.62,87.904
693.5,1056.5
701.67,252.54
707.19,99.486
702.53,321.37
701.6,458.6
705.83,1197.1
703.71,468.5
710.73,693.67
710.06,1157.2
714.44,542.88
725.21,144.21
729,1023.5
751.89,216.86
739.08,1088.7
747.1,645.08
760.25,512.58
748.5,693
756.17,356.04
758.3,631.32
755.57,492.91
756.92,667.92
761.73,84.196
771.93,724.91
767.05,1001.2
769.16,1167
769.57,321.92
776.98,401.64
778.79,565.81
779.42,241.43
781.19,921.48
791.91,198.82
785,623.5
793.22,811.47
795.94,108.43
798.02,3.4035
800.75,355.9
801.92,876.76
807.39,61.589
812.82,519.17
814,617.5
814,1198.3
817.98,894.63
817,204.5
815.8,579.44
830.03,136.05
820.97,65.656
820.15,603.46
825.94,222.59
828.57,21.758
831.91,515.03
841.72,710.94
836.1,102.02
835.71,383.38
839.96,1041.5
837.48,698.91
838.93,924.36
843.07,1082.4
842.33,70.316
840.5,397.5
841.05,410.83
844.76,641.6
844.91,660.25
849.68,469.55
854.23,423.66
853.5,38
856.5,1216
856.83,790
865.25,141.09
868.6,1062.6
869.07,36.935
868.14,49.5
869.14,557.39
871.63,469.37
878.06,580.44
877,543
879.88,1124.7
881.49,289.03
881.09,815.17
883.86,2.6286
896.14,785.04
891.5,12
894.4,520.16
894.95,255.01
897.23,904.71
904.29,1187.3
898.66,492.86
896.5,42.132
899.99,326.23
897.86,445.5
900.29,1082.3
904.09,564.23
905,937.83
912.01,958.06
915.21,747.25
927.81,150.73
919.61,994.14
922.46,1217.1
934,601.5
941.99,398.41
953.82,716.88
957.59,1182.7
960.25,52.301
956.5,351.5
960.02,1218.4
965.21,86.562
962.9,166.17
958.58,960.11
964.08,518.56
967.94,751.91
967.73,237.11
967.04,876.57
973.96,725.82
976.5,611.38
980.01,982.09
979.56,1214.9
980.57,121.98
984.48,472.34
992.13,318.19
985.59,871.93
986.87,1081.3
991.7,935
997.56,90.522
998.62,640.08
1001.2,941.3
1002.7,1031.2
1003.1,797.59
1009.8,924.97
1018.5,170.76
1023.9,1153.3
1035,1020.5
1035.3,886.88
1041.4,12.51
1039.5,200.43
1043.6,810.35
1049.3,386.28
1051.5,514.27
1055.6,405.39
1059,73.443
1058.3,1048.2
1063.3,957.87
1067.5,1110.6
1071,999.48
1070.7,347.83
1072,437
1077.1,377.86
1076,433
1080.1,615.42
1082.1,409.38
1084.9,1136.1
1087.3,556.34
1090.6,783.2
1093.6,709.41
1096.6,497.88
1099.1,875.36
1100.9,936.78
1106.4,8.5339
1103.4,555.58
1104,983.32
1105.3,1245.7
1108.9,113.19
1110.6,877.23
1123.2,764.19
1127.4,745.97
1128.1,486.23
1130.5,352.34
1130.5,75.5
1136.1,939.92
1133.8,853.62
1137.6,812.11
1141.8,504.23
1146,525.11
1146.1,45.127
1151.8,968.14
1149.6,595.5
1155.8,107.49
1159.1,93.971
1163.2,384.07
1164.1,864.13
1172.2,1018.6
1173.8,905.05
1171.3,759.8
1169.4,1246.3
1170.6,283.64
1174.6,342.48
1171.2,888.8
1169.5,1220
1174.2,1074.8
1177.5,209
1184.1,231.65
1186.9,1075.2
1186.4,1133
1189.5,897.18
1193.6,990.95
1193.4,724.3
1192.6,742.92
1197.2,1062
1201.4,387
1203.5,198.86
1207.9,596.55
1212.1,617.86
1221,333.73
1218.5,964.15
1216.8,1077.8
1229.7,408.55
1224.6,1225.5
1229.6,1012.8
1231,116.32
1232.6,338.11
1241,923.58
1239.8,821.14
1241.4,125.69
1243,1174
1245.2,298.32
1245.2,901.25
1246.4,975.53
