8.6115,14.497
5.8571,610.05
10.963,1198.1
14.137,327.74
11.926,514.59
18,691.5
18.729,1052.7
20.154,567.45
22.462,67.255
19.343,879.94
19.609,982.57
21.804,343.41
28.947,268.93
31.282,594.09
30.381,1247.1
33.405,578.68
34.475,634.58
40.171,432.02
40.026,514
45.388,551.62
43,685
49.364,567.95
60.216,505.62
51.984,1039.4
55.857,795.69
58.083,1057.8
57.5,197.5
62.434,260.29
58.375,441.66
62.679,362
66.741,722.75
67.338,474.68
71.831,798.72
73.956,28.026
74.633,923.63
82.019,141.75
82.112,396.15
85.656,864.92
89,253.5
92.902,1210.7
93.25,915
98.632,100.13
100.5,388.12
106.38,893.59
108.4,779.18
107.5,1228
111.4,507.46
109.5,747.5
110.41,352.06
115.56,46.364
114.5,193.5
114,268
116.59,295.89
114.5,717
119.53,243.72
124.53,735.37
129.24,823.39
131.46,786.43
131.98,961.22
132.77,211.69
132.13,947.22
132.05,224.16
137.53,925.83
140.59,545.38
142.44,3.2558
148.88,669.63
145.74,885.31
147.09,1086.9
152.95,142.57
150,592
154.53,358.22
156,107.5
159.26,542.39
159.15,747.34
164.75,644.08
163.6,1158.1
167.26,1245.5
165.81,1122.9
164.58,1141.1
178.14,391.44
174.5,465.01
176.91,623.91
180.12,538.24
179.96,775.94
183.17,219.69
188.73,489.94
192.06,1042.2
193.1,1170.6
200.69,663.09
205.72,677.96
207.53,1002.5
206.71,164.71
209.56,738.06
211.54,567.17
212.74,579.8
216,655.33
218.11,325
221.34,192.08
223.71,223.76
227.94,720.34
224.21,1242
228,399.17
225.89,1105.6
229.17,340.96
225,460.5
237.41,1197.2
230.59,986.11
229.42,1020.9
232.03,789.34
234,225.5
236.97,555.17
236.45,596.21
237.47,429.28
239,267.5
244.24,294.43
244.83,1230.6
244.43,117.61
248.48,715.57
250.87,397.8
250.07,566.02
254.82,795.84
254.61,657.71
252.32,334.95
254.32,1109.4
258.53,242.85
257.03,513.74
260.1,947.57
263.68,90.372
264.4,122.58
264.61,624.61
269.1,472.89
268.73,781.64
270.53,533.27
269.69,1040.2
273,874.31
279.99,666.81
283.94,895.38
286.9,1142.2
283.36,199.5
287.11,626.85
285.58,1082.6
290.14,82.61
296.04,922.67
289.22,346.22
291.07,702.19
289.54,881.71
293.46,174.48
298.04,279.81
301.26,503.68
301.05,755.02
299.36,298.23
299.09,332.09
303,190.33
304,141
306.78,848.78
304.83,225.93
307.14,343.53
307.9,131.16
312.94,60.764
321.09,1083.4
313.74,510.48
314.5,937.43
315.42,367.89
318.2,1108.9
327.61,534.81
326.03,549.36
325.2,983.56
325.45,1134.3
329,864
335.58,793.99
333.09,774.13
338.1,958.99
337.22,624.56
342.62,1079.1
338,857
343.29,159.44
339.83,332
345.57,111.06
345.54,942.08
346.07,607.41
350.49,300.48
352.33,480.34
355.22,516.14
352.1,1208.4
354.23,1069.8
360.71,1168.8
362.17,217.05
363.92,933.3
364.26,1117.9
365.62,67
368.99,147.56
366.58,549.89
369.5,626.5
370.45,478.29
369.68,812.56
373.99,1004.1
376.38,850.77
374.87,330.02
377.66,451.15
380.48,25.329
377.83,720.87
380.07,41.407
383.1,837.34
381.42,267.89
384.53,1112.8
389.33,976.63
391.98,574.08
394.08,158.92
394,508.5
395.78,132.16
405.9,687.6
400,608.68
404.95,309.07
404.68,668.64
403.82,1245.2
408.75,378.82
405.54,229.22
404.59,343.94
406.54,643.43
405.04,1003.6
408.98,1022.9
412.4,1056
415.29,1239.9
413.93,545.76
420.26,902.83
417.5,746.5
421.93,275.41
423.56,822.59
426.67,135.93
423.96,874.83
425.09,1132
427.66,340.4
426,1168
439.02,430.49
429.99,769.85
437.45,284.72
430.44,573.48
436.42,1104.9
437.15,84.747
434,178.32
437.45,635.05
433.42,952.89
437.88,870.88
439.52,166.2
441.64,399.97
444.59,528.08
446.39,780.43
446.09,545.91
449.4,17.397
451.81,1234.9
450.66,33.918
451.5,438
458.35,1136
460.26,740.49
464.87,314.18
460.92,352.6
461.95,363.9
466.35,767.35
467.1,223.8
473.65,206.42
475.18,605.84
473.2,66.44
475.39,793.86
476.91,1138
480.69,1243
477.5,452.5
482.11,196.51
483.54,546.09
493.7,243.89
495.56,119.6
492.69,632.59
492.94,135.7
495.05,264.35
498.44,647.32
497.67,556
501.14,68.958
500.67,474.9
504.52,159.52
506.51,392.09
502.78,1229.6
504.54,516.06
503.42,198.89
511.32,687.89
512.54,844.58
506.63,857.63
507.89,1088.5
508.71,1238.6
508.5,614.5
511.11,537.44
513.9,1065.3
520.74,658.83
515.81,39.857
516.64,617.18
518.45,1025.5
520.78,245.36
518.21,1186.1
522.17,920.41
523.41,550.07
528.32,62.891
528.62,371.69
527.43,1240.9
528,350.5
529.87,141.13
530.5,598
535.16,740.34
534.06,795.57
536.98,940.15
538.55,1062.5
541.56,814.84
544.74,456.27
543.68,426.42
546.68,680.93
547.04,7.4355
552,1116
552.84,351.26
559.46,864.23
556.06,1059.2
555.43,1109.4
558.71,288.94
572.67,724
559.46,895.74
563.08,1046.6
563.69,519.84
564.88,80.458
566.76,267.09
572.04,502.65
569.88,939.88
575.35,574.65
573.5,1111
576.71,1247.3
576.08,188.92
583.26,754.02
586.31,1068.6
585.18,25.046
583.61,114.86
589.34,2.7069
585.67,565
593.66,342.75
594.17,1042.3
595.58,1010.6
596.01,909.8
598.45,504.43
601.47,382.62
607.25,1115
603,293.68
609.08,510.19
613.04,606.51
610.84,102.96
617.23,942.53
615.54,1043.2
615.14,1138.5
621.03,367.38
621.85,476.62
620.92,1058.1
632.56,681.93
642.66,274.29
632.65,995.19
630.44,1203.5
637.46,357.28
639.9,782.31
636,88.5
637.19,139.14
638.18,574.61
648.37,710.21
644.93,861.55
642,52.5
649.05,167.22
647,1074
648.25,1026.9
648.96,1041.4
650.63,563.73
652.63,657.24
651.58,400.45
656.34,126.23
656.97,575.13
655.63,110.63
659.7,189.98
659.07,1064.1
658,587
661.77,8.5849
666.51,326.05
665.58,838.31
663.81,1031.9
668.02,735.88
674.56,982.79
675.74,770.06
678.36,356.81
677.14,636.91
685.86,1237.5
679.2,21.8
681,698
681.5,855.5
685.45,1212.7
684.44,1152.4
690.12,827.15
688.79,735.52
686.5,291
691.85,1188.4
689.42,163.58
688.93,661.59
692.58,435.58
697.5,84.118
697.38,345.97
702.56,630.82
700.26,724.26
702.52,934.38
702.6,1021
708.91,820.38
707.88,788.64
708.69,1187.9
711.84,300.31
715.8,61.521
721.55,846.38
712.17,246
714.93,669.65
714.15,373.71
721.12,1223
718.75,616.31
718,736
719.56,1243.2
719.29,14.714
724.85,1127.4
725.06,170.67
723.17,355
729.43,873.19
732.08,274.35
730.5,794
731,1165.5
733.31,767.91
735.69,90.473
736.6,597.03
739.11,1243.6
738.97,208.55
739.38,245.99
737.71,260.57
740.62,433.95
741.5,179.18
745.28,524.01
742.79,1176
741.5,989.5
742.36,1226
746.14,690.94
744.14,733.61
749.26,714.3
748.7,832.85
749.15,1088.5
751.31,942
750.66,274.47
753.14,864.74
751.82,252.84
753.57,766.25
756.97,618.87
754.93,92.259
757.33,561.24
759.36,16.468
762.29,979.27
759.35,1232.5
761.18,422.77
762.97,996.5
765.64,1052.3
765.23,96.774
767.33,740.58
766.26,564.31
768.55,386.64
769.44,754.97
775.47,404.68
770.11,1162.4
770.96,724.34
776.97,808.19
773.9,159.8
777.75,551.93
775.49,900.74
774.57,1108.5
778.87,603.71
785.92,912.82
786.94,731.69
795.91,662.98
789.57,957.94
792.34,635.53
796.3,421.25
801.56,481
796.53,617.77
797.41,1209.6
802.5,207.21
803.63,694.97
805.46,772.96
806.16,797.82
804.98,1118.9
809.86,584.57
819.91,996.55
819.7,679.33
812.11,441.58
812.66,734.38
813.48,825.46
813.46,191.78
812,558
819.12,323.74
815.82,519.6
818.08,1187.9
818.23,556.23
822.29,627.4
822.66,752.21
820.11,818.58
822.89,860.58
824.48,880.79
830.77,442.01
825.05,808.1
829.29,427.48
837.07,909.29
836.14,8.8929
833.94,1106.7
839.11,643.26
837.09,1060.1
841.6,148.67
839.78,170.32
839.42,1050.4
843.65,1008.5
843.02,461.78
844.2,778.31
845.69,425.41
844.77,818.42
846.88,660.13
847.57,865.06
848.22,586.93
849.19,846.62
847,5
848,10.5
853.84,70.81
850,181.24
855.42,988.35
854.93,626.32
856.51,1125.6
860.12,922.2
861.71,585.54
863.03,545.65
863.87,752.7
866.19,1198.7
865.93,621.07
868.18,792.35
868.01,830.5
871.68,643.9
869.63,268.03
873.15,108.93
875.36,34.201
873.25,897.04
873.97,316.44
878.08,1236.5
877.14,1137.7
882.1,514.15
878.09,78.909
878.91,738.44
884.99,111.54
885.48,165.05
887.48,887.45
885.93,1039.3
887.4,1153.9
888.56,617.72
890.24,266.49
896.89,639.63
892,731.26
894.83,870.94
899.2,319.06
892.5,363.5
898,553
898.6,1172.6
900.58,664.11
913.26,748.52
909.04,779.52
904.07,808.38
907.74,1046.6
912.98,906.37
907.72,390.2
909.91,850.88
912.52,59.246
911.05,623.95
917.18,542.91
917.36,656.32
921.66,253.94
921.9,809.9
924.29,46.395
923.5,1206.5
934.72,849.25
928.36,520.89
927,834.64
928.04,431.24
930.06,1132.9
931.62,396.9
933.49,503.07
935.49,777.86
933.05,531.1
935.44,810.41
935.44,1145.5
936.51,30.449
940.09,368.48
937.4,885.36
940.66,473.77
943.18,387.94
940.83,608.63
940.14,687
943.22,493.56
948.52,505.19
948.98,424.59
949.13,37.556
952.61,1161.4
952.98,663.43
954.45,1201.3
954.07,679.59
953,745
958.33,812.27
961.74,445.45
958.82,891.3
954.36,1009.5
966.27,475.77
960.16,724.87
964.65,33.564
968.95,542.44
963.31,773
964.34,1174.5
968.16,59.324
972.02,272.9
976.48,2.5172
972.98,987.42
984.52,1152.1
975.92,958.8
979.09,744.12
981.77,505.98
979.56,152.63
979.81,176.59
981.08,828.38
985.38,777.51
982.89,1177.6
986.97,199.21
989.7,137.62
990.06,868.87
1006.3,646.66
990.59,939
991.78,539.44
995.21,599.32
996.25,960.05
1000.7,792.79
1000.1,729.41
1000.3,1187.6
1002,321
1003.4,329.79
1006.7,1065.8
1007.4,1177.9
1008.4,125.47
1012.3,681.08
1010.2,207.46
1015.6,1033.1
1017.5,145
1018.5,595.2
1015.1,665.39
1018,502.9
1015,1119
1017.4,711.41
1022.5,276.64
1021.8,1084.8
1022.9,961.54
1030.1,558.47
1020.6,625.89
1027.4,1138.2
1038.5,668.91
1033.8,856.53
1033.8,1162.8
1037.6,2.6154
1034.9,631.5
1038.2,725.54
1039,455.63
1039.1,486.95
1038.2,1083.6
1043.2,818.4
1042.2,59.925
1039,296
1041.9,385.78
1041.4,142.52
1043.4,1036.4
1043.8,913.91
1052.4,509.81
1048.8,945.93
1048,462
1048.9,304.44
1049.9,626.91
1053.3,234.5
1053.4,1157.6
1056.9,689.18
1066.2,186.8
1060.4,562.01
1060.6,1138.3
1060.5,146.48
1064.1,163.68
1072.6,104.1
1065.3,583.19
1065.4,126.55
1065.7,415.65
1065,870
1072.8,650.48
1073.4,261.22
1072.3,343.24
1070.9,449.52
1072.7,460.02
1075.7,719.67
1075.9,498.58
1077.9,970.89
1077.7,953.29
1080.3,1121.7
1080.6,1214.9
1081.1,299.07
1087.6,928.56
1084.3,68.104
1085.3,580.26
1085.5,850
1088.5,494
1090.7,754.71
1092.6,683.92
1094.8,903.77
1093.5,532.31
1092.5,878.15
1093.5,629.16
1097.3,974.99
1097.9,298.12
1098.7,791.02
1096.5,1171.5
1097,126
1102.2,218.63
1104.3,4.6
1105.6,936.78
1102.6,1135.6
1103,400.5
1109.1,960.95
1107.4,603.48
1112.5,228.35
1111.5,509
1126,928.2
1120.1,1202.1
1122.1,175.13
1118.5,576
1119.3,808.68
1129,904.81
1122.8,680.35
1122.6,827.13
1122.3,1004
1128,447.45
1125.5,530
1131,1169.6
1129.6,391.93
1129,159.5
1132.2,363.07
1134.9,555.26
1135.7,59.544
1133.1,642.08
1134.5,992
1137.5,1108.4
1135.1,1225.9
1137.9,323.44
1138,408
1138.3,1245.2
1142.4,683.05
1140.5,1192.9
1142.2,277.39
1145.2,297.49
1145.7,802.28
1147.7,527.02
1148.5,922
1154.1,368.48
1156.7,907.36
1152.2,568.82
1153.7,840.09
1154.8,102.59
1164.7,1110.7
1159.9,782.61
1163.4,808.19
1163.5,729.5
1169.2,788
1172.9,982.28
1169,167.5
1190.1,909.27
1173.4,958.75
1173.6,437.54
1188.4,1068.5
1171.6,6.9259
1177.3,54.722
1185.1,884.97
1181.3,136.14
1174.1,214.45
1178,694.58
1173.9,360.15
1180.2,1.95
1179.6,664.97
1185.9,816.22
1181,365.67
1184.4,1174.4
1188.1,1144.3
1187.3,381.59
1188.3,486.34
1188,1234.9
1193.8,1051.7
1196,1166.6
1197.5,275.2
1198.8,570.83
1202.4,867.68
1201.1,303.78
1204,1140.8
1203,807.73
1203,216.14
1204.3,39
1205.4,486.68
1208,153.9
1213.6,589.05
1211.4,742.59
1216,441.69
1214.4,368.92
1215.3,1131.1
1222.3,786.28
1227.2,1011
1224.1,878.3
1228.4,905.87
1225.6,1027.4
1236.7,1103.3
1230.4,317.37
1239.6,770.12
1235.1,918.22
1235,1240.1
1235.3,700.59
1239.5,500.73
1242,805.51
1238.9,718.44
1242,108.6
1241,630.25
1241.7,27.914
1242.3,10.585
1245.2,305.05
1246.4,546
