17.79,42.006
6.3682,109.15
20.164,169.62
2.4348,549.39
3.3714,791.57
1.5,804
2.7302,1187.7
4.1429,312.71
7.0667,384.95
6.2931,574.64
7.6316,1202.5
4.8571,128
12.063,1149.8
26.438,119.64
12.778,710.22
34.303,369.44
16.833,498.21
20.138,616.38
16.25,540.1
19.723,653.4
16.324,197.95
18.288,634.83
18.448,674.96
17.5,1202
18.903,391
26.606,285.67
21.68,1013.2
22.5,62
33.564,979.25
34.823,565.85
30.255,1195.4
36.846,493.43
42.507,1238
41.295,58.087
43.714,1209.9
56.033,673.83
49.333,709.37
48,357.24
48.59,85.667
51.593,596.45
51.743,290.26
55.011,1143.2
57.018,105.04
54.842,478.68
58.214,1026.1
54.625,173.12
58.361,806.34
58.92,1189
58.698,23.837
61.089,218.19
62.832,620.8
58.667,838.17
61.043,880.57
68.052,341.88
62.324,604.76
71.263,474.74
72.003,407.12
67.433,1152.3
70.167,495.14
74.219,226.68
72.974,14.921
74.8,2.2333
74.375,288.62
76.529,109.54
83.175,580.76
79.498,706.4
74.045,1071.9
81.696,49.569
79.231,248.15
82.825,849.98
83.725,772.73
93.165,301.84
90.38,408
88.235,729.24
88.424,991.58
88.528,1231.2
98.955,493.27
89.5,605.5
100.82,874.06
98.388,1112.3
92.5,424
96.987,668.54
97.71,836.55
98.955,16.068
99,406
102.23,579.02
101.07,912.07
111.81,132.68
104.93,221.82
110.12,568.26
110.3,519.51
106.33,598.68
110.3,44.397
109.55,376.13
108.8,167.94
108.94,1082.3
114.34,775.36
112.5,233.5
114.5,408.38
113.5,1068.5
117.27,948.18
118.94,342.88
122.36,461.36
119.33,16.368
123.72,697.97
120.57,671.22
134.66,1204.1
130.75,189
126,253
137.18,299.67
132.25,780.82
137.79,598.19
135.81,974.82
148.1,339.38
134.8,373.89
148.49,415.75
135.38,211.51
138.92,450.99
146.63,847.34
138.52,503.03
139.5,544.5
143.19,747.59
143.74,107.07
149.85,162.88
146.85,24.692
161.61,671.68
145,725
150.2,237.34
155.23,546.23
184.24,463.24
155.56,724.11
156.2,1170.7
157.76,277.54
157.12,644.27
159.06,707.65
163.2,510.06
163.14,761.66
170.64,795.63
162.13,1001
170.5,241.74
169.08,301.03
164.01,1182.6
165.24,883.87
167.42,352.58
181.51,703.86
169,1072.5
170.62,179.4
176.59,1120.9
174.46,127.66
172.78,435.22
174,733.33
174.38,740.78
191.8,584.53
179.51,909.45
182.57,958.07
187.18,66.737
190.89,6.5395
185.71,473.92
184.86,241.86
190.46,92.915
195.58,195.97
189,800.67
196.25,974.51
191.95,1206
195.6,342.95
194.4,139.96
199.54,931.85
202.89,248.09
201.52,806.43
204.24,1048.9
198.89,1165.4
206.25,522.46
201.65,620.72
204.67,903.14
206.05,41.343
210.47,741.34
205.83,1145
209.27,223.09
210.72,354.38
208,393
213.79,642.86
209.82,1117.8
210.47,330.03
211.79,969
219.16,691.92
213.31,497.21
218.72,589.83
214.85,765.44
215.89,574.42
217.88,292.5
218.67,484.23
224.38,175.15
221.09,387.42
223.81,625.26
235.34,450.95
229.94,340.04
233.97,114.52
232.79,719.7
239.63,314.31
233.68,38.214
233.44,280.44
231.88,295.5
233.15,426.04
238.93,504.93
240.22,692.33
240.02,755.98
239.23,237.57
240.62,826.44
238.53,1073.9
239.65,1203.3
243.19,264.07
242.82,1181.9
243.15,610.42
243.67,881.95
244.29,53.286
250.26,571.83
245.6,815.6
247.49,781.18
247.5,103.5
249.55,383.98
251.71,283.5
253.02,147.25
252.69,647
257.9,1086
253.39,41.868
257.75,172.73
255,674.65
257.05,251.31
261.13,211
257.53,401.77
258.11,337.58
264.31,950.14
260.56,546.67
262.59,507.93
271.98,56.53
270.44,188.55
265.57,308.82
269.85,271.99
270.99,368.79
268.19,27.372
267.5,575.12
268,1123.5
271.71,153.41
270.65,1217.9
279.81,814.08
272.98,847.47
273.57,1024.5
277.68,627.6
275.79,718.73
274.96,980.17
280.2,594.26
281.91,1058.5
281.77,972.73
290.83,115.91
290.04,256.78
286.56,792.78
294.81,913.7
297.22,428.24
303.08,90.089
296.4,862.33
293.59,720.81
296.09,951.24
296.93,287.95
303.91,333.86
298.26,408.02
334.54,364.09
322.01,822.32
305.9,1150
302.42,573.83
301.62,649.48
301.56,187.2
303.44,629.67
308.62,146.16
304.4,512.04
307.64,591.26
309.87,394.39
304.86,1067.4
310.07,442.14
311.39,51.714
315.7,198.72
310.65,908.6
321.92,994
317.56,449.83
320.34,1172.4
322.11,31.132
318.35,228.15
322.65,1028.9
319.68,563.44
336.82,552.23
324,791
332.19,862.72
325.93,1103
330.41,1089.4
329.5,1237.5
333.96,204.04
333.43,459.06
338.44,161.71
343.67,407.51
340.43,490.4
346.33,764.71
341.31,903.85
342,190
343.19,952.02
344.68,658.88
345.84,885.55
353.17,322.5
353.77,675.9
347.81,1180.1
350.35,605.76
350.32,132.28
351.09,846.91
351.95,33.842
352.45,1237.7
364.31,81.461
362,848
363.07,1174.2
363.84,292.96
367.39,488.36
366.73,953.49
366.01,277.13
367.83,586.39
367.35,811.35
374.28,377.26
369.87,556.73
369.49,104.62
370.3,444.12
372.03,721.6
384.03,1130.5
370.78,3.4595
379.81,533.2
394.38,170.01
376.27,1200
391.62,119.21
378.47,620.94
375.22,878.97
375.11,993
378.79,11.742
386.54,936.77
378.92,965.46
383.22,1017.4
385.16,312.03
380.78,486.85
389.01,591.24
392.54,90.437
390.67,855.7
383.02,714.48
406.51,790.14
389.15,502.97
386.08,741.44
388.31,701.3
391.47,54.168
389.69,397.96
390.04,515.6
393.65,1000.9
397.63,1153.3
395.93,341.59
398.48,693.41
400.46,1104.8
406.45,704.37
402.14,314.8
402.59,545.39
402.97,462.53
403.4,507.08
407.35,296
408,654.5
412.21,558
416.19,840.45
413.78,982.62
420.14,104.67
415.95,532.08
419.22,852.43
423.94,734.97
421.13,256.99
421.76,513.72
422.58,974.13
426.71,566.99
432.04,675.85
425.96,400.81
431.7,314.71
431.3,189.61
430.49,171.41
432.62,1127.5
428.45,8.4194
433.64,226.2
441.29,419.68
436.87,443.56
429.75,614
429.83,1242.8
433.1,83.43
435.86,793.75
436.76,488.59
437.04,521.72
439.08,590.88
438.72,906.48
447.27,630.22
443.2,249.31
440.83,395.49
440.8,2.6591
440.31,740.04
439.44,926.97
442.28,337.97
442.13,210.36
445.53,142.04
447.28,709.36
445.31,778.3
443,197.35
449.26,844.36
449.53,809.6
450.06,666.95
451.07,1096.2
453.1,381.7
450.65,555
455.7,40.471
453.06,227.43
457.35,968.08
460.14,280.03
455.91,502.48
464.23,324.07
469.04,210.04
462.52,1068.8
461.75,261.94
463.21,743.57
462.17,589.14
468.48,366
468.11,653.03
468.04,167.44
469.28,870.72
473.43,842.17
476.61,84.555
483.48,686.01
476.43,982.37
480.06,512.4
476.68,476.73
490.65,561.1
476.66,674.31
482.6,289.5
479.4,777.4
483.75,1055.7
494.36,1011.5
491.61,404.86
491.82,884.48
491.87,654.06
495.76,424.61
494.97,1137.4
496.77,461.12
496,436.5
503.03,254.72
514.7,741.23
506.83,905.64
508.22,585.68
501.08,153.92
507.55,495.76
504.84,535.66
513.43,359.01
509.59,3.5625
518.38,1001.1
510.83,36
516.62,307.19
516.86,693.43
514.83,401.95
516.18,1055.1
517.62,169.66
516,818.5
524.14,627.9
526.91,845.82
526.62,1125.1
526.24,904.61
526.55,130.94
524.77,83.273
527.06,97.919
531.31,254.28
527.49,200.99
529.54,348.34
526.88,1105.4
531.42,285.89
538.24,410.92
533.64,463.91
532.93,500.8
536.37,700.43
540.22,45.929
538.3,603.5
539.35,788.35
543.28,978.8
540.8,833.02
544.16,1033.3
543.97,75.454
547.45,110.89
544.76,913.29
545.82,623.8
548.15,486.5
546.08,709.92
553.13,372.29
554.05,1245.8
555.39,306.37
559.79,850.28
559.85,149.63
575.21,204.75
558.38,601.44
576.02,924.17
558.94,461.63
569.14,515.18
560.87,74.405
561.83,257.06
566.44,999.09
568.17,412.32
571.01,646.14
574.26,882.52
567.67,466.73
570.52,1055.2
571.58,1237.9
574.64,628.35
578.4,133.87
574.06,601.52
573.68,1084.6
575.79,88.303
578.95,979.23
577.67,810.02
581.95,171.52
576.36,1222.3
584.26,448.83
581.5,776
587.44,315.85
582.59,414.47
589.48,1069.9
586.25,803.07
586.41,908.35
587.42,1221.6
591.74,430.73
593.98,612.14
592.91,1037.4
597.65,58.743
589.59,581.41
590.64,994.44
589.84,1142.9
597.17,478.84
594.07,1019.6
595.39,228.76
594.5,724.92
598.31,959.17
597.69,1246.1
599.1,559.14
603.5,42.475
601.44,651.39
613.66,969.61
613.12,277.22
604.22,775.16
601.83,833.17
603,385.5
607.4,1051.3
616.93,137.3
612.19,1005.7
614.12,1069.3
614.03,334.41
611.77,886.79
613.4,658
612.43,1230.6
618.09,931.22
616.8,509.2
619.13,1132.2
618.25,1165.5
621.54,3.4783
622.71,363.27
620.09,855.91
644.3,424.65
623.87,596.7
632.2,326.34
625.83,826
628.31,88.804
631.27,564.66
634.12,631.01
632.5,998
633.1,1172.1
638.58,108.54
633.33,671.36
635.92,539.22
637.2,212.67
636.1,1010
638.75,489.46
645.95,304.65
644,889.87
644.62,586.06
645.78,357.21
646.55,560.16
641.44,13.8
646.01,85.401
645.71,936.42
642.94,1098.8
643.56,287.75
645.76,36.753
645.48,1245.6
650.55,838.17
648.16,55.556
650.63,1200.5
649.36,523.45
649.35,1138.7
655.84,820.82
655.37,916.08
652.37,1108.4
654.68,773.37
654.58,502.55
663.85,522.76
661.15,659.77
665.2,301.26
660.58,320.67
664.17,638.57
663.6,804.69
664.57,1146.5
661.42,110.58
665.26,1231.9
670.19,893.01
663.93,1016.2
666.86,161.29
670.04,581.8
666.91,957.09
672.33,546.3
681.71,1206
678.17,748.77
675.11,502.57
675.29,15.747
676.02,115.55
676.38,1109.3
677.89,1050.1
678.7,273.52
681.63,39
680.61,261.13
681.22,294.58
682.31,447.91
688.41,178.94
686.05,526.73
685.52,585.71
686.16,939.56
688.75,1096
688.23,920.03
689.42,283.54
691.82,435.46
689.56,1078.1
691,413.5
692.44,1191.1
696.89,547.04
694.37,310.25
692.91,340.09
699.82,765.01
696.43,897.34
695.56,597.07
698.61,74.342
714.06,570.05
710.16,506.29
697.4,696.6
700.2,996.23
702.16,818.92
705.37,869.2
703.12,953.5
699.77,1181.8
706.36,606.58
709.6,114.44
711.94,191.73
710.43,285.84
709.02,358.91
709.97,1040.9
711.42,38.302
709,1191.4
709.9,895
714.89,383.95
713.57,840.5
711.37,937.63
724.52,57.503
712.42,966.11
712.6,734.65
721.42,714.33
721.64,1114
717.83,1228.7
724.93,805.13
728.51,904.84
740.41,1072
728.35,1193.4
725.31,158.74
729.08,1229.1
729.85,6.6854
736.75,22.894
730.97,211.95
750.36,475.69
736.38,224.21
740.73,1245
734.81,1157.3
734.5,427
736.8,607.73
735.61,348.14
738.45,679.6
737.64,279.45
741.87,383.76
743.09,520.95
749.93,1142.6
749.13,252.32
744.76,197.56
745.67,690.08
743.93,838.81
746.79,556.53
747,356.27
749.8,1008.4
770.7,871.2
748.17,91.87
749.89,595.37
754.72,330.6
758.33,722.17
761.11,30.581
759.4,922
764.16,451.75
761.04,554.2
761,313.5
761.68,1042.1
762.07,1167.2
761.5,353
764.48,638.41
767.56,128.85
772.69,207.16
763.95,1192.8
764.05,1231.2
770.51,165.08
776.24,73.411
777.86,915.59
770.96,937.22
770.4,374.96
774.37,813.34
774.26,51.507
780.67,741.46
775.92,1065
777.02,300.98
775.86,527
780,1240.8
780.56,31.779
776,1227
779.07,1195.9
785.46,137.91
780.38,645.29
779,1223
796.27,958.83
784.15,931.31
785.48,547.58
786.29,990.31
787.23,776.76
787.82,84.364
789.4,668.96
790.59,36.691
791.55,188.89
792.66,708.04
807.06,320.92
792.5,693
797,1014.6
795.32,401.48
794.97,887.18
799.21,1123
796.16,810.37
794.92,791.44
797.82,995.51
796.85,1146.3
808.02,206.81
800.7,275.57
800.3,1183.6
802.55,590.37
805.91,354.19
805.13,97.012
808.59,502.12
804.63,1030.5
814.83,161.4
809.97,766.45
808.75,36.616
808.32,697.34
811.09,874.66
816.14,1230.5
815.14,241.42
814.94,257.88
810.42,575.91
809.55,1039.7
817.42,387.06
823.63,446.27
818.52,700.21
826.33,750.27
830.75,216.69
824.23,1020.5
826.64,32.314
823.5,114
828.25,354.4
823.8,718.44
836.29,53.088
839.75,631.27
832.09,788.88
831.68,898.77
830.81,514.58
836.87,986.43
833.05,390.56
831.79,467.77
831.45,1087.9
834.82,835.91
832.07,1179.1
842.04,132.9
835.93,954.81
835.5,1056
856.47,849.49
844.51,432.82
845.32,503.13
844.17,807.25
843.16,1139.3
850.87,362.6
843.96,1110
853.21,229.61
855.15,738.43
850.26,882.75
854.29,931.11
854.37,1163.8
854.27,449.32
855.55,568
855.35,812.73
857.16,101.47
860.85,978.45
857.72,488.09
863.49,1196.6
862.06,585.89
858.32,1051.9
868.93,67.317
862.35,310.5
868.57,337.54
872.56,510.08
867.06,633.85
866.6,43.532
872.13,956.28
869.59,221.93
877.61,406.34
880.36,733.26
870.83,471.87
871.92,612.02
881.63,108.58
878.82,910.65
879.43,1136
887.09,562.76
879.74,449.88
889.92,1062.8
876,788
880.94,206.86
885.55,824.89
885.53,132.62
882.21,180.98
886.7,590.81
882.9,346.89
886.67,40.074
892.63,221.46
891.18,638.4
891.62,536.85
892.89,284.49
893.29,368.8
893.12,81.375
897.97,652.86
916.43,513.52
917.89,15.011
896,152.5
901.47,102.72
902.89,604.62
899.1,766.74
906.3,872.51
899.09,59.773
903.64,45.235
913.54,413.05
910.83,296.76
902,713.5
904.22,721.5
906.65,893.87
906.41,1136.5
915.39,1181
906.6,1234
914.59,85.04
914.21,462.45
921.42,701.06
929.28,339.55
922.51,677.33
923.39,382.56
926.86,992.47
921.19,74.491
924.18,909.53
925.53,967.47
918.6,1036.6
920.26,1224.6
922.05,924.21
923.54,107.96
924.6,616.83
925.5,757.5
928.81,31.468
933.31,58.384
933.27,777.46
937.22,1242.8
934.43,203.43
934.75,898.17
940.03,1182.3
937.04,1009.7
950.74,223.63
949.84,1136.9
944.01,788.84
941,842
948.11,59.75
951.93,367.6
953.79,659.38
953.15,1059.1
954.48,626.4
949.92,703.56
952.48,821.11
954.64,421.5
954.13,848.27
955.89,885.47
956.61,979.24
962.61,1085.4
956.43,20.213
964.89,276.72
954.24,1228.3
963.42,34.266
963.92,801.42
956.02,1189.5
957.71,561.55
959,581.06
963.04,145.55
967.03,1024.2
966.23,945.16
970.64,297.96
975.91,521.25
975.93,14.133
971.75,482.48
975.08,884.89
972.08,869.08
974.8,1208.9
979.57,378.76
978.43,711.52
978.41,841.56
978,965.09
983.85,336.05
980.17,420.57
980.11,654.13
984.06,732.06
985.73,868.43
984.92,1005.1
984.65,766.57
985,1025.5
988,1095.7
986.5,621
989.54,886.78
1001.3,807.43
1002.9,10.933
999.15,926.44
998.84,287.36
999.65,507.41
1004.3,584.56
997.24,986.74
1016.2,156.07
997.14,1220.1
996.43,710.97
999.49,356.16
1006.9,396.03
1001.6,830.47
1005.9,627.93
1001.2,529.45
1021.4,1123.3
1008.2,1198.9
1000,194
1004,87.509
1005.1,187.02
1003,947.5
1005.6,1024.1
1007.7,1063.3
1007.9,844.86
1017.9,1222.2
1015.6,709.98
1008.5,1166.4
1016.1,222.26
1014.1,345.16
1015.9,240.95
1014.5,38.273
1015,795.76
1014,80
1017.4,74.895
1029.4,964.26
1019.5,515.5
1020.6,688.91
1023.3,841.76
1023.6,820.97
1027.1,424.42
1028.1,1168.5
1029,122.17
1026.7,1156.1
1032.5,755.8
1051.9,606.29
1030.8,69.468
1030.5,181
1030.9,381.42
1037.3,1243
1037.1,581.17
1038.7,87.13
1035.5,365.5
1054.1,295.17
1043.9,890.3
1038.5,598.5
1040.7,23.5
1042.1,910.47
1049.2,1189.8
1062.3,163.68
1047.7,1003.7
1044,846
1049.9,329.24
1047.9,1220.5
1056.2,253.44
1050.3,1130.3
1048.7,126.83
1054.3,646.33
1052.1,139.5
1056.9,371.67
1058.2,847.4
1063.7,73.359
1065.6,1157.3
1060.6,692.16
1062.6,548.96
1060.5,475.23
1065,512.47
1068,570.58
1068.9,426.25
1071.3,32.687
1067.4,403.41
1077.8,770.22
1064.9,939.58
1070.4,634.27
1069.4,1194.5
1069.5,996.39
1070.5,310
1070.2,1020.7
1073,1217.4
1074.4,741.16
1072.9,969.5
1090.8,123.77
1079.2,438.99
1081.2,1040
1083.6,555.21
1088.5,470.68
1081,1211
1088,178.73
1092.3,979.18
1102.1,998.21
1083,1205
1098.9,895.61
1089.6,1243.6
1091.5,795.59
1095,812.15
1103.3,1139.5
1092.1,377.95
1092.3,659.92
1092.6,742.63
1093.8,921.58
1103.6,598.73
1098.6,27.478
1098.4,79.722
1100.5,1037.3
1105.1,1080.5
1106.3,257.79
1103.2,941.33
1108.4,629.59
1110,1193.5
1116,311.49
1110.5,72.5
1110.3,387.75
1114.3,174.47
1113.7,462.06
1111.5,762.5
1125.3,116.2
1123.3,435.43
1134.7,81.223
1120.5,863.34
1123,1067
1130.2,702.96
1127.4,567.97
1121.5,341.42
1136.3,11.992
1128.2,648.19
1126.6,404.46
1131.2,953.1
1131.8,822.81
1143.8,734.89
1130.9,880.43
1139.7,251.36
1131.2,784.53
1136.3,910.85
1134,986.2
1136,1154.4
1134.8,375.39
1134.3,1038.1
1137.5,183.77
1138.9,1203.7
1137.1,127.75
1141.1,1132.6
1143.2,325.77
1143.5,396.88
1152.9,670.68
1146.8,622.88
1143.7,771.97
1143.9,1058.1
1158.2,142.67
1147.5,823.71
1150.8,607.11
1152.6,717.67
1147.9,903.09
1161.7,425.68
1151.1,1150.4
1152.7,164.94
1153.2,1233.1
1153.2,207.13
1154.1,316.76
1151.9,524.86
1158,71.082
1156.5,334.07
1156.6,940.36
1160.3,18.096
1163.2,1128.4
1165.7,1062.6
1163.9,885.72
1159,933.5
1164.2,202.69
1161.9,837.07
1169.3,1164.2
1163,131
1168.5,1208.3
1168.6,293.89
1166.3,752.69
1174.4,169.87
1177.3,66.612
1171.3,871.94
1169.2,556.75
1172.6,592.25
1173.9,820.39
1171.7,1042.1
1172.8,1027.9
1177,45.857
1179.6,1184.9
1186.4,1226.4
1199.4,407.93
1179.6,615.83
1183.7,145.78
1188.4,246.78
1178.1,919.14
1184.3,206.62
1178.9,342.41
1181,878.5
1184.2,98.175
1184.8,552.23
1191.9,1062.7
1184,604.5
1191.9,1160.2
1190.8,1014.7
1195.6,117.19
1191.6,853.21
1196.2,985.81
1195.7,339.44
1199.3,1242.8
1197.9,681.61
1198.7,739.17
1200.4,23.701
1211.5,583.41
1204.6,607.65
1199.4,295.93
1201.2,53.845
1207.3,519.69
1205.7,237.46
1214.8,555.66
1211,453.44
1204,1149
1214.3,1073.7
1209.9,1036.7
1219.9,1196.4
1210.3,656.95
1221.2,334.91
1210.5,1147.5
1212.5,18.659
1211.2,157.21
1223.8,178
1222.5,433.7
1220.2,479.42
1217.8,618.71
1234.5,683.87
1221.9,30.395
1229.6,764.03
1225.9,463
1233.9,718.29
1228.4,200.78
1235.7,536.24
1229.8,94.923
1232,740.9
1234,661.68
1239,499.69
1234.8,398.5
1234.1,262.58
1240.2,313.71
1242,566.95
1242.2,1088.7
1242.6,88.721
1240.5,1153.2
1244.2,49.659
1243,139.5
1243.6,1179.9
1244.9,337.53
1244.8,214.62
1245.1,236.72
1245,107.5
1245.6,1240.2
1245.8,1202
1246.4,458.02
1246.2,584.39
1246.2,1120.8
1246.6,597.22
1246.8,694.26
