6.51,441.93
3.35,471.32
4.781,662.7
4.0962,890
6.2105,941.07
9.791,86.766
8.9062,425.06
11.909,545.5
11.414,228.59
15.586,488.22
18.347,519.84
18.744,633.47
24.948,64.848
27.447,806.68
27.639,857.8
27.351,670.6
25.451,1153.1
31,404.81
30.173,608.54
33.268,534.85
33,290
39.604,826.81
39.506,493.27
41.953,7.8118
45.437,566.79
50.125,731.9
48.908,315.45
47.213,1002.9
47.5,360.5
64.215,283.39
51.5,298.64
53.661,257.16
55.84,431.9
64.349,1170.5
68.468,18.068
63.091,608.91
64.5,405
67.055,896.55
79.736,241.11
67.083,170.08
66.895,998.42
75.192,390.07
74.085,670.47
78.736,430.67
77.639,315.25
80.841,193.86
87.923,301.32
80.442,93.651
83.955,347.55
86.827,147.15
86.044,606.87
86.456,678.46
94.317,391.33
91.105,928.58
92.5,573.5
98.634,522.86
96.389,169.86
104.75,82.353
106.56,47.445
101.5,501.5
105.99,116.06
107.93,954.31
120.26,169.48
108,206
114.08,229.89
114.36,390.76
115.03,370.07
116.08,1083
122.51,71.178
121.21,15.951
119.44,3.92
125.19,863.66
137.15,111.46
127.99,1059.1
127.51,139.37
132.91,686.1
132.98,190.33
137.13,1235.9
137.35,534.88
145.53,791.42
144.78,401.29
147.43,473.32
142,715
146.57,25.455
152.44,949.28
149.56,1056.2
155.33,862.54
154.52,91.723
158.31,134.5
167.1,570.2
163.13,658.46
162.58,6.4516
164.9,1035
166.81,47.347
166.5,247.09
165.57,337.9
169.73,881.35
167.5,606.5
177.43,802.09
182.35,220.74
190.11,19.579
197.01,172.74
191.09,48.909
196.69,430.74
196.03,967.7
200.82,583.64
215.4,193.54
196.9,293.42
200.12,344.54
201.4,510.84
205.71,615.89
204.02,662.06
205.5,1029.4
210.26,103.31
211.56,766.97
217.27,473.34
220.5,323.5
224.38,1184.2
227.29,224.27
222.9,866
226,40.654
226.67,486.57
231.78,400.93
234.16,384.18
235.39,743.28
235.93,436.34
249.25,166.79
242.94,847.63
245.23,295.78
242.57,389.64
245.41,261.07
251.4,885.59
250.39,696.24
250.84,609.07
257.92,535.62
252.2,1130.1
260.87,1146.5
261.89,5.1953
258.79,897.31
259.2,1200.5
262.95,132.93
267.39,81.698
261.89,497.42
265.32,907.02
267.04,799.63
273.76,586.74
269.37,329.37
272.39,364.23
272.77,236.71
271.84,429.18
270,996
274.65,189.64
272.07,1229.4
283.51,163.38
276.46,311.22
282.05,342
283.56,888.13
285.56,857.13
287.26,54.121
291.57,451.88
289.78,962.92
289.34,402.06
290.42,96.66
289,383
292.55,826.01
295.29,509.39
300.35,572.71
295.15,768.45
300.38,1101.8
300.51,63.67
305.3,85.235
306.85,538.41
312.55,601.33
313.13,1112.4
323.2,15.561
320,956.5
328.58,465.68
326.19,99.208
328.41,421.77
329.83,79.482
328.84,399.61
328,784
332.65,494
332.91,270.28
336.32,331.8
340.76,903.29
340.09,384.23
353.27,495.06
350.36,196.64
347.09,267.25
346.24,416.65
348.63,615.29
353.43,167.82
369.83,564.07
358.3,441.2
357.59,1037.8
361,245.86
366.66,28.421
361.84,204.43
369.8,874.4
367,940.68
368.56,612.94
371.67,706.12
377.43,439.85
373,382.41
374.03,365.57
382.37,1075.7
380.59,1185.8
387.33,840.82
383.2,934.68
399.56,25.487
389.01,200.24
388.08,537.62
390.67,961.33
391.02,655.08
395.95,128.37
401.89,488.32
395.71,280.42
396.23,573.68
397.93,687.14
411.44,358.28
399.88,526.35
403.94,878.78
408.93,132.1
406,819
412.21,708.56
411.58,180.23
414.45,292.68
414,645.5
418.55,77.422
424.46,111.25
422.52,1119.9
423.97,907.94
426.25,1028
435.02,678.42
428.09,214.09
428.46,569.08
436.41,184.33
440.31,469.18
441.1,45.721
441.29,222.71
443.63,489.97
441.84,580.02
442.08,712.96
444.68,763.74
446.46,847.53
447.95,987.34
452.69,628.47
444.58,1040.1
446.89,156.42
451.37,248.64
453.51,743.12
459.1,415.49
457.88,446.25
465.88,272.57
465.62,898.15
471.18,182.87
466.84,492.88
463.91,48.062
470.94,552.11
466.27,13.163
464.5,787
473.84,118.18
470,202.61
475.38,1174.8
475.16,719.16
484.35,605.35
483.35,342.09
484,140
492.54,500.73
489.22,80.897
490.7,183.36
489.59,737.07
491.05,917.94
494.15,98.912
495.21,1070.9
496.01,1003.9
501.64,115.22
503.93,241.23
509.33,192.76
514.84,581.7
509.29,32.316
511.42,935.41
511.88,321.5
514.12,101
518.04,737.78
516.89,399.02
521.05,132.97
521.29,206.08
518.86,781.1
528.31,823.49
525.73,844.83
531.03,498.4
527.82,1161.2
531.86,381.82
530.43,401.75
534.67,185.32
529.86,217.86
531.08,359.38
535.83,460.33
532.32,545.95
533,1047.2
539.75,641.85
535.83,1081.1
540.72,74.67
537.05,422.24
543.74,573.43
546.23,257.09
547.22,741.7
544.5,120.09
548.54,297.98
550.36,152.75
545.67,478.67
553.66,314.87
551.44,819.05
554.96,876.25
554.81,33.929
554,1080.5
559.17,990.69
562.49,505.92
567.48,963.83
569.35,163.84
567.45,907.94
567.14,446.14
572.48,687.25
575.25,354.42
574.9,546.02
575.41,507.46
576.92,575.58
576.26,138.06
580.59,467.02
582.56,1112.9
585.44,100.29
590.05,604.43
600.04,673.68
595.29,506.85
597.63,1061.4
601.09,1180
599.27,315.89
599.74,365.52
597.26,1103.1
605.13,209.69
597.44,247.08
597,929.5
599.49,1239.3
600.19,289.19
600.39,166.57
601.54,1216.1
606.15,935.34
606.44,420.83
607.65,608.8
608.68,727.55
608.77,849.39
607.55,335.92
614.92,1127.8
615.96,94.97
622.81,13
619,1060.5
623.59,453.9
625.97,80.326
627.18,743.85
631.22,1241.8
629.5,98
633.99,937.62
632.52,1159.1
630.38,921.38
634.12,521.25
633.62,853.38
633.91,1086.1
638.23,218.93
647.5,407.68
635.23,467.5
636.38,1042
638.34,1191.7
637.22,541.37
638.58,668.5
645.48,905.35
645.83,280.08
650.98,1125
654.2,970.85
649.96,1041
655.86,346.45
648.42,87.105
676.21,41.283
657.07,790.17
657.84,76.516
656.42,676.89
658.07,540.59
662.89,614.32
667.14,447.92
665.89,559.9
671.39,322.55
673.17,867.97
670.84,488.7
668.91,1138.1
670.04,1169.9
677.04,234.38
680.51,1234.7
681.34,364.43
686.07,294.58
689.25,696.3
682.44,721.08
685.7,785.62
687.14,1086.2
688.54,1163.1
687.87,1128.2
692.9,609.06
690.8,756.11
691.56,493.46
690.46,941.91
691.95,194.43
693,797.5
697.87,429.6
695.41,19
696.93,89.952
698.11,326.42
701.55,579.79
704.77,1023.2
706.26,102.09
705.17,227.05
707.16,359.13
706.92,67.407
706,334.5
710.64,813.33
717.97,181.57
714.65,752.16
712.44,861.08
722.35,996.66
717.14,645.61
720.77,897.69
721.89,1160.5
721,271
729.92,696.79
732.54,715.2
731.33,802.27
729.42,587.11
731.96,1141.9
735.85,974.3
734.87,317.52
734.5,115.5
734.55,289.42
737.14,473.33
745.69,956.32
745.19,1073.9
749.66,177.32
751.51,1031.5
745.17,233.02
746.23,440.86
751.27,861.54
747.17,515
752.78,1233.9
755,283.48
754.97,425.77
759.15,320.98
756.52,918.13
762.7,13.744
767.21,624.92
769.18,542.63
777.53,567.32
771.22,753.22
769.7,230.22
773.44,171.08
777.43,1146.3
778.87,599.34
777.86,905.86
781.32,1018.3
784.86,812.39
787.74,1085.1
797.55,610.05
808.56,257.14
793.81,1012.3
794.65,1205.7
795.58,918.45
798.4,856.71
798,1048.2
797.47,1156.2
796.48,328.27
803.07,1245.9
800.59,828.41
806.92,65.481
810.88,921.01
817.75,1016.8
822.69,136.34
815.92,527.25
812.93,217.81
812.77,900.92
821.62,877.08
818.55,679.98
820.35,802.73
822.14,1053.1
820.41,231.93
822.77,829.03
822,1134
836.21,275.91
830.76,947.81
833.5,1134
835.14,709.61
834.46,1209.8
836.88,148.18
837.58,966.29
843.65,319.03
839.92,9.4737
838,305
841.64,1110.1
847.67,238.77
842.4,300.4
847.5,870.18
846.96,446.59
851.86,752.14
851.49,836.48
846.38,22.308
849.68,481.77
850.28,930.73
855.01,619
855.39,16.015
854.21,116.28
849.62,340
858.12,1194
864.91,504.53
862.93,1157.6
863.83,433
868.08,596.98
873.75,675.99
880.39,994.12
873.22,812.73
875.53,651.06
881.01,79.864
881.31,896.95
887.72,934.66
883.65,446.35
889.51,323.49
887.13,710.72
888.9,164.83
885.91,220.58
887.21,281.07
888.41,428.01
890.07,1152.6
889,491.17
893.14,66.586
893.69,956.27
895.49,205.1
898.43,761.36
896.08,181
898.57,541.76
902.08,597.45
898.91,1191.2
904.93,369.43
900.5,562.62
902.11,405.58
907.72,491
913.88,937.9
916.93,1128.4
910.5,466
914.68,232.05
924.04,519.57
922.07,1111.2
920.07,378.59
924.5,256
936.58,302.96
936.47,1236.2
936.74,885.19
932.57,334.1
931.44,1170.2
935.1,933.28
932.23,693.84
932,208.5
942.1,191.24
937.95,915.77
943.38,123.82
941.73,825.56
944.17,631.42
947.42,220.42
944,106
951.7,654.22
949.62,1031
947,101
950.54,841.81
950.88,1118.4
953.91,351.76
952,908.71
953.55,937.1
956.41,1095.8
973.45,681.9
957.44,251.34
961.61,736.13
959.46,947.54
962.9,31.919
962.84,149.21
972.83,655.22
967.31,877.09
962.65,1049.6
963.5,233.5
971.78,220.66
973.76,1155.8
974.98,95.426
982.37,341.15
977.09,73.938
982.45,735.39
978.56,13.2
980.02,484.12
992.28,252.71
980.42,303.58
981.54,194.58
992.48,36.226
991.32,721.8
991.06,1043.4
1002.7,140.38
998.75,173.7
1002.5,296.86
1007.1,640.36
998,97
1000.9,230
1004.7,371.19
1004.5,476.71
1013.1,265.09
1008.4,1131.5
1012.2,753.25
1014.6,1011.2
1010.5,171.5
1011.1,1148.7
1016.9,1060.2
1019.3,1086.9
1019.1,515.91
1015.9,864.86
1018.2,331.29
1018.1,1234
1022.5,93.206
1027.3,388.5
1027,987.05
1022.4,1243.1
1025.1,370.77
1033.3,947.76
1029.4,1177.1
1028.5,1027.2
1028.7,238.09
1033,253.78
1031,162.78
1033.5,1089
1037.6,605.13
1039.1,331.5
1038.8,840.44
1040.5,726.67
1049.7,771.97
1046.5,888.18
1047.4,325.43
1048.1,45.579
1050.5,345.61
1048.7,556.14
1052,254.17
1055.3,932.93
1059,266.23
1063.5,327.43
1061.2,1043.5
1065.4,81.838
1063.7,1078.2
1066.7,493.13
1064.8,853.98
1067.7,278.04
1066.7,430.88
1068.2,1135.9
1073.8,370.35
1070.2,236.13
1074.7,1222.6
1073.8,456.46
1077.9,987.35
1079.4,404.54
1077.6,126
1080.3,761.9
1086.8,16.173
1081.2,6.15
1084.9,818.61
1082,51.368
1089.2,245.33
1082.6,788.11
1084.5,1119.2
1089.3,74.338
1086.5,885.27
1087.1,437.42
1090.7,567.12
1091.6,654.77
1088.4,741.86
1096.9,906
1093.2,58.932
1095,427.36
1093.9,312.41
1096.2,47.132
1095.1,328.95
1099.4,510.56
1100.3,401.33
1110.8,301.91
1106.3,1192.1
1105.4,35.826
1103.5,332
1107,231.13
1108.7,696
1113.1,823.19
1109.8,198.99
1112.5,320.06
1109.8,582.54
1110.5,911.2
1113.6,927.43
1113.1,117.22
1120.6,1160.9
1120.2,975.75
1117.1,1027.2
1117.8,848
1121.1,140.43
1121,389.29
1122.3,610.3
1124.9,33.673
1124.4,639.34
1127.1,275.31
1128.4,290.74
1128.4,1187.2
1129.7,674.8
1132,2.6829
1132.6,336.7
1133.4,161.59
1135.7,411.59
1137.2,871.01
1133.9,989.48
1136.9,439.17
1136.4,704.36
1136.3,391.65
1149.6,302.91
1145.1,718.82
1141.9,830.04
1143.3,766.88
1141,72
1143.7,264.93
1141,637
1142.5,331
1142.9,531.09
1150.9,473.79
1153.6,28.995
1147.1,216.14
1154.8,631.2
1156.3,1191.6
1155.1,272.88
1156.1,490.49
1161.9,697.49
1165.6,155.49
1161,205.44
1164.4,735.85
1166.3,1095.2
1164.2,976.41
1165.5,1012.1
1162.4,549.89
1170.3,880.82
1174,217.3
1172.5,994.83
1170.6,374.43
1174.5,622.94
1176.9,1175.2
1174.7,140.38
1178,1041.6
1183.3,121.82
1180.8,363.58
1186.5,577.44
1189.1,184.9
1189.7,392.65
1189.5,893.5
1192.4,696.6
1192.6,1191.6
1196.3,406.11
1197,66.821
1195.1,561.02
1196.7,96.086
1195.8,1222.3
1198.8,210.35
1195.5,250
1199.4,728.83
1198.5,788.68
1199.8,900.84
1200.1,1060.7
1201.3,529.37
1206.5,933.61
1210,275.12
1209,102.12
1210.7,605.83
1214.2,890.36
1213.2,1127.2
1217.1,200.68
1212.1,563.41
1217.4,1105.9
1222.2,504.01
1226.2,919.79
1222.3,1066.9
1231.7,444.88
1227.1,645.55
1228.9,1124
1233,1149.4
1226.2,1234.7
1229.8,41.338
1230.4,1087.2
1228.6,557.89
1233.9,984.91
1235.1,877.41
1232.5,578
1239.9,284.68
1239.8,1168.5
1243.7,1202.3
1244.3,72.535
1243.4,1224.6
1245.4,322.75
1245.5,423.75
1245.4,865.56
1245.1,1087
