2.7692,334.67
2.8,361.4
2.2667,907
10.973,1200.4
3.4038,1231
13.308,744.27
20.941,557.74
16.515,1237.5
18.909,913.95
32.601,500.15
33.823,232.21
28,340
32.954,462.32
33.704,273.49
30,352.5
33.81,1098.9
33.5,338
37.845,551.94
42.109,252.37
46.943,1165
47.25,1215.5
49.679,2.8929
50.889,603.17
54.926,52.397
51.118,385.5
56.306,871.06
68.052,374.15
65.575,1090.7
64.651,300.24
66.826,484.67
71.859,577.97
76.469,661.42
77.725,641.12
77.948,497.39
79.884,607.88
80.576,404.42
84.495,254.59
81,887
83.885,53.038
85.22,474.73
86.282,1059.1
90.871,285.97
92.593,177.93
96.607,833.68
101.93,337.59
103.32,923.02
108.32,500.07
105,1092.9
111.93,362.53
113.66,126.19
114.3,714.77
114.91,926.23
121,542.5
124.32,931.22
124.48,571.02
127.91,345.84
127.35,555.71
125.58,6.1053
125.91,189.09
132.23,58.256
130.43,882.06
130.6,174.6
141.25,309.32
138.19,359.9
146.03,600.18
150.04,69.168
147.5,354.5
150,4
151.93,509.32
154.42,647.89
158.58,1162.5
162.92,352.5
160.23,618.21
159.12,979.5
160.09,287.09
164.89,422.65
168.54,6.0892
170.8,290.94
168.39,401.02
168.23,816.12
172.06,996.31
171.17,160.65
172.41,366.07
178.71,477.49
176.5,408
186.18,1086.7
189.96,548.31
187.23,332.23
189.28,1077.9
189.89,1152
195.37,462.02
195.38,428.97
197,305.5
201.21,405.27
199.13,863.47
201.45,323.51
202.07,472.95
203.33,768.31
203.16,392.6
208.35,340.12
207.64,527.35
207.56,961.33
210.28,90.617
208.5,739
210.94,939.31
211.93,559.95
220.38,821.29
224.66,1081.1
227.06,572.25
226.5,606.5
229.31,858.43
237.55,225.43
234,1145.3
236.67,731.63
248.53,592.07
239.11,1246.3
242.82,473.21
241.68,638.81
238.92,824.15
244.86,771.8
249.49,849.87
251.14,241.71
248.53,446.77
252.24,132.19
257.7,26.336
254,360.83
258.83,469.99
258.03,377.74
262.58,514.39
267.14,256.56
267.41,451.09
263.04,602.42
264.13,637.87
262.83,950
267.61,132.4
265.53,368.47
272.26,1161
282.89,687.42
288.61,1038.3
289.47,979.9
290.11,613.58
293.78,89.384
299.64,779.48
299,170
305.74,438.5
308.38,120.41
304.42,93.576
305.45,82.414
305,1030
307,156.5
308.64,358.6
311.04,564.97
310,1053.4
313.65,59.898
313.03,546.09
315.12,177.57
315.58,333.45
317.91,281.69
321.36,996.78
317.78,794.68
326.71,649.87
325.63,760.17
323.07,495.56
326.24,96.5
332.14,577.1
329.65,1027
336.2,52.305
331.6,605.6
332.91,216.09
336.61,541.91
336.41,1035.3
337,480.25
338.58,359.7
340,243.5
340.09,529.91
339.58,1049.1
347.78,302.43
349.13,426.95
348.58,279.42
349.63,390.47
353.54,453.98
351.5,97.353
353.83,175.73
355.5,406.78
356.74,1134.7
365.97,190.35
365.03,488.47
363.08,271.08
363.61,1203.3
364.63,1071
369.43,797.74
372.56,47.222
375.81,536
378.56,589.22
388.19,269.88
389.9,1114.4
390.3,48.364
391.88,408.28
390.65,1054.9
394.57,690.93
397.99,259.72
399.71,23.529
401.07,798.93
405.15,208.23
410.19,286.38
406.36,192.32
408.92,1044.5
414.55,448.23
411.9,138.38
414.03,175.03
417.32,78.237
420.44,707.08
421,721
424.43,226.1
424.06,40.906
429.05,750.4
433.63,573.93
432.77,358.23
438.25,236.97
442.59,547.41
446.64,942.72
448,747.68
461,402.5
462.05,723.54
464.67,140.56
474.11,488.19
471.32,328.9
475.26,234
477.85,160.05
487.36,101.54
488.07,710.95
491.43,6.8852
494.76,184.25
490.5,743.5
492,418.74
496.34,146.52
497.61,86.672
497.63,656.56
497.75,624.75
498.42,365.89
500.5,997.5
505.11,1106.7
504.05,351.38
504.5,702.5
508.54,883.78
509.63,1125.2
515.47,732.33
514.45,628.29
523.5,366
526.14,627.74
526.07,333.59
526.96,958.57
528.05,673.68
528.09,90.091
536.26,564.26
539.19,51.362
542.18,159.57
539.6,292.4
545.46,63.923
547.54,847.63
550.49,654.68
556.44,100.75
555.86,641.32
558.66,489.38
559.5,379.5
568.97,398.99
563.87,127.13
573.59,46.962
573.52,132.74
577.64,953.62
579.4,402.6
584.19,1023
583.66,1218.9
588.38,120.82
594.31,975.46
594.85,937.73
605.06,107.25
607.77,228.24
606.22,69.699
605.98,137.6
607.91,529.5
608,719
610.75,434.56
612.51,92.125
615.2,994.19
613.4,508.29
617.47,1244.4
630.62,97.465
627.64,51.236
628.41,322.07
633,630.35
634.98,336.39
641.09,929.88
639.4,913.36
641.66,298.73
646.52,1194.1
648.29,186.29
651.15,61.701
659.5,4.3333
658.78,203.29
659.86,754.41
658.5,1059
663.4,70.253
667.15,424.58
664.63,973.37
665.5,722
668.65,48.721
670,290
669.5,311
682.86,79.434
677,551.32
682.91,1077.1
689.96,1223.7
685.67,57
689.17,1047
690.8,5.6304
692.44,139
697.24,651.51
704.05,79.894
704.09,983.91
704,456.5
706.5,1217.5
708.93,854.93
714.02,625.9
714.22,1063
717.82,331.6
718.74,410.82
721.54,923
720.94,17.257
720.5,1038
725,105.76
731.5,360.5
734.91,893.09
745.33,164.12
745,7
745.9,1184.4
751.94,771.55
756.77,67.07
762.66,129.73
765.49,1131.6
762.8,680.2
768.92,221.49
771.34,11.321
765.72,535.47
769.74,1216.1
774,99
774.37,796.37
781.01,1126
779.69,204.35
781.27,517.27
784.07,412.59
787.9,37.625
797.92,1230
803.1,10.62
806.42,990.55
808.5,1195
813.94,231.32
812.07,719.41
811.92,736.44
819.74,1094.8
820.5,202
823.77,1198.5
825.71,996.71
832.71,46.883
829.42,256.89
840.15,1247
846.99,294.78
847.96,1184.1
846.71,919.39
849.88,591.58
848.43,841.61
855.18,1130.7
853.07,561.41
855.67,575.14
858,318.5
860.44,1196.1
863,475
863.67,501
866.47,1239.5
871.4,614.32
867.34,887.59
871.73,337.9
869.98,962.14
871.67,444
872.26,465.74
872.63,1144.4
875.28,133.83
876.5,585.5
878.1,1199.5
881.71,950.46
888.13,866.44
888.98,683.39
888.73,895.73
897,855.5
897.37,1138.4
901.11,626.91
898.89,1236.4
905.38,571.26
901.31,1200.8
906.46,1226.2
909.01,741.41
908.69,984.7
911.52,198.45
914.11,1026.9
912.41,1002.6
914.46,608.51
913.03,1139.6
918.5,1048.5
920.21,1113.5
923,937.07
927.43,838.47
929.33,680
930.83,1017.4
934.41,300.27
938.6,581.73
943.39,346.31
937.84,371.13
940.88,909.98
941.61,275.14
942,813.71
941.5,1162
949.89,210.79
948.41,616.07
950.27,1035.1
955.85,801.65
956.58,27.97
957.38,378.67
959.97,459.77
961.27,166.28
961.61,776.81
963.24,436.33
966,195
966.07,571.59
969.98,999.05
970.62,889.33
969.02,1103.6
972.25,1173.8
972.29,415.93
973.02,801.23
973.55,619.44
978.65,367.21
987.5,378.65
997.59,672.58
994.77,163.63
998.47,1085.1
1001.6,1014.7
1005.9,960.48
1018,943.62
1020.5,1149
1019.6,788.11
1031.7,117.06
1033.1,892.08
1036.7,383.55
1037.7,1156
1041,821.81
1042.7,137.17
1047.6,988.77
1045.8,939.56
1058.1,954.42
1055.2,844.25
1053.9,434.05
1060.8,129.63
1056.9,39.5
1064.4,689.97
1069.3,676.93
1075.3,390.84
1073.9,1025.9
1078.3,15.627
1079,476
1083.9,659.09
1090.6,1100.7
1094.1,1157.9
1099.6,929.52
1100.9,449.59
1108.2,604.84
1110.1,808.03
1107.1,645.91
1109.5,793
1113.1,663.42
1119.8,868.84
1125,40.701
1126.2,986.46
1127.8,835.12
1125.4,1070.6
1126.9,79.917
1131.6,434.25
1126.4,822.32
1130.5,1060.2
1131.7,860.71
1136.3,297.22
1138.2,600.92
1136.3,147.15
1134.9,476.42
1135.5,693
1134.5,719.5
1136,813.5
1146.1,90.532
1143.6,327.11
1146,821
1149.6,300.58
1156.1,667.71
1157.9,347.19
1159.9,926.38
1160.3,863.71
1165.3,838.04
1166.5,702.5
1172.8,598.58
1174.3,565.74
1173.1,870.02
1174.7,236.85
1179.1,259.78
1176.2,462.93
1175.9,698.85
1184.3,719.75
1182.4,544.36
1185.3,512.82
1185.6,46.548
1187.9,1047.3
1192.9,946.95
1195.1,310.31
1198.6,889.97
1198.5,593.08
1198.5,361.5
1200.9,580.59
1202.5,1096.7
1206.5,420.5
1214.3,935.96
1210.7,584.05
1214,351.14
1217.8,674.55
1217.1,556.91
1219.6,689.11
1221.9,1013.9
1221.7,1088
1224.9,521.64
1227.7,943.49
1224.5,435
1225.3,1023.8
1233,359.05
1231.5,207
1239.6,907.51
1234.5,456
1236.9,964.1
1238.4,232.1
1240.6,539.76
1238.5,611
1241.9,482.55
1243,72.25
1242.2,83.625
1242.1,942.5
1245.1,682.79
1245.6,597.56
1245.8,1025.9
1246.4,415.28
1246.2,843.27
1246.6,41
1247.2,385.32
