10.021,295.48
3.9747,499.23
12.271,813.01
2.2917,881.21
6.9487,263.1
9.1039,783.38
9.9625,274.61
10.416,534.26
14.33,722.69
21.159,572.17
18.432,154.95
23.907,263.81
25.135,640.45
26.8,288.7
29.165,74.823
27.5,277.5
33.696,504.89
31.407,725.96
33.105,271.58
34.571,30.571
38.367,288.63
41.405,10.291
40.5,801.5
47.337,49.967
52.995,123.11
50.942,955.1
53.136,150.69
67.074,222.56
51,334.5
56.125,770.97
56.616,445.93
61.015,407.12
67.5,1049.3
72.568,371.05
84.805,59.207
86.051,352.85
84.444,548.89
94.292,1042.7
105.45,325.85
103.94,346.72
99.5,555.12
103.64,1234.8
111.31,121.09
108.79,1110.8
118.95,670.62
110.42,6.7736
110.95,65.073
111.88,1220.9
116.62,38.966
118.03,501.6
122.27,182.41
125.59,321.34
133,456.39
139.41,7.542
135.5,616.25
138.5,1221.2
142,258
148.11,316.19
147.78,480.62
154.59,743.82
154.97,59.769
156.52,175.79
153.28,1035.1
155.94,840.08
161.71,612.7
169.4,271.61
177.4,319.63
171.97,450.75
173.02,415.21
176.29,390.51
176.48,81.98
174.58,993.2
173.5,104
180.3,729.56
178,943
183.38,974.16
187.64,220.56
184.17,822.77
195.34,402.42
188.17,484.56
190.88,998.06
191.1,153.29
206.41,443.87
196.91,614.88
200.2,18.85
200.32,509.53
202.57,565.84
205.41,126.13
204.03,1014.9
207.18,156.56
210.67,181.33
216.15,772.18
215.91,463.74
219.82,1031.1
219.94,1213.7
225.26,2.8148
230.94,1162.6
233.4,562.46
234.21,215.3
242.19,544.8
240,944
246.65,280.2
243.88,254.35
246.07,190.19
251.53,817.94
256.8,696.22
260.4,596.88
269.57,1227.6
264.5,484.87
296.05,97.374
286.96,537.33
288.96,365.04
292.57,796.44
300.85,572.75
294.19,1206.3
296.09,476.91
308.96,208.29
309.97,305.51
313.36,482.8
317.82,981.46
315.18,1173
314,2.9231
314.71,1027.5
318.1,58.048
316.42,1138.1
321.8,599.75
323.05,425.57
326.84,645.6
326.02,44.05
338.45,539.82
337.67,181.58
341,902.58
340.76,657.44
340.65,413.94
342.61,1185.2
356.23,663.61
357.39,676.39
369.05,870.78
363.07,9.2558
362.62,42.625
365.74,1093
368.74,241.55
368.38,194.38
378.01,53.7
375.36,838.75
380.36,961.32
382.21,1113
387.09,30.785
393.99,1136.5
396.94,102.69
395.52,277.86
398.17,332.07
405.91,166.02
409.58,807.91
409.13,1007.1
413.97,690.48
412.52,915.27
415.42,944.17
412.12,1180.5
412.84,597
410.17,890.13
413.78,1082.1
416.74,900.17
423.2,733.28
419.14,755.14
426.91,926.01
426.81,777.69
438.7,487.35
432.96,880.55
437.42,229.94
435.93,285.47
434.07,609.59
448.41,307.18
444.43,210.61
448.88,49.346
450.88,1142.1
466,194.5
472.36,951.29
470,438.92
472.07,1226.8
473.75,216.03
478.4,692.07
480.5,9.5
493.09,186.88
493.95,570.01
497.24,985.38
494.09,897.09
496.22,411.54
502.9,1189.2
500.91,1151.1
514.38,1238.1
506.49,1207.5
512.42,943.89
518.78,599.4
518.54,1016.5
531.26,1185.5
523.41,298.93
529.44,152.17
528.04,897.57
535.21,1116
533.09,262.9
535.71,187.31
535.55,1208.5
538.41,910.45
546.09,290.63
546.04,1048.9
550.35,251.88
550.86,694.86
552.89,838.42
554.42,34.105
559.79,58.204
559,530.59
562.57,655
565.17,912.69
568.4,950.78
571.46,787.16
572.6,77.33
572.52,98.087
581.31,899.62
580,281.62
585.08,360.05
581.39,1020.5
583,400
585.59,1245.5
587.17,639
591.75,1031.5
602.07,6.7383
604.95,844.12
600.41,53.074
611.36,960.77
605.5,1104
605.4,60.4
613.27,91.922
610,363.32
611.97,54.429
615.98,159.73
616.5,981.5
621.9,1050.5
620.79,465.03
623.26,1179.6
627.6,29.191
630.43,213.09
631.77,688.32
631.66,1187.9
630.95,307.19
635.16,72.636
633,270.76
635.07,1139.5
638.07,326.59
643.06,15.551
648.64,164.54
647.56,958.35
655.17,258.17
660.04,731.03
666.14,1094.3
668.65,446.85
666.91,598.09
672.18,1172.4
671.09,995.05
675.5,1075.6
679.16,48.36
677.63,270.73
682.99,958.3
682,725.08
691.12,409.23
688.91,1158.9
693.02,290.58
694.96,26.4
702.45,692.71
710.87,826.94
707.92,250.9
706.08,357.2
712.88,1099.8
706.86,146.86
720.94,164.44
715.41,623.92
715.79,369.55
717.95,214.9
726.07,382.71
724.06,634.66
730.18,272.68
733.84,774.13
733.22,1031.7
728.92,1088.1
732.36,441.68
741.76,716.05
746.48,734.15
743,389.5
746.24,971.07
750.02,584.06
748.77,308.19
749.8,442.47
748.5,130.5
752.05,1028.4
760.58,632.02
763.61,1207.6
764.61,305.11
768.08,177.46
763.65,404.15
768,1223.5
774.65,88.782
772.26,1115.9
776.79,225.55
775,972
781.73,124.42
781.56,1166.4
788.69,275.49
780.28,1124.5
783.38,768.6
796.19,651.99
794.98,1178.9
798.3,158.81
804.72,898.97
797.95,332.19
799.79,940.17
803,731
807.18,570.7
808.18,1043.1
807.64,595.41
809.41,178.36
808.86,120.9
807.91,344.23
817.57,736.1
819.05,1246.4
818.21,283.74
819.82,294.79
821.43,712.56
821.98,1162.3
828.61,577.68
838.79,648.64
846.5,236
850.46,1015.1
847.88,254.38
858.88,695.95
853.16,750.24
851.06,954.1
857.4,572.43
854.89,1117.4
861.06,897.5
862.9,45.475
864.61,2.6429
866.22,281.46
866.39,916.73
871.67,545.09
869.29,590.29
876.18,1234.9
878.32,373.75
883.05,1017.3
879.07,553.86
894.24,878.9
886.89,444.24
892.15,772.97
894.16,187.78
892.33,834.92
890.59,967
898.51,727.58
897,1232.2
903.76,906.39
904.64,785.24
901.62,172.62
914.88,105.34
915.54,571.12
917.36,1094.9
932.37,779.09
920.05,608.56
935.89,990.5
927.46,872.68
925.31,907.06
927.96,1029
926.85,930.02
928.37,839.03
930.44,856.84
936.79,721.24
935.5,1115.3
935.88,956.85
938.24,935.49
950.74,815.55
947.64,887.33
953.48,1050.2
952.12,839.87
953.99,158.35
954.96,524.37
951.93,1088.2
959.75,1107.5
955.05,489.99
955.1,677.58
955.08,430.44
965.4,1026.6
960.77,636.43
961.02,894.91
979.3,969.67
972.19,593.74
1026.2,886.33
976.35,1010.5
975.78,183.15
974,148.17
986,857.36
982.13,1127
1007,1065.7
979.5,899.2
985.09,877.43
986.06,431.34
992.47,812.15
987.5,884
992,4.0253
992.02,688.86
997.11,1019.3
1000.6,767.66
1025.8,992.67
1001.4,342.63
999.38,1231.8
1007.6,1219.2
1008.4,532.16
1013.3,969.82
1013.3,574.69
1013.3,267.99
1012.5,1134
1014.9,611.47
1017,1121.7
1021.9,358.43
1022.3,1138.4
1023,699
1031.1,1024.8
1035.5,761.58
1034,955
1048.9,1104.1
1043.1,933.85
1046.1,955.61
1047.4,130.11
1048.7,171.25
1048,318.14
1051.7,153.64
1054.4,804.94
1057.8,458.59
1061.8,1242.8
1060.5,580.04
1063.4,474.47
1063.3,556.79
1064.1,652.52
1067.3,134.13
1064.8,1018.5
1066.1,719.88
1082.8,820.04
1069.5,312.31
1072.8,633.38
1073.9,13.337
1070.6,1042.6
1103.3,960.24
1074.3,996.33
1081,472.65
1074.9,739.47
1077.5,1109.2
1080,921.5
1085.8,771
1094.5,858.3
1098.7,1026.7
1095.4,516.5
1101.2,428.65
1102.4,885.79
1100.1,1055.1
1102.7,53.072
1102.8,494.8
1105.3,1094.1
1107.7,112.87
1111.6,846.48
1110.3,2.7667
1109.6,548.93
1112.5,756
1111.1,476.91
1115.8,1131.2
1136.3,883.76
1118.9,1094.8
1122.5,1069.9
1121.2,835.7
1130.7,1136.9
1136.6,306.13
1134.2,1219.2
1137.9,968.81
1141.6,802.66
1134.4,927.67
1140.8,1041.2
1134.7,718.76
1147.7,234.9
1145.2,7.7973
1144.5,945.98
1147.7,1186
1154.1,992.24
1150.1,344.39
1154.7,1090.4
1149.9,376.35
1149.9,1236.9
1172.5,813.84
1153.2,123.51
1157.4,32.425
1156.6,723.25
1155,854
1161.1,938.97
1162.7,1158.6
1160.6,1055.5
1161.9,138.42
1165.4,773.54
1195.7,1055.9
1170.5,881.82
1171.3,428.01
1171,657.61
1178.2,1101.4
1182.2,923.45
1182.9,955.72
1197.5,981.75
1184.4,1029.2
1185.5,1245
1192.4,884.89
1189.6,563.86
1192.6,656.93
1195.7,1217
1195.1,821.46
1198.6,703.12
1203.6,862.45
1210.3,181.19
1206.8,238.93
1209.5,875.69
1210.9,258.31
1213.1,1194.6
1211.4,122.78
1210,325.5
1213.6,654.85
1211.5,802.55
1210.4,1098.1
1219.6,915.03
1222,770.57
1224.8,375.58
1224.4,932.54
1230.7,995.01
1224.3,1159.5
1227.5,596.45
1224.1,894.91
1223.2,61.13
1228.8,561.9
1227,873.5
1230.5,816
1229.4,961
1230.8,201.79
1231.3,253.28
1232,41
1233.1,464.91
1236.9,914.81
1241.9,884.23
1243.2,409.2
1243.5,342.48
1241.1,584.74
1242.8,56.44
1244.9,805.74
1245.7,531.06
1246.5,119
