2.3333,62.19
3.3393,103.36
9.2885,462.18
4.1636,707.02
2.3429,783.4
3.2549,908.69
2.7917,931.31
4.0625,692.09
7.9138,1245.6
8.913,796.29
10.5,49.886
14.406,919.41
19.679,646
19.042,142.96
19.333,554.44
18,731.68
22.829,783.21
20.333,160
29.526,699.58
35.901,854.84
27.514,395.41
25.227,524.23
34.849,67.834
30.706,1004.7
28.579,14.105
29.468,732.79
31.845,174.76
33.065,241.59
36.729,922.79
34.275,3.65
33.231,528.27
42.159,724.76
45.533,117.36
46.758,473.81
48,520.48
47.074,713.59
51.59,384
49.207,816.79
50.094,1063
57.237,417.87
54.217,1134
58.272,353.15
62.695,984.69
59.358,135.94
64.563,57.496
63.79,573.16
69.551,480.55
68.168,587.09
64.579,730.11
69.393,259.61
71.778,4.8778
70.447,804.94
78.994,924.43
71,650
80.887,997.2
73.812,1239.3
85.168,1227.5
77.703,1036.7
82.241,665.72
79.346,778.12
80.654,961
89.078,587.91
84.966,432.9
95.233,541.24
84.061,737.45
93.659,208.08
90.585,974.44
91.812,1020.2
91.839,751.9
95.143,272.43
102.01,148.3
100.9,831.75
101.87,1038.1
102.42,258.42
103.91,1118
104.93,236.78
109.17,992.06
107.9,646.33
109.17,871.7
112.18,736.87
110,496.5
111.64,948.03
112.32,125.05
122.76,923.35
117.48,1123.2
120.54,484.91
118.18,572.95
121,402.5
126.34,630.94
120.16,710.65
119.93,750.59
122.7,852.78
128.96,555.62
130.83,508.88
128.76,1043.9
128.86,1136.2
133.07,1021.5
135.71,735.85
135.9,948.39
138.22,247.09
139.22,1155.6
137,656.96
143.38,390.44
138,893.86
140.33,444
145.17,975.5
149.31,335.13
148.63,885.6
149.21,49.474
148.91,189.5
151.16,69.525
152,253.96
152.15,1072.3
154.55,1204.2
152.88,690.35
155.95,926.36
157.32,1142.3
153,1247
156,1014.1
156,651.5
157.73,945.4
162.15,369.35
165.58,450.84
167.1,1226.8
168.81,169.24
165.75,266.61
166.7,854.92
165,1212
171.95,329.25
186.6,947.45
173,1011.5
176.01,1128.2
175.95,588.05
175,341.5
178.91,688.09
182.71,918.99
202.49,972.57
188.46,822.65
186.27,425.04
192.58,94.986
194.41,386.11
199.57,279.58
200.27,433.43
206.25,116.49
204.13,932.01
200.19,997.81
203.41,324.51
205.21,581.48
202.51,135.06
207.8,1036.7
213.62,1233.6
210.18,1175.7
208.4,1130.3
214.64,493.47
211.59,998.93
216.78,544.36
213.52,944.44
218.2,469.95
212.5,822.5
220.66,1013.8
217,318.41
223.61,905.82
226.14,593.51
222.77,995.37
223.55,1049.9
223.93,259.02
232.27,1175
223.84,1246
230.75,723.15
225.98,1030.6
223.33,1068
225.44,647.5
229.29,828
229.02,941.34
233.82,661.21
238.46,1073.7
236.33,759.16
236.52,1022.1
239.66,624.32
235.07,1220.6
243.99,8.3952
238.03,125.46
240.65,1245
241.1,474.29
240.53,780.07
241,741.38
242.5,412.86
245.14,506.31
242.89,525.92
247.64,316.35
246.99,376.57
245.8,51.44
246.89,663.42
247.94,424.55
253.87,645.09
264.37,1232.3
249.42,889.89
252,1075.5
253.57,448.69
255.79,1112.4
254.7,684.54
255.71,300.02
258.72,361.77
259.09,951.32
259.67,1034
258.23,341.49
260.52,788.61
259.64,555.14
274.19,1068.9
283.45,929.33
260.86,69.143
262.29,658.71
263.57,892.54
268.07,94.844
268.18,117.43
264.59,351.06
267.99,609.84
269.42,673.53
268.2,168.24
268.24,962
268.59,1013.6
273.92,403.39
270,497.67
271.17,643.66
274.19,265.24
274.25,470.68
286.48,832.98
275.06,1112.9
327.41,35.647
280.9,291.1
289.96,431.78
282.88,137.29
305.89,1003.6
290.88,852.58
291.71,258.68
288.5,889
298.46,288.98
294.82,1116.6
297.06,97.553
295.77,1041.7
301.75,81.918
301.12,309.58
312.88,1091.3
302.09,576.74
303.37,860.5
311.54,368.33
314.93,1027.7
317.12,66.832
320.3,896.22
319.45,582.61
322.3,1193.4
326.29,862.5
320.87,344.16
324.8,555.23
321,820.5
325.59,958.06
326.31,524.57
326.16,379.55
324.08,882.92
324.5,910.39
333.5,1242.3
327,270.25
330.87,1039.3
327.5,979
333.21,420.18
330.08,365.92
334.82,722.46
334.45,676.96
337.3,539.46
338.6,107.28
341.44,703.6
336.59,757.66
342.92,666.6
348.17,374.32
347.09,243.91
351.73,1015.2
357.55,1055
349.14,130.14
353.04,628.75
356.17,253.91
350.11,1246.6
353.64,962.38
351.56,482.92
354,1199.7
354,159.14
357.69,767.39
357.93,1185.4
362.95,889.5
360.61,1107.9
364.86,550.63
364.07,155.02
364.75,316.36
362.77,525.06
367.46,572.1
366.12,1005.7
367.58,117.03
375.28,44.614
372.11,1017.9
374.12,652.23
382.39,98.938
372.57,1069.6
378.17,838.88
376.98,853.41
380.18,70.295
383.18,456.95
382.66,371.28
385.43,540.09
380,667
387.05,677.29
395.01,501.72
388.7,812.16
387.38,138.18
393.99,258.62
397.49,953.84
392.69,696.05
398.65,899.93
396.55,87.97
403.92,1165.7
398.56,109.56
399.75,562.22
407.62,587.52
406,1142.9
406.39,134.3
408.11,41.421
414.69,446.08
408,996.5
414.89,211.29
420.24,418.83
418.56,56.306
421.68,953.52
423.41,280.46
422.07,1052.4
419.41,1179.1
424.02,1235.8
437.45,1206.6
427.15,1143.9
429.95,90.284
427.52,190.67
428.32,18
429.46,481.65
437.14,816.66
432.35,1169.2
446.22,343.9
439.4,763.72
434.89,647.39
433.42,1226.9
440.67,179.88
437.63,157.5
436.5,849.5
439.58,1081.1
444.6,307.29
445.1,1131
446.74,935.81
456.05,95.096
447.93,701.59
450.36,531.88
451.1,1191
459.98,864.77
459.24,834.19
466.64,1034
468.26,1081.2
459.65,1231.1
459.49,326.48
462.28,813.82
461.91,930.78
459.91,214.52
463.34,283.58
462.82,718.02
465.5,55.5
470.92,311.53
467.8,451.44
473.5,239.5
475.49,916.37
473.68,474.41
474.86,1153.2
477.9,843.36
475.5,397
480.39,189.43
485.66,973.94
487.21,37.529
494.64,316.11
503.97,343.82
491.6,842.08
495.93,1233.3
496.81,283.25
498.41,807.33
493.83,919.3
499.11,1186.9
496.98,609.55
496.88,1145.1
511.86,1075.6
504.68,1013.1
508.07,606.87
506.85,258.65
510.68,1139.4
515.8,920.13
514.63,204.37
517.39,1024.6
547.26,725.28
518.59,441.55
518.43,836.71
517,1119.5
519.11,614.3
536.34,7.2799
531.41,858.82
533.69,839.23
556.45,284.09
530.5,152
534.99,1051.8
535.93,1015
547.63,414.23
550.58,948.97
544.6,361.6
546,991.7
547,325.5
551.37,494.59
550.99,1088.5
553.65,528.84
558.53,555.53
563.45,934.09
564.25,157.67
564.29,1207.5
567.79,1187
566.42,186.76
567.18,1117.9
568,377.5
570.89,2.3214
573.61,458.92
571.9,435.25
575.14,526.53
578.52,1241
573.91,320.02
579.03,359.1
575.38,1020.1
580.89,1151.9
580.02,410.35
581.81,248.38
581.55,723.62
584,23.321
589.23,1085.8
588.21,90.615
586.5,431
586.22,544.44
590.69,615.65
593.1,816.57
587.42,1129.1
595.56,503.33
589.93,736.83
596.13,1191
595.73,539.02
600.14,967.25
597.88,423.93
600.99,189.69
600.52,305.46
608.87,925.25
608.52,764.76
600.5,798.5
606.01,22.416
603.76,213.24
607.25,1006.4
610.98,1125.7
605.67,1227.4
613.64,172.4
614.96,644.12
607.81,317
610.33,809.6
621.63,462.76
614.79,1179.2
618.47,432.16
617.68,478
617.54,1192.8
618.23,343.53
619.19,774.26
624.47,1215.6
623.12,495.17
627.16,229.01
623.55,261.58
629.94,1123.7
626.11,319.42
631.71,290.27
633.56,1235.7
630.5,18
632.5,408
631.5,722.5
632.8,777.63
635.8,204.58
641.37,638.69
642.15,1082.1
651.93,446.91
648.27,869.67
644.96,572.85
649.43,594.66
651.17,382.48
651.01,1069.6
651.23,263.78
648.09,886.05
649.5,895.72
651.45,1139.5
649.08,851.08
656.08,474.44
656.12,1024
668.68,523.52
653.95,628.41
656.21,207.42
656.81,912.02
660.23,956.71
658,574
662.55,243.21
667.15,622.56
665.23,1108.1
669.06,190.92
666.92,271.86
665.67,1065.3
670.65,1181.7
672.36,1008.3
669.42,1148.9
674.5,569.11
679.39,893.41
678.92,1154.3
674.95,636.9
675.58,1227.1
679.19,1215.6
683.6,1243.5
688.76,154.79
681.98,400.42
686.85,954.75
680.7,1192.7
685.6,24.5
682.42,618.89
686.06,66.803
692.19,267.3
685.19,769.88
686,1112.2
689.7,871.25
693.91,1097.7
691.5,117
695.41,739.24
696.7,1064.4
694.09,1166.6
692.29,376.76
695.52,423.08
698.33,1080.2
710.71,386.98
714.48,769.64
699.25,802.7
699.22,791.73
711.51,1237.9
709.36,200
706.17,331.74
706.87,582.32
719.14,1136.2
707.87,551.02
709.75,1028.5
709.36,569.5
711.29,1179
715.1,1155.6
726.28,322.27
716.14,497.1
719.89,849.11
718.08,714.5
718,1016.5
723.05,1216.8
729.88,823.26
725.09,236.91
731.94,607.18
727.5,170
739.02,375.66
728.64,592.32
741.08,214.86
730.09,571.91
733.55,183.18
742.58,579.13
735.01,988.45
735.33,1179.5
735.94,399.56
736.36,802.82
743.73,509.69
740.54,933.31
739.56,1098.1
750.9,58.411
744.5,470.62
758.4,871.98
754.57,754.1
745.5,675.5
747.56,713.42
753.51,89.526
750.84,292.9
748.29,315.35
758.07,234.62
752.91,590.41
751,722.5
757.05,400.31
758.44,502.42
754.64,461.73
758.35,780.26
757.18,420.82
756.5,149.5
757.88,472.59
762.87,566.36
761.68,691.95
760,790.5
764.24,1135
769.98,128.62
766.82,982.75
768.96,1093.8
765.34,380.54
773.03,641.31
770.95,397.62
767.37,417
769.09,546.22
767.08,784
768.31,1179.3
767.91,251.91
768.95,611.2
776.49,926.77
773.3,4.2424
779.45,240.68
783.02,475.27
790.52,613.28
783.53,318.17
783.08,33.118
783.72,894.33
781.38,1076.2
782.65,1170.5
787.87,185.6
788.86,109.27
787.5,229.7
786.5,353
787.79,434.45
792.99,392.53
787.88,1046.3
792.74,156.03
794.39,244.48
793.53,575.67
797.56,520.37
792.25,864.83
798.17,967.23
807.09,312.57
798.29,460.22
795.91,688.09
801.97,1109.6
804.87,412.15
802.74,1172.2
800,52.5
801.01,941.13
803.65,543.66
803.34,216.16
805.65,492.76
810.38,742.75
805,1060.5
806,909.76
809.73,1008
806.91,1031.5
808.5,101.5
808.26,565.19
808.5,1041.9
815.38,31.712
814,570
816.11,493.42
820.24,1026.9
820.22,1227.3
820.67,1133.3
824.21,648.08
826.4,809.8
825.74,849.85
825.27,1246.3
823.93,1006.6
832.01,832.58
828.28,383.83
830.23,33.347
830.4,221.77
830.42,604.45
838.19,283.59
832.16,457.19
832.77,734.98
832.36,1140
833.88,856.88
835.67,963.15
838.47,696.94
844.77,508.42
838.08,1027.6
845.29,148.17
849.06,394.42
841.5,429.38
850.11,745.92
843,126
844.94,1085.1
847.39,630.36
854.12,178.73
847.91,207.91
850.53,1193.5
852.79,485.24
853.93,613.81
854.33,1133.7
859.85,813.35
864.72,249.15
860.27,377.86
860.86,1200.1
859.27,875.64
869.9,1222.8
867.16,1001.1
868.86,43.778
866.75,293
866.42,633.11
872.64,74.726
870.95,327.3
873.28,1089.6
868.5,1161.5
868.91,1183.1
876.63,416.37
890.84,1150.3
876.09,477.02
878.35,1067.4
881.51,378.15
878.91,446.23
877.42,1005.7
880.91,144.4
883.57,763.28
881.5,95.5
888.43,211.03
883.04,578.57
883.93,235.93
889.55,962.03
889.47,1217.1
886.97,805.1
891.03,317.71
894.61,603.6
891.35,227.72
891.84,1122.4
894.54,877.94
895.41,781.69
896.64,585.26
899.41,149.63
899.5,293.5
902.1,688.12
902.82,229.06
905.54,861.89
900.96,1064.1
907.32,506.15
903.5,749.5
906.72,217.22
908.54,767.94
903.58,885.04
910.12,1014.5
905.96,413.44
914.97,283.97
920.33,410.85
914.51,816.49
920.65,605.83
917.88,240.88
918.39,578.35
922.08,1240.1
918.78,55.483
920.96,362.06
920.12,1128
923.5,316.62
925.84,734.95
922.9,106
927.76,559.62
927.18,971.37
926,784.08
926.62,1048.6
927.58,761.11
937.51,263.96
944.98,955.14
943.52,465.29
942.31,580.83
939.72,993.43
941.15,329.26
939.91,392.95
943.74,801.37
940.72,1240.9
943.66,777.61
950.14,426.42
945.65,978.28
952.62,287.21
946.91,47.091
950.92,237.25
956.68,753.04
953.92,126.36
952.97,543.87
957.15,251.25
953.97,501.53
956.77,141.42
961.3,805.76
962.33,824.03
967.68,1020.2
962.58,1194.1
967.54,885.02
968.68,605.56
964.35,299.55
967.1,238.66
964,338
965.21,528.76
966.37,26.827
967.42,917.35
967.42,392.11
968.25,481.34
971.93,948.02
979.29,979.93
970.61,42.139
1002.9,446.26
976.95,550.06
977.41,1228.8
979.95,191.74
978.92,15.701
977.62,76.538
978.54,1072.1
980.72,646.81
980.32,538.22
979.6,623.4
983.88,339.34
985.34,1040.8
983.23,1054.9
985.17,311.11
983.92,214.44
985.68,709.69
988.71,1128.8
985.98,799.98
985.92,147.4
989.55,1215.5
993.38,1060.4
995.12,269.94
998.15,1026
998.12,59.156
999.22,998.38
998.79,171.43
1001.3,829.4
1000.6,1165.5
1000.8,699.26
1003.6,723.39
1006.9,1195.1
1006.4,121.51
1005.4,1247.1
1013.4,867.05
1023.2,603.2
1009.1,1229.4
1014.5,947.07
1012.3,738.11
1014.6,183.49
1023.5,794.87
1013.8,891.33
1016.8,1105.9
1021.6,1067.5
1029,151.98
1027.4,546.5
1035.6,84.042
1027,315.7
1027,855.43
1027.6,1017.1
1029.4,201.4
1035.1,129.27
1030.7,722.11
1031.9,904.91
1042,409.51
1037.6,450.13
1056.1,504.16
1034.1,851.68
1036.4,279.88
1039.2,980.93
1044.8,832.72
1051.9,1108.9
1043.4,9.7059
1042.8,707.79
1042.7,795.61
1042.3,1202
1042.5,725.07
1046.2,364.22
1046.3,969.54
1045,762
1047.6,543.57
1060.3,940.49
1054.9,107.39
1054.5,669.42
1056.1,1142.7
1055.9,227.65
1059.9,1080.3
1056.3,1220.1
1061,374.5
1060.6,334.03
1063.7,916.76
1064.4,17.853
1061.3,695.15
1062.4,731.01
1073.1,749.68
1063.3,170.17
1062.9,545.56
1068.8,122.37
1072.4,363.33
1068.4,1136.9
1077.8,426.92
1071.8,796.86
1072,683.54
1076.5,1002.7
1078.1,841.33
1081.3,4.4135
1082.8,1099.7
1079,537
1079.6,608.61
1080.1,1160.8
1080.9,444.31
1083.3,956.38
1083.9,375.55
1086.7,330.05
1091.2,190.97
1090.1,1153.8
1099.1,831.02
1095.3,1114.6
1093.7,777.17
1094,50
1098.5,231.95
1100.9,1236.7
1101.7,262.36
1097.9,300.79
1101.8,509.64
1099.8,1020.7
1101.5,425.13
1120.7,1183.6
1103.8,735.72
1111.3,707.5
1103.4,1132.4
1110.9,401.92
1111.7,852.02
1111.3,564.34
1118.2,497.81
1111.9,786.24
1114.6,953.46
1119,1001.2
1112.7,750.2
1113.6,146.5
1115.7,613.38
1120.7,222.44
1133.9,32.99
1122.4,290.55
1121.1,816.6
1124.3,1034.1
1136,113.99
1127.3,1113
1124,110.17
1131.8,409.26
1131.1,528.53
1125.5,929
1126.5,1134.5
1131.1,5.685
1132,1065.9
1137.1,210.35
1151.5,702.93
1138.5,584.66
1146.2,1005.9
1145.6,1043.7
1146.4,1153.5
1151.5,908.95
1148,298.06
1150.6,74.151
1152.7,850.96
1154.7,1231.4
1157.5,431.11
1155.4,118.59
1156,272.29
1155.4,1130.3
1168.8,61.287
1159.8,146.3
1166.4,408.15
1153,1120.5
1158.2,876.77
1163.5,965.79
1160.1,1070.5
1161,207.5
1163.8,289.35
1165.1,825.91
1172.7,200.25
1168.6,593.89
1171.2,263.83
1171.6,882.03
1176.2,1128.6
1181.1,151.35
1181.1,557.03
1178.9,657.26
1179.9,1242.5
1194,309.41
1181.5,712.5
1182.5,466
1185.2,1069.5
1187.6,93.737
1186.3,1160.3
1188.3,195.72
1187.8,950.21
1190.2,1012
1187,452
1189.3,1190.9
1189,444
1192.4,167.55
1194.2,483.12
1193.9,1222.1
1196,58.654
1195.5,112.5
1199.1,881.39
1205.1,388.06
1203.3,469.1
1203.4,1170
1200.5,1238.3
1200.4,1187.6
1207.1,285.77
1202.5,975.5
1208.2,1072
1207.6,409.89
1208.6,57.449
1209.5,434.98
1215.7,79.093
1216.2,261.43
1220.6,858.12
1214.8,900.47
1216.3,1183.8
1215.5,362.41
1220.8,737.26
1214,1208.5
1219.7,774.39
1215.6,1111.3
1221.7,758.11
1222.9,1196
1222.9,129.56
1222.3,997.44
1230.7,304.73
1230.1,115.37
1232.5,392.97
1229.6,1064.1
1240.2,1231.4
1230.5,483.5
1233.7,829.97
1237.5,1040.2
1232.1,1203
1241.3,379.45
1234.3,623.71
1238.6,877.87
1234,204.5
1242.2,1072.3
1238.7,358
1240.2,590.1
1244,337.34
1245.1,158.36
1244.4,1146.6
1246,274.46
1244.5,813.5
1246,249.41
1246.3,479.81
1246.6,465.39
1246.8,837.97
1246.8,949.69
