2.8571,255.71
7.8601,303.79
6.6148,617.47
3.4242,699.58
2.2581,772.32
3.3889,881
2.2667,896
2.5152,1097
2.0889,1152.6
7.675,790.12
7,534.32
6,735
12.407,1035.3
11.484,509.85
18.993,1201.8
12.571,632.65
12,150.86
15.267,742.97
14.188,404.19
14.615,701.31
11.047,719.95
16.567,942
22.663,1085.2
18,22.679
20.171,1048.1
20.127,1214.2
20.143,259.29
18.5,398.5
22.275,584.7
28.156,763.65
24.743,351.69
28.285,874.41
26.072,1181.2
25.56,1240.2
33.99,375.13
38.358,1043.5
29.265,523
33.75,819.91
31.115,829.65
33.635,926.45
31.914,1161.4
35.844,981.87
37.865,224.02
35.239,1186.4
44.213,283.46
37.434,1141
40.504,55.616
39.713,165.3
40.367,853.38
41.886,347.81
40.886,772.5
41.825,585.04
47.43,950.12
42,1060.8
43.08,12.56
48.254,1096.6
44.636,1157
45.946,896.43
50.157,741.26
46.875,974.5
49,377.86
51.083,62.917
53,260.06
51.5,1023.5
51.091,1080.1
55.32,344.82
55.818,332.58
54.479,517.9
53.059,874.59
57.908,227
57.5,163
61.522,1172.3
56.5,309.5
58.8,357.62
63.733,69.971
59.872,1208.1
63.419,428.52
62.6,1025.6
68.107,126.71
68.582,807.95
80.319,826.18
64.615,1070.8
64.826,1128
67.917,1036.6
77.943,712.95
68.541,935.6
69.562,27.795
69.707,183.19
68.407,866.19
90.937,1091.2
72.227,609.39
73.458,277.8
74.725,409.05
74.535,577.58
87.445,71.897
78.517,43.77
86.641,1119.8
78.926,643.59
80.845,941.14
81.6,470.4
90.95,1011.8
88.874,1182
88.429,271.55
86,974.32
90.69,101.55
92.117,120.29
95.74,757.88
91.711,562.13
92.51,434
96.222,515.02
93,230.68
94.952,221.07
100.19,149.62
99.707,314.43
99.32,800.07
98.51,1170.8
99.455,337.97
98.094,682.13
99.389,496.17
99.857,980.86
100.91,6.4783
101.57,659.39
102,708
102,71
105.32,293.07
107.05,1123.4
104.86,731.45
105.67,1232.7
116.39,625.38
108.4,328.71
108.55,394.35
112.36,198.78
109.08,778.08
112,990.87
110.12,466.12
112.5,80.205
111.82,1197
115.49,691.87
114.4,828.26
118.32,483.92
134.33,790.86
118.64,935.01
129.06,1055.5
123.08,1186.1
129.3,30.034
120.68,677.36
122.4,548.6
122,1093.5
125.35,1232.2
133.12,3.0971
123.67,820.17
128.07,179.92
133.45,715.78
130.71,503.48
128.45,1024.5
128.14,827.86
132.56,261.38
130.88,679.37
131.34,748.32
135.29,1124.7
131.58,835.89
138.8,578.29
135.5,153.5
135.5,639
137.71,875.33
138.14,57.143
139.53,1036.9
139.26,1178.1
139.94,375.06
141.08,167.32
144.87,1150
143,235.5
144.07,108.41
143.71,656.29
149.72,690.69
146.8,1078.7
148.71,407.29
149.07,887.31
148.61,220.16
149.07,834.59
185.9,768.29
151.62,817.38
151.63,1111
155.6,525.95
153.68,200.11
153.42,3.1053
160.77,68.202
153.83,438.13
156.71,761.23
155.93,1051.1
154.67,113
158.29,245.74
154.42,641.89
165.89,1132.5
160.5,488
165.23,985.56
166.03,818.19
164.5,918
165.13,33.032
165.82,309
165.9,787.02
168.3,349.21
165,932.5
167.11,1231.6
169.72,193.28
170.48,449.52
170.77,687.16
175.27,903.06
173.47,1054.7
180.66,232.17
176.14,18.551
176.89,2.4211
180.78,284.24
178.66,302.91
182.89,190.09
179.93,1121.6
187.52,62.228
191.62,1235.1
184,150
195.65,338.72
186.55,167.52
187.41,98.586
191.06,261.99
189.2,444.56
189,602.86
190.72,477.73
191.58,569.56
193.93,959.42
192.17,1127.3
198.14,24.955
205.84,666.63
197.96,634.54
200.71,1085.4
200.75,277.97
201.62,998.54
206.83,1139.6
203.71,211.04
203.53,824.47
205.99,934.68
206.92,1172.9
213.97,1193.6
213.28,853.64
216.61,1072
208.3,85.574
208,800.5
211.7,541.65
212.89,878.62
215.76,1015.4
214.51,1104
213,1215
216.64,1235.6
218.68,950.2
217.64,821.93
232.34,912.05
218.76,85
220.36,804.62
220.86,413.5
222.56,783.44
226.08,98.669
223.5,277.5
236.34,21.53
224.14,60.389
227.5,1005.6
226.45,552.43
228.91,1091
226.5,1171
228.09,248.09
228.35,523.58
229.83,1060.8
231.68,618.77
229.04,839.4
230.34,1236.3
230.66,307.68
231,1150.9
235.71,185.38
234.14,225.61
235.76,1081.1
234.65,1116.3
241.16,60.056
237.35,449.85
257.57,857.16
238,1216
242,772.35
245.21,1149.4
243.14,649.57
249.65,387.41
246.89,474.41
246,640.5
252.67,1208.9
248.34,137.62
247.43,702.43
248.17,735.07
254.27,1050.9
250.22,674.27
270.87,957.19
253,1244.3
257.53,71.572
252.42,1166.7
254.64,534.68
254,228.5
254.62,551.15
256.34,195.55
257.47,450.34
257.78,619.52
259.41,883.73
262.28,120.95
266.68,1181.6
259.56,310.11
260.8,1159.2
266.47,29.338
268.52,916.62
273.18,807.94
273.57,688.12
276.99,85.244
274.32,549.52
272.88,64.375
274.22,422.46
274.73,1016.5
274.33,845.83
278.14,928.14
279.49,1001.6
279.65,214.85
289.98,1185.1
282.9,170.62
281.87,277.83
287.45,334.93
283.08,20.083
283.44,1234.9
288.68,643.86
290.49,365.29
286.44,787.58
289.72,1109
293.67,819.45
291.08,914.78
294.19,1130.1
290.68,618.11
295.46,935.85
290,976.86
289.93,1039.8
301.09,696.19
294.05,805.91
298.81,137.46
299.99,894.9
296,945.33
301.34,604.96
301.05,301.47
299.78,380.62
299.47,542.28
302.16,640.48
303.1,503.93
308.74,14.546
302.99,64.583
304.55,155.26
300.5,1100
302,50
304.65,1174.6
306,403
306.64,915.86
308.37,469.37
327.4,31.706
310,282
325.58,609.23
315.76,1012.1
317.59,1143.8
313.72,1118.4
312.86,806.14
315,945.8
316.48,195.91
315,627
318.37,909.27
320.41,267.81
319.58,556.89
322.96,1134.8
326.05,211.75
325.82,743.3
323.5,918
331.29,1175.7
325.63,1038.6
327.18,408
329.79,53.109
331.36,437.31
327.67,932.28
331.2,5
331.57,560.97
329.33,908.67
328.71,1093.3
332.55,589.52
331.07,333.98
329.32,695.92
333.44,978.44
332.05,639.16
332.47,1066.6
331.85,833.65
348.66,944.49
334.56,473.08
339.74,1025.7
337.16,489.58
334.6,500.4
338.27,784.75
334.9,1112
338.49,678.16
341.01,1245.5
339.12,150.31
342.07,381.89
338.94,986.43
344.62,733.95
341.93,869.04
342.85,295.42
343.61,848.51
345.48,1152.6
342.58,664.55
343,706
347.04,1120.5
348.6,639.74
350.9,69.188
349.26,183.59
347,963.33
350.85,159.68
350.54,84.686
351.44,31.889
353.54,802.86
354.25,899.67
355.24,783.76
362.82,1113.5
360.35,1047.9
361.5,627
362.01,47.904
360.68,453.08
360.33,734
362.04,911.66
364,310.25
366.82,507.47
381.01,22.3
367.56,886.16
370.12,225.53
367.86,1153.1
378.7,115.29
368.58,561.89
377.1,57.472
372,129
375.32,714.52
389.38,804.76
375.93,176.41
378.51,549.39
379.35,934.15
378.57,243.05
379.06,426.55
382.2,917.68
377.42,1151.9
379.36,1179.9
379.6,991.6
382.52,375.06
381.57,588.92
383.67,838.91
388.94,1114.3
395.37,281.19
385.59,897.64
385.62,1001.1
386,947
388.39,983.66
407.68,1141.9
387.61,105.9
389.63,767.52
404.06,69.682
391,972.67
395.91,936.49
395.91,736.8
399.73,771.39
396.9,1090.1
400.67,602.7
399.24,749.23
405.04,852.75
401.97,412.8
418.16,33.107
403.29,257.97
399.56,953.89
401,292.67
403.5,1245.2
444.29,1088.8
404.73,1199.1
408.73,232.42
407.32,658.17
416.77,438.12
409.58,16.105
413.53,795.29
410.58,891.7
417.21,1246.3
412.58,106.89
416.69,143
413.36,767.14
419.18,695.05
417.03,942.92
418.31,731.61
422.32,323.96
421.02,1051.3
418.73,955.85
426.53,1226.1
423.13,262.51
420.15,406.46
420,1186
423.1,1033.4
428.52,378.98
423.54,632.35
427.37,598.81
427.82,298.2
427.12,747.2
428.95,492.88
430.01,850.53
429.74,1163.4
444.48,726.92
429.99,1118.3
431.63,889.52
430,1046
434.71,101.49
436.44,461.61
440.16,773.75
443.48,152.71
442.65,947.35
435.44,983.56
442.18,641.71
438.58,794.23
445.9,311.82
437,750
438.69,1051.8
441.18,238.39
439.07,1217.6
443.46,494.94
443.87,853.64
441.05,1031.8
442.41,1148.3
441.93,590.98
441.43,69.609
444.87,817.77
443.5,617
444.45,687.29
450.9,989.42
447.77,512.16
448.09,759.09
455,1239
451.54,698.92
459.62,794.32
453.1,975
455.6,81.643
457.91,901.24
460.87,741.3
462.02,106.29
460.5,765
461.11,1158.3
464.72,832.07
466.08,858.52
472.8,122.94
462.78,388.44
464.11,978.44
464.43,1003.9
466.17,1122.7
467.5,404
468.73,1032.5
477.6,1187.1
470.84,931.27
471.36,1162.6
475.45,48.84
473.36,651.35
474.87,1223.8
473.61,538.43
475.27,1000.1
475,496.76
474.19,793.86
473.8,870.44
475.38,881.83
476.18,627.6
476.81,373.66
506.81,883.1
482.69,987.42
483.39,79.196
484.47,583.89
482,90
485.47,394.06
484.04,563.65
486.87,945.32
490.41,1080.9
485.17,1063
489.07,1206.7
489.92,1107.8
487.5,284.5
490.72,550.8
488.37,867.27
490.97,1001.3
492.38,181.9
498.18,246.33
490.88,268.52
491.34,66.469
496.77,789.64
494.91,812.1
494.77,1175.4
497.38,872.12
495.67,956.24
496,336.69
497.75,750.84
501.93,931.18
499.63,307.14
498.23,474.23
500.49,854.35
501.67,197.91
508.23,381.02
508.79,110.48
508.93,327.91
507.38,527.62
508.92,420.44
507.91,676.06
509.53,838.47
509.55,1124
511.52,180.32
511.33,243.27
512.61,620.2
509.89,299.58
511.25,313.27
520.46,555.74
511,76.5
512.51,662.51
516.48,1059.6
514.94,796.9
521.03,1083.8
530.38,1135.2
521.85,770.87
519.22,1247.2
524.18,192.35
524.9,530.45
523.19,346.76
523.32,371.27
520.58,1110.1
525.04,312.18
527.27,981.57
524.75,218.98
525.2,400.1
528.11,898.87
527.14,1156.4
524.45,13.419
524.04,166.41
525.37,1228.2
528.2,623.72
527,1099.5
531.27,262.43
535.85,570.23
533.83,225.17
535.16,1178
558.77,482.91
535,829.02
535.07,651.41
535.58,334.89
537,373
544.11,200.48
538.5,324.59
539.04,402.67
541.87,1190.5
538.54,541.89
544.72,606.57
538.91,1209
540.12,640.74
541.56,888
549.5,813.17
542.84,925.35
543.68,460.05
543.59,587.39
547.94,866.64
549.79,1066.2
546.07,96.415
549.18,353.22
558.25,671.27
555.53,254.58
547.88,418.17
547.63,566.13
550.54,1086.9
560.4,46.239
551.5,756.65
557.83,845.29
553.07,774.41
559.44,1225
558.08,19.091
556.21,159.45
556.51,306.61
555.46,954.65
564.82,984.18
559.27,143.2
584.22,1202
558.5,717
573.79,938.59
559.82,466.53
578.03,1139.2
561.07,323.59
564.58,696.12
558.64,750.53
578.89,877.52
563.26,1096.3
565.99,190.33
566.74,543.7
568.01,209.79
567.12,642.56
565.84,1240
572.4,787.38
572.61,739.25
576.79,1064.7
577.47,597.67
579,183
580.43,835.43
581.43,108.98
582.55,230.02
583.15,391.68
582.58,433.66
582.58,643.3
585.22,119.79
585.59,204.86
588.93,535.37
587.5,625
589.6,713.97
592.15,354.66
605.72,245.26
592.81,279.03
588.17,554.33
588.91,739.49
588.5,762
589.55,827
593.14,914.7
595.62,472
592.12,510.65
594.04,848.38
592.5,1034.1
603.61,436.31
597.01,575.64
596.96,227.79
601.06,106.86
607.63,1239.9
610.2,44.535
605.37,898.31
613.67,364.08
606.36,380.33
606.68,1030.6
612.84,1118.7
607.79,538.42
627.81,1145.7
609.23,135.72
608.79,512.27
610.68,1047.1
612.64,18.648
610.77,868.09
615.26,106.64
615.21,268.24
614.1,1081.4
613.46,343.91
616.85,649.02
617.6,295.36
622.35,581.74
619.34,492.26
623.51,811.52
620.91,329.57
626.04,511.12
624.22,713.95
631.01,1173
631.2,1229.6
624.56,657.44
627.14,224.77
625.03,910.07
624.93,858.41
629.3,972.34
629.85,134.04
628.24,412.23
627.13,455.26
625.43,894.43
632.81,537.91
629.8,493.88
633.42,1190.1
631.94,437.04
631.98,566.76
633.63,1118.4
641.65,590.53
634.39,1057
635.35,1080.1
638.98,737.05
637.91,258.05
644.16,924.87
639,855.33
639.83,629.87
643.66,818.18
643.82,663.09
645.49,894.4
643.09,864.91
655.17,1021.9
645.23,24.092
649.75,1186.7
651.5,695.06
647.6,803.65
651.71,216.17
653.68,428.85
653.79,315.65
653.35,508.14
651.59,1220.1
667.96,612.34
654.8,262.53
653.44,354.2
656.99,396.26
651.9,483.44
654.05,1081.9
654.5,334.5
654.62,843.5
657.97,934.38
662.51,19.156
655,196
658.41,56.027
657,705.5
660.89,742.41
660.55,892.81
660.36,1103.6
661.28,721.97
671.09,848.92
666.27,40.38
668.94,1076.2
667.5,503
670.47,403.06
667.86,561.14
670.39,95.452
668.4,582.4
682.68,1108.6
669.5,297
670.08,1194.4
673.12,360.12
676.16,31.4
676.01,800.8
677.43,778.54
683.15,875.38
678.85,209.39
679.75,245.95
678.86,495.29
678.58,266.58
680.81,568.29
679.55,433.41
680.5,983
680.39,1003.6
695.21,812.03
685.16,1198
705.02,15.073
685.89,37.579
687.76,1210.3
690.11,485.77
692.08,341.79
699.06,587.79
692.65,107.52
693.77,307.93
692.67,39.333
700.11,1178.3
694.45,1015.4
695.19,49.333
700.96,1192
697.58,994.89
705.49,741.16
700.37,1029.4
705.17,303.94
704.47,240.53
706.07,649.41
714.24,455.99
712.8,637.31
710.36,1100
712.73,133.7
716.06,756.47
713.83,117.63
715.93,395.07
717.83,531.54
716.65,884.85
718.5,569.5
718.89,1178.6
729.98,282.27
723.5,1159.2
723.59,713.51
725.27,1222.3
724.92,557.95
725,199
729.11,1047
731.94,59.64
733.88,474.76
732.49,586.64
734.09,90.057
733.28,122.75
735.66,323.83
734.85,507.02
734.44,979.13
738.46,1172.1
734.56,1035.1
735.67,24.891
737.29,935.78
739.17,1089.3
737.68,195.21
748.5,1238.1
740.51,440.6
739.4,799.36
741.45,923.45
742.91,10.413
748.47,391.88
743.39,709.14
744.6,679.64
744,1064.3
744.91,820.09
749.33,965.24
749,434
752.66,178.22
749.5,694
750.64,1078.1
751.41,674.07
755.93,339.81
760.15,6.8238
755.26,1102.2
755.86,22.242
755.27,1116.4
758.87,1209
755.26,585.07
756.53,367.72
755.5,469.5
758.42,922.96
759.33,1133.8
761.62,1182.8
764.14,120.34
760.67,849.92
761.64,133.22
762.6,38.4
763.53,418.09
763.41,867.07
765.58,381.9
771.17,541.44
765.5,795
770.7,1058.2
769.83,899.58
766.7,174.12
774.16,429.23
776.29,1103.1
771.23,476.77
771.58,666.89
774.61,854.56
772.54,945.8
774.59,22.552
777.2,124.64
774.88,987.88
784.81,315.11
777.9,1157
777.93,1230.4
783.85,1145.9
782.4,485.6
784.25,532.85
785.69,492.83
787.45,56.306
791.4,1095.7
790.49,1159.3
790,1066.8
793.34,695.45
795.26,928.15
800.93,264.41
801.44,821.48
800.51,76.079
799,209.61
799.37,313.8
807.63,469.26
810.11,1017.6
801.55,1047.4
802.77,1127.7
805.66,53.736
807.78,990.24
804.5,12
805.92,650.02
810.23,1100.2
809.97,210.56
810.07,672.05
811.95,803.53
805.15,956.19
812.74,126.33
812.27,696.53
813.64,623.14
815.94,448.66
816.47,1124.8
816.38,1156.6
828,140.56
819.88,637.9
819.69,1012.4
824.61,325.83
822.86,1222.6
822.71,35.29
823,715.17
825.5,695.44
831.28,53.48
828.65,381.98
829.14,795.76
828.06,658.94
831.08,261.81
832.87,296.9
828.42,894.11
841.02,336.05
831.58,1064.7
835.91,449.92
836.01,820.83
834.55,843.97
839.44,1104.1
835.06,936.07
836.83,577.85
838.6,638.11
839.74,1230.8
846.54,1023.6
843.22,1155.2
846.73,724.63
846.89,602.76
849.17,777.71
848.37,915.52
849.38,1191.7
853.11,378.69
848.97,1124.1
849.1,689.65
849.11,423.42
853.47,487.42
849.09,802.91
850.56,19.341
850.46,36.957
853,1092.5
875.37,134.33
859.24,655.76
854.77,986.23
862.48,289.45
861.33,47.333
859.83,204
860.13,690.97
863.84,1146.8
862.52,905.12
862.17,393
869.46,978.87
868.18,335.87
865,593.5
866.59,818.07
866.5,1040
867.54,166.8
867.95,1226.8
870.51,101.92
870.92,398.8
874.18,504.48
887.89,619.4
877.52,785.85
875.78,1206
874.82,959.25
875.59,872.93
876.74,41.185
879.23,660.08
879.09,27.909
879.09,747.09
881.1,771.56
890.38,244.58
883.09,816.86
884.26,855.01
885.19,3.5128
886.33,371.39
887.36,1096
883.09,602.77
887.95,1112.5
892.2,316.96
895.32,267.58
894.16,116.81
893.27,419.98
896.52,669.25
892.65,1060
897.52,168.69
900.83,544.08
893.71,636.81
896.56,26.187
896.9,283.43
896,434.82
896.5,1155.5
897.84,1233.1
897.7,868.15
898.58,563.3
899.34,962.27
899.8,1050.8
899.57,1170.2
900.76,48.764
902.82,717.6
901.07,995.83
909.18,757.17
908.42,1127.6
918.01,1074.3
915.04,264.79
912,348.17
916.55,961.28
915.11,152.58
916.71,939.71
922.12,931.35
922.41,1225.9
923.46,1243.2
923.5,177.5
925.56,818.21
925.83,100.62
938.05,156.15
927.84,592.13
927.55,1193.6
935.76,371.32
929.25,1117.9
932.15,391.6
933.87,434.23
931.21,1103.5
931.42,1140.7
941.49,882.6
940.42,277.14
938.93,579.52
939.79,1005.8
943.21,23.361
939.5,418.62
939.23,753.77
941.46,1100.2
942.15,1017.7
942.97,117.73
944.91,743.2
945.5,532.5
945.86,479.61
945.35,678.5
948.73,790.03
948.27,406.73
947.62,494.38
951.66,354.51
951.27,434.95
953.75,563.41
952.38,767.49
956.28,86.548
954.06,111.21
963.02,1045.6
959.46,532.31
963.52,257.34
961.46,454.73
966.29,923.83
967.97,196.08
962.62,751.85
962.08,229.93
964.73,705.37
963.64,718.5
968.22,130.23
973.93,966.61
974.77,582.5
976.78,143.94
974.44,1113.7
977.42,839.66
975.63,1050.8
976.8,423.32
977.9,1020.6
981.48,403.62
980,1214
985.04,1126.7
984.26,256.78
983.65,865.5
984.32,1085.4
993.56,734.4
988,1115
988.29,196.45
991.62,316.34
993.12,639.69
995.09,55.222
996.46,1055.7
996.16,833.77
998.95,170.87
1000.8,1097.7
1006.3,13.072
999.94,776.14
999.43,348.61
1004.6,215.62
1005.6,200.44
1009,247.28
1010.8,51.291
1006.2,147.09
1009.6,1020.6
1012.4,1056.1
1011.1,997.93
1010,631
1011.7,715.12
1013.2,1215.5
1013,315.38
1015.9,226.14
1014.9,398.43
1016.9,856.3
1023.4,779.06
1019.7,794.59
1019,1026.3
1019.6,1096.9
1023.5,423.47
1020.4,815.89
1024.4,721.54
1024.5,1058.8
1026.3,210.29
1026,391.07
1031.7,243.39
1024.4,1233.1
1027.5,525.79
1025.5,566
1027.5,813.36
1028.4,1014
1045.6,641.72
1033.4,962.87
1029.7,988.54
1035.1,540.93
1039.5,676.89
1037.2,707.75
1036.7,726.88
1035.5,693
1038.9,216.47
1040.5,772.44
1041,550.5
1049.1,563.06
1040.6,619.2
1041.2,787
1043.8,1151.1
1042,938.41
1041.9,1115.6
1044.8,1245.3
1046.9,445.43
1046,131
1059.7,1006.7
1049.8,1044.3
1051.5,207.32
1049.5,628.2
1047.9,822.59
1050.2,467.35
1051.9,189.43
1052.6,522.46
1050.5,1191.9
1052.7,712.03
1053.4,409.61
1057.1,225.71
1057.1,928.92
1063.7,580.49
1065.7,621.16
1084.4,1197.3
1067.5,1244.2
1067.4,926.53
1067.2,1171
1070,122.06
1069.4,1033.6
1077.3,676.68
1075.5,201.08
1075.2,1135.3
1074,1211.3
1077.7,993.08
1080.2,892.65
1090.2,486.5
1076.9,971.93
1081.3,448.92
1084.9,242.76
1088.1,560.93
1085.4,979.51
1085.3,1246.1
1088.9,144.95
1088.5,292.34
1092,352.65
1090,661.57
1090.5,1152.4
1090.6,1121
1093.8,514.69
1095.8,1183.6
1096.7,1039.6
1098.1,951.57
1100.4,931.09
1098.4,184.11
1103.3,644.49
1102.3,1013.6
1107.1,248.1
1103,116.35
1113.9,736.56
1102.4,1049.8
1104.3,534.79
1104,554.11
1103.4,1221.1
1109,169.89
1113.8,572.82
1107.4,513.01
1105.4,1088.6
1112.9,1242.7
1110.6,370.86
1110.4,878.5
1113.1,556.41
1112,722.5
1116.1,848.26
1114.6,640.43
1124.7,905.07
1119,1168.2
1116.2,588
1120.1,822.64
1120.3,1116.3
1118.9,1022.6
1123.1,866.42
1119.9,219.09
1134.8,999.68
1123.6,1216.6
1124.6,427.61
1124.5,617.5
1127.5,783.61
1127.4,12.933
1125.8,941
1126.9,60.906
1128.5,646.56
1128.9,1243.3
1131.4,744.04
1132.2,1040.4
1132.8,493.92
1133.5,456.73
1130.3,339.83
1132.3,952.12
1134.1,851.33
1133.5,52.5
1136.4,838.21
1137.8,1118.4
1141.3,1137.3
1143.7,14
1142.4,515.82
1140.4,922.21
1143.4,974.57
1150.3,601.9
1146.3,827.67
1146.3,539.19
1145.9,843.81
1145.7,1186.5
1147.6,617.74
1147.6,1006
1147.5,348
1149.2,1164.2
1154.3,179.15
1163.6,1199.5
1159.7,894.81
1159.1,531.78
1162.2,156.54
1160,822.31
1161.8,289.42
1166.1,682.92
1161.7,1074.1
1164.9,1129.3
1164.4,746.85
1165.4,458.08
1167.6,42.895
1172.5,121.16
1170.4,885.42
1173.1,572.3
1169.5,609.5
1170.7,1238.9
1169.6,27.6
1177.9,1081.7
1177.2,92.311
1176.6,136.31
1178.3,989.06
1175,1108.5
1175.9,779.91
1177.7,79.833
1180.2,1210
1181.7,905.62
1183.8,647.16
1184.1,1002.6
1185,1052.6
1183.1,1187.1
1182,1234
1185.1,1243.5
1185.1,39.878
1187.6,1099.5
1187,659.5
1191.5,374.23
1191.3,128.45
1192.2,388.41
1197.7,10.046
1196.4,96.056
1196.4,1141.8
1197.2,469.54
1197.7,847.95
1199.2,1218.7
1201.5,379.5
1206.3,144.34
1205.3,426.82
1207.3,1067.7
1205.2,303.93
1207.4,535.29
1211.8,763.67
1207.8,939.79
1206.5,1019
1212,379.28
1207.7,442.19
1213.1,21.412
1207.5,1082.5
1213.1,64.832
1210.4,555.1
1212.3,398.2
1223.5,1183.6
1213.6,366.4
1223.2,402.26
1216.7,1115.9
1219,1204.4
1216.5,502.5
1218.9,648.36
1219,668.47
1218,723.5
1232.7,501.67
1226.4,1063
1227,589.61
1232.6,611.61
1230.7,322.79
1231.1,412.21
1232.8,1089.7
1231.4,146.62
1232.4,818.61
1237.5,1165.3
1235.7,178.4
1234.6,464.59
1233.5,554
1235.5,830.9
1236.1,256.09
1237.5,655
1239.1,80.595
1241.1,696.16
1242.4,383.33
1240.6,140.43
1243.9,643.11
1243.8,1062.3
1245,157.16
1244.9,881.87
1244.8,1001.5
1245.6,713.04
1245,815
