5.7463,37.313
3.5379,111.1
4.0132,155.68
7.5989,194.42
2.75,546.06
6.9839,683.23
4.0833,699.78
4.3421,727.05
2.25,753.3
9.9577,896.52
5.0541,917.24
2.129,1110
3.027,1209.9
4.9818,218.58
11.667,173.59
8.0429,858.06
11.811,966.5
17.179,1241.5
6.7353,996.15
8.9697,1126.9
8.5143,13.571
10.016,516.84
13.381,245.43
10.935,754.16
15.826,104.59
15.08,955.44
25.213,307.98
20.398,567.87
21.213,413.74
26.245,479.55
25.689,655.43
21.586,940.59
22.105,511.58
30.955,1007.6
26.614,1080.8
30.552,631.87
24.659,741.17
26.752,970.77
24.588,19.941
26.493,121.97
26.928,987.75
28.987,258.73
30.267,754.81
26,1045
35.809,809.35
31.149,1150
29.71,218.55
35.32,1037.5
35.833,916.88
32.646,1137.1
42.601,19.856
35.532,44.34
36.174,618
43.339,280.56
41.317,360.48
46.271,672.02
41.074,654.41
46.069,320.18
51.213,138.44
43,187.5
48.883,855
47.886,1015.5
53.398,932.08
54.242,1054.4
50.444,9.4222
52.475,643.23
52,298.49
53.105,778.42
57.123,204.85
53.56,1078.1
64.957,332.9
55,400.5
57.78,678.78
62.227,404.42
62.202,551.38
57,957.17
62.611,1142
59.421,172.11
67.808,435.88
60.5,1240
65.388,40.398
65.337,756.26
66.312,685.94
65,1094
69.148,279.62
68.884,922.62
69,486.5
74.639,77.645
69.667,253
76.483,697.48
73.171,787.26
75.745,182.49
73.5,131
74.565,954.77
76.407,493.74
76.963,33.241
83.662,222.99
84.125,810.19
79.554,865.76
82.523,410.17
79.129,576.84
79,1148
80.938,272.04
83.099,836.18
81.89,908.21
79.826,964
104.2,752.56
89.946,1084.8
85.891,1176
88.014,316.9
93.96,660.63
86.806,710.67
87.1,874.05
87.062,1029.1
91.454,102.33
87.833,522.33
93.881,686.31
92.189,857.75
93.059,934.65
95.453,335.55
103.7,317.35
100.08,713.16
99.074,1156.4
99,1199
103.57,184.35
108.28,66.284
108.3,577.11
103.67,302.17
105.5,165
110.74,798.87
109.33,1188.2
109.64,664.5
111.59,871.58
122.81,17.204
111.67,466.33
116.11,1230.5
126.31,719
115.49,950.01
115.65,46.354
113.68,145
118.54,824.02
117.34,771.05
117.74,369.77
114,437
120.73,401.68
119.54,1010.2
120.11,1082.6
123.69,990.75
122.12,1027.6
119.42,440.11
123.17,479.78
123.65,867.16
132.93,930.75
127.38,957.89
125.81,385.42
138.31,35.157
127.61,1096.2
135.83,213.91
130.03,766.94
131.44,1127.3
132.23,1166.2
132.25,240.57
132.26,1113.1
135.86,195.53
136.43,822.1
135.08,574.6
136.87,633.38
137.86,1144
135.61,617.14
148.96,386.79
140.62,758.71
142.65,72.529
138.64,1193.5
143.64,408.91
152.27,980.81
146.68,953.86
142.41,1011.9
145.29,1237.6
148.05,578.97
151.84,364.43
147.13,622.53
147.07,482.41
147.17,896.93
149.14,885.5
150.24,100.1
151.73,242.52
157.08,19.012
155.53,342.54
153.18,400.79
152,1243
169.1,308.36
154.54,1119.9
155.05,1200
159.51,151.84
159.82,196.52
158.67,1006.2
164.11,128.31
159.11,483.42
158.93,594.59
159.5,656.5
160.41,1135.3
160.5,450
162.18,808.11
161.55,701.41
168.32,242.31
163.86,397
164.91,824.95
167.33,1189.6
176.36,77.418
177.53,633.32
168.98,1238.8
171.77,34.182
168.57,379.61
173.22,1050.6
172.9,48.442
176.72,174.9
171.27,417.37
174.22,499.8
170.69,608.83
175.97,723.17
171.61,805.19
170.77,13.5
174.76,141.24
173.6,213.55
172.94,589.89
175.16,199.56
175.14,1129.6
178.11,349.76
180.13,1158.8
184.85,391.14
185.61,932.02
177.08,900.56
181.77,976.53
183.47,1219.8
185.56,1172.2
185.11,1020.4
188.71,1057.7
187.91,1075.1
196.3,424.27
190.08,1115.2
209.05,680.43
197.69,283.06
199.86,1242.2
206.22,478.69
203.91,719.42
205.27,1197.3
201.47,244.74
203.74,637.7
200.5,84
204.04,1134.3
209.43,96.585
208.62,1164.1
213.75,185.61
205.12,863.04
208.42,375.11
211.67,228.03
212.17,952.93
217.96,965.44
215.22,1037.3
216.5,1102.7
218.29,450.26
216.59,1220.1
224.2,861.47
217.6,994.6
219.06,1058.6
220.4,772.62
221.56,801.31
221.46,350.78
221.87,604.74
225.32,52.58
226.58,725.86
227.62,915.41
223.6,994.35
224.05,1176.1
224.89,1211.1
232.71,670.71
226.61,757.08
231.08,1074.6
225.89,1146.1
233.65,406.03
225.5,516.5
232.17,14.734
233.66,34.573
241.01,1167.1
234.73,636.1
234,1216.8
244.86,995.1
236.81,1142.5
241.26,230.29
239.66,851.56
240.53,176.54
238,378.5
239.81,804.91
240.5,326
251.52,605.56
247.86,1108.4
246.03,192.31
243.17,963
244.5,119
249.88,645.45
245.38,427
253.91,688.83
252.06,917.09
253.85,1.95
261.62,148.73
253.63,791.61
259.1,397.38
257.64,164.61
257.85,206.21
257.89,1184.6
258.77,251.13
258,751.5
261.79,781.31
269.69,201.78
271.4,373.19
269.03,1124.6
262.41,469.41
268.32,261.4
266,343.32
265,810
268.8,742.65
269.18,975.18
270.11,220.58
274.29,300.12
275.12,752.59
278.53,795.91
275,1159.3
276.5,889.5
276.87,662.44
275.43,957.57
279.81,1020.7
281.08,41.06
278.89,773.05
278.22,868.47
280.66,739.75
279.37,542.93
286.57,1052.3
281.59,129.44
280,765.5
283.12,1120.8
284.05,1214
285.29,248.72
285.07,94.796
288,571.75
289.38,949.28
290.42,542.42
293.71,897.55
291.17,1144.2
291.7,452.34
296.52,7.7049
293.44,397.56
293.89,684.58
294.45,761.45
296.47,1184.6
296.84,1227.5
295.4,52.4
304.54,613.97
302.47,227.64
298,76.667
298.14,95
298.3,1113.5
303.96,45.673
308.71,693.12
306.75,439.48
303.42,889.89
305,1083.6
305.68,465.22
309.24,1019.6
308.46,72.457
314.61,528.99
310.04,203.94
308.57,499.37
311.88,869.79
316.22,1130.6
333.88,717.89
318.23,408.97
316.55,933.71
316.48,1054.1
316.55,364.76
316.22,633.63
314.4,955.6
317.07,746.56
317.87,728.83
326.3,850.99
318.91,990.09
331.71,798.11
328.68,48.382
322.5,135
326.93,286.34
327.94,764.95
329.9,951.39
325.44,926.89
327,1078
336.75,989.76
331.89,1049.5
331.72,298.6
330.91,1177.1
336.12,1092
341.78,224.19
339.85,933.53
337.98,399.03
337.52,529.74
336.69,459.38
337.06,898.06
349.86,20.748
340.55,279.73
342.78,747.95
346.11,557.63
342,677.5
343.37,777.06
344.92,374.39
349.32,960.25
345.41,342.94
348.79,176.53
352.09,436.03
353.27,1204.5
355.74,1121.2
348.83,1230.2
359.91,150.99
357,695.5
361.06,1093.8
358.41,273.59
361.37,341.98
360.44,249.34
359.14,869.71
360,777.5
361.7,978.8
362.91,929.8
367.29,5.2773
364.42,261.24
367.2,395.83
363.77,451.31
365.76,812.68
367.6,186.4
369.65,1018.3
370,991
371.29,867.71
371.93,1200.4
375.36,40.312
379.92,367.54
386.98,772.69
378.11,891.06
382.98,944.42
377.91,223.67
385.15,1033.3
388.03,1171.8
386.49,68.227
388.72,332.98
390.18,1065.1
382.8,1131.4
384.06,1245.1
386.19,824.14
386.14,176.43
385.57,393.39
391.93,1007.9
395.7,1122.9
388.58,913.89
389.71,1157.5
395.53,620.17
390.6,286.6
395.23,442.84
397.27,1246
399.29,84.271
397.84,174.04
397,494
400.6,816.95
396.91,864.23
399.06,1093.3
402.55,882.98
399.58,270.94
399.95,476.93
402.48,736.29
404.08,542.23
404.38,761.9
402.88,132.5
407.08,315.08
406.17,966.94
406.79,105.99
409.05,1184.3
411.88,357.75
408.83,331.05
413.57,25.176
411.3,169.81
413.27,419.72
411.83,1028.5
415.73,484.16
414.66,712.4
423.81,129.09
420.03,1127
418.5,524.64
418,834
420.29,311.91
420.86,1036.4
424.44,451.6
426.37,1195.8
427.68,994.49
426.59,415.06
430.9,561.74
430.41,596.93
431.64,246.5
439.38,80.989
451.3,443.33
439.88,159.02
443.03,332.66
440.08,894.16
439.88,937.73
440.37,1235.2
445.47,9.1087
447.57,1009.8
447.39,559.84
445.25,776.89
451.59,40.498
447.28,928.39
449.11,371.23
449,645.32
451.43,1031.6
460.1,1106.2
456.46,1136.6
455.41,655.58
455.87,990.74
464.13,831.58
454.92,780.56
456.93,799.12
457.13,594.61
459.53,565.43
456.42,787.89
459.88,418.21
461.2,963.8
469.15,524.16
463.68,546.93
474.47,589.46
468.92,411.18
468.5,423.5
473.81,748.15
469.8,1080.2
471.36,276.36
470.12,1043.7
472.37,469.87
476.31,352.15
475.04,74.469
483.27,252.31
475.45,855.73
479.97,787.52
479.03,138.24
478,16
484.02,169.03
479.72,1070.1
483.49,52.656
487.75,926.81
485.02,216.9
486.79,806.49
485.09,976.64
485.41,283.59
484.86,361.86
489.88,9.4035
488.8,1086.9
486.58,504.89
492.68,205.44
490.34,297.85
493.81,439.39
488.59,561.06
492.82,1108.7
495.46,585.16
495.47,667.72
495.19,30.906
499.34,1198.4
497.62,638.24
497.52,828.3
495.73,876.2
507.61,988.55
498.96,1075.7
499.5,1165.9
502.78,695.19
503.75,402.58
502,363.5
507.43,162.3
507.47,932.99
510.08,143.26
505.3,601.26
509.11,381.85
507.83,21.962
508.6,179.4
513.97,476.98
511.88,263.89
510.93,823.05
523.13,311.13
521.49,621.1
513.5,178
516.55,697.87
515.45,1087.4
515.34,574.94
515.3,251.87
518.96,553.95
532.05,356.41
527.37,110.72
527.4,495.58
533.46,804.99
526.58,28.713
523.11,679.58
525.88,470.17
526.88,533.17
526,162.17
526.09,1160.9
529.53,1033.8
531.5,659
534.98,604.54
537,2.7455
533,920.16
535.5,249.27
538.03,853.93
536.59,998.77
535.8,149.7
534.59,784.06
538.03,903.87
540.24,183.88
544.94,198.69
542.65,261.28
542.52,675.35
540.91,1227
544.71,537.65
551.01,1144.3
552.06,944.59
545.39,1157.1
549.24,966.21
552.14,155.41
548.53,85.656
552.21,312.53
549,420
554.29,1199.4
557.29,368.85
557.39,451.45
554.4,870.89
558.44,917.2
554.56,983.95
555.29,140.24
555.29,1080.6
559.5,428.77
557.5,228.5
558.45,554.29
562.24,496.42
561.62,59.375
568.66,1069
562.54,269.08
566.96,472.85
573.46,987.33
570.5,183.97
584.05,453.95
568.91,655.91
568.91,843.09
582.96,1135.3
575.15,1226.8
570.5,317.87
570.66,440.72
572.06,722.91
572,948.5
572.78,1187.5
583.86,385.98
576.08,635.24
574,1019
575.08,284.08
578.22,260.33
578.6,117.13
580,322.34
580.27,767.3
583.61,223.52
593.64,174.76
584.42,527.11
589.03,1187.3
587.44,16.556
587.44,806.44
587.08,898.28
589.84,498.87
588.69,1026.9
588.55,1077.3
588,7.5
592.48,272.39
594.8,719.27
594.79,990.15
592.64,239.31
592.58,1153.9
595.32,923.45
598.52,433.31
598.5,120
604.89,390.89
623.77,828.92
607.85,136.76
602.58,201.89
604.18,220.57
605.81,312.71
605.97,926.37
609.28,617.92
608.62,885.38
606.41,981.07
606.77,159.77
614.03,286.47
612.88,1192.7
618.09,711.42
610.94,1141.6
625.87,14.493
618.63,1045.9
616.47,916.22
616,955.67
617.54,483.09
623.93,936.51
618.54,987.78
631.51,185.23
626.82,534.87
624.87,662.9
625.94,124.04
627.13,866.51
628.09,978.02
629.16,227.24
626.64,770.19
630.8,1159.4
628.05,330.85
634.1,292.47
629.59,483.98
629.81,1094.1
633.03,639.05
636.84,739.85
637.57,241.37
634.5,84.5
637.9,440.92
635.13,949.17
636.36,880.08
636,231
639.07,700.07
640.27,1096.7
642.09,84.176
643.88,411.15
645.28,901.71
647.07,581.8
646.67,212.17
646.91,1157.9
650.84,10.645
651.72,226.35
648.52,923.36
654.27,964.12
651.06,670.09
651.7,1057.4
655.09,242.41
655.86,1080.3
653.46,1129.8
656.55,602.72
661.77,648.5
654.5,1009
656.68,495.58
662.05,1238.8
657.8,315.44
659.52,362.65
661.96,831.66
660.79,998.65
688.02,301.7
672.16,884.16
672.22,761.25
662.83,289
666.11,551.59
671.97,425.65
665.57,721.57
668.68,1120.8
669.02,976.43
669.84,132.26
669.25,699.75
675.24,1067.3
669.77,204.16
671.52,912.94
675.07,682.35
680.09,48.92
685.53,953.23
674.31,401.25
673.43,538.43
676.47,661.29
679.12,1099.6
675.54,383.8
674.33,1200.8
679.1,571.66
687.44,21.79
689.76,190.33
681.61,1214.9
687.52,808.37
687.61,627.51
689.05,261.3
688.56,1121.8
691.25,124.82
691,745.35
693.05,64.048
693.5,872.5
697.21,1043.4
696.59,203.18
695.94,519.47
697.52,925.73
695.93,493.07
697.64,856.6
702.49,608.26
702.82,658.29
702.5,578.84
703.56,683.76
703.95,791.26
706.05,998.27
706.56,25.957
709.62,208.66
708.61,330.07
708.82,972.92
708.97,45.567
707.87,1235.3
714.93,86.419
707.53,1104.3
710.41,319.34
715.5,1087.8
712.43,473.91
713.94,933.3
718.12,738.91
718.86,630.23
717.36,809.3
720.4,1049.6
722.47,788.5
721.39,1235.1
719.26,5
726.28,132.32
723.71,608.31
723.09,484.74
722.98,535.31
722.47,653.34
723.61,891.8
727.71,687.5
730.78,356.75
728.64,448.51
737.86,218.91
726.91,423.77
729.73,967.59
735.8,19.758
730.06,119.84
732.18,274.73
732.74,818.6
731.79,412.53
735.63,623.23
730.5,311
730.36,552.68
734.75,588.58
731.62,1165.9
733.86,947.31
733.84,856.57
735.47,472.47
737.62,315.78
739.12,970.5
741.09,243.2
747.72,992.77
743.82,745.31
743.68,378.97
746.83,128.14
744.16,266.73
743.38,350.75
751.66,1050
745.35,1079.2
748.81,1007.5
749.71,169.48
748.04,1244.4
767.46,24.989
749.66,1155.8
752.66,94.439
754.66,689.6
768.74,1126
765.65,331.55
761.69,724.89
762.07,246.13
762.29,293.84
762.03,423.06
766.25,1091.7
774.45,360.53
768.06,396.5
769.25,838.75
767.06,773.83
764,1209.5
771.57,668.47
767,701
781.09,478.47
780.26,1055.8
772.41,605.83
773.2,913.16
772.74,1041.8
770.83,1153.9
783.68,542.53
784.43,113.14
778.79,436.87
779.28,1020
778.13,965.26
780.03,87.737
781,495.67
787.09,693.33
781.49,774.64
787.41,151.31
786.92,1166.4
784.03,557.39
786.06,60.827
784.5,1090
793.58,980.34
791.91,1126.2
794.81,812.28
790.86,961.86
792.81,746.92
801.44,867.37
793.35,1085.1
794.43,69.765
794.17,1029.1
797.71,774.45
794.8,1180.4
801.57,640.06
803.6,17.493
798.69,604.83
799.44,1205
799.42,1235.5
811.11,87.837
797.1,244.31
803.96,508.47
806.99,1113.1
803.12,477.38
803.02,494.52
803.5,652.12
808.98,584.23
806.71,755.48
805.54,797.74
809.51,337.04
814.25,667.69
805.5,1082
810.56,614.44
808.35,122.88
812.23,137.41
808.24,363.5
810.89,969.56
815.21,53.857
817.93,404.9
815.43,424.06
816.55,254.58
817.57,175.35
827.15,735.67
821.69,858.14
823.46,294.66
824.74,316.22
824.96,69.935
825.23,365.15
822.8,1089.7
823.56,107.08
834.49,380.66
840.45,330.99
826.16,848.76
830.37,1111.7
832.5,419.5
828.95,543.09
829.95,756.05
834.77,171.41
833.28,39.868
832.22,356.56
833.62,490.69
838.98,1243.5
835.87,973.52
841.09,87.547
836.68,542.2
836,722.5
845.14,806.15
837.5,58.5
845.26,764.83
843.94,558.34
842.83,1092.5
843.92,353.27
843.46,675.09
843.86,113.5
852.44,302.23
850.07,440.36
847.01,955.33
846.73,1173.9
849.83,478.57
850.01,653.07
855.56,1142.1
851.91,1024.6
851.57,750.95
852.42,580.42
853.79,1246.8
853.21,919.37
869.73,849.34
855.81,632.74
855.5,1164.1
861.38,89.308
860.6,345.68
859.13,451.96
858.29,730.73
876.93,202.98
860.26,572.07
864.71,817.17
865.55,172.45
862.04,264.93
863.58,784.9
863.68,385.42
866.7,617.55
869.99,10.655
869.07,506.19
870.16,1196
865.45,1052.2
866.93,637.93
870.09,668.25
865.76,987.9
872.29,459.98
866.43,1129.6
867,805.5
870,1021.2
870.56,925.11
872.19,60.861
871.86,93
874.98,397.19
876.3,901.16
879.02,1000.4
878.65,304.96
882.07,633.75
886.61,558.81
889.19,325.84
884.91,58.656
884.38,1181.9
879.5,787
883.19,1151.8
885.3,285.27
882.58,343.44
888.08,384.72
881,768.33
883.83,180.71
886.25,1206.9
887,732
885.95,788.1
890.85,1023
888.86,223.5
891.03,442.84
895.19,1002.5
892,1085
893.5,616
897.65,883.71
905.56,1033.4
907.75,1120.6
900.49,15.11
903.03,354.29
901.18,687
900.34,1216
900.5,1231.9
901.8,104.17
901.63,914.03
905.54,77.537
915.35,1052.5
904.29,1195.5
907.42,225.68
907.24,1168.2
907.6,727.18
916.17,1001.2
908.91,660.96
911.09,339.18
908.83,704
921.57,251.93
911.45,560.58
912.04,584.16
912.45,597.96
916.84,389.12
921.02,808.58
917.14,1084.1
922.54,202.89
919.47,327.37
922.46,506.44
919.35,153.73
920.83,297.33
919.5,377
921.52,548.06
923.61,674.64
920.69,445.52
920.67,733.42
925.33,917.46
934.6,1141
935.68,569.3
932.01,694.4
936.55,1106.6
929.45,1174.8
936.75,499.32
934.35,854.45
936.42,332.26
940.9,109.98
934.96,1042.7
939.44,554.46
939.22,135.54
938.58,179.62
943.68,1241.5
941.41,590.96
939.44,661.8
944.82,1169.2
940.84,1024.1
942.5,251
946.44,34.18
946.63,82.016
946.58,534.9
946.97,839.86
947.16,341.44
950.38,611.65
950.31,1013.9
954.38,630.16
966.1,12.176
952.89,50.648
953.96,173.42
953.1,894.49
954.22,323.2
957.93,217.35
956.38,798.63
956.02,345.98
955.88,677.5
957.23,859.93
962.31,1173.1
966.2,734.84
976.01,496.72
969.85,699.64
963.41,266.94
966.26,475.89
965.46,988.09
977,254.28
969.44,220.2
968.44,1078.9
970.13,30.056
986.9,360.77
969.15,788.46
970.06,1154.8
970.58,233.42
974.87,78.405
973.69,316.82
974.76,1039.5
973.83,684.93
974.53,867.28
980.54,611.36
977.41,342.61
978.31,400.89
981.43,1161.3
976.8,99.87
976,333
976.64,552.5
980.05,1238.8
982.32,542.46
981.5,591.25
984.04,716.16
979.83,850.93
981.34,525.68
983.82,39.182
985.99,158.19
983.23,901.4
986.66,646.38
992.09,685.33
985.44,1180.5
988.94,555.78
993.44,425.54
1002.3,411.56
992.61,323.11
992.07,1050.4
998.12,272.72
993.94,509.6
996,55.103
997.3,137.61
1000.9,249.6
1000.1,77.615
998,296.24
998,419
998.73,875.08
1004.3,325.36
1002,564.89
1001,694.5
1005.7,711.37
1005.1,360.54
1008.4,517.74
1006.3,590.15
1010.2,63.691
1017.2,118.83
1008.2,816.3
1010.5,1141.2
1007.3,968.68
1007.7,1236.4
1011.2,881.3
1011.8,472.34
1013.3,1088.5
1016,548.28
1022.9,287.18
1017,1201
1017.6,621.36
1020,674.13
1018,586.38
1027.8,751.35
1022.1,80.19
1021,429.09
1022.3,165.88
1025,179.45
1028.6,56.638
1024.6,642
1026.6,272.82
1029.7,591.89
1025.5,707.5
1025.6,883.19
1026.4,1246.7
1025.5,1050.5
1029.6,25.095
1027.9,1039.1
1031.5,509.27
1032.7,832.54
1030.6,374.75
1029.1,1028
1035.4,489.39
1032.2,959.76
1040.6,1210.8
1037.4,462.98
1035.6,206.05
1038.1,159.11
1040.5,681.67
1040.6,929.2
1051.4,1166.1
1041.7,367.94
1044.9,863.09
1041,1017.5
1042.5,964.42
1047.7,652.8
1048.8,17.742
1046.1,247
1046,344.74
1049.5,268.59
1050.5,1127.1
1047.1,302.86
1054,401.41
1049.8,944.14
1052,152.27
1049,837.65
1047.5,187
1054.5,608.81
1050.5,726.36
1049.5,974.5
1049.7,1038.8
1057.1,985.12
1052.2,873.14
1051.5,91.5
1056.8,442.58
1060.3,176.82
1056.3,1117.7
1057.7,342.31
1058.6,501.8
1060.2,278.41
1061.2,352.46
1063.3,688.71
1061.4,861.93
1065.2,933.07
1080.9,135.12
1062.9,294.9
1069.6,650.92
1074.6,947.82
1069.6,854.03
1068.8,1010.1
1069.5,671.5
1082.3,336.98
1072.7,459.33
1074.3,1164.7
1075.9,266.18
1078.6,747.43
1076.2,48.44
1079.1,189.08
1077.4,699.02
1078.2,890.43
1076.6,982.05
1077,100.5
1079.8,723.62
1078.5,822.58
1080.1,576.44
1083.6,424.29
1082.3,855.33
1085.1,67.682
1086.3,218.2
1094.8,469.15
1088.8,541.5
1086.6,485.91
1089.7,673.21
1088.8,977.71
1097.5,807.92
1092.5,705.19
1092.1,1002.6
1092.7,125.34
1092.9,865.35
1094.9,225.57
1093.9,639.09
1097.9,372
1097.5,604.43
1098,1124.1
1099.3,173.62
1102.2,313.19
1102.8,531.54
1104.5,894.84
1109.7,241
1112.6,660.78
1107.9,678.49
1111,946.74
1107.4,561.89
1111.5,1030
1108.9,170.86
1108.8,712.33
1111.8,66.735
1113.7,323.17
1115.2,387.67
1117.7,444.4
1125.2,613.27
1123.5,1068.2
1117.4,775.63
1118.4,22.429
1128.1,530.01
1126.1,1088.1
1124.7,36.795
1128.7,405.81
1125.3,484.94
1124.6,803.07
1132.7,121.86
1128.8,501.41
1132,862.83
1131.1,949.42
1128.9,288.06
1132.1,560.81
1128.9,741.09
1132.6,1241.3
1131.4,148.17
1143.8,914.17
1134.4,342.56
1133.3,1017.2
1134.3,1153.2
1141.9,317.91
1134.9,719.91
1139.9,191.62
1139.2,1101.6
1143.4,742.59
1145.1,1084
1140.5,885.21
1142.3,1121.8
1149.2,1068.5
1142.9,261.88
1143.3,517
1148.5,547.82
1149.8,443.65
1145.9,1019.1
1153.2,395.96
1151.2,1133.1
1151.7,473.45
1150.3,576.54
1150.6,844.22
1152.5,759.94
1151.8,880.91
1151.6,1166.2
1155.4,283.19
1161.3,1031.6
1158.4,26.902
1156.4,246.31
1157.6,361.74
1157.1,862.5
1158.3,1243.1
1166.7,457.83
1177,824.01
1165.2,614.28
1164.2,130.45
1162.9,1120.5
1169.4,173.76
1166.9,216.71
1164.6,650.37
1170,522.98
1168.8,115.18
1167.1,1072.8
1171,1231.6
1182.4,363.59
1170.5,708
1174.4,1184.5
1172.1,4.4211
1182.8,1082.5
1174.5,601.44
1174,930.5
1176.4,996.76
1182.4,277.77
1175.9,620.57
1177,1165
1177.9,477.58
1179.8,973.74
1178.4,423.4
1187.8,1148.6
1185.8,301.64
1185.5,781
1185,1020
1190.5,90.406
1200,200.12
1190.3,1217.9
1192.2,147.23
1195.3,161.42
1196.8,1021.4
1205.1,1095.2
1196.5,1195.3
1215.8,561.42
1198.4,903.44
1210.4,291.07
1199.1,519.09
1200.5,759.91
1204.8,266.34
1206,91.011
1206.5,306.82
1208.6,1071.7
1205,1138
1208.6,717.82
1207.1,842.56
1205.8,932.84
1207.9,338.9
1213.6,1038.7
1209.4,34.526
1211.6,969.37
1213,694.99
1210.9,808.61
1215.4,133.73
1213.4,154.09
1214.9,357.5
1216,176.6
1220.7,447.14
1220.2,633.61
1227.2,313.77
1233.4,53.594
1223.6,378.58
1223.7,585.71
1227.4,81.521
1224.5,762.78
1228.1,726.92
1227,1048.6
1230.6,405.15
1226.9,518.17
1228.3,710
1233.9,1235.6
1233.1,135.74
1235.7,274.45
1236.4,115.61
1236.3,127.73
1238.4,646.53
1238.2,169.31
1238.8,321.6
1239.4,228.57
1242.6,911.28
1242.9,944.89
1239.8,1197.1
1241,736.3
1241.2,746.72
1244.8,216.5
1246.4,1214.6
