3.977,16.77
2.3438,830.22
4.9,792.38
11.819,625.65
12.227,399.77
15.333,809.56
24.944,9.6831
24.35,668.28
29.653,1187.1
31.386,505.5
32.217,409.87
33.633,1173.4
36.029,1058.9
39.133,1244.3
37.6,667.96
39.344,788.08
49.57,482.65
46.421,125.11
54.605,364.7
56.595,114.36
59.845,1100.3
63.697,82.697
64.262,286.74
67.195,974.64
67.061,1177.9
65.547,1200.4
70.629,429.86
74.359,887.4
74.93,1015.5
83.34,137.81
83.052,198.52
83.344,101.68
81.762,463.29
81.074,936.59
85.763,615.1
86.443,1074.1
90.019,1045.8
95.337,686.67
91.436,775.55
94.929,3.9294
95.825,361.67
98.143,901.5
99.206,971.38
102.22,380.96
111.41,720.9
114.1,856.69
112.11,380.58
115.44,458.93
115.82,692.6
116.56,59.442
118.95,87.156
117.39,357.86
124.84,1240.2
126.46,1142.6
128.54,258.95
143.93,390.72
143.05,867.77
144.42,821.89
147.7,922.81
147.42,1189.1
149.58,90.576
154.53,219.62
158.44,1012.3
167.67,174.9
167.25,1095
167,847.32
171.9,287.1
177.85,333.86
178.78,534.97
180.41,257.1
191.25,1168.8
194.45,308.02
203.07,967.89
207.73,713.63
209.93,372.59
213.29,58.744
211.85,213.46
214.66,401.09
213.5,736
214.65,719.86
221.68,130.73
228.03,1061.6
229.07,1218
227.91,349.91
229,744.25
227.5,891.5
230.78,1141.6
230.6,545.6
236.49,923.49
238.75,1176
242.52,250.22
244.56,635.97
241.42,693.89
245.73,852.61
245.07,997.41
247.5,747
248.93,73.025
252.15,795.1
260.91,1191.9
265.57,133.61
267.41,932.41
271.56,612.05
271.89,3.7556
276.11,705.71
272.09,852.91
278.88,336.94
277.66,384.57
285.22,185.15
282.82,874.51
281.89,1218.4
291.93,92.593
303.38,892.34
310.03,1216.5
316.71,450.29
320.8,315.49
318.58,463.42
323.77,529.77
322.95,813.91
326.14,917.3
325.94,82.553
327.54,574.03
335.41,783.92
338.58,536.06
340,1022.2
341.43,111.39
342.34,872.85
347.15,1053.6
346.37,551.93
348.93,437.2
349.65,1182.9
351.35,1229
354.3,765.6
355.21,1210.3
370.39,108.14
373.91,1235.6
374.25,139.97
384.14,80.5
383.33,644
387.45,55.419
391.45,678.48
388.58,999.11
394.5,660.1
396.46,875.87
398.1,417.13
401.84,551.25
412.81,664.12
413.37,979.82
412.78,413.53
418.64,1051
423,1199
425,359
427.8,914.48
430.04,725.44
430.5,37.5
432.37,322.37
435.1,1185.9
438.26,364.47
443.02,533.23
448.39,84.496
451.64,665.79
449.17,296
453.12,486.55
454.26,701.32
456.33,234.57
457.5,1118
459.74,1175.5
464.13,199.66
459.69,294.91
459.08,720.92
462,1080
463.2,1001.6
471.22,677.84
471.69,120.09
476.11,185.14
478.23,395.83
478.79,348.77
477.5,910.5
480.27,142.72
482.73,1232
487.77,1128.8
486.3,513.39
488.46,155.99
486.34,1070.4
487.67,414
493,778.5
498.39,558.32
503.15,637.6
504.05,41.355
504.06,486.06
506.45,959.94
508.81,715.34
516.15,646.12
521.56,12.077
523.42,212.68
525.99,1148.6
531.46,561.62
536.44,72.966
547.18,651.07
544.96,186.67
549.23,999.75
548.83,1094.1
546.56,438.54
547.3,1154.6
554.58,76.234
551,845.5
557.02,145.14
564.16,907.09
559.91,561.35
563.06,608.44
570.01,306.53
566.6,462.99
569.14,543.6
568,926
575.98,482.06
589.5,810.76
592.44,739.44
594.07,666.59
594.45,1158.7
595.93,487.19
595.2,1213.1
598,47.76
602.63,654.32
603.12,6.475
603.31,234.94
604.88,615.74
605.73,890.69
610.26,166.57
611.74,464.51
612.27,387.82
610.32,428
618.32,1026.6
628,1114.1
625,410
625.17,634.07
627.34,1222.9
627.19,221.36
635.78,1126
636.31,587.22
641.42,838.3
644.05,263.2
649.42,1181.6
652.2,166.97
655.14,237.61
655.88,1136.6
661.6,247.64
663.31,744
670.59,541.1
675.75,430.81
673.83,679
677.74,1096.4
678.02,292.95
679.53,875.32
687.72,345.77
689.25,214.81
687.83,761
689.29,1031.5
694.67,653.84
692.58,851.42
694.56,161.08
698.13,878.57
698.23,1231.2
709.06,204.93
709.43,516.97
707.52,411.29
708.57,237.57
707.92,833.08
711.5,668.5
711.85,374.54
714.65,751.88
718,729.5
720.33,33
726.56,854.68
726.92,927.2
724,1117
726.44,911.93
733.19,665.94
731.26,571.86
729.5,1060.5
739.71,393.12
740.6,1228.4
740.5,456.78
743.26,59.077
748.12,627.64
750.63,847.27
749.97,656.15
751.79,890.17
749.22,1241.7
752.65,828.24
754,102.62
756.41,404.75
759.74,1196.7
757.5,517.84
756,199.5
761.13,1168.4
764.98,13.467
761.4,466.64
760.86,1215.9
763.92,1012.2
766.28,773.53
766,633.5
768.91,85.091
769.15,615.65
774.58,878.23
772.93,651.73
774.27,1213.4
783.61,9.458
783.69,848.69
787.95,106.87
788.12,197.04
786,125.5
788.14,1053.8
790,620.24
788.14,635.61
796.07,662.59
798.54,631.38
800.45,372.45
800.94,775.91
804.7,902.75
804.77,1217.6
803,1201.2
807.58,1169.5
819.62,583.34
821.33,1240.5
828.65,1115
827.03,1224.2
827.16,893.65
835.78,942.72
839.8,95.712
839.81,1236.5
845.47,357.05
845.66,514.1
846.58,1048.1
848.94,982.37
847.77,1219.5
848.27,736.55
852,633
862.28,1162.9
868.53,558.78
859,1211.5
862.25,1049.2
862.42,602.3
866.63,1220
870.57,141.64
869,3.5
876.03,1018.2
872.6,254.6
874.35,1144.9
873.39,1163
880.63,644.03
889.34,782.32
890.05,875.04
889.82,1052.4
895.66,823.94
895,703.65
900.39,154
901.65,795.55
908.02,611.47
911.64,996.59
915.21,1154.2
913.9,784.61
912.44,594.68
911.94,898.09
917.98,636.07
920.48,936.17
924.51,1101.8
919.85,585.11
933.07,1157.6
933.61,130.14
933,1181.7
935.25,635.64
945.26,770.13
940.31,1128.2
944.13,476.67
942,181
943.83,790.72
943.27,1082.6
946.2,385.44
950.51,249.89
952.8,460.52
956.8,288
953.61,1140.1
955.24,569.74
954.41,743.93
964.1,314.62
971.04,546.6
971.19,239.86
971.5,689.5
970.5,802
974.58,1194.1
978.15,60.096
980.35,718.14
984.07,1201.3
985.28,852.14
985.5,1226.8
995.65,1168.5
1003.5,121.08
1006.4,266.04
1006.6,1161.2
1007.1,1230.8
1012.9,645.98
1010,538.83
1009.5,1001.5
1018.5,1156.8
1017.7,1133
1023.5,247.28
1023.7,770.55
1026.6,524.34
1024.5,591
1024.5,921.5
1027.8,1089.2
1024.5,1074.5
1028.6,1172.4
1030.2,1229.2
1040.2,1029.5
1041,269.75
1044.5,1233.7
1042.2,170.74
1046.9,1128.4
1045.5,1192
1049,7.4262
1048.5,155.5
1052.8,955.4
1057.7,1166.1
1059.5,224.58
1061.5,1152
1063.8,200.85
1066.6,148.63
1069.3,259.08
1080.9,784.4
1080.4,1057.4
1086.4,1174.8
1092.6,668.68
1088.5,992.06
1093,1209
1093.6,961.69
1100,500.46
1095.3,131
1102.6,702.92
1103.6,878.11
1109.6,26.706
1113,190
1119.3,384.2
1127.7,224.92
1122.5,631.41
1129.1,643.83
1130.8,282.57
1139.1,99.403
1145.3,332.25
1141.2,647.23
1142,902.32
1144.1,1034.9
1148.7,627.42
1148,1051.8
1148.9,838.58
1152.9,71.812
1157.5,464.75
1156.7,945.03
1164.6,202.54
1165.7,590.59
1170,298.17
1170.5,1085.5
1172.8,69.429
1173.4,1102.4
1175.5,23.707
1184.4,919.99
1181.1,234.91
1187.6,598
1188.1,274.41
1197.4,1233.1
1197.9,505.09
1199.2,784.44
1201.7,363
1206.6,698.42
1205.3,772
1208,738.35
1210.5,679.45
1220.7,102.63
1217.6,882.92
1227.1,1077.2
1230.7,257.34
1227.5,742.5
1230.5,511.36
1233.2,988.3
1234.8,1095.3
1237.3,726.64
1234.6,1205.1
1237.8,775.52
1240.1,9.4074
1244.9,757.93
1244.8,582.44
1246.7,1234
