3.8533,988.57
3.6709,1136.8
7.0741,909.02
10.441,720.03
9,886.32
10.288,1121
11.071,345.81
15.949,1069.6
20.027,395.8
26.341,1144.8
32.212,12.771
37.803,42.116
38.964,831.18
51.766,1154
58.832,907.19
57.894,95.2
69.258,525.31
78.4,899.17
83.909,1116
83.429,522.57
87.633,762.37
88.457,833.3
89.386,988.74
89.649,25.93
89.564,680.67
91.667,506.37
94.024,579.92
95.424,235.42
97.467,1000.2
103.5,885
108.93,589.7
110.53,108.07
115.55,257.32
115.5,849.5
115.32,1064.9
120.41,76.214
133.91,720.41
136.2,180.09
138.8,1069.8
138.54,574.92
143.54,993.77
153.56,1188.8
162.75,979.77
161.69,583.89
160.37,69.519
162.57,1090.5
164.09,18.091
166.96,624.57
175.94,983.86
179.32,26.709
189.17,837.89
181.93,1071
185.2,275.56
204.47,593.79
204.28,565.12
207.5,660.5
210.95,85.196
214.76,844.54
224.56,297.2
224.81,620.07
226.56,692.97
225.42,1053.6
227.17,887
231.92,332.5
237.04,103.85
237.05,24.849
233.4,1216.4
237.49,175.08
242.29,62.708
243.31,287.73
246,1038.5
267.87,479.15
263.44,237.01
267.27,270.41
271.54,30.154
272.86,798.92
272.67,880.56
272.09,1144.9
274.93,97.045
277.54,658.65
277.03,1089.1
283.3,1124.1
289.37,599.37
290.96,15.673
291.82,394.49
292.63,852.05
298.81,1158.9
300.87,908.87
307.15,660
309.45,295.54
306.5,718.87
315.89,1162
318.37,200.52
321.44,717.77
324.46,484.41
328.07,23.929
333.67,244.66
331.87,768.13
333,1026.4
341.48,928.08
346.32,829.98
345.71,135.55
346.72,1082.1
349.28,983.91
353.2,909.63
356.28,692.47
357.38,452.5
361.83,1038.2
362.86,919
367.55,1060
372.71,1227.4
368.73,1130.8
370.53,198.82
371.95,454.47
372.58,786.89
374.71,354.55
376.4,763.63
378.31,845.28
378.86,78.139
390.26,1137.9
391.89,1087
392.01,459.29
391.97,280.32
392.41,311.41
396.19,877.72
395.65,360.93
396.5,866.38
397.67,999.67
398.19,600.07
404.19,1184.7
406.28,142.8
404.47,719.58
406.76,765.4
408.07,441.49
412.27,217.65
419.19,1030.2
420.51,296.97
421.59,270.89
424.76,436.3
424.98,675.89
428.14,126.9
430.17,1175.5
428.14,202.5
431.46,876.16
432.37,233.54
435.85,15.394
435.79,919.84
435.07,63.585
438.74,384.87
440.95,456.18
444.76,967.32
445.42,651.33
447.15,247.83
449.34,614.38
454.82,281.33
455.61,748.73
456.04,564.62
454.65,1149.9
456.06,635.69
456.66,725.53
461.9,895.5
465,364
466.08,573.08
469.5,62.5
475.45,642.42
478.88,1241.5
483.95,898.42
483.61,173
485.9,868.38
494.18,448.51
489.52,469.6
489.52,404.87
501.83,1101.2
501.34,411.31
509.6,514.77
523.92,371.96
514.8,620
511.05,979.83
512.17,1028.9
516.63,167.86
519.88,957.89
533.81,455.51
524.86,507.67
523.08,815.56
532.85,1191.9
537.02,703.89
541.5,246.88
539.58,409.39
538.09,988.9
537.78,325.55
537.4,1118
538.62,1208.6
539.83,101.87
546.88,113.22
553.61,438.87
556.5,1048
571.32,253.33
568.29,382.71
572.52,484.91
568,1112.3
574.25,153.42
580.57,946.47
580.67,722
585.62,1028.1
588,142
592.92,783.92
598.54,400.62
596.07,60.593
601.43,484.79
598.39,645.86
603.43,363.4
605.84,106.17
611,1068.3
611.27,597.74
610.46,3.122
610.5,737.5
609.37,1215.6
611.43,426.96
617.5,652
619.79,467.5
623,1069
635.12,545.17
632,672.18
633.85,1185.9
641.17,749
643.83,395.88
646.52,164.9
656.13,211.06
653.5,516.5
657.49,52.259
655,862.5
656,91.5
657.35,1061.9
659,179.29
663.7,336.91
664.39,1167.8
667.57,653.95
668.41,677.71
669.58,222.96
668.93,406.07
673.48,804.04
673.82,1217
676.08,699.37
678.13,387.99
677.83,662.79
678.54,1129.4
679.92,763.52
693.21,539.96
691.07,133.8
690.5,171.5
693.84,847.65
697.12,1077.8
707.5,953
713.12,675.86
716.71,267.22
718.61,375.86
719.98,1220.4
721.48,817.68
722,971
725.21,213.84
724.16,928.65
725.5,1043
729.6,1182.9
740.58,409.12
749.75,622.84
757.48,801.24
757.12,729.26
758.52,114.44
759.45,1131.3
758.39,1200.6
759.04,378.33
761.61,965.2
765.05,700.26
763.09,391.09
766.69,514.45
770.07,875.44
769.83,377
771.97,798.1
771.24,1034
771.09,254.91
772.85,1121.3
776.12,136.12
787.04,814.07
798.14,27.86
793.46,682.92
794.39,1112.5
797.84,797.25
800,1131.1
801.71,106.85
806.63,866.63
816.1,329.84
819.5,864.5
830.9,165.59
831.02,742.43
828.12,758.35
834.83,104.31
834.15,668.46
836.54,857.2
841.05,438.15
838.39,801.86
846.27,1195.3
846.31,558.45
851.5,793.5
854.07,369.41
854.09,1030.9
859,53.25
859,1195
866,695.42
867,791
870.34,1208.9
873.61,420.82
872.45,887.19
868.4,669.6
878.67,169.4
879,1101.8
876,1236
884,576.61
884.27,609.48
889.82,86.658
891.45,761.22
894.64,363
893.85,1057.5
896.67,282.44
907.55,814.48
904,912.5
906.56,45.965
904.92,719.44
914,545.81
917.93,841.88
923.01,1084.7
916.1,203.84
917.84,289.62
919.33,1025.4
928.37,667.83
929.1,1145.2
929.5,213.5
929.42,473.55
941.93,370.59
947.5,152.99
946.33,1195.8
946.44,579.21
946.53,805.67
948.5,347.5
951.25,734.75
952.62,638.32
958.78,416.15
959.03,77.791
959.58,250.42
960,953.13
968.5,301.55
973.74,285.36
972.88,13.767
969.37,1190
974.73,690.85
978.68,602.04
976.5,1247.2
989.4,879.7
982.24,576.24
985.74,352.02
985.08,630.89
984.2,91.44
997.39,793.14
1000.9,648.81
1002.5,747.5
1004.3,239.85
1007.6,605.44
1006.6,773.11
1013,260.5
1017.1,170.36
1016.1,76.44
1016.4,207.03
1020.9,618.13
1031.3,766.15
1032,216.93
1035.6,995.05
1035.5,70.125
1036.8,463.27
1045.8,242.65
1044,1191.5
1053.5,537.77
1053.5,1056.3
1058.4,287.77
1060.4,124.38
1060.4,304.51
1059.3,651.38
1061,447.03
1060.5,1164.8
1066,767.32
1067.1,742.09
1070.9,1053.6
1078,66.309
1082.4,1117.8
1088.1,634.15
1086.7,908.45
1086.6,1080
1089.6,994.67
1094.3,271.39
1096.5,795.94
1099.5,349.77
1104.7,372.14
1099.2,660.14
1107.4,226.42
1108,731.34
1106.4,716.42
1116.1,751.48
1114.7,241.1
1117,1002.6
1111.5,192
1113.8,91.444
1117.9,282.19
1115.6,487.89
1122.5,414.44
1120.6,376.11
1123.1,101.56
1128,597.7
1133.7,1107
1138,324.85
1135.1,469.5
1140.5,56.409
1140.8,436.09
1139.9,711.45
1146.7,947.12
1144.5,249.42
1146,355.2
1145.4,882.29
1151.4,586.11
1155.4,757.95
1157.9,666.45
1165.5,344.3
1166.5,1006
1168.9,762.65
1170.9,738.8
1178.6,683.25
1175.6,1154.9
1184,58.081
1187.6,114.11
1194.9,516.65
1200.6,613.71
1206.9,263.65
1204,1046.7
1204.9,1121.8
1206.1,972.41
1209.6,719.32
1209.7,883.49
1212.8,209.64
1220.1,150.32
1223.5,180.86
1229.3,249.79
1231.8,64.202
1239.5,871.31
1245.3,808.62
1244,923
1246.2,572.73
1247.1,1187.4
