2.7447,444.83
2.7442,768.23
2.5102,839
12.175,1002.2
10.389,878.86
11.074,913.41
16.551,622.72
15.579,397.11
18.451,778.29
19.625,383.92
18.846,806.65
20.686,207.91
20.462,972.77
22.552,793.41
32.113,404.95
29.656,1008.9
33.093,377.88
32.69,296.14
37.774,1171.6
37.676,484.95
39.44,951.85
42.033,664.12
41.091,94.909
47.327,231.56
50.109,1059.4
53.321,872.58
55.769,126.46
63.52,10.69
63.091,420.91
69.273,284.13
70.5,43
75.936,581.76
79.403,155.48
79.385,513.6
80.392,734.87
79.367,200.5
80.586,446.1
89.337,98.482
84.906,429.13
87.95,52.485
87.564,257.7
90.184,75.026
93.667,3.7821
96.538,360.57
98.317,509.41
98.306,196.33
104.8,17.467
106.88,316.96
104.44,1098.9
109.96,1045.8
113.13,435.01
119.84,355.07
120.35,454.5
121,1095.9
121,586.75
127.5,619.45
134.79,650.74
143.78,348.5
142.35,404.61
143.84,811.57
163.19,549.46
162.18,918.96
161.9,115.78
164.45,365.34
176.57,166.27
170.42,843.58
177.4,395.11
178.91,1223
178.75,331.84
182.34,220.77
185.11,1209.4
187.59,991.26
195.6,242.71
197.7,687.5
196.91,992.91
200.33,382.94
201.58,754.23
208.83,1040.6
211.94,326.57
220.03,34.363
219,980.14
225.03,988.81
227.07,9.4074
229.56,276.96
232.28,1059.4
252.63,1015.3
256.68,73.91
255.76,791.69
267.1,860.09
275.05,953.02
278.11,1213.4
280.5,373.94
283.87,424.32
284.93,1064.3
288.12,753.99
291.33,200.42
310.1,65.479
314.44,425.52
313.64,694.57
325.4,696.1
329.17,915.49
330.98,1044.4
333.2,35.624
332,1001
339.85,780.8
335.5,1245.5
340.42,664.78
346.33,106.54
349.71,28.034
348.96,550.43
354.06,765.4
353.56,1226.7
360.6,654.47
359.44,795.83
359.91,629.91
360.91,883.09
363.5,370.39
369.5,5.5
375.43,1176
376.34,165.51
378.13,974.66
378.33,684.46
378.56,558.46
382.55,250.18
387.95,1012.9
394.12,705.91
403.94,549.06
408.56,255.17
408.62,1142.4
413.3,489.94
412.58,826.89
418.09,751.91
421.47,35.818
427,171.5
429.66,888.38
432.6,910.89
436.27,510.88
439.03,346.79
441.75,77.833
450.76,664.99
449.17,108.88
452.55,81.394
457.52,482.05
455.43,564.09
454.84,284.09
461.25,116.26
460.5,196.72
460.28,891.13
460.26,1142
464.12,450.12
468.15,641.03
474.29,728.22
473,802
473.17,817
477.4,570.4
477.63,247.37
481.32,1048.2
483.14,140.14
488.82,54.777
492.58,581.33
490.5,364.5
495.55,274.97
507.71,636.58
504.15,552.35
505.43,209.34
508.27,483.43
512.28,712.56
508.91,957.91
512.5,660.41
513.8,921.2
522.29,1157.5
536.55,169.53
535.91,432.92
544.19,56.764
543,675.5
552.44,648.94
553.78,995.6
555.6,144.76
551.89,497.37
551.5,1093
559.48,920.48
558.21,1085.8
566.15,606.09
568,443
571.16,133.27
573.35,904.14
573.44,85.422
576.96,372.6
579.91,441.17
578.93,777.56
582.42,714.42
583.58,268.58
587.24,565.21
606.22,232.64
601.05,767.07
605.47,4.7848
604.38,1065.3
607.81,614.43
605.5,736
607.23,1175
608.18,1050.1
609,67.174
616.59,959.86
620.42,55.452
624.29,1069.1
630.07,403.2
629.2,464.67
629.5,858.44
638,97.5
651.52,731.46
653.57,1106
656.59,163.73
656.75,628.25
669.14,726.5
671.83,905.99
676.43,925.53
675.08,317.98
676.46,1120.7
675.91,171.09
679.76,1189.3
677.83,262
681.41,462.97
679.09,531.91
682.05,1049.1
682.39,1220
688.65,1004.9
686.6,274.64
691.89,1142.2
701.79,875.92
704.83,739.66
707.89,521.75
706.34,960.33
708.74,9.96
708.78,53.022
708.34,706.9
710.74,1080
713.65,360.02
718.37,880.63
720.39,105.5
720.05,993.84
720,522
727,264.61
729.47,879.37
733.87,473.53
734.15,571.1
738.19,1089.6
737,199
738,530
756.5,84
761.11,401.27
761.21,197.08
764.55,1191
765.5,138.5
765.34,973.53
766.09,806.91
768.66,1057.8
769.58,289.89
781.94,9.0079
781.34,656.36
781.56,44.542
786.08,1139.9
793.39,388.09
792.56,618.26
794.64,253.43
794.8,97.779
796.07,497.59
797.76,926.8
800.41,462.96
796.5,635.5
808.2,369.19
804.56,675.92
811.48,899.44
807.42,1075.8
809,540
812.34,988.91
814.92,467.44
814.83,521
817.15,824.05
816.42,258.11
822.06,1092.1
824.74,99.277
824.95,767.34
827.25,1230.1
828.8,618.91
832.14,283
847.14,1045.2
844.42,1142.1
846,145.18
854,1059.5
864.91,558.08
862.07,430.41
868.38,611.67
865.1,1202.4
874.52,138.36
868.31,298.17
871.02,572.1
871.1,1180.8
872.4,883.81
880.4,668.6
883.23,332.42
883.83,173.7
885.98,649.64
886,769
891.34,873.31
891.2,485.38
901.82,1225.9
899.63,911.95
898.46,631.08
904.62,301.04
905.9,120.45
907.39,255.86
916.48,893.96
917.09,1160.3
921,632.5
924.81,933.65
925.96,542.14
936.76,676.59
938.39,1167.9
939,1041
951.6,57.903
955.18,771.48
956.96,457.42
959.16,316.06
959,744.5
957.88,431.35
961.5,336.5
966.67,834.26
968.89,1155.2
970.57,1115.6
973.11,88.814
970.43,384
972.5,1098.5
979.35,1211
984.09,713.77
984.94,314.45
992.76,810.55
991.35,66.731
997.32,986.74
1005.3,263.01
1004.7,1190.3
1000.3,188.59
1005,1102.5
1006.9,1083.1
1014.6,1232.6
1012.9,69.345
1012.6,781.44
1015.6,816.37
1017.7,845.63
1015,749.17
1017.8,382.25
1020.9,1206.9
1026,460.57
1025.7,666.17
1026.7,1132.3
1032.1,845.63
1036.5,96.5
1040.2,206
1044.4,127.14
1049.8,620.44
1047.6,983.96
1049.9,513.34
1050.1,874.72
1050.1,1218.1
1054.9,422.91
1062.1,804.2
1073.6,255.73
1080.1,598.1
1084.6,462.29
1097.2,665.33
1088.5,775.68
1096.1,956.88
1093.6,56.633
1105.8,700.61
1105.4,1040.1
1111,1199
1108.2,687.46
1110.8,837.11
1111.6,244.45
1118.2,1175.2
1119,197.67
1126.2,386.49
1125.7,522.01
1124.1,15.878
1130.3,218
1130.7,564.69
1129.7,1120.6
1131.8,263.37
1130.9,1138.4
1138.7,681.5
1134.3,6.3462
1144.7,641.08
1149.5,813.07
1152.7,670.94
1154.4,147.9
1157.2,583.75
1160,463
1170.6,592.87
1171.3,1061.9
1175.4,425.19
1181.7,1120.1
1183.5,773.61
1181.4,887.07
1186,494.76
1193.4,606.89
1194.6,1194
1194.9,208.91
1196,1115.8
1198,1037.6
1197.5,13
1199.2,703.49
1201.6,924.14
1204,659.53
1208,254
1206.9,1153.9
1210.1,589.51
1213.9,735.88
1220.6,313.88
1223,420.5
1225,626.57
1223.5,870.5
1232.7,1073.9
1228.4,1217.1
1231.2,385.16
1238.5,2.7059
1240.4,762.97
1246.4,1234.2
