5.5,95.3
3.8947,539.58
7.0667,623.93
16.109,25.787
11.5,631.5
14.686,153.69
17.414,866.07
19.926,1186.6
24,763.75
23.439,1123.5
28.09,616.58
37.051,16.807
29.143,1231.9
31.174,145.87
35.306,51.661
38.876,1077.1
41.216,88.059
40,203.5
53.605,753.16
67.427,550.27
60.833,724.8
63.105,470.58
63.83,1037.7
70.739,630.26
72.2,346.56
76.776,497.13
75.875,390.77
83.673,129.08
91.062,154.91
94.419,573.55
97.892,387.12
98.421,454.11
102.8,11.44
106.07,165.04
112.77,531.1
130,405.07
126.92,437.44
133.95,22.234
131.45,515.63
139.4,539.5
146,1165.7
144.95,1213.3
150.96,344.13
153.56,605.05
156.68,483.44
158.92,144.08
163.39,294.36
160.86,518.39
174,334.18
176.21,879.88
180.72,708.1
180.12,269.65
185.38,219.05
186.98,535.51
195.06,449.26
197.02,319.06
200.64,925.32
204.1,874.74
202.72,1145.5
214.5,560.01
209,1187
210.26,1080.9
212.23,537.23
214.06,60.906
216.73,903.06
217.93,664.81
222.6,695.44
226.67,198.44
224.5,1124.6
228.39,533.98
234.34,82.126
235.4,660.17
233,592.33
240.15,859.9
239,203.86
241.09,728.91
242.36,365.03
242.44,1194.9
248.21,619.08
255.03,897.71
257.78,1229.3
263.4,231.19
264.69,1087
264.28,476.09
268.5,412.31
276.27,307.39
277.95,666.83
279.76,1202.5
288.47,287.27
289.18,940.49
299.37,310.56
298.14,7.5
300.56,980.17
301.94,143.69
301.29,794.71
306.03,898.02
306.57,649.01
307.09,779.09
308.47,505.67
314.45,762.28
315.75,58.583
316.5,353
321.16,1181.7
316.5,1244
317.93,837.44
326.01,916.52
330.62,17.328
332.95,858.21
337.76,782.42
335.58,1021.1
338.89,427.58
342.29,84.452
349.07,920.83
350.72,1046.5
352.68,160.78
357.74,1180.3
354.87,193.97
355.37,230.53
355.91,1059.9
366.39,1005
368.02,251.02
372.85,305.85
382.69,456.46
384.06,148.92
383.94,1034
385.67,1048.9
389.33,673.39
391.5,717.5
405.34,269.29
403.61,1091.1
405.32,3.45
401.58,747.11
405.16,561.84
405.91,1205.1
408,822
412.36,866.5
422.72,595.89
425,371.54
429.64,58.242
424.21,1244.3
427.64,332.66
428.81,44.287
430.71,219.45
431.76,1077.1
432.5,321
441,92
440.06,479.55
443.48,21.869
442.53,222.81
443.76,1045.7
440.93,1238.6
443.05,645.2
449.5,569.67
445,982.5
447.09,264.91
451.51,730.27
452.55,1031.9
451.7,1175.5
460.89,107.73
467.39,1063.4
467.62,650.65
466.87,1090.5
470.4,259.23
468.96,724.28
469.4,47.2
470.49,93.868
478.24,281.07
477.39,238.91
476.32,132.95
476,755.5
478.31,1093.1
479.4,52.4
482.03,315.65
485.35,69.165
483.2,742.88
488.58,724.94
488.07,765.2
491,515.06
490,34.826
497.28,742.89
494.93,44.414
499,115.07
496.84,410.52
501.63,1124.2
508.71,713.92
504.83,528.98
510.18,4.5714
513.02,924.32
517.07,1106.7
518.14,70
519.38,1148.4
519.81,1024.9
521.91,805.91
525.55,8.4578
525.79,1169.7
524.85,36.032
534.64,776.47
532.9,56.103
538,73.743
539.78,146.24
547,389.14
549.22,846.85
548.91,37.909
549.81,1180.9
555.51,159.03
553.97,106.05
554.5,820.5
555.54,949.78
556.23,1243.1
560.12,368.12
559.71,997.29
559.68,1099.1
560.88,1008.1
561.5,2.8571
564.4,821.37
564.11,564.42
566,457.41
567.85,799.54
570.5,664.41
570.88,111.65
570.42,35.105
576.56,521.03
575.76,874
580.8,164.48
580.56,915.94
590.42,779.42
590.14,1225.1
594.78,615.75
592.15,49.462
591.89,971.42
597.07,263.75
597.84,877.48
597.58,117.58
597.09,697.91
599.56,510.97
603.82,562.91
601.52,1168.3
599.8,1073.4
602.58,1101.9
604.48,1008.4
605.22,27.217
607.12,195.5
618.55,973.42
619.14,1119.2
623.52,646.28
623.09,886.61
624.24,68.457
623.78,635.56
624.3,865.3
631.16,816.01
631,582.5
639.36,516.11
638.56,322.32
639.6,923.7
642.15,1247
642.6,794.36
645.54,968.46
644.81,197.53
646.78,410.7
643.24,1033.9
650.13,860.63
653.2,157.3
655.07,1013.3
663.42,907.47
661.42,443.11
680.92,223.02
673.83,1005
678.41,1105.4
676.95,503.82
675.6,1212.6
680.44,885.08
687,577.5
687.92,514.92
695.37,489.37
696.1,473.19
705.91,720.91
711.98,1049.1
713.11,253.63
717.21,225.86
714.64,323.22
718.09,587.91
722.38,836.56
726.59,21.074
734.83,51.427
732.79,1047.5
737.05,3.7377
750.1,367.19
749.43,1214.1
755.16,1065.3
756.92,501.63
752.42,642.11
762.37,826.83
769.85,494.17
775.89,741.05
773.07,892.59
781.38,1029.5
782.38,326.17
790.11,447.81
793.31,323.23
797.08,1123.9
804.96,47.457
799.07,1041.4
808.06,1233.6
816.73,69.614
819.87,249.02
815.93,825.59
822.88,958.65
824,306.5
830.23,584.66
831.09,752.75
832.01,1161
834.14,441.35
833.12,1209.2
836.21,287.27
836.84,41.429
837.11,613.68
840.43,521.89
841,1011
843.37,169.62
844.57,426.51
849.18,1097.6
846.94,3.9062
854.3,823.94
852.53,282.78
854,527.84
858.5,112.5
860.65,731.99
863.25,772.85
869.59,54.477
864.12,1059.2
865.15,1243.3
867.43,671.97
876.5,407.5
881.95,802.02
881.44,1052.7
881.63,884.48
883.71,358.74
884.16,584.52
890.38,273.71
886.67,1162.2
889.4,1223.4
893.12,689.66
891.73,1059.4
895.14,97.14
897.24,138.31
901.44,1114.6
906.29,15.132
906.51,735.57
911.48,27.867
909.31,413.44
909.23,698.5
915.06,1072.4
912.5,1144
916.32,82.784
916.92,1006.2
927.14,288.91
929.96,404.1
925.9,842.05
932.87,357.81
932,253
933.43,502.18
932.58,28.895
935.85,327.77
936.05,527.36
943.7,382.22
943.18,896.6
947.07,1023
949.42,1035.6
951.88,554.35
959.48,968.57
957.97,1104.9
960.44,198.93
960.42,654.89
965.01,145.11
967.89,1017.1
972.28,923.28
971.43,121.09
975.65,55.536
972.68,1174
974.45,1156.6
983.27,1198.4
986.72,61.683
985.03,559.34
986.75,736.3
990,147
987.65,328.5
988,782
991.49,626.24
992.93,1070.1
996.37,176.95
995.91,876.77
998.16,806.45
997.41,916.07
1000.5,370.85
1001.1,307.09
1006,771
1011.9,181.12
1029.3,475.13
1009.6,504.89
1014.9,255.16
1015.4,227.58
1018.2,130.16
1018.5,518.79
1020,510.5
1023.9,787.91
1029.5,885.57
1028.1,819.04
1046.3,320.17
1041.7,272.97
1043.1,860.05
1044.8,619.06
1050.1,785.8
1048.1,798.61
1053.1,606.79
1056.5,275.5
1059.5,286
1062.6,516.39
1067.9,690.88
1071.9,355.88
1075.1,852.46
1080.1,1218.4
1081.1,657.35
1081.3,891.38
1090.8,776.74
1087.9,332
1089.9,344.67
1092.7,62.82
1093.9,2.3226
1093,210.59
1096.2,1183.8
1100.7,722.57
1097,263.86
1106.3,265.55
1105.5,337.5
1106.9,992.15
1116.9,242.77
1128.9,502.07
1129.2,356.94
1131.5,148.67
1131.2,1245
1135.6,164.02
1139.1,1006.5
1140.6,206.42
1146.6,967.24
1145.6,289.08
1146.6,706.11
1155.6,925.1
1158.5,992.5
1170.4,709.05
1162.9,943.92
1167.7,529.44
1163.9,967.09
1169,1119.6
1173.7,28.394
1171.3,310.68
1171.9,1082.9
1176.7,117.94
1181.4,577.37
1183,1104
1183.9,866
1189.9,1217.3
1188.9,281.56
1203.2,155.64
1204.5,515.12
1202,197.95
1205.9,894.16
1204.1,131.11
1214.2,1110.2
1216.7,910.61
1216.1,1059.3
1219.2,957.26
1220.1,152.92
1221.7,473.35
1226,5.1739
1228.1,620.42
1231,960.97
1232.6,1143.3
1230,1129.1
1235.1,919.62
1232,676.71
1244.9,988.59
