6.7769,325.83
8.5849,801.87
1.8889,1175.4
16.132,726.88
14.798,541.26
11.533,53.956
11.281,204.8
8.5,709.5
13.191,1233.2
15.007,609.09
16.298,681.09
19.922,930.03
20.767,813.98
23.349,248.03
23,436
34.891,772.93
27.576,485.97
30.426,339.07
32.476,192.36
34.653,558.11
39.172,390.86
45.982,607.82
38.917,118.92
44.289,226.67
44.6,449.5
47.407,214.07
49.644,335.43
60.081,865.03
48.703,1168.8
56.242,181.78
51,475.83
54.57,918.78
57.944,418.48
56.192,813.4
59.148,1200.6
61.907,326.48
63.077,85.068
59.963,218.41
62.491,578.6
65.534,1097.2
64.773,1162.3
72.006,1119.1
72.142,215.57
74.97,40.03
75.473,431.73
76.441,1241.5
75.421,761.89
75.667,974
79.33,464.88
80.392,198.53
79.909,931.91
81,852.33
84.632,725.77
88.389,348.49
87.028,77.648
86.116,152.88
86.5,611
89.919,1143
90.731,222.73
88.269,252.77
92.916,1072.8
94.655,320.19
94.524,572.54
100.05,213.29
100,750.5
101.27,501.35
102.75,254.25
105.26,402.43
104.22,710.46
109.63,933.56
112.3,1116.7
109.5,1197.5
113.89,111.05
112.18,322.82
115.57,650.43
121.15,881.91
116.72,541.1
120.04,688.96
117.77,479.98
116.5,922
123.44,1131.5
126.51,312.85
125.12,1191
128.41,499.65
130.2,131.8
137.98,724.71
132.91,450.09
137.2,1010.2
136.58,888.45
142.77,138.77
142.86,288.11
150.3,947.14
148.89,637.49
153.65,370.39
152.14,466.47
153.1,346.69
154.1,821.58
153.91,426.86
152.62,1087.1
163.7,75.519
158.49,582.4
162.24,198.45
165,534.08
170.95,1229
172.31,409.49
174.19,439.52
170,865.7
174.07,45.407
177.57,247.92
174.58,545.55
181.69,320.08
180.88,590.51
180.39,133.07
185.28,1185.5
191.26,151.37
186.73,412.55
191.52,639.4
188,131.5
190.94,440.72
194.64,399.34
195.61,22.861
201.46,426.94
209.56,452.02
205.46,399.6
212.93,1105.1
209.99,522.75
211.61,1222.5
215.33,20.511
213.86,585.42
217.97,342.33
218.74,240.47
221.98,961.88
222.6,1189.2
222.34,143.66
231.27,903.41
228,152.5
229.44,948.93
232.65,541
233.48,792.07
236.44,39.442
236.08,470.56
244.43,135.63
239.91,614.91
245.28,264.77
243.09,748.09
245.38,637.41
246.98,395.14
251.82,845.92
249.46,702.27
255.72,9.4
256.37,444.19
264.79,965.49
260.69,1112.5
272.29,444.78
272.79,776.03
269.88,1125.6
271.37,199.19
274.24,369.43
274.62,643.02
275.5,1012
276.39,117.38
277,1030
280.26,250.61
282.48,813.93
287.22,841.99
284.26,236.79
284.91,961.39
288.98,928.39
289.13,247.26
290.67,346.84
289.57,425.32
289.5,544.5
298.07,872.18
301.16,13.286
311.15,741.25
299.91,1035.1
302.77,115
305.2,390.08
301,853.5
308.94,1162.8
310.29,1222.4
312.91,1037.1
314.95,1019.9
316.51,513.82
321.91,787.2
317.72,640.21
318,1065
319.47,164.28
318.58,935.89
319.76,946.1
324.73,587.94
321.5,598
323.46,614.78
331.12,908.01
331.5,15.808
332.13,109.52
330.94,819.09
331.66,1005.5
341.98,118.3
339.07,382.12
337.51,521.17
352.07,365.48
350,872
356.33,484.64
357.52,58
355.33,450.44
365.34,1233.8
358.91,288.09
360.37,322.58
362.34,603.14
366.81,155.66
368.72,693.21
368,444
372.43,356.37
370.11,851.42
375.17,24.067
377.86,1101.5
379.5,68.5
381.95,1209.6
383,822
390.09,446.77
386.86,351.96
390.22,890.56
387,226.5
388.13,1079.1
395.49,85.37
393.37,632.4
420.66,386.5
393.83,158.31
394.85,973
395.94,181.66
394.57,365.39
401.12,519.03
406,579.55
402.08,1213.1
404.93,689.19
406.81,713.26
408.51,251.17
408.37,490.96
408.12,1094.6
408.5,24.5
409.42,302.89
415.59,211.66
414.5,1088
416.26,504.39
417.67,1236.1
418.65,7.7303
421.93,916.78
419.92,145.56
431.86,712.16
422.91,953.6
423.4,324.92
425.94,296
425.05,497.24
425,1125.5
433.79,553.51
435.65,1156.3
436.17,632.67
439.24,901.29
441.23,362.56
440.41,415.51
444.19,981.5
449.42,87.463
440.86,237.5
442.5,864
444.52,652.43
449.78,669.33
447.05,798.42
456.59,198.27
452.74,614.08
459.62,416.64
460.36,800.17
461.62,349.09
464.4,38.256
466.14,270
468.4,500.49
468.78,772.87
469,109
473.82,435.22
484.46,1080.1
472.5,754
474.93,467.59
477.45,485.88
478,707.5
481.26,848
487.61,836.81
486.82,1012.6
492.59,976.5
488.12,1093.5
490.12,456.88
496.03,10.069
502.61,371.07
500.5,1041
502.44,255.59
503.3,1246.8
514.22,1125.3
520.57,934.34
513.79,1052.4
515.78,101.67
513.43,720.61
521.93,324.93
522.42,856.42
527.5,962
529.5,982.28
529.61,250.14
529.58,71.895
531.09,263.09
534.5,106.64
537.41,379.26
540.92,1034.4
540.46,615.13
545.05,933.05
541.5,855.74
546.89,787.62
550.94,202.29
552.61,453.34
557.44,837.92
554.33,1073.8
559.19,267.84
557.86,140.84
562.87,253.47
571.28,65.995
568.42,586.42
574.02,236.68
575.29,390.77
573.54,484.46
573.03,267.24
580,778.69
575.91,847.09
581.59,8.383
586.04,1173
582.83,220
585,107.18
588,47.333
598.55,312.78
590,1127.2
593.75,984.79
596.83,598.39
593.71,905.45
594.75,164.08
594.05,695.41
597.13,25.333
596.78,183.18
602.45,1131.6
598,111
598.4,681.64
605.76,1037.2
607.97,983.32
610.61,831.09
612.21,1170.8
617.09,1072.4
613.86,128.86
614.73,376.62
619.48,573.85
615.94,1213.8
618,1196.7
620.68,845.09
616.86,998.29
622,1243.4
626.55,893.94
630.74,736
632.02,95.122
634.19,1225.5
633.13,1055.7
636.3,690.17
640.59,787.91
637.69,352.89
638.25,1166.5
640.68,1099.4
643.01,840.02
650.75,585.16
648.12,461.35
651.29,391.92
652.06,745.91
657.42,1089.6
653.08,292.92
655.56,432.84
661.21,746.5
669.35,98.218
667.79,778.06
669.21,374.03
665,541
670.82,205.44
672.18,443.23
675.93,619.32
675.03,1132.9
675.05,1007.9
677.07,238.17
677.23,492.19
676.08,1033.1
684.69,294.16
683.7,639.82
681.96,9.0714
684.37,216.35
685.32,1080.4
684.5,325
691.4,805.16
695.93,1029.8
699.46,775.42
697.4,997.55
695.43,450.61
697.15,327.46
699.74,401.42
704.6,312.91
706.39,728.31
701.45,878.41
702.47,666.72
704.83,642.7
706.81,698.11
707,625
707.86,804
711.68,137.68
710.39,494.29
712.57,668.43
719.31,953.03
724,680.54
721.82,888.48
725.42,942.11
731.9,493.29
730.1,1025.1
731.08,347.2
733.08,367.65
734.64,970.49
742.48,1116.5
733,546.5
747.06,580.55
737.32,851.93
741.38,1245.9
742.68,758.01
740,954.5
748.33,785.31
743.39,996.13
745.26,1.8947
744.5,1178
747,717.5
746.14,1041.9
753.88,1010.6
749.98,191.94
756.72,133.24
759.16,678.01
761.5,156.05
762.45,935.12
760.42,877.65
761.75,1081.8
769.41,234.95
772.5,557
773.53,341.16
776.8,836.29
777,264.5
780.1,519.67
779.5,870.5
785.84,38.103
787.34,547.53
783.93,596.95
786.65,987.34
784,559.33
787.03,1147.3
786.18,835.7
787.83,438.63
789.09,773.91
792.55,187.18
795.56,841.71
798.39,1102.8
808.38,712.3
800.42,736.11
804.36,759.77
803.86,611
805,580.14
805.57,1119.6
812.79,983.2
814.33,842.1
813.57,306.73
815.64,791.85
817,486.5
821.97,729.7
819.92,830.56
825.01,66.339
823.57,1108.7
824.15,658.54
826.88,189
826.86,318
827.48,612.91
827.9,845.84
830.71,509
829.58,974.11
834,218
836.38,942.38
843.91,720.44
845.01,1207.1
837.76,311.56
840.56,395.27
841.21,104.24
841.5,1247.1
847.17,450.11
846.2,576.43
843,1134.5
848.77,921.21
848.95,1057.8
851,169.76
850,534.32
854.37,475.96
851.83,630.66
865.12,436.77
859,1220
871.5,527.72
875.16,720
875.09,1103
874.5,1168.2
879.63,592.28
878,147.85
877.53,105.73
879.18,424.14
883.56,885.41
880.48,377.57
885.49,950.61
882.88,678.1
882.89,859.01
885.71,49.087
885.56,743.54
885.06,1135.1
890.5,236.5
889.67,251
902.57,617.04
891.58,1102.1
893.91,1143.1
898.75,71.915
900.68,146.85
898.54,44.784
903.32,492.45
902.75,307.83
902.5,667
904.48,205.1
903.58,1085
907.81,1145.7
908.8,44.852
909.86,756.14
913.91,76.218
912.67,122.17
916.35,263.29
921.31,274.38
918.04,1045.5
926.58,95.315
926.04,725.38
926.16,848.94
928.11,866.58
930.75,988.5
938.88,12.663
940,148.5
939.24,390.66
945.05,258.56
942.66,805.2
947.64,736.76
947.93,1102.3
947.52,851.89
955.21,452.61
954.2,750.84
961.44,898.33
962.99,1148.3
961.72,32.543
957,868.5
961.53,208.71
964.31,957.02
962.53,479.63
964.3,518.94
962.7,1206.7
967.26,385.66
968.72,758.85
967.32,603.7
968.29,936.73
968.15,1164.8
968.38,1192
969.77,649.09
971.85,1066.2
975.02,1094.9
973,97.333
977.48,992.93
979.77,717.09
982.45,78.462
987.24,866.46
984,513.83
990.52,788.39
988.5,162
987.42,539.89
991.59,900.11
995.57,1219.5
999.31,145.08
1001.2,1031
1002.3,730.32
1008.9,55.965
1013.5,960.32
1014.9,151.4
1014.2,734.78
1015.8,114.78
1017.6,893.62
1026.9,1096.8
1023.2,262.82
1024.1,18.459
1026.5,783.69
1024.6,807.58
1037.3,362.95
1052,439.14
1038.8,698
1045.1,478.65
1049.7,689.52
1047,120.38
1050.2,560.67
1051.6,543.71
1048.9,146.5
1055.4,726.33
1050.2,1138.1
1053.7,281.94
1055.4,411.1
1054.6,67.861
1054,938
1055.2,842.45
1062.9,233.35
1062.2,582.17
1063.6,469.4
1065,762.8
1064.9,1207.1
1066.8,824.86
1072.9,59.176
1067.4,717.39
1068.2,887.42
1070.2,90.083
1072.9,731.13
1079.1,701.49
1075.9,1059.4
1084.7,631.48
1082.9,791.61
1083.6,384.25
1084.3,359.31
1088.5,317.9
1088.5,933.58
1093.1,1049.9
1096.7,250.05
1097.3,445.88
1096.8,499
1098.2,1199.8
1099.5,148.07
1099.2,1127.1
1098.8,1148.1
1103.2,1162.7
1104.8,9.1386
1113.5,1087.8
1108.2,288
1109.1,955.5
1108.9,1057.4
1116.6,523.51
1113.4,49.592
1116.1,590.43
1114.1,178.09
1121.3,406.36
1116.1,470.41
1118,727.68
1120.1,891.88
1124.4,301.1
1126.8,934.59
1129.7,564.25
1135.5,116.34
1134.4,746.09
1134.8,1147.5
1138.3,1183.4
1138.4,632.63
1137,6
1140.5,247.15
1142.1,201.96
1141.5,176
1142,479.83
1153.1,491.46
1149,766.7
1149.7,1086.9
1153.7,317.36
1152.6,564.86
1155.1,137.23
1155.7,687.96
1159.8,199.82
1165.6,159.97
1159,309.5
1167.8,28.258
1161.5,406.34
1162,790.57
1160.4,962.39
1170.6,1089.9
1168.1,190.44
1176.7,891.12
1169.6,1143.9
1171.6,247.48
1174.2,963.76
1174.1,1237.8
1180.7,270.9
1180.1,795.8
1185.7,1001.7
1185.8,68.849
1191.7,922.4
1186.9,900.57
1187.5,1193
1190.3,369.12
1194.9,268.09
1196.3,867
1197.6,161.21
1196.4,720.44
1200.2,81.339
1198,453.12
1201.1,515.02
1203.4,809.64
1203,829.35
1207.9,1205.8
1205.6,599.61
1208.7,756.51
1206.8,1131.4
1210.1,321.53
1211.8,669.61
1208,723.65
1209.5,1092.4
1208,1108.7
1210.4,99.033
1222.4,886.24
1211.1,1003.6
1216.8,559.48
1220.4,373.57
1218.7,920.1
1220.9,11.864
1221.4,679.84
1223.3,1051.9
1221.3,109.17
1223.8,285.02
1222.9,484.09
1232.2,596.69
1230.9,581.44
1234.1,697.09
1237.5,132.57
1240.9,769.92
1243,480.65
1242.9,915.4
1244.5,1017.5
1245.8,301.95
