2.8571,753.43
3.2647,1134.1
6,1188.5
9.6838,1218.9
7.5926,906.04
8.0811,1169.5
14.556,387.97
10.421,683.11
13.3,558.53
16.901,1134.6
22.51,1030.9
22.6,856.01
20.891,1062.4
30.626,888.78
30.825,627.14
39.951,1141
33.133,226.51
33.5,147
34.586,652.41
34.811,714.84
34.5,307
38.56,741.7
39.057,1106.6
46.856,448.45
39,243.68
40.692,273.92
43.385,413.58
39.75,576
45.227,486.91
42.08,961.56
49.764,94.668
45.174,654
47.567,305.12
50.558,143.02
55,609
58.174,525
62.368,562.21
63.5,100.5
64.424,1058.4
65.432,171.05
67.473,583.03
68.367,955.22
77.639,232.07
81.147,681.93
86.481,357.03
81.625,1092.4
84.5,1054
89.552,763.58
90.843,553.9
96.222,427.94
95.5,480.5
103.28,840.89
101.12,1132.9
102.75,684.13
101.68,1073.6
105.98,234.54
103.07,759.64
103.54,793.57
105.87,875.03
107.5,1020.9
109.08,455.04
106.58,827.55
112.52,1165.7
108.5,5
110.09,532.91
111.08,692.95
132.52,640.03
113.59,1193.7
115.43,334.12
115.9,16.468
117.24,1138.5
131.05,140.26
121.55,676.59
123.01,866.89
123.17,396.95
122.9,914.84
127.43,935.89
127.09,224.46
127.42,183.11
133.63,958.48
136.32,85.887
136.4,944.64
138.61,1092.5
141.02,280.36
156.78,532.67
143.39,1007.6
140,1079.3
152.11,164.83
148.88,244.12
153.07,356.73
154.5,1216.8
161.2,1032.8
158.72,49.612
159.04,597.39
158.91,1241.5
161.91,513.91
167.72,1083.9
167.5,361
169,570.5
179.54,44.246
190.02,115.93
184.33,218.39
182.09,802.35
180.77,882.77
183,612.76
185.72,399.07
198.37,781.79
186.9,1240.1
189.77,919.97
188.41,940.11
190.44,161.78
192.11,1120.3
192.57,803.43
195.3,1150.2
196.07,28.593
195.91,386.09
201.11,478.64
203.6,146.4
205.91,497.09
212.24,1112.7
210.39,15.861
216.88,975.25
216.81,25.753
212.53,473.33
216.42,40.529
214.85,375.1
213.5,831.5
215.5,141.5
217.08,232.44
220.31,445
221.75,103.25
221.53,1101.8
224,1122.7
228.28,254.49
224.48,396.91
226.52,690.56
225.37,468.37
228.05,761.92
228.22,1032.3
235.85,1160.3
234.83,445.8
233.66,935.94
235.17,821.86
235.8,164.52
238.1,703.96
238.06,768.18
242.63,1218.1
242.24,1145
246.81,822.35
249.08,151.64
249.03,1022.7
246.77,436.4
246,543
248.88,461.31
247.5,1240.5
250.21,331.21
250.91,1135.9
252.5,7
251.5,133
253,250
254.53,514.02
252,502.5
255.64,268.68
258.29,667.45
256.93,878.59
259.95,960.63
261.6,626.89
261.67,741.22
263.5,374.26
260.62,1138.5
262.65,584.65
265.41,1114.2
262,25
265.88,339.46
264.88,298.42
265.38,542.03
263.5,792
266,528.5
268.17,115
273.2,847.09
272.88,34.902
275.67,11.306
281.16,913.48
277.36,1093.6
285.32,996.11
275,549.5
278.31,883.37
278.5,763
289.34,1186.4
284.49,390.84
285.4,404.64
284.5,1074
290.68,581.5
290.77,249.97
293.38,23.471
294.74,484.95
292.42,853.89
296.5,468.5
320.34,778.8
303.6,1236.4
306.79,251.24
315.38,870.44
314.08,580.51
317.71,717.18
317.95,336.33
315.14,497.39
317.15,1156.7
318.07,752.77
322.25,649.6
316.36,898.5
318.57,930.61
320.08,118.56
322.89,921.39
324.14,594.68
322.93,805.59
327.04,1238.4
328.09,279.14
331.86,1066.5
339.01,508.27
330.43,484.94
331.91,31.868
333,61
333.91,143.91
339.69,297.89
341.95,418.27
344.3,872.2
347.83,308.06
347.24,480
351.05,452.44
351.3,577.11
353.65,684.28
355.79,791.45
361.13,1110.8
356.86,117.46
355.9,921.38
357,999.5
360.13,105.13
365.89,305.08
363.17,197.7
364.53,1042.6
363.5,655
373.99,844.09
376.58,1017.5
377.54,103.71
381.92,792.43
381.5,200.85
385.71,316.88
383.33,742.83
388.9,833.86
385.71,1213.5
390.01,146.73
390.3,537.52
391.75,695.4
392.23,650.23
398.07,1005.4
402.54,396.9
402.79,866.79
402,304
404.04,342.57
408.55,593.53
409.5,301.87
410.95,110.84
410,654
418,980.5
419.05,439.42
418.58,50.895
423,781
425.67,1009
425.68,867.42
427.37,728.37
431.69,208.86
429.34,1112.3
433.22,375.64
435.39,268.97
432.5,329
439.46,728.96
437.5,1121.5
444.26,1236.2
441.44,910.59
449.12,1157.2
456.6,461.94
456.99,1096.8
456.25,969.07
454.5,1047.5
456.46,384.92
462.46,598.85
465.02,1180.4
466.65,940.12
469.19,116.73
467.41,1008.1
467.91,460.91
472.1,964.24
478.21,481.4
475.58,679.03
475,103.5
478.15,212.46
478.76,907.81
480.07,747.41
491.4,1173.6
487.87,354.87
488.58,834.71
490.07,1147.4
494.84,496.43
496.46,620.98
496.11,1155.6
498.92,736.92
501.52,1031.4
502.06,376.57
510,220
510.56,374.2
511.39,477.52
513.23,49.833
518.97,343.02
516.73,516.47
515.92,166.51
515.5,664.5
521.65,35
527.34,842.54
528,786.32
532.94,711.22
531.5,740.57
532.71,1228.4
534.65,576.37
539.99,991.22
538.75,56.819
538.18,134.05
539.27,1213.7
540.79,479.56
555.42,666.06
546.53,335.72
551.65,236.68
552.19,578.02
551,1037.5
556.07,223.71
554.54,1238.1
563.34,41.924
555.32,1208.4
561.76,129.26
559.38,1122.7
562,3.1389
564.43,240.74
566.29,980.63
566.58,1145.8
567,302
568,847.5
572.51,1063.5
569,1187
577.68,524.43
574.93,540.41
577.37,566.86
585.52,404.2
587.76,1069.5
590,415.5
594.51,18.674
595.04,99.939
595,453
598.18,305.58
596.95,235.54
601.78,1239.9
604.39,1053.8
601.83,410
603.82,790.19
605.83,391.05
611.5,700.95
613.11,497.94
614,279
617.64,358.44
617.12,1054.9
619.34,832.08
626.95,1083.2
624.87,319.84
636.75,19.749
636.24,460.2
638.6,296.13
638.87,845.93
640.88,391.59
643.83,230.95
644.93,1222.4
643.32,934.07
643.56,339.4
642.41,924.94
646.95,190.82
653.91,55.091
656.12,699.35
656.5,910
658.04,662.33
656.5,891
661.69,70.143
664.56,687.05
666.59,286.16
664.21,610.36
665.67,337
672,722.48
672.19,744.81
674.65,899.01
672.73,1034.3
673.08,443.56
674.35,560.55
673.8,674.91
676.3,490.7
681.76,1153.7
680,621
679,668
687.98,807.56
686.93,705.15
685.58,745.42
689.22,573.8
687.17,961.13
694.64,942.19
700.35,1002
696.77,688.37
704.84,32.502
692.49,612.43
700.49,405.67
700.91,376.09
704.58,479.66
704.5,737.5
706.44,17.92
708.27,578.32
712.76,779.83
712.22,61.527
715.04,350.02
712,1147.2
719.97,895.41
726.99,322.22
724.68,379.22
729.54,425.77
726.64,664.38
729.45,141.48
730.18,56.62
729.5,956
736.21,623.77
736.17,596.37
738.13,911.12
738.62,701.1
743.23,657.38
741.72,290.88
746.31,951.94
748,583.5
751.75,112.82
752.56,802.63
751,1005
753.83,225.08
755.45,599.61
763.66,285.98
765.13,1184
764.96,434.08
769.48,781.77
781.29,31.634
771.11,1077.2
771.93,1225.3
769.96,315.57
772.08,1033.1
772.86,683.19
775.08,1011.4
775.14,9.9286
780.06,407.68
781.5,1194.5
783.85,907.23
779.88,974.88
782.58,768.42
784.63,1094.1
787.49,356.19
785.97,480.27
787.88,820.11
789.26,591.07
792.67,523.25
797.41,792.9
795.69,201.91
798.64,1139.5
801.59,870.18
799.88,1239.1
800.55,1046.7
802.35,851.07
807.37,220.23
805.87,313.56
807.37,1210.8
806.87,885.83
808.65,821.44
813.17,175.51
813.41,831.06
816.82,620.18
816.54,394.8
822.59,111.19
821.69,1226.3
824.23,168.31
822.44,1085.1
826.44,904.44
826,597.5
826.58,348.11
834.1,773.63
832.35,486.46
829.8,341.32
831.13,511.83
837.24,730.54
836.64,1173.6
833.58,1189.9
838.63,891.59
838.72,411.78
837.54,423.08
837.95,1055.8
842.7,549
843.01,663.01
843.6,976.05
841.07,688.41
842.5,118.5
843,678
848,451.02
848.75,639.68
853.8,804.01
855.7,43.955
859.93,6.3956
858.26,264.43
857.94,490.46
859.4,1163.7
854.64,1187.5
856.58,188.42
858.5,338.04
860.53,749.54
866.56,1081.6
863.23,840.92
862.09,214.09
864.74,890.1
866.58,621.61
866.26,176
867.76,979.98
870.95,267.95
870.48,278.77
877.9,91.816
874.29,628.29
879.07,347.27
877.07,766.59
881.03,676.47
885.99,256.22
882.08,713.56
882.91,6.9545
883.37,1161.4
885.5,654.5
888.57,457.17
887,1051.5
892.05,374.96
895.43,478.32
896,443.77
899.03,954.27
904.47,864.84
909.19,782.98
907.26,614.3
912.45,1065.2
917.78,121.26
916.65,222.2
918.55,48.983
921.11,169.09
916.94,400.58
919.89,935.31
923.95,1079.8
925.22,620.89
926.15,230.27
925.04,1134.4
927.29,980.9
932.28,1054.5
933.9,425.58
932.19,360.14
933.98,1109.2
934.29,481.59
933,1189.3
938.83,253.92
936.69,1216.1
939.12,468.12
941.13,1081.3
944.15,1244.5
947.46,978.04
948.09,1112.6
953.2,490.32
951.32,1216.1
953.85,860.95
955.64,214.45
957.96,1087.1
959.05,1122.8
962.83,579.38
958,633.5
972.02,739.53
962.95,1195.3
965.46,384.16
974.91,358.48
969.22,639.66
969.58,929.11
974.53,519.8
970.6,834.6
972.65,1108.9
972.91,623.91
976.47,1005.5
978.67,218.68
979.2,1246.8
977.58,1167.1
980.21,36.5
981.75,178.81
984.88,868.54
995.9,441.02
990.93,898.48
989.66,1017.7
997.6,257.18
994.18,753.02
996.81,1027.9
1000.9,1187.9
1009.9,178.43
1011.7,14.548
1013.9,252.5
1016.6,304.92
1021,1038.5
1018,1119
1031.6,1243.9
1023.9,674.35
1021.9,90.159
1020.9,217.7
1024,244.07
1023.4,264.89
1025.6,849.82
1025.7,868.38
1028.6,1086.4
1032.6,1182.9
1036.5,269
1042.8,611.35
1041.2,290.13
1041.8,98.052
1046.1,10.593
1048.5,1106.6
1049.4,229.89
1053,485.06
1053.3,982.69
1053.2,55.56
1054.8,130.46
1062.9,213.41
1062.1,363.41
1066.5,669.45
1068.5,1243.9
1070.3,121.39
1072.4,398.45
1068.5,1179.5
1069.5,735.78
1071.6,1086.5
1084.6,1153.9
1082.1,751.08
1095.8,1059.2
1087,156.24
1089.4,724.89
1094.6,4.9231
1104.8,217.15
1096,702
1098.6,455.67
1104.1,523.09
1109.2,325.37
1107,829.83
1109.9,417.56
1111.2,782.56
1108.9,625.58
1113.4,550
1112.2,727.94
1120.2,1124.4
1116,399.36
1115.2,244.79
1114,1010.5
1120,161.06
1121.9,284.12
1121,349.5
1129.1,1011.5
1132.3,965.28
1132.1,585.91
1133.5,612.63
1132.4,1156.5
1134,1214.2
1134.2,1169.7
1137.9,134.97
1138.4,1123.5
1145.9,1080.6
1143.5,1012
1145.9,100.42
1152.7,644.91
1158.4,1008.3
1161.4,1161.5
1164.5,693.64
1165.9,822.57
1165.2,29.333
1172.2,127.66
1166.4,1215.9
1173.2,89.366
1178.4,553.7
1174.1,693.41
1179.4,876.89
1181,221.42
1181.8,55.123
1182.8,103.46
1187.4,727.01
1184.6,169.86
1186,1202
1192.5,42.56
1194.8,219
1192,925
1192,261
1195.8,826.75
1197.5,910.5
1204.2,715.43
1202.5,300
1205,530
1210.3,908.69
1207.6,690.89
1212.9,960.91
1216.2,1076.1
1219.1,719.47
1218.8,366.87
1222.5,472.1
1231.1,328.92
1226.9,998.03
1229.1,283.52
1231.2,832.11
1234.3,1036.7
1230.6,625.6
1236.2,99.103
1243.6,1105
1244.1,104.91
1245.8,836.08
