3.3729,911.12
5.7931,225.79
8,1059
13.714,778.12
14.51,508.08
13.5,1178.5
14.421,953.11
20.167,601.96
20.188,177.93
22.613,129.19
21,625.15
25.681,390.57
25.465,66.279
30.397,1081.3
31.087,1002.6
31.143,896.14
36.532,113.1
36,364.48
36.651,407.6
35.5,216.5
35.421,1112.9
40,925.68
48.823,18.522
50.356,537.92
50.551,198.33
50.579,213.11
54.797,408.95
54.257,867.69
56.08,1084.6
60.653,516.37
63.14,1053.7
60.908,577.25
62.125,791.07
69.865,650.77
71.344,961.47
75.444,341.02
76.128,1006.9
76.421,46.895
82.086,658.5
83.434,951.96
94.639,1203.9
86.328,119.77
87.171,413.41
93.373,141.29
87.227,1041.8
99.89,807.38
99.909,1134.1
104.37,185.66
104.27,444
107.66,363.71
110.5,2.3636
115.6,1014.4
119.69,1099.6
128.95,659.45
124.01,1141.4
123.42,471.89
126.98,409.88
134.37,400.83
138.09,640.5
138.61,339.99
144.96,918.42
141.5,1243.9
141.95,825.93
144.03,234.1
148.8,15.478
146.97,812.74
152.28,463.08
150.74,1032.8
150,242.76
156.17,1224.6
151.62,76.465
154.48,1211
159.95,1012.2
161.71,547.09
164.32,477.29
163.71,229.93
171.15,14.644
170.19,137.93
177.86,983.41
171.32,900.12
177.92,703.91
173,889.84
177.42,298.68
180.47,76.396
183.96,1049.6
185.07,601.07
186.83,1106.2
186.65,58.115
188.26,572.7
189.4,103.64
197.4,855.67
194.2,1113.9
200.17,982.61
203.75,1186.1
218.6,486.79
217.58,1200.5
220.7,268.06
223.81,771.12
225.15,512.04
224.46,623.05
228.07,61.407
229.45,802.52
238.04,1213.8
241.14,193.12
243.45,81.422
245.49,274.1
247.07,695.97
245.53,1232.7
244.94,961.6
249.98,591.37
250.41,310.12
252.85,1070.9
256.31,882.25
257.14,279.57
261.67,137.09
265.56,912.11
261.43,1081.6
263.47,595.97
270.27,219
270.38,1146.4
269,1016.3
281.14,17.867
281.91,780.09
287.81,410.86
298.61,137.14
302.94,35.122
304.09,871.95
303.78,1074.5
300.58,410.89
307.27,571.96
304.05,7.3243
308,1029.5
314.42,363.78
318.78,1174.2
317,147.5
320.8,604.09
322.84,620.37
323.05,49.415
322.5,1195.5
324.91,1083.9
338.08,1105.2
348.5,201
350.16,933.88
354.22,960.12
357,256
360.42,298.94
358.02,386.07
361.81,47.4
362.46,749.57
366.22,631.27
362.99,911.09
369.36,577.05
368.58,485.11
375.27,223.18
377.65,875.13
374.57,10.391
379.54,284.55
387.23,459.4
378.87,781.53
379.36,858.09
384.6,1103.3
387.75,655.52
387.15,813.49
392.15,198.67
398.82,598.04
403.35,665.85
407.66,229.93
410,731
412,908.5
411.84,1029.4
414.87,954.67
417.7,400.64
423.01,116.58
422.21,5.5
423.41,725.59
424.5,1158
428.32,344.61
441.04,86.142
433.59,1184
435.89,280.62
434,471.5
446.61,546.14
448.43,379.97
448.39,1022.9
450.23,675.23
453.4,1157.4
454.47,484.23
455.17,756.74
458.14,1078.1
457.87,2.2174
462.52,284.86
470.52,369.85
462.67,625
465,329
466.58,476.42
470.85,782.2
471.03,405.87
471.71,502.55
479.76,296.03
475.09,661.13
475.28,830.26
477.24,88.577
476.92,169.61
478.39,468.68
479.71,744.48
479.67,978
483.67,14.108
481.93,444.19
482.47,724.53
485.32,222.11
485,405.5
485.5,1116
504.62,110.79
494.16,927.8
489.11,163.55
493,867.22
490.33,1239.6
490.91,471.57
498.62,443.98
496.19,1167.6
493.54,812.59
493.86,3.5
499.07,1139.9
505.76,951.85
505.99,753.52
510,225.17
518.54,517.67
518.31,280.07
519.47,159.25
523.54,103.39
525.29,347.97
521.38,386.03
526.26,215.81
529.59,1117.6
527.57,179.61
531.66,915.15
533.08,202.16
541.1,790.63
543.27,157.54
551.48,369.57
555.69,443.64
554.48,1020.5
553,1103
552.5,1198
560.23,71.38
560.17,1091.4
565.63,174.55
568.47,659.8
574.28,392.91
569.18,430.4
572.95,801.07
569.93,470.95
578.94,104.16
580.59,366
583.49,815.68
580.87,321.37
581.62,652.03
581.91,41.091
599.63,137.24
590.92,1092
587.87,1109.6
597.11,1027.7
598.95,386.46
596.43,441.11
600.39,250.86
607.22,493.88
605.47,800.85
609.24,81.67
605,1126
613.41,555.22
617.3,320.02
616.93,1188.1
613.11,511.32
618.06,428.76
622.7,413.47
620.57,772.77
622.29,898.55
626.04,746.52
624.71,1050.8
625.65,346
627.01,1064.1
634.53,930.83
628.5,1244.5
632.59,1087.7
633.02,549.39
639.66,328.15
643.9,147.38
644.62,212.43
642.91,366.95
645.15,668.54
646.53,481.33
647.55,255.91
646.5,823.5
651,431
656.17,196.53
654.71,345.97
654.62,669.66
660.85,241.05
659.06,626.66
673.51,376.4
665.01,552.91
666.24,686.64
666.2,296.42
674.32,1036
671.77,2.375
671.38,512.55
671.4,617.03
680.85,474.83
679.96,583.42
684.86,830.45
682.79,33.532
686.59,691.73
685.21,287.63
689.26,1136
691.44,102.28
692.69,1199.6
693.7,141.31
691.53,56.723
690.69,231.91
691.75,489.35
694.22,515.94
692.5,337
700.39,1239.6
701.06,56.449
701.68,469.64
704.15,315.65
708.45,588.15
708.42,180.45
712.16,146.43
712.86,206.32
710.33,509
711.91,710.06
711,1002.5
713.5,249.61
715.17,1022
715,947.5
716.69,375.91
716.17,1201
718.06,588.76
724.32,849.36
724.23,565.77
728.54,522.64
726.93,698.59
730.89,1144.6
732.73,70.633
740.59,588.39
741.87,723.41
746.09,209.21
745.84,1019.7
744.17,244.22
747.97,299.94
759.88,1064.5
753,1115.4
752.12,1187.5
748.67,941
754.06,817.96
753.6,106.89
760.66,166.94
753.3,884.94
761.12,284.32
764.21,223.03
765.6,859.28
764.44,1101.9
772.02,390.61
767.01,73.551
771.69,371.45
774.22,346.68
776.04,740.3
775.5,87.5
781.12,101
777.37,920.63
781.5,150
786.93,1075.6
789.5,768.5
789,124
791.58,1128.9
794.87,175.67
796.14,348.76
799.47,320.56
800.09,1170.9
801.62,976.89
799.83,1113
802.62,703.1
813.96,1044.3
811.57,758.03
819.4,610.92
827.36,238
835.3,147.65
831.92,903.47
843.17,1010
834.59,395.81
838.19,558.41
836.42,1036.5
839.41,192.94
848.53,201.97
855.02,164.94
854.91,1022.5
855.86,1245.4
858.47,80.891
872.5,620.34
861.8,664.86
860.5,6
861.55,497.71
865.34,721.79
870.11,485.2
877.77,439.8
872.75,315.95
871,356
873.38,906.83
891.56,197.78
876.5,1168.5
883.92,842.08
885.5,2.5652
885.09,270.91
895.34,333.2
887.1,1234.6
890.94,1000.8
895.42,228.84
892.96,168.06
893.68,584.04
894.55,483.59
897.6,502.77
900.85,417.28
896.5,533
906,12.268
902.5,473
909.05,729.24
911.23,503.95
917.7,335.51
915.34,171.25
917.9,440.26
924.31,627.58
929.36,962.92
932.46,862.22
934.09,951.09
951.95,733.48
936.42,793.89
948.54,190.76
947.05,569.78
950.26,1130.5
947.32,533.89
952.33,350.68
950.82,692.8
949.32,1029.1
950,504.5
954.04,663.27
954.57,941.43
958.3,1063.8
965.22,625.95
965.69,307.04
970.53,229.87
967.39,35.474
967.31,490.24
970.3,1049.1
971.5,729
977.01,1013.2
983.57,142.46
986.01,489.44
985.02,295.31
982.58,814.11
987.67,364.69
997.89,1208.4
994.95,862.09
998.28,913.21
1000.8,443.23
1006,392.1
1001.4,760.09
1005.1,997.36
1004.7,944.7
1008.4,310.63
1010.9,14.608
1012.4,249.36
1010.1,110.92
1011,1067.3
1014.4,329.68
1015.1,910.38
1020.6,1134
1024.2,616.83
1023.1,31.948
1027.6,144.48
1029.6,1076.1
1031.7,546.11
1033.7,5.3438
1030.4,774.11
1034.3,455.45
1040.7,483.2
1048.9,434.44
1042.5,1115.5
1047.4,466.89
1054,749.61
1059.9,80.304
1059.2,363.3
1052.7,45.829
1054.7,395.21
1055.3,584.47
1057.3,1035.4
1058.2,613.64
1067.3,1000.9
1069.2,16.56
1071.1,984.89
1075.2,848.68
1078.9,126.16
1079,736.58
1081.2,268.15
1078,595.33
1079.1,622.46
1080.7,1044.7
1076.9,1125.4
1078.9,391.09
1082.8,1070
1081.9,1165.3
1082.8,309.68
1087,46.205
1090.7,190.94
1090,645.5
1092.9,593.9
1092.6,794.29
1093.6,1195.2
1095.3,951.78
1098.6,974.26
1101.1,1048.1
1105.4,1090
1104.1,837.85
1114.2,77.331
1114.2,722.98
1114.5,579.91
1115.5,876.59
1119.4,124.51
1122.5,623.52
1123.5,711.5
1128.5,1107.9
1131.9,164.07
1132.9,845.4
1134.9,273.82
1139.7,483.53
1139.7,1003.2
1139.7,682.16
1143.1,403.63
1142.1,956.91
1146,350.08
1144.9,817.07
1149.3,254.3
1150,149.5
1154.2,270.18
1152.9,130.56
1153.8,198.82
1155.7,107.53
1158.6,891.01
1158.9,1198.1
1161.3,61.898
1166.2,131.89
1167.4,968.63
1174.6,629.5
1169.6,940.63
1170.4,1195.4
1173.9,1051.5
1172.9,815.14
1176.7,150.05
1176.7,788.15
1190.9,1030.9
1180.9,1064.5
1187.9,800.7
1189.5,905.98
1186.9,88.056
1188,878.09
1197.1,41.348
1192.4,360.43
1192.5,1240
1197.7,304.94
1198.4,256.15
1201.8,584.17
1207.6,3.7007
1204.4,1236.4
1200,1113.2
1204.2,287.48
1205.1,519.56
1207.6,790.89
1213.1,1054.9
1217.9,223.52
1224.1,960.6
1224.5,801.43
1229.9,279.97
1226.1,1060.9
1225.6,590.4
1234.2,563.98
1238.8,524.46
1243.8,174.39
1238.5,198
1240.9,669.56
1238.9,1165.1
1243.2,951.53
1243.9,735.54
1242.9,4.8837
1243.5,1091.5
1244.5,56.5
1247.5,34
