2.2647,247
4.2647,296.65
1.9286,647.14
2.8438,1181.8
10.417,649.61
10,445
11.029,1052.1
17.466,1087.8
20.731,495.4
19.675,873.92
19.5,89.931
21.182,1113.4
21.826,36
25.597,160.11
31.812,969.57
36.976,1228
35,1247.2
36.9,319.61
39.138,712.35
40.091,1069
41.333,531.83
45.105,1012.4
51.058,981.05
52.391,192.26
49.738,223.81
51.926,748.59
60.418,135.64
57.959,531.43
60.435,291.39
62.174,1094.7
67,822.43
71.902,128.1
75.315,1229.9
75.082,430.96
75.78,231.54
79.262,542.51
78.902,48
78.667,387
80.826,489.13
86.608,1010.2
89.959,381.27
90.541,298.22
89.885,347.65
95.431,32.271
95.294,140.33
99.255,393.77
100.85,898.43
101.14,228.52
100.21,483.64
103.46,630.5
108.74,64.098
105.88,465.88
109.15,848.9
114,129.32
119.27,106.82
117.06,531.39
119,784
119.42,1130.5
127.61,1176.2
130.97,100.5
141.8,314
138,371
140.74,588.65
143.07,1048.8
147.47,33.538
148.02,163.52
147.37,87.767
147.33,1215
153,264.5
154.4,502.3
155.17,1007.1
154.89,1143.4
156.5,450.5
161.47,784.45
163.65,711.12
167.81,926.11
166.47,817.1
175.36,113.8
175.09,750.93
175.89,768.49
177.51,182.87
179.54,302.77
185.99,975.54
184.88,251
191.04,441.43
197.41,592.07
201.5,32
206,378
206.5,389.13
205.36,985.32
209.06,1171.7
213.44,725.33
218.66,445.14
224.99,1100.4
227.14,137.57
234.24,207.82
238.1,604.26
240.5,724
243.64,51.826
245.37,208.61
249.98,959.59
249.19,913.41
250.5,515
253.98,998.43
255.32,416.26
257.42,1096.6
265.38,380.34
264.57,508.91
267.44,1169.4
269.5,567
276.77,239.84
284.02,713.92
286.37,304.15
294.41,27.199
288.39,91.139
293.33,434.8
295.44,652.95
294.42,1032.1
304.71,362.46
306.71,452.91
311.11,107.44
311.07,258.57
311.36,493.5
316.94,207.96
325.96,395.17
328.72,106.13
324,189.83
325.13,508.06
356.29,477.68
350.94,503.43
354.17,1123.1
353.94,331.09
358.63,615.64
358.51,1149.4
359.39,936.86
364.78,190.74
363.08,104.8
364.19,856.4
364.5,1033.4
371.09,1168.9
372.37,15.333
375,621.78
372.7,1014.1
379,1235
380.34,143.68
380.93,419.59
390.53,616.86
392.58,335.89
393.71,513.94
393.56,800.92
404.58,1035.5
406.04,421.87
413.7,675.65
409.8,998.44
419.48,113.28
418.54,170.18
422.48,1184
429.64,522.56
423.23,288.54
424.13,1080.5
427.1,150
427.58,646.6
430.82,696.76
430.42,261.38
435.48,585.7
434,827
435.91,230.09
438.44,139.97
447.55,401.51
444.41,159.61
444.14,716.32
445.88,1140.7
445.83,850
449.8,738.46
448.35,90.5
451.06,613.55
451.39,703.86
456.2,252.66
452.94,1232.9
458.86,55.244
461.07,745.41
463.87,1117.9
465.5,594.86
475.41,497.22
472.24,1033.2
468.34,644.59
474.34,1101.7
476.97,215.45
476.68,622.2
479.35,423.11
478,466.59
480.09,111.91
491.72,564.88
499.77,1197
506.51,391.34
507.96,486.33
507.44,1114.6
509.71,601.27
510,271
510.57,503.39
516.2,895.32
525.46,202.44
519,953
519.43,1092.9
521.61,1159.1
522.25,162.23
521.92,626.92
522.34,928.38
526,492.96
526.94,516.09
525.33,120
530.95,666.8
538.97,90.476
534.93,632.59
537.07,1109.2
539.36,750.66
542.99,145.07
548.4,466.02
547.56,1151.4
551.9,340.09
554.92,190.57
557.07,592.53
552.36,740.7
551.85,924.35
561.24,559.74
561.93,662.03
567.69,819.91
560.93,160.05
567.39,214.35
570.41,1139.8
571,339.5
580.86,785.15
571.32,975.05
574.6,153.23
576.24,319.35
588.65,1167.5
586.76,915.72
590.5,503
593.93,164.07
593.81,628.93
599.82,579.82
594.92,1141.4
597.13,642.16
600.41,210.07
606,398
607.91,195.91
609.66,977.53
612.57,226.33
611.76,1170.9
616.96,869.59
615,939.5
619.17,197.34
619.94,269.47
619.93,216.59
620,709.5
623.62,972.19
624.49,903.55
625.81,1170.6
626.02,259.02
630.38,522.78
626.09,542.91
629,392.5
634.09,420.76
629.74,732.69
633.55,1185.8
629.91,996.91
641.49,209.76
632,1008
636.3,701.5
639.75,481.42
641.99,315.43
641.07,755.22
637.53,771.26
646.58,42.576
654.66,557.2
651.59,772.37
658.7,969.2
658.1,213.84
654.67,540.04
658.58,851.89
664.87,162.12
662.22,372.33
663.86,344.26
669.67,1206.7
669.37,787.63
671.66,62.353
671.36,271
674.17,454.55
671.92,334.92
674.5,646.91
675.47,226.03
674.29,682.45
677.43,348.94
678.65,839.78
681.1,871.67
681.22,908.57
686.46,441.2
690.58,112.58
695.26,416.84
699.34,665.32
696,882.17
698.05,908.24
697.33,388.53
700.85,721.11
700.38,707.38
704.39,56.689
703.76,222.95
708.49,445.17
704.58,572.45
705.94,730.91
709.09,644.91
711.58,964.46
715,908.84
719.46,1034
720.08,173.92
726.59,209.11
727.38,625.46
724,1078.3
727.95,258.95
730.45,185.17
732.22,1052.8
736.55,225.57
742.95,891.93
744.05,673.52
742,63.5
743.31,618.19
745.09,504.91
751.59,260.05
756.96,1165.7
752.64,300.23
755.55,830
752.35,234.88
753.15,272.17
753.25,428.83
754.9,899.4
759.33,513.25
771.48,382.22
774.38,774.28
770.76,643.9
781.07,178.9
774.48,631.73
772.43,732.94
781.88,4.4796
782.68,237.07
790.88,276.27
788.29,287.55
792.54,589.85
794.98,1156.7
794.42,1010.6
798.7,673.07
796.62,1021.1
798.6,298.38
799.64,497.01
798.91,481.77
800.79,332.03
806.57,909.65
804,616.5
809.11,661.51
807.5,822.5
809.38,1102.3
813.34,782.56
818.73,137.44
823.98,1041.3
822.24,1133.7
821.42,441.45
828.18,1231.5
832.64,536.35
833.23,199.37
833.13,64.261
832.67,1187.8
837.34,1113.5
835.5,453
837.25,851.81
843.75,604.32
840,487.5
841,469.83
841.5,1233.7
850.58,826.91
847.95,1148
848.5,434
854.07,927.58
849,1130
853.81,525.96
853.29,1134.4
855.78,804.44
857.45,315.41
857.38,426.22
862.13,1158.7
859.89,561.42
860.09,707.91
861.67,1139
868.66,246.74
864.95,206.16
865.56,337.41
868.89,538.62
871.54,869.17
874.31,513.24
875.5,828.36
878.01,1095.6
882.92,1123.9
891.93,771.7
888.39,672.94
892,1031
893.93,121.41
895.07,199.41
895.66,573.47
899.14,654.91
898.33,915.87
897.67,1180
899.06,406.94
905.44,691.96
906.57,1188
906.34,627.47
910.52,909.2
913.66,716.38
918.47,670.2
918.61,597.86
921.64,1081.4
923.03,797.07
923.47,738.27
922.47,647.66
927.22,571.53
930.33,708
935.14,959.4
936.17,100.13
939.06,910
947.24,1007.1
942.93,937.41
942.88,741.5
949.63,1145.2
952.34,550.99
952.69,848.07
954.63,1126.1
956,204.5
958.49,761.73
961.17,1093.8
965.98,330.44
963.57,774.58
968.02,455.26
970.48,1198.1
975.43,202.32
974.08,538.7
977.26,971.95
980.55,508.34
982.43,176.53
983.58,609.58
986.4,417.04
988.54,1229.7
999.15,9.8786
990.5,448.5
997.85,472.34
1000.2,806.59
998.85,187.35
1004,462.14
1009.9,530.28
1009.9,473.08
1015.4,1128
1013.8,256.08
1012.6,627.86
1015.8,1221.5
1015.9,318.42
1018.9,226.61
1020.2,302.46
1016.6,861.89
1020.8,885.09
1034.2,368.6
1024.4,265.92
1026.4,815.36
1028.3,508.63
1045.9,674.24
1044.1,599.85
1048.9,1034.2
1048,251.83
1054.4,766.44
1057.5,173.81
1056.1,394.15
1057.9,1140
1059,246.5
1061.5,629.97
1068.3,531.87
1073,1101.6
1080.8,662.61
1074.8,1055.4
1080.2,303.07
1083.1,370.44
1080.5,383.5
1084.8,34.862
1086.2,147.63
1089.6,176.96
1093.7,759.49
1088,966.76
1091.2,383.68
1093.9,470.38
1094,878.9
1096.9,1186.7
1101,1082.5
1099.8,1164.3
1100.8,570.56
1100.6,978.6
1108.2,28.932
1105.3,1146.3
1107.7,609.82
1111.3,1002.3
1111.5,263.3
1116.5,238.58
1113.1,1225.6
1118.1,931.8
1119.4,526.93
1117.1,703.45
1126.7,464.51
1124.9,437.23
1127.6,750.88
1129.2,1104.1
1131.3,672.15
1129.1,1188.1
1132.2,1048.9
1135.7,534.33
1133.5,701.58
1133.7,910.08
1137,429.45
1134,551.5
1136.6,509.56
1137.2,951.04
1136.3,241.55
1139.6,730.41
1140.5,619.44
1143.2,270.02
1139.4,684.11
1145.3,303.36
1148.2,339.53
1153.6,1071.4
1159.9,791.06
1166.3,584.3
1158,746
1160.5,482
1163.9,616.58
1168.4,667.84
1168.3,882.59
1167.6,981.42
1169,281.5
1170.2,1160.8
1179.7,893.89
1177.9,810.95
1184.8,477.6
1182.3,307.77
1180.8,969.35
1185.7,340.97
1193.4,419.42
1189,821.93
1188,857.68
1188.9,634.58
1190.7,1029.5
1192.3,362.18
1190.6,455.45
1199.2,493.22
1195.4,732.64
1195.7,876.31
1193.6,434.64
1193.4,561
1192.9,747.09
1201.2,295.24
1201.8,752.33
1201.2,930
1204,345
1206,999.35
1204.9,466.09
1207.5,1115.7
1224.2,520.96
1210.3,541.22
1216.2,493.86
1226.1,390.5
1222.4,553.89
1221.5,1045.7
1228.2,930.6
1221.8,1096
1228.5,781.7
1224.1,1167.1
1233.6,201.64
1231,1019.5
1234.1,469.35
1232.4,494.04
1237.9,338.09
1235.1,890.44
1234.5,323
1239.2,565.48
1242.3,664.27
1240.9,502.65
1242.6,1157.7
1245.9,802.25
1246.5,638.43
