12.369,275.77
6.8788,395.2
6.4184,820.1
13.882,431.5
21.995,645.8
21.288,572.4
27.738,76.571
33.717,97.283
42.725,266.95
43.981,27.926
46.575,518.14
49.432,956.52
53.024,153.5
53.131,619.86
55.726,773.73
55.434,121.38
55.825,43.975
71.166,222.93
57.037,274.31
68.969,294.56
75.968,334.85
79,998.75
79.429,317.95
83.817,425.58
87.525,545.7
90.415,439.92
86.369,965.35
94.5,1042.3
92.526,641.19
92.44,726.92
99.102,1019.7
105.8,331.92
108.87,66.392
109.5,10.864
117.91,793.5
120.59,587.66
122.94,669.05
127.44,199.37
127.41,220.07
130.5,114.09
131.08,56.135
131,468.5
133.08,560.92
135.93,397.07
138.59,101.09
144.79,408.4
146.59,481.26
152.44,74.157
150.58,143.11
154.57,746.13
160.3,613.84
158.18,169.21
157.5,1071.5
161.93,988.5
168.78,205.46
177.3,316.21
168.59,1216.9
172.83,994.05
171.4,339.6
179.49,260.61
180.44,729.91
178.11,341.42
181.06,113.42
184.43,96.714
187.37,805.75
190.14,945.95
188.55,8.5806
198.15,20.628
201.77,565.28
202.93,1014.4
203.78,126.08
205.03,1040.4
207,441.12
208.09,182.09
214.43,414.26
211.04,222.87
221.66,4.6207
221.86,547.42
220.67,1213
230.07,1164.9
242.2,218.48
240.32,475
241.05,41.952
248.53,584.41
251.4,543.36
255.57,697.05
258.81,598.12
257.5,983.12
259.73,276.6
268.56,1232.3
272.22,194.93
272.65,239.81
276.58,572.78
285.87,362.36
281.79,550.21
284.65,17.556
283.94,535.98
292.95,578.69
292.43,1205.4
293.46,444.77
297.43,310.73
300.85,839.96
306.62,554.55
300,759.5
305.47,473.62
308.29,208.85
308.51,93.918
312.65,1028
317.52,981.17
326.15,699.18
321.68,1237.3
323.1,797.03
327.44,453.84
336.34,184.19
339.6,540.78
338.67,579.75
338.47,903.62
341.21,629.61
339.6,659.8
340.81,617.62
342,33.143
341.5,135
347.42,755.77
343.33,52
344.62,161.62
355.21,664.75
364.54,1094.4
361.16,330.01
362.25,95.218
368.31,873.6
365.7,105.17
369.76,250.3
371.34,147.23
377.61,54.732
388.92,935.35
391.3,98.333
391.09,906.94
393.9,286.1
392.57,1136.4
400.94,1102.9
399.31,673.67
401.03,321.54
404.19,796.32
413.41,690.54
416.23,931.34
417.96,755.01
420.15,130.73
422.62,340.15
423.45,1211
425.08,559.18
434.29,489.8
427.92,1055.1
432.58,881.63
431.07,167.59
430.43,1084.1
439.21,304.02
434.61,287.57
441.08,1041.3
442.5,537.74
444.89,511.42
450.55,48.143
452.29,202.05
457.31,446.71
452.97,625.14
457.58,1224.5
458.82,1148.3
455.4,965.4
458.17,690.75
461.45,1066.3
462.07,66.407
473.11,219.42
478.17,691.8
475.48,955.93
478.78,140.55
486.04,796.05
489.5,501
497.56,979.78
499.73,1085.8
501.9,1188.1
499.6,1158.1
511.23,602.32
503.47,1065.9
507.89,842.34
504.8,1209.2
511.62,754.53
515.1,1241.6
513.44,1221.8
518.5,1137.5
536.52,1197.9
529.82,421.72
529.42,764.76
533.62,1117
532,478.83
532.88,748.5
551.15,642.24
539.33,220.88
544.52,1048.9
543.39,827.71
544.21,289.52
544.5,700.88
548.61,253.89
559.13,868.52
559.44,114.37
567.14,49.241
563.11,1046.5
563.5,1247.2
567.3,950.13
569.8,225.3
570.5,974
573.84,5.375
578.9,900.87
583.23,362.14
579.5,1020
595.37,57.066
602.62,961.36
592.14,1231.2
594.56,6.5625
602.14,843.74
603.88,1205.5
614.45,159.3
614.32,114.53
625.52,777.79
627.56,760.39
627.87,1203.7
629.42,214.51
630.27,688.47
633.3,271.47
633.5,537.59
637.19,981.5
637.7,68.013
646.02,959.86
649.02,167.11
653.93,1147.4
664.61,22.218
666.87,447.44
665.4,1162.6
670.45,553.67
674.69,1077.3
670.89,1240.4
678.01,50.647
677.91,583.57
681.59,958.86
683.56,1169.9
682.91,118.26
680.58,725.45
697.61,679.9
694.18,173.13
700.55,1111.2
709.54,628.84
706.13,251.09
704.62,1082.5
718.42,162.1
709.6,858.34
710.96,1097.1
710.78,821.85
714.11,916.41
724.47,417.24
728.69,1203.8
728.22,1018.5
730,1090.5
735,204.72
739.06,756.89
738,355.17
745.78,970.7
748.29,584.9
744.87,715.78
745.81,193.38
746.43,310.08
745.83,944.32
749.28,95.34
746.69,895.11
753.37,431.44
758.12,229.58
758,511.64
759.48,51.929
765.07,177.84
763.69,1211.3
768,1015.5
775.38,1072.3
775.84,226.15
773.27,743.56
772.49,89.705
775.76,973.08
772.68,1145.2
774.5,441.61
779.73,44.748
782.94,529.98
787.64,280.51
788.18,882.25
793.86,1180.8
794.43,904.73
796.46,653.6
796.36,730
796.26,333.69
800.88,95.346
801.5,429.62
809.73,1037
805.77,3.0455
808.23,178.51
808.72,806.41
808.61,125.05
813.36,285.31
815.37,739.39
814.07,1163.8
814.24,663.5
816.22,1215.1
820.66,54.082
820.81,836.96
820.74,712.28
822.41,184.93
827.27,945.53
832.37,459.61
835.56,293.53
849.05,710.81
847.27,254.68
853.18,321.72
847,936
853.9,947.3
851.48,615.02
851.64,751.39
852.67,1117.1
855.62,1136.6
855.5,581
860.25,896.55
869.33,952
873.42,183.6
875.83,640.48
880.32,844.46
882.77,878.29
883.27,914.79
881.55,934.02
885.61,1027.1
888.06,713.02
891.92,765.79
887.21,998.51
891.04,1188.7
887.91,1117.1
891,579.5
892.18,787.15
897.67,175.67
900.72,832.87
898.61,974.88
902.57,904.22
903.95,865.71
902.29,1069.5
908.4,704.57
914.37,104.49
914.27,926.64
910.36,1130.1
910.88,966.54
917.09,136.77
912.59,365.93
911.95,988.91
915.62,524.12
916.97,540.42
922.87,814.57
921.48,782.08
919,719
934.36,887
926.55,983.84
923.92,648.92
925.88,1224.3
927.51,714.6
925.8,1030.8
932.36,955.63
938.56,999.65
939.91,771.55
947.46,808.2
935.92,904.56
940.91,607.95
947.26,1214.1
942.89,635.42
951.97,933.72
956.12,1047.6
949.18,840.81
952.67,524.63
950.99,678.62
953.98,431.28
954.8,260.95
953.97,950.86
958.45,636.98
959.03,776.57
965.36,1008
994.91,920.62
957.65,370.93
974.87,1128.2
982.26,878.88
980.9,850.69
972.9,1024.2
975.39,770.66
978.34,371.55
976,793.5
1001.3,1071.6
980.43,1095.9
982.06,825.75
1006.4,812.85
987.5,45.5
995.66,766.79
990.71,3.7097
991.44,1014.4
1007.1,985.8
1000.1,343.84
997.4,632.4
1005.8,533.47
1014.3,844.71
1002.6,558.32
1005,701.56
1007.2,1219.1
1011.6,268.99
1009.6,574.1
1015,759.63
1020.4,1129.5
1031.6,375.06
1022.5,734.62
1019.8,784.58
1025,212.07
1029.5,1101.5
1034.2,123.08
1030.3,773.5
1031.5,471.96
1038.9,1003.7
1037.7,1142.3
1072.7,1002.5
1042.4,1047.7
1039.4,1095
1038.6,487.08
1037.9,822.05
1042.2,314.76
1044.3,623.45
1047.2,198.61
1046.6,1072.1
1049.4,128.54
1068.6,825.48
1047.1,451.44
1047.5,763.71
1054.5,789.09
1060.2,1243.7
1072.6,467.61
1063.2,889.28
1064.8,139.11
1071,745.23
1075.1,1078.9
1068.7,257.56
1072.5,633.44
1093.8,886.88
1077.5,1011
1080.8,868.83
1083.6,715.59
1092.8,522.21
1094.5,1022.7
1096.5,706.09
1098.6,737.59
1100.6,430.46
1101,628.31
1098.7,1000.5
1100.4,782.72
1103.7,912.01
1107.3,829.75
1117.2,844.56
1111.5,874
1130.8,1037.9
1116.5,290.16
1116.9,905.49
1138.4,885.5
1126.7,789.08
1124.1,717.21
1125.3,1063.3
1129.1,822.32
1128.2,1145.3
1127,902
1134.7,86.955
1134.7,307.88
1137.2,936.17
1132.6,773
1139.6,244.22
1136.8,974.83
1142.8,749.53
1140,192.75
1141,1012.5
1141.2,472.45
1144.8,1184.5
1144.7,844.77
1148.8,381.54
1147.1,963.64
1149.7,787.29
1151.3,129.5
1151.1,1113.7
1153.2,854.77
1159.9,508.57
1160.5,541.6
1168.5,822.91
1159.1,965.07
1157.9,937.57
1163.5,750.04
1167.1,592.69
1165.3,1075
1165.4,917.5
1170.4,1174.8
1172.7,142.19
1167.5,722.5
1183.1,1039.8
1175.3,773.5
1178.7,923.81
1178.9,804.27
1185.6,484.96
1198.3,981.72
1188.3,1066.1
1185.4,603.45
1188.2,446.56
1191.5,116.48
1195.5,47.764
1200.7,871.01
1202.3,231.23
1198.2,451.56
1199.1,782.56
1200,444.5
1206.2,1043.7
1211.9,537.86
1212.7,907.4
1212.4,1104.9
1217.6,839.56
1224.3,375.19
1228.3,1005
1222.3,600.53
1223.1,927.56
1223.4,1158.9
1228.6,182.71
1227.5,1197.3
1229.1,408.49
1229,1226.4
1228.6,817.58
1228.4,1053.3
1231.4,1141.2
1231.1,81.591
1233,959.06
1235,1244.8
1234.7,826.3
1236.4,702.99
1241.5,881.43
1243.1,342.37
1246.1,119.41
1246.1,260.91
1246.9,938.13
