6.071,97.743
5.863,514.01
3.7258,788.97
3.9189,1043.1
13.609,1111.1
13.198,965.2
30.519,1074.1
10.44,719.8
15.016,73.393
14.75,686
15.175,816.15
26.763,13.698
19.457,142.17
16.179,248.14
16.613,893.71
24.806,997.81
30.431,255.48
25.28,392.76
26.948,880.29
24.5,1091
36,940.5
41.018,465.2
40.074,449.41
45,104.86
46.638,322.99
46.424,843.58
49,761
56.606,5.1937
57.884,1231.4
59.534,269.68
57,15.143
64.511,117.6
68.741,57.709
66.091,415.23
68.82,998.26
74.206,723.68
77.452,131.86
78.5,781
81.085,13.17
83.215,145.53
79.105,1115.6
85.547,422.08
91.038,118.54
88.015,743.92
90.891,398.09
86.105,407.58
89.196,489.65
86.686,789.91
89.347,524.84
92.273,212.02
95.346,413.15
102.05,605.56
101.33,19.267
99.895,537.42
104.52,703.24
111.28,448.18
104.84,39.189
110.58,506.12
113.58,146.73
116.06,27.974
112.5,1090
114.9,128.37
116.93,108.83
119.32,1205.5
120.56,48.568
121.53,79.386
121.72,641.11
130.26,587.42
130.59,666.19
128.11,1235.4
134.47,546.21
134.29,1077.8
134.37,996.53
138.42,536.75
136,295.5
141.25,96.431
141.71,968.27
140.2,1177.4
141,398.17
162.38,155.12
147.04,3.3382
156.37,15.746
147.2,579.8
150.35,1165.7
154.38,408.73
151.89,908.37
152.83,934.33
156.31,75.388
156.6,542.75
156.74,584.84
160.85,343.14
163.65,674.54
161.48,1019.5
163.93,511.93
168.64,1138.9
165.84,371.64
169.31,55.955
172.57,2.1429
179.74,82.299
175.03,446.6
178.41,12.448
181.36,357.76
178.94,531.59
182.84,827.85
181,1008
188.64,926.29
196.17,366.4
193.46,764.92
188.55,991.18
187.91,1122.1
194,416.1
195.91,551.09
202.42,26.67
198.5,663
201.52,10.593
206.06,74.799
204.75,45.175
210.08,1113.9
204.35,560.88
207.48,779.76
213.26,992.61
208.5,917.5
215.33,1240
221.97,413.76
222.27,48.729
223.18,461.55
222.83,396.33
227.91,1121.9
235.99,58.544
240.42,354.58
240.67,447.17
243.5,126.5
244.63,498.61
244.5,688.36
247,325
248.3,907.68
252.61,667.91
259.43,101.09
262.68,743.75
256.5,76
258.35,716.65
259.14,481.53
268.99,140.03
269.77,384.52
274.88,607.88
271,1014
276.88,418.46
278.84,91.216
281.18,177.58
281.3,59.204
280.45,472.71
281.35,25
286.87,478.63
283.78,1011.6
293.97,135.08
292.24,708.04
294.18,120.14
298.85,940.65
300.1,25.049
299.09,610.91
307.2,474.23
308.87,162.68
312.69,1074.9
311.5,1046
321.07,414.34
322.55,126.01
325.76,922.96
323.49,526.28
331.1,468.78
330.44,287.92
334.21,188.86
338.46,383.21
338.04,693.75
338.07,625.19
342.04,1019
343.41,277.25
346.12,634.93
345.98,80.393
346.33,497
349.72,1209.8
350.07,475.41
349.89,973.42
349.42,1065.9
360,152.88
361.21,101.46
367.31,129.92
369.18,576.76
369.05,404.68
373.14,541.06
373.39,112.39
378.46,650.36
379.57,200.19
392.08,541.37
387.14,1152.1
395.4,287.87
397.7,359.61
397,389.9
397.76,169.85
402.1,712.16
405.94,114.92
406.18,399.33
405.09,45.2
410.35,91.859
406.73,280.32
411.35,1082.7
413.22,811.7
417.16,1193.6
421.5,547.79
425.98,1012.2
423,404.33
424.88,606.35
430.68,47.05
432.33,1049.8
437.01,377.81
432.75,217.25
440.67,956.53
437.07,4
441.16,541.45
440.33,109.48
441.67,1019.2
440.5,527.5
444.5,89
445.27,117.47
446,635.5
452.3,677.18
457,115
457.66,402
462.11,243.07
465,147.5
479.13,794.81
482.04,125.74
484.96,222.9
488.53,142.14
485,523.5
489.45,1000.1
490.11,163.42
499.39,520.09
504.83,654.04
505.4,263.45
506,626.5
511.56,71.19
515.99,574.06
515.28,905.38
517.17,536.86
519.59,1070.5
515,233.67
529.41,750.53
525.35,173.88
527.26,808.5
530.12,587
551.5,173.87
542,116.33
551.61,1006
560.56,1115.7
559.86,554.17
555.6,1134.6
559.57,118.32
558.23,753.23
559,828.5
562.87,678.99
563.4,368.48
566.35,921.02
566.4,265.2
568.94,415.38
574.75,192.89
581.34,858.9
575.5,510
582.57,524.41
583.83,1102.2
590.89,242.91
583.4,578.4
588.91,80.443
594.43,314.62
591.2,391.3
598.02,148.15
595.76,737.09
596.07,768.64
601.15,660.62
612.89,85.571
612.07,720.59
614.5,522
616.35,532.79
639.08,326.3
632.5,648.5
637.92,585.25
637.29,1047.1
645.3,488.69
642.36,252.43
641.31,547
644.33,28.686
645.19,398.28
645.09,210.09
650.87,784.35
650.81,303.26
661.54,446.9
663.34,803.77
664.57,779.69
664.13,748.03
668.19,976.68
674.66,79.592
674.18,605.42
678.35,151.49
678.56,1183.7
688.01,21.152
693.18,960.01
689.86,221.86
695.74,713.61
698.9,680.94
703.4,253.42
708.44,735.92
718.61,671.92
720.83,1163.3
726.35,391
730.75,949.91
731.25,522
736.28,567.46
733.25,470.75
742.05,591.18
747.8,81.705
749.3,361.48
745.98,634.92
747.92,696.92
753.97,676.49
755.53,895.74
756.87,1083
757.58,215
765.53,272.5
772.33,85.493
779.88,406.58
787.29,10.571
790.5,576.12
797.61,392.66
799.42,162.18
798.08,992.23
802.48,227.51
800.93,3.9074
809.65,301.31
819.93,143.28
817.58,310.56
820.12,501.5
830,266.61
836.28,384.59
834.81,412.52
838,458.33
851.18,680.51
849.85,744.08
869.37,53.555
873.93,354.6
869.38,409.22
875.07,672.49
876.77,194.64
878.9,758.58
877.75,238.64
875.39,692.28
878.11,169.58
883.3,114.08
887,564.34
894.35,813.44
891.07,71.59
898.35,925.95
899.35,272.85
899.13,35.128
912.71,242.66
909.47,795.47
913.61,310.74
916.59,643.72
918.94,262.56
917.77,294.77
925.94,1063
924.29,371.92
930,473
935.64,237.16
934,1008.7
941.58,49.962
941.98,464.93
939.89,486.73
943.31,221.74
944.13,1066.6
950.61,581.18
945.86,719.04
949.31,318.97
962.32,93.06
953,434
958.77,474.15
968.6,694.53
966,462.5
970.03,251.44
982.84,333.25
982.71,139.7
981.86,225.4
985.82,275.61
984.22,494.59
982.94,346.59
986.79,38.553
987.03,773.24
989.86,653.95
989.28,809.21
990.74,56.547
989.98,470.93
994,63
1001.6,225.04
1016.1,400.04
1013,967.83
1019.2,716.33
1017.3,271
1019.9,50.371
1030.4,283.39
1024.6,478.61
1030.8,147.74
1028.5,786.7
1029.9,451.83
1026,564
1025.4,600.56
1034.3,342.84
1033.5,209.61
1039.1,388.94
1037.5,658.15
1037.5,297.5
1045.1,150.43
1044.6,956.06
1047.5,136
1052.4,227.13
1059.7,888.61
1063,728.5
1067.5,591.93
1067.9,807.42
1067.3,306.15
1070.6,233.43
1069.4,521.84
1067.5,679.5
1075.6,916.57
1080.5,461.32
1085.1,559.06
1080,817.93
1083.1,877.11
1087.3,1230.3
1088.4,835.45
1091.2,676.08
1097.3,865.87
1099.9,966.48
1106.9,649.65
1103.9,691.97
1114.2,123.17
1114.3,147.5
1115.9,767.57
1120.5,475.51
1121.3,501.95
1124.7,387.8
1135.5,141.28
1133.1,13.543
1141.9,499.04
1149.6,71.933
1141.5,960.51
1149.9,185.39
1153.2,204.17
1153.7,987.34
1156.3,131.46
1153.8,453.18
1154.4,1011.8
1167.6,604.87
1163.1,410.33
1173.2,181.29
1170.2,572.62
1172.8,479.07
1175.1,14.122
1176.4,207.01
1181.8,106.29
1181.2,938.95
1193.9,241.39
1188.5,515.27
1195.1,182.63
1188.1,620.41
1190.1,347.91
1191.8,467.1
1191.1,972.08
1196.1,98.146
1197,942.02
1198,141.5
1192.7,47
1196.8,850.53
1197,881.36
1200.6,14.37
1202.5,1207.8
1203.8,366.4
1203.2,1089
1205.1,115.58
1213.4,712.18
1215.7,935.54
1220.2,186.92
1212.9,347.05
1219.3,273.81
1218,826.17
1226.4,411.55
1225,1040.9
1228.6,195.31
1242,47.566
1240.9,250.73
1240,357.98
1239.3,673
1244.9,413.4
1246.7,858.89
1247.1,1036.6
