9.3728,180.8
2.1923,625.69
12.79,1114
23.864,113.32
35.485,256.52
37.036,657.17
36.178,843.33
41.53,196.07
39.197,1240.4
46.229,649.67
49.038,85.434
51.692,711.05
54.579,756.89
61.202,223.9
75.807,54.077
68.603,188.94
71.4,33.6
78.394,574.5
87.244,155.71
87.367,120.23
90.909,447.49
91.894,498.17
89.5,660.5
103.35,684.49
100,73.679
101.11,195.32
113.84,97.327
133.57,151.09
139,35
146.89,475.16
160.5,427
169.67,332.14
169.24,532.9
175.41,97.848
172.71,347
179.14,373.7
184.69,599.28
182.95,151.91
182.5,187
189.82,543.7
187.84,406.56
197.31,1109
200.5,463
209.08,200.68
211.06,805.71
211.83,13.13
212.72,758.11
218.1,436.07
234,491.5
236,1092
238.83,418.57
243.13,1172.8
242.17,308.77
248.07,39.574
251.15,700.31
275.48,407.78
288.64,116.81
302.26,474.9
301.19,531.04
300.31,1195.3
318.24,403.97
333.21,662.95
346.12,559.59
352.93,230.41
371.99,372.38
384.65,169.62
390.07,463.07
393.09,880.91
403.09,287.05
414.14,1159.2
420.91,544.74
432.84,727.68
451.04,69.077
454.18,452.01
466.74,1167.2
467,972.76
475.25,491.85
481.62,451
480.86,1154.2
487.66,795.82
495.07,1055.4
504.03,908.2
516.56,123.57
523.15,933.06
526.68,370.67
532.67,292
545.07,607.38
545.65,803.19
565.27,674.03
569.17,1111.2
570.57,950.72
570.11,29.421
579,1167.7
587.74,945.33
591.53,663.36
595,725.5
598.33,537
615.03,927.77
626.01,368.4
629.73,676.5
627.4,832.79
630.81,1187.6
643.83,128.01
641.17,720.67
644.22,1070.5
657.44,59.792
662,1027.5
668.07,147.32
665.34,1018.4
685.5,305
690.59,1040.9
700.5,1.9091
706.26,1156.7
705.04,1199.6
714.19,868.16
721,736.83
731.46,421.44
736.29,12.017
747.53,907.92
764.56,1245.7
769.42,1173.9
774.74,1062.2
770.5,1073
785,542.14
792.54,1206.4
793.56,1244.1
796.08,145.54
802.5,1123
813.03,1166.8
819.67,976
823.94,405.19
828.96,1046.2
832.91,8.9091
848,742.35
855.81,437.87
858.36,834.81
858.32,176.05
865.03,1099.4
887.33,619.22
893.77,5.2519
894.76,843.2
906.11,595.58
908.48,412.12
914.86,855.19
926.9,220.43
929.87,989.41
929.44,1022.9
932.66,1237.5
958.54,407.81
962.76,1038.1
964.38,393.7
963.6,523.5
980.55,1088.4
983.93,940.45
983.48,356.45
987.57,924.66
992.28,411.56
1004.7,1038.7
1006.2,410.77
1010.6,1022.7
1014.8,969.8
1024.9,117.29
1025.8,1049.3
1025.4,994.45
1034.5,944.66
1039.2,889.43
1039.8,912.42
1042.1,1087.4
1059.1,385.03
1058.5,820.19
1054.5,1057.5
1065.9,334.69
1068.6,453.99
1070.5,1050.8
1074.5,354.57
1082.9,375.92
1084.2,806.76
1083.5,1046.9
1089.5,969.27
1089.3,406.37
1090.7,351.77
1094.3,138.55
1096.1,4.6087
1103,361.46
1107.7,380.07
1108.6,758.15
1104.2,978.1
1106.8,1079.9
1112.1,168.7
1108.4,1009
1109.2,694
1113.1,613.64
1115.9,932.8
1122.3,47.547
1125.4,905.38
1127.2,227.6
1133.2,1122.5
1133.3,1020.5
1140.8,100.34
1143.2,186.76
1145.6,293.94
1147.2,865.33
1159.2,826.61
1151.8,633.54
1156.5,253.5
1158,300.82
1156.4,315.32
1157.1,1000.9
1159.2,181.78
1164.5,54.065
1168.4,559.29
1172.7,273.35
1172.9,798.6
1175.1,303.42
1187.3,24.364
1189,9.5
1196.8,490.99
1204,1057.8
1224.1,300.66
1208.8,737.82
1209.5,150.86
1218.6,261.98
1223.1,152.41
1223.3,216.55
1225.7,643.92
1226.8,184.39
1228.4,989.52
1236.3,597.76
1234.2,677.94
1239.6,175.9
1243.1,778.47
1243.7,271.78
1240.1,531.14
