2.3448,42.414
2.2424,140.42
8.212,198.89
1.8947,318.26
6.4663,366.31
16.35,417.47
8.9352,557.23
4.64,960.58
5.6176,834.79
8.1067,73.6
9.5893,1159.6
21.188,580.69
13.938,505.39
12.346,883.88
14.51,1206.6
19.152,711.51
19.655,263.34
24.41,317.2
18.08,1018.6
25.57,22.908
25.952,152.14
33.085,38.766
23.588,348.06
26,339
29.48,358.88
27.831,928.56
36.149,506.75
30.692,1243
33.039,1068.6
42.573,211.5
37.898,554.99
52.738,582.27
37,1129
41.456,1155.6
41.22,1090
42.471,50.676
46.225,381.86
41.311,660.69
50.307,15.439
43.947,160.84
46.149,720.85
44.533,237.33
50.651,140.99
52.745,1232.9
55.089,538.9
52.152,156.55
53.182,253.7
51.5,822
59.034,756.65
56.156,266.93
54.963,278.59
79.085,515.24
63.314,1112.6
59.918,1203.6
60.043,1016.4
63.441,5.2059
76.227,183.55
62.952,273.95
71.38,463.21
63.5,943.5
70.82,602.45
67.816,817.06
67.842,786.24
69.064,700.53
75.008,934.2
77.234,1087.1
71.239,1003.7
71.897,1051.2
75.803,116.39
78.658,153.02
73.8,264.56
73.4,543.4
76.5,431.1
84.732,276.22
80.731,337.6
80.941,993.24
86.809,490.01
82.961,867.2
83.525,128.98
85.429,307.24
89.309,46.703
88.204,252.14
88.872,892.77
90.381,80.381
92.14,415.59
96.455,638.64
98.563,203.1
94.795,968.07
95.29,1192
95.435,459.33
95.455,1080.4
108.77,144.98
96.612,705.98
96.659,846.98
96.415,1171.4
105.58,110.74
108.27,378.75
102.24,474.81
106.46,1219
103.74,721.49
112.7,548.2
109.03,1069.2
112.55,82.205
112.88,1030.9
108.34,1123.6
111.71,671.59
123.27,859.62
113.22,32.573
114,126
115.5,477.5
117.1,169
130.06,104.19
126.35,434.13
129.28,820.98
125.32,1189
125.6,67.81
130.27,186.7
129.19,389.76
134.75,788.11
134.25,947.72
136.23,598
137,167.98
142.98,472.09
139.08,1220.4
144.5,282.32
140.42,350.14
150.02,549.04
143.94,20.523
145.35,131.5
152.66,700.16
147.54,743.96
157.92,101.08
154.64,418.68
150,443
157.09,1192.1
167.1,159.86
156.66,530.23
154,966
156.47,1139.6
157.97,979.02
162.18,320.59
159.32,1172.3
158.32,402.83
166.65,889.99
161.5,585.37
171.55,710.66
166.39,805.54
161.06,597.29
161,1102
163.88,726.52
191.21,304.11
169.87,235.82
167.5,1222.5
185.88,197.91
180.76,570
177.25,64.611
186.98,523.8
186.97,122.62
181.58,771.7
182.23,976.03
183.23,990.39
184.68,373.85
187.77,556.23
194.16,722.43
188.58,360.42
190.44,33.667
189.09,744.05
191.34,245.38
191,19
206.07,150.05
197.68,484.08
202.74,1154.9
199,1084.5
208.02,401.6
203.7,129
200.91,194.09
213.13,79.48
203.03,175.58
202.65,421.12
207.79,436.95
207.75,625.91
212.17,709.31
213.69,222.29
215.47,334.74
209.33,461.17
211.13,599.5
210,1031.3
213.41,502.5
216.79,856.3
221.34,172.07
215.13,948.22
214.08,590.92
219.75,1102.7
221.48,480.9
220.85,1072.2
225.51,1028.7
234.1,124
228.62,346.58
228.46,446.47
235.36,630.12
231.58,1139.4
229.93,430.98
233.77,1188.1
231.74,1159
233.27,107.86
232,181.5
235.85,374.31
233.65,336.77
249.31,61.363
239.65,1045.9
239.88,1115
240.94,97.462
241.16,264.26
241.22,459.68
240.38,606.38
243.76,799.7
248.03,490.67
247.36,820.89
249.36,203.3
245.38,348.08
244.81,719.4
246.22,862.34
255.41,160.91
252.02,259.65
253.87,772.32
257.66,644.41
254.96,1015.9
267.62,632.62
270.24,366.14
285.88,1119.9
271.61,95.067
270.24,211.18
267.5,276.5
270.29,240.61
268.17,610
269,327
276.79,1022.3
277.11,82.338
271.5,111
273.94,379.65
274.14,506.65
284.51,766.34
275.5,900.5
283.13,682.88
290.01,1068.2
285.33,188.76
283.61,359.55
283.42,2.8947
293.65,315.31
285,1004.5
289.67,744.04
287.98,373.12
295.7,644
296.69,896.62
297.46,710.33
299.53,207.41
299.11,807.71
300.41,1142.5
306.34,161.08
308.18,491.67
302.7,1243.4
300.5,545
315.68,721.71
305.29,867.39
324.1,525.53
312.83,1092.5
313,852.5
318.04,612.99
319.85,581.5
322.98,746.64
341.57,161.87
324.78,1080
321.05,157.49
324.36,1112.4
326.64,24.352
325.75,332.62
334.02,643.83
331,696.11
333.22,202.48
334.98,812.3
339.6,789.31
342.29,221.37
341.25,55.44
341.2,105.73
340.32,581.8
342.71,569.65
345.03,995.26
342.38,869.5
350.46,677.49
349.75,550.56
352.86,887.2
351.62,694.91
352.42,73.927
356.49,1145.6
354.37,1101.2
357.71,516.86
357.35,602.58
363.58,942.54
360.89,645.3
363.61,719
359.87,815.77
372,1209.6
365.52,548.28
367.77,533.81
374.76,434.8
370.48,571.98
371.36,768.51
370.5,161
374.89,247.19
396.71,645.71
376.89,975.1
375.05,955.32
377.16,849.74
379.62,1016.4
381.63,158.1
385.32,178.05
385.75,38.75
385.19,735.29
386.37,404.1
387.06,803.09
385.5,74.5
395.99,452.95
392.81,509.83
391.57,317.61
396.27,552.53
397.5,906.41
395.92,848.57
394.88,425.5
395,647
401.33,1069.3
399.71,924.57
404.23,1029
403.48,773.04
405.45,886.26
410.25,177.22
409.8,462.69
406.79,827.79
414.68,1158.4
408.43,1177.6
407.41,1146.1
412.43,677.52
412.98,642.63
413.87,842.45
416.62,8.381
410.85,978.42
411.5,1246.1
415.34,1199.8
414.45,436.45
414.74,1021.2
417.23,223.77
419.26,507.53
421.6,1076.4
419.35,984.73
419.9,1126.7
429.16,198.31
423.93,452.07
428.2,51.984
426.78,614.34
426.41,885.28
428.44,359.35
428.58,307.11
438.62,104.05
432.32,542.35
433.06,842.85
431.99,1108.6
435.71,469.36
436.24,715.85
438.33,604.32
437.2,26.683
435.86,671.86
437,811.09
438.24,8.4048
439.77,86.885
457.57,571.08
439.48,751.1
443.22,662.92
451.76,520.65
444.57,985.37
444.11,133.42
446.23,190.09
445.44,4.037
445.8,742.83
447.23,145.16
453.17,397.85
452.53,619.06
459.86,699.65
452.87,1243.2
458.6,892.4
464.29,998.76
461.59,1043.8
460,844.67
467.26,797.78
462.16,1101.5
472.45,861.58
468.4,50
472.9,1230
471.07,964.82
472.51,1055.5
470.92,535.08
470.87,1113.8
471.5,1012
473.54,590.15
477.72,739.11
475.09,824.94
491.94,439.08
479.93,935.13
479.86,1197.3
480.69,291.24
492.45,630.44
480.42,547.45
480.5,95.5
485.68,702.87
482.56,845.92
482.31,1064.8
483.5,657
488.09,484.2
490.46,467.46
506.28,595.53
492.07,293.27
500.63,667.3
495.46,219.78
506.01,456.97
496.17,173.33
496.98,1071.4
497.91,924.62
504.26,940.72
498.96,705.75
504.19,92.396
500,1011
502.38,50.015
502.23,1229.7
501.94,1124.4
504.85,1175.1
503.59,1203.1
506.16,1101.5
519.21,555.91
508.06,1147.3
510.54,507.75
509.39,906.43
515.9,735.32
514.14,309.56
513.37,1073.4
518.76,181.49
519.76,396.53
520.03,1048.2
522.22,801.91
555.19,613.99
525.51,667.07
523,247.5
527.5,569.59
528.16,923.13
530.4,173.65
531.14,637
538.88,834.13
536.56,503.56
534.48,965.88
538.18,648.58
539.56,947.72
536,581.33
539.5,266.01
537.84,701.91
539.83,717.36
542.07,1122.2
545.05,162.24
542,579.5
547.33,134.38
546.93,767
547.11,572.7
548.34,867.54
551,1057.7
549.12,931.19
557.66,1201.4
553,71
562.43,25.051
565.28,221.01
563.95,69.349
565.99,266.57
564.08,430.12
563.53,860.67
571.36,1125.4
564,580
563.29,652.35
570.25,585.43
570.87,636.06
571.09,123.91
573.97,156.53
575.77,1090.4
572.95,785.91
577.14,549.61
586.05,1041.9
581.5,19
587.19,800.49
583,1205.5
586.37,773.03
595.8,850.4
587.48,1217.4
597.82,730.65
593.12,1104.3
593.99,673.59
592.44,1181.9
595.76,546.76
600.12,227.33
602.07,192.24
607.35,1030
600.78,11.224
605.49,622.11
601.41,759.95
601.59,578.36
603.59,1246.7
604.09,804.09
607.07,1155.5
611.31,648.97
615,733.31
615.4,94.09
623.47,560.86
621.34,1222.3
623.33,680.02
625.32,599.36
629.39,545.35
630.91,750.36
625.5,929.5
629.68,125.67
630.35,1016.7
634.17,1235.1
632.12,47.654
632.9,166.1
633.69,644.56
633.97,793.42
638.12,71.515
636.78,491.37
638.42,1074.6
635.91,285.09
639.59,555.88
638.81,694.91
642.31,663.26
641.5,1148.1
662.15,672.1
648.32,651.44
647.63,1121.6
646.5,541
650.45,1037.8
652.66,4.7905
651.73,1232.2
655.3,105.47
660.9,532.38
654.85,481.74
657.67,729.06
656.14,1188.5
657.35,185.88
658.39,876.98
658.38,614.5
659.56,1196.2
660.41,936.93
665.27,639.5
671.6,145.7
663.36,169.23
666.13,564.45
666.5,620
677.08,1012.1
672.67,3.303
673.85,700.06
677.02,950.45
678.65,1239.8
680.59,645.79
680.1,1031.7
677,1179
677.6,735.4
687.09,697.92
687.43,926.86
686.91,676.16
688.5,87.5
688.5,1100
697.5,1146.7
701.28,274.84
702.5,206.41
697.37,1109
696.97,1190.9
700.87,903.49
703.8,728.05
705.48,965.93
708.6,58.706
718.68,1049.2
707.5,250
708.67,113
710.52,1094.6
713.39,314.38
718.72,563.19
719.09,940.33
720.29,644.96
729.25,118.02
731.06,610.8
728.41,883.07
734.19,658.15
731.29,215.46
733.09,704.46
734.95,1088.7
733.36,344.36
742.73,86.8
740.42,307.04
743.06,1141.8
739.61,691.43
746.98,64.713
756.76,607.79
748.63,676.24
746.5,125
750.77,698.91
756.51,1000.9
759.51,6.4324
758,566.02
758.08,427.08
760.81,1234.3
761.19,581.98
769.03,147.52
776.83,888.32
779.9,590.61
770.7,650.8
769.91,37.909
770.88,563.1
781.42,1178.2
782.95,194.43
792.27,678.13
788.25,216.93
790.65,921.66
802.12,967.63
793.41,383.95
796.13,53.5
798.97,248.72
805.52,1235.9
807.86,387.86
813.22,413.91
812.68,1159.5
812.42,270.56
812.58,1245.5
816.19,1114.4
820.4,145.2
819.59,314.96
827.87,338.85
828.58,124.11
830,391.33
832.67,260.89
833.83,994.86
834.88,42.922
833,251
836.36,99.982
838.98,366.1
843.12,898.38
841,1168.3
844.41,182.17
851.8,220.25
844.99,459.73
853.27,991.05
847.22,282.56
882.06,499
855.67,828.23
855.5,1062.6
855.29,5.2903
857.94,423.75
859.47,1193.6
860.62,389.49
863.12,141.41
865.6,341.41
867.55,1035.8
868.48,325.91
875.84,376.13
869.31,929.92
869.96,1068.6
879.69,1093.3
877.06,950.94
875,813
885.65,420.93
881.22,991.5
880.8,1229.6
884.7,1142.3
897.14,154.01
901.52,455.66
907.76,1122.2
902.91,7.7556
910.06,438.24
905.09,611.64
910.64,903.6
906.91,1199.2
910.49,953.18
908.62,185.62
914.18,566.43
916.62,1046
921.5,361.5
929.12,1238.6
934.82,586.75
930.92,28.917
938.55,1166
948.44,420.64
937.48,297.52
942.98,254.64
940.5,1224.5
945.36,969.53
945.61,353.26
948.89,1186.5
950.87,727.46
948.5,123.5
954.81,16.374
957.58,457.54
950.41,1048.9
957.5,489.64
962.61,635.7
965.31,498.42
961,686
964.85,896.59
963.91,1152.1
965,649.5
965.61,1168.6
964.4,1213.5
971.87,328.04
973.55,358.49
970.53,1024.2
977.95,469.44
973,380.83
975,22.5
976.09,1223.1
988.63,1165.4
982.46,1185.3
984.44,408.8
992,978
995.65,308.08
1003.3,1104.9
1000.4,508.18
1001.9,373.13
997.13,819.83
998.5,1192
1001.4,1129.7
1000,135.33
1002.7,437.79
1009.3,1.9565
1013,89.719
1011.9,356.79
1012.4,459.07
1015.4,547.96
1022.6,467.67
1017.5,1209.5
1019.6,342.94
1018.6,595.6
1022.5,427.41
1021.5,716.98
1023.1,193.72
1021.9,248.74
1024.6,503.98
1028.5,261.33
1030.2,85.373
1031,894.15
1037.2,1030.4
1035.4,699.54
1034.7,954.23
1037.6,297.07
1037.5,630.16
1039.6,1123.4
1040.3,843.34
1041.5,244.5
1045.2,1175.9
1047.5,501
1053.5,227.28
1047.9,394.08
1049.5,548.36
1050.2,599.28
1057.5,321.76
1050.1,343.5
1051.7,625.75
1056.4,1089.6
1055,44.368
1056,423.3
1054.5,380
1061,940.5
1063.6,1226
1062.5,1167
1065.7,484.77
1072.3,158.36
1077,1139.6
1071.7,177.52
1073.3,861.42
1072.3,1040.3
1084.2,896.24
1088.4,192.52
1086.1,407.33
1089.2,577.84
1088.5,848.63
1087.5,518.72
1086.9,736.89
1088.9,704.56
1102.5,860.66
1093.4,1224.9
1104.3,149.25
1097.8,966.77
1098.8,822.34
1100.8,697.39
1104.2,940.48
1103.2,680
1102.7,1117.1
1108.2,996.66
1107.6,84.06
1111.6,804.96
1109.3,227.88
1107.5,735.36
1109.1,585.31
1110,615.92
1112.4,421.28
1112.5,1242
1116.9,242.2
1112.8,780.67
1114.3,100.8
1117.6,379.72
1122,751.93
1124.1,293.42
1121.7,544.23
1120.3,1052.4
1123.6,22.944
1122.3,1217.5
1126.4,358.71
1130.2,858.61
1128.8,954.7
1128.7,395.96
1128,611.1
1128.8,1138.9
1129.7,1244.7
1132.6,213.79
1133.8,997.39
1130.5,642.58
1129.5,914.76
1133.4,1010.1
1138.2,65.1
1138.9,555.98
1138.5,970.64
1147.3,589.51
1143.6,99.806
1147.3,703.26
1144.5,785.71
1144,937
1149.5,5.6934
1147.9,471.39
1148,950.32
1149.4,833.5
1147,877.93
1151.1,1156.2
1151,221.77
1151.7,715.71
1163,886.04
1151.7,977.91
1152,171.09
1151.9,436.09
1156,263.31
1155.5,216.36
1158,282.45
1157.7,945.08
1160.1,839.68
1165.3,551.66
1161.4,865.08
1176.4,915.39
1169.7,74.642
1165.6,972.6
1172.1,497.85
1167.9,608.07
1169.8,791.11
1169,122.5
1172,1108.4
1173.7,229.16
1179.2,520.04
1175.6,652.52
1179.8,427.77
1180.9,725.03
1181.4,414.13
1182.5,245.59
1187.3,320.76
1197.6,970.31
1180.9,480.56
1188.4,227.47
1194.4,445.78
1190.6,747.95
1191.9,812.11
1201.2,234.44
1195.3,252.01
1195,519.98
1198,547.3
1199,625.53
1198,319
1199,314
1201.5,653.5
1202.5,880
1212.8,906.6
1203.6,693.04
1205,245
1211.5,344.03
1208.9,1161.8
1217.1,825.58
1222.7,761.71
1212.5,380.75
1214.6,449
1214.5,308.5
1214.4,275.35
1213,392
1217.6,1208.9
1217.7,794.55
1225.3,555.24
1220.7,10.548
1220.7,119.14
1228.1,1117.9
1225.4,400.2
1225.9,491.83
1229.4,293.82
1231.9,453.23
1231.7,978.5
1232.7,1009.8
1234.9,746.89
1238.5,875.58
1234.7,1246.7
1235,1241
1242.2,143.65
1239.5,310.5
1239,597
1244.5,21.099
1245.9,354.65
1245.8,743.77
1246.3,376.84
