4.8571,43.636
2.7125,67.65
5.0206,380.3
6.4098,442.06
2.5238,557.57
3.4615,600.15
2.2667,812
3.9231,888.06
3.8923,948.22
7,93.638
8.0968,423.16
7.9444,725.96
10.579,131.89
16.889,487.85
15.871,412.16
16.421,304.11
21.597,232.58
21,339.83
26.899,674.73
28.587,854.68
30.437,806.58
36.557,824.53
35.938,773.73
36.354,942.43
46.537,731.17
45.222,43.889
43.815,1154.7
46.903,125.85
47.919,501.21
46.5,102
47.129,561.97
50.294,429.43
59.404,75.191
62.568,607
62.273,274.04
70.541,245.53
72.778,672.21
70.692,190
75.459,36.752
71.78,1153.2
75.714,1240.3
76.5,269.12
85.716,606.7
84.633,101.37
85.596,133.26
86.1,294.2
91.103,274.91
85.412,19.059
112.85,75.954
93.87,1058.3
98.657,521.23
96.872,202.77
99.269,371.2
110.38,177.67
110.56,196.5
113.78,882.59
114.42,232.99
122.15,92.949
120.65,559.5
126.26,505.9
131.71,216.19
127.27,958.89
130.6,924.01
129.54,365.09
132.55,686.71
131.1,111.74
136.75,1233.6
131.5,452
139.89,341.79
141.78,264.8
139.63,463.73
145.4,791.17
144.98,474.23
144.1,1175.5
141.5,402
146.03,1049.6
144.9,64.792
146.39,692.04
148.78,920.36
151.52,949.6
150.15,282.35
157.21,89.044
156.65,262.46
164.3,208.49
167.9,882.88
166.34,47.105
167.01,133.11
165.89,848.58
174.89,728.17
169.58,826.11
172,341.33
173.53,378.72
179.03,620.48
180.59,1120.7
182.96,196.65
187.4,24.978
195.41,885.68
201.16,589.11
200.37,432.58
200.3,161.77
200,338.76
201.41,1168.4
203.09,95.938
202.5,615.5
204.29,461.85
205.34,1025.4
207.44,568.37
210.57,803.4
206.6,109.6
209.43,102.25
224.24,190.87
215.58,335.7
227.01,222.51
216,373.62
230.81,390.7
227.86,36.216
233,1117
234.19,283.86
236.5,62.5
240.28,883.64
243.97,260.84
243,480.17
252.32,693.15
248.44,682.44
250,342.5
258.84,532.32
259.8,130.24
258.81,4.7339
261.37,907.02
259.15,1038.4
263.55,656.52
264.53,49.6
266.74,797.4
264.64,477.23
270.5,364.31
271.68,278.55
269.02,390.63
272.15,17.085
271.68,1034.3
274.61,321.7
273.58,583.22
273.14,636.51
271.5,467
273,718.5
283.55,875.76
278.09,836.14
280.18,340.4
280,46
279.78,476.46
286.67,895.38
288.59,963.18
288.98,161.86
286.16,382.03
292.17,97.985
289.97,567.36
289.54,678.22
289.41,257.25
296.49,616.88
292,1095.1
309.33,531.78
304.25,19.564
307.19,424.11
309.37,85.372
310.86,1070.4
313.32,1100.9
312.57,725.06
315.54,868.94
313.7,963.5
315.69,480.09
320.85,9.3788
321.71,616.17
323.05,813.27
322.79,212.84
330.63,94.441
323.28,414.4
335.17,569.54
333.3,237.41
331.94,479.41
336.56,799.64
343.22,22.777
337.57,223.61
340.27,384.06
343.18,412.74
340.96,902.98
347.28,1054
348.05,199.42
346,1216
347.5,216
353.98,254.88
347,850
354.24,859.3
352.84,86.568
360.46,117.17
361.96,576.69
364.41,383.97
365.57,152.98
366,232.5
369.87,67.455
369.5,179.5
373.85,430.13
383.99,499.8
378.58,300.89
380.5,690
381.11,799.92
378,1063
383.55,218.01
379.91,1234.9
388.69,845.15
401.22,26.339
387.55,635.48
385.73,975.11
395.08,233.56
389.92,961.93
391.48,1124.9
391,1113.5
391.5,653.5
394,127
396.82,686.49
406.53,708.98
403.39,917.84
402.53,1164.1
403.35,106.16
403.49,488.19
405.25,312.47
407.86,821.31
411.38,1090.4
414.86,292.36
410.93,57.593
414.35,343.72
414.17,172.13
418,795
419.97,1159.5
422.58,537.3
422.69,111.31
420.59,654.07
421.95,71.909
429.52,89.58
429.53,858.25
431.44,1078.2
433.98,220.82
438.95,467.79
440.68,578.77
441.12,758.96
440.5,713.09
442.67,1151.1
446.13,179.44
446.96,548.3
449.05,53.058
452.05,378.98
450.56,205.2
454.53,14.933
455.93,424.68
455.81,586.14
458.83,892.41
463.92,272.92
462.42,613.87
461.67,190.19
465.36,552.04
460.17,652
463.34,642.91
467.34,777
470.62,490.28
469.92,570.12
471.42,800.47
476.01,957.88
476.81,394.77
470.73,825.8
479.15,127.14
475.06,599.71
475.96,1181.7
479.83,581.4
478.65,222
480.5,1150.9
484.72,1195.9
482.97,606.34
482.92,480.92
485.86,687.58
489.39,641.09
491.13,940.64
488.07,1071.1
492.23,735.76
492.23,857.8
497.57,568.43
500.95,204.81
498.5,414
501.92,140.16
500.05,422.1
503.02,94.104
507.04,821.23
508.64,164.02
505.91,1012.1
506.5,1038.9
510.47,700.09
511.3,602.25
513.37,934.57
513.03,320.36
514.42,433.89
519.34,266.06
520.82,130.81
521.25,198.93
524.55,1156.6
519.5,218
522,651.02
522.9,664.38
526.85,802.07
526.65,369.59
531.53,214.92
531.5,729.92
533.55,22.938
537.79,753.99
537.41,342.75
539.33,422.97
540.85,579.89
543.42,373.81
545.38,1057.3
537.42,973.58
537,1234
538.91,402.91
544.71,90.109
544.23,37.663
544.84,117.2
547.99,299.63
550.27,463.91
553.15,785.12
562.86,324.59
553.21,65
555.21,875.32
554,1220.7
558.07,829.56
561.89,671.45
561.57,35.245
564.67,908.38
567.44,740.35
571.87,351.78
569.6,162.18
567.14,930.14
570.74,1211.5
573.57,131.62
571.41,1241.6
573.86,538.86
575,1051.5
575.71,1121.7
580.12,1183.6
578,574.06
580.34,465.44
576.9,874.84
580.96,1202.6
586.99,249.85
589.08,231.39
593.61,899.46
599.38,366.52
596.54,424.12
594.48,505.1
594.1,1093.1
598.44,315.51
600.66,164.42
596.33,565.17
601.31,1178.9
601.04,38.038
599.54,1216.2
605.93,207.48
606.77,669.19
600.68,452.2
602.12,742.88
608.28,98.56
604.74,603.6
608.11,848.18
603.8,1079
610.03,1122.4
606.53,135.97
611.86,639.85
620.72,12.596
617.07,801.59
619.05,730.09
626.86,452.89
623.94,1171.2
627,1246.3
628.73,655.99
632.17,77.81
630.34,473.97
631.03,497.06
631.57,49.205
633.14,281.08
632.99,937.73
630.93,1031.1
633.55,1085.5
634.39,424.09
636.57,164.93
637.43,293.07
640.03,858.58
644.68,698.05
649.81,1124.9
647.79,1240.3
652.8,398.62
658.2,540.9
658.57,878.18
664.78,446.95
660.43,961.06
663.8,206.76
668.31,784.4
666.37,1017.1
666.97,110.22
662.2,336.27
671.04,1121.3
670.5,97.5
678.77,620.15
678.16,485.52
678.01,22.354
675.06,377.34
680.09,720.08
674.68,1044
677.71,1072.1
679.45,557.63
681.5,1235.5
677.65,180.12
679.44,255.08
684.79,686.61
685.24,895.86
690.24,493.4
686.85,878.54
690.66,1160.9
694.09,19.075
695.6,427.02
689.03,1125.8
696.84,612.99
697.23,564.93
698.31,1231.1
701.16,45.993
701.48,360.24
697.41,1087.1
700.12,924.38
700.23,1213.2
701.4,734.36
704.61,1200.5
707.38,520.58
709.23,253.96
706.14,644.63
709.21,59.725
707.27,467.27
707.9,1092.5
709.39,226.14
718.13,181.54
714.65,604.37
720.01,895.44
719.33,999.32
716.86,297.02
718.35,1231.3
718.57,866.03
718.58,148.11
726.35,200.86
722.57,616.67
724.94,128.45
726.84,629.84
726.55,821.68
725.39,458.14
726.77,583.84
731.6,710.13
727.65,292.27
727.58,546.89
742.12,961.47
732.94,1142.9
732.54,52.846
737.7,470.83
740.68,653.85
740.2,266.68
745.93,163.93
747.4,442.49
752.63,1223.7
751.49,987.14
750.86,1169
753.73,583.09
754.95,1029.3
750.56,1043.9
752.37,175
756.66,712.21
753.34,857.38
759.39,303.31
757.83,917
764.46,620.1
763.95,1009.4
761.17,1119.7
766.1,86.322
772.33,166.21
771.21,752.92
771.24,386.21
770.92,543.92
776.46,131.03
775.42,697.62
778.23,626.14
777.79,566.41
781.58,36.442
785.71,603.61
791.17,1068.6
786.42,142.15
788.27,249.66
790.26,309.24
790.71,735.68
793.89,844.42
798.56,219.07
802.91,392.7
800.42,608.2
796.42,1158.6
805.02,259.96
802.34,830.19
801.62,1244.2
802.43,859.09
802.02,95.426
803.19,119.61
813.05,1048.2
808.3,920.3
811.47,58.24
813.73,216.56
815.34,715.93
816.76,842.63
813,470
815,452
818.04,30.119
821.22,802.81
827.59,133.71
826.77,622.08
822.39,819.29
825.97,579.94
826.4,151.5
828.17,830.97
827.5,111
836.59,278.17
842.57,317.9
840.8,646.22
841.23,551.9
841.86,1109.9
847.66,447.34
850.16,753.38
845.18,810.64
852.68,112.1
849.45,701.69
852.88,232.05
849,337.5
857.56,9.4821
858.86,956.86
867.32,1003.7
860.91,1184.5
865.07,481.73
866.87,597.35
869.43,767.55
872.63,984.55
873.69,811.26
877.48,673.96
878.64,1044.7
880.76,1190.4
889.08,164.88
884.4,718.07
889.06,779.43
891.62,488.45
890.16,558.02
892.23,1189
897.26,332.91
900.25,365.76
898,538.5
907.88,885.5
904.23,465.19
903,318.3
905.81,965.71
912.23,1136.2
910.51,593.7
904.83,409.33
909.01,621.11
904.69,1014.8
924.18,673.21
908.11,798.58
916.11,157.7
924.16,518.81
919.7,47.217
923.08,125.92
927.74,340.22
924.5,1114
929.16,304.68
935.8,184.03
933.21,934.74
937.64,574.79
938,764.5
942.95,825.37
940.38,854.8
948.29,875.06
942.41,634.07
947.36,274.83
949.76,1087.7
948.94,1030.3
952.23,784.33
952.71,842.53
952.16,997.07
956.82,43.277
962.54,685.29
961.22,1006.7
976,734.2
962.53,297.26
974.88,92.973
976.02,70.725
975,483.67
978.65,680.5
982.56,329.56
981.22,246.32
981.69,951.93
986.12,1205.9
990.53,1044.2
985.53,937.83
994.42,252.09
990.57,499.61
996.29,102.95
997.57,22.621
999.77,2.1282
1002.4,135.78
999.93,199.58
1007.3,963.14
1007.3,304.91
1012.3,1018.4
1008.5,41.71
1012.1,271.7
1012.5,346.36
1012,576
1013.8,635
1014.4,1092.4
1013.2,1236.5
1016.6,1061.2
1017.8,774.6
1019,893.5
1020.5,516
1024.7,1123.8
1028.4,1030.4
1030.7,422.85
1028.8,602.88
1028.1,281.68
1032.4,1088.7
1028.6,324.54
1028.9,756.43
1030.1,341.05
1032.9,164.05
1036.4,254.82
1035.4,814.5
1036.7,298.26
1046.8,601.82
1047.4,882.15
1047.6,668.06
1054.6,546.77
1050.9,12.938
1055.4,696.87
1061.7,1045.5
1056.7,377.67
1061.9,1016.3
1066.5,81.859
1064.3,358.68
1070,640.37
1075.7,1134.6
1079.7,870.89
1075.3,799.21
1076.7,1226.3
1075.9,142.07
1078.7,401.92
1081,322.17
1080.2,761.24
1081.6,912.7
1086.2,13.892
1087,635.76
1085.8,230.77
1091.9,654.31
1104.2,232.21
1098.6,904.8
1096.8,311.08
1107.6,823.66
1099.3,566.02
1099.4,1009.1
1111.9,121.91
1103.5,92.419
1109.8,974.14
1113.3,1048.7
1114.1,72.298
1112,569.14
1117,498.81
1123.8,1161.7
1121.5,140.03
1116.6,1128.4
1120,317.13
1120.8,1140.1
1119.9,1233.5
1120.8,873.98
1125.8,32.781
1132.2,992.09
1128.3,1187.9
1131.3,1246.8
1132.9,694.32
1134.9,289.02
1133.7,872.2
1136.6,971.78
1137.1,421.7
1137.7,384.95
1137.9,833.95
1142,459.97
1139.8,308.29
1143.6,719.03
1139.1,939.13
1142.1,599.92
1145.6,1109.6
1143,256
1149.5,1162.2
1145.1,81.091
1152.8,975.63
1147.8,895.97
1149.8,476.87
1156.5,201.3
1151.2,780.62
1154.7,631.32
1153.4,524.44
1156.7,285.82
1160.4,1211
1159.1,1125.2
1159.6,1228.7
1158.9,33.091
1164.1,786.51
1162.5,1083.5
1168.2,1097.4
1173.6,1037.7
1165.1,327.91
1169,163.17
1173.4,234.68
1183.9,119.92
1183.9,276.51
1188.2,665.22
1186.7,576.95
1185.6,870.21
1183.9,217.83
1192.1,491.88
1192.4,342.55
1198,406.31
1200.9,1061.2
1197.5,789.88
1204.9,730.42
1199,66.5
1201.1,753.12
1199.9,1194.8
1213,887.1
1210.5,273.52
1207.5,531.29
1212.9,1126.9
1213.2,479.61
1213.1,603.79
1212.4,1088.9
1210.5,1160.4
1213.5,694.81
1217,983.5
1225.3,918.46
1227.6,643.41
1229.7,131.93
1229.1,851.64
1225.8,356
1227.6,558.6
1230.5,39
1234.2,576.83
1235.4,878.1
1238.3,1154
1240.1,284.93
1235.5,170.5
1241.6,466.3
1240.9,37.342
1241.2,86.121
1245,326.78
1243.1,652.59
1244.6,1222.1
1243.4,1197.1
1244.5,342.58
1245.9,612
1246.4,727.39
1246.2,1033.2
1246.7,355.71
