2.7037,1139.4
4.6667,703
12.785,1117.8
12.67,951.89
18.287,398.6
26.324,1050.5
35.472,825.34
50.541,437.01
55.97,909.73
57.337,1151.4
54.389,260
57,751.9
62.521,789.99
64.4,90.8
67.168,42.458
71.388,526.57
72.5,144.71
72.067,78.933
73.455,690.67
75.89,901.58
81.5,1246.8
85.556,990.52
84.174,679
87.687,28.02
84.571,686.57
90.208,583.23
93.229,693.1
101.25,731.96
102.83,885.88
103.6,1160.6
108.63,589.64
104,971.83
110,573.25
111.94,1222.7
113.5,851.5
125.11,986.24
129.56,721.46
136.99,170.09
133.93,392.41
143.07,920.09
152.15,182.53
153.54,765.7
151.09,231.91
158.06,71.434
164.57,982.31
167.19,815.93
177.55,28.322
180,1075.3
181.11,505.38
180.37,627.87
185.81,839.16
182.47,1110.6
185.05,555.32
191.4,85.357
196.97,905.44
201.32,461.22
209.59,86.393
209.98,1100.6
223.07,724.05
226.16,838.84
233.36,618.81
234.26,27.188
234.57,134.5
241.17,63.817
239.7,104.26
243.62,1040.4
247.42,1209.6
256.2,136.62
260.8,240.27
264.36,882.12
264.71,482.1
262.6,1222.9
263.92,1056.2
264.92,272.26
269.57,145.35
271.82,799.2
277.85,562.95
282.41,694.28
287.05,1188.2
291.4,853.5
290,589.5
296.25,608.04
292.42,719.89
293.74,1032
296.85,142.79
298.77,465.64
304.52,662.82
302.5,911.5
308.68,756.01
311.27,164.73
309.57,297.49
314.06,1218.7
320.93,282.35
320.43,378.91
330.17,383.63
331,246.97
334.31,268.84
359.56,612.79
360.47,461.43
365.21,1061.9
369.47,1228.4
362.63,914.63
367.32,52.784
368.35,898.93
370.96,1133.9
373.17,799.19
375.41,846.75
376.24,80.581
386.69,23.544
389.29,692.47
390,757.83
394.24,362.14
394.49,873.19
395.5,653.5
401.65,1187.2
402.91,721.4
404.72,767.53
406.12,443.83
410.17,219.4
414.26,190.52
414.5,649.5
416.81,1032.7
425.5,112.5
425.52,128.39
425,155.5
428.06,435.45
425,1237
427.3,1177.1
428.62,878.5
434.92,921.65
433.94,16.016
434.74,499.94
436.33,755
445.8,813.16
447.58,616.89
454.34,958.62
454.61,726.53
455.65,8.1385
458.83,191.38
456.96,915.31
462.98,364.94
466.66,877.94
470.5,536.5
472.5,325.5
474.6,354.89
477.82,1192.8
478.26,130.09
481.32,900.05
477.5,1048
479.7,854.61
483.41,869.61
487.15,406.94
487.67,647.41
485.5,472.5
487.94,814.96
489.93,831.19
492.54,337.07
494.59,379.93
498.69,1106
499.81,412.97
496.92,537.08
497,1123.2
501.18,1156.9
504.65,149.48
501.13,903.24
504.42,1169.6
512.07,974.59
515.91,168
517.14,960
519.24,1116.8
523.22,374.27
522,1095.2
522.68,216.95
526.6,438.52
530.43,1193.9
533.4,451.42
531.88,465.83
535.58,478.93
535.79,990.28
536.91,831.13
538.72,384.77
540.98,409.75
542.82,95.653
547.05,220.13
551,890.85
551.69,1212.1
553.58,1050.1
554.38,470.9
558.87,531.28
564.01,1039.6
567.63,842.63
570.37,487.57
572.08,155.68
573.52,602.37
579.43,955.07
577.89,431.22
581.5,518
588.63,1243.7
592.94,969.66
594.54,63.312
593,928.32
596.72,30.835
595.94,403
596,675
606.11,1071.7
596.67,645
603.42,295.89
608.88,540.05
608.8,3.7551
612.6,1127.6
616.37,653.17
626.54,109.23
627.09,61.045
633.78,547.71
636.73,189.05
639.43,69.207
641.3,1046
638.5,750.5
639.91,1069.6
646.49,935.86
651.78,194.54
650.06,559.9
654,92.5
659.79,336.68
662.1,1170.9
665.24,1050.9
666.86,408.01
665.44,138.97
667.03,224.83
665.5,655.5
672.78,1114.6
673.57,701.92
674.08,443.08
682.09,767.33
675.68,1103.2
682.15,1236.4
679.93,727.53
685.65,131.55
682.68,660.05
690.79,541.04
688.14,942.35
690.24,1055.9
695.28,838.59
696.39,1080
696.71,1001.9
707.54,154.44
718.5,1222
720.12,973.16
726.42,1138.7
727.17,1185.1
740.62,97.344
742.9,1171.8
747.73,371.35
752.96,53.86
757.1,803.47
762.38,452.62
759.39,8
759.29,347.45
760.36,211.5
763.52,702.52
766.97,555.96
766.99,984.45
768.32,378.46
770.13,14.128
774.56,133.97
785.5,200.5
788.96,670.7
789.09,305.2
794.91,31.117
793.24,522.37
794,770.5
792.42,1114.9
797.52,1133.1
800.63,504.87
804.42,516.89
805.5,989.5
808.02,106.56
809.2,381.07
811.17,1204.2
813.39,331.5
812.57,587.57
823.81,1138.1
827.54,464.77
828.7,704.77
832,106
835.69,77.027
837.74,632.57
837.69,554.93
846.63,1195.9
846.48,112.57
843.37,678.13
852.93,1032
854,590.76
857.6,1116.2
856,1212
861.57,698.14
863.94,791.59
870.25,888.66
868,41.333
872.72,421.57
873.26,977.46
871.97,873.29
876.88,914.88
877.93,134.41
890,623.83
895.15,284.34
898.02,366.02
898.14,866.87
896,885.5
898.5,878.12
900.08,774.08
904.99,823.76
902.58,915.45
914.07,843.61
904.32,48.784
907.81,71.143
907.15,1192.5
917.72,502.5
909.07,877.29
914.04,297.37
920.75,402.49
916.45,794.97
918.89,1086.2
916.11,238.7
921.62,1119.7
921.59,478.48
926.98,1147.1
929.5,667.22
942.2,421.49
946.04,154.44
942,409.33
948.53,736.88
951.08,609.2
952.93,1002.7
956.57,696.52
957.92,252.24
972.38,296.7
975.64,400.08
980.25,697.25
984.09,880.68
982.47,632.97
987.04,16.024
991.03,1014.7
994.75,793.97
996.83,1075
1005.2,605.37
1008.8,118.42
1007.7,747
1012.8,574.9
1014.1,792.98
1017.5,1.9091
1017.6,1062.2
1017.9,1145.1
1022.8,628.84
1023.8,721
1026.1,854.82
1030.5,248.17
1032.4,1174.5
1029.3,768.78
1030.3,99.765
1028.8,1029.6
1033.9,996.62
1033.9,71.622
1030.4,567.68
1038.2,1244.1
1037.5,892.5
1041.3,179.41
1040,339.33
1042.6,1144.8
1045,870.94
1051.5,538.92
1049.5,330
1056.9,653.14
1056.6,715.89
1059.8,1187.9
1059.4,137.11
1066.6,1105.3
1068.6,525.18
1079.8,953.76
1084.9,636.26
1095.9,239.18
1101.6,375.56
1102.9,260.13
1105.9,789.96
1105.1,733.12
1112.4,242.24
1111.5,756.15
1110.6,194.22
1113.2,307.07
1113.2,324
1119.8,417.19
1119.1,1008.8
1121.1,67.389
1122.5,1032.2
1122.5,40.5
1125,384.29
1127.9,740
1131.9,1108.9
1131.3,1177.7
1134.9,1161.2
1138.8,57.327
1135.4,587.07
1140.1,725.4
1138.5,900.5
1145.3,534.8
1149.1,584.97
1149,948.3
1151.7,1051
1152,1021
1158.5,15.519
1154.6,90.429
1156,701.68
1160.9,346.62
1168.9,456.85
1159.9,593.05
1171.6,218.61
1171.6,282.53
1170.3,347.17
1173,639.77
1173.6,1055.3
1171.9,1201.3
1175.4,188.07
1182.4,59.364
1181.1,360.37
1185,116.5
1191.8,518.25
1190.6,709.11
1194.6,398.92
1198.7,615.87
1199.8,1048.2
1203,1123.9
1204.2,974.57
1205.5,755.5
1207.7,721.13
1212.1,211.37
1217,151.92
1216.8,546
1222.8,184.47
1228.8,91.029
1237.9,540.77
1240.1,1210.4
1242,925.19
1242.8,1162
1245,574.67
1245.9,880.98
1246,650
