4.0656,405.1
4.3182,834.2
10.207,1101.9
10.25,435.06
9.4211,449.89
11,417.14
22.016,490.92
26.086,1223.6
47.38,357.56
33.93,1083
34.544,1100.6
38.226,1015.9
36.41,1030.4
37.71,613.97
42.861,286.25
45,1046.5
50.263,480.67
52.174,1122.1
61.603,455.62
62.074,997.41
66.411,1083.8
65.421,290.89
70.814,629.44
75.469,428.66
77.093,599.21
76.6,493.6
86.181,691.62
91.487,400.88
98.681,556.19
97.829,1157.3
100.31,421.31
101.21,808.7
102.41,443.11
104.33,492.4
104,519.5
110.4,459.99
110.4,763.24
114.54,804.56
116.63,505.86
118.5,532.09
117.07,919.59
121.24,650.45
125.7,1083.2
129.07,917.85
133.95,620.8
134.38,440.38
135.37,495.2
140.21,947.95
144.03,829.94
144.07,924.3
144,522
149.56,577.93
147.44,1211.5
154.11,540.58
162.97,822.43
160,574
162.5,510.5
164.5,888.5
168.5,235.93
175.71,350.48
176.23,124.38
177.2,972.33
178.6,150.6
179.68,383.07
182.18,288.33
185.58,585.2
185.04,550.93
184.5,1226
187.58,473.58
189.62,1090.3
192.58,430.51
199.46,967.59
198.57,1161.6
203.73,1180.7
200.5,1229
204.94,345.3
212.54,131.08
217.66,626.98
224.84,1178.5
234.06,1241.3
242.31,1175.4
249.77,557.67
251.44,1107.9
256.74,1156.8
261.95,724.34
263.3,1194.4
267.91,85.091
273.21,1246.7
284.41,1229.9
283.5,957.7
287.24,1174.1
294.5,1102.5
291,1119
302.57,355.61
310.32,179.79
312.52,1246
312.69,746.47
314.06,964.94
327.47,768.24
328.54,87.435
332.89,1178.6
333,645.32
351.08,108.08
354,528.5
360.66,278.95
374.6,1161.1
368.13,374.17
371.5,825.5
373.09,91.877
389.45,1229.2
386.69,446.83
395.6,342.21
396.05,1185
394.17,74.87
401.91,842.09
403.16,1230.6
420.7,954.82
428.44,1227.1
437.08,560.66
437.1,1018.5
438,1146.3
448.85,831.57
442,1235
444,515
444.88,1136.9
455.26,469.76
454.64,628.8
455.16,390.92
459.29,236.28
457.93,3.5926
463.56,1048.9
463.83,1069.7
468.9,510.39
470,1205
478.73,1113.9
479.95,769.17
478.92,257.92
482.67,1198
489.59,317.93
490.28,1048.3
493.36,134.13
497.85,81.81
506.89,967.59
510.36,446.5
518,611.5
523.12,574.35
522.89,927.5
522.42,256.89
531.37,1105.4
538.28,861.32
537.29,1068.7
544.39,1184.5
545.08,954
551.3,1087.7
555.39,1233.8
558.94,1062.5
561.42,1167.8
566.47,28.854
567.4,949.6
565.93,96.407
572.12,494.27
580.62,331.56
586.5,818.63
585.39,1164.9
587.06,1127.9
590.1,5.5139
592.19,1244
597.14,278.7
601.38,1196.7
602.45,908.17
602,1060
611.8,574.28
612.17,657.03
617.31,436.35
627.72,980.3
640.78,838.22
639.5,862
640.5,905.5
650.57,968.9
656.12,676.99
661.06,133.97
663.22,1084.4
661.67,649.53
663.66,253.89
665.65,183.2
663.58,224.58
665.26,762
671.11,1115.1
675.58,920.21
677.68,1036.7
689.67,144.47
690,305.25
694.91,967.96
693.78,823.9
707,1179.2
709.89,1036
708.94,1118.8
712.42,526.55
720.14,667.91
720.17,956.46
721.71,205.29
723.49,475.36
726.37,778.37
727.39,838.05
727.88,1198.3
729.5,40.5
729.07,602.41
730.59,963.1
733.67,387.96
732.5,923.62
742.6,619.4
748.56,54.423
753.5,382
759.91,439.86
760.27,1099.4
759.63,1177.1
763.46,220.57
771.8,434
776.15,666.54
777,1023
784.4,1142.3
781.98,501.94
784.34,966.93
782.71,886.35
781.93,927.59
789.38,149.5
792.09,1106.9
808.55,323.71
811.53,1231.1
812.31,926.31
809.58,1035.9
814.16,657.22
821.69,294.17
830.17,1238.4
831.83,32.314
838.03,616.69
838.25,646.05
841.09,31.045
847.55,887.35
844.37,1065.5
844.5,275.5
846.45,296.63
849.3,777.88
848.27,986.64
852.71,101.79
860.93,13.535
861.5,142
866.73,460.47
875.47,437.72
878.67,680.28
883,314.65
884.61,1059.8
890.5,409.29
890.58,1087.5
895.72,242.71
896.4,556.81
897.96,1045
899.06,867.97
899.78,445.98
904,29
912.12,662.06
904.5,607
909.08,501.87
913.1,716.95
919.5,404.5
922.16,734.95
923.34,903.36
922.24,330.94
920.63,561.37
926.42,37.895
930.4,124.23
932.5,836
942.54,623.08
949.84,75.132
951.66,937.1
953.44,715.09
955.96,104.35
961.28,399.37
958.84,24.871
963.38,912.64
969.68,340.83
977.38,127.95
986.05,404.2
988.48,371.63
986.93,924.59
991.8,254.34
993.94,781.06
995.63,187.03
1000.6,61.824
1010.4,89.367
1013.6,1230.5
1018.4,1065.8
1027.6,727.44
1024.5,277.93
1031.6,580.86
1031.5,664.5
1036,597.56
1037.3,1017.8
1038.5,88.31
1037.2,254.88
1042.8,1037.4
1044.9,555.59
1052.7,660.38
1056.5,830.12
1062.2,265.74
1067.8,713.47
1071.5,110.97
1068.8,472.43
1076.1,502.98
1077.6,921.55
1094.1,1246
1098,694.36
1109.1,500.08
1113.9,1169.4
1113.1,298.58
1114.2,931.93
1120.2,242.87
1118.3,384.04
1119.5,1146.6
1125.1,966.86
1122.1,179.18
1127,846
1126.5,1074
1139.1,502.83
1143,308.5
1153.7,536.97
1158.3,1131.2
1165.8,101.65
1170,279.17
1176.9,770.39
1181.5,712.79
1192.9,1197
1197.7,369.12
1200.5,108.91
1203.3,427.05
1207,634.25
1207.3,119.17
1206.4,142.89
1209.5,1192.1
1213,888
1214.9,1227.5
1220.9,855.66
1227.5,951.37
1229.1,206.59
1229.7,25
1237.4,150.17
1237.1,221.78
1237.4,1004
1239.6,34.377
