3.1549,38.549
3.2,106.09
3.8214,170.75
5.6235,278.06
3.0308,1097.7
1.8,1133.5
6.4595,1245.2
10.773,1007.2
10.918,1054.7
20,961
22.373,174.37
25.913,417.99
23.188,517.12
24.429,315.8
25.99,1120.4
25.398,69.237
25.481,1076.4
31.922,3.5625
32.444,269.21
31,1100.3
37.833,681.96
46.53,136.31
44.5,1131.7
54.322,118.39
45.926,165.41
49.276,1078.3
50.941,880.18
48.405,601.36
51.542,1011
49.023,1224.2
53.5,968.89
55.026,1116.5
56.178,33.667
58.193,153.08
63.565,622.46
65.215,990.48
63.568,696.05
70.265,1031.3
67.353,1066.6
68.765,1226.8
68,1242.5
69.561,1208.4
73.026,1089.9
73.902,824.22
75.611,905.86
82.5,1127.6
86.109,1028.4
90.875,289.18
92.452,364.29
91.926,674.41
98.784,1099.9
98.972,852.81
99.044,961.71
99.312,1180.3
106.67,1114
106.33,804.39
107.07,1014.4
108.78,292.44
115.46,877.07
118.4,1070.8
117.22,227.68
117.53,1168.8
119,310
118.63,558.73
121.81,1016.3
122.61,856.13
131.56,973.01
129.6,1175.4
141.24,1137.9
133.03,1223.4
133.35,1159.4
135.5,130
133,568.5
133.83,609.96
136.03,201.47
139.37,45.621
137.57,960.62
135.33,1048.8
136.98,1063.1
137.4,1107.4
142.32,476.59
141.69,1236.8
140.55,1029.4
145.19,87.398
144.5,691.65
146.03,999.12
149.66,256.91
151.67,610.28
150.34,964.38
151.5,524.5
161.35,1077.5
158.8,381.62
156.07,1042.6
163.29,118.18
165.18,400.55
161.7,565.01
162.74,601.94
161.91,1196.9
165.35,21.612
166.32,930.82
165.62,1142.4
169.8,1232.1
167.83,651
169.36,1013.6
170.62,903.66
176.25,388.47
178.36,963.42
180.55,707.59
181.94,328.55
181.58,521.11
183.13,1011.4
184.81,1090.9
186.16,178.57
189.94,864.89
187.53,990.07
189.75,1060.3
190.08,1102.4
190,349.5
199.05,935.92
192.47,538.67
193.42,623.11
196.65,1160.4
196.63,850.37
197,672.17
199.5,1120
201.79,802.76
208.98,1030.7
204.31,1204.3
204.5,696.25
207.11,1011.8
204.57,1071.9
207.71,17.03
207.25,676.84
209.43,908.28
211.72,523.81
220.1,567.47
215.86,310.77
215.99,357.38
214.91,1066.9
219.5,926.04
217.55,997.58
220.41,730.66
222.4,111.32
221.37,886.5
222.29,1169
223.42,914.55
225.45,450.34
225.97,871.14
243,1035.2
229.08,423.87
230.62,958.59
230.82,135
233.88,906.42
234.41,1222.1
238.24,281.91
256.02,970.46
244.14,1177
251.35,876.96
247.66,987.47
254.29,1167
256.08,3.9167
257.93,1050.4
260.98,359.68
263.54,811.62
261.86,184.43
262.46,903.78
266.71,1172.5
271.06,1074.3
272.23,867.47
271.65,949.49
273.12,829.98
275.91,1216.2
280.73,529.57
282.83,205.33
285.07,158.78
287.38,882.04
288.44,1171.6
294.31,201.94
296.4,943.84
298.63,978.62
293.31,1235.8
300.82,1200.5
300.49,450.84
299.44,1180.8
300.62,1093.5
299.69,1119.2
303.15,1039.2
301.48,483.65
301.37,1108.6
307.02,420.9
304.72,1007.2
305.5,919
307.9,1133.2
307.11,619.58
308,344
309.5,110.5
317.24,866.51
309,975
313.57,394.12
316.81,1020.3
317.47,1144.3
317.57,781.05
320.84,154.39
321,1154
326.1,824.6
325.91,1115.1
325.62,347.1
325.02,1098.4
324.59,1176.8
324.9,469.84
325.58,1210.4
329.55,900.19
325.57,988.61
327.94,1160.3
330.69,207.12
331.58,1138.5
338.49,993.87
337.75,36.814
340,149.5
340.69,400.17
342.58,845.81
343.07,900.98
343.98,975.01
343.45,1042.3
345.84,1179.8
343.5,2.3636
347.71,313.22
344.42,889.89
348.05,1018.3
347.04,345.4
348.06,472.9
348.06,805.69
352.2,1149.8
352.37,76.633
354.38,978.68
356.46,1032.2
357.16,1076.3
362.53,93.759
360.43,821.39
368.27,463.58
364,898.5
367.15,3.6585
369.56,833.75
370.53,1077.8
375.32,437.56
373.56,1062
373.31,877.41
378.55,850.8
375.55,362.62
378.1,974.95
378.16,951.7
378.5,1034.4
381.86,1073.3
383.52,828.91
387,173.64
385,451
385.5,514
387.55,280.29
387.04,466.41
392.95,271.73
398.07,1024.9
393.57,590.32
396.26,671.24
398.67,1003
395,1078.5
402.5,600.38
401.5,1183.5
406.24,847.1
416.64,862.32
411.12,787.09
413.65,341.21
415.04,466.52
418.01,915.54
422.22,971.5
422.96,1003.7
431.43,397.62
426,1087.5
427.24,675.27
435.29,804.95
436,282
438.1,72.247
438.03,360.52
442.34,228.02
443.22,827.46
462.89,177.42
462.08,336.08
464.42,543.68
467,158.5
472.55,348.55
470.94,286.65
471.12,662.99
474.59,530.93
475.94,774.03
485.12,993.44
489.69,291.8
493,310
499.52,1107.3
499.36,1204.7
506.08,210.26
503.67,129
506.04,166.17
517.01,444.98
520.96,929
523.05,184.52
523.78,370.44
527.62,428.62
532.04,624.46
528.58,1145.9
531.5,161
535.79,963.81
543.52,58.055
541.83,646
545.42,895.89
550.54,1124.2
560.06,324.45
564.91,315
565.8,239.48
567.5,729
567.68,1129.8
571.58,705.89
574.6,15.538
574.58,643.11
577.65,81.409
578.42,159.42
582.43,978.41
582.44,657.46
583.24,1014
588.8,864.88
590.58,610.45
592.8,344.55
593.58,1089
603.65,751.88
616.5,642.5
626.53,648.57
631.5,285
631.63,1090.4
638.34,1024.8
638.04,632.31
639.75,722.31
643,93.5
644.5,59.861
646.81,423.39
648.75,872.32
650.26,683
657,129
657.09,1090.9
660.06,701.43
667.18,1012.4
667.78,1025.4
676.47,274.75
677.23,501.19
673.6,985.6
680.08,786.35
676.5,995.5
680.44,872.03
682.82,1208.4
686.3,983.74
685.1,1092.6
687.48,1045.9
690.35,191.31
689.1,703.38
697.57,878.06
703.65,224.91
707.99,665.88
707.99,897.95
707.07,413.95
712.25,856.75
713.52,124.87
711.11,884.58
717.37,1129.4
720.5,684
722.06,208.7
721.22,898.44
724.69,334.91
727.94,44.591
739.2,921.45
737.12,1175.4
741.01,666.3
745,726.38
739.5,1060.5
742.66,456.47
742.56,1096.9
746.3,147.55
748.65,1217.1
749,351.59
750.6,679.89
750.67,738.69
751,772.5
754.58,1041.5
760.73,896.26
758.44,919.36
756.02,945.12
758.41,961.93
760.87,147.13
759,1213.5
759.42,728.89
765.5,973.5
772.95,990.45
774.17,1245.4
775.58,198.11
781.21,899.34
781.77,766.37
785.18,74.667
785.5,290.5
786,1078.5
796.93,754.09
799.34,795.27
795.04,875.41
797.31,963.12
797.83,1032.2
799,148
805.53,1223.8
808.37,648.05
808.37,755.37
812.09,980.62
813.85,792.54
819.88,918.16
820.27,744.43
818.5,436.5
824.62,938.28
821.92,263.44
822,783.5
833.44,999.26
831.24,624.39
832.59,762.54
832.29,1134.7
839.78,603.31
839,950.5
842.79,885.33
842.67,1180.2
843.69,680.94
846.32,740.27
845.02,913.62
852.36,863.21
853.27,1197.7
854.08,757.56
862.44,938.08
866.06,736.83
869.2,595.52
869.52,784.6
871.87,1066
877.78,324.33
876.64,826
877.79,301.19
877.5,250.5
885.81,675.19
889.5,719
892.54,282.26
893.09,364.91
904.61,215.43
903.29,331.71
903.89,1139.6
904,850
909.64,838.76
915.79,1218.7
919.02,648.46
916.08,935.44
919.7,1096.4
920.89,421.15
924.41,701.39
925.32,769.22
927.88,716.36
926.97,878.09
936.69,261.83
940.26,827.68
943.06,525.34
945.5,358.5
947.25,689.49
948.68,1201.1
975.81,468.48
954.94,1107.9
957,1175.5
970.39,450.13
979.1,5.1837
979.08,430.12
981,1219.2
984.06,843.45
987.03,1147.1
991,300
993.5,599
994.12,804.65
1006.1,119.76
1013.7,1070.1
1015.1,274.41
1017.1,298.42
1023.2,1090.7
1019.9,409.87
1026.9,948.85
1028.9,306.59
1036.5,749.43
1035.9,829.57
1039.8,535.93
1042.8,126.57
1046,43
1050.2,596.51
1052.2,569.25
1053.6,127.89
1060.3,1160.5
1063.1,320.18
1062.7,152.72
1069.8,538.99
1073,1098.5
1072,123
1077.6,429.06
1077.3,1122.8
1084,130.32
1088.1,107.01
1087.3,38.968
1095.1,1058
1098.8,515.09
1103.5,259.95
1104.5,215.32
1110.8,323.5
1112.6,595.89
1118,387.86
1125.6,957.41
1129,654.55
1128.5,174.93
1132.5,1095
1136.6,911.9
1135.1,1206.2
1136,312.5
1136.9,1171.1
1139.3,393.41
1144.1,440.05
1152.6,178.85
1151.2,794.86
1153,1105.6
1153.1,711.8
1156.9,1216.7
1159.4,198.4
1163.2,332.62
1168.7,546.81
1172.9,12.282
1180.9,1181.6
1187.5,466.68
1193.4,721.14
1195.5,515.87
1199.5,882.75
1199.4,895.41
1202.6,582.06
1201.5,1058.5
1210,229.62
1208,313.17
1209.7,90.216
1212.6,271.47
1210.6,372.22
1213.1,997.19
1217.3,492.81
1224.7,872.24
1223.7,707.23
1228,122.35
1224.9,1051.1
1227.5,611
1227.4,679.94
1228.7,303.38
1233.4,73.262
1234.3,456.5
1238.2,633
1237.9,647.5
1242.4,107.6
1243.7,1113.9
1242,616.5
1244.4,405.93
