2.3939,672.12
6.1714,570.43
6.725,613.92
11.284,140.44
14.721,846.73
11.569,353.64
14.487,536.83
12,942
15.973,1056.1
18.114,175.72
19.49,806.67
19.667,286
22.329,1010.1
26.058,47.274
21.778,1223.4
22.5,326.5
27.486,1145
32.305,1062.3
32.69,855.83
34,36.5
42.276,740.37
39.612,1004.7
39,132.5
39.5,1149
44.519,663.83
46.511,341.23
48.5,114.17
47.686,605.09
49.259,876.3
47.926,995.41
55.29,64.29
56.8,993.09
62.027,1243.9
60.633,872.22
62.833,329.44
60.957,768.15
65.355,1224.5
64.611,14.139
65.811,679.16
65.115,758.65
71,93.679
77.049,1051.4
76.936,779.45
81.905,1203.6
79.083,302.08
82,492.5
83,14.5
88.707,589.12
86.464,361.57
88.967,392.25
86.631,718.05
87.344,161.47
88.074,776.41
91.052,1101.9
95.582,176.96
94,216.82
98.565,350.9
98.909,499.51
103.8,426.72
103.5,744.5
103.68,458.29
104.11,778.58
108,367.5
110.5,480
111.95,900.05
112.5,754
112.88,918.23
116.19,88.311
113.31,777.17
113.58,644.89
121.06,251.25
121.33,610
124.93,643.14
123.37,589.63
129.56,714.92
136.95,58.207
135.56,404.42
137.53,898.74
140.43,506.8
140.27,4.726
139.9,300.87
144.41,283.77
140.33,608.17
145.27,187.34
153.69,1098
147.91,208.91
149.95,857.82
153.16,406.71
154.38,1239.5
153.69,740.96
154.69,363.29
155.53,465.72
156.5,781.5
168.75,228.52
169.52,536.78
172.21,65.368
171.5,439.22
173.32,331.17
174,307.32
174.42,727.89
176.38,1175.7
182.83,235
187.03,66.237
186.03,902.41
186.58,728.89
191.71,1168.5
189.5,738
194,834.5
200.8,868.74
197.83,793
201,919
204.72,333.47
205.85,359.27
205.83,522.34
205.15,974.54
208.73,214.35
209.55,401.17
206.86,1224.6
207.67,39.533
207,913.5
211.42,540.09
213.98,750.28
211.42,1190.6
217.08,1085.4
225.88,827.77
224.65,768.72
225.98,464.52
233.12,253.05
232.09,320.42
228.94,115.91
232.21,566.13
232.34,1095.5
243.11,242.69
243.56,200.12
241.3,1184.1
247.67,928.22
248.27,672.28
249,254
253.39,425
255.74,838.53
258.83,473.3
262.21,609.27
262.1,568.22
261.42,952.89
265.42,174.82
267.94,5.3554
270.49,1212.4
269.66,707.59
269.88,790.88
271.56,545.58
273.62,645.77
272.35,1235.5
272.5,329.5
279,835.5
278.89,1078.1
281.18,943.05
280.93,299.93
281.95,434.93
289.46,284.25
287.29,629.06
291.17,105.74
288.83,271.83
288.42,523.11
291,1026.3
292.2,333.93
291.5,874
295.78,678.67
302.08,872.56
304.95,187.47
306.08,900.02
303.91,274.91
308.07,397.67
305.04,465.53
308.91,1076.5
307.41,580.93
310.22,745.06
311.94,836.73
314,322
312.07,774.41
314.4,247.9
314.5,821.5
318.86,303.08
319.69,717.03
319.2,789.91
321.32,659.02
325.88,502.65
328.8,83.892
331.08,682.57
343.4,834.72
337.71,71.595
339.19,408.97
344.6,962.14
341.33,171
343.68,1144.5
349.85,264
349.6,419.11
354.6,1180.7
357.37,519.58
358.4,952.71
365.37,775.07
360.55,123.36
365.94,1245.9
365.95,918.29
367.68,1008.1
366.88,1061.6
366.54,1192.3
375.75,757.81
367,501
369.39,591.25
370.82,675.61
368.86,876.43
370.5,1212.5
372.5,3.5
372.78,647.56
376.6,196.89
376.44,1084
380.14,1158.4
377,907.5
383.55,712.14
392.92,3.0726
385.06,256.57
387.12,1244.5
391.54,643.94
388.14,437.5
392.97,814.07
390.04,1114.6
396.43,558.64
400.56,280.94
396.65,380.5
402.96,235.44
401.55,779.69
407.69,476.16
406.42,670.42
407.93,513.41
408.83,874
414.5,602.73
414.6,502.4
419.09,1180.5
418.5,359
422.04,575.32
430.2,887.48
428.45,316.54
429.46,472.46
429.44,1067.4
431.09,234.91
435.87,926.85
433.14,798
439.12,372.22
440,407
447.76,25.55
453.37,114.65
451.11,758.69
458.78,504.06
453.5,869.5
456.09,1194
457.79,159.55
461.81,1007.8
460.81,680.19
463.04,356.55
462.78,1175.6
475.59,713.3
467.5,201.5
474.05,60.923
474.5,992.59
483.11,540.32
489.24,1125.2
488,1082.5
491.33,970.84
492.19,36.986
490.9,63.082
494.9,671.52
494.41,1030.5
497.56,563.74
496.16,1218.8
498.07,114.41
498,983.5
500.92,799.41
504.91,300.17
504.75,407.92
506.41,1015.9
507.62,788.5
510.92,758.14
508.91,1152.9
511.94,162.12
515.89,622.52
512.89,510.06
515.05,260.66
516,1096
522.19,681.03
521.42,282.45
523.09,576.09
525.17,235.65
524.5,954.14
526.5,1134.5
528.09,973.91
530.72,358.88
535.27,1029.6
539.46,200.29
538.43,838.35
543.03,382.26
548.19,905.84
548.57,884.87
547.29,953.71
549.09,206.09
551.79,1197.5
550.61,314.14
555.91,1144.6
553.67,812
561.16,939.3
563.81,1243.3
565.44,553.05
568.79,719.22
566.5,833.74
563.42,1090.1
571.34,399.29
568.5,49.885
574.05,154.24
579.43,256.05
576.59,998.94
579.95,984.93
582.26,347.9
588.25,679.15
590.16,583.67
592.31,11.791
593.12,895.5
593.98,1165.2
598.88,207.55
596.07,919.41
602.7,88.918
600.69,167.42
605.57,544.42
607.54,609.74
607.64,1086.8
607.09,506.91
609.47,1007.9
614.06,1180
618.59,216.76
617.73,404.46
618.64,601.17
631.39,274.82
622.43,765.94
625,674.47
629.57,1117.9
628.42,1178.5
630.5,59.321
627,335.83
632.84,22.677
632.84,933.13
640.34,598.59
639.28,816.88
649.1,375.97
653.98,882.76
653.81,424.58
652.74,1110
654.32,21.946
659.67,918.71
655.6,456.6
657,897.25
660.39,287.92
663.88,695.55
664.83,227.74
666.22,109.57
669.62,902.65
673.2,1010.5
673.45,1174.4
677.88,1238.9
677.6,249.46
676.07,797.41
683.09,219.77
682.42,1154.4
686.25,316.61
687.02,862.55
688.85,10.04
688.97,513.46
692.24,571.85
698.45,167.3
700.49,720.76
700.32,1042.8
700.5,754.5
704.28,283.56
704.43,318.67
702.37,554.84
702.5,264
706.16,145.69
706.91,578.12
708,239
715.34,773.19
711,1233
718.91,568.5
719.5,707.14
725.87,730.62
727.55,851.27
723.88,899.12
724,103.32
725.08,254.8
728.53,153.33
731.46,240.2
738.39,651.51
737.02,1164.1
736.5,313.5
744.46,362.55
741.1,1007
741.18,1100.8
742.6,790.4
747.71,549.64
745.29,1030.3
746.21,1070.5
749,900.5
755.08,1167.3
747.96,146.17
752.17,750.87
753.4,600.11
755.68,831.05
758.07,73.067
763.1,12.144
760,993
759.5,1037.6
763.89,262.75
772.64,925.2
772.04,746.07
771.45,1170.6
776.45,456.4
778.79,121.51
779.01,906.23
779.09,778.91
784.99,706.73
785.09,1040.9
792.02,771.74
791.4,916.73
796.49,153.37
798.82,188.25
797.5,334.5
801.8,840.58
801.58,447.11
804.05,264.93
808.13,1096.2
810.31,587.16
810.58,1209
810.68,150.72
820.08,338.84
824.59,421.68
824.09,211.91
824.92,269.63
826.2,639.21
831.74,1136.8
837.75,105.55
837.15,84.763
843.54,192.52
842.55,129.94
843.93,3.5556
843.5,797
845.41,312.59
853.25,544.93
850.5,1173.5
855.44,746.8
858.15,207.13
857.92,771.42
858.71,836.45
859.09,1045.3
862.43,42.882
864.18,377.81
869.31,562.36
874.33,125.17
876.85,291.04
877.06,1219.8
878.09,198.91
880.25,14.917
889.05,458.47
888.31,922.77
889.84,1064.4
895.84,768.36
896.45,153.64
899.65,628.63
899.73,1162.4
899.87,683.46
900.5,285.3
900.34,508.32
905.68,1068.6
903.06,833.43
904.12,1112.5
908.6,248.45
906.63,206.03
910.52,778.22
910,155
911,697.59
913.55,1226.4
913.34,1200.3
917.15,422.97
918.46,368.09
917,521
920.97,943.66
920.95,53.929
921.73,178.24
929.68,791.41
929,1.8261
930.36,598
937.45,724.49
930.41,822.07
930,1055.8
932,372
936.5,165.5
941.41,1129.9
943.8,1177
945.21,63.134
946.58,43.576
952.24,956.37
948.43,994.04
951.92,1118.1
949.92,451.92
953.52,100.76
951.67,1031
952.55,135.41
953.56,22.538
952.67,893.17
956.53,941.74
963.27,843.05
958.57,494.05
958.5,1165.5
963.51,267.11
967.65,365.73
964.44,60.673
968.59,711.61
971,132.9
972.97,1090.7
976.75,1107
979.58,1122.1
985.19,904.28
990.63,1226.2
987.61,268.52
987.42,528.11
994.6,737.17
994.37,945.13
996.04,627.06
997.23,11.367
999.05,386.44
1002.2,464.62
1002.1,906.63
1006.2,1008.7
1004.7,1033.6
1010.6,785.82
1010.1,823.04
1009.3,215.09
1014.3,234.42
1015.6,1156.5
1021.6,139.56
1016.8,604.48
1018.1,1020.4
1024.1,1041.4
1035.6,43.722
1034.2,530.47
1034.1,125.08
1037.2,357.83
1038.9,159.95
1043.3,1139.7
1040.4,781.89
1044.6,990.38
1046.6,1013.2
1049.7,1183.1
1047.9,233.88
1046.8,674
1049.1,372.57
1052.5,1078.3
1060.5,34.812
1052,570
1058.5,866.58
1059.9,275.71
1064,310.65
1065.3,1126.4
1064.1,397.92
1073.5,630.44
1072.5,379.5
1080.6,612.97
1080.7,511.3
1076.1,581.55
1080.2,710.32
1080.5,295.98
1085,216.73
1080.7,1181
1081.2,148.11
1091.1,885.86
1096.6,128.55
1095.7,370.5
1098.8,995.41
1098.5,499.66
1106.9,267.4
1104.2,540
1106.7,491.06
1106.2,871
1109.2,369.18
1110.9,214.82
1108.9,594.09
1115.3,660.94
1112.5,833
1118.5,539.07
1121.1,261.05
1124.5,207.81
1128.5,553.63
1128.2,941.17
1129.5,168.82
1129,603.36
1128.2,951
1133,90.455
1137.1,721.43
1136.7,861.29
1146.6,143.14
1144.3,732.16
1152.1,801.94
1152,956.7
1150.9,650.76
1150.6,705.19
1155.1,120.2
1152.6,358.95
1152,1231
1157.7,312
1158.4,722.48
1158.1,1031.2
1158.7,526.78
1158.8,606.64
1159.3,296
1164.8,355.48
1164.2,424.94
1163,684.76
1167.5,386.6
1168.3,545.96
1169.1,870.5
1172,49
1175.5,745.59
1175.5,96.25
1173.6,907.12
1182.2,424.47
1179.4,5.625
1181.6,333.78
1178.6,828.4
1182.4,1062
1181.6,785.63
1183.9,711.82
1183.6,1040.1
1191.9,760.71
1190.7,154.71
1192.8,1112.3
1192.4,733.39
1193.6,958.11
1197.8,545.65
1202.5,241.47
1206.1,746.46
1204.6,121.56
1207.4,174.31
1211,681.62
1210,89.925
1210.5,467.24
1216.4,724.8
1219.9,940.24
1218,1187.9
1217.6,282.45
1220.8,303.43
1217,912
1220.7,269.27
1226.2,1007.5
1226.5,253.16
1226.1,550.86
1226.7,604.35
1229.5,1116.4
1228.5,886.5
1229,408.32
1231.8,172.54
1235.2,115.86
1241.7,373.89
1243,1006.3
1241.2,1052.6
1243.7,529.1
1244.7,622.69
1243.9,1219.6
