2.7714,148.46
6.1439,344.33
4.6364,714.91
2.25,735.85
6.5,674.5
10.082,1143.1
16.304,129.17
17.444,151.47
18.022,389.1
19.443,434.95
29.887,231.5
30.066,109.41
31.486,338.78
34.744,570.79
37.701,763.29
35.528,884.83
36.407,463.93
37,1118.5
40,79.75
45.646,269.05
48.581,1102.6
45,752.06
45,229.32
45.5,389
60.005,77.465
54.278,137.38
49.991,941.33
48.766,374.79
51.237,981.05
52.857,1194.1
54.458,702.91
52.5,445.5
54.444,13.956
57.674,198.14
60.897,237.87
67.36,552.57
60.564,393.91
66.605,689.54
64.464,110.33
65.472,945.28
66.091,1064.9
71,889.5
75.939,1023.2
80.274,815.58
79.571,101.03
84.576,180.09
88.972,18.792
86.826,219
90.741,406.9
89.074,713.41
100.23,755.78
92.576,311.61
90.895,518.42
96.99,498.85
94.482,1020.5
94.026,1049.5
96.066,884.84
95.944,553.2
97.882,37.618
102,11
103,607.5
103.05,793.93
103.51,26.463
104.07,211.59
113.68,867.99
107.7,1246.4
104.5,360
107.43,907.22
106.85,1180.7
109.96,368.74
112.31,451.16
111.42,717.88
110,938
116.42,409.38
120.91,11.319
115.5,155.5
117.68,578
120.02,1174.9
121.85,186.18
122.5,323.65
125.17,759.53
123.4,1134.4
129.39,958.3
128.04,1006.4
129.09,581.91
129.14,675.14
130.54,30.919
132.33,86
146.62,275.79
139.75,87
139.68,1083.4
142.73,590.33
145.97,1008
150.11,197.83
148.5,678.36
150.34,165.74
148.92,540.92
150.11,840.58
154.83,672.33
160.24,977.11
161.78,1091.4
161.09,1197.9
163.13,1106.4
165.5,790.5
168.93,1021.9
166.14,1233.4
171.5,704
181.64,1097.9
174.38,36.809
175.16,1168.7
175.92,545.92
177.61,1131.6
176.91,910.09
186.22,412.36
187.8,303.17
187.82,351
192.43,936.08
194.45,786.45
204.5,666.5
206.54,752.05
206.94,1116.2
208,586.5
215.61,292.97
215.92,345.92
225.18,973.88
219.82,380.75
224.41,487.59
224.93,907.59
226.68,322.05
227.16,423.9
227.44,860.17
227.63,1117.4
228.42,596.89
235.35,727.19
240.04,1015.6
236.11,781.05
236.22,801.54
249.38,1210.8
236.53,198.84
240.17,322.93
238.96,271.33
242.3,423.84
242.18,700.99
240.61,821.86
243.16,844.7
242.5,236.5
247.57,671.93
248.94,281.47
251.93,412.83
251.27,500.08
249,854.65
255.99,815.09
255.46,634.09
256.12,616.17
261.26,313.57
259.09,513.09
274.19,377.19
261.5,230
266.49,1111.4
265.15,40.66
267.07,858.73
270.44,726.14
271.96,340.44
270.05,404.09
272.09,969.91
275.85,987.77
281.12,1099.8
277.02,1161.2
277,1112.5
280.61,613.14
282.15,1214.9
282.85,1077.5
291.16,868.47
287.14,512.5
289.16,1236.7
291.18,824.38
291.28,586.53
294.42,273.89
295.68,632
295.32,712.44
302.37,551.63
297,482.5
301.01,1153.2
302.45,412.82
303.56,773.95
309.74,314.23
306.58,473.89
307.32,1010
311.52,172.61
312.4,333.6
315.28,578.86
314.09,1044.9
317.63,1166.1
318.14,722.5
319.83,839.57
319.82,1215.6
322.58,620.57
320.08,1236.6
322.61,558.86
325.96,888.97
327.11,112.37
326,1146.5
334.16,1232.3
331.03,632.23
335.98,1061.2
343.3,351.09
332.3,946.54
333,472
343.7,197.42
344.43,456.33
346.43,664.09
348.92,632.41
352.04,983.66
352.42,490.42
360.4,791.64
354.7,140.5
357.56,192.68
374.5,320
379,270
384.14,171.85
380.36,1001.5
384,356.83
386.03,825.1
388.02,706.6
386.09,79.091
386.11,284.58
388.64,577
391.98,476.36
400.17,431.63
395.64,842.09
400.79,749.74
404.89,631.41
414.13,842.9
410.33,890
410.17,959
415.81,665.49
419.66,623.99
419.07,783.18
418.72,1152.4
422.21,800.56
422.69,1180
425.2,1237.6
430.7,981.1
429.14,1002.7
433.1,1105.9
439.46,201.66
441.68,369.89
448.65,1153.9
440,895.14
442.96,1240.3
445.09,427.11
445.58,816.93
442.45,1119.4
448.31,462.21
443.77,804.46
452.19,94.94
448.58,859.57
452.1,122.29
456.05,1091.1
456.55,406.43
461,1044
462.42,1027.7
465.07,806.17
473.12,653.55
475.91,1171
475.12,45.288
480.03,862.43
479.07,677.16
481,715
484.92,1076.4
485.58,272.11
488.06,609.56
489.22,324.04
496.14,54
496.53,6.7209
497.59,642.93
499.86,373.93
501.98,1068.8
503.06,285.81
504.88,382.5
510.03,885.39
531.77,835.59
524.11,811.01
522.06,914.78
525.29,1176.2
521.37,46.367
527.02,999.83
528.24,248.23
527.47,281.42
530.42,957.3
530.5,1213.5
532,365.24
534.55,1057
533.11,5.5789
535,344
539.46,735.98
538.4,1224.1
542.19,1099.6
538,1007
547.48,473.54
545,288.5
545.55,571.94
548.9,927.54
557.57,218.1
554.75,331.38
555.97,64.949
553.83,985.05
557.21,839.4
557.44,1244
557.26,693.05
556.5,893.5
558,282.5
568.23,37.236
568.66,117.89
570.55,1155.5
573.06,1197.1
573.85,642.75
574.19,536.54
578.84,453.02
580.66,330.06
579.85,438.35
580.67,1061
583.18,1241.4
588.04,299.96
584.09,887.91
591.78,1129.6
599.42,341.58
599.91,1223.4
604.08,301.76
605.39,143.38
605.77,24.604
613.09,1097.2
613.35,203.5
615.12,376.45
623.62,1060.2
625.32,92.151
619.5,403.5
626.15,259.61
627.73,296.87
628.92,72.906
628.46,142.22
642.58,389.63
628.96,886.14
627.92,34.697
630.88,1079.4
636.06,841.24
636.81,1198.3
646.52,291.17
641.53,946.31
645.17,428.5
644.8,1237.1
649.11,850.54
647.07,659.41
655.82,537.01
652.56,259.92
652.66,1007.6
654.63,440.41
654.43,826.91
658.17,1189
668.11,698.11
663.84,744.65
665.06,67.446
677.66,1150
674.59,46.414
675.59,977.61
675.46,428.09
675.55,718.43
677.44,823.79
679.84,936.63
682.92,677.8
682.36,770
685.29,1126
689,203.83
694.99,1225.5
697.15,688.45
698.79,1179.8
699.15,474.05
704.03,402.97
702.85,567.83
704.96,171.63
706.47,1240.9
705,1207
708.4,674.37
711.55,1078
713.4,634.96
713.22,264.33
714.36,764.4
718.8,994.99
717.92,577.56
720.23,954.15
723,93.5
727.63,889.51
735.68,421.2
728.67,785
734.6,201.64
735.71,966.29
740.04,622.86
741.76,899.72
748.61,834.11
748.23,342.34
750.94,277.06
754.84,944.48
753.65,92.279
752.93,310.41
757.65,501.76
760.92,1130.6
765.06,1204.4
772.26,277.79
770.42,1042.7
768.88,848.65
774.55,37.064
778.5,1024.8
777.92,876.46
782.8,5.3427
782.68,759.65
788.75,1189.5
784.29,238.45
788.97,1089.2
790.54,346.11
788,715.5
790.15,172.79
795.61,326.24
796.57,564.98
795.09,752.91
804.45,787.73
800.34,40.908
802.58,69.105
804.94,1094.7
811.5,698.5
811.93,245.41
816,747.5
820.4,423.77
818.34,733.53
819,686.5
827.38,160.36
824.45,665.72
826.09,1221.1
834.1,586.45
837.46,823.83
835,552
838.82,484.67
838.22,1224.6
842.2,347.66
851.19,971.11
839.93,200.44
844.56,120.66
845.15,658.51
843.88,327.5
843.25,751.52
849.08,781.05
847.46,854.49
847.5,1131
849.08,482.92
852.41,40.187
854.93,635.9
852.79,702.5
861.95,798.48
853.41,833.07
855.36,771.86
858.66,607.53
861.1,1069.3
863.49,379.3
862.5,50.364
871.55,590.59
866.55,990.58
869,479.5
877,568.5
880.55,90.602
884.5,449.5
888.04,1090.7
890.97,1134.3
896.31,687.67
896.36,546.83
895.91,861.5
903.04,876.65
901.17,19
903,973
909.68,839.05
913.33,1137.4
917.05,5.1613
913.93,1087.4
915.67,1219.5
917.15,941.34
921.05,768.09
924.27,815.35
925.58,779.11
930.32,1178
928.99,362.42
927.5,1155
936.54,419.71
935.08,601.34
931,635
940.36,351.14
945.52,248.81
941.8,528.97
942.5,1010
940.88,313.5
944.55,623.91
950.08,677.14
960.58,631.89
956.41,820.2
958.26,1047.1
961.44,867.11
961,483
975.16,528
966.74,385.35
966.15,297.54
971.32,138.11
970.44,550.8
972.06,586.43
978.26,687.88
979.28,1001
978.62,34.784
984.71,1145.1
986.08,763.44
989.14,652.74
997.98,891.76
995.17,479.59
996.62,551.05
996.42,251.11
1008.5,30.882
1013.7,938.33
1014.8,960.79
1014.4,604.77
1017.2,556.65
1019.5,1183
1021.5,679.02
1022.9,16.465
1021.8,648.06
1020.6,393.27
1020.9,834.71
1022.4,488.08
1027.6,147.82
1027.3,818.12
1026.6,1043.7
1027.8,954.82
1032,848.93
1030.1,164.98
1030.4,191.76
1034.8,1226.3
1036.9,1080.2
1041,1168.1
1039.1,923.59
1048.9,473.59
1049,580.5
1057.6,978.25
1061.3,125.38
1056.9,512.09
1066.8,638.39
1064.3,491.83
1067,1196.9
1066.3,398.21
1072.1,316.01
1074.8,730.54
1079.9,1089.6
1079.1,145.61
1090.3,103.3
1088.6,292.07
1091.6,692.12
1093.5,513.22
1097.7,209.06
1097.6,1097.5
1099.1,1002.6
1100.9,371.41
1101.9,280.92
1103.4,491.31
1104.9,780.87
1109.9,7.2121
1111.4,547.12
1110.6,400.84
1112.8,458.07
1114.9,610.86
1112.2,648.18
1119.3,911.69
1119.7,237.56
1119.5,1039.2
1118.9,1216.4
1122.5,669.96
1122.5,326
1130.4,503.7
1125.4,1200.4
1131.4,1008.3
1127.9,205.91
1127.8,338.46
1130,1029
1132.1,145.57
1131.8,1069.1
1137,655.56
1139.4,557.86
1138.6,1026.5
1142,596.48
1144.7,800.84
1145.1,539.41
1154.5,1075.5
1149.3,1031.3
1150.5,566.42
1153.9,874.45
1152.4,765.95
1158.8,822.79
1168.2,523.12
1170.4,1210
1175.4,722.28
1185.1,551.67
1182.8,829.78
1184.3,104.46
1183.3,374
1194,1143.7
1195.9,640.58
1194.6,1205.9
1196.5,614.03
1199.7,931.94
1197.6,781.39
1200,316.08
1203.2,847.18
1210.6,555.79
1209.6,115.11
1214,1151.2
1216.5,857.5
1218.4,994.5
1219.4,1030.4
1224.9,1243.5
1228.2,341.99
1226.7,626.76
1226.3,434
1228.2,952.55
1232,1158
1233,1034.8
1233,1015.7
1234.2,602.39
1235.7,925.15
1241.3,97.609
1241.6,777.07
1244.3,274.65
1245.3,720.68
1246,138
1244.9,830.59
