6.7182,175.63
5.1842,227.38
2.1923,309.69
5.3565,956.75
4,708.17
7.25,446.57
7.3457,611.3
18.875,1081.1
11.727,808.3
17.493,771.28
19,834.31
22.054,385.73
22,1114.5
27.285,1014.2
31.483,819.87
40.066,659.9
30.389,329.86
32.633,506.63
35.375,533.58
37.444,900.93
42.129,457.49
43.825,373.06
47.139,296.84
52.109,185.17
44.5,878.5
54.314,74.212
56.662,605.54
57.391,369.57
61.407,722.05
67.097,1086.6
67.111,764.61
69.241,297.21
68.9,584.03
79.047,256.4
75.297,404.16
82.883,832.26
81.62,912.9
81.579,502.11
88.695,1065.4
87.511,549.57
92.175,766.49
92.283,811.39
90.761,1209.5
94.242,921.06
103.37,1238
108.75,506.12
103.67,165
110.35,252.66
110.28,721.27
114.01,754.81
109.89,21.421
113.05,691.72
113.24,394.06
111.14,770.14
114.33,995.53
122.19,322.64
119.45,943.42
137.06,125.11
128.32,11.091
131.21,735.54
130.82,399.73
135.09,500.09
139.4,678.17
136.5,1111
138.9,820.52
142.69,961.46
141.62,368.68
143.76,542.27
150,359
156.94,1056.1
160.98,463.44
162,80
160.96,762.4
167.12,674.01
166.51,1241.2
166.78,505.23
169.23,715.23
174.63,123.82
175.54,908.27
174.27,578.78
180.93,781.73
184.96,1102.7
182.16,1179.8
183.01,54.747
185.29,202.42
189.18,969.57
186.72,649.33
187.2,2.3143
188.66,354.3
184.77,798.77
191.68,480.02
185.86,929.86
189.67,698.67
198.79,557.43
197.5,56
202.47,414.08
201.51,710.15
209.62,257.1
203.93,1142.6
208.53,88.765
212.6,578.47
218.25,953.82
219.09,1151.1
220.35,197.15
223.88,391.15
224.5,966.5
227,166.6
229.24,96.059
235,703.79
238.41,1073.7
242.11,1229.6
244.4,375.73
249.29,829.34
248,973
262.2,274.54
261.31,621.65
262.19,1094.2
263.61,21.658
263.92,204.31
267.97,664.7
262.11,247.58
264.4,994.45
267.65,941.25
267.24,558.6
278.07,149.85
277.09,921.39
281.78,43.196
276.42,236.89
277,1169.7
282.42,616.9
280.11,831.68
281,80.667
286,218.5
286.16,299.21
284.56,943.92
287.2,783.82
289.05,328.95
290,1074.4
291.37,998.35
293.57,306.51
311.17,935.09
297.83,1135.6
311.11,270.39
306.05,1054.5
303.92,1222.9
306.28,396.47
306.41,888.07
308.83,1239.4
309.47,1154.9
309.89,42.579
315.29,704.96
320.01,187.61
314.87,1097
316.23,417.69
317.36,18.405
330.6,389.47
326.96,1164.4
329.35,248.85
329.07,668
328.16,811.23
329.92,160.67
334.05,987.12
339.12,1200.3
340.84,556.37
347.5,645.48
348.36,742.36
347.93,396.8
344.58,944.11
347.26,245.87
346.5,693.65
351.03,28.744
351.09,543.91
356.57,201.45
366.75,1008.3
366.67,332.46
371.66,579.21
375.16,264.98
378.67,651.72
385.69,1188.8
382.42,593.44
385.52,193.22
381,994
396.53,1043.7
383.5,446.5
390.52,510.44
387.17,921.27
391.21,936.67
391.16,484.38
394.45,709.89
396.5,1089.3
391.37,1070.1
389.5,773
393.8,963.94
394.53,156.56
390.5,352.5
395.64,867.23
400.44,756.54
399.35,951.86
401,476
426.05,1094.4
404.72,286.38
410.72,34.166
416.08,326.59
418.74,1239.9
419.54,1057.5
414.47,618.48
418.84,633.98
418.88,966.77
424.88,873.77
427.44,774.64
428.06,995.38
426.5,945.5
431.15,294.2
430.71,66.954
433.37,461.63
429.59,1212.9
434.22,1037
439.28,41.694
444.08,137.29
439.76,409.62
438.17,843.71
444.22,949.53
443.1,787.05
452.38,519.71
451.92,697.08
458.58,504.89
462.67,839
465.64,527.64
465.5,761
473.05,1018.1
477.42,864.75
478.09,1084.4
483.98,572.62
479.09,1070.9
480,115
487.46,270.34
483.45,906.25
497.1,96.307
493.64,799.57
496.41,412.31
495.19,1128.8
498.5,627.62
507.87,385.03
504.22,444.22
502.6,564.6
509.08,217.49
504.87,68.174
509.52,964.48
513.65,1031.8
510.31,643.3
509.94,702.05
515.47,303.13
517.98,1244.6
523.32,1205.3
524,1215.5
529.47,112.5
530.79,1085.1
532.47,962.41
532.19,393.65
535.19,156.72
533.41,780.07
536.58,19.217
539.91,201.61
540.58,763.59
543.97,1132.2
543.21,1007
548.31,307.27
550.01,661.35
547.09,210.91
553.13,1246
552.76,269.39
560.51,1000.8
561.48,1188.4
559.29,475.71
566.85,936.99
571.72,692.05
572.82,831.18
570.88,912.45
570.43,1152.6
574.35,183.83
579.97,1141.7
575,124
578.96,403.29
578.75,1197.3
582.02,99.042
578.65,1130.4
582.18,322.62
584.69,1014.1
583,282
594.57,191.21
591.85,875.96
593.71,231.02
589.87,624.97
593.62,521.51
599.93,1011.1
603.47,587.14
600.5,322.14
604,255
613.3,945.51
612.92,366.22
613.06,795.35
615.33,217.19
617.02,163.9
619.61,244.4
616.94,640.12
617,1087.1
620.44,1031.5
618.5,415
620.45,1207.2
623.5,331
625.8,481.29
627.49,1146.5
627.43,127.92
633.01,26.492
634.71,806.82
635.95,539.16
643.77,10.466
646,322
653.38,343.32
651.62,1186.6
655.28,623.29
660.12,400.46
655.38,373.78
659.96,928.57
666,463.1
661,671.61
670.8,531.38
669.4,479.12
673.79,775.98
676.54,875.86
674.26,1023.9
682.93,128.65
683.58,973.42
689.92,1193.9
693.8,430.28
696.33,814.83
699.61,740.57
700.73,890.12
702.63,1146.1
705.77,1219.1
710.57,134.77
712.49,753.59
714.52,944.03
715.23,683.2
715.96,971.38
719.75,462.08
724.97,4.8598
722.2,377.86
725.02,827.47
724.47,402.66
735.94,1117.7
727.7,76.78
738.66,1165
733.93,858.85
735,566
741.14,573.45
740.32,100.37
745.65,1149
749.52,1003.3
751.16,795.92
754.23,561.11
764.5,495.32
759.1,927.52
758.75,946.91
761.16,607.9
763.86,1111.9
763.33,666.11
764.21,1037.1
764.77,533.23
764.31,808.72
767.29,872.29
767.96,1172.4
776.81,1187.8
776.8,1052.8
780.48,260.65
784.98,812.59
778.81,778.86
780.07,1039.6
785.5,938.04
788.85,15.547
788.12,1132.7
790.08,915.84
792.61,515.82
791.49,224.37
795.65,1074
798.5,598.69
804.27,824
804.44,947.05
806.9,986.59
808.74,732.2
810.54,481.26
810.83,778.41
819.08,806.52
815.34,1241.4
816.5,569.73
815.26,760.89
815.87,787.11
817.41,1146
820.53,94.843
824.41,73.074
833.2,782.71
826.88,1211.5
828,168
833.43,599.73
832.5,994
836.93,947.61
846.94,974.6
842.81,77.571
845.96,164.04
850.17,854.97
849.64,270.3
851.33,505.12
853.67,780.14
854.75,1163.2
851.55,1215.6
853.6,515.4
858.1,817.32
860.13,663.27
865.62,1019.2
863.02,914.08
865.35,80
872.66,937.88
869.7,1100.6
870.51,721.45
873.35,204.94
872.35,739.12
880.51,34.789
879.5,961.5
884.19,782.31
881.35,495.42
882.56,475.2
886.76,97.767
890.55,165.93
896.42,4.4554
895.93,518.74
895.36,878.36
897,554.84
900.65,861.26
900.57,16.681
903.02,189.49
909.6,672.07
900.69,887.69
909.03,1057.2
910.11,28.727
907.5,273.5
909.61,285.96
911.61,100.67
909.02,779.48
916.1,549.22
926.47,1242.6
915,128.5
926.43,230.4
928,863
942.21,983.79
937,916.5
940.98,552.81
939.43,493.43
946.3,394.84
951.42,449.47
944.4,965.4
946.63,1206.6
955.8,878.07
957.88,817.02
957.82,1031.5
963.46,692.37
959.89,428.22
956.76,942.18
958.87,744.33
963.01,1125.6
967.89,790.78
967.95,470.69
964,616.17
967.3,763.15
967.12,162.65
968.86,379.86
970.48,575.16
977.9,876.46
978.23,1152.3
977.35,644.95
976.55,942.81
980.2,288.59
981.03,778.58
982.2,962.56
985.55,988.45
991.44,758.79
988.58,1028.4
993.33,1216.2
992.6,411.6
1000.9,274.11
995,534
998.21,669.04
999.11,608.59
999.08,85.917
1007.7,1048.8
1009.6,1110.7
1010.5,972.72
1010.8,774.78
1010.5,842.07
1010.6,1175.8
1011.9,635.97
1011.6,1131
1023.5,988.05
1018.6,171.31
1017.1,323.86
1019.9,865.07
1025.2,423.15
1026,291.86
1023.7,210.36
1021.9,656.56
1022,1217.9
1023.6,25.077
1026.9,937.54
1028.2,108.89
1026,223.38
1030.4,631.56
1027.9,1035.5
1029.6,574.09
1030,888.02
1031,811
1035.6,614.81
1037.2,325.21
1041.7,239.53
1036,435
1039.9,272.17
1042.4,1221.6
1046.1,751.26
1040.8,966.5
1044.7,1049.2
1051.9,22.828
1053.1,99.095
1051.8,583.48
1055.1,529.15
1053.4,884.74
1052.1,168.91
1055,1108.8
1065,1198.7
1055.5,853.22
1059.1,700.43
1059,1247.5
1060.4,767.11
1062.9,1094.4
1063.5,1181.9
1068.1,34.324
1065.8,353.8
1067.7,638.2
1067.8,1081.3
1069.3,446.25
1067.9,661.43
1070.7,370.55
1075.8,1036.9
1071.8,1245.9
1074.3,607.34
1077.7,1178
1080.1,729.61
1081.8,1096.6
1083.2,1226.1
1087.3,13.64
1088.6,703.59
1090.6,170.21
1088.1,297.36
1085.7,573.67
1092,195.4
1092.9,1208.5
1092.2,1042
1093.4,821.47
1098.9,783.63
1097.9,867.56
1104.3,330.07
1103,246.34
1101.4,384.86
1104.9,482.14
1127.7,14.838
1106,168.78
1113.2,931.19
1114.5,109.52
1118,458.18
1117.6,1102.2
1123.4,143.74
1116.4,768.52
1124.1,670.04
1121.7,396.82
1123.6,533.13
1123.5,598.78
1125.9,1220.4
1128.2,1048.7
1130.2,757.02
1128,1246.8
1135.4,453.56
1134,1085.8
1139.4,380.41
1139.7,633.58
1136,851
1138,727.69
1143.4,173.42
1146,242.39
1140.5,569.62
1142.5,394.41
1145.2,334
1153.4,352.05
1156.2,201.88
1154.8,74.429
1159.6,1165.4
1161.9,545.43
1162,469.04
1163.8,99.175
1166.2,226.56
1172,1089.2
1172.9,630.48
1175.8,1212.3
1174,1246
1172.7,46.946
1178.4,1137
1183.8,364.89
1181.6,516.01
1182.5,12.393
1182,501.52
1180.5,1181
1189.4,804.11
1191.4,435.56
1188.5,637.29
1187.3,1066.8
1187.5,146.5
1189.3,399.06
1187.4,718.63
1187.8,1190.8
1193.9,872.41
1202,576.35
1201.6,635.76
1200.6,747.22
1204.7,604.52
1203,681.33
1202.6,736.66
1209.9,866.03
1205.9,52.955
1208.4,417.39
1210.5,656.11
1209.5,1023.1
1213,1076.6
1213.4,489.5
1219.3,879.62
1215,450
1218.2,1147.2
1217.8,231.72
1217.5,734.5
1221.3,790.82
1221,847.47
1221,667.88
1222.1,1001.3
1221.4,811.07
1225.1,1096.8
1233.4,484.77
1233.4,109.59
1230.1,1184.1
1232.9,146.99
1232.6,765.71
1236.5,1045.5
1242.6,1222.2
1238.6,710.52
1241.4,966.66
1243.6,633.19
1241.8,813.97
1243.3,940.52
1245.5,742.5
1247.1,662.63
