1.9091,121.5
3,225.68
2.8788,241
2.7619,382.5
5.5,1065.5
10.686,1239.9
13.4,288.4
15.905,1187.5
18.37,636.52
20.586,1035.8
18.341,563.41
20.686,617.91
26.351,928.51
25.085,1063.6
33.788,618.19
33.585,912.32
37.871,958.18
36.436,339.55
42.977,436.36
41.394,209
45.08,56.466
43.389,123
43.71,236.45
45.083,1012.3
47.361,972
51.154,12.992
48.861,171.39
49.407,1025.7
52.175,1144
56.716,348.69
57.061,1061.6
58.344,912.53
60.667,1173.8
64.089,73.634
62.656,555.62
64.837,614.08
66.576,590.82
72.14,929.61
68.718,51.369
69.123,487.92
68.923,959.25
80.642,350.57
84.436,1016.5
85.5,186.41
84.618,373.88
84.174,944
88.011,68.805
87.175,540.05
92.783,251.43
87.644,291.67
93.381,153.27
95.5,120.5
97.605,1172.8
103.11,224.15
101.44,988.95
100.69,1084.8
103.59,574.11
105.55,1001.9
107.08,1039.3
110.56,210.92
111.26,924
112.5,117
114.18,378.4
114.44,871.95
120.09,1024.8
121.82,437.6
121.62,891.62
122.2,231.1
124.69,814
126.77,870.57
126.64,927.58
125.92,1235.9
129.95,625.35
131.84,244.89
139.46,304.47
137.18,895.95
139.8,1034.5
142.19,206.41
146.31,601.13
144.61,1219.1
146.5,717.5
149,970.33
148.23,190.21
148.6,950.9
149.56,221.08
151.43,348.6
151.95,1107.6
152.17,565
156.43,30.471
160.92,141.92
164.9,491.2
165.32,847.48
163.78,915.25
170.18,826.19
166.46,873.62
169.77,1055.8
186.29,342.88
181.08,882.44
184.08,418.73
187.05,556.35
185,673.5
185.6,970.35
190.5,19.5
196.94,825.07
198.08,882.92
196.64,345.55
201.64,1104.8
202.78,1185.2
203.09,38.235
205.8,168.03
209.01,642.26
209.8,938.83
207.67,992.17
210.36,560.32
210.83,710.12
211.8,504.56
213.74,1233.9
214.5,600.5
217.85,1140.8
215.86,718.14
219.87,366.11
224.58,459.75
221.42,879.89
222.28,919.62
224,1167.5
228.87,699.77
225.87,902.94
229.55,260.81
230.87,395.58
230.5,1245.8
231.65,563.44
232.84,936.43
236.32,860.83
236.69,73.171
237.43,800.13
238.54,571.84
241.41,873.66
240.9,777.38
244.14,397.5
245.34,906.08
247,1008.7
253.83,966.95
257.02,76.885
256,624.32
257.02,898.88
261.54,865.51
258.58,404.42
262.25,986.34
263.67,48
266.58,668.89
268.71,894.55
272.15,718.51
274,256
281.76,744.55
282.45,712.1
282.99,1165.6
282.91,671.91
291.25,920.88
290.58,712.11
304.9,1201.7
297.5,122
299.38,555.88
301.07,431.6
305.33,76.129
304.09,638.87
302.92,665.92
303.5,913
309.48,717.68
311.88,645.88
312.45,222.58
313.35,1068.9
314.34,704.46
318.35,1244.9
321.67,332.2
323.16,1045.6
325.14,356.56
328.86,138.28
326.91,981.09
332.63,292.92
335.46,175.41
338.74,750.22
334.8,952.32
337.36,160.03
337.37,908.37
339.58,1245.7
340.05,1215.8
342.53,1139.2
342.4,573.36
347.04,213.13
348.99,910.94
349.56,335.03
361,58.745
362.11,1188.4
370.54,90.469
366.17,376.43
369.02,391.14
372.76,552.46
376.8,929.07
380.94,856.03
389.08,523.67
383,251
387.72,1073.9
386,964.83
388,634.5
393.06,292.47
394.12,59.098
393.61,1015.1
397.25,319.4
396.87,432.87
402.32,150
403,5.5
418.53,667.28
424.31,204.35
426.44,992.75
431.82,435.03
427,713.5
428.42,418.11
432.79,900.75
432.91,1027.6
435.06,311.34
431.91,706.09
435.45,129.59
445.19,800.19
445.67,691.46
456.97,365.79
449,661.5
454.86,765.12
456.26,955.84
456.23,347.98
458.5,450.5
461.64,278.28
460.25,1069
463.92,206.17
462.95,183.16
473.44,292.19
478.56,2.7209
478.85,47.353
480.27,1175.3
479.91,764.09
484.78,362.38
485.8,1226.8
490.07,411.59
491.43,815.19
493.27,428.15
491.86,472.57
494.27,588.49
505.73,1061.4
504.27,640.61
500.91,904.09
503.11,823.58
505.71,470.29
507.17,510.14
512.17,308.74
514.57,395.05
516.06,593.16
522.61,342.75
525.45,739.59
526.07,633.41
527.5,433
531.79,1032.6
531.7,622.92
531.94,527.91
533.78,907.39
536.89,1226.4
546.56,422.11
544.36,1188.7
550.67,687.02
551.44,613.17
555,583.17
551,963
553.63,809.97
559.43,90.006
554.85,763.54
560.48,515.62
561.06,1058.6
567.5,905.5
573.5,416.5
574.83,866
578.76,624.92
578.39,110.86
584.97,289.57
586.57,1002.3
588.05,532.42
588.5,1102
595.98,1175.9
594.55,836.41
602.64,6.1406
599.8,537.4
603.84,255.19
605.53,745.32
604.5,363.5
608.89,97.545
609.51,409.33
609.69,847.09
610.42,1112.2
616.17,236.62
618.89,108.22
619.54,609.57
628.7,524.95
625.5,463.71
628.95,330.97
635.7,437.19
633.12,114.12
633.93,229.59
636.9,704.37
639.27,951.76
643.62,764.87
640.07,286.59
645.03,881.74
648.71,161.29
654.6,211.5
653.83,1173.7
658.13,1081.5
659.65,485
662.17,274.15
660.5,1015
661.57,147.95
673.5,693.74
674.42,213
676.88,366.3
681.56,1246.8
683.45,838.68
685.17,648.59
686.04,144.59
694.79,885.63
694.12,133.89
703.11,563.26
701.33,1094.9
702.53,986.95
707.53,364.52
712.36,1232.2
714.79,683.79
724.35,580.17
722.5,889.5
729.2,224.74
725.12,730.12
731.97,633.63
731.25,33
733.55,261.51
734.92,826.2
735.42,785.42
737.4,910.11
738.89,982.51
748.74,887.76
748.61,303.16
753,990.27
751.8,269.56
753.71,371.84
755.8,476.42
760.47,310.4
758.58,1018.2
757.85,729.04
761.95,124.07
763.89,1112.6
763.91,341.09
767.23,1241.9
769.53,682.69
772.4,478.22
772.7,597.91
771.5,380.5
777.08,360.16
776.6,997.25
779.47,1114.8
782.56,225.08
783,825.5
790.03,591.4
792.01,202.46
787.29,266.79
791.83,728
799.86,384.61
802.93,876.59
808.81,641.53
808.07,18.414
813.1,1057.8
812.85,63.781
813.95,316.07
816.66,441.53
815.43,51.714
820.31,1159.3
824.59,773.66
827.25,57.174
831.64,370.33
836.19,1102.9
841.5,1126.5
841,1224.5
841.67,1141
846,1165.8
854.64,177.5
862,1096.2
862.09,975.91
873.36,38.143
873.8,572.1
873.59,592.06
874.33,868
879.68,146.17
876.4,584.4
879.06,533.3
880.49,1067.2
883.5,804.54
885.05,1202.5
886,923.25
894.24,140.5
898.47,453.48
898.31,1184.7
899.4,1087.4
906.5,1137
911.17,844.5
913.94,1068.2
912.17,70
913.83,922
921.49,326.08
923.04,815.77
926.9,1096.1
927,755.68
929.44,55.04
930.71,219.71
932.14,521.67
931.58,232.11
934.2,430.33
936.55,263.57
937.16,703.82
939.85,59.254
938.87,943.02
946.29,366.49
941.98,541.98
942.56,87.2
943.68,76.946
947.15,142.93
947.36,237
950,1064.5
952,897.09
956.94,991.78
956.5,213
958.77,753.6
963.58,517.03
970.09,598.83
972.43,999.97
970.88,1237.9
972.09,187.82
976.66,434.45
976.34,412.59
979.61,979.14
982.55,1016.8
983.6,1109.4
986.78,93.2
985.14,965.55
985.79,932.79
986.07,173.41
987,1193.3
993.11,319.17
994.32,795.16
998.51,45.019
994.11,4.6053
995.58,444.47
998.33,1144.3
1000.5,514.5
1001.4,961.45
1002.9,398.09
1007,607.97
1008.2,231.43
1006.1,258.22
1009.7,142.59
1008.5,1019.2
1010.6,180.68
1016.2,1241
1018.5,790.98
1018.9,641.57
1021,888.5
1026.2,693.69
1024.5,768.22
1026.5,954.9
1029.6,11.049
1029.2,93.927
1033.7,146.97
1041.6,739.78
1042,523.56
1043.7,887.38
1044.3,779.12
1045.5,598.08
1047.5,729
1051.7,26.199
1049.5,648
1053.2,105.44
1055.5,470.67
1055,741.55
1059.1,557.29
1059.7,173.82
1061,815.2
1061.4,1074.2
1073.1,202.87
1074.4,859.88
1082,36.788
1082.5,1154
1083.5,593
1088.9,939.78
1091.9,624.6
1092.6,285.08
1100.4,987.75
1102.1,272.58
1104.8,936.72
1105.2,234.7
1106.7,200.69
1105.7,321
1107,19.938
1105.8,492.27
1112.5,781.53
1110.8,307.38
1115.3,107.25
1114.6,637.18
1113.1,1014
1116,1.92
1114.1,932.58
1118.2,573.3
1117.8,990.35
1123.5,1026.8
1123.9,653.29
1127,405.25
1130,1112.4
1129.9,259.7
1130.4,3.7143
1141.4,601.29
1142,344.75
1143.5,906.67
1142.5,1047.6
1146.3,536.41
1158.4,43.409
1148.1,361.05
1148,947.9
1147,459
1151.6,1214.5
1151.4,742.45
1151.1,820.08
1153.9,258.16
1155.4,649.25
1153.9,1231.4
1155.1,147
1160.2,320.01
1161.5,389
1168.4,1044.4
1169.2,111.49
1168.3,1191.1
1171.9,602.09
1175.4,850.45
1175.1,1150
1178,836.33
1181.1,212.11
1194.7,731.61
1194.9,1232.1
1195.5,210.52
1199.2,1164.6
1202.6,33.077
1213.8,542.23
1208.7,1139.9
1210.1,189.16
1208.4,944.92
1208,800.17
1208.9,73.593
1212.9,1056
1212.2,242.43
1213.7,1015.8
1216.7,263.34
1218.9,45.482
1218.9,748.95
1218.6,203.61
1224.5,603.15
1224.1,767.5
1228.1,149.69
1230.3,250.25
1232.1,1153.5
1239,690.85
1237.5,206.15
1242.8,497.65
1244.5,364.93
1243,761.06
1244.5,1225.9
1245,432.5
1246.7,883.59
