8.8118,101.88
1.8571,421.62
2.2917,477.79
2.6842,596.95
2.2917,727.21
4.9204,946.96
4.0612,1115.2
4.0804,1199.2
5.6667,693.44
9.582,1003.4
14.639,36.115
13.4,1118.6
14.636,85.318
25.116,289.84
15,1047
17.08,213.52
21.373,454.85
19,340
20.868,48.737
22.113,971.9
24.343,1067
25.661,843.46
25.87,945.26
30.363,371.02
25.333,588.83
28.286,434
27.091,960.91
32.318,633.82
44.906,488.98
31.105,37.421
35.213,664.47
35.211,245.13
37.258,772.08
35.5,101.36
40.63,206.86
35.226,417.16
36.84,79.24
36.897,990.24
37.225,1018.2
40.812,1207.2
55.3,607.26
45.82,354.79
43,797
56.388,1157.7
53.151,411.96
54.38,210.34
53.93,305.53
54,511
58.885,129.65
60.298,1241.8
60.407,465.93
68.325,356.95
63.4,478.6
69.979,162.73
69.774,717.39
67.357,755.43
72.15,335.51
68,693
68.571,1097.6
72.662,402.17
72.4,693.4
80.423,629.98
74.636,792.5
76.5,241.5
78.091,492.09
78.478,603.04
79.846,250.54
81.767,102.12
82.684,449.96
90.764,306.45
85.452,684.13
84.069,708.59
95.595,333.58
87,1059.4
94.633,886.37
96.833,128.23
95.5,574.4
98.217,189.38
96.333,59.833
101.09,721.14
102.8,31.337
99,567.5
106.06,676.98
102.15,697.07
120.94,461.95
102.72,975.22
106.28,45.01
105.25,751.06
104.61,11.25
108.39,224.09
112.65,93.849
113.9,690.4
122.46,437.14
122.95,633.52
118.08,563.56
122.89,362.8
122.98,1095.2
122.34,207.14
124.46,547.44
130.21,896.86
132.92,107.99
129.97,58.868
127,779
128.28,1050.7
128.86,1234.5
134.34,795.31
133.06,290.42
132.5,206.5
133.24,1161.4
141.43,488.84
141.33,180.89
137.19,427.5
141.47,708.17
145.55,1060.3
142.12,435.54
147.1,519.2
143,147
144,141
147.89,364.59
147.39,396
146.5,449.5
149.18,439.32
150,574.86
152,245
159.98,408.8
154.07,841.41
159.25,1044.8
160.08,120.63
162.58,287.11
165.64,949.08
167.65,359.4
165.33,188.07
166.66,760.47
167.11,379.58
166.58,425.11
167.48,555.09
170.06,1093.1
172.85,542.84
176.02,707.02
179.64,866.61
175,91.839
176.31,555.42
177.08,964.13
177.96,235.4
183.27,723.52
185.78,230.74
189.14,281.53
186.95,1005.3
185,657.84
201.33,1029.6
192.92,42.986
189.11,601.32
190.82,156.95
191.39,446.86
191.18,1197
196.98,519.44
191.2,943.86
193.03,14.581
198.17,1076.5
198.87,304.11
198.24,820.78
200.72,459.86
197.8,3.3
198.06,503.91
203.5,412
204.17,126
207.34,356.73
205.39,567.14
209.59,549.39
208.3,175.5
210.28,933.91
212.56,584.42
212,798.5
213.79,214.34
224.61,962.31
221.62,901.51
218.42,257.97
220.07,280.8
226.26,1090.5
223.33,307.58
228.79,1117.5
226.29,1243.5
231.98,760.02
230.57,1016.1
236.18,2.7903
230.5,149
235.26,173.37
233,1063.3
236.86,546.93
235.38,324.97
235,581
245.07,842.14
235.64,209.32
237.75,78
240.83,300.31
245.46,796.31
248.76,917.73
245.56,219.09
244.31,1244.9
243,130.5
248.66,660.56
247.07,324.59
254.19,462.23
267.62,728.31
254,1017
257.43,555.98
257.76,1026
260.65,319.12
260.5,603.5
264.25,364.5
265.38,247.12
266.77,337.59
269,2.7959
266.67,996.67
271.03,52.881
271.82,854.8
269.94,959.68
268,890
270.89,1216.8
271.38,448.22
270,1066.4
268.9,1133
283.22,82.615
275.73,766.44
275.5,887.19
274.69,979.26
275.92,109.44
277.09,295.62
275,996
281.76,1179
278.78,347.32
281.99,326.91
286.29,1001.5
285.22,1076.1
283,40.895
283.44,277.68
291.23,1022.9
285.38,641.46
289.09,956.88
287.42,595.06
291.4,139.93
295.21,386.06
295.17,23.397
292,999
297.31,919.6
308.61,540.43
302.57,573.48
306.15,752.05
301.79,1008.2
303.55,284.28
304.61,869.46
306.58,171.44
310.25,598.82
306.38,434.76
308.7,1086.3
314.64,361.75
311.52,410.6
314.18,390.29
318.73,1038.7
313.77,659.91
317.8,671.34
320.26,181.28
321.89,915.4
328.51,767.5
324.07,961.36
325.42,1057.5
323.87,1199.9
327.17,944.29
331.03,1002.8
325.53,106.23
324.95,1021.9
326.57,425.05
328.57,46.957
326.5,1072.5
328.09,878.09
330.23,1093.5
333.09,259.88
335.88,641.98
338.38,733.95
336.16,1052.6
344.32,1175.1
339.95,55.475
337.58,397.82
338.96,380.41
339.5,800
350.97,1074.3
348.21,958.22
354.2,925.77
346.98,601.18
361.75,4.4397
346.09,22.477
346.91,455.03
346.6,1027.6
349.89,1246.6
348.62,180.93
352.03,306.46
348.22,979.68
347.36,758.5
355.01,515.78
358.04,1233.2
356,1116.1
359.24,403.89
357.83,659.3
360,1122
363.3,562.1
373.21,865.43
365.34,738.38
365.5,904.5
370.01,267.24
365.33,418.83
365,424
370.55,319.22
368,1082.7
372.22,963.86
371.71,1121.9
374.3,681.44
371.14,1102
376.85,212.01
379.2,1066.7
378.94,382.81
380.9,1156.9
381.58,811.26
381.65,1122
380.81,1179.4
380.5,768
388.94,17.898
383.5,29
388.33,114.61
386,366
386.68,638.92
390,746.24
390.1,1189.9
391.23,220.19
395.95,489.9
389.53,700.02
392.37,1026.2
390.58,233.58
393.61,721.11
389.86,828.5
391,161.16
391.5,6.5
392.5,878
399.04,655.69
395.14,788.14
400.99,1117.7
399.33,470.22
406.01,545.71
406.61,687.5
399.83,888.93
408.86,737.24
410.39,718.19
408.43,995.37
412.62,485.13
416.15,967.87
409.09,1029.9
411.64,175.04
412.47,187.07
415.38,1056.3
412.27,1186.3
413.5,1016.5
413.4,334.4
417.24,386.32
426.56,799.64
418.07,275.07
420.68,403.17
425.87,1155.9
423.93,741.95
423.08,1187.6
426.34,1246.4
423.33,377
426.11,122.63
439.5,550.93
447.81,1005
427.36,506.36
427.12,637.61
429.73,54.159
427.42,358.58
440.26,766.64
428.8,1049.3
439.22,286.46
437.92,29.783
436.06,842.25
440.19,53.726
441.95,614.64
451.91,212.76
443.68,92.535
442.96,663.96
442.65,1060.9
444.81,1152
445.33,1031.7
449.9,962.67
451.03,705.04
448.11,83.111
450.18,680.05
450.07,158.59
454.53,132.87
445.27,440.4
456.85,1140.9
456.51,245.27
459.97,1218.5
459.09,481.05
461.07,717.82
463.6,98.593
459.41,774.06
462,1107.5
465.28,13.057
463.65,45.034
462.88,893.9
465.54,371.36
466.37,385.97
469.11,758.1
465.5,1023.5
469.33,698.03
472.11,470.29
472.2,194.75
472.45,923.23
473.35,726.35
472,931.5
483.14,7.7732
476.28,1110.3
475.14,1124
480.81,887.79
479.92,858.52
481.95,283.47
478.83,663.13
481.7,157.32
484.14,807.18
481.22,985.44
482.93,583.3
483.5,1089.5
486.94,1104
484.4,1143.6
485.13,114.03
490.37,823.13
487.29,845.24
486.32,81.5
486.42,346.89
489.87,789.78
489.05,57.833
487.83,754.13
490.79,453
489.93,145.59
490.98,165.41
494.28,1014.6
499,40
501.13,862.47
501.52,1128.1
504.14,276.95
506.25,498.17
506.27,916.36
504.71,187.49
517.66,455.38
504.61,1073.1
512.96,161.38
525.27,369.25
514.32,1027.9
511,22
514.54,1199.8
519.75,645.04
518.19,1238.7
519.44,15.93
519.15,2.8077
521.52,751.42
523.12,119.86
521.29,189.93
525.02,808.87
525.87,905.98
537.86,552.63
533.16,1094
527.79,990.88
531.5,510.5
531.5,1013.9
533.85,168.49
532.41,324.41
532.8,831.56
536.5,482.02
539.56,218.5
537,311
541.54,1231.7
542.68,1063
552.61,1179.9
543.84,362.19
547.51,30.171
548.51,12.932
544,310
547.85,334.24
548.66,718.62
546.26,148.13
552.14,1217.5
548,45.5
546,304.5
548.53,1203.8
555.26,191.31
548.23,652.25
553.8,910.93
549.86,1015.9
551,311.5
555.58,739.99
553.65,478.5
569.71,270.31
556.34,529.57
558.5,858.3
557.86,256.38
555.6,569.6
558,378.86
564.44,1099.5
564.89,1154.1
570.77,710.48
565.5,135
569.31,56.861
567.08,581.08
574.33,957.53
569,366.67
568.46,441.11
576.55,413.45
574.09,926.03
572,786.4
572.87,522.5
572.42,461.11
574.5,109.5
574.1,825
576.25,1032.1
577.03,863.58
596.67,228.06
585.66,360.33
581.63,971.63
588.07,462.87
582.5,594.5
595.75,849.9
585.5,78
590.32,284.28
587.93,308.74
593.23,773.01
595.96,111.43
595.33,47
596.43,890.5
617.84,392.38
617.11,1163.9
601.42,731.11
611.11,677.76
611.51,880.49
607.73,796.19
607.13,1011.9
610.62,1046.8
605.4,1161.4
609.6,818.17
611.52,439.5
611.95,162.71
615.62,338.22
616.78,181.59
616.7,631.25
614.77,197.23
619.15,33.674
617.73,207.84
622.96,279.27
627,1097.6
623.92,1225.2
620.55,479.59
621.98,6.0385
622.87,638.84
626.5,311.5
626.92,747.6
631.11,770.34
627,1247.5
631.03,598.14
630.19,234.26
630.71,1058.9
629.68,30.76
629.73,193.29
633.69,750.52
632.98,429.76
634.81,364.31
633.42,406.11
640.33,1245.8
639.78,257.5
636.19,701.93
637.4,1200.7
640.68,210.03
643.81,985.98
644,33.125
640.5,1222
660.43,403.76
644.05,689.84
652.62,232.82
646.95,1163.2
652.12,570.81
651.76,13.176
652,708
662.39,1131.6
658.35,729.28
665.52,1052.3
661.22,860.17
660.66,161.59
659.5,453
659.4,715.6
663.16,325.57
661.62,630.62
664.45,1114.2
664.4,82.771
663,678
667.69,1175.1
675.95,830.16
671.5,523.45
668.42,204.14
669.79,369.81
667.41,793.93
668,497
670.49,557.15
669.68,269.22
678.23,42.548
672.84,256
672.91,459.09
675.31,664.12
676.27,847.98
678.74,339.01
679.85,264.87
681.46,803.15
682.44,1166
686.44,720.17
686.3,770.83
694.07,235.29
691.18,1217.6
690.65,133.99
692.05,513.95
696.04,1110.8
693.65,354.27
693.93,930.45
701.83,1054.9
704.78,292.07
697.25,164.3
697.44,653.42
700.63,180.71
697.59,749.19
702.58,829.02
702.91,45.348
698.5,910.5
699,341
702.66,612.06
706.2,209.82
701.97,682.94
704.82,453.8
711.97,125.04
712.22,558.9
718.15,365.7
713.92,1137.4
718.62,163.44
714.58,1028.9
719.08,21.954
719.43,417.18
718.68,520.34
716.55,633.71
717.89,734.17
717.71,682.55
722.93,884.7
721,447.74
725.73,1011
723.94,1066.7
723,561.35
723.42,750.11
727.06,1123.9
724.42,1206.9
727.14,198.86
727.5,310.4
730.71,230.29
731.93,320.6
740.8,433.54
737.28,971.91
737.57,1224.5
737.2,727.56
740.53,1202.6
742.68,620.12
740.05,291.05
743.2,572.71
742.8,603.76
739.42,937.89
742,144.87
748.26,745.85
753.92,479.7
744.95,258.83
746.61,410.64
749.94,645.32
744.6,221.6
746.54,232.96
747.42,760.57
748.69,97.412
751.18,131.71
749.09,1112.3
751.1,902.38
752.92,1047.7
764.39,1172.6
758.89,1222.8
759.34,988.91
759.63,349.39
764.37,1062.5
766.79,899.06
770.61,225.29
766,1211
767.27,84.091
767,114.65
769.02,717.8
780.83,1194.6
774,430.37
773.47,1092.7
772.54,608.2
777.14,656.96
778.56,122.71
780.68,739.2
775.4,1067.4
779.95,65.932
782.65,758.91
783.65,144.16
783.08,204.3
781.37,1101.5
788.92,839.02
785.34,635.59
788.62,163.49
798.33,262.65
803.21,524.02
798.49,706.07
791.77,324.07
790,451.5
799.15,225.58
798.17,957.64
796,420
799.8,241.55
799,375
799.09,55.522
800.63,551.45
801,926.5
802.6,1004.2
805.59,29.932
806.73,735.82
808.67,81.628
809.1,478.64
811.79,967.87
811.43,691.61
815.55,854.46
820.67,343.23
815.69,436.91
813.5,647.5
818.5,229.5
822,549
823.48,154.96
825.22,404.02
833.85,837.65
827.45,302.57
828.24,592.26
834.74,440.02
832.5,382
844.58,1021.6
835.12,6.4524
843.28,149.33
843.32,116.07
841.79,955.45
838.77,569.46
837.89,694.42
840.65,233.73
842.16,1075.2
847.85,1098.4
842.1,1215
852.28,6.4681
852.61,634.49
854.26,709.14
855.7,1070
856.23,581.88
854.09,765.09
857.17,1229.3
857.32,835.24
860.12,186.21
861.96,921.41
859.43,1034.7
862.87,1140.7
861.5,1057
863.84,1245.7
868.25,286.84
871.39,407.21
867.14,569.51
869.6,889.25
868.76,1044
872.81,446.75
871,1054
874.3,1.8
873.12,467.65
880.64,713.76
874.83,995
877.02,197.67
877.77,664.57
887.39,1208.4
877.85,61.538
887.15,266.98
885.06,867.05
885.16,582.65
883.37,501.5
894.94,444.24
908.85,849.31
888.06,461.97
891.68,936.14
889.92,1096.5
892,427.85
895.9,297.94
896.19,378.42
893.22,998.28
896.16,603.23
902.32,1020.7
897.24,559.06
897.8,12.682
902.05,110.01
902.45,97.539
903.51,1001.5
903.96,396.52
901.5,513
902.93,987.81
904.79,898.45
907.41,566.93
908.8,11.44
909.92,152.56
912.83,281.81
913.61,420.39
917.14,703.1
911.86,750.5
914.71,121.91
914.88,532.07
916.2,398.75
921.89,256.6
921.55,47.102
918,1118.5
918.42,500.42
925.87,773.06
918.83,924.07
923.03,823.25
927.69,1060.9
924.7,957.62
929.8,1128.7
929.88,319.33
926.03,718.1
927.7,1103.1
931.9,493.54
929.05,1153.2
929.91,970.91
932.34,387
937.83,514.43
936.43,1164.1
935.92,730.44
947.57,616.17
939.49,369.33
940.89,477.5
940.77,441.08
939.87,451.16
944.17,866
952.12,124.3
949.03,464.14
952.79,1150.9
955.06,47.803
954.56,678.09
954.71,1098.8
952.65,823.15
950.92,279.5
957.22,307.25
955.33,521.37
955.72,694.53
963.92,213.1
968.7,4.851
956.8,174.9
959.12,350.22
962.08,585.42
964.17,159.46
965.5,1192.6
968.07,342.41
970.13,1013.9
973.54,808.38
973.56,1084.1
975.72,1157.4
973.91,300.95
974.75,360.06
986.73,1104.7
976.46,846.81
978.71,1245.8
977.98,49.078
978.33,459.52
976.5,911
979.9,586.02
984.94,152.54
982.66,712.68
987.83,219.85
985.22,789.6
984,974.5
990.11,1133.8
985.6,1122
994.62,102.11
990.22,336.82
992.18,933.32
990.69,286.96
996.02,309.69
990.73,178.96
993.3,410.64
995,2.3846
994.96,1075.8
997.12,387.79
996.45,277.91
998.69,883.25
1003.2,1042.2
999.53,1087.1
1001.9,158.86
1004.7,265.3
1004,978.5
1006.2,534.18
1005.2,668.59
1007.4,872.57
1011.6,938.4
1010.5,4.8293
1010.1,56.575
1012,680.45
1015.7,1218.9
1015.7,750.8
1012.4,606.4
1021.4,282.76
1015.6,246.19
1015.2,1023.9
1016.4,371.4
1026.9,998.61
1020,155.9
1021.6,121.19
1042.2,248.26
1023.5,448.98
1021.4,549.66
1021.5,535.5
1025.7,775.2
1026.7,922.51
1023.7,1111.9
1025.9,463.42
1025.6,404.41
1028.3,226.03
1028.5,71.125
1034.8,21.145
1034.1,1108.8
1036,426.5
1033.4,1170.5
1035.6,383.23
1039.6,1037.8
1039,144.02
1044.1,848.84
1043.9,885.58
1045.6,1152
1042.6,549.67
1053,1241
1050.7,398.65
1046.5,831.41
1050.9,1075.6
1053.4,796.43
1050.8,103
1049.9,640.9
1051.8,1026.6
1055.3,329.65
1053.2,543
1054.3,1116.2
1055.8,160.45
1060.2,1193.1
1056.6,313.6
1063.7,113.44
1064.6,681.84
1059.3,455.17
1074.2,950.74
1063.3,415.4
1066.4,1158.1
1064.5,1005.5
1067.1,979.45
1072.4,584.05
1068.3,190.76
1068,904
1070.5,397.73
1070.1,1130.1
1072.2,886.13
1077.5,1056
1089.2,10.619
1075.3,175
1080.9,504.56
1079.2,730.06
1080.5,249.43
1083.9,60.294
1083.5,696
1088.4,854.07
1087.7,928.85
1090.6,350.64
1088.7,650.81
1091.7,391.5
1094,899.76
1090.6,1239.9
1099.4,194.62
1092.9,605.43
1094.5,552.39
1097.4,682.23
1099.7,116.15
1101.8,653.09
1103.4,52.679
1104.6,451.68
1124.6,579.71
1109.4,157.92
1114.2,1212.9
1127.1,109.85
1110.9,391.91
1112.5,1164.4
1117,268.39
1121.6,694.41
1115.1,770.97
1118.2,227.73
1116,851.5
1140.2,945.89
1121.4,1124.5
1120.8,45.444
1129.7,846.68
1125.4,174.42
1127.3,306.05
1127.2,549.09
1127.5,274.67
1139,1167.6
1135.5,237.93
1137.2,175.03
1143.5,43.16
1136.9,276.06
1137.4,1052.4
1141.5,893.92
1145.4,287.84
1145.5,948
1150.8,706.38
1152.9,928.34
1152.2,527.06
1154.3,488.24
1152.5,657.5
1159,199.09
1160.4,348.49
1161,724.5
1165.7,57.545
1168.5,214.79
1164.9,747.5
1169.9,38.556
1173.3,469.18
1170.5,888.4
1180.1,1010.3
1172,200.62
1181.3,845.44
1188.7,646.93
1181,103.83
1184.1,290.56
1181.5,209.57
1182.6,431.05
1183.6,543.16
1182.1,775.1
1187.4,174.03
1182.3,1054.4
1185.4,1070.6
1185.4,1150.8
1188.5,509.94
1191.7,715.62
1193.9,494.27
1192.7,3.8431
1196.3,375.31
1192.9,41.091
1204.4,200.61
1207.4,1211.6
1203.2,627.14
1205.1,1188.1
1207.4,780.71
1208.5,1129.6
1209,1141.3
1209.5,599.57
1208.2,1024.8
1208.6,300.5
1214.5,823.06
1212.5,14.318
1217.3,162.55
1210.5,27
1215,1182
1221.5,725.45
1218,920
1220.6,93.015
1219.2,965.11
1220.1,856.59
1222.5,558
1225.3,176.08
1223.1,604.08
1227.1,944.58
1235.3,1081.6
1235.1,74.286
1232.4,1133.1
1235.8,1214.2
1242.8,169.09
1244.8,61.528
1244.6,802.97
1245.1,157.65
1245.1,752.12
1245.9,662.46
1246,1056.9
1245.5,1184.8
1246.3,953.3
1246.3,985.7
1247,1075.3
