2.7636,155.84
3.5,412
2.8788,528
2.5714,731.43
6,744
4.25,906.4
2.625,951.3
2.9032,1084
3.5643,1151.5
10.453,845.43
9.4211,483.89
15.244,943.03
16.981,13.194
17.105,349.38
15.463,438.13
18.21,1025.8
20.32,956.52
18.5,72
24.322,857.59
22.205,1097.9
23.632,575.13
23.419,902.55
32.364,713.58
33.079,759.59
33.305,996.64
36.459,890.01
36.467,205.95
39.018,108.6
39.986,15.913
42.132,938.91
40,565.29
41.061,612.31
42.17,1105.9
42.146,1139.2
48.912,848.02
48.197,338.93
46.897,1125.1
49.907,1173
48.776,496.97
49.852,67.204
49.696,179.2
51.424,801.58
58.132,1214.6
61,1061.5
62.069,1236.4
65.5,372.5
66.092,1079.2
69.5,471
71.037,145.17
74.985,775.64
77.687,668.72
79.089,331.21
78,640.12
81.68,295.03
79.275,986.55
80.424,962.58
82.5,1125.6
85.053,24.842
88.104,436.6
91.986,980.55
93.14,1090.9
91.5,400
96.155,1113.6
96.884,209.88
95.817,358.57
97.578,905.09
104.54,699.02
107.25,553.38
106.94,281.09
109.73,754.23
111.6,1243.7
113.16,825.38
118.66,624.13
118.92,907.22
121,341.8
129.36,488.35
140.94,1043.1
148.06,1093.5
157.36,1216.9
157.83,41.696
160.5,118.44
163.55,1016.3
163.92,655.12
166.15,366.5
166.89,686.86
168.73,203.42
168.08,529.68
166.88,580.65
171.33,339.02
174.37,747.43
177,363.32
179.86,205.08
190.06,245.22
190.42,395.15
192.29,487.33
187.14,940.43
196.86,453.35
197,577.26
201.47,1045.2
208.49,505.02
208.44,1246.3
209.86,445.5
213.47,852.54
213.69,291.27
211,580
214.33,824.17
222.16,1185.9
226.3,1142.5
225.15,926.06
222.93,1244.6
226.45,135.42
232.54,583.55
234.38,339.38
234.5,780.63
234.31,91.086
236.57,62.041
235,1229
238.22,320.78
238.83,485
245.4,1134.4
244.91,1215.6
247.26,137
251.3,403.5
254.1,811.38
257.2,983.05
259.15,179.01
258.32,60.107
261.29,88.988
266.34,818.2
265.5,66
270.08,469.33
271,1232
277.94,1129.7
275.91,491.05
284.96,672.44
282.52,876.37
287.28,356.05
287.57,267.05
299.04,339.52
299.01,955.81
298.91,1236.8
302.42,455.89
304.63,560.49
306.78,515.46
307.17,602.33
316.07,47.707
313.38,1024.5
313,155.83
314.91,307.05
318.57,281.09
328.53,973.91
322.4,170.41
325.03,1105.5
323.58,146.11
328.34,332.9
331,49
334.92,1010.2
341.32,473.92
341.99,1090.5
343.84,1181.5
342.85,57.462
346.11,755.59
352.28,146.03
355.66,606.66
353.61,390.39
353.94,1055.4
355.43,1105.2
357.91,766.3
358.59,1073.6
366.75,465.29
365.4,561.87
365.37,1112.6
370.86,419.66
369.57,12.943
371.15,495.95
370.61,1173
374.23,1076.2
380.09,276.58
379.48,657.98
382.5,994.5
388.09,225.91
391.94,545.03
397.39,836.82
398,1113.5
399.32,373.17
401.7,108.05
406.83,960.32
412.08,455.32
415.39,344.86
419.69,312.82
420.58,581.55
439.79,166.24
441.43,1157.9
446.29,338.45
463,1114.5
465.5,101.5
470.36,476.23
470.52,341.63
470.5,1098.5
476.37,1242.1
477,287.83
481.96,1178.4
487.94,919.03
489.44,970.97
493.32,347.4
490.68,803.96
498.74,265.29
498.91,179.95
499.52,328.37
500.4,710.64
504.85,207.68
504.11,832.62
506.55,1188.6
511.58,1244
511.32,916.4
518.67,753.34
519.33,549.04
518.07,610.41
522.26,533.06
524.25,1023.6
523.92,59.408
525.45,767.02
529.56,287.17
531.54,312.96
531.69,752.09
530.86,923.86
533.85,423.35
533.58,591.89
535,1147.5
542.14,1081.5
546.23,737.26
543.5,243
546.96,326.43
553.66,380.56
549.5,437.08
551.55,67.471
548.5,840.5
549.79,1163.1
551.65,964.35
553.88,255.35
557.19,1082.1
558.18,1244.4
564.11,928.81
565.39,2.697
567.96,1101
567.86,549.86
566.1,726.1
572.14,899.67
572,1001.2
583.81,549.07
583,827.83
584.5,1118.5
583.88,73.654
586.82,356.34
589.51,171.44
593,916
595.06,821.2
600.52,59.248
604.56,511.1
608.02,697.68
609.88,853.68
608.37,1190.2
609.48,1172.9
611.01,487.81
614.52,592
630.3,311.93
624.97,632.34
625.04,1243.8
624.66,431.55
625.47,991.76
631.78,774.13
631.12,458.88
630,1225.1
635.55,1039.2
633.89,976.06
635.66,1126.8
640.41,388.07
636.61,1028.6
640.58,1242.5
644.05,487.18
662.54,262.65
666.11,732.98
669.04,410.15
667.3,470.92
668.08,757.08
670.01,933.4
671.76,1239.6
673.54,363.51
674.9,657.39
674.43,424.47
675.24,208.54
678.74,352
679.5,92
681.46,620.15
685.24,415.44
686.18,875.85
688.67,815.48
694.82,215.97
691.97,1120.6
692.36,1157.7
696.42,731.95
695.65,530.43
695.97,496.83
694.43,1104.6
697.91,637.2
704.26,101.79
711.93,408.59
713.79,735.01
713.43,1225.9
717.04,1075.3
727.29,271.79
728.08,645.63
729.4,973.11
733.42,526.32
732.44,555.07
739.14,447.48
738.58,1240
740.44,1060.4
737.5,466.87
747.28,686.38
748.88,65.64
749.29,177.89
759.51,502.67
761.85,1106.4
759.5,442.5
764.69,699.68
772.53,1123.3
777.95,1171.3
779,46.5
781.07,221.74
784.76,1107.1
786.5,855.5
792.59,877.49
791.47,723.06
794.96,182.04
792,261.17
793.5,99.5
805.37,1177.3
803.82,590.18
809.21,513.45
804.91,1005.9
807.66,529.08
807,608.38
812.78,26.948
816.08,291.23
810.5,1191
814.64,470.89
815.25,860.38
818.3,1129.2
818.07,1204.1
820.94,801.78
829.61,658.64
836.3,575.08
839.5,517.24
840.14,913.85
841.59,310.57
849.09,1082.1
848.5,70.5
853.54,1034
853.71,1141.5
863.77,812.98
862.62,608.52
864.93,467.91
867.24,1089.7
867.5,307.5
870.66,979.98
873.51,327.92
872.39,89.389
874.76,1180.4
874.42,440.77
879.87,1059.2
882.39,1117.1
880.52,361.12
883.11,1099.4
887.96,273.17
888.46,348.45
886.67,680.17
890.62,638.34
893.93,218.98
890.58,1191.9
895.15,1096.9
895.01,512.09
897.58,534.11
901.33,167.78
905.95,771.98
909.97,1223.3
906.63,27.733
911.98,119.6
916.11,460.42
918,1088.3
921.57,689.62
920.93,988.59
933.56,15.456
921.5,204.5
934.56,1096.1
935.91,904.67
936.4,285.6
936.42,382.89
936,1063
942.52,634.52
943.46,1138.9
946.2,365.36
950.96,1122.6
951.05,36.889
952.6,527.36
961.7,616.08
958.73,767.62
963.5,567
967.04,349.48
969.57,851.65
971.82,463.02
971.55,1064.9
973.55,1006.4
976.37,49.704
978.72,818.18
986.64,1235.3
986.39,14
989.42,81.185
992.22,970.3
992.35,1078.6
997.19,192.55
994.44,531.01
993.92,44.917
996.24,701.29
997.5,1158
999.38,456.85
1001.8,75
1010.4,620.32
1010,297.67
1009.5,594.07
1013.8,518.5
1014,290
1023.3,216.23
1024,157.24
1022.9,271.87
1023.4,497.89
1024.1,699.41
1029,945.5
1039.9,494.68
1038.3,719.02
1040,30.788
1037.5,1068.5
1047.9,242.39
1050.1,74.674
1054.9,1154.2
1055.5,765.5
1065,355.39
1067.2,54.515
1062.9,423.5
1071.6,682.61
1072.7,1243.8
1074.4,25.633
1073.9,797.92
1082.9,1014.6
1088.6,126.39
1098.8,808.39
1092.8,1240.3
1099.4,79.072
1102.9,336.16
1100.2,48.167
1100,1208.5
1108.6,695.25
1106,831.5
1112.8,11.966
1120.2,649.7
1120.7,405.5
1123.5,1179.7
1125.4,1238.9
1125.2,787.23
1127.5,193.97
1130.5,1112.7
1131.5,94.71
1136,739.68
1142.2,72.388
1141.8,765.7
1141.5,374.32
1143.9,654.84
1143.6,835.42
1142.9,417.5
1148.7,707.44
1154.4,550.42
1153.9,663.53
1156.3,494.87
1157.1,644.21
1161.5,769.58
1161.9,1008.3
1161.5,1113
1166.9,121.46
1170.9,537.16
1169.9,702.95
1176,258.72
1178.2,670.75
1181.2,1133.4
1181.7,1086.2
1184,293.81
1192,662.37
1192.8,1188.7
1191.9,8.4074
1205.1,361.89
1201.9,463.93
1208.7,1141.5
1210.4,859.2
1208.4,520.86
1208.8,841
1210.2,821
1216.6,618.81
1218.4,198.67
1221.3,735.65
1223.7,327.86
1224.3,1068.7
1228.7,139.72
1233.3,37.944
1233.6,19.955
1235,647.5
1239.4,350.48
1239.1,908.38
1244.7,203.11
1245.5,189.26
