7.4928,210.63
4.3906,1005.9
11.529,381.57
16.705,449.95
14.712,329.35
17.64,280.87
33.702,382.4
33.778,919.44
52.9,581.66
73,559.4
83.777,247.05
101.4,1126.4
109.07,83.628
113.01,1021.8
141.22,544.15
137.81,273.86
149.54,689.49
146,168
152.02,1002.2
153.08,105.08
158.6,52.93
204.74,536.66
204.55,1201.3
208.69,273
214.16,153.37
219.93,812.59
222.45,7.2619
224.65,932.65
222.5,953
245.32,801.08
244.4,201.59
244.18,1141.5
249.95,940.58
248.15,644.08
255.09,775.04
263.88,224.05
267.95,1089.7
268.4,1052.2
263.73,93.654
267.04,1176.5
277.26,274.53
274.93,997.93
277.5,925.61
282.34,605.38
289.64,681.55
297.55,180.26
304.72,419.67
301.85,1045.2
304.56,1064.2
313.5,597
318.77,449.96
322.04,622.69
322,13.5
332.95,415.73
330.6,613.6
337.96,1151
338.8,191.16
334.1,443.7
337.15,1093.6
348.06,77.446
347.84,623
349.89,466.58
358.5,783.5
357.1,705.84
358.93,299.44
362.3,725.96
366.39,1054.4
371.53,895.39
375.42,678.79
372.39,310.22
371.48,456.1
379.58,701.14
379.97,776.91
383.7,796.74
383.79,473.67
383.07,569.15
381.93,737.59
398.8,755.62
398.24,1206.9
409.31,795.75
407.91,173.09
409.06,1046.3
417.88,750
439.16,655.03
430.4,593.36
445.72,1178.3
449.13,92.032
454.5,258.5
458.43,691.86
468.32,1135.6
467.34,136.21
467.82,391.6
470.22,675.39
475.93,171.56
480.95,1010.1
487.39,300.98
492.39,891.13
512.7,53.697
513.64,643.57
517.44,368.7
516.83,544
520.34,714.25
524.33,1041
526,1211
536.17,1242.2
566.81,319.99
574.53,912.07
583.29,449.9
588.66,989.44
587.45,783.58
598.08,156.95
615.27,552.22
620.75,1137
640.5,348.5
641.32,193.2
652.76,1105.9
656.63,501.4
665.93,564.9
671.62,677.74
669.45,716.19
673.05,216.16
676.19,298.4
681.9,1147.9
681.58,876.11
697.04,985.04
701.48,443.32
701.49,655.52
720,148
726.54,1081.3
740.72,262.6
739.12,482.65
758.58,1154.6
770.29,1241.9
762.04,334.51
784.35,844.6
817.84,1244.8
843.09,53.091
848.47,883.12
861.15,1001.4
874.64,738.42
874.64,1105.8
887.54,424.38
891.96,1074.2
899.4,517.84
907.52,467.67
908,613.13
924.1,462
943.08,110.08
952.68,1199
962.96,240.84
976.15,458.54
996.37,1165.7
1013.4,1220.4
1072.9,348.99
1073.7,36
1112.3,58.765
1159.6,963.11
1189.6,1094
1236.2,798.93
1246.8,869.5
