3.7,382.35
4.6774,847.61
2.7,950.12
4.2688,1162
9.8182,556.78
17.585,403.33
10.382,436.87
14.529,333.64
12.545,516.67
15.141,372.45
29.068,362.2
35.033,169.4
42.245,261.26
48.004,8.4788
46.484,869.01
51.232,343.85
51.032,360.4
49.5,522.5
55.146,1189.8
54.951,571.98
58.907,596.78
61.1,434.21
57.593,880.93
66.102,471.76
65.419,106.35
68.388,326.52
78.313,9.8367
75.105,404.58
78.214,491
79.8,898.68
83.405,507.79
93.176,72.736
87.44,201.8
98.892,163.7
96.323,767.13
95.917,882.08
95.6,318.6
98.545,313.06
100.12,256.42
106.23,231.7
103.35,981.86
104.56,655.78
111.48,591.06
108,368
110.35,861.85
123.04,395.28
112.43,745.83
116.68,374.05
117.38,12.781
116,234
122.69,425.8
128.4,439.35
129.14,205.9
130,1015.5
132.14,841.67
135.35,22.296
133.5,140.5
135.62,595.97
141.07,934.35
140.29,364
140.71,211.55
140.65,520.27
141.11,92.579
143,150.91
143.72,660.09
148.05,731.51
147,654
157.15,1008.6
159.8,63
159.68,1042
163.43,795.79
164.92,94.531
165.41,606.04
172.59,749.14
173.71,86.463
174.5,712.5
180.2,30.343
179.29,62.286
192.82,892.1
189.61,591.7
189.81,91.081
193.71,558.6
194.18,570.29
196,767
205.48,452.18
204.46,778.17
212.34,743.94
215.02,115.31
212.21,511.79
214.81,129.89
217.47,168.03
217.92,521.99
216.9,544.14
217.5,464.5
221.24,292.93
222.82,589.45
224.2,833.27
228.47,609.85
226.71,764.79
230.58,136.34
238.44,471.17
235,645.74
243.35,818.06
246.3,1115.8
247.33,185.41
249.59,918.3
258.22,292.27
254.07,567.88
259.79,910.48
256.43,504.95
255.65,238.85
258,612
261.83,938.25
263.25,655.52
265.74,774.26
271.18,610.83
267.48,824.64
274.54,527.51
284.06,566.67
274.2,942.06
276.57,975.93
282,919.24
288.74,766.65
292.29,795.85
293.64,294.71
286.93,1182.6
296.99,492.63
289.74,608.28
289.11,691.04
302.47,424.94
309.74,472.58
304.8,993.31
301.59,675.07
303.13,535.13
305.06,67.647
306.2,330.64
309.23,392.97
316.81,553.65
316.68,321.8
317.5,207.38
320.79,786
319.46,662.95
327.72,868.4
337.2,420.98
332.23,538.13
334.09,163.63
329.85,19.364
333.64,252.29
331.65,1031.1
336.89,38.936
335.5,497.6
336.17,820.07
334.65,476.19
337.58,1040.8
336.5,218.5
339.05,136.81
338.86,964.86
339.91,1147.1
341.41,717.07
352.13,263.23
350.2,44.893
350.61,1016.6
354.89,355.44
362.98,78.285
356.34,735.93
362.1,746.26
360.43,53.377
365.01,169.95
375.48,316.66
364.42,308.04
368.02,1104.5
368.52,1166.4
372.47,298.25
382.67,410.65
371.5,830
374.41,474.75
380.18,102.74
377.03,273.24
380.15,454.12
381,1024.9
384.93,894.11
386.13,441.39
390.37,251.22
390.5,665.61
394.84,1118.5
392.74,193.2
392.06,767.06
391.4,1104.4
396.97,908.26
397.86,955
398.21,787.94
398.31,833.25
403.88,212.83
401.92,300.56
405.99,272.42
409.94,948.98
410.43,1008.5
407.46,765.15
416.22,818.96
417.8,492.51
420.84,768.26
422.18,452.97
429.97,865.37
423.59,937.07
428.66,300.02
432.52,946.18
442.16,574.37
441.9,765.22
439.29,1038
439,481.65
442.16,439.65
445.27,1203
446.51,409.1
462.21,453.76
459.39,1205.9
459.92,389.08
472,426.26
466.06,897.06
468.74,1063.2
468.42,138.89
469.21,760.21
468.65,769.6
470.55,1003.7
475.47,972.98
479.3,988.7
475.68,743.36
477.9,466.46
478.57,792.57
481.8,1013.4
487.82,371.78
483.68,70.2
490.78,740.49
492.59,967.93
495.6,224.32
495,753.5
497.6,926.6
505.6,163.45
503.57,885.75
504.06,1003.8
512.1,736.05
505.98,860.41
518.67,993.25
533.88,484.04
523.35,970.5
524.3,402.92
527.8,1097.3
532.64,930.6
535.08,767.7
536.98,740.64
539.31,962.11
544.27,830.58
547.28,851.45
546.29,316.92
562.18,930.23
553.41,787.63
556.95,1070.1
565.87,479.65
560.78,722.68
565.89,524.58
572.11,787.58
575.32,800.25
573,867
575.38,550.94
574.07,847.56
574.37,987.05
586.48,440.62
583.5,474.5
586.09,468.95
593.16,482.81
597.48,453.97
595.57,1012.6
599.7,591.42
601.51,836.16
600.56,778.94
605.19,941.4
605.32,631.6
622.27,861.66
612.6,653.6
615.16,116.87
622.01,550.6
620.47,613.51
632.11,822.42
632.5,986.5
641.58,456.87
655.06,1001.5
638.19,1087.2
642.72,576.37
646.8,35.186
651,557.11
654.14,1041.9
656,866.38
659.64,18.978
661.84,953.16
658.09,494.09
665.46,772.41
667.87,970.82
672.16,1097.5
670.74,263.33
671.07,510.41
676.05,583.93
678,539
683.39,620.09
685.64,969.44
692.64,26.625
696.65,841.53
688.6,556.83
700.92,595.81
692.5,281.86
693.98,1222.6
695.14,1107.1
701.79,506.84
701.24,605.86
706,710.67
709.49,999.87
716.5,683.05
727.25,945.92
732.48,1199.7
736,731.3
737.11,209.56
743.93,563.58
746.19,1095.2
747.29,136.45
751.58,607.94
755.14,435.61
755.81,691.76
760.5,509.44
760.43,1141.9
761.54,782.08
771.51,622.11
767.57,586.21
770.99,950.85
771.64,401.88
772.35,773.02
775.27,839.73
781.03,1139.7
778.63,505.07
782.19,906.76
789.93,588.19
788.33,612.48
792.97,1016.8
793.43,2.2857
805.91,903.81
807.7,961.49
805,897
809.85,557.65
814.57,484.71
828.75,878.97
825.18,1101.1
829.34,435.74
836.73,1216.5
839.53,117.92
838.97,860.94
842.58,399.89
847.11,849.62
854.5,1053
857.86,555.94
858.93,887.65
862.82,206.6
866.46,432.76
870.75,988.11
870,528.5
870.61,1003.4
881.82,1011.4
888.98,378.85
889.44,907.06
897.79,320.38
901.19,422.86
907.85,1154.2
911.86,519.46
912.41,429.54
911.67,250
917.54,371.13
924.81,777.65
922,600
933.77,484.82
932.5,132.12
938.9,94.8
940.9,376.42
944.19,161.2
955.72,1158.5
952.59,182.93
964.97,338.13
973.25,793.51
974.45,576.64
982.07,169.89
987.31,588.72
986,203
991,296.9
992.09,634.57
991.5,208.5
993.21,1236.3
996.14,59.06
997.94,287.94
1002.9,274.14
1008,1170.6
1020.9,304.9
1012.9,707.97
1012.4,1202.3
1019.1,661.15
1015.1,1123
1018.3,542.96
1020.9,805.57
1020.1,586.25
1020.6,229.71
1027.2,720.4
1024.4,639.11
1025.9,1171.9
1030.8,619.57
1035,927.95
1039.6,86.946
1038.6,537.88
1042.2,1030.8
1043.8,235.08
1044.6,687.78
1052.6,778.44
1055.4,582.13
1059.7,453.8
1059.4,890.89
1065.9,473.8
1071.5,178.92
1074.2,1243
1079.1,848
1079.4,341.43
1080.4,885.55
1078.8,1056.3
1087.8,14.051
1100.1,827.46
1110.4,837.55
1119.1,338.68
1120.1,628.09
1124.9,126.95
1133.1,303.38
1138.9,944.38
1143.1,192.93
1147,288.56
1152.6,912.61
1159.9,899.29
1162.9,207.65
1165.8,365
1180,236.8
1179.1,877.91
1184.5,53.255
1186.4,215.86
1189.4,349.4
1192.6,854.61
1209.1,214.76
1202,488.5
1214.4,501.75
1215.2,336.41
1216.5,1178
1220.5,266.42
1226.8,1059.9
1229.5,155.8
1234.2,1139.5
1234.1,1241.6
1242.7,907.4
