2.6136,251.89
4.6463,350.76
2.8293,589.83
7.0851,823.56
2.7419,1165
2.7872,1195
4.5,301
11.013,1135
10.27,516.19
11.909,1188.1
15.321,1164.6
20.176,1036.7
21.822,445.13
19,646.17
24.056,634.28
29.575,1108.3
26.07,525.42
26.611,515.75
26.5,744
33.027,1142.9
32.5,695.74
31.609,616.11
33.952,1034.4
36.918,490.55
31,744.5
35.333,278.64
38.408,452.11
39.548,808.72
37.78,601.9
36.974,931.37
41.838,306.19
40.368,747.55
41.587,978.79
47.362,637.38
49.786,1077.4
47.642,860.36
51.571,824.98
51.81,612.07
54.887,346
56.462,769.64
54.857,284.5
62.244,172.21
61.143,49.5
61.389,462.14
63.333,350.5
63,981.1
62.857,758.5
63.037,794.41
64.884,706.88
65.5,96.625
64.667,959
69.657,234.11
74.128,286.37
71.931,528.59
73,547
75.075,425.27
74.429,1128.9
77.385,998.34
77.631,1054.6
80.575,350.42
80.764,1231.8
90.733,628.64
87,130
96.206,1058
96.672,838.72
93.615,1238
99.455,798.19
95.421,97.895
98.306,399.41
115.57,644.44
99,1027.6
102.27,259.76
106.53,1171.8
103.96,1206.4
112.9,994.41
108,138.68
112.53,218.52
111.68,1108.1
114.97,591.27
118.18,918.42
114,1152.5
118.24,324.77
120,967.48
120.71,1071.6
126.61,142.4
131.33,398.73
130.4,321.3
133.35,806.88
135,356.9
134.66,756.62
137.7,232.32
140.77,897.65
138.5,596.5
145.97,464.39
149.13,79.886
152.6,327.37
151.33,663.18
153.48,537.26
153.9,1163.6
151.47,232.79
151.72,723.73
153.02,917.55
155.64,1037.1
154.35,59.194
154.29,315.4
160.51,353.25
155.61,810.04
155.56,193.58
157.42,1088.1
164.3,511
169.49,901.57
168.5,32.125
171.49,236.66
168.87,994.68
171,151.5
170.64,1130.5
176.81,1193.4
176.32,103.58
176.5,222
178.87,718.63
183.76,122.18
179.5,366
182.44,467.55
187.79,1061.2
185.81,386.74
188,767
192.36,786.84
189.59,1004.9
192.79,814.61
192.53,935.32
194.96,102.42
195.09,477.51
197.41,644.42
196.22,958.46
196.28,1168.3
199.84,126.95
200.88,417.35
202,1001.9
202.5,776
205.42,187.11
212.09,1112.3
215.53,1038.2
218.1,900.99
212.87,1175.5
217.96,360.66
214.45,620.39
213.87,1056.9
216.94,232.91
215.43,62.609
219.2,834.9
224.79,370.79
227.31,382.36
225.07,189.41
228.63,447.61
230.23,40.578
228.51,1162.9
233.47,259.9
232.33,172.81
233.69,131.91
236.88,229.97
239.44,1232.9
242.32,894
244.64,466.36
242.42,674.89
242.83,1068
246.02,139.57
248,1098
249.84,1079.5
253.38,33.75
250.33,385.33
254.57,399.62
255.68,321.52
253.41,748.26
254.15,151.46
257.45,362
255.33,132
258.29,673.71
258.5,797.5
259.5,1060.5
274.3,1185.5
264.37,46.467
265.18,428.6
267.9,1067.4
270.06,18.238
275.91,919.23
276.95,899.52
278.39,998.76
274.58,1141.1
286.19,300.48
279.44,393.29
283.86,372.36
283.12,507.12
299.05,428.74
286.91,545.09
289.63,13.842
287.6,817.5
294.9,240.61
297.53,695.4
299.95,601.88
305.88,874.09
304.06,363.09
305.41,375.9
318.83,774.51
312.09,1243.9
313.5,115
325.52,281
316.2,550.91
320.61,650.17
317.94,1134.9
325.96,110.2
322.77,14.214
323.49,144.75
327.77,405.86
329.15,124.95
332.74,512.24
333.84,1124.1
332.88,1233.3
335.5,302.15
348.29,81.985
340.76,662.06
337.81,874.67
343.81,915.57
339.93,562.41
345.24,649.67
348.78,577.5
352.56,1115
352.5,802
355.8,1003.9
353.91,302.91
354,374
357.38,545.82
363.57,526.55
360.16,1041.4
359.04,1143.3
359.19,609.07
361.44,769.92
365.21,677.84
366.73,276.35
368.59,106.93
375.18,309.64
375,1194.8
373.09,716.09
376.82,995.48
376.42,219.42
381.16,657.07
385.88,540.76
394.75,99.895
387.87,391.13
391.52,1009
390.42,435.89
394.27,984.46
393.91,258.87
395.5,951
401.08,711.11
404.08,43.148
408.08,423.08
409.52,64.414
411.62,245.74
413.17,441.32
414.37,508.47
422.69,1133.3
422.48,39.083
422.53,1154.6
431.23,516.58
431.67,591.04
435.65,34.26
440.83,152.86
440.7,1027.9
441.16,1080.1
444.57,755.79
445.58,704.6
442.83,911
444.11,1126.6
454.54,1166.8
448.24,1053.8
451.07,175.58
448.5,1114.5
454.19,431.71
454.61,483.16
455.5,731
457.84,1080.2
457.37,1213.6
470.68,936.87
471.67,863.65
473.31,763.33
471.42,365.89
474.23,680.1
473.41,458.06
478.93,486.85
475.53,1066.7
481.96,469.52
481.78,788.67
480.29,226.78
480.88,73.02
484.9,1175.6
484.81,26.19
486.29,1150.9
489.55,624.05
488.63,916.63
497.54,990.62
499.32,665.95
505.31,701.3
507.79,53.247
511.89,169.78
509.99,346.36
513.94,520.1
508.42,572.89
512.98,34.747
524.06,997.82
513.29,540.83
511.09,642.91
513,1244
523.4,474.97
521.74,1104.8
521.5,401.5
522.37,1046
528.41,579.95
528.58,830.89
537.58,888.72
531.12,61
533.12,135.03
533.46,297.78
533.71,368.71
539.12,1245.8
541.54,679.22
550.02,264.43
542.53,660.68
545.1,528.38
546.04,560.42
549.14,579.21
547.08,836.37
551.65,238.03
552.44,34
550.71,314.55
554.54,64.081
554,672
556.43,372.61
557.88,464.65
558.94,1138.1
564.41,697.38
563.11,572.55
563.77,847.37
572.13,1063.6
571.02,134.22
574.85,728.75
575,599.32
576.57,455.39
582.36,527.04
582.64,1040.5
584.81,187.35
587.83,106.63
584,319
586.11,1153.5
585.91,157.09
587.2,507.32
587.64,817.32
591.08,322.25
589.9,440.9
592.11,629.11
589.93,279.44
596.57,182.4
597.32,430.2
599,63.561
599.49,909.34
601.24,1246.7
605.06,1052
609.64,478.4
607.77,1106.8
615.28,287.11
622.17,626.42
622.95,454.68
627.9,274.31
630.33,25.312
633.67,546.15
631.79,848.34
637.06,390.24
635.4,422.96
636.15,1225.1
639.38,683.35
640.6,9.2292
648.51,150.73
644.43,1113.9
646.86,324.07
648.21,996.95
649.45,425.18
650.42,495.5
649.41,849.94
655.56,512.9
656.55,1166.7
659.07,13.593
663.35,875.41
662.17,1208.7
663.32,683.22
663.4,337.4
673.72,769.81
669.58,836.45
670.88,986.72
671.54,1156
670.77,266.46
673.76,547.91
677.83,899.7
676,929
676.42,971.11
677.61,1004.1
678.14,706.86
680.91,1133.8
680.42,26.576
682.22,1177.5
684,606.74
687.29,688.79
686,1025.2
688.74,479.68
696.14,36.036
700.19,782.29
701.81,74.213
697.37,1005.7
699.46,953.41
697.91,889.09
702.63,465.02
702.31,665.83
702.56,759.41
708.13,610.08
708.63,1012.6
712.55,371.69
708.92,564.92
710.27,1189.5
710.73,1238.3
717.28,856.86
720.83,1023
722.43,839.68
731.12,1101.5
729.08,800.08
734.02,827.88
732.46,914.64
733.6,260.4
734.68,703.95
737.86,274.14
738,485
738.62,959.88
740.39,408.8
742.19,658.73
741.08,641.57
742.79,939.79
746.78,805.07
740.5,828.5
741.5,885.5
743.58,1108.1
751.42,756.89
751.91,1051.1
756.5,130.78
755.73,679.78
755.05,1203.2
759.79,24.28
759.43,1186.4
761.5,1217
762.33,281.84
761.76,302.65
767.35,371.91
772.23,436.46
771.94,1078.5
774.27,34.708
775.48,682.4
775.55,846.06
775.93,568.59
777.5,645
782,812.49
784.9,82.105
784.41,593.88
784,901.83
789.14,346.86
793.45,846.18
797.95,1019.8
802.46,550.86
800.24,223.94
804.33,1219.7
800.42,876.11
804.76,954.59
804.02,288.49
811.09,805.63
805.53,576.23
811,510.09
812.5,117.5
817.63,489.3
816.22,1200.3
818.5,368
817.06,863.94
823.13,96.551
819,316
821.69,731.79
824.19,1170.9
826.71,418.54
828.32,900.89
830.27,376.65
826.92,761.08
827.36,879.5
832.21,270.59
832.52,615.82
831.58,134.11
836.33,339
838.5,476.12
841.9,447.88
843,696.5
847.26,434.78
849.42,884.07
850.07,277.19
852.31,1181.6
850.62,493.38
858.64,262.35
859.8,1223
861.89,393.62
864.5,576.56
863.95,860.22
862.5,550
863.34,1087.7
866.4,1165
867.68,1238.2
871.41,955.71
870.84,1205.5
874.22,1138
873,1017.8
873.9,56.62
876.31,872.76
875.69,910.38
880.7,307.03
881.92,725.96
881.36,687.5
884.23,651.74
888.6,454.96
894.46,490.53
895.5,1158
895.47,166.84
897.77,389.62
900.24,935.99
901.35,1110.3
898.54,810.31
912.63,433.27
914.6,966.54
910.24,950.28
911.94,169.61
911.54,843.46
909.58,1129.1
913.85,1225.4
910.35,81.6
910,1237
916.46,221.51
921.06,604.84
918.58,398.83
915.33,1089.3
919,1077.6
919.31,1154.8
921.44,888.56
922,912
926.54,1057.8
925.07,109.41
929.94,858.25
931.06,1149
930.7,368.39
939.05,51.777
933.71,396.5
934.88,700.88
940.6,1018.9
944.63,977.64
946.02,494.1
950.94,878.39
947,791
954.97,1088
956,437.17
968.78,743.48
960.39,581.2
967.98,361.23
968.42,455.89
970.57,110.06
970.6,155.64
974,413.15
975,1045.5
981.58,441.88
983.71,115.24
994.57,263.88
992.57,790.12
997.5,1148.5
997.92,763.28
1002.1,181.17
1004.5,971.5
1004.4,380.87
1005.1,74.407
1007.2,777.07
1011.3,204.17
1011.5,234.91
1014.1,674.21
1014.3,75.548
1013.6,445.11
1018.3,93.142
1016.1,893.92
1018.1,1051.9
1017.5,1152.5
1020.2,318.14
1020.8,796.91
1021.9,433.54
1022,116
1025.6,705.46
1026.1,854.41
1032,971.65
1030.7,75.86
1032.1,696.08
1036.5,1245.3
1035.4,580.47
1033.7,657
1035,1222.5
1036.8,777.5
1036.9,210.24
1042.8,746
1046,378.5
1045.9,552.41
1047.4,76.914
1049.9,645.11
1054.3,109.71
1051.3,473.45
1048.1,1103.6
1049,834.17
1049.9,935.08
1054.7,66.71
1056.5,502.61
1055.5,1117.3
1058.1,277.18
1057.1,547.91
1058,130
1059.9,1102.8
1063.4,963.83
1064.3,1186.5
1063.9,24.579
1064,404.65
1068.1,577.35
1071,1036.8
1082.4,1068.4
1070.9,166.92
1074.8,1156.2
1075.4,633.71
1079.6,497.83
1079.9,804.59
1080.5,1118.5
1083.4,61.345
1086.5,506.66
1087.7,1226.1
1094.9,934.8
1096.7,220.92
1094.5,269.5
1098,157.36
1099.1,376.46
1101.9,1178.3
1099,73.316
1102.1,624
1103.1,785.56
1107.4,1069.1
1110.7,516.02
1108.6,662.64
1112.7,1128.3
1113.2,426.68
1109,1019.2
1111.8,545.42
1110.8,586.91
1112.7,839
1116,35.369
1120.3,326.19
1120.6,1220
1123.2,131.61
1124.5,968.91
1124,1168.7
1122.4,1208.4
1124.2,258
1129.7,1079.6
1130.9,539.09
1140.5,994.81
1135.4,1021.7
1138.6,659.93
1140.4,28.842
1139.9,143.46
1143.4,878.34
1141.5,1146.8
1157.4,25.877
1155.7,116.74
1164.9,131.96
1159.2,697.05
1159.5,1165.6
1173.8,547.08
1174.7,959
1178.1,242.35
1179.8,731.95
1181.4,188.07
1183.4,225.67
1185.7,1174.6
1184.6,819.11
1187.8,51.7
1188.1,90.579
1191.4,545.55
1190,998.5
1191.3,1049.4
1193.8,353.32
1204.5,1013
1205,353.09
1218.7,469.96
1213.3,436.38
1213.5,704.83
1215,322.5
1220,110.17
1219.5,306.31
1219.6,1207.7
1224.9,334.7
1229,210
1238.4,670.42
1233.2,101.8
1234,952
1242.2,292.66
1243,404.67
1245.4,520.94
1246.3,323.15
1246.7,452.88
1247.2,840.91
