9.3807,562.16
12.493,872.72
3.8167,1184.5
1.8333,1204.9
6.48,127.01
3.875,845.5
9.3667,403.63
10.531,1126.4
10.424,160.42
13.722,546.11
17.074,466.41
19.317,637.02
21.659,413.68
24,572.67
25.373,699.25
26.071,460.29
33.808,841.4
32.108,591.55
32.12,374.08
33.535,274.72
33.821,1142.8
39.381,1000.4
42.163,190.38
44.646,1022.5
43.633,310.63
46.052,559.5
49,46.857
48.5,576
49.961,948.84
52.407,515.07
60.246,808.79
58.514,1232.3
68.124,3.9302
65.437,235.6
66.07,1058.9
73.036,1180.6
72,839.5
77.754,27.401
77.422,420.09
77.92,291.44
79.871,713.21
83.472,1049.6
84.389,465.75
86.5,204
88,1025
99.199,434.54
103.25,325.41
99,707
99.576,974.58
106.43,849.71
113,498.5
117.13,377.83
120.6,471.44
120.5,1130.5
123.68,831.05
126.72,113.75
127.82,789.08
127.11,1032.4
126.14,755.14
130.9,662.5
133.01,821.75
135.44,143.85
140.67,1014.3
138.77,3.0333
142.56,306.68
140.47,1155.1
141.07,200.59
142.46,855.92
145.54,88.235
152.39,500.01
162.11,1138.5
154.85,641.54
157.66,488.31
159.4,167.6
169.54,734.39
169,870.92
175.61,159.33
171.78,676.62
173.98,262.55
176.8,422.63
178.51,397.46
181.31,47.786
180.69,63.122
179.39,293.16
189.05,231.42
188,97.5
197.97,1146.9
192.12,871.5
194.5,1164.5
199.55,387.59
201.12,679.1
201.78,1034.4
201.42,167.11
204.96,873.48
206.67,74.859
207.41,30.232
208.35,968.07
209.26,1167
213.4,90
216.77,798.04
211.5,280
211.96,734.93
222.63,302.3
224.47,1025.1
228.6,61.094
226.15,475.15
225,842
229.92,906.33
234.64,245.24
239.46,176.27
233.29,348.45
236.66,572.98
239.88,269.67
237.06,389.45
237.47,776.93
240.11,935.11
243.25,990.43
243.7,417.97
243.42,1153.5
246.43,112.95
252.99,653.66
255.79,952.37
255.9,370.7
261.64,482.78
258.14,1124.6
257.86,404.86
259.18,995.98
259.59,226.07
260.37,905.67
262.33,255.49
262.17,1239.1
268.67,74.192
269.21,44.009
280.59,418
269.72,1073.2
272.24,294.09
269.36,1085.5
270.43,1114.2
270.92,552.08
277.34,254.95
275.8,121.52
281.29,164.63
278,970.5
280.68,533
282.31,222.42
286.78,850.02
287.45,946.94
291.47,84.981
291.03,1128.5
291.95,530.95
295.51,298.28
295.86,1105.8
297.56,645.84
301.5,836.38
307.26,895.27
303.18,1221
303.37,601.37
303.96,1004.6
303.85,1025.3
309.22,283.38
314.65,102.45
321.98,80.385
322.69,842.1
325.08,771.79
327.2,242.49
327.09,1165.4
328.35,566.82
330.08,454.55
327.63,626.95
326.58,183.02
332.58,424.72
332.29,1207.6
343.92,230.22
333.56,874.89
337.04,697.07
337.12,394.35
339.5,1185.6
341.76,537.26
344.8,798.15
345.08,98.474
343.42,1081.6
345.42,1016.9
348,856
354.06,1156
355.07,826.06
358.15,1015.4
360.23,339.05
361.79,684.25
361.8,488.68
366.08,109.48
370.73,3.3939
367.5,188
376.68,741.05
383.19,973.06
371.27,634.83
376.2,487.45
374.5,950
379.08,862.77
380.56,1001.2
384,266
385.07,528.49
386,957.5
387.31,663.83
389.86,813.86
393.82,764.37
395.09,786.79
396.4,21.103
406.77,712.03
398.42,281.89
404.6,326.24
403.14,903.35
406.05,361.32
407.5,479
411,210.5
411.91,106.91
415.36,938.24
422.33,314.64
422.88,929.32
424.78,92.645
428.61,669.62
420.55,781.31
429.85,1054.4
423.69,686.39
422,376.5
423.78,833.85
425.15,382.42
436.94,743.46
430.51,798.85
432.54,700.94
431.5,1172
434.5,559.5
443.78,613.64
436.3,1015.4
439.16,641.45
448,171.5
446.38,876.58
446.63,464.05
445.41,785.59
448.79,1233.9
447.47,376.91
452.72,412.6
448.75,1110.1
449.52,485.4
450.89,718.89
450.58,277.89
452.17,77
456.14,1010.5
460.3,867.25
462.12,919.09
462.14,179
464.27,523.97
464.42,319.89
468.25,712.95
467.9,781.38
474.91,511.37
477.58,1174.3
475.67,33
483.89,620.84
483.97,1084.1
484.81,227.76
483.44,484.92
486.05,670.13
486.56,144.95
486.95,848.09
492.67,55.13
492.35,462.07
493.9,545.24
496.67,181.14
499.81,27.327
496.44,212.92
496.53,495.84
499.23,950.1
500.93,1119.5
499.95,684.56
501.05,446.63
503.62,1171
502.93,640.59
509.2,158.3
506.43,355.5
514.83,518.58
515.34,931.7
513.6,868.11
511.17,910
512.92,178.05
520.71,1175.4
518.52,956.8
518.83,671
523.88,127.39
527.45,184.61
530.91,443.93
528.94,470.61
529.42,657.54
528.84,1213.7
532.97,717.34
532.04,94.265
534.32,494
538.14,211.05
540.29,936.26
537.74,477.87
542.35,614.66
539.81,519.09
542.5,243
549.92,291.31
551.34,508.58
553.68,658.55
553.55,532.14
563.98,843.63
553.4,391.6
559.92,1074.6
559.94,304.41
561.19,968.73
567.87,940.52
564.86,265.5
567.06,445.28
570.09,6.9091
573.85,602.92
581.92,473.76
593.82,1175.8
592.35,221.18
590.74,1117
595.25,439.87
595.38,888.31
594.44,713.16
597.63,812.18
598.52,537.9
598.17,616.93
602.64,132.87
598.91,637.91
602.42,686.11
610.49,974.91
613.33,76.198
612.52,289.59
617.1,1090.1
620.47,127.57
629.71,332.13
629.47,491.18
631.12,300.95
634.03,842.24
633.24,3.88
638.45,894.25
639.9,116.97
644.04,181.17
641.57,1109.4
647.55,46.602
647.18,466.55
644.57,996.5
646,942
648.11,1178.8
650.76,208.2
657,373.5
660.03,546.84
661,196
667.01,824.87
664.95,439.07
667.57,1096
665.41,633.07
670.75,475.64
671,420
671,584.68
672.41,938.96
682.15,528.26
680.59,694.12
686.5,289.93
684.4,783.79
677.33,1003.4
678.29,416.29
678.66,601.85
683.47,864.76
687.71,1167.3
689.97,448.07
690.63,826.37
704.92,673.39
703.08,750.35
706.43,490.95
714.88,1180.7
720.39,773.12
716.29,695.55
723.94,353.59
722.53,723.44
726.63,1053.7
729.36,431.5
732.93,653.59
737.15,790.71
737.67,1169
738.61,1001.1
742.09,867.93
741.5,913.5
746.31,1062
744.29,935.75
746.56,367.08
748.79,1082
749.23,842.05
751.3,712.5
749.52,276.65
750.64,1098
751.77,1070.2
761.41,1009.3
759.3,326.42
760.59,416.07
763.97,1082.3
763.91,1148.9
772.23,103.14
776.62,278.62
772,1205.5
774.71,507.03
778.13,434.03
783.12,389.51
781.6,1000.6
783,530
784.95,60.216
785.56,223.41
787.15,169.54
803.37,1127.2
793.87,465.06
793.8,1078.6
800.59,345.91
802.47,123.06
801.8,598.48
800.5,1013.5
803.83,39.173
804.55,297.92
804.83,143.57
808.83,905.76
808,573.18
810.68,850.14
811.24,49.81
814.62,740.23
815,1041.9
818.76,18.716
818.28,177.17
816,316.5
814.33,326
815.5,1114
823.41,230.5
826.18,564.3
833.09,723.09
833.5,202
837.61,419.9
836.81,118.25
837.3,846.08
846.94,394.06
847.12,693.79
842,139.68
843.31,267.83
845.06,867.55
844.65,1147.7
849.76,150
848.35,633.5
850.32,294.05
855.39,582.02
852.59,25.074
855.42,46.452
855.5,1142.5
858.85,439.46
860.69,67.771
864.29,28.215
862.37,396.63
863.15,624.69
863.97,458.07
865.91,938.18
866.65,482.54
867.07,999.26
868.4,606.89
869.38,435.5
874.84,919.7
871.95,1040.1
874.34,396.92
878.18,949.57
875.92,348.92
876.5,1089
880.74,289.46
885.46,531.73
884.62,779.92
887.69,155.27
886.17,1034.1
887.38,721.55
888.55,843.43
888.76,572.9
894.83,400.04
891.09,51.091
893.39,882.86
892.5,1098.5
894.37,499.27
895.65,549.25
900.38,864.04
898.33,135.83
902.5,847.12
901.97,495.47
908.61,1144.9
919.34,200.27
908.58,745.89
912.82,2.7949
915.64,283.32
913,558.5
916.47,964.63
915.09,141.05
916.09,293.06
917.85,503.57
918.91,753.36
921.32,72.8
926.46,609.23
928.58,461.85
929.02,742.93
928.17,70.13
928.24,757.38
932.71,1068.4
933.5,387.5
933.85,885.28
939.61,89.289
941.56,254.59
944.13,968.4
947.26,380.27
947.09,682.91
948.86,696
949.07,343.41
949,894
951.02,308.04
949.5,1137
954.16,143.54
953.78,777.52
954.05,510.91
961.52,229.05
955.5,962.5
957.74,22.07
961.18,546.07
963.15,1137.9
966.57,1227.5
968.51,852.84
972.27,145.53
968.89,164.58
970,109.32
970.35,302.06
982.88,8.5581
982.8,81.44
983,471
992.18,867.79
988.94,718.91
992.89,9.6
992.19,97.259
998.06,648.74
997.83,686
1005.3,401.2
1008,496
1013.1,625.18
1011.5,457.08
1010.5,642
1011,860.5
1012.8,821.3
1014,49.174
1014.7,898.63
1018.2,100.34
1020,874.52
1019.7,547.61
1019.9,1057.5
1022.6,178.55
1022.1,455.36
1023.3,945.39
1029,656.77
1029.2,984.22
1029.5,420.63
1028.3,784.64
1037.5,589.98
1043.5,1167.3
1042.7,288.66
1045.1,454.85
1046.2,961.09
1051.4,25.359
1048.2,1095
1050,229
1059.2,571.46
1051.9,5.1321
1052,249.93
1054.3,493.06
1057.1,394.85
1062.4,88.202
1057.9,606.75
1059.6,1065.8
1060.4,425.61
1063,168.17
1064,584.5
1067,624.66
1067,272
1071.4,1185.6
1069.3,424
1069.5,532.5
1073.4,448.39
1075.9,262.08
1076.9,617.47
1072.7,747.63
1077.4,867.49
1076.7,662.71
1083.6,1059.7
1081.4,400.16
1083.8,495.3
1082.9,47.036
1085.3,680.74
1084.5,236.71
1087.9,64.25
1087.3,610.93
1088.9,636.02
1089.1,586.92
1090.9,696.05
1092.5,343.14
1093.1,552.11
1096.8,214.69
1098.8,97.226
1108.4,36.531
1104.4,768.37
1116,20.735
1110.5,266.12
1112.2,580.07
1114.4,4.8947
1120,171
1123,230.5
1126.6,643.88
1126.5,979.06
1130.9,710.18
1133.3,11.781
1140.1,56.43
1140.1,380.93
1138.1,581.21
1140.4,738.46
1137.7,874.83
1144.4,811.37
1146.2,991.59
1147.5,191.5
1152.9,305.93
1149.6,44.703
1157,13.067
1150.4,511.63
1151.6,1204.8
1153.6,946.59
1153.9,841.03
1153.4,573.59
1157.7,758.57
1161,1.8947
1160.6,49.682
1166.9,99.558
1167.5,978.38
1166.3,64.554
1166.4,112.97
1166.5,238.78
1171.3,846.97
1169.5,212.48
1170.1,674.44
1171.9,186.05
1175.9,284.9
1178,1026.7
1179,3.2653
1179.5,22.485
1176.6,211.39
1181,44.5
1178.6,372.43
1184.1,1186.4
1188.9,241.29
1186.5,362
1187.4,846.95
1191.5,588.5
1192.9,668.93
1194.5,30.8
1195.6,1.8571
1195.6,128.22
1197.5,1079.7
1202.1,11.028
1199.6,887.58
1203.3,595.35
1210.9,816.68
1210.2,1054.9
1214.1,54.4
1218.6,14.62
1220.1,469.86
1218.2,765.02
1219.1,94.229
1219,117.08
1227.4,1202.4
1223,174
1230.1,658.73
1230,793.54
1233.2,6.0268
1230.4,1076.9
1234,163.5
1237.9,118.29
1241,983.17
1241.8,1227.5
1240.9,78.511
1240,892
1242.1,738.95
1240.3,933
1242.2,552.44
1245.4,812.71
1245.8,306.14
1245.9,357.24
1246.2,842.34
1245.5,1136.2
