27.085,542.51
5.5224,621.51
3.2456,965.65
8.1111,608.89
15.403,578.84
11.232,1238.1
16.428,679.48
11.4,569.4
37.63,503.21
20.277,794.19
30.448,459.79
42.909,599.33
33.786,640.5
34.732,798.35
35.314,812.89
49.53,1065
37.091,559.91
44.256,470.72
53.362,141.64
63.476,812.17
59.502,713.24
49.083,1117.6
54.496,1147.2
49.754,631.67
49.208,745.5
56.885,1205.4
49.185,574.74
54.043,457.2
54.484,391.55
55.926,740.26
62.923,412.46
68.356,874.97
69.757,186.48
65.768,552.93
62.174,653.21
77.465,772.2
83.344,364.34
68.929,676.33
68.421,644.11
76.022,447.61
99.069,1134.9
72.528,984.6
107.12,563.55
74.333,314
76.161,1047.5
75.903,160.84
83.077,517.4
80.143,640.14
87.111,329.74
90.099,1054.5
123.37,657.98
95.16,984.03
101.98,65.845
98.815,396.8
98.901,475.32
97.926,1064.4
104.26,762.29
101.5,774
108.99,781.68
109.07,1074.7
111.79,426.01
113.63,981.26
120.4,129.43
122.79,1040.6
118.69,362.4
117.58,301.11
126.48,407.13
119.56,827.89
123.66,206.15
130.5,30.269
124.11,909.54
126,179
137.91,324.07
126,766
130.82,278.75
136,784.64
137.08,1111.3
130.53,261.77
149.86,477.05
132,1241.7
134.98,100.07
140.18,176.1
137.27,83.567
149.06,1224.5
143.01,425.98
143,383.5
151.74,1189.4
158.49,63.839
150.99,143.49
147.91,201.83
153.67,232.7
150.78,1098.5
170.13,535.31
156.69,753.28
162.1,7.6852
166.63,116.01
169.64,802.16
182.93,388.09
165.68,723.43
170.53,199.87
170.92,328.01
168.95,891.91
176.75,1175.4
189.49,13.373
184.87,75.885
179.34,673.45
181.96,918.09
186.34,159.73
201.31,1207.4
194.9,1156.5
190.79,727.02
198.5,123.88
203.85,284.34
210.76,262.36
213.76,548.15
204.9,462.96
206.89,155.13
212.26,230.37
211.95,675.29
212.45,102.56
213.17,498.09
214.04,703.91
219.93,330.56
224,2.3846
252.23,832.16
226.79,607
232.18,1033.5
231.95,512.59
252.33,1116.8
247.4,266.86
250.72,428.94
251.68,1169.2
246.69,140.97
256.52,1020.1
246.16,486.33
248.25,575.09
250.65,53.514
251.23,461.39
253.27,109.79
250.68,234.32
252.63,597.39
252.8,193.76
256.64,392.52
257.98,633.34
277.55,1214.7
262.43,221.43
264.74,1143.8
263.58,162.89
265,895
266.5,388
282.68,588.62
268.14,672.5
267.67,901.83
270.67,376.5
276.89,868.42
276.3,360.27
276.41,272.73
278.14,667.69
277.67,857
279.72,308.78
279.58,346.89
283.16,1030.3
340.27,917.42
285.31,918.75
299.42,969.18
282.41,50.794
285.39,1083
291.85,276.3
290.5,1135.5
292.59,387.64
294,30.851
299.17,582
300.71,1161.3
305.3,90.863
309.18,212.52
321.58,658.34
315.08,768.66
333.99,167.98
315.03,1143
312.94,335.1
356.35,1086.4
317.28,1091.4
321.87,1042
320.31,285.53
323.45,620.71
340.39,561.83
336.18,706.39
335.27,150.07
335,865.17
342.11,615.75
354.2,1208.7
349.32,130.99
348.88,80.259
349.88,1154.4
348.78,374.94
415.83,652.76
351.81,62.143
355.23,734.52
353.5,993.5
354.84,1020.3
357.87,611.7
361.2,717.63
359.43,1026.6
386.82,1062
372.33,91.915
388.37,498.7
389.08,580.45
376.92,872.23
379,556.18
384.6,689.27
387.06,454.89
399.66,1144.7
395.5,691
397.63,603.8
408.21,527.78
405.09,557.33
414.74,418.52
430.21,447.14
409.78,1023.9
438.75,997.15
413.2,601.44
434.44,937.01
420.01,575.28
431.3,536.14
425.16,504.23
465.7,718.57
434.52,574.56
440.38,17.875
451.58,673.94
450.86,396.43
458.01,1038
474.57,1174.3
466.32,849.69
459.65,495.15
465.46,82.567
458.18,692.33
461.08,122.55
482.7,593.46
470.95,1239.8
474.3,891.88
471.22,141.22
500.44,246.55
477.58,1144.9
490.04,337.46
500.36,185.23
492.39,404.62
486.6,111.6
495.64,1233.8
497.34,707.99
611.34,686.42
510.49,1212.6
564.32,1045.1
508.6,479.6
525.07,705.88
518.99,133.17
511.55,597.7
517.55,284.41
514.2,722.3
522.85,179.76
524.54,771.79
528.92,7.6243
550.61,355.54
527.5,1116
536.59,324.53
533.21,1113.2
533.57,1151.6
542.02,94.095
537.26,265.6
538.09,647.77
551.21,756.41
552.01,304.81
543.72,1232.4
555.55,47.322
548.31,1161.9
544.67,993
546.06,158.75
553.44,212.1
559.06,393.03
574.76,1236.9
555.5,66
581.92,944.35
555.5,1064
565.24,434.6
576.74,1162.7
577.21,292.62
570.21,555.88
583.95,384.6
568,254.5
570.57,244.83
578.42,577.53
576.09,785.49
584.31,1204.3
584.51,654.53
590.38,520.98
607.55,765.44
593.5,304
608.91,572.2
607.16,795.46
611.44,1192
607.69,9.8656
611.18,524.96
622.74,997.51
611,1016.5
611.15,1063
630.49,415.95
621.15,924.5
619.91,887.41
636.66,1176.3
634.28,809.42
633.91,1121.1
662.05,308.08
634.5,1029.5
640.4,1217.8
641,1247.5
640.09,1022.2
646.1,546.73
648.96,1061.4
650.32,460.36
658.82,753.72
669.62,939.93
665.41,975.36
656.75,596.25
659.07,1031
659.86,1088.1
661,1102
661.91,1237.4
681.57,337.39
685.27,1095.2
679.5,1234.8
678.42,761.42
679.48,1217.9
681.05,998.6
698.03,565.98
717.6,1053.9
714.46,1164.1
699.94,806.17
703.95,1003.3
708.22,1102
703.42,1246.8
703,1241.5
718.51,57.782
718.88,967.87
729.98,1237.6
721.95,1218.9
725.28,1203.2
730.11,1016
735,874.55
746.02,663.84
739.53,345.76
738.68,899.15
733.07,793.5
743.24,141.36
756.94,214.85
753.48,510.42
757.49,422.97
743.75,613
747,1036.7
754.22,633.84
754.75,575.38
754.17,722.75
766.73,23.458
757.44,796.99
753.42,964.89
763.27,1095.3
771.4,285.11
768.32,486.81
782.57,840.81
765.85,1063.8
767,175.5
772.01,801.17
779.4,150.9
817.8,922.73
782.25,1066.5
773.36,56.682
775.68,386.84
774,892
775,425.5
793.96,703.55
782.58,98.019
785.64,372.61
781.12,418.35
782,890.5
796.02,240.4
788.25,663.09
784,862
785.04,896.46
791.42,1048.3
792.15,321.02
790.5,678.5
806.05,792.04
794.05,651.17
805.67,395.5
795.81,1056.8
821.29,192.16
806.28,1051.5
802.88,126.19
810.7,270.91
805.5,840.5
821.26,996.02
810.31,163.05
815.77,726.31
813.09,1036.9
820.27,1071.8
816.45,411.09
814.36,336.05
825.89,872.8
822.29,950.18
829.16,968.15
825.81,1036.6
838.74,1082.1
833.22,383.7
837.27,805.1
842.72,289.51
842.92,742.31
843.39,715.96
842.62,868.83
840.95,725.62
842.02,692.92
840,944.5
849.78,989.34
846,682.14
850.38,1188.1
865.15,1002.1
863.54,405.97
868.86,274.07
858.57,720.43
863.98,3.0351
864.56,874.93
860.5,943.5
881.45,306.3
875.49,72.756
869,768.69
867.88,802.8
869.89,96.047
877.84,834.88
875.22,226.51
884.76,806.14
881.92,690.08
885.85,1000.8
905.03,217.37
887,993
893.28,395.34
898.12,964.8
897.16,723.41
892.5,623
897.09,1042.2
903.36,845.23
900.82,370.6
895.71,807.35
897.7,269.84
916.5,31.979
903.7,790.46
904.71,777.74
913.22,363.33
927.74,885.24
911.27,404.87
927.11,300.88
919.54,930.96
925.54,79.022
940.48,230.78
926.97,3.169
926.66,405.68
939.96,853.93
933.34,821.31
933.35,910.83
955.86,758.62
935.22,983.24
942.64,399.5
966.65,965.94
952.52,1222.2
943.63,753.61
952.92,356.11
947.6,200.16
953.01,542.35
957.35,45.797
957.4,1009.6
963.28,709.47
955.5,980
966.07,685.27
968.51,506.87
973.14,907.83
971.92,114.64
1000.4,283.16
974.12,1161.6
972.77,931.07
978.18,390.48
976.97,532.22
999.76,722.35
977.03,939.43
979.26,355.61
981.37,1191.5
1008.5,83.554
1001.6,457.63
992.16,1041
1005.8,1236.3
1004.6,901.42
1002.2,1163
1014.5,781.53
1008.9,499.71
1042.1,1031.4
1013.7,472.78
1011.1,1212.9
1017.6,750.18
1010.6,757.43
1018.2,993.83
1042.9,866.98
1027.7,1221.4
1034.6,336.33
1033.8,460.47
1029.6,51
1043.6,120.12
1042.5,1198.9
1087,761.92
1061.4,643.75
1054.7,250.79
1052.9,371.62
1063.4,965.81
1076.5,810.92
1059.5,316.31
1070.5,1179.5
1066.2,747.46
1070.8,579.55
1071.3,720.05
1072.4,422.72
1077.4,741.91
1083.9,984.23
1081.6,888.76
1103.1,1071.9
1092.2,1101.7
1114.9,179.05
1094.5,1210.1
1098.4,896.98
1146.3,1046.3
1121.5,821.74
1131.4,1148.2
1110,1176.6
1118.7,5.4126
1112.3,1106
1117.7,1007.2
1124.3,794.84
1131.1,471.97
1133.6,858.06
1135.4,887.88
1155.6,1211.1
1137.9,806.02
1141.7,859.51
1147.5,1126.3
1151.2,812.71
1160.9,327.08
1158.8,174.46
1160.1,200.71
1156.3,259
1158.1,825.42
1162.1,441.02
1165.4,835.15
1164.1,234.5
1179.2,357.96
1164.7,928.33
1169.2,1100.9
1168.6,1232.1
1171.4,954.31
1177.9,79.045
1182.7,381.1
1192.8,604.41
1195.2,514.55
1187.6,326.08
1194.8,792.35
1214.5,1218.6
1197,1093.3
1199.3,711.44
1202.7,897.68
1206.6,930.45
1203.6,1136.3
1224.7,829.55
1207,978.09
1213,12.365
1224.1,274.11
1212.2,754.18
1217.5,877.45
1225.4,1078.4
1232.6,707.91
1219,184.88
1219.3,1158.7
1234.3,948.31
1221.4,749.88
1237,996.56
1229.3,1122.7
1230.5,170.17
1234.3,239.91
1239.5,22.167
1233.2,974.15
1237,630.49
1240.9,1225.5
1239.6,371.36
1242,1132.6
1242.3,112.82
1237.3,1111.1
1244.5,907.05
1243.1,206.73
1245.9,835.74
1246.5,177.76
1247.5,796
1247.5,886
