2.7436,375
3.825,465.05
2.7917,1024.6
7.1786,52.964
6.5789,224.11
11.126,273.56
12.025,640.33
15.125,1170.9
16.438,86.786
20.875,1066.9
20.549,577.16
20.028,889.36
20.174,1129
23.125,216.3
24.419,124.55
28.198,310.05
27.586,494.39
36.78,802.2
38.518,16.854
41.536,732.87
36.083,1056.1
41.444,216.28
42.454,463.4
41.529,763.86
45.696,590.98
47.167,523.07
48.244,572
53.377,713.76
52.837,863.35
55.119,1231.8
58.9,361.93
61.545,688.5
60.909,306.09
62.191,351.6
77.016,102.86
70.5,1136.5
70.356,242.83
71.909,976.91
76.023,1062
84.363,182.69
79.256,216.37
83.362,1023.4
84.145,16.063
85.285,434.91
83.074,334.41
86.071,584.97
91.863,666.46
93.28,1146.7
96.738,376.38
94.686,598.83
95.406,133
101.4,111.61
101.89,332.63
104.84,77.488
105.43,630.47
103.43,749.39
104.09,776.91
104.5,271
110.6,18.347
116.76,1098.3
124.76,1009.5
120.5,910.5
125.34,633.89
123.5,8.5476
125.07,428.32
126.07,962.42
126.33,775.19
129.44,348.68
128.9,826.93
132.72,518.59
135.2,188.27
141.75,609.76
141.95,253.12
143.74,903.75
162.23,646.26
147.89,1109.2
151.37,52.145
151.69,1095
153.88,27.612
154.3,181.96
153.39,1122.9
154.31,895.83
156.62,1063.3
158.51,325.13
159.61,298.27
164.94,170.56
159.07,5.4074
160.29,986.71
162.5,126.5
165,239
168.64,947.53
172.19,794.61
178.41,580.52
178.04,890.43
182.69,606.52
181.13,30.944
181.9,437.07
184.93,944.59
190.29,128.4
191.06,1079.9
192.7,1220.6
200.25,18.856
198.77,1004.3
200.98,1107
202.44,1067.3
206.16,531.58
205.78,279.46
210.58,490.11
212.39,567.2
219.81,328.47
217.5,1145
221.22,683.51
227.39,1162.2
226.94,296.9
229.29,660.91
227.41,183.89
234.7,931.14
235.06,696.97
239.6,813.98
237.26,1015.9
241.09,260.05
241.31,666.17
246.77,901.19
247.27,186.97
247.06,545.67
250.5,312
257.57,162.36
254.52,1137.9
256.58,263.97
259.08,1163
259.63,795.97
262.29,511.67
259.5,1084.5
272.89,1097.1
270,156
272.84,1128.6
273.63,623.5
277.41,639.92
277.08,844.22
276.81,1214.8
279.48,491.81
283.3,12.182
284.52,255.62
285.88,977.06
286.85,219.81
285.99,513.38
286.06,585.09
287.89,559.36
290.11,1225.4
289.8,777.44
290.13,908.97
291.12,667.35
297.84,62.446
295.07,275.41
298.45,914.84
299.88,879.12
300.58,352.89
308.07,554.76
311.38,994.84
312.93,703.8
309.58,19.895
315.02,437.07
316.48,1076.3
321.68,293.32
320.55,664.27
328.67,278.64
326.2,269.56
331.78,874.76
329.38,1110
333,342.5
339.31,682.99
341.68,400.6
342.39,1039.1
339.89,1244.8
339,608
343.38,952.73
345.96,332.76
348.64,432.39
347.48,346.57
348.69,488.86
348.14,692.39
350,1179.8
350.99,381.1
360.97,6.8306
359,189.18
361.5,527.5
365.58,275.11
365.78,1105.4
370.86,146.53
368.45,854.45
368.96,218.92
371.65,1175.2
372.15,318.8
379.17,584.75
380.64,627.36
378.66,914.64
384,13
386.09,321.52
391.64,19.071
393.64,57.318
397.39,320.43
399.46,130.22
398.85,883.46
404.36,1200.2
402.07,185.41
406.91,593.61
408.15,20.979
404.76,208
408.46,944.78
417.67,469.57
409.13,853.29
413.29,129.25
415.95,47.681
413.67,1016.8
417.46,629.78
417.37,1115.6
422.52,560.4
423.62,805.62
421.85,986.46
424.66,1095.7
426.41,87.815
428.89,1126.8
427.37,775.85
429,209.32
433.35,683.24
439.66,188.21
436.09,237.91
436.67,618.17
442.76,891.78
452.66,526.49
450.18,1063.5
454.11,581.71
454.75,751.89
456.95,251.46
466.37,640.08
473.22,27.228
463.83,479
465.07,871.19
478.44,351.97
477,234.5
476,964.5
486.62,400.94
479,1136.5
483.09,187.2
484,609.5
488.68,117.86
491.2,319.72
489.89,801.42
492.6,143.77
493.06,354.51
495,1031.5
494.08,184.08
493.5,594.5
499.69,1194.9
500.87,205.6
503.59,290.38
502.15,651.65
506.36,556.16
507.62,1065.6
511,799.5
514.61,978.16
514.5,142.5
518.76,1108
522.58,885
524.48,957.22
525.45,233.63
526.1,432.84
537.14,520.6
528.3,1037.3
532.35,329.89
527.5,727
535.14,607.84
531.31,836.09
539.27,1090
539.73,947.33
540.12,964.03
543.31,361.5
541.21,88.746
545.72,750.25
543.67,901.51
544.11,565.58
549.25,1066.9
552.71,15.802
551.4,943
554.46,258.8
554.91,659.91
560.25,92.221
563.2,543.77
559.71,695.84
561.45,732.35
565.4,379.27
567.17,751.21
566.83,145.59
567.59,953.73
568.76,1201
569.83,319
580.34,108.11
579.4,814.48
588.61,428.41
585.32,1035.1
599.55,920.35
594.11,197.72
593.47,1093.4
592,381.5
598.18,889.63
594.93,997.63
598.69,554.79
604.22,273.39
605.53,778.95
603.82,1189
609.12,534.75
610.66,694.41
614.4,1056
616.09,519.92
616.96,644.34
617.42,501.49
618.92,410.31
618.75,991.03
624.79,941.73
625.11,1218.9
632.12,51.991
628.92,1037.1
634.6,1142.1
635.2,191.56
636.28,377.83
640.46,290.12
642.44,63.578
643.91,700.52
645.68,749.71
645.45,581.73
646.63,510.3
659.25,800.69
661.04,1002.3
665.96,1036.7
665.34,879.82
666.36,295.72
664.68,911.34
668.62,1161.7
669.18,265.66
673.32,335.62
671.5,580.5
672,1153
683.68,298.84
683.29,652.54
688.82,373.41
688.5,764.5
690.86,670.5
691.93,213.59
693.81,327.12
692.74,822
696.24,3.0847
699.81,15.016
699.61,90.611
701.59,1099.7
702.17,122.83
701.12,1168.1
703.44,410.08
706.47,753.1
706.45,1002.8
709.22,1029.3
713.01,257.5
711.34,534.8
716.93,621.66
713.5,1011
718.23,592.06
723.9,268.6
727.5,139.5
731.27,209.34
729.03,385.39
731.81,568.14
727.43,1166.4
731.4,1239.9
736.28,865.9
734.21,418.62
736.79,148.5
739.75,917.75
740.09,123.91
744,581
747.7,322.02
748.11,400.73
744.59,965.93
750.15,226.91
748.65,636.09
749.37,1098.1
757.07,516.1
758.74,123.03
758.3,420.39
761.15,73.352
761.26,532.71
766,103.5
767.94,199.47
770.05,231.37
773.32,1140.2
771.94,250.66
777.35,1112.3
780.36,838.46
778.42,695.89
782.7,1004.7
783.16,331.71
782.56,680.41
784.06,1043
785.42,439.55
790.06,388.34
789.5,39.5
797.12,641.96
802.91,788.24
799.85,849.23
798.02,1169.9
805.28,422.4
806.25,1044.6
812.02,38.044
810.74,561.52
808,772
815.45,380.47
819.8,684.49
824.04,955.84
827.27,594.65
827.81,481.18
831.08,499.11
831.4,538.42
833.63,317.6
833.52,840.13
833.27,1195
834.4,167.89
839.03,386.97
837.5,334
838.8,229.9
840.78,414.5
842.68,1233.3
842.34,86.469
846.26,716.38
846.47,468.81
849.18,157
847.31,638.09
850.22,949
868.73,892.28
851.66,978.97
852.56,100.44
854,856
857.06,799.2
866.48,226.9
859.58,160.2
859,153
866.32,323.28
867.85,391.01
870.38,1038.2
869.44,1208.7
869.85,844.1
875.37,70.367
876.5,909.5
882.1,762.38
883.16,366.45
884.41,1148.1
889.66,1225.9
889.57,988.7
888.67,1025.4
890.22,382.27
895.67,85.489
895.66,48.022
904.05,538.44
897.57,267.09
899.5,815
901.07,1205.4
903.37,133.37
906.14,931
907.09,62.227
912.53,160.45
913.6,730.91
914.49,102.14
915.4,1225.5
921.12,27.409
921.96,438.8
919.8,524.32
921.95,941.53
924.91,502.53
928.09,547.87
930.35,1043.5
928.08,195.5
930.09,564.13
939.17,274.65
940.33,965.96
938.33,912
940.39,322.86
945.43,579.32
941.31,255.09
941.79,869.07
943.43,1246.7
950.36,764.12
952.42,1033.7
951.34,906.38
956.43,846.14
955.4,360.41
959.56,866.01
962.42,140.74
960.32,493.95
971.86,347.85
969.92,567.74
968,1104.8
969.4,458.98
975.43,705.02
973.47,1040.1
972.86,59.226
975.8,848.06
973.12,1074.1
976.7,21.932
973.07,1053.4
981.14,971.61
986.8,812.39
986.14,847.14
987.6,1000.7
993.08,365.99
990.04,557.72
992.97,907.79
990.64,987.64
991.17,1240.4
996.75,3.9048
993,975
994.99,1192.4
996.6,1026.8
1003.6,441.5
1002.6,1219.3
1004.4,1003.9
1014.5,550.99
1008.2,706.5
1006.6,769.63
1017,117.09
1013.3,205.58
1017.1,863.13
1012.6,1042.9
1019.6,277.87
1019,376.93
1022.9,1028.4
1025.6,1068.1
1022,1101.8
1032.7,1160.3
1028.7,458.71
1030.6,321.84
1034.5,1220.1
1035.9,383.14
1036,1095
1037.9,588.59
1043.4,886.34
1047.5,522.5
1050.4,325.93
1052.6,771.78
1052.5,1057.5
1054.6,570.03
1055.4,1081.8
1061.6,1112.2
1061.8,89.536
1060.9,346.54
1060.7,922.44
1061.5,990.66
1064,267.35
1067.1,933.05
1074.6,276.03
1078.2,658.99
1077.8,1110.9
1079.4,190.29
1086.6,492.79
1089.4,265.43
1095.3,238.63
1093,986.5
1095.1,344.94
1114.9,544.85
1104.6,248.11
1109.7,891.76
1106,750.5
1109.6,1186.5
1111.6,466.07
1112.4,702.89
1112.9,1162.6
1117.1,136.29
1122.6,998.69
1121.2,766.56
1124.8,117.98
1124.9,470.58
1125.7,96.231
1128.4,270.34
1135.8,329.38
1129.9,1101.9
1135.7,1210.8
1137.2,976.58
1137.8,717.43
1136.5,923
1137.4,992.54
1141.2,1053.7
1141.5,583.46
1139.3,694.03
1142.9,863.53
1152.6,723.92
1148.5,1233
1147.5,545
1155,589.15
1158.6,127.89
1157.5,562.6
1159.9,1068.3
1159,232.25
1160.5,854.85
1164.5,388.33
1160.9,491.56
1166.4,41.378
1172.6,731.82
1172.4,971.95
1174.2,165.32
1174.2,235.01
1180.4,642.83
1179.2,180.53
1176.6,385.58
1181.6,485.59
1183.2,348.45
1184.9,686.9
1189.3,1166.6
1190,100.5
1195,796
1197.5,398.94
1199.3,890.02
1201.4,83.366
1198,919.93
1199.4,564.86
1200.4,457.58
1199.9,487.08
1199.8,863
1208.1,625.58
1207,1246.2
1213.2,1015.6
1210.9,126.59
1213.5,462.94
1217.7,414.32
1218.6,318.91
1217.2,1149.1
1223.5,133.5
1226.4,149.87
1231.9,1087.2
1231.5,325.88
1240.6,1133.7
1234.1,617.12
1238,633.8
1242.7,1215.1
1241.6,756.56
1242.2,766.65
1244,433.52
1244.8,622.77
1246.2,78.062
1246,692.5
