2.6047,745.86
5.0667,396.69
6,1185.5
10.694,1121.9
9.5,719.5
14.465,747.28
16.481,20.404
19,794
24.93,11.535
25.921,1196.4
26.62,1210.4
31.561,164.41
33.241,675.88
33.057,469.43
39.739,1008
41.802,1098.8
38.333,1234
52.906,291.89
52.867,594.62
51.95,798.92
55.857,520.42
66.424,158.02
71.391,76
71.463,1019.2
73.611,19.861
76.958,279.14
77.081,722.54
86.556,511.12
87.056,1191
87.952,294.17
94.686,439.98
95.432,651.41
96.525,10.068
98.54,490.56
97.533,852.33
107.28,1103.9
113.42,279.44
124.97,285.91
127.61,847.65
130.59,430.07
132.93,942.59
137.27,98.305
138.16,982.19
137.26,26.535
136.46,1073.8
140.91,1055.3
137.5,568.5
138.33,742
145.69,77.364
146,954
145,235
147.43,241.61
147,438
158.74,214.26
161.02,531.57
172.97,808.16
176.35,575.88
178.25,922.19
185.21,527.29
188.6,763.89
194.11,494.93
195.5,1002
207.68,185.67
201.95,882.1
209.7,1188.4
214.92,781.44
217.06,423.7
220.89,1029.4
221,634.5
226.72,77.5
228.63,1096.7
234.96,13.324
250.6,674.27
257.9,121.64
256.92,227.54
254.09,457.56
261.34,416.15
273.52,601.6
268.71,675.5
267.39,1073.9
275.01,907.55
271,149
286,398.68
287.98,748.92
291.14,1237.8
295.55,43.753
302.19,240.18
304.02,495.32
302.47,669.47
307.06,1075.7
309.46,759.09
307.21,921.42
306.45,420.69
309.9,159.38
313.17,540
319.67,1041.4
329.08,1017
328.93,211.59
331.89,938.81
333.78,890.1
335,45.5
335.15,1106.5
335.93,321.41
341.5,152.28
338.58,723.11
341.59,839.24
344.87,27.658
350.07,628.41
349.8,183.56
351,481.68
355.67,37.853
360.67,449.55
365.81,197.35
367.75,1146.1
367.6,231.36
376.28,612.85
374.48,512.09
373.76,655.9
377.3,1059.2
379.74,67.607
384.97,134.73
385.94,725.45
385.78,252.44
392,5.5
398.89,403.27
395.09,616.05
404.16,1246.3
404.42,598.12
406.13,966.91
410.5,221.5
418.58,1138.7
415.55,925.31
425.43,1092.6
427.88,1063.2
427,527
436.42,201.45
438.91,643.27
441,1098.8
452.57,1196.2
456.13,921.67
455.91,704.91
463.81,530.55
465.99,900.72
464.88,1003.1
477.34,696.49
483.57,639.15
484.1,991.12
485.68,480.64
486.3,318.66
484.32,1007.2
490.38,1024.5
491.23,87.437
499,262.76
506.88,55.617
509.5,232.5
514.27,322.34
520.5,1028.7
526.94,289.57
532,968.5
537.59,886.05
538.88,230.62
566.14,1009.1
565.08,49.7
570,1242.5
570.83,204.57
578.14,46.232
577.46,650.78
578.76,846.44
579.52,110.78
588.28,3.5
585,1086
598.24,628.86
592.93,961.51
598.08,918.02
602,110.35
603.09,504.91
617.63,318.15
621.39,99.811
622.5,779.5
625.68,1021.1
629.32,442.67
632.54,865.04
634.3,288.62
641.18,851.81
646,494.5
645.79,552.77
656.62,1074.6
658.1,1117.5
659.5,218.5
665.48,723.22
673.21,1030.9
672.46,865.28
675.21,86.271
674.58,910.89
685.44,58.658
689.24,770.01
690.15,1139.5
696.07,418.59
698.5,576
706.91,627.54
710.91,247.95
714.45,743.64
715.4,170.36
722.55,359.27
718.29,839.29
728.14,332.32
730.86,1191
737,1237.5
741.21,811.5
744.92,1229.2
745.85,552.5
747.92,639.89
748.1,798.51
754.86,175
762,272.68
764.66,220.38
777.99,735.69
779.82,667.88
781.1,1002.1
793.88,904.31
798.43,339.01
801.34,1107.7
807.66,609.32
807.44,263.54
817.21,188.52
814.78,297.91
824.52,685.94
824.16,290.28
833.28,49.043
830.9,1118.4
837.73,104.35
844.01,194.93
857.4,772.64
867.28,425.66
866.22,920.78
867.62,1207.7
870.56,326.92
893.08,668.83
895.09,695.91
899.07,200.28
898.42,395.11
911.3,342.8
923.05,193.54
936.45,372.16
949.71,327.13
948.09,423.09
953.89,699.32
954,975.68
960.6,353.6
969.2,1055.7
970.99,781.41
973.4,589.64
974.94,967.53
989.47,917.37
993.47,733.96
991.58,4.4242
992,444.5
997.99,1057.1
1004.5,369
1007.7,885.37
1011.3,280.5
1010.5,537.5
1023.9,1079.6
1028,661
1040.8,1190.7
1037.9,820.02
1046.8,909.16
1052.9,226.86
1055.1,898.95
1065.9,1094.1
1071.5,213
1077,668.75
1074.9,1076.2
1083.6,1137.3
1077,880
1101.9,387.42
1100.9,329.37
1109.9,309.59
1113.4,967.4
1116.1,227.45
1118.9,423.95
1116.2,868.7
1126,881.27
1124.1,443.08
1133.1,168.93
1139.7,961.03
1149.1,856.51
1150,63.896
1157.6,801.51
1163.4,345.19
1157.7,1012.9
1164,1036.7
1163.4,371.11
1169.6,216.76
1173.1,548.37
1172.9,445.09
1178.9,373.98
1175.4,1056.2
1181.1,247.5
1198.5,160.5
1208.2,1103.4
1216.6,386.53
1220,996.2
1218.5,795
1232.5,3.4533
1232,543.82
1232.2,359.65
1238.6,410.21
1245.1,462
1246.4,608.43
