14.587,1239.9
11.667,1215
13.143,520.86
21.612,1177.6
18.885,803.65
24.056,1196.4
23,131
31.628,933.32
30.933,94.025
31.538,226.95
28.986,557.64
33.894,39.025
28.891,1111.6
30.839,463.23
30,810
31.635,887.22
30.694,969.58
33.818,503.27
40.458,904.77
34.435,418.39
47.196,749.26
49.174,405
49.471,444.24
52.929,118.46
52.932,650.39
57.868,1116.8
62.314,738.64
60.5,219.4
61.71,177.65
66.341,325.92
64.022,511.51
62.5,805.5
64.917,531.62
68.075,1142.2
67.444,266.07
67.774,1056
66.542,1182.2
65.5,812
67,444.83
72.301,379.3
74.07,664.98
76.242,44.876
76.065,86.014
77.405,564.64
85.858,363.01
80.333,442.94
83.346,453.88
83.115,679.5
85,1000.1
87.407,269.93
89.161,898.35
90.216,161.41
91.976,666.45
95.612,209.02
90.5,919.5
94.37,1052.9
102.31,584.28
98.576,844.42
98.231,867.73
108.79,115.34
104.31,890.09
103.25,1129.1
103.38,240.66
109.01,7.5846
108.2,1072.6
120.49,65.263
117.76,266.24
115.65,1197.3
124.43,816.13
125.88,440.34
125.62,875.19
128.44,253.53
133.68,37.995
138.31,745.9
128.42,905.89
128.91,1060.2
137.24,157.21
143.11,1061.1
153.64,910.62
143.03,494.8
141.32,79.75
140.62,430.59
141.44,590.36
146.12,1223.9
150.44,440.82
144.92,368
148.73,1203.5
150.94,101.04
168.62,166.85
154.11,577.5
151.49,1135.3
156.1,218.53
155.38,1210.3
158.26,372.81
158.14,937.74
165.99,1030.3
161.6,119.77
163.59,7.8824
162.41,459.06
167.9,96.646
165,920.5
168.53,141.98
170.92,580.57
172.67,405.67
172.33,892.03
172.22,33.915
174.23,714.83
181.34,189.45
175.73,617.24
179.37,79.228
181.32,293.49
177.34,130.14
180.37,343.24
178.63,421.89
179.38,910.58
181.14,576.86
189.43,374.23
182.77,1031.6
184,22.5
186.84,127.55
191.33,991.52
193.8,865.38
218.19,1019.2
201.16,787.34
199.15,682.56
200.08,956.8
201.84,178.08
225.05,321.84
208.72,489.61
207.37,130.82
206.89,624.93
208.5,1140.5
211.67,83.203
212.68,1001
212.95,776.09
215.91,1206.6
218.91,420.79
226.65,1241.1
222.8,883.07
223.31,502.72
230.18,43.143
228.57,104.43
233.76,600.4
232.93,150.19
235.46,826.43
233.71,1196.8
232.96,1123.3
240.15,621.66
244.25,928.48
244.1,952.95
243.79,214.18
242.92,1105.1
248.56,298.8
249.05,1003.4
254.34,1038.6
263.53,450.39
255.58,410.42
257.86,612.16
256,788.67
255.5,48.5
255.5,557.5
255.42,986.11
261.61,845.63
263.02,437.41
263,626.5
277.6,920.42
269,406.5
275.22,605.12
275.13,1013.4
272.53,285.33
272.59,1189.9
280.22,120.33
278,1200.5
279.5,1100.9
279.75,1169.9
278,1194
282.3,73.518
285.22,995.16
283.86,882.73
291.34,1146.8
290.5,374.2
291.2,163.16
287.5,1050.5
295.62,1083
289.25,710.83
295.2,87.287
296.3,112.13
292.91,200.09
293.51,419.64
293.31,784.14
300.07,654.11
303.94,321.26
303.61,950.69
309.02,356.03
304,65.333
306.57,274.84
308.85,906.85
311.34,877.15
311.9,1138.4
312.11,129.94
314.4,613.56
313.72,692.78
319.35,565.2
321.01,503.75
318.38,593.58
320.91,1096.1
324.1,1057.7
328.91,129.81
329.47,54.245
332.21,439.93
335.69,466.24
333.58,851.84
330,990
330.57,487.39
334.24,675.67
337.28,738.19
345.55,357.07
342.57,541.97
346.49,1007.6
344.61,1156
346.99,272.04
346.37,1075.1
348.83,791.77
345.05,1189.9
351.29,725.27
350.03,116.02
361.79,812.21
348.5,36
363.8,61.673
363.1,1141.4
368.22,468.03
359.57,697.71
360.12,836.5
360.5,791
366.06,1085.8
366.3,105.72
369.83,541
369,1047.5
374.71,150.84
369.59,1032.9
371.07,665.74
372.63,612.63
373.14,927.39
377.08,996.08
374.85,123.54
378.38,1169.6
380.65,777.99
382.74,339.05
386.4,855.68
381,114
383.88,685.35
384.4,1222.4
389.28,885.1
390.63,605.96
389.33,810.17
390.42,168.11
400.11,4
405.05,806.94
403.13,850.56
410.51,1144.6
416.82,601.64
406.5,1063.5
409.15,34.538
410.76,568.24
411.4,1029.5
413.7,430.1
413,681.35
414.15,26.654
413.86,397.14
414.83,450.4
423.97,1171.8
424.99,21.112
422.65,385.88
423.97,960.34
429.25,194.63
423.1,87.34
425.08,42.083
429.32,437.11
427.59,1003.9
432.88,1032.7
435,563.91
436.33,110.67
434.88,740.43
439.87,371.26
437.5,68
441.62,51.956
439.23,656.39
444,805
485.61,947.63
447.91,301.91
453.61,281.16
453.47,350.69
455.99,836.79
462.72,94.533
461.48,204.73
464.82,676.52
465.05,709.41
463.63,497.37
469.25,1042.4
471.56,402.9
474.21,656.76
471.31,470.14
473.39,583.27
477.4,767.41
473.5,40.5
485.07,998.98
475,1139.8
478.01,558.85
481.17,628.93
478.17,223
482.17,356.39
479.33,1204.8
481.76,280.56
484.41,692.84
481.42,976.11
486.01,213.41
500.68,841.42
487.62,1017.8
489.29,1183.3
492.8,673.85
494.32,509.43
494.9,1115
498.23,1053.8
498.86,643.36
501.59,153.07
501.91,401.91
505.4,1240.8
503.55,122.42
504.96,214.59
505.17,1085
506.4,1097.6
509.76,188
512.97,632.86
512.38,1153.9
512.36,896.83
514.66,480.25
514.98,1062.2
522.93,287.44
521.92,422.93
518.5,1012.5
522.35,381.85
526.5,180.91
527.87,650.69
527.77,835.21
528.42,635.11
537.73,480.73
531.88,739.98
536.77,204.91
544.56,145.28
539.6,1060.6
543.93,258.59
545,1056
549.06,57.533
548,441.5
551.89,309.04
550.06,181.32
551.2,628.21
554.76,80.224
553.34,996.89
553.24,1122.2
556.58,770.89
565.03,663.31
558.77,721.57
558,978
565.28,1178.6
564,714
594.07,998.53
568.85,886.73
571.15,1219.4
570.16,505.03
571.22,770.22
569,997.5
572.37,337.5
573.08,617.08
577.87,122.92
579.7,1053.4
581.38,676.21
584.57,945.45
585.36,340.91
584,838
591.07,638.63
587.43,811.39
589,663.83
589.41,706.14
590.56,841.62
598.47,1231.6
594.68,512.15
596.46,1037.3
597.94,1180.9
597.23,412.29
597.5,921
600.8,1138.3
602.34,1151
601.5,631
619.07,655.96
606.37,77.966
610.05,926.09
609.33,1127
614.25,551.11
617.43,51.065
615.32,915.32
618.9,1142
621.61,631.92
619.14,1074.2
620.14,1180.9
620.09,1042.1
621,770.68
627.45,564.85
626.4,691.98
627.07,817.93
631.29,1123.8
629.74,147.74
638.28,532.58
637.03,34.83
636.01,681.03
642.03,763.29
637.7,356.11
642.4,624.38
635.44,1068.9
643.88,146.99
641,67.5
642.76,718.18
646.37,750.52
658.37,668.65
652.56,1230
653.43,1111.4
654.52,280.65
657.72,698.75
655.1,1094.8
671.42,1192
659.5,625
665.04,830.95
664.86,310.67
665.72,853.4
668.5,1225.3
669.78,520.38
672.17,101.97
676.96,34.268
677.5,887.52
681.16,335.88
678.5,366.39
681.06,1156.1
683.52,697.9
685.44,129.95
685.07,719.74
685.21,2.2917
685,369
686.92,381.14
688.73,485.98
700.38,1109.1
693.89,14.511
698.04,998.79
697.84,288.44
698.5,800
703.86,58
704.63,424.39
705.58,527.58
711.08,209.53
706.69,1150.3
715.24,688.81
711.99,928.6
709.5,642
718.71,556.22
717.72,598.27
718.16,380.95
719.2,745.2
717.02,1120.4
720.23,1010.3
718.68,1083.9
723.39,183.69
726.43,3.5658
721,1110
723.33,1139.8
725.94,811.33
725.72,890.03
728.42,1002
729.96,767.04
729.3,821.1
732,1210.5
737.24,145.22
743.06,630.56
746.27,299.96
745.24,603.48
745.09,525.91
748.19,413.84
751.86,993.51
760.96,671.3
750.31,937.79
754.55,275.34
752.5,960
751.59,870.94
753,862
757.79,311.01
759.3,1235
767.27,495.24
762.5,341.24
763.81,395.94
772.8,56.986
770,155
770.5,299
770.92,607.92
779.79,891.47
777,1092
783.08,645.99
784.15,1127.2
781.36,665.68
784.96,744.82
784.47,925.77
786.77,218.77
799.06,407.37
787.96,669.82
787.5,53
792.74,689.59
789.3,972.42
793.76,802.64
797.15,746.23
795.71,788.71
803.1,895.62
798.25,627.56
804.11,442.4
803.5,668.53
827.92,943.34
823.99,798.18
804.5,231.5
804.45,113.29
804.57,261.39
809.67,345.85
809.22,873.5
808.5,614.5
813.35,691.48
818.37,68.881
815.31,276.77
816.99,749.56
819.99,1234.8
824.13,907.21
822.12,471.5
820.8,1048.8
819.5,1085
828.4,1103.9
822.22,1191.4
822.08,859.29
824.29,643.79
824.5,101.5
825.17,222.76
825.26,453.94
829.03,4.0667
831.63,145.63
825.68,426.23
828,727.5
830.08,864.04
833.67,393.17
841.53,460.18
837.14,476.06
835.3,704.32
839.56,860.63
834.36,430.32
837.65,486.73
839.52,387.74
843,912.5
843.93,838.74
845.5,971.37
853.07,228.88
849.36,668.33
850.1,1013.6
878.55,796.06
853.82,868.06
859.56,916.53
853.5,479.5
859.81,1169.6
859.01,378.87
856.89,948.19
857.8,284.76
856.6,318.6
859,832.67
862.55,785.69
868.22,433.52
864.65,474.27
869.41,833.11
866.25,697.88
870.58,815.97
868.5,1181.5
872.99,1201.9
873.27,343.44
869.93,362.59
871.58,189.11
872.5,768.61
872.98,1236.6
878.45,1116.8
876.52,614.38
883.05,944.34
889.24,1132.3
889.88,221.16
890.4,1182.2
890.5,183.5
896.15,976.78
893,1214.1
893.61,875.52
900.12,370.66
902.35,713.64
898.09,1010
900.08,554
899.84,995.61
899.42,672.89
901.16,763.64
909.09,948.39
913.69,752.11
908.09,591.48
909.37,771.84
912,823.12
914.59,226.62
910.83,1035
912.59,1001.5
913.88,189.5
916.25,907.6
915.89,981.97
919.94,264.52
916.72,1115
921.19,1087.8
922.61,796.94
925.15,508.18
927.58,350.63
925.18,685.46
947.9,739.56
927.8,755.91
929.59,853.35
929.24,325.8
931.05,376.9
933.15,174.12
936.19,244.55
933.26,740.59
933.88,412.93
935.08,1196.4
940.78,805.36
936.72,974.86
942.77,224.54
939.09,536.91
942.04,785.9
942.3,1068.6
943,1087.2
941.14,515.9
944.67,683.28
940,757
951.59,842.68
945.17,879.2
942.12,981.35
949.38,492.92
944.49,709.76
945.33,950.88
950.3,469.14
947.17,614.69
949,666.16
957.53,1233
948,912
953.54,341.45
951.46,1175.2
954.3,632.14
953.55,30.75
952.16,989.35
952.6,399.4
954.59,420.66
954.17,718.56
957.27,915.46
954.35,803.16
959.49,319.86
965.62,1090.1
958.33,93
960.1,363.6
961.68,815.32
961.59,688.06
967.02,244.02
965,709.5
968.5,858
974.5,446.58
976.48,328.54
972.5,705
971,882
976.59,917.89
977.35,1170.6
973.17,638.42
978.15,492.29
976.85,1112
977.5,727.5
981.03,850.93
995.2,889.95
988.59,723.4
983.5,826
993.73,1054.7
989.59,364.38
999.66,804.08
990.57,1184.9
995.93,422.04
995.64,1001.9
991.84,1153.1
995.02,438.47
994.65,656.21
993.29,387.64
999.56,824.87
1001.2,99.654
1004,605.73
1004.4,983.62
1004.6,63.105
1007.4,1178.6
1018,489.62
1011.1,558.87
1014.4,442.85
1016.8,539.48
1018.3,168.2
1018.4,607.4
1017.1,48.5
1018.6,20.267
1020.1,592.95
1021.2,652.55
1026.4,914.02
1027.9,870.59
1034.7,464.34
1052.9,1149
1039.6,1190.3
1037,640.79
1036.2,770.15
1038.2,1069.5
1037.7,697
1045.6,1024.5
1043.5,571.68
1042.4,1176.5
1044.5,197.91
1044.5,1120
1053.1,182.16
1048.3,271.33
1048.8,374.25
1048.7,384
1054.7,1224.8
1054.9,975.12
1057.9,350.1
1062.8,1009.8
1060.7,283.87
1058.5,392.53
1063.9,200.11
1065.1,1152.5
1065.3,127.97
1066.2,440.52
1068.8,521
1072.4,587.83
1070.3,1197.9
1072,646
1075.2,1074.5
1083.9,541.24
1078.9,694.41
1079.6,681.89
1081.1,420.09
1083.8,613.15
1087.6,517.82
1087,1082.5
1093.2,1159.5
1092,1035.3
1095.6,841.69
1095,233.07
1094.7,410.19
1094,1082
1100.2,1238.9
1095.3,17.429
1101.5,161.27
1101.7,1085.1
1102.4,261.17
1107.1,644.61
1103.3,516.84
1111.7,6.4254
1109.3,76.67
1111.9,496.24
1112.8,39.622
1112,143.12
1110.2,316.38
1112.6,1050.4
1111.6,1167.2
1118.4,1244.6
1115.2,386.87
1117.3,512.89
1122.5,625
1127.3,901.24
1128.4,1072.1
1121.3,1035.8
1123.3,35.457
1123.3,1090.3
1135.1,573.51
1126.4,381.43
1124.6,659.89
1126.4,518.48
1127.5,1031.5
1130.4,406
1132,1019.9
1142,47.855
1135.3,196.71
1132,1098
1136.8,1090.8
1136.4,528.43
1140.4,17.685
1142.7,1102
1140.1,165.54
1140.3,620.31
1144.5,671.77
1155.2,524.35
1151,894.97
1146.5,1047.2
1147.4,537.43
1153.7,638.58
1148.6,226.59
1149.5,441.13
1151.1,257.11
1149.7,1059
1156.8,959.5
1152.4,1178.8
1159.9,1036.5
1154.5,1121.5
1158.3,473.87
1156.5,1194.5
1158.9,371.58
1160.1,583.03
1161.4,906.01
1166.5,1244
1162.9,508.09
1172.2,452.33
1165,869.57
1165.4,766.86
1166,73
1170,929.86
1171.7,42.104
1170.6,403.03
1169.4,985.95
1181,1191.5
1170.7,85.805
1169.9,668.03
1172.2,691.5
1180.2,828.24
1173,1211.5
1177.3,386.1
1189.6,544.24
1176.9,736.95
1177.5,31.5
1184.2,158.93
1185,925.86
1185.7,432.89
1187.7,669.62
1186.1,1242.9
1192.8,125.28
1186.3,1013.6
1186.5,614
1188.1,1036.4
1187.6,1048.9
1188.9,775.42
1190.9,705.22
1194.3,100.35
1192.7,379.15
1195.3,857.29
1195.6,1012.4
1196.4,566.04
1199,768.46
1198.6,989.16
1198.1,317
1201,669.39
1202.5,1044.5
1206.7,679.64
1207,1181
1205.3,242.61
1207.3,395.81
1202.4,708.19
1204.1,609.83
1208.3,1079.1
1212.6,1127.3
1219.7,790.05
1212.3,917.65
1219.2,454.97
1215.5,1013.5
1218.6,580.92
1215.1,641.91
1223.4,1162.4
1216,53.5
1224.4,528.65
1222.6,31.781
1232.3,644.37
1233,977.03
1234.4,993.35
1238.5,1090.7
1238.5,1023.2
1241,66
1240.5,524.5
1243.5,909.61
1245,1130.9
1245.4,83.895
