4.6517,87.36
3.8866,939.67
6.8621,1029.2
18.925,605.98
16.421,899.89
23.102,734.88
26.064,253.47
28.858,83.885
34.429,680.59
33.5,943.5
35.5,981.87
38.929,699.89
44.242,808.59
43.875,951.38
44.103,960
46,78
49.027,397.45
51.691,1008
51.46,314.35
51,80.5
54.062,383.94
54.389,106.86
55.231,568.15
56.357,841.95
62.5,577
65.154,528.46
70.742,121.83
70.086,982.08
70.652,568.24
72.44,459.68
72.984,1012.4
80.608,99.066
76.86,671.95
78.452,644
79.05,1148.9
102.3,162.1
104.94,538.41
105.58,556.89
115.44,387.22
112.79,889.62
110.69,59.943
112.97,566.38
113.98,278.33
118.16,940.13
117.35,347.4
118.05,1012.6
127.82,300.95
130.59,646.86
129.84,699.1
133.67,388.6
135.6,630.4
149.64,615.2
147.28,242.23
150.14,145.81
156.24,331.26
152.76,1020.8
159.05,856.78
159.93,559.55
161.32,673
161.74,1058.2
165.17,600.75
167.81,1004.1
170.63,1045.2
175.55,563.98
175.5,994.62
184.95,833.14
177.91,1160.9
182,137.5
188.62,1156.7
186.58,349.11
190,138
194.87,1092.6
198.72,1136.6
195.66,528
214.61,1015.5
201.3,145.96
208,280
216.45,1217.9
216.65,1171.2
223.1,802
224.3,634
230.11,921.67
237.74,405.73
236.46,571.54
242.52,714.65
238.49,999.99
236.5,28.5
242.05,424.82
241.5,370.5
247.88,508.59
249.07,843.24
250.3,149.61
248.23,178.08
258.28,280.26
258.4,569.06
255.79,805.81
258.66,175.22
257.75,819.84
257.05,1216.1
266.96,218.92
267.46,417.23
265.59,974.81
276.67,752.77
271.63,256.71
270.16,872.57
268.93,1174.6
269.5,473.5
271.5,863
274.49,726.17
277.44,119.36
284.37,643.9
283.05,656.87
286.18,813.01
286,406.79
289.11,81.46
302.33,754.96
292.56,1148.7
300.94,816.96
305.76,14.879
302.12,1059
301.1,348.95
302.65,739.88
302.4,398.4
307.06,864.23
309.6,799.5
312.03,1142.4
314.33,1215.2
316.82,870.41
325.69,43.556
324.08,718.92
327.32,810.49
324.81,918.19
324.14,932.86
325.5,202.5
329.45,634.77
328.61,2.4348
333.11,192.33
334.79,83.702
334,402.5
337.94,912.29
339.71,1063
344.62,837.05
341.94,897.25
342,403
344.08,813.78
352.46,37.076
354.62,77.622
358.91,57.699
355.17,962.13
372.12,97.562
366.56,1089.4
367.09,746.91
368.19,1231.4
369.4,275.65
377.24,58.683
378.83,222.3
385.52,278.14
390.42,927.15
393.07,532.41
395.5,136.5
397.68,551.05
399.61,857.74
407,910.85
408.63,982.05
407.56,944.94
415.68,882.77
414.81,96.438
417.26,613.52
425,280.34
423.53,696.22
425.18,3.6042
442.44,386.04
428.59,913.88
420.67,898
424.98,494.88
424.64,581.86
425,485
427.38,24.219
426.44,450.08
430.43,510.35
432.93,404.38
434.88,356.35
434.35,427.38
438.04,961.84
440.44,1246.3
447.28,89.337
445.56,652.63
446.14,600.29
450.31,450.14
452.64,1234.8
451.31,364.62
451.11,589.44
453.88,1021.4
454.27,740.3
457.94,555.31
456.5,411
460.2,840.6
459.16,490.16
460.63,858.34
464.29,362.33
462.67,1108.9
466.45,931.91
461.58,704.11
464.41,692.05
464.93,1065
465.05,375.09
472.89,24.007
469.79,501.37
471.31,548.54
470.53,103.75
470.63,647.13
495.93,451.85
480.78,801.7
486.77,393.27
480.52,769.29
482.26,237.54
478.08,822.72
478.42,639.11
480.4,533.6
490.8,706.08
489.66,544.61
488.29,745.55
493.38,301.27
488.56,918.75
495.25,157.71
493.12,42.471
494.27,119.38
492.6,908.4
494,142.5
495.9,769.95
495,25.333
496.18,520.93
497.94,346.26
498.96,823.42
500.32,789.68
501.63,591.5
501,797
505.43,940.7
504.02,6.9697
505.72,39.814
503.68,703.32
505,330
508.07,756.45
506.55,848.04
506.73,1129.3
506,785.5
511.39,286.74
515.36,98.753
511.98,724.58
508,781
510.83,520
510,1021.5
510.67,1167
519.59,498.82
513.13,144.17
512.4,1015.4
516.01,78.115
517.44,343.13
522.29,33.204
523.46,516
522.84,652.27
521.4,741.4
522.68,936.44
522.91,773.09
525.01,1213.8
524.45,274.71
541.29,72.299
531.46,291.46
531.65,806.15
531.5,901.5
532.67,26.587
534.5,103.31
534.05,233.74
535.45,167.97
536.05,783.1
538.18,852
538.26,447.29
569.32,966.94
544.06,268.64
547.19,289.74
542.78,864.53
552.26,170.25
555.22,32.72
547.58,747.89
550.41,240.83
549.91,890.91
551.39,867.75
566.46,93.83
555,308.5
555.58,997.89
564.04,224.27
567.41,891.06
570.64,597.86
570.5,207
571,273.5
573.93,373.68
573.85,905.54
574,1008
582.39,79.906
578.59,974.41
587.21,439.73
588.63,21.327
585.51,1165.9
591.37,44.888
585,1039.5
588.27,550.35
589.66,100.61
592.23,1052.1
594.52,980.86
596,921
599.39,1058.6
604.86,217.54
604,11
606,169.5
612.09,24.826
618.62,162.29
617.07,1020.9
622.83,1039.9
624.5,973.5
625,152.5
627.19,397.42
626.43,365.39
630.49,45.209
641.1,365.61
637.5,288
638.82,1046.3
638.58,846.89
644.25,158.53
654.5,62.333
657.42,107.96
659.32,89.054
664.93,300.81
669.81,229.32
665.16,375
676.57,1137.4
679.85,249.78
684.23,933.89
691.91,69.687
684.9,858.04
692.76,593.31
691,123
691.7,291.2
695.11,41.833
697.79,130.84
697.68,553.81
699.38,1191.6
704.14,102.96
705.2,221.02
706.36,230.68
709.77,79.226
712.14,222
719.2,1180.3
724.04,49.468
715.96,576.96
717.06,1200.2
725.45,711.73
722.7,519.77
729.15,236.23
725.03,605.97
727.29,623.83
731.4,483.77
732.39,72.097
735.15,669.01
738.46,642.31
742.88,211.35
750.62,1228.9
752.6,745.96
754.61,650.75
753.44,600.44
753.84,563.57
754.47,11.559
759.4,672.48
760.11,2.5789
774.2,594.2
760.42,901.11
763,220.5
764.44,1208.6
769.11,182.91
765.19,538.94
766.93,1172.6
768.09,236.05
772.96,222.11
783.42,34.262
779.06,1177.6
785.51,629.05
782.5,236.5
785,336.67
787.29,118.83
793.42,723.57
794.08,141.45
796.1,19.269
797.33,492.64
795,858
803.96,261.61
799.06,1210.7
801.19,1186.8
803.95,234.7
803.82,59.429
804.58,177.55
810.39,81.992
807.27,131.36
812.69,735.16
814.45,627.94
827.19,65.504
818.5,327.91
820.68,13.947
827.28,120.22
822.2,181.44
823.36,673.9
832.12,242.3
835.35,554.4
839.08,303.14
840.68,23.205
840.64,194.5
841.36,254.45
844.83,175.74
852.74,364.82
850.89,954.41
856.57,83.429
859.85,1202.6
858.42,622.17
872.21,331.28
867.06,154.14
865,1035.5
867.38,69
870.73,516.2
869.2,38.32
870.8,138.57
880.25,268.54
883.43,82.421
887.72,708.63
881.06,506.71
877.94,390.43
884.5,166.5
888,460
897,476.43
900,508
911.9,164.58
906.22,92.306
914.89,543.98
912.35,29.913
913.35,429.73
915.83,636.17
916.35,1113.6
919.5,100
923.48,78.945
926.71,18.714
926.5,123
936.93,100.83
929.87,598.56
934.18,645.86
939.37,346.27
941.47,169.44
942.87,808.3
942.68,249.04
942.55,517.29
944.09,508.72
945.5,80.5
955.8,113.22
946.42,177.89
953.9,1054.7
951.58,351.42
957.21,558.92
954.91,687.37
958.59,83.552
956.42,542.89
964.91,596.39
958.53,140.21
963.65,213.05
962.7,744.51
967.19,1135.3
961.8,1177.9
975.88,376.71
966.94,34.938
969.42,44
969.36,698.56
970.08,348.56
969.87,868.83
975.32,110.45
975.48,267.85
979.29,53.039
979.72,70.358
979.34,467.84
979.22,1241.9
981.63,541.73
979.9,682.08
981.53,730.55
980.6,709.3
988.07,91.621
985.12,1205.6
986,58.5
989.93,520.66
987.42,986.11
996.19,267.65
991.91,292.2
989,78
994.32,916.85
997.84,31.996
999.43,508.16
1003.9,653.49
1007.5,741.37
1002.7,1240.5
1003,225.22
1002.4,982.11
1007.2,167.65
1018.4,986.68
1010.5,190.15
1013.4,286.69
1008.8,475.9
1011.4,495.82
1013.5,46.225
1011.5,618
1017.3,542
1023.3,603.66
1027.9,802.62
1028.8,320.9
1027.1,932.14
1026.4,114.57
1032.3,1056.9
1028.4,135.89
1031.6,774.07
1036.1,1243.9
1035.8,1222.6
1035.5,1135.6
1043,368.82
1044.5,103.5
1043.9,581.84
1046.4,628.4
1052.7,1013.3
1049.4,29.543
1051.5,775.89
1055.4,346.76
1054.8,763.21
1053,904.67
1057.1,410.06
1073.8,505.42
1058,395.07
1060.9,661.5
1066.7,144.23
1067.7,445.3
1064.8,456.32
1067.7,767.61
1065.5,413
1071.3,574.67
1071.5,719.15
1077.8,676.67
1075.6,1238.7
1079.3,932.26
1080.3,225.1
1076.5,625.71
1076.7,688.62
1076.9,459.65
1080.5,309.76
1078.5,639.22
1081.6,1183.4
1089.4,790.8
1087.1,563.56
1085.4,415.45
1084.5,955.5
1091.7,632.53
1106.6,86.325
1107.9,760.31
1110.7,661.18
1109.6,734.92
1115.8,208.7
1115,229.07
1116.4,137.95
1120.7,780.69
1120.7,913.38
1128.6,148.1
1125.3,853
1127.6,350.37
1127.1,1239.2
1129,183
1131.1,160.93
1132.7,105.78
1140.4,912.03
1133.3,1060
1136.7,292.82
1139,650.4
1142,832.97
1139.8,448.25
1141,157
1145.2,700.42
1143.3,70
1146.4,96.766
1144.8,726
1156.2,490.32
1157.2,308.75
1151,721.67
1156.6,381.14
1154.3,1001.9
1159,55.214
1156,445
1157.5,649.88
1159.4,542.59
1159.6,282.11
1162.4,448.18
1162.7,1062.9
1165.5,95.366
1163.5,946.5
1167.4,1029
1164.5,1115.9
1167.1,739.06
1174.1,252.64
1167,69.5
1173.6,658.59
1177.9,985.02
1172,695.5
1174.1,764.31
1173.3,848.24
1180.8,695.47
1178,1058.5
1182.9,610.42
1184.9,386.27
1193.5,424.74
1186.6,265.9
1191,1107.9
1192.9,935.52
1195.4,502.94
1202.4,897.06
1201.9,150.86
1202.6,740.86
1200.4,1003.4
1202.8,354.46
1207.9,873.71
1205.4,1167.9
1214.2,526.38
1213.6,248.14
1214.2,1110
1217.7,1077.4
1218.3,708.11
1228.3,1015.3
1220.5,1063
1223,468.39
1227.4,1068.2
1227.6,96.2
1228,879.84
1232.3,1083.2
1239,45.65
1239.5,722.04
1237.1,1055.6
1240.7,185.59
1243,1181.8
1241.4,944.58
1241.3,1027.6
1242.9,1066.1
1245.7,567.81
1244.6,1107
1245.8,1131
