3.1194,240.3
4.7105,395.61
20,510.88
19.478,91.567
22.659,883.3
19.826,558
25.626,155.51
25.092,762.56
20.5,916.5
24.579,724.11
29.283,534.33
30.413,495.41
29.5,188
38.731,1140.6
32.048,746.83
32.526,514.16
41.153,1067.1
35.538,39.205
40.874,1088.1
37.595,1158.4
40.86,444.05
40.964,883.18
40.935,992.07
42.59,1036
46.132,753.63
53.271,1102.3
57,792.5
58.883,1042.4
61.367,91.367
72.599,234.26
68.014,1096.4
71.096,589.7
73.649,188.16
74.283,1034.4
74.712,904.39
81.681,636.1
80.554,446.72
90.486,365.17
80.694,1022.9
80.381,1246.7
81.611,308.14
88.534,1081.2
90.679,425.36
95.728,459.79
98.983,665.18
104.74,583.29
105.56,1243.4
104,722
106.59,1053.3
109.72,735.22
104.58,892.89
114.5,461
119.12,510.64
118.33,128.51
120.94,759.21
120.41,840.82
125.44,935.04
125.24,1005
128.4,869.27
129.38,412.62
131,706.5
136.14,456.99
135.42,974.89
145.26,203
146.62,805
149.58,134.11
156.04,182.17
155.59,250.93
157.98,795.04
157.61,1028.4
158.96,633.68
157.3,862.77
159.59,819.5
162.11,156.2
163.85,967.63
163.5,1227
169.28,658.06
167.93,246.41
171.85,173.27
171.06,1244.3
180.51,102.35
176.92,274.18
183,398.5
185.2,745.98
183.15,853
195.7,1137.6
186.47,219.09
194.34,483.76
191.15,709.6
197.67,987.5
198.83,146
199.29,193.45
205.89,859.93
208.7,798.58
208.31,58.446
206.83,405.89
223.5,1147.5
214.63,169.62
211.3,728.5
218.11,545.66
213.38,775
215.83,223
217.56,997.92
220.12,978.12
226.27,517.69
228.32,1079.9
225.32,241.6
227.03,336.56
234.34,955.17
237.61,292.14
241.08,367.29
242.81,406.88
245.06,919.76
242.91,978.43
247.2,382.68
246,949.16
248.67,1214.6
248.86,247.72
252,290.15
256.09,1011.1
255.72,921.81
257.29,395.71
261,102.5
263.91,931.09
273.61,904.73
273.72,613.62
268.94,15.906
278.38,71.099
274.6,424.58
273.38,442.15
277.88,962.32
275.14,1084.6
288.71,231.31
295.15,1050.1
296.06,174.55
297.26,910.81
297.15,614.54
299.27,553.03
309,438.33
305.72,847.74
308.58,796.61
310.11,1232
321.13,51.723
313.13,422.83
314,363
318.2,1035
319.08,1245.8
319.86,627.35
323.96,7.5745
328.41,174.85
329.38,906.2
329.26,498
337.05,783.14
339.65,632.94
339.58,1169.9
348.53,927.03
349.5,848.5
358.12,395.32
362.39,1009.9
358.03,91.871
360.03,805.05
361.78,111.47
361.16,668.53
364.13,772.02
364.33,528.53
371.2,835.59
370.66,272.41
371.38,1233.5
374.94,240.44
375.85,472.35
381.42,92.895
388.72,395.21
391.53,8.1691
389.61,1059.7
393.65,995.93
391.41,650.93
392.04,778.42
394.91,840.32
395,811
396,145.35
397.47,569.83
403.57,600.61
407.39,471.98
407.19,917.65
408.91,845.09
415.93,779.56
415,223.85
415.36,666.64
414.59,860.02
420.42,621.16
425.34,308.48
434.26,948.7
432,491.5
434,76.174
438.3,842.61
442.97,698.25
443.27,1018.7
440.93,223.59
442.35,900.5
453.15,170.13
450.44,402.47
460.17,329.34
458.62,517
468,871.83
474.25,716.96
475.96,271.32
480.69,46.469
477.54,461.85
485.21,1231.6
482.5,295.5
482.5,513.6
492.82,40.52
491.8,552.3
493.35,8.5676
493,778
500.96,852.42
498.91,936.91
500.13,278.97
500.5,537.5
508.89,730.15
508.09,592.4
507.88,485.12
512.03,164.57
512,246
520.44,591.28
523.18,470.84
527.76,394
544.29,931.21
537.58,830.11
550.4,491.02
547.5,1085
554.72,709.07
552.56,554.08
557.72,106.12
559.12,786.18
566.76,6.1897
566,111
566.91,391.69
568.98,976.91
575.42,216.07
576.63,598.27
584.61,265.44
580.23,1022.8
586.16,847.46
596.6,590.52
592.64,798.76
592.5,461
592.83,1047
601.01,187.23
598.53,467.53
602.44,1173.4
603,990.39
613.75,968.69
612.54,1091.3
612.5,781
614.33,14.581
619.86,566.87
615.65,348.5
616.5,230
617.21,316.9
620.92,1120.4
623.31,179.61
619.09,841.91
625.19,86.324
629.7,499.87
628.2,755.74
635.28,877.64
636.92,982.92
645.4,995.67
644.71,833.74
644.5,138.5
646.5,502.5
649.97,709.78
650.34,646.59
656.65,339.57
656.15,417.47
658.24,877.02
657.73,19.944
657.91,271.79
654.88,391.35
659.98,114.06
665.71,499.94
678.48,785.23
672.5,992.88
673.41,340.98
678.72,767.98
677.33,454.92
677.95,160.18
678.5,726.5
686.5,480.4
688.42,323.73
694.72,505.51
693.55,1021.6
697.59,794
702.04,525.89
702.79,29.538
701.09,585.91
706.34,1067.5
710.18,570.12
707,870.5
708.29,917.33
713.19,539.68
710.8,290.56
713.35,104.38
713.44,785.84
717.56,905.42
723.08,216.31
722.27,266.93
721.07,1159.4
724.37,580.21
726.9,762.62
734.53,94.036
729.55,478.94
729.53,515.34
731.3,594
733.39,431.16
739.58,807.84
738.14,730.29
738.23,995.7
743.76,601.95
746.05,1185.5
746.68,718.36
757,158.17
764.48,192.5
761.5,288
762.07,583.59
768.33,906.91
767,1182.8
767.42,261.11
776.49,716.61
775,870.32
781.5,302.4
781.58,1081.1
789.2,606.67
785,259.5
788.5,876.5
794.41,79.446
790.02,286.77
791.57,909.69
794.43,963.14
792.6,1097.8
793.77,1161.9
797.85,564.5
803.03,460.23
800.5,252
800.17,786
804.91,159.94
808.57,1087.5
816.72,1016
813,495.65
817,917
823.29,61.385
826.92,1004
829.51,744.28
834.93,992.32
834.42,321.89
846.45,1026.9
849.34,331.32
850.04,401.57
854.32,1187
855.2,856.59
857.08,75.083
867.04,283.6
862.35,467.38
872.43,591.94
873.67,460.26
878.09,11.062
877.14,884.14
888.1,309.5
889.23,1120.4
891.9,72.293
889.92,1235.9
900.13,1012.3
900.45,1094
905.41,620.06
902.39,400.48
903.54,651.44
908.11,48.889
908.23,564.13
907.34,922.06
909.12,1107.3
910.7,1074.8
917.13,751.05
912.24,877.24
911.36,1137.9
921.18,281.12
916.91,1088.9
920.66,804.04
922.7,1194.4
919.46,581.27
920,677
924.68,82.946
925.45,64.29
925.59,633.07
934.72,719.33
933.84,1145.2
933.36,522.72
936.02,600.92
935.72,1225.3
936.48,664.08
939.16,923.55
944,695.75
944.58,188.58
947.97,790.4
945.83,1062.9
957.49,299.26
949.8,962.93
951.55,683.54
949.91,837.06
950.92,1046.8
952.55,115.03
955.5,638.5
955.23,950.21
955.53,1076.5
958.12,132.17
955.76,737.13
958.32,206.58
959.79,381.48
963.35,1237.1
961.58,1031.5
962,504
969.2,273.16
966.14,602.5
967.7,343.46
970.97,465.44
971.08,195.85
972,984
978.76,338.74
980.58,616.11
987.09,787.98
986.09,533.91
989.62,981.95
990.06,704.19
993.47,1053.8
996.4,746.5
995.9,818.74
997.8,449.13
1006.4,364.79
1005,517
1005.5,312
1007.7,278.62
1007.5,584.91
1013.6,267.38
1010,851.55
1016,170.83
1015.6,210.88
1023.2,618.12
1030.9,691.22
1023.6,829.86
1029.3,160.62
1026.1,1055.3
1029.6,79.812
1028.4,1114.4
1032,945.13
1034.2,983.64
1035.4,1037.9
1042.3,757.35
1039,844.82
1040.6,546.63
1042,965.44
1052.8,91.498
1048,366.22
1046,435.73
1049.5,110.72
1047.1,1196
1052,500.9
1062.1,73.751
1053.3,198.8
1054.8,1009
1059.3,1056.3
1056.5,295.5
1062.8,408.41
1072.6,42.735
1068.5,1161
1073.9,477.78
1074.8,419.61
1074,464.5
1077.1,773.55
1078,997.43
1078.2,1169
1077.5,440.5
1082.2,8.2812
1082.7,559
1088.9,857.49
1086,906
1089.7,613.57
1091.8,63.854
1101.5,409.3
1095.3,584.91
1090.6,797.5
1093.6,1214.5
1093.3,914
1097,649.5
1101.6,304.51
1106.1,62.058
1107.1,758.39
1107.6,325.6
1109.6,1123.1
1117,348.98
1117.9,409.71
1130,33.848
1128.6,483.75
1133.4,68.767
1130.5,350
1131.1,607.08
1142.9,813.38
1145.5,1050.3
1146.1,467.2
1149.5,974.5
1154.1,381.95
1155.5,1013.9
1155.5,209.75
1156.7,1026.8
1157.5,1117.5
1158.1,185.08
1162.8,143.61
1162.2,36.188
1163.9,14.723
1163.9,639.88
1165.9,436.59
1169.3,526.65
1171.5,214.5
1176.1,625.35
1172.7,652.19
1177.7,751.6
1179.7,247.91
1178.5,932.5
1181.8,6
1182.7,1024.5
1183.1,219.09
1193.8,119.83
1199,75.481
1197.7,174.63
1195.6,549.47
1196.9,1080.4
1197.1,376.84
1198.2,224.88
1200,56.069
1202.2,1002.5
1203.9,1038.1
1216.4,65.243
1219.5,12.507
1221.2,924.66
1220.8,1160.4
1221.4,828
1226.8,551.45
1226.7,90.646
1225.3,664
1229.2,1175.8
1233.3,230.4
1234.7,601.29
1237,300.54
1241.6,17.675
1237.1,279.44
1242,216.37
1244.2,72.589
1244,1152.1
