5.1467,49.76
2.8293,734.83
6.3934,1020
9.9175,155.03
11.825,191.05
14.567,516.35
12.914,885.57
16.011,1233.2
21.089,560.19
21.854,31.458
19.5,723
21.435,820.79
23.091,1077.9
27.516,367.05
25.878,1044.2
29.441,105.07
30.833,1035.9
34.895,624.42
39.233,602.56
40.458,1085
39.116,1165.1
42.779,1127.8
46.562,710.09
55.958,319.13
49.929,755.19
52.926,1080.6
56.08,98.747
61.798,834.54
65.341,1162.1
64.412,326.94
69.8,1201.8
71.76,196.86
66,321
67.884,1079.9
74.232,454.05
73.872,1063
75.855,1044.5
77,283.5
77.635,813.09
81.421,75.895
84,825
90.554,93.273
90.759,366.12
95.913,490.49
95.477,1136.1
90.091,839.91
91.074,155.59
94.65,462.46
94.66,715.52
94.759,1087.2
99.431,1028.5
99.155,785.29
99,1164
99.579,859.11
102.43,879.62
108.09,170.91
111.4,788.11
115.68,1237.6
120.1,838.16
124.32,953.04
121,1173.5
122.71,1024.3
128.48,1158
128.15,612.6
130.93,823.58
132.95,1080.2
134.47,1120.6
137.35,852.64
139.5,26.6
140.73,1202.4
145.42,840.11
146.71,1106.2
155.26,640.21
152.59,1117.4
156.13,612.02
159,372.64
158,929.32
159.09,1064.2
175.5,1183.9
163.21,857.5
166.96,1135.2
163.5,77
170.15,1019.6
169.64,469.87
170.13,1085.1
180.16,922.47
180.63,591.95
180.08,1121.4
180.5,1232.5
189.35,1102.7
187.44,197.91
187.95,279.66
186.5,502.71
195.91,806.09
193.5,871
202.43,779.29
199,518.5
201.56,1121
207.5,500.18
206,1242
210.81,870.15
209,33.174
211.13,63.872
217.28,171.23
216.05,1244.5
214.83,452.84
215.26,434
215.33,1116
220.44,685.63
228.06,89.985
239.25,1030.2
227.91,285
228.14,922.86
227.92,1165.9
234.48,373.6
237.29,1237.5
239.91,522.09
242.38,341.25
246.1,690.46
251.93,457.59
253,417.32
257,2.6279
254.22,1108.5
254.5,1167
258.5,388.16
261.65,1231.5
263.04,406.06
262.2,128.55
267.06,426.61
270.95,1020.1
271.5,855.76
272.48,310.06
274.42,367.11
280.88,814
284.91,359.91
288.25,681.84
290.04,746.11
292.86,501.81
299.63,1020.5
308.04,758.82
308.27,37.654
314.38,1160.7
317.72,340.01
323.47,721.38
329.21,823.75
329.95,1155.2
329.26,1213.5
339.59,1107
335.28,886.43
343.68,1210
346.88,806.56
344.5,8
352.18,511.1
353.75,380.53
354.07,700.91
357.93,994.44
360.92,629.46
365.17,28
369.46,1231.8
369.13,339.53
374.59,132.12
377.36,1244.6
383.66,13.923
379.5,169
382.25,612.07
391.16,938.86
382.63,303.56
389.47,690.34
395,192.5
399.27,826.19
396.61,1115.4
399.61,204.14
402.68,621.04
403.83,235.38
403.57,568.74
406.86,794.64
409.76,285.28
408.5,987.5
411,1173
415.93,1154.1
419.6,455.02
421.26,591.32
418.22,898.7
418.29,1117.6
425.4,418.11
425.44,818.46
435.15,1199.3
437.86,515.05
436.43,401.47
440.39,739.91
437.94,125.39
439,296.85
441.6,638.97
455.21,613.42
457.34,898.98
455.85,653.15
460.42,449.88
463.22,403.15
469,610
473.5,179.74
471.56,371.78
470,1072.8
475.56,234.93
473.5,521
476.44,963.15
479.59,5.9236
476.48,269.07
478,573.67
490.18,712.19
479.86,946.61
485.51,61.884
488.76,326.22
485.59,737.55
489.52,34.393
489.49,130.6
493.58,50.424
493.07,551.41
504.06,86.97
502.5,981
510,558.5
515.75,820.87
514.7,524.7
517.08,490.24
532.92,505.65
531.83,628.09
530.5,811.5
533.78,662
540.34,587.65
539.43,196.61
540.57,930.05
541.69,639.17
545.89,426.6
557.78,1070.9
555.92,1028.9
561.16,953.03
561.77,735.25
562.18,764.07
563.16,623.05
564.61,841.68
566.39,971.83
564.39,815.39
564.93,1204.6
569.37,643.35
571.63,247.37
572.43,157.05
574.87,617.04
577.51,536.57
575.91,53.091
585.7,746.65
583.12,1051.9
583.72,1118.5
586.35,150.76
585.5,896.59
585.94,954.05
585.39,500.86
590.64,461.94
587.62,885.33
587.07,70.593
587.24,1206.6
593.62,34.304
595.42,688.5
596.9,1223.1
597.12,1070.8
599.49,272.97
604.54,1241.8
613.98,440.07
613.6,971.4
614.86,979.57
620.5,368.65
624.01,117.35
631.34,588.75
631.54,826.8
633.39,953.24
633.41,1061.9
634.61,444.87
636,515.83
640.88,753.43
640.21,309.71
642,11.5
643.26,1194
656.54,430.48
648.77,979.93
657.87,31.067
662.11,219.45
660,797.5
661.45,874.57
666,615.71
671.59,1077.8
667.26,517.03
668.78,673.88
673.93,233.59
684.47,363.84
690.24,853.39
689.42,233.3
692.61,1106.1
693.58,260.55
696.69,1218.2
700,787.99
699.32,511
702.17,720.06
702.63,907.63
708,365.94
707.47,465.72
710.18,1041.3
717.8,246.9
718.78,616.62
719.58,269.11
723,869.08
726.04,1000.4
725,344.83
729.69,751.87
731.51,289.32
727.8,855.32
733.58,349.89
735.42,30.576
735.86,278
744.84,850.19
748.88,142.72
748.53,444.03
749.94,1071.3
750.17,1084.7
753.96,1130.1
753.6,205.6
757.53,807.6
755.5,1100
766.21,1191.5
770.5,86.379
771.57,441.56
773.31,853.98
777.12,988.41
773.49,1059.8
778.13,1091.5
773.49,947.39
775.92,1224.4
782,1040.7
791.63,1159.6
799.23,1079.7
798.72,1194.4
800.43,884.55
798.5,1024.5
801.09,906.91
806.08,663.81
805.5,1246.6
817.5,798.5
822.07,631.36
822.06,229.94
824.06,539.42
831.75,615.11
832.5,1001.6
833.72,1125.9
837.4,830.03
839.77,742.52
841.82,56.342
843.43,347.03
843.5,119.22
844.5,939
849.91,637.87
861.23,911.24
857.81,573.24
855.17,1085
860.89,1110.1
871.6,410.09
869.38,801.95
874.35,540.49
875.17,457.26
874.58,247.68
883.5,1039
889.5,778.5
895.15,898.1
894.35,696.39
898.04,728.77
902.11,684.42
906.69,776.83
910.53,894.88
914.87,302.33
919.69,66.914
928.47,872.2
926.57,1065.9
928.65,133
939.16,224.09
933,962.5
935.78,1041.6
936.71,774
946.83,355.87
942.3,641.8
946.57,550.9
949.06,427.96
951.17,189.13
952.56,985.66
954.85,1038.2
961.15,663.67
964.46,1108.1
969.46,487.99
968.03,290.82
965.58,712.89
968.76,1219.9
974.67,52.904
974.66,901.53
977.23,575.4
983.71,1008.2
984.12,1148.7
985.02,39.366
984.76,741.5
981.94,923.91
982.9,1242.1
990.25,179.75
991.05,1030.5
996.97,76.744
992.2,539.53
995.61,704.39
995.74,658
998.44,1242.9
997.65,1189.7
1000,52
1004.5,774.98
1002.8,974.29
1011.5,227.52
1009.7,1053
1008.1,278.41
1013,696
1017.8,420.07
1017.3,862.95
1025.1,1117
1024.5,791.5
1032.9,300.53
1032,888.01
1038.8,1246
1038,714.67
1040,186.13
1043.1,983.65
1043.3,351.41
1044.3,214.96
1042.1,1099.5
1051.9,196.38
1051,597.62
1050.2,1104.2
1050,1157.8
1051.3,88.871
1056.4,227.63
1062.3,502.53
1061,355.48
1066.5,1222.2
1069.4,976.71
1073.8,668.56
1078.2,162.53
1079.1,878.47
1081.2,54.207
1081.5,367.65
1083,912.33
1083.9,1078.6
1088.5,11
1088.4,59.105
1094,701.88
1095.5,307
1108.4,375.61
1116,56
1116.4,522.5
1120,983.58
1121.8,817.58
1122.1,1064.2
1128.8,431.7
1138.3,469.79
1145.1,631.58
1151.1,696.95
1154.3,379.88
1155.8,291.43
1153.1,746.91
1156.9,885.81
1161,433.38
1160.5,758.52
1162.9,1068.4
1166,459.25
1169.8,1101.1
1176.6,132.19
1174,726
1176.6,268.37
1177.9,967.77
1184.2,448.98
1184.4,24.74
1187.2,553.64
1188,842.52
1199.5,241.84
1207.8,275.58
1209.2,327.08
1204.5,976
1207.6,517.53
1211.5,1237.6
1215.9,488.62
1212.1,694.57
1212.1,1224.5
1214.1,301.87
1213.9,885.09
1220.3,723.14
1223.2,456.28
1224.7,876.71
1231.4,1213.7
1226.6,107.89
1228,469.5
1230.2,1111
1230.5,446.57
1230,1066
1239,993
1240.9,1046.8
1239.9,820.05
1242.4,641.74
1244.2,783.86
1244.5,507
1244.5,334
1247.1,440
