9.88,18.843
12.456,55.163
47.023,184.02
1.9091,223.36
3.1053,232.42
1.7647,240
21.897,267.86
2.069,290.97
5.5698,336.35
10.129,472.75
3.5789,522.4
4.0208,538.69
14.478,604.22
2.76,639.08
35.815,731.76
2.75,734.89
7.4577,833.01
4.0959,860.85
3.1556,936.5
5.6158,969.6
24.214,1016.6
11.737,1089.4
3.9805,1144.8
3.7172,1218.2
6.8571,457.59
19.272,319.24
5,398
7.4194,238.55
20.541,674.6
11.101,913.66
12,843
25.868,562.65
18.355,634.23
15.6,73.4
15.808,245.12
15.806,954.5
18.795,505.23
19.593,969.41
17,1006
26.03,772.35
29.321,1039.8
22.64,1.68
23,489.5
65.227,120.63
41.882,807.13
28.884,1059.1
25,1005
27.579,803.11
31.696,889.17
31,292
44.638,525.93
55.688,647.52
32.615,581
109.53,28.46
43.191,704.13
35.4,910.6
37,488
45.833,965.88
42.615,934.82
47.244,552.28
39,591
41.535,776.16
42.161,583.77
41.364,352.68
42,595
72.037,605.78
54.041,1013.8
43.579,220.89
45.429,259.71
47.054,174.22
55.496,66.154
52.257,55.886
62.715,352.31
55.138,696.97
55.5,719
58.238,989.79
56.5,947
70.775,560.89
57,956
60.286,980
60.909,161.91
63.25,689.02
61.588,356.94
66.028,105.94
70.62,1028.5
69,155
80.31,882.19
78.585,971.66
69.588,988.94
75.237,537.64
73.5,246.5
79.784,575.88
79,81.526
79.86,745.13
92.342,906.38
83.304,110.78
86.565,1055.9
86.971,250
90.579,80.829
89.864,280.98
100.49,997.96
93.625,957.62
100.16,299.13
97.791,392.03
94.5,569.5
100.16,260.15
106.98,973.73
104.13,381.11
102,594.14
107.78,679.77
108.95,723.04
105.1,610.05
138.46,265.71
106.56,705.84
107.74,906.37
107,696
110.3,714
128.99,765.49
116.87,591.46
114.29,640.5
120.69,400.69
118.31,951.28
136.42,627.9
121.26,102.17
116.5,378.5
132.89,985.25
124.1,895.05
130.13,742.21
121.58,910.89
130.77,225.5
123.45,659.94
139.55,936.3
129.56,85.417
149.29,320.15
135.04,966.94
133.75,360.75
135.59,398.55
135.98,727.27
175.68,85.68
142.56,404.86
165.07,759.58
206.36,278.28
146.77,779.63
155.73,186.79
147,967
157.18,137.07
152,596.38
172.29,893.54
155.04,976.64
154,784
160.27,520.05
210.64,738.32
157.62,960.12
160.79,621.79
171.04,876.7
159.5,951.5
170.08,166.62
164.25,593.56
163.6,369.6
173.8,206.37
165.45,679.95
168.25,916.28
202.69,593.69
204.23,363.22
175.02,331.81
171.04,695.6
171.86,124.97
171.33,590
188.62,557.35
187.14,832.47
206.17,322.91
186.95,234.06
181.06,586.94
205.19,796.79
183.69,273.45
189.12,638.87
182.5,390.5
186,175.62
189.07,726.74
190.99,25.679
199.41,108.06
216.78,179.43
203.15,479.88
204.88,391.67
235.26,643.14
205.04,668.15
207.96,159.31
207.4,90.4
211.48,684.02
212.91,374.5
212.9,707.1
218.92,455.14
219.62,529.65
228.37,3.4865
220.5,518
228.09,714.11
227.24,845.71
222.88,878.67
224.31,223.31
225.96,389.25
225.51,819.92
227.97,692.58
232.01,168.54
232.55,833.39
248.43,1245.3
277.57,216.5
238.57,45.947
241.99,574.82
236.87,239.81
249.73,806.73
247.08,907.25
238.65,289.38
247.73,299.71
242.57,402.17
251.6,20.093
244.98,714.71
241.94,137.59
244.43,935.8
256.58,540.13
244.38,362.44
264.39,103.18
245.96,149.03
247.26,351.79
246,165
247.29,650.57
250,889.5
257.59,883.13
253.55,317.86
254.07,128.74
255.87,1193.7
254,1231
264.28,667.5
257.29,1224.9
259.59,863.52
259.32,565.16
269.86,939.74
264.09,164.15
263.56,727.08
268.58,963.95
266.69,262.39
263,750
263.5,901.5
265.55,576.59
270.7,703.99
284.61,1221.9
267.41,907.93
269.74,443.62
272.52,752.68
273.89,808.56
271.56,722.89
274.28,872.59
285.96,502.42
285.66,561.76
278.54,182.54
276.25,910
282.73,834.46
285.77,613.25
294.02,475.98
292.76,656.91
283.5,847.18
332.95,160.03
283.61,717.43
355.87,984.75
287.03,759.09
293.71,276.35
286.74,519.84
290.63,296.6
291.11,438.83
298.13,922.97
291.5,826
292,1165
293.81,602
294.64,169.5
299.38,316.33
298.96,805.6
302.44,421.06
314.33,685.35
300.5,764
301.84,784.47
301.33,438.83
362.72,1167.6
324.08,451.59
306.25,593.02
322.46,303.25
308.62,800.69
309.42,850.82
321.97,521.88
308.89,874.32
309,249.5
310.58,317.11
320.99,348.88
313.03,580.86
312.58,726.9
312.5,763.63
312,241.5
313.5,930.5
314,789.5
314,1170.5
323.42,875.42
316,317
328.57,422.19
326.41,547.26
350.25,924.58
320.83,852.13
321,421
321.58,601.89
335,794.67
324.77,171.71
332.48,844.93
335.5,611.02
330.93,733.4
329.5,1114.5
339.47,237.1
332.96,504.9
334,336
362.94,485.41
336.32,1111.3
337.35,367.95
342.71,545.9
340.07,403.04
341.8,764.95
342.62,130.29
346.43,276.77
343,434.5
343,556.5
344.7,1056.4
344.81,260.25
344.58,802.45
344.9,715.4
346.33,864.91
348.06,685.76
364.62,1094.4
349.84,1215.9
351.26,82.6
387.51,867.12
350.33,631
350.43,664.61
351.6,1098.6
352.22,774.56
377.6,140.34
354.4,239.6
359.16,547.28
360.98,670.58
355,684
356,885
364.66,1034.6
360.53,1013.9
363.42,445.08
360.37,596.54
406.19,339.47
363.49,656.09
363.6,779.6
369.38,254.86
367.29,773.32
369.4,960.22
373.75,751.43
369,343
373.36,564.08
369.6,356.17
375.56,619.56
379.66,775.77
382.39,836.53
376.29,665.71
377,554.5
379.41,1035.9
379,955
381.29,1114.1
383.87,357.9
382.65,457
381,950
388.66,292.82
382,553
393.57,522.31
388.16,624.81
384.79,920.41
388.82,172.56
394.74,370.7
411.34,403.76
392.99,184.6
389.33,428.9
411.88,234.85
390.49,772.03
391,21
391.67,38.833
393.43,933.57
396.13,842.19
394.5,968
395,27.5
398.69,430.34
396,478
396.97,284.3
397.05,462.95
413.95,496.23
399,173.5
398,249.5
402.31,612.71
403.62,826.99
399,932
399.9,1030
399.87,1052
407.92,640.06
416.07,557.72
402.36,467.32
407.12,1164.4
414.1,751.87
403,850
404.5,17.5
405.62,158.62
409.91,376.41
408.27,457.79
417.23,1038.6
407.5,1060.5
412.95,621.9
417.13,797.67
413.79,659.79
414.41,185.07
421.32,695.11
415,323.5
416.33,926.75
416.52,1137.2
416.8,312.44
415.71,595.39
424.5,875.02
418,514.5
433.15,899.75
456,1128.1
421,808
427.58,1095
426.24,527.27
426.91,629.12
430,514.12
428.43,154.57
431.44,616.44
430,248.5
430,599
448.82,871.77
441.18,636.34
444.72,166.87
436.5,474.5
458.54,550.9
448.39,771.02
438,1074
440.7,494.2
443.01,672.25
441.88,465.65
443.21,216.45
445.09,478.52
447.8,696.55
451.76,1029
449.98,1048.1
444.91,1084
446.08,661.48
445.67,715
448.4,518.52
455.16,685.39
482.15,721.44
456,522
457.77,1163.2
458.41,637.06
462.96,1004.3
460.5,1063.5
461.5,364.5
466.44,514.12
462.57,388.57
464,638
464.4,1036.6
467.39,377.35
472.17,767.91
467.6,846.6
470.95,283.18
469,999
478.41,1065
470.91,1079.5
471.42,86.526
473.11,880.58
476.59,2.7353
478.86,82.392
476.08,666.92
485.84,1082.3
477.12,1157.7
477.95,510.05
487.79,622.06
489.2,186.43
480.36,1247.1
482.09,40.581
486.08,530.42
482.4,544.6
485.5,10
484.11,52.579
491.67,502.51
489.95,776.11
491.25,867.91
488.26,214.66
501.79,812.07
496.91,238.75
494.57,1163.7
499.97,71.301
511.31,35.581
498.3,538.47
504.92,703.5
495.81,1059.1
494.4,839.4
497.1,900.45
502.45,1126.9
495.5,612.5
505.04,765.87
506.38,915.27
500.5,843
511.01,447.13
509.25,1052.9
504.65,548.46
505.68,511.47
506.56,645.51
504.69,833.56
504.08,1147.5
503.95,1006.8
504.46,1067.4
513.14,188.68
505.65,475.81
506.06,903.59
508.35,946.27
524.43,576.18
507.77,211.77
508,694
509.7,869.23
512.71,1009.4
520.93,486.12
511.46,970.83
512,148
514.76,539.49
511,555
512,694
528.1,1207.4
515.03,831.66
517.91,554.43
516.09,898.91
516,820.5
516,1087
517,1092
522.45,1136.4
532.1,655.77
524.45,786.42
519,702.5
522,65
527.55,619
526.88,231.73
530.19,825.47
533.5,205.66
525.09,148.75
540.08,750.54
531.99,904.84
526.51,933.85
540.34,538.08
534.61,1052.3
527.63,52.366
548.77,81.466
550.32,1002.7
534.1,467.93
531.7,175.74
532.5,835
535.46,59.914
578.48,136.96
537.16,139.26
536.42,46.895
543.48,852.01
541.35,937.62
548.52,1234.6
558.86,481.32
570.45,34.397
547.58,511.6
553.05,902.71
547.42,629.89
552.87,1045.8
547.6,1111.6
548.67,821.83
549.49,1172.4
567.96,1147.7
560.73,572.45
576.19,654.83
552.5,504.5
554.65,1110
557.36,814.5
560.87,1088.2
558,625
566.5,780.16
561.38,1245.9
563.38,173.81
564.88,545.35
565.05,873.91
564.88,1055
602.79,1046.9
566.59,625.94
572.53,956.84
575.57,1197
569.95,1209.3
570.14,172.14
574.93,805.12
574.27,1177.6
576.79,974.49
581.9,87.947
575.7,749.87
579.49,535.19
577.86,1238.1
579.5,1186
580.17,165.93
590.15,907.88
584.07,758.59
588.32,494.35
592.32,71.379
588.78,788.22
592.94,856.08
589.6,552.4
589.5,1227.5
592.45,688.17
592.4,1008.4
592,1015
629.81,10.442
596.36,577.07
594.5,791.5
605.07,972.7
609.58,1212.1
613.66,85.98
600.69,817.75
599.68,106.26
599,781
599.5,457.5
606.79,711.92
600.5,798
602.88,75.08
612.3,505.07
602.42,751.89
602,769
603,663.5
603.33,1022
605.58,40.958
612.59,473.38
616,681.76
605,796
610.66,136.49
606.91,932.91
613.87,579.13
609.74,730.6
618.14,550.03
612.44,623.89
613.09,931.52
614.37,798.6
616,640
616,1201
619.38,530.02
622.21,908.52
619.33,921.17
619,961.5
621.09,985.91
636.54,729.66
633.6,827.66
626.72,1186.9
624.64,928.32
627.5,41.625
629.4,499.6
630,525
654.56,599.06
637.49,1170.4
635.44,1229.6
637.41,70.253
634.45,548.29
641.06,518.36
641.22,671.72
639.42,982.89
647.78,1005
654.94,85.214
644.5,946.5
668.57,500.92
659.13,1244.8
664.26,935.9
647.71,995.79
649.42,984.11
651.33,1011
658.18,726.26
657,433.5
665.3,556.94
659.03,811.53
663.89,66.482
663.23,1226.2
660,351.5
660.67,686.83
687.17,21.499
665.44,348.91
668,717
673,400
675.25,426.08
676.41,713.45
688.15,687.17
685.32,871.01
678.5,1017.5
679.52,907.61
679.5,814
682.5,1239.5
689.74,763.8
684.91,1169.1
687.62,1246.9
687.44,791.92
687.86,712.86
693.51,418.4
692.11,535.42
693.91,407.2
710.43,613.41
698.36,651.59
696.71,673.57
706.8,789.29
724.55,115.86
699.27,213.91
698.03,834.82
697.87,1225.8
702.32,504.16
704.17,719.93
705.79,846.81
706.98,204.41
707.12,231.5
716.68,1082.7
710.27,139.73
713.77,700.4
727.85,84.517
716.26,298.74
727.69,720.2
718.61,874.95
719.12,1245.7
717.05,475.1
719.72,323.14
717,677
722.35,1107.8
744.85,201.88
726.76,391.2
724.85,14.075
723.8,1131.1
721.13,136.39
726.33,294.95
729.23,671.04
722,694
723.14,1213
722.4,1221.4
757.7,838.71
726,199.5
727.47,322.91
726.6,1096.4
729.03,363.09
729.83,447.66
728.5,605.5
731.24,790.67
735.72,1157.8
739.46,47.856
730.29,498.2
732.95,640.5
734.65,589.76
735.8,187.87
730.64,566.09
740.07,614.37
735,22
757.7,136.11
736.89,323.58
736.41,685.06
739.92,451.77
739.17,8.0667
743.59,21.634
740.38,510.25
744.69,248.01
763.34,282.67
741.59,317.5
744.08,415.55
742.79,502.32
740.95,998.1
741,700
744.78,478.1
746.5,806.5
746,506
749.6,648.44
751.43,700.14
750.46,75.107
776.17,500.03
763.08,1158.3
752.6,363.6
754.97,584.55
754.24,769.32
759.34,679.62
753.38,1016.2
754,101
758.08,93.516
778.73,345.45
756,432.5
762.17,758.09
758.69,564.71
761.04,1066.4
765.76,219.44
766.02,721.31
762.92,406.75
767.93,595.54
762.73,7.5385
788.18,709.65
762,771
762.6,1023.4
764,766.5
767.53,1088.2
772.18,554.43
775.87,83.453
773.23,863.07
772.36,1031.3
776.66,57.851
773.4,586.4
785.25,762.98
784.88,1107.9
811.27,433.3
779.9,637.01
779.16,1211.1
816.4,235.84
779.2,1028.6
779,126
782.7,862.64
787.74,1232.9
785.9,111.03
784.61,401.96
783.64,474.32
785.43,131.29
785,573.5
797.34,586.36
788.74,329.51
794.23,56.952
802.94,176.59
789.8,686.32
798,1021.6
793.74,1158.2
791.6,638.4
791.89,646.58
801.84,848.99
797.67,96.506
802.79,368.74
794.5,452.5
805.06,291.66
795.5,318
798.48,637.03
792.35,7.6574
802.43,1084.9
802.56,73.926
802.25,643.17
806.47,328.93
802.5,619.5
807.46,799.63
802,810
809.28,1171
804.5,26
803.4,626.6
810.88,1115.2
823.61,1231
835.14,140.28
808.7,661.2
818.58,764.75
810.36,1006.2
820.58,351.13
809.4,376.4
810.45,613.73
809.5,674
819.02,1083.6
810.62,70.125
812.03,1049.4
813.28,203.63
820.7,89.161
816.73,572.67
820.51,813.04
817.57,998.61
818.5,30
823.78,57.761
828.54,388.48
847.87,1050.5
822.91,164.65
821.47,740.94
822.4,175.4
826,292
828.03,633.66
854.61,18.116
833.2,978.58
830.88,190.07
839.57,313.35
838.41,363.52
847.25,740.26
838.57,827.76
834.44,641.06
833.15,202.47
835.36,487.26
864.56,1011.9
835,676
839.25,69.35
850.69,583.04
841.6,1089.8
837.4,352.4
837.65,1167.2
838,261
838,964
840.7,1203.7
839.65,269.04
840,114.5
859.31,417.23
850.85,650.41
845.5,52.816
849.71,758.43
847.92,845.18
846.79,950.78
844.5,1247
879.13,337.06
848.52,967.83
847.5,273.5
848.83,74
854.57,108.74
851.5,58
853.43,928.03
855.43,1200.7
859.32,44.649
855.61,375.57
858.88,1130.9
861.26,220.12
862.81,360.33
856.29,391
866.42,879.45
856,296
856.5,490
857.3,917.15
858.35,1084.8
867.66,71.372
861.84,1066.4
863.31,839.46
869.28,475.23
875.36,1151.6
865,384.67
865,468.5
870.43,745.82
874.34,187.91
870.09,536.06
870,674.8
869.5,267
869,836
870,594
871.91,939.32
873.11,103.58
880.35,397.05
874.29,722.85
873.11,1091.6
877.8,632.99
876.96,134.11
874.5,925.5
879.62,588.04
878.47,1246.9
883.75,226.96
887.48,716.29
878,683
879,1091
880.5,851.5
885.08,80.066
885.46,432.73
882.4,800.6
926.19,443.59
885.5,102
888.95,905.97
887.5,118
887,613
888.15,1199.6
889,342
889.58,446.85
890,506
898.14,1129.1
906.5,58.826
893.62,259.39
896.38,601.42
896.15,853.97
892,1171.2
894.25,88.75
892,215.5
894.43,1138.8
893.6,121.4
893.57,486.57
894.5,301
894,308
896.98,110.88
920.28,220.69
897.16,767.73
896.4,126.6
908.38,574.7
899.34,1191.9
898.91,135.62
904.16,179.13
899.07,888.41
903.45,946.93
937.41,88.29
900,687.5
901.15,877.48
905.37,1210.8
910.9,14.29
908.84,481.57
910.13,609.07
904,158.86
903,762.5
913.1,541.58
904,745.5
904.55,1174.6
906,166.67
908.61,408.02
906.4,327.6
971.71,723.6
907.32,122.08
913,858.15
917.29,334.75
922.38,677.25
917.11,718.35
930.64,286.75
944.18,1224.5
914,1.5
916.95,1178.6
917.64,354.5
921.44,1152.4
928.97,1076.3
918.89,1112.6
935.84,34.804
921.16,1018.4
920.33,85
925.45,620.14
928.94,1174.2
926.3,495.71
934.82,391.85
931.42,249.54
938.2,142.09
931.5,361
930.92,519.84
931.29,610.29
951.84,323.74
933.58,696.7
936.23,477.5
933,503.5
937.5,1246.6
943.63,1043.1
936,517
948.54,6.8227
937,617
943.03,725.57
953.77,537.86
941.89,235.42
942.14,1089.1
943,574.14
943.36,1141.4
944.23,618.09
950.12,279.18
946.57,1018.4
973.28,462.77
948.35,1077.4
955.98,410.8
951.24,825.2
952,1119
960.45,577.46
956.59,1018.7
956,288
960.95,293.61
962.61,1111.3
969.65,972.4
964.16,1012.2
961.5,531.5
963.17,773.88
964.42,798.11
973.34,60.271
966.38,157.88
966.58,1061.1
1013.2,25.946
973,1.875
983.16,389.09
970.89,799.58
975.96,601.33
975.34,720.54
971,1052.5
971,1187
972.5,1080.5
976,361.92
976.34,575.04
979.04,1056.6
1008.8,1017.7
984.2,421.8
984.45,539.34
981.82,1182.6
980.08,373.48
979,1070
986.3,1135.5
982.71,3.7143
984.87,511.17
993.21,852.88
987.57,504.47
988.81,73.615
990.02,573.66
1035.4,404.52
994.68,1047.9
992.78,1190.2
990.98,1238.1
992,957
1002.3,908.34
999.97,916.93
1007.8,558.01
1001,594.4
1002.5,604
1003.5,1115.2
1003.6,1236.5
1008,517.51
1006.7,835.44
1006.2,54.667
1005.6,971.5
1008.8,1194.1
1024.9,912.41
1011.5,457
1026.9,501.1
1010.6,984.62
1011.8,822.77
1021.4,1224.1
1015.6,859.14
1020.2,623.31
1015.2,1157.2
1014,608
1015.9,102
1025,1138.5
1027.7,570.19
1028.1,943.42
1029.6,867.18
1029.5,969
1031,39.667
1036.2,447.35
1067.7,586.47
1032.5,561.5
1032,1211.5
1036.6,995.06
1040.9,1066.4
1039.2,35.5
1039.5,469.88
1040.3,543.56
1040.1,814.39
1039,1032
1039.9,1124.4
1042.4,5.4
1042.4,786.43
1044.2,1188.5
1059.8,54.602
1053.6,448.49
1043,597
1046.2,524.71
1046.4,945.7
1054.7,1240.1
1047,1.5
1052.3,812.62
1062.6,1001.9
1050.5,1068
1064.2,1212.5
1055.1,1096.1
1056.7,848.14
1056.5,2.7917
1054,835.4
1064.2,512.02
1055.3,525.5
1056.4,1146.3
1057.6,41.571
1057.9,1155.5
1060.7,412.78
1077.1,1083.6
1060,1106
1063.4,872.26
1064.8,893.76
1065.9,970.73
1067.1,531.21
1067,811.37
1067.1,1122.1
1065,32.5
1097.8,399.18
1069.2,499.67
1070.6,1049.9
1070,866
1070.4,873.43
1071.6,887.92
1076.3,1029.8
1071.7,1200
1073,431.5
1076.5,22.73
1079,489.96
1080.6,501.24
1078.4,813.6
1079,868
1080.9,1191.9
1081.5,436
1084.1,1056.7
1085.7,793.23
1083,870
1086.1,1237.7
1088.9,855.84
1090,491.71
1089.9,660.35
1087.5,6.3259
1090.5,846
1094,701.34
1094.4,800.06
1096.3,1009.1
1098.6,1222.5
1095,935
1096.8,629.77
1101.1,1067
1098.8,1191.6
1102.9,34.621
1098,671.5
1102,487.05
1100.7,1142.1
1100.6,926.98
1099.6,947.11
1109.2,1182.3
1121.3,334.09
1105.7,468.97
1110.5,513.4
1108.1,732.26
1107.3,421.96
1110.6,903.94
1110.8,1081
1112.8,849.64
1108.9,1113.5
1110.1,834.05
1109.6,962.79
1112.1,825.44
1114.7,709.91
1113.2,990.65
1115.2,1143.2
1113.7,591.55
1114.3,1220.2
1117.3,489.53
1116.2,979
1121.2,1017.5
1119.5,4.1887
1121.4,1204.9
1123.4,426.82
1119.3,1047.8
1140.7,1099
1124.7,369.21
1123,1234.6
1123.9,698.42
1125.9,876.19
1124.4,933.16
1123.6,960.6
1125.3,504.17
1153.3,923.39
1128.6,491.67
1150.7,42.578
1131.5,348.62
1132.7,1003.1
1136.6,675.92
1132.4,1194.6
1141.3,463.01
1135,1073.2
1142.2,1147.3
1141.3,1238.2
1138,739
1140.9,1034.4
1141.3,423.43
1141.8,1007.4
1141.9,1026.4
1146.6,549.41
1151.2,869.48
1147.6,347.33
1146.5,683.5
1148,675.5
1150.3,782.88
1151,323
1155,496.37
1154,1218.8
1160.4,297.15
1198.1,708.87
1152.8,1003.9
1158.4,1039.7
1154,335
1155.6,684.79
1175.3,1180.4
1162.4,269.01
1163.2,1131.9
1171.3,469.99
1176.5,794.22
1161.4,699.2
1166.5,73.131
1182.7,877.8
1166.7,386.84
1167.2,440.38
1165.5,955.5
1169.4,986.07
1172,368.17
1173.4,1028.7
1168.5,402.32
1175,598.86
1168.5,669.78
1168.5,716.5
1168.1,1224.1
1185.6,1085.4
1206,175.77
1171.4,315.68
1187.8,321.65
1191.6,553.8
1172.2,845.16
1173,334
1173.9,535.42
1177.3,1151.3
1174.5,1211.5
1176.1,274.44
1177.1,1205
1178,616
1182.8,622.74
1196.4,428.01
1193,1056.7
1181.5,1128.5
1189.2,1203
1185,427.5
1190.5,758.85
1192.4,835.58
1186.4,1154
1199.8,507.51
1190.2,897.55
1193.4,157.89
1193,580
1193.6,853.11
1194.4,95.941
1195.7,146.74
1200,79.819
1196,89.5
1197.4,390.34
1199.9,636.45
1220,991.22
1199.6,380.6
1200.4,1176.2
1200.5,1191
1208.4,587.34
1202.9,449
1202.5,905
1203,1205
1204,263.5
1206.1,847.67
1205.5,268.5
1214.7,812.3
1206.5,1007.5
1206,865
1211.1,1226.8
1220.6,270.91
1208.8,898.87
1209.9,261.79
1210.8,438.12
1208.8,872.2
1227.5,1078.1
1211.5,858.27
1216.9,1132.1
1212.1,474.42
1228.7,621.68
1214.3,790.69
1211,1235
1212.6,480.94
1213.5,295.5
1221.5,65.176
1227.3,387.66
1215.5,1057.5
1224.2,1174.6
1222.8,551.63
1219.9,297.46
1218.6,783.4
1219.4,901.11
1219.5,911
1233.3,1234.9
1220.9,513.1
1220.5,529
1221.9,649.4
1231.5,1107.6
1224,22.5
1225.8,920.94
1224,979
1231.8,170.82
1225.6,902.11
1225.9,1158
1226.5,9.5
1231.3,1141
1238,876.58
1236.1,325.49
1239.1,930.65
1235.1,13.824
1240.8,412.66
1231.4,809.61
1231,974
1232,1207
1238.2,471.09
1235.7,534.58
1237.8,960.66
1236.7,346.88
1240.8,1184.9
1237,458
1240.1,653.89
1242.2,95.094
1243.8,915.68
1245.5,786.24
1245.8,815.13
1244.5,906.5
1246.8,665.05
1246.9,974.66
1247.1,1085.8
1247.5,657
