2.697,90.091
1.8947,380
1.5,431.5
2.2683,444.93
3.3646,544.76
1.95,616.85
6.815,688.94
8.1931,713.9
2.7,789.7
6.0909,476.77
8.9259,414.28
9.0943,462.26
26.576,150.97
16.067,337.26
13.176,607.65
20.363,378.95
17.517,42.662
16.96,586.64
15.773,910.23
21.071,478.62
17.4,26.6
26.073,615.77
22.216,807.32
23.468,287.36
25.584,421.99
26.244,1024.7
26,245
29.018,1243.9
28.483,82.552
36.714,703.59
40.608,32.815
34.667,893.67
48.928,241.88
36.906,122.97
36.83,1202
44.472,377.45
42.889,128.06
43.042,588.38
49.345,680.02
45.407,852.07
49.752,754.48
48.367,254.63
50.271,1186.6
52.11,157.35
55.726,1209.3
65.113,181.51
54.067,707.93
56.693,766.15
58.573,568.22
58.953,583.54
67.333,515.55
65.442,344.82
65.133,35.349
66,654
74.104,690.19
70.064,988.91
71.236,1124.6
73.028,743.17
68.477,903.91
71.955,493.46
75.63,150.87
72.239,1157.5
75.45,286.23
83.602,863.51
87.33,46.311
83.481,1065.6
85.388,587.49
86.857,287.09
90.346,326.28
90,742
104.14,1046
94.436,1089.6
95.097,1211.7
93,207
98.19,447.76
101.49,620.75
107.67,113.73
97,204
102.09,963.02
103.09,85.887
105.93,475.67
105.68,605.2
107.57,632.24
105.26,714.81
105.83,376
106.35,1169.4
111.85,275.25
111.01,363.53
112.26,346.46
110.64,395
113.06,758.17
119.56,48.243
114.33,1087.8
116.5,81
118.87,855.23
121.7,1073.6
124.45,206.77
124.67,963
123.64,1245.1
126.37,150.12
137.88,541.2
132.19,410.15
128.3,473.8
130.85,1155.8
131.82,135.67
136.35,882.7
137.96,186.83
138.46,159.54
141.29,1107.8
146.59,773.63
140.07,753.56
148.48,279.67
147.02,1193.8
148.44,1171.5
150.15,503.97
152.53,970.32
153.35,170.37
150.32,1039.5
152.16,955.09
155.95,752.5
152.57,1086.4
160.77,891.05
161.79,595.13
161.96,806.92
161,191.58
161.77,527.21
163.21,442.28
165.02,906.74
175.71,178.64
164.5,300.5
165.94,1085.8
173.82,152.27
171.72,34.322
169.88,123.28
169.67,535.76
170.24,872.34
172.59,60.922
176.26,1108.5
176.8,271.99
176.6,372.6
178.92,400.49
180.22,107.03
182.13,442.33
178.41,862.19
181.25,89.477
186.44,115.06
181.34,331.8
196.15,303.6
195.12,1156
186.78,554.4
183.5,130
191.21,1239.9
191.74,203.36
186.89,472.58
189.69,989.54
191.89,1039
196.14,143.27
194.84,544.96
196.37,1025.4
196.14,186.39
204.07,360.11
201.55,595.45
200.91,728.72
206.69,436.15
207.38,401.98
216.48,106.29
211.01,616.86
211.94,225.39
216.86,77.034
209,444.5
211.74,480.13
214.1,134.5
214.64,867.31
213.67,1172.5
214.15,641.48
216.61,50.161
214.53,697.58
218.26,769.07
219.77,934.35
221.27,1201.8
218.11,420.58
218.56,514.04
222,283
223.92,714.68
225.27,901.97
227.98,182.54
230.54,352.09
237.13,468.43
228.43,9.4286
233,446
234.85,634.59
235.8,1242.3
240.76,607.5
240.24,1112.4
240.12,60.705
244.92,1011.6
241.28,134.28
239.63,656.63
247.17,814.17
243.45,1204.3
244,154.33
244.12,571.65
247.38,1187.8
248.46,87.894
249.46,265.12
248.74,627.57
247.59,933.52
251.53,1047.5
248.58,699.11
249,739.5
252,1124.4
268.88,242.42
256.39,500.55
259.85,531.98
258.37,649.88
256.1,945.05
259.18,190.18
263.4,396.16
263.03,1109.7
266.18,1141.8
270.21,1122.9
270.05,294.92
267.63,433.63
274.08,1022.9
269.08,588.4
272.4,1158.3
278.13,82.172
272.15,280.42
272.98,556.53
274.58,153.11
276.15,544.5
278.58,659.82
284.69,579.54
283.49,48.279
291.65,317.94
290.5,160
293.27,898.59
293.87,827.61
298.91,276.38
296.92,639.9
302.26,738.03
299.83,540.53
302.49,843.25
302.5,1067.9
305.19,1103.8
306.03,901.25
305.28,1040.8
307.06,388.42
313.68,96.887
313.94,681.43
317.4,36.089
321.83,975.24
318.54,1139.5
321.82,1222
320.21,993.92
321.07,714.3
327.74,600.3
323.13,835.01
329.81,189.77
322.14,370.14
332.59,43.045
327.07,857.79
333.11,902.8
329,1026.6
334.35,1163.3
328.66,127.62
342.41,218.61
339.95,789.03
338.99,995.74
335.65,481.2
336.55,91.71
336.58,256.89
339.82,820.33
343.81,1102.1
346.21,464.05
347.49,1172.8
345.37,883.32
346.1,501.16
347.4,333.04
351.08,940.2
355.82,137.18
355.04,825.72
350.54,1159.8
357.95,721.53
357.82,496.15
355.63,895.5
355.43,747.39
365,842.61
362.59,988.91
366.72,545.8
377.4,235.19
368.61,209.39
367.86,561.28
371.55,663.12
369.7,799.54
372.87,888.66
374.5,57.5
384.87,1051.4
380.99,1125.5
385.08,342.01
383.18,1185.9
383.09,511.09
383.85,832.47
386.84,870.23
385.06,94.588
387.91,268.13
391.94,951.83
404.56,457.8
398.21,21.416
398.55,295.21
401.05,924.71
394.67,999
396.44,591.8
401.92,1204.2
406.04,95.874
402.6,1172.1
401.58,81.424
406.32,681.71
404.98,767.64
411.87,626.02
405.67,657.69
409.48,1136.1
412.79,175.52
406.5,306.6
409.93,737.85
410.65,1017.7
421.1,1110.9
419.06,87.608
419.15,1163.2
425.48,561.73
428.57,198.4
427.06,1225.3
430.79,1047.4
431.41,700.4
431.49,508.22
435.19,731.98
432.48,104.98
433.54,589.03
439.92,88.975
440.4,3.9167
441.35,532.35
440.53,166.53
443.6,1010
446.47,1063.5
448.7,574.37
444.12,988.9
445.58,1140.8
445.57,871.98
450.38,1039.5
453.1,1167.8
454.43,704.57
454.1,521.15
455.01,909.05
454.61,640.61
469.36,863.31
466.43,933.58
467.7,190.55
469.14,527.35
466.5,747.5
474.63,569.24
471,349.26
475.93,1195.6
471.65,706.12
475.71,483.43
477.97,1070.5
473.09,554.91
478.51,1138.2
474,1228.5
477.8,979.23
475.93,729.74
484.18,799.93
478.09,648.09
481.64,590.15
483.5,676.96
485.37,502.57
486.81,705.35
486,543
496.62,111.72
491.43,999.43
494.44,455.91
492.6,633.4
493.56,692.08
498.08,671.94
500.62,1125
501.57,1227.6
512.26,746.04
503.32,727.87
503.48,704.89
505.7,787.82
501.96,1103.3
505.14,517.84
504.17,76.185
505.42,621.89
512.18,477.95
510.89,1027
517.47,562.01
515.76,671.53
519.82,894.54
513.5,1072
515.05,371.67
515.87,719.63
519.92,21.436
522.94,1131.2
522.39,509.61
533.58,781.55
532.22,991.98
526.5,1215
528.89,1155.1
529.97,911.43
530.6,54.92
532.96,441.26
531.41,970.07
537.76,1099.5
546.15,705.1
542.87,41.896
554.28,611.8
540,367.5
543.3,392.18
544.05,63.929
549.21,1022.7
545.35,1124.4
547.71,139.4
547.28,949.74
549.82,1222.4
548.5,241
549.31,801.31
557.12,434.88
559.96,226.69
557.57,930.83
561.97,1002.7
564.27,543.05
559.88,1206
569.26,1124.3
569.83,360.79
568.65,653.65
573.44,748.7
575.9,693.77
567.15,118.11
571.27,985.4
572.5,846
577.46,908.66
582.06,1036.8
581.26,283.9
583.33,626.56
583.35,1223.9
585.09,271.06
588.04,515.83
588.81,488.38
588.41,323.93
588,352.5
598.56,855.35
589.9,986.76
598.22,594.29
598.5,1073.1
601.32,91.865
602.99,1114.1
605.69,77.837
609.38,275
606.15,1245.6
606.35,536.26
608.4,777.26
607.16,1202.9
612.2,719.34
607.9,1059.8
609.58,971.77
619.77,474.91
616.44,390.63
618.69,557.19
615.83,1033
620.06,1201.4
619.91,1147.3
625.18,726.34
628.77,494.41
632.85,88.285
634.66,558.2
631.62,678.1
629.89,596.42
634.76,35.287
631.5,316.5
638.98,293.99
645.93,849.04
647.11,1219.1
644.49,481.29
645.35,528.05
642.96,102.96
648.89,457.89
653.56,1013.8
657.01,724.79
654.39,431.43
656.46,836.15
662.58,406.77
670.36,347.31
664.63,266.92
663.07,535.59
664.89,1179.4
670.21,216.17
670.08,575.29
669.76,147.98
667.11,1157.6
676.55,914.05
672.3,771.6
676.67,3.5
677.41,871.07
680.93,1212
680.39,469.03
685.05,1087.6
681.58,1127.5
686.9,993.87
694.95,529.03
693.88,1018.7
687.92,853.25
694.67,340.87
691.78,121.46
692.22,1241.4
693.51,894.21
693.5,962
699.5,589
707.22,648.63
702.59,369.93
707.37,432.18
707.27,1106.4
706.86,829.31
707.18,42.036
712.15,107.05
707.4,342.4
709.22,463.54
721.57,610.87
715.1,808.79
714,310.5
733.31,262.46
727.74,227.26
732.1,657.29
733.53,1236.5
729.58,116.58
732.04,499.96
737.33,868.34
736,1111.9
736.33,596.11
739.68,729.18
743.61,545.82
740.11,996.11
744.65,512.27
746.2,715.26
745.9,1089.4
746.67,668.12
753.12,656.31
755.36,472.49
756.01,582.11
755.66,13
757.83,1139.7
757.38,260.32
757.56,453.35
761.54,37.968
764.04,329.78
761.1,354.14
760.95,1210.9
763.78,934.05
763.46,1195.5
768.47,49.656
768.57,447.57
769.09,888.09
771,247
773.16,278.61
779,1181
777.17,1243.2
778.08,701.17
778.95,849.65
782.88,329.25
779.28,1017.5
782.03,675.22
782.91,977.28
789.49,588.9
785.84,1213.8
787.16,513.69
790.13,355.95
793.11,545.76
806.04,1242.9
797.92,971.92
803.07,916.53
808.74,388.83
807.19,1052.7
809.44,885.83
805.23,232.23
805.5,1003.1
806.3,951.2
808,550
808.88,928.15
816.08,958.44
822.84,1022
818.21,1208.1
830.24,441.31
825.28,901.21
829.19,638.21
826.57,117.79
836.04,1228.2
839.88,362.4
834.5,521.5
836,90
839.52,999.74
838.5,241.5
845.14,468.42
842.65,828.79
847.04,415.13
843.11,202.42
859.64,979.79
866.23,1119.4
861.54,298.06
860,69.5
860.86,270.92
863.26,846.75
863,637.5
871.09,107.18
864.81,405.16
872.64,521.77
871.65,354.05
871.73,477.48
873,1020.9
885.52,1231.1
876.78,309.9
880.63,964.49
879.84,367.1
884.21,239.37
883,323.07
882.16,1163.6
887.07,382.99
884.89,813.3
885.62,607.38
890.46,13.971
885,491
890.59,47.053
892.47,846.47
890.4,514.96
891.24,474.1
898.01,438.46
893.98,1210.9
894.89,1025.4
894.39,1129.6
895.62,230.93
896.61,807.57
900.4,190.53
907.89,369.65
906.59,1075.5
910.01,976.71
906.47,350.66
913.44,1058.9
913.91,797.57
916.92,306.46
915.59,436.93
923.2,275.92
921,481.83
923.97,623.99
925.11,162.86
926,918.5
933.26,1187.7
933.06,413.94
931,275
933.55,930.4
935.9,383.85
937.57,1077.7
940.61,318.86
941.75,655.17
941.5,238.5
947.34,1201.1
944.94,503.13
946.1,1065.4
947.4,611.65
948,1095
953.35,422.28
950.37,834.02
954.96,137.13
962.73,479.53
954.7,306.24
956.2,83.44
962.24,341.85
962.19,451.46
961.84,1058.8
962.42,55.105
968.94,203.21
962.41,382.94
963.56,654.08
968.53,413.56
973.29,130.24
975.63,233.48
977.67,377.86
972.14,26.143
972.5,911.13
973.29,506.25
976.35,772.88
978.67,362
976.5,1006.5
979.67,1186.7
980.13,398.52
985.41,873.45
981.59,994.93
983.67,276.11
986.97,1153.3
986.07,189.93
989.5,933.29
991.19,424.94
993.4,258.44
993.39,207.81
994.09,1090.4
996.35,176.8
999.91,1111.2
997.84,140.59
997.48,345.66
1000,1166.5
1007,369.4
1006.2,682.51
1008.6,442.49
1010.6,665.39
1023.1,83.117
1008.9,479.58
1025.5,258.03
1013.5,1173.4
1017,193.33
1025.2,809.72
1020.8,116
1028.5,727.93
1025.1,1020.6
1030.1,614.26
1033,271.5
1036.6,313.91
1038.1,1125.5
1043.2,1178.8
1040.3,1019.7
1042.9,1103.1
1047,115.75
1050.4,599.17
1058.1,354.53
1050.2,526.94
1053.3,284.64
1053.2,507.24
1055.1,1143.8
1060.4,942.23
1055,1023.5
1064,1224.6
1067,973.98
1070.4,399.18
1069.2,683.34
1071.1,159.91
1071,915.5
1074,4.1818
1082.1,1025.8
1080.4,1142.2
1077.8,1190.1
1078,485.9
1079.8,1218
1088.1,137.09
1089.7,199.33
1093.1,903.63
1092.7,1047.9
1095.4,1201.7
1099.2,160.7
1101.9,140.53
1102.8,390.23
1103.4,943.46
1106.4,301.93
1108.4,464.46
1114.9,593.69
1113.3,333.9
1113.1,24.778
1123,1054.6
1119.5,319.5
1122.5,1212.7
1121.8,530
1122.5,1238
1128.5,54.042
1131.5,959.69
1130.1,1118.6
1136,406.65
1134.2,1186.6
1133.4,485.71
1132.1,574.62
1142.5,65
1137,437.82
1137.3,653
1159.8,855.64
1137.5,945.5
1139.4,1205.5
1141.9,87.925
1145.9,1229.4
1143.3,905.35
1145.3,531.25
1152.2,486.8
1152.5,944.22
1153.9,695.65
1155.7,888.3
1156.4,122.59
1163.4,537.76
1159.5,244.5
1166.5,281.85
1164.8,880.71
1168.6,325.65
1167.6,919
1172.6,933.02
1176.4,175.6
1198.9,891.07
1178,1212
1182.9,1193.3
1181.5,718.45
1181.1,190.75
1187.6,320.39
1182.5,519
1219,759.43
1190.6,538.58
1189.6,986.18
1188.6,1119.4
1188,289.68
1195.7,452.61
1192.5,1204.3
1197.6,517.04
1194.3,746.45
1199.8,698.39
1206.7,576.15
1202.8,639.24
1203.5,1082.1
1212.6,1228.8
1209.5,344.75
1204,982
1208.2,988.13
1214.6,222.67
1211.4,1163.8
1221,320.59
1222.9,842.62
1229.5,861.28
1225,1197.6
1225.9,630.22
1224.9,601.96
1225.4,724.59
1235.4,890.06
1230.3,358.96
1229.4,260.58
1232,529.72
1234.1,510.32
1233.5,593.91
1235.4,88.466
1241.6,146.37
1238.7,995.07
1241.3,1223.9
1245.2,288.23
1245.9,505.76
