9.6223,445.89
7.0392,730.67
4.9333,890.07
10.605,392.27
14.24,991.37
10.656,187.38
18.642,690.63
21.955,898.8
18.5,934.55
20.734,870.6
22.367,1073.1
20.839,226.9
26.78,607.92
30.793,549.3
30.048,1215.2
35.42,246.26
32.963,1081
39.88,527.57
37.132,952.6
37.895,174.65
38.393,873.43
39.455,733.56
45,2.2963
45.086,392.83
47.8,217.58
47.824,541.59
45.977,1087
62.703,116.56
51.197,1073.2
52.759,606.48
62.193,423.7
62.386,7.0106
61.898,832.38
58,954.9
64.558,1168.5
64.335,1083.8
66.03,1124.8
69.728,725.49
67.211,75.579
68.692,1200.2
68.385,794.35
72.153,243.18
74.922,225.06
69.5,476.5
77.477,692.83
78.959,260.7
79.344,453.44
78.731,598.35
84.434,308.47
87.192,172.43
82.68,490.56
83.5,579.5
88.977,659.23
88.596,512.52
91.037,699.32
90.628,621.18
91.118,821.96
93.667,65.123
93.25,96.607
96.156,550.16
99.188,2.625
96.793,786.79
99.369,949.81
100,80.5
102,271
105.44,59.656
109.76,1133.1
108.18,376.18
110.59,885.87
107.28,39.225
112.53,485.65
115.33,151.01
111.73,751.51
113.38,603.5
119.33,426.35
121.54,2.5763
121.28,708.54
128.85,63.335
123.81,572.72
123.97,614.13
126.53,441.64
127.07,594.44
129.45,493.42
129.39,1114.4
137.32,682.78
136.51,603.43
135.42,313.89
139.61,1016.2
141.82,14.861
144.38,121.31
140.5,243
143.04,949.07
146.14,230.26
146,737.5
151.34,536
152.5,586.49
151.18,939.16
154.18,720.54
155.12,826.85
153,181.56
152.5,697
157.56,440.56
164.33,139.32
165.83,112.98
165.29,920.95
167.13,204.62
166.42,673.62
171.65,756.57
170.61,178.54
172.71,558.79
169.88,601.32
170.75,241.98
169,105
178.49,225.37
169.5,308.5
175.25,428.13
174.96,1000.1
176.71,1135.5
176.27,259.98
177.18,884.56
178.53,298.27
184.42,768.05
180.84,378.32
184.6,360.07
183.61,1049.9
191.62,19.235
189.29,1219.7
191.39,1008.3
190.4,460.37
188.86,531.93
193.14,578.85
203.01,262.89
196.5,1028
197.4,661.6
206.42,484.78
203.25,711.38
202.5,546.88
202.79,1227.4
206.11,415.63
205.75,200.44
209.84,368.13
204.46,567.78
206,981
211.73,7.1905
207.84,438.35
206.57,834.71
208.42,1061.2
215.88,732.94
210,925.74
210.08,237.55
209.98,424.51
209.93,593.8
215.49,803.19
213.66,1007.2
220.9,318.52
220.52,884.4
219.56,1045.4
222.24,227.96
222.49,420.04
229.9,386.72
229.78,446.9
230.36,129.69
227.58,919.11
228,1101.5
235.08,1233.6
230.05,539.09
234.63,5.6186
234.63,185.75
234.45,1177.5
232.59,256.04
237.46,796.08
237.15,897.29
235.67,54
247.49,1058.4
245.61,449.72
248.25,877.42
248.89,7.4211
248.91,481.48
248.5,864.5
249.5,736
251.41,955.88
256.51,1154.2
253.78,691.41
255.26,674.3
254.5,26
262.3,468.04
254.55,1204.7
261.11,193.2
255.33,82
256.33,1185.8
260.9,887.49
260.41,1088.5
260,254
259.98,1072.2
276.06,621.13
262.62,322.58
269.32,949
262,4.5
262.5,817.5
269.83,431.47
278.32,30.225
270,223.33
273.61,1168.7
274.29,716.45
278.34,555.02
289.06,576.12
285.89,113.48
283.53,145.28
285.41,186.93
286.12,791.5
292.3,437.47
286.08,1077.6
287.09,885.05
288,1094.4
288.56,297.51
289.31,312.09
288,670.5
293.27,593.65
296.44,1192.7
302.6,211.74
298.94,544.58
299.5,13.5
301.84,171.35
306.37,64.295
304.57,897.95
310.75,1176.2
305.61,918.95
304.5,1082.5
304.84,446
307.52,251.94
310.33,314.64
307,426.25
315.3,1002.2
309.57,513.05
309.71,1114.2
308.5,1127.5
311.81,393.39
310.37,647.27
312.35,134.73
317.99,925.41
318.16,329.31
319.33,966.18
326.03,56.254
320.94,1050.6
327.66,1107.3
320.95,169.84
330.66,1213.4
323.71,602.2
328.43,243.73
325,552.33
325.84,982.57
331.73,1181.7
338.37,312.68
341.75,882.99
336,1194.2
338.16,732.77
336.91,1240.1
344.83,646.84
344.13,926.57
345.42,953.36
341.74,1009.6
343.92,689.08
347.03,1064.4
347.46,1117.9
346.63,367.94
350.64,608
375.65,1001.2
361.33,1238.8
355.24,337.79
358.12,219.23
359.94,448.74
358.91,894.62
362.29,552.13
363.7,651.81
361.41,387.83
361.2,677.56
366.6,1134.7
371.52,624.51
379.49,51.572
370.39,499.49
372,354.5
373.43,714.38
372.09,1213.2
380.63,770.78
378,1087.5
379.73,939.55
380.26,150.81
395.06,707.05
385.75,887.58
392.66,5.1977
391,1237
391.4,539.6
393.08,1173.6
397.45,178.21
394.5,826.7
396.65,1195.9
404.62,64.425
404.03,135.18
401.03,564.58
413.8,101.93
403.28,967
402.61,1243.7
404.5,633
404.95,12.024
405.81,610.54
408.97,503.88
415.23,1226.9
417.69,520.55
415.1,779.12
428.49,62.456
416.96,163.46
425.55,186.59
426.92,1088.9
421.05,623.55
419,959.33
425.22,653.73
421.59,1068.9
423,172
427.05,720.82
429.17,139.13
429,943.56
430.54,1241.4
431.09,1131.9
431.15,167.99
432.24,1112.4
436.37,1201.3
434.86,595.75
435.84,256
443.28,1221.1
440.95,124.01
449.6,240.86
447.91,563.9
451.07,732.58
446.7,505.05
452.1,1061.8
463.87,899.59
454.61,431.43
458,264
463.52,714.69
463.86,621.21
469.59,653.22
470.88,412.44
471.39,1217
471.13,394.86
472.08,1104.1
473.06,741.7
474.21,852.85
473.25,769.09
478.15,310.02
476.05,152.93
472.89,494.58
480.42,365.7
485.42,549.63
488.57,660.11
488.7,1068.3
495.89,933.74
487.73,953.68
491.28,711.24
487.17,754.67
487,903
493.96,321.44
491.39,944.57
493.63,203.37
495.75,827.25
503.41,558.09
497.62,577.62
512.58,678.18
505.61,64.435
507.03,288.73
506.56,81.2
506,621.5
511.87,1030.8
515.36,350.05
510,941.33
512.34,1086.7
513,459.63
516.17,1163.8
522.25,612.96
515.2,778
517,500.61
515,939
535.08,229.83
520.5,330.5
520.55,440.69
530.46,809.1
531.73,76.01
524.86,175.86
528.9,641.46
544.51,764.18
526.35,1194
541.82,904.41
532.9,43.874
531.5,1212.5
537.02,1239.8
541.62,986.9
537.68,798.05
538.96,1026.8
547.69,707.73
550.09,288.29
561.71,530.8
543.74,391.19
545.82,632.6
549.64,113.17
554.24,185.68
550.44,836.86
550.44,949.26
559.12,1178
559.12,1126.5
562.23,930.52
561.35,1073.2
561.36,1232.5
565.11,269.52
563,1162.3
573.24,115.63
565.14,23.591
567.36,793.44
581.85,315.82
569.77,688.9
573.62,74.642
576.21,1076.3
581.67,226.62
580.73,349.42
586.6,553.72
579.12,717.5
580.06,27.094
582.91,1157.1
586.57,834.93
591.54,172.01
591.08,915.43
601.97,1200.8
588.67,57.558
588.52,1233.3
594.4,847.36
599.61,967.67
598,1161.5
605.06,870.41
607.37,1101.5
606.42,795.39
604.42,658.3
605.55,221.26
608.58,999.69
606.62,781
608.15,335.69
614.19,640.81
614.34,515.33
615.61,693.14
615.18,242.66
617.98,1014.2
627.23,807.91
622.56,1057.7
627.2,278.96
628.24,3.9388
626.6,670.6
630.48,690.62
634.71,765.06
628.5,548.5
629.34,712.53
631.59,320.19
635.61,626.68
648.51,864.32
637.43,4.2698
637.23,1180.5
645.42,60.614
638.93,649.74
644.13,931.11
644.14,1241.2
644.51,1088.5
644.85,569.23
642.4,690.4
644.91,1037.7
653.84,131.35
644.56,702.92
650.05,796.6
652.66,331.32
651.45,966.02
653.37,1165.3
651.67,713.33
652.41,268.59
655.06,988.8
658.08,175.08
663.58,588.6
664.94,481.53
659.84,922.13
660.41,13.586
663.42,287.78
660,396.68
665,1.6875
663.14,842.16
664,753.24
665.36,557.58
665.11,269.58
676.49,819.02
675.26,901.31
675.77,613.71
674.33,230.93
675.42,1019.6
680.66,346.84
678.19,919.17
677.87,861.35
678.87,985.53
677.9,836.77
683.32,452.58
688.61,1078.1
709.23,54.593
696.28,715.07
689,625.94
691.85,892.29
693.54,1234.2
695.86,850.38
693.32,954.74
700.15,122.26
703.05,604.93
703.86,758.08
704.88,389.89
705.99,675.46
704.39,338.43
732.69,835.09
726.55,13.627
709.67,380
713.96,1042.8
724.96,928
733.35,1022.5
724.95,1157.5
719.92,109.92
720.3,644.23
729.98,1065.9
729.19,490.42
725.69,536.77
725.95,658.86
726.42,41.895
731.63,138.91
734.02,301.59
728.74,644.84
732.05,90.228
801.05,1029
737.37,594.88
734.55,624.18
735.4,230.37
735.34,332.59
741.12,717.32
740.12,127.36
744.93,669.32
738.61,895.57
742.52,504.05
742.41,758
771.79,902.23
750.75,777.42
748.41,1051.9
755.23,193.05
762.39,21.551
753.97,903.88
753.87,939.46
753.5,287.5
765.1,855.7
761,1110
766.46,443.27
768.15,564.9
765.5,772.5
773.34,1169.4
772.85,88.77
771.61,1157.1
777.27,935.19
772.1,114.05
776.09,763.49
774,1118
777.52,1187.4
779.59,235.63
787.16,504.05
782.94,274.29
783,952.15
784,360.82
786.36,390.69
785.5,655.5
802.37,28.011
789.73,1175.4
796.94,438.16
790.7,660.2
795.29,947.08
797.27,693.54
810.47,1200.6
804.62,642.86
804.58,4.1039
804.95,233.1
821.39,846.75
832.71,742.89
822.44,897.31
815.37,356.04
822.32,1223.9
817.34,1129.6
818.35,451.95
869.99,1110.4
820.91,1157.5
827,391.22
834.98,613.16
834.68,870.16
835.25,971.12
835.25,1147.6
840.98,1129.1
840.76,1243.3
840.7,373.59
862.12,885.74
843.36,14.358
841.92,1121.4
847.15,1222.9
848.81,1186.3
845.26,256.34
848.13,95.048
847.39,206.57
848.46,777.8
849,327
858.51,126.65
859.88,445.55
856.05,565.53
853.61,715.14
866.5,214.43
871.18,503.88
865.91,792.05
868.17,367.98
867,390.5
869.78,1013.8
869.82,1150.2
867.44,1227.7
867.42,203.89
870.87,282.66
865.28,605.17
878.59,752.67
878.86,1228.5
873,534
879.87,807.01
876.47,999.87
877.42,1202.5
879.65,132.71
879,532.62
882.85,688.38
882.14,524.92
884.31,852.87
882.61,194.04
892.5,832.81
928.44,978.52
884.7,255.76
886.51,1198
892.26,398.56
888.63,776.11
891.37,1209.5
895.56,535.99
906.76,593.66
904.13,872.57
897,97
898.5,93
900.78,25.919
903.51,766.17
900.84,1185.5
905.24,1236.3
905,1073
906,798.5
907.5,715.6
912.38,909.06
913.77,1198.4
915.65,313.89
917.34,615.15
916.02,696.98
916.12,1037
916.1,844.84
916,704
923.85,715.35
919.71,785.02
916.5,1080.5
919.84,1162.9
924.29,1054.9
920.48,768.54
932.46,757.75
930.1,867.51
930.72,835.89
942.52,1158.4
929.36,1181.8
939.75,85.141
958.62,1060.7
941.06,1079.5
945.61,1091.5
945,819.26
951.09,527.86
962.24,378.48
952.61,416.31
970.27,918.25
957.82,759.21
953,735.42
956.02,1197.3
955.06,699.62
955.5,1138
963.99,215.06
958.61,1171.5
959.86,944.39
993.32,1074.7
968.31,1238
966.49,852.77
971.29,881.29
971.69,702.83
970.86,1172.1
974.41,634.44
970.5,176.5
971.19,425.26
972.96,581.67
975.17,83.624
976.22,713.85
977.29,4.2857
977.73,231.27
984.54,1002.5
991,730.88
992.41,1208.7
990.5,1015.8
1000.6,953.67
990.4,670.11
994.32,877.13
1001.1,271.7
996.34,1146.3
1005.5,588.34
995.27,854.73
998.23,976.19
995.11,623.42
1002.5,773.62
1002,900.17
996,1025
1008.2,918.2
1003.4,9.1724
1010.2,300.94
1025.6,998.05
1017.7,1164.3
1014.5,217.32
1011.6,842.96
1015.2,181.62
1014.7,383.93
1015.6,602.2
1017.7,788.65
1017.6,507.68
1024.1,928.45
1032.4,246.86
1028.6,18.67
1031.3,579.04
1025.7,1018.2
1035.4,1110.4
1038.3,56.783
1027.5,699
1034.2,498.03
1030.7,1087
1032.4,361.6
1035.6,531.45
1033.8,756.5
1034.8,2.4167
1040.5,309.67
1041.7,665.03
1046.2,372.88
1042.5,943.94
1043,829.62
1049.1,899.08
1049.5,1042.3
1047.1,202.56
1053.8,965.05
1051.4,1143.2
1054.3,171.48
1060.9,996.45
1062.2,549.46
1057.8,419.1
1061.2,1122
1061.1,1088.2
1059,1170
1065.4,194.32
1064.9,1023.5
1066.4,91.825
1066.7,231.03
1070.5,623.85
1073.2,474.06
1068.6,955.6
1072.5,639.53
1072.6,1129.5
1072.3,578.65
1076,1056.5
1079.2,406.98
1076.9,124.85
1078.3,55
1078.5,149.53
1082.1,924.75
1085.3,969.72
1090.9,1067.2
1091.5,376.9
1089.3,740.42
1091,1176.6
1098.9,463.08
1095.9,936.6
1099.2,304.89
1106.9,422.94
1100.5,571.29
1103.3,693.51
1106.2,268.14
1106.5,605.33
1105,260
1110.1,126.09
1116.8,250.39
1116.6,586.18
1119.8,646.45
1120.2,784.81
1119.2,987.53
1120,1073.2
1123.9,471.17
1126.9,354.9
1132.7,1199.9
1137.7,477.95
1134.7,1091.8
1138.8,149.84
1144.2,829.03
1153.7,1058.9
1145,1196.4
1146.6,496.96
1149.1,300.94
1146.5,989
1151.2,526.66
1152.1,574.36
1152,212.9
1162.5,1083.8
1156.7,813.73
1159.9,1007.3
1161.4,91.803
1167.8,541.36
1167.8,942.77
1165,1234.5
1184.8,176.05
1176.7,288.75
1174.8,486.64
1181.8,753.98
1180.4,1221.9
1183.7,468.22
1184.1,1017.7
1184.4,1181.9
1187.6,1195.9
1196,34.597
1187.5,247.38
1193.9,1068.8
1191,1140.3
1198.4,598.93
1201.1,332.63
1203.7,541.86
1205.5,689.73
1206.1,779.59
1206,1125.5
1209.4,472.44
1213.8,417.8
1214.8,911.61
1215.1,1145.8
1214.3,317.37
1216.2,975.61
1220,679.03
1221,883.93
1224,283.06
1231.1,1060.4
1224.4,337.29
1227.9,1184.9
1240.9,395.79
1237.1,250.91
1236.1,676.52
1239.3,958.27
1241.5,702.5
1247.1,262.3
