2.9259,327.59
9.0438,415.44
5.3429,677.4
3.6154,754.25
3.6087,863.59
5.1102,893.78
6.1811,1165
11.114,924.54
13.796,968.15
16.519,355.32
12.625,1115.5
24.37,140.42
16.167,256.07
31.87,845.16
25.464,71.876
29.917,981.73
24.722,22.574
26.436,1206.6
30.221,1009.6
31.798,549.42
38.679,807.26
44.132,599.93
44.321,938.83
40.275,1059.1
40.909,361.55
45.472,762.88
46.559,1208.7
51.041,872.28
50.579,979.11
58.859,1171.6
52.75,113.83
56.786,415.71
54.067,12.067
54.407,302.93
55.767,664.17
57.167,136.07
56.421,754.11
59.457,1007
66.339,368.35
68.267,334.07
66.086,519.43
69.548,1080.1
71.389,104.94
76.838,481.62
77.341,1165.5
82.091,821.09
86.589,678.34
85.615,934.72
89.591,91.678
88.196,226.35
94.358,1199.4
87.611,603.14
91.376,256.76
91.55,566.14
89.926,974.59
91.459,707.92
97.718,991.39
90.5,1217.5
92.576,722.58
97.019,950.52
97.125,822.95
102.34,644.34
102.28,450.64
104.24,1070.7
103.45,1098.7
108.01,41.415
107.27,258.99
105.75,574.61
107.67,1185
112.28,201.32
111.6,812.47
108.4,959.5
112.63,708.71
110,536
126.49,534.63
114.12,1225.4
118.87,653.78
117,506
117.92,1213.9
123.12,451.24
121.41,546.79
120.88,1009.2
123.53,348.13
133.92,958.38
124.94,276.31
128.77,1147.8
125.9,91.839
129.65,939.39
133.54,1218.7
133.19,221.72
129.5,823.5
151.34,510.19
135.71,148
140.89,285.88
145.95,984.95
146.86,799.5
149.72,456
150.96,1113.5
158.49,345.72
149.5,549
151.94,852.2
158.5,875.26
157.23,193.77
157.73,530.63
162.27,601.18
180.27,1215.8
174.35,980.84
187.48,120.01
176.84,899.72
175.44,1027
175.31,1078.5
176.95,452.09
178.87,787.4
181.34,593.76
183.99,336.7
183.95,528.72
181.89,918.58
186.07,247.34
194.09,382.04
202.48,37.419
192.3,432.3
198.72,1049.1
193.88,1086.5
196.62,963.94
197.07,705.79
199.1,444.14
205.96,462.85
204.43,605.23
210.63,1082.3
213.36,963.74
213.99,155.66
216.47,437.85
215.16,680.94
214.44,1138.7
217.03,505.06
216.3,623.7
217.55,305.16
220.48,785.68
222.6,245.64
225.82,1032.4
227.74,620.34
227.08,957.47
226.89,1070.8
230.62,804.1
232.58,349.85
242.11,497.63
240.03,929.51
242.16,21.459
242.71,1245.3
248.8,767.37
248.38,125.23
254.48,419.45
251.5,1247.5
256.45,851.19
262.2,1161.4
270.39,1216.9
265,324.35
261,350.5
266.93,1082
263.78,615.22
263,964
272.28,880.58
267.38,1049.3
270.55,1242.1
275.78,261.19
267.33,587.37
275.31,522.15
279.47,100.35
275.89,1010.7
274.93,420.26
275.5,625
281.34,1050.6
289.4,1162.6
282.06,324.27
283.13,354.64
288.11,308.97
293.19,981.23
286.42,752.17
297.99,73.322
292.76,53.49
297.82,1231
292.44,911.92
294.72,998.23
296.07,1030.2
296.78,266.35
301.88,572.98
306.36,792.42
302.44,909.27
308.34,293.99
302.88,1022
306.74,2.2632
305.91,1145.4
309.06,459.82
318.91,718.49
313.88,847.49
317.97,922.86
312.8,1199.4
319.05,971.02
315,1145
317.14,1247.3
320.06,1001.3
315.59,1191.9
324.41,216.81
324.31,62.525
329.34,750.2
323.78,871.46
325.27,235.49
333.32,631.16
337.29,1143.4
327.19,121.25
329.25,381.78
334.89,792.93
351.88,52.269
333.93,967.98
336.15,1121.5
337.78,245.29
344.37,849.14
339.62,663.79
340.56,728.64
339,139
345.37,142.94
345.43,685.4
345.4,1241.8
354.42,398
347.26,895.28
350.88,814.32
352.03,245.63
352.08,347.56
354.15,1176
358.23,1157
358.72,916.46
366.48,1094.7
369,166.66
367.2,1226.7
370.03,82.183
372.23,735.26
367.61,815.22
369.46,1187
368.62,1122.5
375.21,796.52
377.83,57.306
381.76,21.221
377.92,97.661
378.24,528.37
386.83,987.52
380.83,1023.6
381.2,763.5
381.06,651.45
402.11,1059.7
394.7,308.9
396.05,341.8
396.69,1107.8
401.61,1007.8
398.89,1095.7
400.97,5.9118
403.67,1027.4
398.93,934.82
398.95,1038
399.42,1116.1
405,454.02
410.42,881.46
408.67,715.87
420.75,651.17
411.18,1157.1
412.06,1198.4
415.48,927.25
415.35,1011
418.03,364.72
416,998
439.25,1043
423.98,1223.9
428.08,93.453
425.63,127.87
429,428
431.62,730.49
442.4,867.31
432.36,1205.5
433.43,451.98
437.06,330.42
438.22,1181.4
436.87,402.02
433.9,990.49
441.19,2.6296
441.03,230.08
438.87,953.93
446.15,1142.1
450.75,378.15
448.36,833.89
451.77,945.72
445.43,791.61
452.36,36.046
453.74,201.98
450.71,970.48
451.51,283.84
454.82,251.43
454.43,1023.5
461.91,102.34
461.94,678.9
461.15,451.35
470.25,1058.1
470.49,356.68
471.06,285.36
469.12,5.5962
469.91,45.03
470.65,778.65
474.91,176.99
474.6,213.55
478.28,746.19
476.44,946.83
476.97,417.64
478.29,247.15
481.97,659.61
485.96,903.33
483.26,1012.2
480.19,1226.8
485.95,785.22
487.16,1180.2
485.5,687.5
485.42,887.89
492.87,257.53
489,969.08
490.69,1026.8
495.53,216.04
492,400.61
494.69,2.9385
501.47,467.69
492.5,296.5
495.8,813.44
495.09,1114.3
496.68,444.04
499.03,848.76
500.03,494.56
501.3,1042.4
501.03,150.94
506.66,58.773
505.76,367.97
502.62,1155.4
506.06,770.98
508.99,175.66
505.86,1028.1
506.46,38.086
553.16,1215.1
511.81,881.65
529.56,702.69
515.84,483.66
520.71,93.346
530.48,1153.9
528.51,849.99
525.52,404.47
521.5,59
527.02,437.59
528.87,949.07
526.06,159.06
524.57,769.43
534.76,791.37
534.91,240.77
537.79,1197.1
542.17,1012
535.25,886.68
536.01,61.245
532.58,514.11
538.4,79.867
536.44,1127.6
538.62,961.09
543.99,613.83
546.08,552.05
549.71,940.44
546.05,141.91
566.2,269.85
555.02,897.14
560.06,296.21
553.17,571.01
542.09,630.7
552.09,202.91
554.62,332.01
557.64,425.1
557.32,1076.9
556.96,1145.5
561.24,857.75
566.27,1101
566.9,176.55
567.11,371.1
561.41,709.93
564.84,512.86
567.86,564.88
564.53,970.27
565.18,744.64
570.54,928.75
566.88,104.5
570.32,148.7
575.31,200.99
569.1,222.63
567.95,330.09
572.92,412.6
578.59,1024.5
585.7,1070.2
581.13,825.24
583.61,987.64
583.57,470.13
584.86,518.13
581.34,808.41
585.26,859.65
581.5,894.12
585.65,108.94
584.67,130.09
582.91,957.09
589.11,598.08
586.38,784.62
589.85,299.44
591.83,1209.6
599.9,27.378
592.23,326.81
596.14,488.73
590.86,620.14
594.13,1129.5
596.24,450.82
598,278.24
598.12,1026.7
597.5,121
601.78,427.71
603.89,121.42
613.44,332.37
607.23,1060.9
606.93,983.45
607.94,961.41
609.62,69.808
613.2,106.45
611.95,222.59
611.63,444.87
615.17,468.27
614.09,529.91
622.9,992.47
616.5,255
619.06,430.96
615.36,548.5
619,350
628.65,971.62
624.9,1243
624.59,1015.1
625.82,274.69
631.52,1199
629.3,69.085
627.91,828.04
631.95,187.77
633.06,210.15
629.71,406.45
632.93,593.61
638.64,36.717
633.89,617.68
637.33,1080.2
634.73,308.82
633.25,422.07
631.5,430.5
635.31,703.91
640,1042.6
636.05,522.21
648.58,357.27
642.04,480.36
643.55,412.96
656.16,211.58
651.53,1192.8
647.5,157.5
647,1045
650.15,554.76
662.82,384.73
652.57,86.347
652.4,421.5
655.46,844.19
653.97,1142.4
653.56,249.92
655.73,826.24
664.34,493.41
667.85,994.08
681.06,560.29
662.83,911.32
662.02,1110.8
669.13,18.362
669.76,928.59
666.56,1231
663,64
673.17,958.74
666.73,194.49
666.47,639.72
676.06,821.62
678.58,1191.5
680.2,635.92
680.81,856.31
684.87,1110.3
688.64,409.07
689.19,998.03
701.85,912.57
691.07,785.59
693.93,290.36
687,927
690.58,184.89
696.03,650.64
691,429
698.6,143.73
697.1,626.62
702.02,1055.1
699.95,111.59
698.25,316.31
696,440.65
700.8,753.78
697.56,958.04
698.5,1224.5
700.74,423.69
702.58,1197.9
703.08,53.877
706.21,443.68
704.56,523.01
707.29,806.98
706.11,1006.6
715.52,479.56
716.38,948.24
707.84,1090.5
711.09,1186.1
713.88,94.209
719.77,882.48
720.55,632.8
722.64,710.98
718.56,162.92
717.43,978.39
729.46,420.42
719.42,986.11
727.37,1104.7
728.48,286.65
730.5,481.5
738.38,533.09
740.47,503.6
737.61,655.46
737.79,1247.2
736.43,384.33
735.44,835.96
735.96,442.52
740,313
750.16,395.44
741.83,343.7
754.7,885.9
744.81,1024.3
747.11,1233.5
747.81,1116.6
746.5,316
750.91,241.18
749,329
756.78,209.72
753.09,1087
767.2,485.26
758.92,656.23
758.33,522.83
764.25,964.69
761.59,858.94
763.09,1191.9
766.64,320.43
770.14,553.07
768.27,1019.1
768.34,635.33
770.42,291.3
767.6,368.6
768.84,443.46
771.5,251.12
779.95,674.02
775.06,871.19
784.02,400.39
775.86,427.86
777,297
778.72,1151
784.36,271.43
782.3,285.79
784.92,443.9
782.5,501
788.99,179.21
790.48,305.52
789.13,1176.7
786,1028
791.41,150.64
788.68,336.62
789,1134.5
790,236.5
795.06,626.49
793.71,993.52
803.75,222.83
795.43,368.04
801.91,1119.7
811.52,482.95
820.36,714.93
803.56,499.82
807.11,1018.5
806.89,128.29
801.44,424.42
811.27,203.07
804.59,735.94
811.97,790.24
813.11,286.6
810.28,345.21
814.4,456.17
820.53,614.32
816.88,366.99
813.65,1032.6
808.66,561.06
820.09,883.99
820.95,943.6
816.03,1235.1
819.81,654.4
822.58,533.32
830.79,463.31
827.93,636.96
826.12,702.35
839.39,235.86
842.52,193.08
837.7,1211.9
835.81,568.15
838.51,842
841.85,489.7
837.13,701.77
842.66,108.14
850.03,602.41
843.07,1003.1
841,675
858.43,145.99
855.91,551.82
854.51,332.63
852.47,652.62
854.04,865.74
850.5,922.4
851.22,534.44
856.86,632.63
856.78,905.98
852.58,68.895
873.95,687.18
867.1,76.598
865.86,476.06
860.47,988.04
862.18,202.78
861.55,517.73
886.55,626.52
864,1222.9
863.89,181.58
874.36,303.81
866.19,1053.2
874.2,367.81
868.21,431.69
869,545
880.82,522.83
873.54,935.62
877.42,1028.8
892.58,1220.7
885.3,102.11
878.53,169.49
875.13,1098.2
885.39,666.59
921.41,200.76
881.66,592.28
878.5,334
883.99,1111.3
883.39,576.94
882.4,338.4
893.3,20.2
889.5,783.74
889.67,763.67
894.58,175.29
898.06,1130.4
894.5,1152.6
907.4,138.56
895.79,1189.5
901.31,561.16
903.36,263.48
901.48,459.83
902.72,543.49
898.2,301.56
901.17,415.39
901.5,702.5
907.73,323.85
903.68,692.07
902.83,310.13
907.19,894.83
905.11,574.42
905.2,1001.7
905,485
908.21,157.69
906,189.5
916.34,933.6
922.97,168.66
934.92,614.3
914.68,2.3617
915.4,436.04
911.57,880.81
913.56,583.21
918.77,701.33
919.69,760.54
916.82,80.368
919.47,1204.1
920.58,803.65
923.36,515.61
921.35,1236.9
930.72,19.555
941.07,308.74
936.23,120.35
931.37,887.42
934.52,350.32
924.12,1021.9
929.14,1073.9
934.77,1231.3
931.88,911.75
931.5,418
933.73,576.88
934.22,276.94
946.49,487.15
942.23,793.82
953.89,530.41
939.17,942.5
943.58,51.029
945.45,677.38
940.41,159.96
942.75,279.25
949.68,706.16
943.92,1043.9
950.5,919.3
952.72,1151.9
955.12,36.306
949.33,226.63
949.08,1093.1
948.09,1227
948.85,435.46
971.35,429.55
955.72,747.24
951.93,903.41
954.33,94.784
954.5,274
957.37,11.648
955.53,255.27
956.1,318.95
971.29,1239.3
962.14,589.08
961.03,1092.1
959.5,103
967.29,382.24
961,433
963.09,1025.9
971,84.966
966.82,903.75
971.28,1000.8
968.59,144.24
975.18,26.641
973.23,200
974.66,556.25
974.29,780.95
969.89,829.58
974.51,107.67
978.92,493.48
979.24,250.81
975.1,695.88
989.79,731.08
976.93,959
977.46,1080.8
976.4,1026.8
982.82,629.14
1009.3,584.88
988.96,1092.6
1000.7,1206.4
990.36,687.13
993.43,820.17
994.29,713.26
1008.8,761.17
990.5,943.5
996.28,349.54
993.53,468.7
996.05,556.16
991,949
1010.6,16.992
1013.6,1240.7
1001.7,413.49
1001.5,650.34
1003.1,319.33
1003.6,626.49
1012.2,87.312
1002.9,219.84
1008.1,378.92
1010,64.46
1008,205.03
1008.4,964.09
1011,881.5
1009.1,1082
1008.6,554.89
1008,665.5
1015.5,445.15
1017.6,667
1013.4,1101
1017.6,793.04
1018.3,296.69
1018.9,428
1020.9,867.4
1018.6,1200.4
1026.2,333.8
1032.7,394.24
1025.4,826.71
1029.9,1196.7
1022.4,206.11
1035.7,205.71
1026.5,463.56
1023.9,494.65
1027.4,774.66
1028,842.44
1036.5,705.98
1027.5,915
1029.9,1133
1030.6,359.78
1030.9,116.86
1055.9,671.92
1055.5,889.23
1040.3,765.79
1057.7,798.75
1032.5,1086.5
1034.3,269.16
1062.7,428.9
1045.7,83.56
1044.4,512.51
1041.9,1232.4
1037.8,54
1046.3,142.94
1041.8,1096.5
1045.3,860.61
1044.6,1163.4
1041.5,365.64
1042.6,1246.7
1046.4,30.183
1044.6,107.57
1053.4,284.9
1047.7,748.58
1053.2,925.6
1059.2,259.89
1052.7,59.267
1057,110.2
1055.5,576.92
1058,1046.7
1053.6,1201.4
1055,1190
1066.3,480.2
1062,42.077
1076.1,132.51
1065.5,541.26
1081.3,835.47
1067.3,1011.9
1065.1,1243
1081.9,714.09
1065,1001.7
1090.9,220.79
1069,607.34
1065.8,1078.5
1069.4,183.03
1073,508.05
1067.6,1160.9
1067.7,1198.8
1072.1,1184.2
1073.2,1002.4
1073.5,245
1077.6,307.3
1075.8,323.04
1076.3,631.26
1080.9,786.58
1075.5,1108.5
1077.5,91.213
1087.9,743.91
1078.4,1211.9
1081.1,1170.7
1082.4,1064.9
1082.5,58.19
1084.1,442.43
1086.6,529.11
1084.9,554.45
1085.5,915.93
1090.6,1091
1086.1,979.33
1084.9,1008.1
1089.2,197.21
1088.6,1138
1092.8,1228.1
1094.8,669.01
1111.9,329.89
1091,807.5
1096.9,992.86
1095.5,412.93
1098.2,390.33
1098,54.224
1096,209
1097.1,1017.6
1114.8,297.81
1098.2,373.56
1107,880.54
1101.3,439.2
1100.5,454.66
1105,624.55
1104.8,721.87
1101,171.5
1116.1,269.41
1103.9,915.95
1104.2,95.684
1118.6,825.78
1103.5,72.5
1106.5,189.62
1110.6,1071.9
1107.1,1014.8
1107.5,669.5
1119.8,482.92
1114.2,743.3
1122.1,123.51
1115.2,63.545
1123.3,151.02
1114.1,544.11
1152.3,896.25
1123.3,1127.7
1115.2,194.72
1115.5,512
1123.2,711.95
1116.4,16.895
1123.8,386.91
1135.2,1162.8
1119.9,168.91
1124.2,1106.4
1121.4,1018.6
1129.9,581.04
1134.3,558.95
1130.3,515.62
1144.6,205.93
1131,646.64
1131.4,746.32
1134.1,1240.9
1135.3,56.047
1132.5,95.468
1136.1,601.86
1132.6,248.59
1139.4,1047.5
1156,234.06
1140.2,533.45
1140.6,929.54
1141.3,1095
1140.2,382
1138.8,903.88
1143.8,337.67
1147.1,1028.8
1141.6,88.895
1141,139
1148.6,1114
1151.5,747.74
1151,1139.1
1148.3,167.38
1147.4,70.388
1151.4,994.86
1146.4,147.89
1147.2,509.26
1150.8,474.37
1154,802.13
1156.3,287.71
1155.6,3.7333
1153.5,420.5
1160.4,680.34
1160.6,147.54
1158.9,397.45
1161.5,457.36
1160.2,827.11
1157,578
1159.7,1129.9
1158.5,127
1164.5,56.736
1167.6,849.71
1159.8,530.47
1161.1,703.95
1168.1,348.38
1164,720.51
1164.5,1059.2
1165.8,930.46
1169.6,306.23
1172.6,110.14
1168.9,885.17
1170.6,1039.7
1170.2,1072.8
1167.5,1150.5
1171.9,799.33
1171,533
1176,567.97
1177,964.33
1174.9,550.05
1179.8,367.49
1183,594.26
1182.1,751.16
1189.3,513.7
1191.7,169.04
1185.1,335.56
1184.1,716.77
1201.2,853.88
1189.3,301.2
1183.3,449.21
1184.1,1037
1184,77.667
1207.5,696.59
1197.1,820.63
1206.6,439.97
1192.7,247.99
1188,872.5
1199.6,934.04
1196.6,967.05
1193.8,412.85
1197.7,546.62
1200.2,615.81
1195.3,563.61
1200.5,761.79
1202.2,196.6
1213.8,107.22
1200.8,796.82
1202.5,584.6
1205.2,988.89
1203.2,1191.5
1206.5,265.96
1210.5,69.419
1218.3,151.96
1223.8,306.02
1207.9,654.05
1209.3,217.66
1208.4,364.4
1210,1176.5
1222.1,176
1215.1,1206
1221,520.56
1220.2,949.89
1219.9,255.81
1222.4,1021.8
1230,15.641
1233,46.4
1230.8,761.73
1220.6,1137.7
1237.5,224.1
1224.6,368.31
1223.6,987.37
1232.6,1103.9
1234.9,202.25
1226.9,417.33
1225,967.09
1226.8,1240.5
1228.6,928.89
1234.3,546.67
1231.8,84.073
1237.5,969.77
1234.8,236.96
1238.4,917.23
1241.3,610.33
1237.6,562.84
1239.3,1008.9
1242.7,316.32
1242.6,703.28
1243.2,947.45
1237.9,1022.4
1237,112
1239.2,378.37
1243,584.27
1243.1,411.21
1243.8,444.43
1244.7,153.65
1244.6,486.64
1244.7,84
1245.4,781.05
1245.8,136.65
1245.2,660.62
1244,427
1246.4,270.95
1246.4,558.56
1246.7,848.79
