5.0349,373.9
6.2992,396.33
6.5281,320.02
13.046,279.9
12.217,687.7
7.5,417.64
10.185,662.04
9.8421,213.84
13.743,98.314
14.08,254.08
19.698,1213.5
20.31,199.52
18.633,236.63
30.074,986.07
30.478,398.13
27.176,250.09
29.537,430.73
31.561,263.33
40.224,698.16
45.025,831.19
50.905,955.84
46.5,1017.1
46.579,933.11
55.67,772.66
55.276,620.34
57.264,278.64
56.281,155.71
62.5,228.36
61.909,44.955
71.5,506.5
89.166,539.61
81.16,218.13
78.062,496.16
79.5,239.5
86.071,292.84
91.173,431.02
87.703,966.75
90.681,599.26
90.552,1011.6
94.192,1041.7
95.591,174.18
99.729,636.53
95.5,1114
98.347,327.88
101.67,243.07
107.66,309.82
105.68,1073.2
114.24,336.93
116.7,591.38
114.39,832.86
120.66,793.88
133.75,90.019
138.21,345.77
137.82,641
146.29,537.65
148.5,564.36
156.41,436.88
162.86,539.78
163.38,802.56
178.36,316.08
172.65,543.22
180.21,262.29
178.38,601.66
183.53,863.5
191.52,566.58
188.27,805.35
191.86,1246.3
191.34,944.77
191.92,741.16
195.52,478.98
196.5,765.84
199.94,420.28
198.47,1087.3
204.51,116.71
202.21,1216.1
202.58,951.89
208.5,744.5
214,263.5
216.36,412.51
221.24,1224.6
221.13,4.8679
231.35,294.11
231.77,702.77
233.2,953.07
235.16,996.61
235.17,1041.5
235.51,1072.6
240.46,599.49
240.15,667.58
241.27,113.56
244.41,95.196
245.04,564.39
247.74,131.32
253.15,1211.5
250.5,362.12
255.97,43.035
258.63,529.36
258.5,383.12
259.7,492.72
262.5,570.29
269.55,1232.8
269.58,821.51
280.66,756.82
278.39,246.5
281.12,1003.6
285.68,20.618
282.98,356.65
283.37,621.37
290.24,296.63
292.53,1203.9
293.59,580
295.25,444.53
297.94,312.04
308.72,554.51
307.39,473.62
311.98,887.05
310.38,1208.9
323.1,406.15
323.9,587.97
325.5,457.5
327.34,699.29
335.74,9.8309
329.92,312.08
337.5,75.286
343.2,627.91
339,542
342.06,48.429
347.18,298.55
344.91,429.34
349.09,130.55
348.52,756.09
349.37,1007.1
347.83,874
352.88,1147.5
352,96.679
358.19,634.55
362.48,1094.8
362.09,881.55
361.91,330.09
373.29,131.79
366,449.5
368.91,873.15
377.9,355.78
374,1087.8
377.17,70.472
380.96,238.37
378.82,1133.6
382.45,796.91
387.95,601.51
386.14,673.16
392.11,755.94
392.69,190.28
394.37,97.686
399.65,1172.5
401.58,2.2424
404.18,1103.2
402.32,256.77
405.62,55.417
404.95,1047.8
408.31,667.27
408.62,769.85
409.91,1149.2
417.47,928.31
416.01,314.37
418.2,750.63
417.1,327.78
421.57,129.57
423.36,561.35
427.62,1025.5
424.88,545.35
431.2,63.684
432.15,338.93
445.66,491.91
440.41,820.36
434,758.5
440.17,1141
442.67,1039.7
442.41,302.07
445.6,668.6
448.59,426.2
447,1184.5
458.23,447.43
461.83,308.24
458.84,1222.5
467.56,1202.6
467,1064
467.98,1169.8
472.02,1047.2
493.74,1184.4
483.4,794.69
478.81,184.53
484.07,873.7
479.5,384
487.86,1239.7
483.88,1050.6
488.46,1139
489,835
490.5,921.08
498.59,978.27
498.35,112.71
499.97,72.135
498.58,1081.9
511.93,754.49
506.93,185.31
505.86,1065.4
507.98,603.37
519.15,1241.1
514.91,517.08
513.53,797.4
516.05,935.29
520.59,479.06
518.11,985.24
520.1,1136
531.85,1185.2
531.56,1112.6
531.32,423.61
527.95,89.891
528.94,315.69
530.09,766.16
533.69,521.27
532.67,259.17
536.04,500.87
542.37,1216.4
539.98,370.41
536.39,1005.5
552.51,870.01
542.02,1243.1
551.19,641.95
546.36,492.45
561.76,581.35
567.5,49.083
564.54,1044.7
575.19,5.9758
576.68,481
576.34,836.69
578,375.17
578.96,566.4
588.22,390.48
595.58,57.386
589.48,1197.4
591.11,1097.6
598.61,959.69
598.06,1143.7
597.49,522.41
599.32,588.2
600.15,10.265
601.8,1074.9
602.15,1112.3
605.45,1205.2
606.44,465.78
615.65,1092.9
619.29,434.08
619.08,110.05
619.57,374.99
630.65,771.75
635.8,492.54
640.6,524.55
642.39,977.72
641.76,265.74
642.31,1088.6
643.3,282.75
644.12,613.14
644.45,722.55
649.79,180.42
650.97,1229.9
651.03,237.3
650.4,21.4
655.12,1146.6
656.25,419.25
660.2,530.95
658,823.6
662.27,580.68
663.94,191.38
662.91,938.91
681.29,550.06
667.91,696.09
671.03,1230.4
674.94,429.57
684.68,1168.3
686.38,221.64
685.58,117.94
685.57,1034.9
693.52,483.4
696.13,679.8
698.73,91.367
699.42,511.83
699,1226
717.87,632.22
702.44,1083.2
706.64,1110.8
705.05,1130.1
709.2,96.518
710.73,858.7
714.22,156.28
721.56,423.75
719.47,54.247
719.88,707.46
720.24,578.33
721.99,1168.1
728.18,395.92
725.16,1156.2
728.26,991.55
728.51,1203.2
731.32,801.44
729.98,1100.1
729.8,57.926
730.71,943.55
730.5,195.5
751.95,185.47
744.29,946.62
751.09,97.313
754.6,431.16
751.9,375.14
750.04,416.59
755.08,707.29
759.19,1211.9
760.02,786.63
758.71,42.061
772.22,1154.8
769.08,837.56
775.2,666.93
773.78,742.17
775.92,1071
777,972.23
777.32,1216.5
777.03,870.47
783.04,512.13
782.86,385.9
783.87,566.31
787.33,884.13
797.13,679.25
797.21,150.15
796.78,191.33
817.77,736.16
809.66,805.86
814.09,1163.4
813.72,1112
816.89,3.2321
814.94,524.45
816.68,663.61
821.28,836.8
818,962.5
817.89,1186.4
821.9,202.34
833.55,459.53
848.84,1135.2
845.87,689.94
850.48,217.76
846.6,484.01
846.25,773.29
847.47,732
848.69,790.45
847.42,1247.3
853.41,322.84
848.57,707
851.19,1228.4
858.56,949.1
859.61,1207.9
865.85,586.18
866.06,721.33
873.47,476.55
874.26,628.67
900.03,834.39
883.61,914.41
896.69,1027.8
883.64,1227.4
885.8,996.88
891.33,761.94
891.25,1188.2
899.04,935
908.45,704.27
902.42,173.14
900.21,359.13
896.15,407
907.24,866.83
905.12,899.42
908.37,466.28
911.77,991.01
909.64,583.36
910.8,966.76
912.74,374.92
916.89,541.11
915.55,593.64
917.95,891.38
941.25,778.97
921.84,648.32
919,1003.3
923.44,62.68
925.63,745.34
927.41,962.22
932.64,1003
932.5,853.86
932.78,840.56
936.24,896.64
989.93,885.75
936.62,726.17
938.49,436.02
937.55,1043.7
948.27,749.97
944.25,961.29
942.03,1027.7
947.64,807.19
946.07,871.43
948.03,1212.6
945.39,635.61
947.51,845.66
947.14,885.08
948.73,106.6
956.95,374.51
955.7,261.12
962,1001
965.08,308.73
972.92,961.12
963.58,1181.1
967.1,564.74
966.76,933.18
970.12,1074.2
969.59,1128.3
973.88,514.23
974.43,103.43
990.54,768.43
990.96,1094
984.63,802.63
985.54,227.08
987.19,323.11
986.38,1000.4
991.98,1067.8
1013.6,962.41
999.28,616.7
1007.8,803.97
995.37,716.5
1003.5,483.42
1000.1,823.14
1012.1,1230.8
1015,1094.1
1014.2,778.46
1017.3,1057.7
1052.6,1006.9
1021.3,1125.3
1028,316.16
1023.7,436.43
1026.4,741.23
1031.5,472.71
1024,818.83
1032.1,780.61
1029.5,1243.5
1033.6,86.707
1037.4,375.95
1038.8,757.33
1034.9,852.58
1036.7,1021.8
1038.1,153.91
1039.1,487.08
1036.9,239.6
1041.9,928.87
1042.8,984.16
1046.6,622.95
1048.1,677.96
1053.4,842.28
1046.7,1088.9
1055.2,1031.5
1051.3,556.39
1051.4,1184.9
1048.5,1103.5
1051.2,707
1053.6,125.97
1097.1,848.82
1054.9,568.05
1061.8,698.61
1061.5,1082
1064.1,408.97
1068.9,463.45
1071,745.33
1072.3,636.91
1072.6,1107
1082.3,1070
1083.4,986.79
1083.2,717.58
1082.9,1138.2
1083.5,184.72
1084.8,907.28
1087.3,483.16
1087.3,655.9
1090.5,589.65
1087.6,642.11
1090,1015.5
1098.2,738.57
1094.3,921.69
1102,628.69
1098.1,705.72
1096.8,1168.8
1102.1,819.02
1099.4,575.61
1114,1030.9
1114.2,913.07
1113.4,960.2
1120,398.89
1125.5,844.07
1117.8,933.83
1122.5,286.95
1125.6,1067.5
1128.2,1148.4
1134.4,86.687
1133,828.49
1130,795.75
1133.7,977.42
1133.2,939.95
1139.6,246.66
1137.3,1106.7
1136.7,722.85
1137.2,994.67
1139.9,926.78
1142.7,751.19
1144.9,895.94
1139.6,1041.1
1144.2,505.93
1140.9,298.35
1143.5,1117.5
1142.1,453.14
1171.3,935.15
1148.9,1171.3
1143.6,1183.6
1147.5,101.21
1147.1,821.42
1155.6,874.62
1153.3,781.35
1161.9,602.2
1165.5,822.71
1163.5,1079.5
1160.8,541.66
1164.6,749.38
1165.4,1018
1168.7,847.21
1172.6,142.03
1171.3,1174.1
1172.9,644.63
1172.3,771.74
1179.3,460.6
1180.3,787.33
1178,864.55
1179.1,173.67
1184.5,1036.2
1182.4,831.2
1194,119.13
1194.9,797.99
1200.5,448.2
1203.5,871.83
1206.4,981.41
1204.1,368.91
1202,185
1206.3,404
1206.5,186
1210.1,112.32
1211.6,537.66
1212,815.29
1215.9,243.41
1216.2,773.3
1222.3,836.04
1219.2,913.35
1220.5,1014.6
1222.4,42.435
1226.1,1197.6
1226.6,289.93
1229.8,419.46
1229.9,993.4
1231.8,862.08
1231.6,958.8
1234.4,64.548
1233.5,895.1
1241.5,345.03
1243.1,928.15
1245.5,278.47
1247,841.65
