8.617,199.36
3.5397,318.16
36.75,421.82
8.3314,515.95
8.2026,538.66
2.881,575.26
2.3226,650.48
9.3009,1107.7
7.314,1187.2
6.4605,785.38
5,366.5
17.67,746.4
16.302,442.71
14.692,490.94
14.573,1042.6
9,362
12.5,469.5
19.707,373.36
14.407,92.074
22.635,1231.5
21.372,1171.3
40.421,719.1
29.8,540.88
25.5,1099.1
29.936,48.987
28.81,138.19
34.25,1210.1
32.939,1035.1
39.535,475.92
52.124,510
37.489,317.8
37.861,112.39
38.068,197.55
39.5,1060.6
45.419,1078.9
48.401,1166.6
54.926,353.39
56.489,599.12
47.756,221
48,565
53.773,250.77
56.356,1198.6
57.047,626.91
65.353,1226.2
73.297,142.5
62.63,729.48
64.43,1114.4
66.593,225.93
68.081,1209.4
73.354,975.08
72.903,630.74
76.143,930.4
76.988,48
76.949,310.13
86.246,564.77
80.981,689.6
79.226,620.58
79.37,1078.5
83.419,121.42
89.753,1016.6
90.346,64.712
89.091,471.09
94.297,611.62
97.322,967.56
97.642,507.04
98.328,549.46
99.077,1171.4
108.27,412.1
112.53,172.22
106.96,648.54
105.75,947.74
107,992.5
113.99,1068.1
113,610.81
114.51,356.77
115.85,262.76
125.52,563.58
118.47,1195.3
123.49,605.73
123.25,630.11
122.33,365.69
123.89,1117
128.29,197.44
128.96,254.77
126.41,1128.8
126.37,522.03
138.78,1062.7
128.5,109.88
146.96,670.75
136.92,945.43
134.85,13.459
133.5,38.5
140.31,989.28
139.36,66.028
143.62,112.97
144.81,1198.7
140.11,288.58
146.77,327.73
141.93,1175.7
144.66,297.97
145.3,474.87
150.79,164.42
148.59,450.59
157.99,501.33
153.82,564.76
156.42,378.74
162.77,1242.3
157.1,110.47
159.45,520.59
160.43,903.21
160.12,597.35
164.34,440.43
166.07,1028.5
165.03,1007.3
170.53,1099
168,838.5
171.33,1223.9
169.5,172.5
176.02,1158.5
170.95,129.95
171.28,136.08
172.32,159.64
173.13,883.74
183.41,214.63
182.47,258.08
181.67,363.2
184.97,932.97
182,488.62
185.97,1036.9
185.88,784
188.71,1005.3
188,92.582
189.89,542.11
191.4,819.55
200.02,113.21
203.26,260.11
200.66,341.05
197.05,519.09
198.71,947.81
200.59,869.11
205.03,474.82
205.34,798.11
208.39,1169
204.12,32.448
205,459
210.08,542.14
233.97,410.58
208.98,831.63
211.28,987.94
211.65,777.57
215.11,1200.2
218.76,1044.6
212.58,298.11
213.59,570.93
225.51,199.79
225.54,516.31
222.71,884.08
221.26,834.37
224.17,236
225.04,474.93
224.98,689.19
225.67,1180.1
230.14,279.25
232.77,55.718
231.05,565.23
231.19,107.88
238.89,306.56
236,23.702
236.17,762
238.9,1224.4
243.53,523.78
244.03,540.91
244.36,385.5
243.55,884.89
242.32,1152.8
247.09,372.91
253.88,959.4
248.15,1237
252.63,508.93
257.27,1027
250.31,461.42
259.88,896.83
251.33,584.87
253.29,748.25
259.18,177.08
259.93,641
263.2,495.46
276.05,12.358
266.22,116.48
263.5,606.5
266.8,290.44
267.41,964.93
268.5,931
270.41,436.07
272.1,197
276.84,751.91
276,760
286.69,243.72
281.23,355.71
289.3,393.42
284.38,227.47
292.05,1184
285.11,489.76
288.08,592.76
285.13,630.17
287.49,517.8
287.59,163.93
292.22,675.76
291.96,1034.9
291.53,322.05
291.92,813.59
291.75,306.64
294.59,85.958
294.03,762.26
297.2,467.1
298.12,233.38
299.5,345.5
299.86,1214.4
305.74,403.37
303.52,2.7241
304,226.17
315.57,304.71
316.1,158.03
319.21,601.83
316.05,292.46
323.27,1090.6
319.81,1072.1
327.57,427.01
323.48,523.89
318.59,1202.8
321.84,967.44
326.52,1157.2
322.5,65.5
326.6,89.857
330.23,1046.9
327.63,77.842
329.74,333.89
328.94,352.12
329.02,1191.5
331.03,1207.9
335.09,379.76
337.09,736.76
344.66,268.49
339.12,540.69
340.71,690.92
341.5,355.75
344.99,1159.4
347.78,566.46
347.05,82.447
360.19,595.31
354.5,497.07
359.9,457.99
350.96,939.58
350.3,338.73
351.11,1173
363.6,426.15
353.36,46.857
355.79,722.21
363.55,997.91
355.79,533.58
358.46,1181.4
358.14,99
357.58,899.89
362.32,87.491
371.09,519.1
369.59,97.926
371.35,551.09
373.15,813.84
373.78,978.33
370.63,1201.6
376.05,1234.5
377,793.12
377.89,629.42
384.13,677.1
383.61,497.02
393.07,969.67
382.06,18.588
384.56,45.188
385.34,804.11
386.63,271.73
388.25,426.94
393.23,1161.2
387.39,105.86
398.57,69.643
401.95,568.46
406.47,288.75
403.56,634.89
401.17,268.32
404.61,348.71
401.02,457.88
404.24,517.06
404.65,929.35
410.85,1089.9
423.33,87.3
411.37,362.59
409.5,231
413.41,897.83
420.07,66.071
421.95,693.43
428.73,208.6
427.32,52.946
429.99,466.76
428.32,888.49
429.2,829.08
429.07,252.41
432.4,491.4
430.87,635.17
431.78,927.46
440.76,358.88
435.84,117.43
434.92,152.92
436.77,1199.3
444.07,128.61
446.79,473.56
445.11,1031.4
446.54,44.659
448.83,186.09
449.54,98.239
453.54,164.32
446.37,341.52
445.03,525.88
445.33,559.11
448.86,1078.2
456.96,270.45
449.92,540.58
448.63,889.59
447,991.33
454.57,1139.1
450.42,496.94
453.22,629.62
452.7,17.791
452,1.5
452.5,964.5
456.31,569.47
479.31,329.75
457.39,905.32
466.44,509.04
458,8
466.62,78.835
465.61,891.67
471.96,938.17
474.12,129.72
465.84,858.86
470.16,603.65
471.2,981.13
470.91,545.09
471.44,1039.9
474.61,286.89
478.4,679.28
473.07,790.59
475.21,361.23
476.95,1218.8
479.67,93.51
481.62,421.82
479.28,1140.7
483.48,185.64
483.35,1016.5
482.88,356.1
488.71,436.63
497.23,193.2
495.27,115.58
496.25,381.19
496.13,133.05
505.31,249.44
498.73,221.45
500,303.39
502,868.5
507.49,539.4
513.74,910.68
508.69,1107.4
511.54,1130.9
518.5,311.91
520.22,112.55
517.99,408.28
517.63,4.7742
517.08,1190.2
518.13,823.7
520.98,180.05
519.39,707.89
523.41,19.765
522.39,454.27
534.77,363.77
529.75,615.93
528.62,1112.9
524.24,803.3
529.16,29.945
530.26,330.08
529.06,424.19
529.51,827.57
531.84,96.226
535.24,791.72
534,381.5
542.34,294.45
539.08,159.78
538.4,13.191
537.5,773
539.45,982.39
540.14,461.14
542.64,100.6
551.62,531.06
543.29,2.2941
547.62,197.62
547.66,1076.4
548.02,1180.6
557.97,84.311
552.29,305.43
551.96,572.33
555.33,432.17
554.35,637.05
554.84,327.9
554.5,1200
560.39,462.2
562.22,938.72
558.68,413.8
566.05,128.96
573.34,618.58
567.32,46.114
566.38,554.95
570.44,281.52
572.73,976.16
569.12,349.5
575.18,639.54
569.95,1129.6
572,333.58
571.41,1117.5
577.53,384.09
585.94,101.84
580.28,791.21
581.23,864.96
582.82,521.55
582.43,410.09
584,1216.8
587.34,276.5
585.71,550.71
607.79,457.44
607.88,698.53
620.11,639.3
599.42,216.39
598.17,437.05
599.5,401.5
611.79,243.03
602.43,610.36
604.28,716.35
605.43,858.27
620.63,193.02
609.65,976.75
608.54,582.85
612,310
614.76,1185.3
613.92,171.08
617.92,85.707
615.25,410.69
617.39,1095.2
618.42,548.46
620.89,606.76
624.3,934.19
621.27,483.55
631.12,529.91
628.58,835.19
623.74,873.15
629.57,22.326
627.14,502.14
627.81,110.26
631.08,1032.6
650.87,458.02
632.71,748.93
634.67,512.78
635.63,963.9
643.04,78.083
640.18,787.01
640.43,706.49
644.12,634.87
645.31,217.07
643.07,931.13
645.11,176.58
650.17,772.25
652.02,164.18
650.9,920
656.66,518.29
658.96,741.27
660.05,1122.4
661.55,1154
664.12,650.08
666.53,302.43
667.07,925.07
666.19,937.62
666,573.17
668,324.5
674.26,528.92
669.22,1057.4
670.85,410.27
670.67,229.6
677.25,429.19
686.17,392.91
677.5,941.86
687.15,549.24
690.46,1234.3
688.99,481.75
685,363.81
688.28,669.3
689.78,19.91
692.25,176.42
690.6,71.822
694.55,803.48
696.66,202.92
726.32,765.48
700.86,635.17
698.39,526.29
696.43,1176.6
697.66,317.47
702.39,438.55
708.39,1087.8
706.93,923.22
707.59,1032.1
710,551.62
710.93,71.967
722.93,957.08
715,671.67
716,831
717.09,423.91
716.4,580.4
719.43,357.06
722.81,262.16
726.99,499.1
724.1,1118.7
721.5,7.5
728.66,78.8
730.41,845.38
731.5,680
731,1071.5
733.77,641.41
734.55,623.42
738.01,176.3
734,415
735.24,1189.2
743.41,865.25
761.08,660.76
743.02,71.373
740.58,402.11
746.01,1098.7
745.65,706.88
746.5,23.5
753.12,359.06
762.03,1068.1
766.38,718.26
757.94,844.23
762.08,1103.2
762.43,3.5714
767.94,400.73
777.05,324.43
768.28,589.87
770.53,431.19
776.42,118.22
781.45,174.44
777.23,847.15
778.5,510.5
787.69,401.69
791.51,152.39
789.26,95.717
789.71,349.55
791.52,804.89
794.48,262.13
791.3,719.2
803.37,482.21
793.56,1100.8
797.84,564.92
799.56,1135.2
803.35,536.15
800.6,113.6
801.89,166.42
810.51,328.15
818.49,361
811.67,586.87
809.59,125.79
810.37,342.57
813.27,316.37
819.11,54.052
821.29,674.08
816.89,691.42
823.49,1031
818.78,1105.4
821.42,455.2
820.59,610.39
821,13.5
824.21,905.14
824.32,656.86
824.11,1222.3
828.47,703.35
827.84,816.93
825.5,791.5
831.25,920.16
831.92,149.47
832.41,997.99
830.83,614
841.15,96.591
833.16,252.56
834,1042
838,77
841.97,171.86
847.48,18.922
840.9,1221.1
841.29,609.73
840.86,1017.4
843.86,1057
843.04,214.6
849.85,1003.3
851.13,1202.3
853.57,202.37
848.89,511.58
856.87,546.73
856.66,322.33
851.06,460.59
857.61,261.94
858.83,629.6
867.64,386.88
860.42,176.72
861.22,863.83
861.84,569.47
867.24,970.67
863.93,43.833
867.8,824.9
873.66,285.97
869.59,1169.6
871.11,1133.6
877.67,7
880.48,104.97
880.22,774.68
884.92,734.24
881.61,35.569
884.89,1237.3
888.42,404.16
886.84,602.7
889.6,789.24
887,823.9
890.73,972.44
894.82,886.16
895.09,1082.8
894.62,472.2
896.13,39
901.63,1017.8
901,590.38
901.44,905.2
902.97,788.71
902,34
907.54,203.96
903.35,532.03
905.62,806.62
905.5,1194
912.77,466.13
911.29,912.38
910.07,745.95
920.36,149.87
915.25,607.82
921.49,413.48
916.55,710.6
921.82,969.3
919.01,286.02
914,942
922.63,852.18
924.12,546.28
929.4,784.07
923,594.5
926,936.05
928.31,223.34
933.88,623.29
928,804.6
929.85,1155.3
934.85,899.44
939.03,718.23
936.73,294.05
937.79,181.19
938.31,1080
939,1107
946.1,347.33
945.05,1121.7
949.4,324.43
952.28,1043.7
956.35,1104.2
954.84,933.77
958.94,838.57
957.5,823.5
959.71,66.439
960.73,5.3667
965.9,138.01
962.89,855.42
965.09,1029.9
968.1,577.14
975.59,961.38
975.29,6.5952
980.99,341.04
976.42,1129
984.43,129.57
979.29,644
980.08,924.69
983.1,98.195
980.5,480.5
983.07,1228.1
983.5,591.5
986.91,995.4
991.06,362.97
994.05,1193.2
993.88,932.57
997.26,1082.2
998.2,1167.9
994.62,416.57
999.09,665.5
1000,962.65
999.43,160.94
1004.8,196.47
1003.6,275.97
1009.7,773.4
1003.7,851.79
1005.9,1146.3
1007.4,589.26
1010,136.13
1012.1,656.07
1010,1123
1014.3,560.67
1014.5,1030.8
1018,353.91
1018.7,669.79
1021,1227.8
1020.4,28.4
1018.9,255.95
1019.3,986.43
1023.4,1002.7
1027.8,107.54
1028.9,133.61
1029.5,492.5
1035.6,201.76
1032.9,634.88
1041.4,1009.8
1039.6,967.39
1037.4,866.5
1041.4,119.65
1041.4,128.66
1041.4,771.26
1044.6,1174.5
1042.8,146.67
1043,174.78
1044,71
1045.4,271.8
1047.5,406.14
1045.6,646.03
1048.2,694.53
1051.1,354.25
1055.3,718.98
1055,558.32
1053,610
1065.7,80.622
1067.4,431.31
1054.9,964
1055.5,578.5
1056.6,602.5
1058.9,885.98
1067.1,1243.6
1068.2,512.02
1068.8,612.17
1072.1,493.8
1074.8,365.43
1075.9,837.82
1079.4,235.04
1075.7,1163.3
1081.7,387.47
1081.4,1006.5
1084.6,316.11
1081,291.12
1085.9,1075.1
1091.3,473.55
1087,712.5
1089,182
1094,626.16
1089.5,1007.5
1094.9,56.771
1093.8,725.12
1093.6,1141.6
1100.3,584.22
1098.2,254.87
1113,1173.3
1119.4,490.05
1104.4,1204.1
1107.1,306.17
1108.2,69.636
1109.8,131.95
1116.2,855.41
1112,153.28
1118.3,608.44
1118,892.53
1114.6,291.6
1115.4,397.22
1117.6,721.93
1122.7,1135.3
1127.8,20.942
1125.3,384.15
1126.5,1070.3
1127.4,587.87
1131.5,624.01
1132.8,257.84
1130.5,579
1138.5,274.99
1141.2,457.21
1136.1,517.73
1142.9,838.75
1145.6,375.99
1144.5,1170.6
1143.6,359.57
1150.2,658.67
1145.6,56.839
1144.6,145.94
1149.6,1217.2
1151.9,3.6143
1151,758.28
1158.3,324.7
1152,472.5
1161.1,1081.4
1163.2,841.59
1163.8,1042.3
1177,624.22
1165.1,1161.9
1167.1,916.71
1167.9,936
1175.4,1095.4
1174.9,338.5
1185.4,180.04
1185.9,417.11
1186.8,1040.1
1185.4,1142.9
1188,109.23
1187.3,1071.4
1191.9,446.42
1202.5,507.86
1199.1,375.18
1202.7,273.74
1202.4,998.24
1210,383.57
1202.7,402.7
1203.3,1227.7
1206.3,780.48
1206.8,303.92
1208.6,705
1213.2,120.37
1207.5,817
1216,1030.1
1214.4,832.61
1220,933.7
1211.9,1204.5
1215,270.5
1222.4,411.02
1220,394
1220.5,673.42
1222,224.8
1224,688
1223.7,173.93
1225.6,488.08
1226.1,562.58
1230,201.5
1230.4,252.04
1239.2,1069.8
1237,153.67
1234.3,1157.7
1237.6,783.18
1238.5,220.52
1239,43.5
1239.4,669.14
1240,816.5
1244.1,1017.9
1245.9,720
1246.1,1097.2
