6.25,40.583
2.6957,260.59
3.9264,539.67
1.95,563.15
4.4902,609.83
7.8258,640.98
6.5938,861.43
17.986,1112.2
10.714,977.92
8.4321,337.74
15.228,998.31
19.119,92.352
21.282,440.78
16.892,1177.6
21.395,957.36
22.091,478.98
27.848,202.62
14.56,1055.1
27.062,128.21
29.676,365.73
27.314,281.96
28.633,754.85
33.086,65.686
37.892,145.35
36.794,265.69
46.411,991.65
39.167,1102.5
41.952,1069.8
46.725,109.11
54.281,1017.4
50.804,1184.7
51.174,672
55.057,153.87
53.771,405.2
55.5,804.36
59.5,1205
62.118,99.147
63.291,507.18
62,644.5
67.094,813.83
69.989,660.8
74.189,1080.2
76.138,681.5
76.267,1038.9
71.116,1236.2
85.524,589.47
100.43,98.953
84.216,713.32
85.859,814.77
82.725,1185.8
89.352,1215.7
90.419,779.66
92.531,988.44
100.09,1031.8
96.107,1088.1
91.5,27
94.233,42.5
94.444,489.71
95.5,683.5
92.061,1154.5
97.156,163.3
101.25,581.06
103.1,384.69
102.85,997.55
104.15,1065.7
106.31,634.48
105.13,844.33
111.31,731.97
111.38,260.99
107.81,656.27
121.78,1010.6
119.1,298.04
125.73,795.67
116,46.5
116.42,645.89
117.56,835.04
118.95,1207.9
120.82,517.04
124.73,12.478
127.35,149.1
123.65,605
130.4,312.45
137.25,1052.9
133.7,640.28
130.86,1139.8
127,1172.5
131.09,229.41
132.13,503.18
136.44,598.56
140.23,754.85
149.19,387.46
148.16,1178.8
150.27,1139.2
163.01,531.74
154.58,228.89
155.03,1210.9
155.43,430.01
164.36,479.4
158.76,335.81
162.95,271.85
167.05,1144.8
166,150.78
163.93,698.5
164.03,1237.1
168.54,443.16
169.27,976.84
174.5,5.5
188.04,646.05
174.66,909.16
176.94,795.61
180.93,102.61
183.78,237.65
182.35,1004.4
181.44,1100
186.11,617.06
187,1157.5
187.87,204.52
192.61,1021.7
193.38,19.353
200.97,474.94
196.55,797.71
202.34,779.18
204.71,654.72
210.69,72.994
202.41,512.07
205.91,669.15
211.25,440.08
213.89,121.63
212.37,1094.9
209.81,961.93
214.87,1204
215.99,846.6
261.69,1012.1
224.14,264.32
215.87,345.41
226.11,647.96
224.84,980.54
227.99,320.67
224.14,504.59
227.2,423.29
234.94,1048.6
238.27,1103.1
238.4,388.33
238,1078
238.58,676.11
241.62,66.676
248.17,854.13
245.99,582.07
247.75,715.28
249.55,139.91
251.39,809.95
254.3,9.3165
248.83,166
250.09,643.57
256.3,208.28
264.12,672.64
261.68,264.51
259.68,734.68
266.52,1175.8
260.32,1236.6
265.77,88.964
261.15,567.95
261.58,894.51
267.12,331.25
274.16,609.71
274.32,539.26
274.07,32.143
274.78,293.46
278,966.23
287.35,793
288.18,661.18
292.94,197.03
293.38,247.9
287.06,834.33
287.62,1141.7
296.61,1099.5
290.61,305.57
295.15,100.58
296.69,928.5
302.13,712.04
299.44,697.2
314.6,323.72
300.6,1019.6
303.14,168.61
309.72,659.19
303,568
307.67,689
310.2,360.41
314.19,266.19
320.28,608.38
318.65,523.68
312.5,2.1818
320.2,411.98
323.57,1220.6
322.96,567.69
322.59,706.95
325.71,371.29
331.59,1187.1
336.66,120.91
337.16,813.38
330,170.82
334.33,1239.2
330.59,696.07
337.54,652.95
337.11,724.28
333.16,742.05
332.5,624
338.9,355.63
338.55,512.18
336.15,896.58
342.09,1094.5
343,265.82
343.29,436.85
341.33,550.65
359.99,471.63
347.99,570.21
348.22,56.55
347.5,670.5
348,710
351.72,371.88
354.83,321
359.3,611.27
360.62,961.14
365.38,412.05
363.13,929.17
366,906
376.94,514.12
372.51,954.18
372.74,555
373.97,1043.9
375.08,1084.4
375.5,660.5
378.84,186.46
381.75,358.8
385.51,1118.7
386.72,13.109
393.75,221.85
390.96,1224.1
390.1,439.19
390.84,838.76
395.42,473.85
393.07,517.53
397.98,886.15
398.63,984.3
402.34,391.79
402.44,664.8
402.35,921.24
400.43,1156.4
402.65,445.9
409.04,646.96
413.21,344.19
411.69,473.63
409,227
415.75,679.71
412.48,715.4
414.62,190.78
418.12,177.43
425.46,367.22
421.73,434.94
419,607.5
423.86,162.92
430.3,720.52
431.29,604.37
433.63,1097.3
433.36,1126.8
433.92,781.7
439.67,1193.9
438.94,21.673
439.17,52.75
440.46,82.048
439.32,398.74
445.41,1084.6
443.02,530.51
444.12,623.75
445.17,734.36
446.44,804.92
455.56,108.54
449.37,915.63
461.4,372.21
454.34,1016.6
461.05,307.45
460.17,701.07
459.14,470.36
458.5,553
460.88,510.47
459.71,1123.6
461.64,821
464.55,324.92
466.54,436.08
464.84,1061
466.91,620.06
475.26,1114.1
474.42,986.96
476.47,1190.6
475.77,494.03
484.82,8.9264
482.82,1010.8
486.98,539.93
481.75,608.06
482.5,189
490.72,229.7
489.76,424.77
494.94,355.85
492.69,66.185
491.26,131.34
497.06,643.73
502.94,276.13
501.21,175.49
501.65,808.62
506.85,56.965
503.65,937.12
507.71,1015.2
514.34,598.48
511.5,488.5
516.85,698.71
511.91,1093.1
520.38,312.02
522.57,1178.3
523.81,98.855
522.3,177.65
521.32,953.4
524.08,5.4026
528.1,511.74
533.12,663.26
529.91,1021.1
539.43,212.82
529.37,523.85
529.43,1096
530.43,34.946
534.41,393.59
531.13,71.174
537.35,160.2
535.47,289.27
534.27,592.6
535.97,376.56
536.81,452.76
535.58,60.625
537.43,1148.5
541.99,818.89
540.8,409.83
544.98,1097.8
548.88,256.91
547.47,1241.5
552.04,918.82
559.17,619.11
556.9,137.12
556.6,564.26
572.15,413.3
558.17,2.617
559.4,123.11
559.5,540.22
564.41,183.12
574.28,330.27
562.99,54.044
566,248.33
572,1.92
572.65,163.94
571.5,872
578.86,292.55
572.91,1171.1
579.1,381.12
576.36,1229.7
576.92,777.92
580.73,1190
581.06,464.63
581.54,579.95
587.92,542.35
594.19,350.26
595.4,59.348
606.16,179.95
610.39,516.9
606.19,6.2245
601.95,744.57
616.8,479.75
607.51,205.55
604.5,283
606.54,1088.5
606,256
608.06,606.06
613.27,959.94
614.75,36.134
621.27,322.19
621.05,374.78
628.77,439.73
629.33,1037.3
627.87,73.044
631.57,950.37
631.53,43.157
631.1,1201.9
638.07,122.68
632.75,1101.8
643.87,223.43
644.62,392.7
645.17,425.32
642,847.67
644.7,362.15
653.43,722.42
645.02,1145.5
646.39,1196.5
647.85,946.36
652.86,51.045
653.21,204.15
656.88,99.374
655.83,84.596
653.5,325
654,811
656.89,1209.6
659.8,954.72
659.69,137.44
667,146.79
670.89,74.579
674.03,914.25
675.68,561.58
679.03,1146.2
682.08,986.34
685.87,102.33
688.3,1055.7
694.55,480.14
689.59,134.06
690.09,1223
699.47,430.84
695.37,528.63
698.18,103.13
706.06,742.76
706.95,91.909
710.37,140.16
709.19,589.52
716.52,12.791
718.39,220.28
716.58,341.43
712.11,34.591
712.96,807.96
714.54,287.73
714.69,854.67
713.42,609.11
720.73,1104.1
718.97,500.04
730.45,183.39
728.32,396
736.4,525.53
738.95,263.39
745.3,283.3
747.45,5.163
750.41,159.8
753.95,372.72
751.92,22.5
751.71,488.18
759.71,522.58
767.41,445.96
761.69,33.831
762.54,170
759.86,1141.7
763.76,60.853
763.75,947.13
764.35,123.88
767.06,908.62
767.56,75.5
770.21,680.48
770.77,733.1
778.45,243.32
780.2,549.1
779.85,594.96
780.85,1235.8
783.09,1002.3
784.44,137.51
782.47,184.84
798.41,529.08
791.67,1145.5
798.02,223.57
801.11,449.13
801.91,295.42
802.04,482.56
800.85,1137
807.69,92.392
810.05,167.1
812.99,907.24
820.55,237.85
818.1,658.05
818.84,685.61
830.2,724.72
836.75,103.3
830.3,356.07
828.31,149.57
828.17,219.13
826.41,635.93
827.63,1031.2
845.25,401.87
834.56,66.594
834,923.39
835.04,335.71
836.32,130.34
834.04,572.6
841.65,168.83
841.31,237.78
847.56,363.63
855.47,258.32
858.43,442.55
856.52,869.43
858.28,575.75
856.85,1010.9
858.4,1084.2
861.18,217.48
861.91,234.09
865.61,354.49
869.15,290.9
863.57,695.06
865.67,110.38
871.98,597.72
873.06,323.65
873.99,262.71
875.84,1227.6
880.78,145.13
880.4,927.11
883.67,302.41
886.17,1181.4
883.4,1198.8
884.43,220.43
889.24,508.62
889.33,359.37
891.94,655.16
889.43,328.57
894.25,457
897.76,39.563
896.84,402.93
898.18,550.88
901.59,81.978
904.52,169.38
907.15,341.18
907.2,743.18
905,969.5
905.68,481.2
910.72,503.48
905.7,696.17
907.85,1089.9
917.54,557.12
914.92,597.1
917.1,5.3097
915.53,928.12
920.6,1243.6
920.97,472.4
916.58,892.89
919.41,1079.4
921.9,32.271
928.49,1170.7
932.73,850.66
939.05,3.7105
937.85,594.92
942.92,690.56
952.54,597.64
953.71,1238.3
958.65,712.55
960.29,501.98
965.72,267.76
969.49,3.0286
970.12,105.67
971.95,137.55
967.13,417.65
971.62,248.56
982.15,462.39
980.58,57.766
977.22,226.99
978.43,178.94
984.86,290.42
980.56,1055.3
980.84,1092.7
983.77,304.68
983.26,278.43
983.19,606.07
984.06,838.01
984.17,115
988.71,239.71
993.32,1185.4
995.12,171.53
996.57,327.78
999.52,200.2
996.5,466
999.26,726.77
998.83,961.31
1004.1,388.23
1005.6,596.18
1012.8,167.26
1009.1,745.8
1012.8,30.215
1011.1,910.23
1013.6,1121.4
1014,330.44
1015.2,1096.7
1018.1,1238.1
1015.9,484.98
1017.8,418
1019.6,403.44
1028.4,667.41
1031.7,313.13
1026.7,801.31
1028,557.5
1029.5,844.5
1040.7,248.34
1038.1,1148.6
1044.6,76.453
1043.8,138.17
1041.8,336.64
1043.9,1027.9
1045.2,395.33
1050.3,541.71
1049.6,1097.9
1054.8,277.63
1051,1123.1
1051.4,986.9
1051.1,186.59
1060.8,962.05
1060.2,207.26
1064.9,455.42
1068.1,555.08
1067.8,817.44
1077.8,218.94
1072,940
1078.4,683.04
1080.5,6.9672
1082.1,312.58
1090.2,104.23
1087.2,609.93
1093.4,256.72
1092.3,1079.4
1092.4,1112.6
1104,432.32
1101.4,60.93
1093.6,1171.1
1096.8,1057.7
1099,914
1104.9,309.46
1100,931.33
1112.9,266
1110.6,371.62
1108.4,1168.4
1117.1,537.55
1112.9,473.94
1114.3,595.29
1116,1028.5
1119,567.17
1118.4,1157.5
1132.6,496.82
1127.4,1219.3
1128.9,308.78
1132.1,883.13
1133.2,965.4
1135.4,1245
1135.8,1093.9
1140.2,119.22
1136.8,1122.3
1136.5,1196.8
1136.4,698.8
1139.5,515.71
1144.4,186.22
1144.4,902.42
1151.8,383.46
1153.5,953.64
1151.1,177.14
1151.7,1138.9
1157.6,684.55
1156,245.69
1154.7,719.17
1162.5,8.1733
1161.9,597.74
1164.3,564.77
1163.8,1146.3
1171.6,1115
1164.1,275.14
1169.3,393.17
1167.6,454.05
1175.3,866.62
1174.1,928.06
1178.3,1174.1
1182,156.47
1177,581.5
1181.9,348.88
1186.2,799.45
1183.6,962.85
1190.2,250.14
1190.1,37.84
1186.9,302.31
1186.1,326.62
1188.3,555.16
1188.8,129.54
1198.7,135.72
1191,379.2
1195.7,993.64
1201.3,621.61
1195.1,316.14
1197.9,515.89
1198.8,118.9
1203.9,881.1
1199,938
1207.4,924.44
1210.7,605.12
1212.3,437.27
1211.8,671
1214,560.17
1222.4,803.52
1223.8,938.52
1222,1064
1227,86.367
1228.7,1111.8
1228.7,126.67
1227,1068
1235.8,210.57
1241.1,346.67
1238.8,424.62
1240.6,470.16
1240.8,1046.4
1240.7,230.65
1243.6,394.16
1243.8,842.14
1244,1132.1
1245.2,409.12
1246.2,948
1246.7,380.79
