6.11,535.95
6.5,106
8.3929,1157.5
9.5429,260.8
13.091,443.09
14.344,673.53
19.394,246.83
16.064,1114.3
16.407,1187.1
20.087,32.188
22.15,284.15
19.9,955.38
26,663.04
23.926,400.59
25.5,565
29.7,535.56
31.321,82.585
43.549,1092.3
41.436,858.08
43.414,316.48
49,582.5
57.565,657.61
64.775,631.3
69.877,19.543
73.676,55.054
73.788,1221.3
76.317,189
80.074,369.59
83.367,648.37
93.907,444.31
92.5,596.78
90.333,631
93.89,1238.8
99.944,789.54
102.03,196.35
101.47,1163.1
108.17,567
116.1,1073.5
114.65,444
120.32,617.17
128.39,478.87
130.42,1158
147.54,366.59
150.3,1223.9
154.89,502.58
159.54,608.07
169.15,442.97
169.91,156.09
175.95,85.009
180.88,507.52
180.02,753.94
182.88,962.88
185.54,279.85
184.56,526.08
186.35,60.938
190.1,449.62
189.17,824
200.84,204.2
201.47,670.53
203.66,997.15
207.57,356.68
205.95,652.47
208.27,1192.7
211.88,728.18
216.09,941.27
221.59,316.62
223.5,567
221.42,597.11
222.5,833
227.12,944.12
227.94,1166.2
231.99,52.589
230,434.82
232.4,744.9
240,648.5
249.51,110.32
251,480.5
254.11,180.5
257.89,579.87
260.11,31.75
260.19,813.67
259.35,161.45
268.54,415.56
265.4,581.4
270.93,778.57
273.79,37.147
280.12,271.02
289.67,1040.6
292.54,746.46
305.81,179.93
306.07,1135.6
310.54,361.06
318.05,939.79
317.47,985.28
319.5,19
323.64,967.07
325.1,511.62
327.86,856.86
335.86,1201
338.7,77.486
340.88,702.88
341.5,518
345.27,551.21
344.35,950.17
357,685.71
354.32,1223.2
357,266.5
364.12,277.64
365,838.5
367.8,622.55
367.61,1163
370.42,1100.5
378.93,462.59
381.5,1021.5
385.38,104
385.5,1004.5
397.83,838.59
401.07,507.79
408.32,39.587
409.32,421.91
407,1142.3
412.82,1103.3
414.86,1009.9
418,1052.1
421.09,166.09
424.11,80.189
426.16,1215.6
428.4,847.95
431.69,277.99
427.42,822.89
437.69,33.812
449.62,725.72
443.5,940
447.32,680.48
451.6,907.6
457,903
461.62,371.46
465.57,1093.3
464.91,32.091
473.81,922.35
473.6,70.643
475.6,285.64
480.51,406.65
482.75,674
482.88,1194.8
492.62,85.2
496.46,896.62
496.37,766.37
499.5,1118
505.81,260.6
509.17,722.59
518.14,608.04
517,133.82
518.44,400.03
517.89,941.61
523.32,917.59
530.04,1044.7
534.61,919.14
553.11,1171.4
560.88,649.17
563.5,142
568.27,1194.6
572.51,466.54
571.54,7.3509
572.59,1063.9
584.02,24.383
583.94,79.796
586.44,2.7436
588.46,1026.7
591.57,567.66
600.05,65.854
603.94,808.8
604.11,95.95
604.59,1009.1
616.76,128.24
630.09,294.56
634,963
638.5,113
652.96,24.633
659.23,149.62
656.86,871
662.93,1051.1
661.05,182.83
659.5,999
670.98,430.44
671.36,879.81
669.86,87.929
673.02,401.39
675.77,361.18
673.33,599
677.22,935.34
685.5,609.5
687.92,1006.1
697.98,810.38
703.35,343.03
703.29,1239.8
707.84,1215.1
707.58,126.15
706.92,840.92
710.5,50.048
721.1,741.97
725.84,515.44
723.39,545.86
727.18,1193.7
731.39,347.34
734.64,960.05
738.45,695.43
736.37,62.367
741.42,121.95
744.47,780.95
751.48,1226.8
756.08,1171.2
754.9,213.62
754.42,471.11
763.46,645.09
765.5,949
767.39,280.87
772.91,1239.4
780.62,493.87
786.81,1138.4
789.91,1103.8
791.71,675.55
803,661.5
806.68,1076.8
817.62,648.32
817.29,432.71
820.35,703.51
823.43,789.22
826.5,922.92
836.17,27.294
839.58,884.89
844.59,903.52
841.5,558
843,853.32
851.71,526.52
850.07,890.46
852.4,336.32
852.5,186.5
858.2,19.44
864.39,1164.9
864.18,107.4
865.11,698.42
874.88,851.76
875.14,795
876.47,251.58
884.83,691.67
889.42,480.89
894.53,35.941
894.96,530.73
896.62,987.98
898.95,1245.3
903.32,634.43
906.19,545.17
907.5,791.5
914.09,740.09
922.35,53.75
924.94,606.44
925.15,787.73
925.83,826
928.46,931.83
931.88,137.89
930.31,751.91
935.12,889.64
936.88,594.5
939.1,1098.5
938.5,1084
951.51,207.55
952.57,20.168
954.68,305.68
955.14,633.54
962.94,47.551
968.15,519.65
975.79,118.27
975.4,680.46
981.45,484.57
985.96,1210
988.09,1102.1
1007.9,213.92
1011.4,622.63
1017,471.41
1017.4,371.89
1020.4,755
1023,1085
1021.5,532.44
1022.1,844.47
1030.7,568.74
1031.1,960.4
1030.2,643
1035.2,232.4
1031.6,304.11
1037.2,3.0455
1044.5,98.895
1041.9,494.09
1046.5,709.33
1049,816.94
1050.8,938.26
1049.6,451.13
1058,285.2
1065.3,564.44
1065.9,1220.4
1070,378.54
1070.6,553.61
1073.8,1244.9
1076.7,1089.8
1077,358.26
1080.9,719.8
1081.6,105.62
1087.4,283.08
1093.2,1147
1091.8,1167
1096.1,838.12
1097.6,218.77
1098.4,416.51
1110.6,1003.5
1112.6,363.47
1132.1,640.25
1141.3,367.09
1140.6,714.22
1142.7,53.217
1141.3,1246.1
1143.8,871.07
1147.7,888.57
1147.2,1111.6
1151.4,1097
1154.4,106.37
1159.1,986.55
1167.6,125.02
1174,319.93
1175.3,800.17
1178.1,256.4
1178.4,286.06
1185.4,225.92
1186.2,1120.6
1188.5,704.53
1197.4,600.38
1198.9,539.03
1201,222.91
1203,32.895
1203.2,1126
1205.9,527.44
1207.5,42
1209.4,1005.5
1211.6,1149
1213.5,1193.4
1215.5,1061.5
1223.8,528.85
1233.1,187.58
1240.3,363.55
1241.6,661.06
1241.7,808.44
1244.1,471.01
1241.4,832.61
