102.59,60.462
6.6022,340.86
4.7176,439.56
10.004,721.83
3.0208,758.06
4.125,786.57
2.9333,807.37
20.519,867.18
5.1207,946.98
11.27,977.76
69.494,408.71
7.2439,918
19.124,655.53
9.9355,933.08
20.203,368.7
12.878,802.57
14.414,914.59
44.204,774.72
74.881,249.58
20.568,1209.8
37.025,559.92
22.091,747.95
26.304,279.87
28.689,842.02
29.042,516.25
34.128,483.92
38.561,1170.5
47.703,178.81
40.636,593.27
40.183,236.72
47.427,1140.3
45.768,130.2
44.714,840.64
77.513,506.44
48.412,108.06
57.614,572
58.787,660.43
60.5,419.5
67.463,345.66
65,414
65.6,823.6
66.281,1042.2
75.564,669.11
93.778,979.69
71.5,371
71.286,691.57
78.955,948.14
80.5,317
86.596,330.06
82.845,794.23
97.967,845.25
97.72,546.92
88.6,671.4
109.06,438.42
93.304,1245.7
112,131.48
111.56,664.9
95.419,1017.4
99.522,941.85
100.5,348.37
103.5,581.71
110,613.06
105.58,160.89
107.38,729
107.46,195.65
110.96,946.32
116.35,513.98
112.14,212.39
126.13,220.22
144.54,763.37
190.69,890.94
123.08,944.25
122.5,197.5
123.83,386.13
128.61,852.95
134.81,254.76
149.03,621.19
128.61,648.87
134.94,388.11
131.65,8.1538
133.5,340
148.51,142.62
144.37,532.31
156.84,176.44
152.96,437.3
149.86,119.71
150.53,326.23
150.67,916.83
173.27,382.77
154.33,298.31
159.95,234.36
198.01,233.26
158.6,428.6
161.14,462.19
168.83,1184
162.52,611.79
164.81,19.871
163.86,515.86
172.56,307.04
204,492.75
168.12,1103.2
171.1,757.6
178.07,666.05
178.44,469.8
180.39,802.8
194.94,145.97
226.67,663.94
187.06,453.9
193.22,1003.4
185.37,426.37
211.97,1180.6
264.33,537.71
185.35,1096.6
188.5,730
192.2,597.97
190.5,734
192,891.5
194.4,323.6
201.11,905.99
196.4,723.4
215.62,977.81
197,717
203.21,742.53
199.6,410.6
206.8,409.16
217.22,223.51
224.95,769.13
216.57,805.2
222.17,3.5345
220.08,376.28
228.28,618.95
239.85,336.53
226.1,118.08
226.04,366.45
225.85,727.13
270.45,444.75
227.5,588
250.75,1212.2
229.5,229
231.94,700.36
230.6,1220.6
234.86,296.28
231,679
237.93,809.28
236.69,41.656
236.26,55
237.59,591.61
237,572
240.65,780.47
244.81,109.23
242.33,116
265.9,37.92
335.19,326.73
246,502
262.95,620.14
284.92,736.24
262.4,398.81
265.62,106.38
264.8,842.54
266,990.18
281.3,854.79
269.36,1184.9
275.97,95.208
278.5,711.12
309.74,220.78
280.89,686.17
284.17,665.33
284.52,1241
291.28,1102.1
303.25,1182
292.61,1042.7
293.97,648.16
291.29,674.79
301.02,882.33
301.7,561.75
317.22,1124.1
300,843
405.2,64.58
304.56,1031.4
307.4,1.8
390.43,889.2
311,574.59
310.26,830.53
312.6,787.4
328.68,1059.5
315.95,298.68
329.61,550.03
319,304.5
322.25,625
327.26,458.42
322.42,565.89
325.56,1246.9
326.58,256.56
330.53,1031.7
332.64,1091
334.37,1199.7
330.67,597.17
331,1145.5
349.24,9.1661
332,1103
339.34,1223.9
342.87,1116.7
393.67,709.54
342.62,393.12
348.91,433.43
343.86,234.14
348.04,1066.4
356.64,553.55
357.58,99.752
359.66,1050.9
367.97,1070.4
367.54,379.49
365.66,784.48
380.36,1228.2
380.22,171.83
366,1101.6
367.75,865.25
376.68,132.83
373.99,538.48
373.12,102.26
373.32,10.364
376.85,19.913
387.42,1121.3
380.86,1046.6
377,684.5
413.65,1052.2
396.35,200.56
402.51,437.2
401.74,535.26
395.38,329.88
399.06,495.59
410.84,651.09
415.02,977.46
416.08,662.58
424.97,318.07
431.53,1230.8
433.59,987.87
431.2,1151.3
433.89,963.96
432,1158
439.01,944.4
435.8,973.72
479.24,1184.6
442.13,260.05
443.79,303.88
450.57,54.82
453.98,676.95
447.35,1092
453.33,294.36
464.66,363.52
452.92,588.72
454.42,65.526
454.4,554.4
460.62,569.14
465.66,287.75
464,1136.5
465.5,1095
470.04,77.949
480.11,344.94
491.79,533.87
476.39,1130.1
477.13,159.47
479.79,251.6
486.18,190.41
487.98,1060.3
486.37,23.633
500.49,136.1
490,754.86
494.38,726.27
492,745
500.23,57.931
496.73,617.65
514.99,27.297
505.46,1123.9
501.6,204.6
503.66,690.48
502.65,811.5
504,570.14
508.13,671.08
505.84,111.84
505,709.5
510.2,641.6
509.64,281.5
528.53,1099.2
522.84,217
537.64,235.85
526.45,725.11
519.39,1041.1
524,153
524.5,76
534.27,149.7
531.33,323.67
549.01,13.009
533,1075
560.49,755.58
545.74,1179.3
549.22,179.49
550.64,141.86
571.86,1079.7
557.09,67.154
556.04,848.58
559.77,1235.9
566.48,280.06
560.11,860.57
591.06,929.64
576.02,165.85
571.12,261.18
568.29,500.1
567.5,1057
576.16,144.68
568.59,33.941
579.89,779.77
569.42,74.105
600.22,825.13
574.29,1226.8
576.82,523
574.43,727.61
577.69,1015.1
581,609
587.1,67.138
586.67,1175
593.79,141.99
594.3,980.08
601.53,1223.8
590.18,1162.9
595.38,1044.7
594.25,1058
599.51,70.795
596.83,252
620.79,461.89
613.97,360.37
598,991
612.23,195.79
603.75,286.67
610,1145.3
615.53,588.34
610.43,1042.3
610,511.74
649.2,759.97
610.5,140.5
618.13,68.967
615.19,243.9
614.61,616.91
637.84,21.193
617.06,115.56
653.99,952.46
625,1111
629.46,716.4
626,1105
632.2,680.27
640.21,1073.6
636.18,627.18
637.36,141.04
635.91,585.09
636.5,709
640.05,795.71
698.35,378.99
643.48,1152.1
642,149
654.88,62.67
672.54,92.941
648.78,187.26
659.78,133.58
649.58,569.9
649.08,719.56
658.5,190
665.39,1122.6
662.28,685.74
663,196
668.7,59
672.88,1051.7
680.64,486.63
672.71,652.57
678,719
774.92,1031.3
688.84,318.4
688.17,274.33
693.1,435.43
689.68,1101.3
694.26,294.1
712.16,132.4
726.99,243.42
709.21,923.23
705.16,449.17
703.5,836
706.79,529.63
709.93,99.698
721.97,828.57
711.11,770.73
733.26,889.71
823.65,320.96
715.5,1197.5
727.42,37.187
726.73,1202.8
726.4,151.6
730,161.49
754.55,920.07
750.03,81.057
736.82,662.17
739.57,676.43
742.93,27.414
747.84,14.646
746.94,1245.6
744,687.5
751.3,173.51
754.05,269.47
764.5,703.3
760.01,862.79
761.87,460.95
765.42,3.5325
779.21,1148.3
781.71,460.21
783.18,776.57
782.08,788.72
785.91,809.09
789.42,323.23
788.5,123.5
790.6,140.4
792.09,828.5
800.5,1230.9
808.04,24.69
819.47,363.36
815.09,390.59
802.1,456.31
803.04,86.267
801,330
905.14,209.94
808.54,1182.8
809.89,59.443
824,1157.1
828.72,98.591
840.63,17.87
853.21,1073.4
845,1165.5
853.32,1151.1
856.75,271.06
857.25,936.23
861.64,1169.8
856.07,8.7238
866.8,887.44
873.1,970.05
872.24,1141.7
876.54,981.54
875.89,1126.4
924.52,412.25
902.78,858.79
909.12,1198.8
924.7,937.52
951.24,249.99
892.67,1138.4
904.9,706.96
891.1,377.45
926.09,1067.6
942.09,762.48
902.5,1113.9
911.51,740.17
917.06,809.06
919.68,1134.9
927.4,344.42
921.5,708.5
928.77,707.77
930.29,980.98
929.75,1004.5
931.43,1172.9
951.22,1106.5
951.62,599.79
955.95,975.67
956.96,726.83
964.9,869.04
965.17,768
975.95,685.06
975.41,778.57
975.97,1237.8
974,1221.8
996.48,899.25
1011.1,915.98
997.14,569.18
1056.3,487.16
984.53,151.22
993.2,728.75
993.95,240.57
997.76,752.17
999.35,145.77
1084.8,887.07
1012,394.14
1001.9,1.95
1050.7,1092.4
1009,438.44
1004,1066.5
1011.8,414.13
1008.5,772.38
1033.9,338.96
1046.8,726.55
1057.8,258.5
1015.3,1190.6
1024,814.97
1036.5,772.71
1027.9,473.65
1111.1,1192.9
1031.9,696.81
1027,939
1033.2,750.87
1033,50
1041.7,1001.4
1038.7,1126.4
1042.6,34.282
1078.6,771.89
1041.1,861.09
1043,239.38
1046.1,572.59
1051,851.38
1048.9,518.77
1049.3,276.43
1055.5,213.49
1065.4,364.91
1058.9,1034.6
1063.3,496.34
1104,531.74
1075.9,538.18
1084.3,804.25
1094,165.14
1083.6,1029.5
1091.8,189.87
1084,872.43
1093.9,969.51
1127.5,388.06
1094.7,1090.7
1100,645.09
1152.2,59.365
1105,998.5
1129.9,245.54
1108,944
1177.5,239.7
1112.6,656
1113.4,777.76
1136.5,297.13
1116.5,10.5
1119.5,159
1186.9,689.06
1138.9,999.08
1144.7,635.09
1124.3,1137.4
1126.1,152.62
1158.9,361.89
1126.5,334.09
1128.6,787.28
1131.5,31.133
1144.6,117.43
1134.1,138.33
1133.9,565.98
1132.3,908
1135.2,555.04
1138,726.53
1142,532.6
1138.3,759.91
1142.5,5.3229
1163,154.52
1141.1,186.42
1143.1,487.73
1141.1,577.5
1151.1,1087.1
1147.5,139.5
1156,1230.3
1154,590.36
1185.5,862.32
1153.8,425.24
1171.7,461.38
1157.2,567.45
1158.7,549.32
1158,99.9
1162.8,262.6
1163,1014.5
1168.1,84.667
1169.3,401.6
1170.3,424.91
1172.3,1191.2
1187.7,571.36
1173.7,1057.9
1176.4,842.71
1174.8,1033.8
1209,42.398
1176.4,815.94
1178.7,380.88
1197.7,1119.3
1179.8,423.62
1182,89.422
1183.1,999.08
1210.8,1181.4
1184.6,725.72
1212.1,1015.1
1209.6,934.87
1199,429.34
1201.7,603.17
1195.9,421.42
1197.3,84.722
1199.4,140.04
1199.6,803.46
1206.5,11.319
1202.5,29.579
1211.6,149.45
1211,978.91
1229.6,1228.5
1213,88
1225.3,345.92
1233.4,73.968
1231.5,825.78
1236.6,413.66
1227.8,1073.8
1239.4,703.71
1229.5,157
1234.3,114.71
1240.5,973.01
1245.8,231.71
1244.4,372.11
1246.4,379.72
1246.7,340.81
1246.8,960.56
1247.1,187.5
