7.7722,198.71
26.433,380.18
3.0789,463.63
3,481.35
5.3905,549.34
10.555,582.92
4.6389,687.99
13.208,711.62
3.7667,949.07
3.1429,1206
6.8947,73.421
12.661,423.53
20.224,606.91
19.363,42.575
22.125,324.42
18.907,486.93
15.857,1137.6
14.773,1185.2
24.539,153.23
19.174,1063.4
19.357,91.69
25.038,174.98
22.684,287
25.434,129.45
29.463,1242.5
28.876,931
27.899,1187.3
40.146,22.401
36.395,560.78
42.297,446.11
55.544,515.87
43.595,141.74
40.992,1152.7
37.105,1200.6
40.486,640.14
46.155,213.08
43.288,237.4
51.5,657
55.965,756.32
59.345,571.84
56.743,1209.3
60.513,242.04
66.249,189
67.863,1114.4
62.867,856.33
67.038,274.43
73.816,115.83
76.285,151.15
70.5,634
70,1083
70.895,468.58
74,453.24
83.276,860.98
83.295,277.11
79.304,336.24
82.962,486.67
88.522,45
102.81,116.3
87.413,743.43
96.063,207.43
84.895,454.58
95.186,638.63
88.796,893.12
86.358,1055.2
86.327,322.27
88.683,925.2
86.636,529.5
90.4,1088.5
91.259,175.81
91.059,976.94
94.792,703.36
95.404,1172.1
95.448,484.31
106.45,1047.4
108.13,379.07
101.74,963.08
99.609,847.02
108.5,82.58
103.05,1068.9
105.37,1217.6
110.71,884.91
111.94,858.9
111.97,285.02
114.01,1195.8
113.14,348.28
115.17,168
114.41,296.06
117.68,556.06
120,848.29
121.02,326.55
122,201.5
128.24,820.13
128.23,216.15
129.72,302.44
134.19,409.2
130.5,136
133.68,790.46
134.8,386.35
137.62,187.37
134.18,345.47
135.35,100.16
134.5,945
138,1071.8
141.33,1159.2
142.68,513.17
148.84,551.94
148.82,279.15
149.23,832.69
152.35,104.13
150.3,1039.6
150.5,506
155.88,751.72
156.64,530.55
153.92,1148
155,89.612
157.49,21.98
157.06,163.07
162.88,594.17
159.66,888.25
158.79,1182.7
166.22,806.39
159.86,937.43
163.66,443.88
164.8,700.36
163.14,641.14
173.31,178.65
166.84,236.55
166.62,197.62
167.44,727.84
172.24,148.67
178.12,122.02
174.58,512.8
175.67,1106.9
180.24,108.1
178.84,1031.5
179.09,976.09
183.6,441.57
187.13,554.85
185.15,762.62
186.38,242.15
187.6,84.626
191.28,1238.8
192.41,879.26
195.46,304.93
190.41,533.17
190.32,655.3
194.04,909.37
191.65,1038.5
193.3,185.98
199.68,1153.7
202.18,435.46
197.11,581.5
201.62,132.01
203,360
204.83,151.58
211.54,102.72
211.12,710.28
212.33,60.865
210.86,184.81
208.78,617.12
218.1,1074.7
215.46,857.58
214.07,948.67
213.51,479.93
219.11,1103.1
218.43,650.47
218.33,768.82
220.84,162.61
221.41,1209.8
221.32,3
230.75,123.05
221.2,933.44
220.89,1174.6
227.73,1161.9
226.68,187.2
226.94,472.41
234.84,84.764
232.11,1188.7
234.99,372.35
240.1,608.14
232.5,631.5
235.53,1243.9
236.77,518.91
241.74,55.778
245.79,809.83
240.85,1111.5
243.16,206.4
247.46,264.29
251.59,490.1
253.54,89.622
245.32,321.05
247.06,927.21
247.37,1186.5
250,517.16
252.41,1046.7
249.96,1072.1
254.45,159.67
248.83,1147.3
249.88,134.5
249.91,626.09
252.71,773.27
255,945.4
258.51,646.97
257.71,992.31
257.96,41.411
261.29,280
260,631
263,1111
267.43,240.71
265.96,667.41
269.89,210.71
269.43,68.061
271.79,557.73
269.32,294.95
275.3,1023
274.83,1120.8
270.88,378.12
273.52,720.19
278.94,81.898
273.42,159.06
275.73,766.78
282.17,683.62
279.49,3.1714
279.31,43.647
278.76,151.32
284.81,1070.1
284.73,578.69
282.25,454.44
282,193.5
291.73,317.34
295.67,896.92
294.02,647.07
293.55,186.19
293.43,828.31
295.14,160.02
295.64,440.27
297.49,206.08
297.46,492.34
305.95,736.18
306.07,867.67
304.5,30.5
308.43,159.5
306.41,431
308.58,920.62
311.5,92.189
318.99,530.31
320.49,1085.5
320.19,973.11
313,73
315.85,814.38
316.45,713.69
322.53,1221.8
322.19,742.97
321.33,996.07
322.92,884.81
332.55,191.17
324.82,331.98
326.99,366.02
329.44,595.76
330.27,660.12
337.1,1164.1
333.75,44.321
338.15,788.82
341.29,222.15
336.5,260.5
338.77,709.67
338.65,242.88
340.5,107
352.54,139.36
344.23,677.42
342.35,1023.4
343.95,506.09
348.31,550.72
345.09,763.91
346.92,845.5
349.4,698.41
354.3,1101.4
348.52,888.31
356.68,1148.5
356.91,717.69
352.33,771.56
360.68,821.21
357.18,686.45
358.12,518.29
363.87,916.89
369,547.31
366.76,49.66
370.44,797.14
368.87,997.73
370.22,571.98
371.76,663.24
370.5,778
376.22,953.9
375.55,975.6
378.3,238.86
375.96,853.49
378.74,179.43
379.49,1017.1
380.47,1124.4
384.01,1051.3
385.07,892.2
383.93,1183.4
384.57,787.95
385.93,259.07
386.83,802.93
387.86,868.14
393.3,529.48
403.39,630.68
397.88,21.976
399.23,917.62
408.29,455.03
399.78,289.51
401.65,1069.9
407.6,661.58
404.17,768.33
412.56,177.31
414.37,1013.2
408.27,1136.9
406.4,1165.4
408.12,1205.4
416.47,8.8112
415.79,551.9
410.42,740.89
415.52,1157.6
417.9,508.63
419.97,693.06
422.24,1122.5
420.52,718.63
427.15,198.72
422.75,1074.1
423,1062
425.62,1223.1
425.77,1020.2
430.34,536.84
429,644
437.94,104.05
434.75,1107.8
439.96,7.4771
435.43,1026
435.5,1047
439.27,86.894
436.9,687.2
441.02,234.41
439.45,662.02
442.81,126.45
444.14,145.18
444.5,711.26
448.53,579.14
444.64,988.96
440.95,180.91
447.52,543.15
452.15,616.62
446.5,34.714
452.21,1063.5
451.46,1167.4
453.37,791.49
455.13,687.94
451.89,1038.4
459.51,42.063
459.87,961.04
459.07,975.17
458.08,1109.1
467.67,535.46
467.43,798
465.82,999.34
465,277
465.32,747.95
471.67,863.52
466.55,51.69
467,477.61
477.22,1195.9
471,1169
473.78,879.72
473.55,776.58
474,564
478.12,936.81
476.74,581.54
477.23,693.83
478.86,496.03
485.27,644.74
477,978
481.53,482.67
480.27,550.17
479.94,1063.6
479.54,1235.3
487.06,565.36
483.89,703.58
487.47,739.95
489.71,439.8
490.8,470.91
497.8,492.21
495.91,113.91
501,1228.1
503.36,93.079
501.57,620.73
499.24,756.69
505.09,938.47
500.02,669.38
500.16,1011.1
503.29,1124.5
503.34,442.04
503,704
506.54,1147.5
505.51,431.65
508.3,592.25
513.23,478.95
518.74,562.81
508.91,649.09
514.45,736.3
517.32,894.66
516.24,456.32
514.93,371.59
517.74,810.28
521.58,673.89
527.13,135.67
532.05,621.56
528.97,1105.9
536.14,781.46
533.87,650.64
532.09,804.23
536.4,500.44
541.13,164.98
539.14,834.18
539.96,1102.4
545.11,42.594
542.17,406.33
543.14,1122
544,575.5
553.27,1217.4
548.98,866.32
553.23,631.69
561.63,608.54
554.29,535.12
554.14,582.39
555.59,5.9259
557.64,702.6
561.5,224.45
560.19,1046.1
563.89,267.92
566.79,546.7
562.28,1100.9
564.5,713
570.88,1125.6
567.2,1078.2
572.36,124.74
567.02,648.71
573.51,908.12
573.48,585.12
575,790.5
574.87,746.17
576,1070
577.41,156.07
583.7,281.43
590.27,602.98
580.84,1036
582.26,719.29
586.97,801.4
585.45,1158.5
585.36,624.8
587.21,773
590.63,741.89
596.32,852.83
588,544.5
611.63,726.91
593.46,674.99
590.9,1182.8
592.47,36.04
595.88,1118.1
599.15,198.12
600.94,226.92
602.47,1032.7
602.07,1069.1
606.11,274.58
613.52,1203.6
608.64,1168.7
609.35,168.01
610.36,1234.9
613.55,564.69
618.98,473.89
617.54,93.783
623.66,996.81
617.17,276.42
617.64,821.18
622.92,601.38
625.86,166.86
627.84,496.32
632.51,679.41
628.83,1240.8
635.91,557.35
637.41,643.67
635.75,35.35
634.5,793.5
638.97,293.89
638.73,536.44
637.12,1175.6
645.59,1221.9
647.58,1041.3
645.65,848.67
646.66,981.82
650.68,4.7353
649.9,943.03
653.02,482.9
655.95,835.85
659.01,1159.8
663.68,531.82
662.59,405.93
662.88,616
671.89,1006.4
671.52,572.65
675.35,670.25
675.58,914.98
676.9,951.64
674.5,1243.5
676.09,1183.9
681.27,141.07
688.42,1018.4
691.96,1241.1
692,333.18
697.44,1146.1
697.48,273.44
696.83,732.91
695.14,36.143
696.16,60.097
700.28,904.08
695.39,1192.5
697,256.67
709,1099
711.76,642.22
706.9,209.67
707.56,189.2
708.66,431.16
710.97,1215.5
710.42,378.89
719.02,699.02
724.51,1044.5
730.4,118.04
733.47,659.67
731.89,263.5
727.63,883.09
730.91,1094.8
743.01,610.65
731.42,634.11
734.16,975.56
739.17,347.78
742.55,1143.3
744.97,65.825
742,547.5
741.4,595.96
743.75,513.7
754.65,664.54
757.69,583.84
755.42,428.51
753.5,321
757.94,1152.6
762.72,219.88
759.4,1106.4
762.78,335.72
768.25,147.67
768.4,617.87
781.25,885.61
773.92,602.08
779.73,1178.7
780.46,329.35
778,685.86
784.21,43
782.5,405.5
791.22,589.87
804.72,387.15
795.48,640.51
803.12,1237
796.29,549.65
799,352
800.67,367.53
807.35,971.81
805.53,985.72
810.58,272.63
810.02,911.85
808.91,126.09
814.11,411.14
817.6,1205.7
818.55,1147.9
820.24,313.64
822.7,1024.8
827.01,123.98
824.93,656.59
826.18,301.04
834.51,477.1
833.5,1074
837.98,189.63
839.29,366.14
837.5,237.61
837.65,1134.1
842.11,1041.1
848.38,223.36
843.08,448.43
847.29,1229.8
848.94,463.53
853.74,985.79
845.44,921.92
845.5,89.5
846.61,424.11
860.37,828.43
857.37,423.24
862.24,298.87
878.41,480.89
864.58,335.11
872.21,106.66
874.02,378.12
876.83,945.82
878.26,522.63
877,52.34
883.35,1164.5
885.7,1137
880.76,542.92
889.52,415.59
886.91,207.77
895.01,231.79
892.94,308.71
895,29.4
896.82,113.26
895.64,1215.2
906.21,369.38
906.56,447.12
898.5,494
898.58,525.42
900,503.67
900.31,1238.8
910.5,902.76
906.69,176.25
911.02,977.31
905.62,1202
909.84,800.32
912,1058
912.43,508.43
914.71,1159.3
917.23,397
916.83,307.26
916.54,430.98
921.37,274.1
927.46,1054.5
926.91,362.09
930.4,1037.3
934.89,587.42
934.73,1186.4
937.82,1166.9
939.23,246.59
944.53,971.78
948.47,1197.4
949.6,1049.8
948.12,878.95
954.12,420.39
954.39,84.121
957.55,344.77
954,395.5
956.45,1031.3
962.57,208.67
972.16,471.9
969.98,87.296
968.41,1027.9
971.59,308.45
969.8,492.83
973.76,377.56
971.83,105.31
973.38,130.66
975.1,609.33
976.2,236.54
980,591.83
986.2,1160.5
995.51,308.35
995.71,820.65
999.25,508
995.09,979.09
1002.6,1108
998.31,1214
1006.2,436.1
1004.1,1060.7
1006.1,370.68
1004.5,239
1010.8,665.24
1006.3,914.73
1010.2,802.66
1008,966.91
1012.6,127.82
1018.2,345.46
1017.1,582.73
1021.1,193.14
1027.9,261.58
1032.2,83.468
1029.3,870.51
1036.5,1029.2
1041.7,1178.6
1036.1,1123.2
1037.1,423.42
1053.8,227.39
1049.1,598.75
1049.4,344.85
1061,1223.6
1053.1,96.352
1054.9,363.06
1061.7,940.62
1060.2,856.09
1064.8,1015.6
1070.8,398.4
1070.8,1041.2
1072.8,863.37
1078.8,1142.9
1071.5,179.71
1075.5,1002
1082.6,522.52
1081.9,1024.5
1078.5,1056.2
1079.2,492.22
1080,622.17
1084.4,583.1
1084,194.5
1089.1,897.84
1089.8,847.11
1086.4,736.43
1088.2,380.56
1089,189
1096.9,970.59
1095,1077.2
1104.1,148.84
1097,643.5
1105.1,940.26
1107.4,93.057
1108.7,997.22
1102.5,1131.5
1106.6,227.84
1109.6,461.7
1107,873.28
1108.6,805.22
1108.4,1191.9
1115.1,591.67
1119.6,378.99
1117.6,319.52
1121.1,1053.6
1118.3,546.43
1125.8,297.17
1123.5,1218.8
1133,868.35
1129.4,853.35
1126.5,1096.3
1127.6,413.55
1126.3,901.83
1129.2,195.78
1131.9,213.94
1128.6,641.78
1134,921.73
1133.8,957.07
1129.7,1036.3
1136.7,65.62
1132.1,105.15
1135.4,996.75
1132,1185
1133,22
1146.4,832.95
1154.8,535.5
1143.1,1228.3
1143,94.262
1145.3,1161.3
1149.7,938.78
1163.3,885.55
1149,6.058
1151.1,281.66
1150.8,604.26
1153.4,263.08
1151.5,961.16
1154.8,657.31
1160.3,43.132
1167.1,854.39
1164.5,399.54
1163,498.67
1166.2,66.329
1171.5,83.242
1172.2,326.79
1208.5,901.33
1171.5,267.14
1175.8,175.92
1173.1,1093.6
1174.9,490.86
1180.4,1206.3
1182.6,417.51
1177.9,475.72
1180.9,725.26
1180.3,194.5
1193.9,450.52
1191.3,517.93
1180.6,832.05
1181,866.38
1181.9,657.5
1185.7,771.41
1184.4,585.68
1191,748.29
1194.7,211.18
1198.7,626.01
1206.2,231.24
1204.2,1234.1
1203.5,261.24
1205.3,979.06
1204.6,1067.7
1210.6,342.99
1221.8,760.43
1210.1,850.36
1208.8,392.7
1209.6,580.57
1213.6,275.09
1219,303.56
1218.7,1210.2
1216,1157.7
1220.6,118.06
1219.3,491.39
1218.6,547.03
1218.1,681.52
1218.7,712.18
1220.5,320.5
1224.5,369.24
1225,1121.3
1234.2,980.97
1229.7,448.61
1231,513.76
1234.3,103.81
1231,1210.5
1235,545.54
1234.1,435.26
1234.7,591.07
1241.7,145.8
1237.5,601.5
1244.6,352.62
1245.4,614.04
1246.2,20.914
1246.3,504.74
1246,537
1246.7,784.71
