11.52,436.93
12.558,257.56
12.473,1063
17.611,53.389
17.692,1176.6
24.252,1118.3
29.562,104.73
34.672,403.27
39.279,510.91
44.379,901.9
46.631,720.53
45.16,50.04
52.051,491.39
50.645,744.72
51.206,241.94
52.437,403.23
52.7,667.42
53.321,465.42
62.525,802.93
64.741,204.7
77.198,1239.8
75.629,1112.3
74.24,251.94
80.71,68.71
94.397,659.4
92.886,960.5
91.667,61
93.86,303.63
100.3,1070.8
93.68,639.08
100.72,884.47
98.956,248.58
103.25,231.03
107.06,639.53
123.75,1212.8
118.89,186.42
120.24,229.13
121.74,4.9298
125.71,823.55
135.42,286.28
134.47,391.18
140.37,894.63
145.36,934.64
147.58,46.088
156.14,261.28
153.5,1038.5
162.97,815.98
177.72,1098.2
176.82,184.88
181.55,141.31
186.19,710.81
185.4,1002.4
192.91,361.49
200.83,1115.2
205.07,1099.6
210.11,134.23
212.37,768.9
212.84,320.71
221.07,307.83
218.42,275.89
224.98,856.51
229.63,946.35
229.84,100.87
232.95,1060.1
237.08,1147.5
236.47,133.04
236.86,1171.2
247.38,158.49
245.07,414.33
244.48,1020.9
245.22,75.807
244.83,119.93
251.58,479.64
260.5,635.95
263.29,838.88
266.2,263.26
263.12,593
264.92,2.9167
264.42,772.89
276.18,347.65
279.2,722.52
281.08,1148.1
282.66,784.82
280.63,595.43
287.69,452.05
287.54,29.914
287.4,347.4
293.59,315.79
298.73,191.5
297.37,996.52
310.79,1095.6
305.59,180.06
312.89,1021.4
316.93,662.9
318.24,64.806
320.82,282.98
322.25,594.1
338.81,830.23
339.85,1011.4
344.59,230.77
353.74,102.43
356.41,1219.8
357.23,53.422
358.04,1047.6
360.18,675.18
360.31,275.9
365.17,860.14
365.53,1244.8
379.2,188.91
367,5.5
378.96,636.82
382.41,786.78
384.09,125.09
399.37,704.63
404.19,446.85
410.5,401.5
414.57,32.837
416.43,1213.4
421.04,648.22
421.09,594.94
422.58,681.87
426.34,823.67
426.98,1093.1
430.22,296.16
432.07,263.57
432.7,345.97
439.67,867.03
442.09,1.7727
451.21,499.76
454.6,467.39
460.77,942.29
462.98,546.38
470.13,875
471,37.082
475.2,775.39
475.35,483.93
474,1111.5
478.19,540.55
483.96,1024.6
491.65,893.55
491.16,502.42
489.31,667.06
492.22,264.32
499.54,107.59
499.96,307.5
502.02,379.94
503.11,744.91
506.07,494.86
512.63,942.33
527.09,109.94
525.5,668
530.53,1238.5
532.81,594.97
538.6,72.392
550.3,125.29
548.68,202.95
550.55,592.29
554.12,1088
556.95,943.73
575.05,516.64
574.67,865.54
573.45,1011.3
575.93,383.95
580.95,1238.8
583.25,764.64
592.99,284.02
600.62,755.43
601.44,452.47
602.68,111.83
607.94,588.63
610.26,671.56
614.34,882.6
619.35,633.52
618.12,1187.9
629.04,930.59
632.04,1238.5
627.5,606
639,710.5
641.77,609.23
650.86,1129.2
656.09,938.05
656.98,625.77
661.34,1135.5
662.05,121.84
662.72,568.12
673.72,1132.7
679.91,1102
692.19,335.22
693.13,1017.1
693.07,197.01
698.28,1163.1
698.11,535.4
701.86,1130.9
714.08,628.41
714.94,775.44
715.98,1136.3
715.92,154.92
725.27,1221.6
733.81,825.92
736.34,1205.5
736.5,409.5
743.17,466.27
739.45,1063.7
748.11,70.345
756.82,382.7
758.05,1156.4
762.14,1100.1
764.42,1088.5
767.45,926.54
768.15,609.35
770.57,153.4
773.35,459.58
778.12,315.51
780.63,1150.7
780.07,748.41
784.52,359.97
788.18,577.98
792.84,380.24
793.54,633.55
804.38,858.99
800.6,732.6
810.93,1141.2
817.89,320.61
818.63,1200.4
820.1,1046.9
819.3,1185.6
824.62,343.27
822.55,1169.3
827.61,1146.1
834.03,773.53
836.98,1214.6
837.5,906.5
845.77,759.41
849.21,922.86
857.28,314.57
852.22,984.46
852.93,1193.7
857.32,955.8
855.46,535.92
864.54,579.16
866.58,1130.1
866.53,208.53
867.69,297.74
872.61,271.37
868.23,502.53
872.64,1184.2
887.04,1031.3
887.13,1167.1
888,250.5
890.4,692.4
896.74,79.607
894.9,1146.2
898.58,309.75
905.45,1211.8
906.67,501.24
906.41,1192.5
907.61,683.2
913.03,831.44
909.08,1051.3
909.5,739.5
912.63,1146
921.18,1242.1
930.48,982.57
931.09,1084.1
934.04,358.7
938.34,621.61
933.4,1014.6
943.25,827.56
946.4,263.46
955,710.75
962.72,331.24
957.89,168.42
961.03,1219.1
960.5,825.71
969.02,1170.6
974.65,402.44
974.6,760.11
973.37,893.03
977.67,509
984.77,287.06
987.42,274.09
986.44,1245.1
994.32,783.77
1003.4,51.474
1004.8,164.17
1010.5,134.69
1006.5,811.5
1013.7,1007.8
1019.5,841
1027,282.95
1029,174.85
1041.9,234.41
1037.9,255.82
1041.2,871.38
1042.2,343.06
1042,898.5
1048,53.515
1051.3,988.5
1051.7,157.91
1060,1232.7
1057.2,710.71
1060.6,619.06
1067.1,248.51
1070.5,111.46
1075.1,614.08
1077.9,1244.3
1076.4,259.07
1083.6,219.99
1081.7,1130
1083.4,1045.1
1082.7,472.07
1083.2,606
1089.8,1113
1093.7,421.98
1092.2,825
1099.9,718.26
1095.9,196.41
1108.7,1238.1
1110.1,508.59
1111.3,571.31
1120.7,1105.2
1119.7,610.04
1119.1,303.87
1124,1178
1126.9,135.53
1133.5,316.03
1133.3,81.492
1135,1010.2
1137.8,2.6429
1138.9,122.06
1142.5,95.173
1143,633.74
1143.3,772.29
1150.5,1142
1154.2,695.69
1152,96.174
1161.4,1097
1156.7,1026
1162,262.44
1159.7,915.76
1163.9,294
1165.8,647.23
1169.1,1065.4
1166,1210
1170.3,783.79
1174.4,551.13
1176,1157.3
1175.3,1246.1
1189.2,1096.1
1185.4,1141.2
1184.9,313.46
1191.7,556.93
1198.7,740.55
1197.2,66.582
1200.1,1043.2
1203.9,1161
1207.6,152.89
1202.8,170.47
1201.6,318.97
1203.8,688.16
1207.7,1181.7
1204.5,268.36
1207.3,841.06
1203,1214.5
1213.9,650.17
1211.3,327.35
1216.8,216.88
1219.8,1152.3
1220.5,1168.9
1225,419.71
1223.3,1244.8
1224.3,320.43
1225.9,41.068
1228.4,199.12
1229.7,677.67
1230.1,26.892
1230.5,598.85
1236.6,309.95
1239.9,495.77
1237.4,853.11
1245.8,285.97
1245.8,630.83
1246.6,148.28
1246.8,555.42
1247.1,1121
