3.4906,168.64
8.2297,287.81
3.6056,372.68
4.898,595.98
6.3538,1122.7
11.376,1053.2
13.603,250.21
19.066,43.616
22.452,1085
23.459,718.72
32.504,74.772
29.115,769.35
38.812,759.08
33.5,134
39.092,438.24
43.327,2.5818
41.605,21.868
51.526,379.72
56.474,576.04
52.951,267.46
54.987,539.74
52.875,607.08
53,73.5
58.755,764.3
57,297.5
61,432.92
68.117,73.713
68.421,639.11
73.481,386.4
76.652,186.45
90.927,150.52
85.941,12.171
85.229,315.4
93.242,507.9
93.234,443.69
98.665,1124.1
103.32,762.4
100.61,640.23
100.35,74.667
106.01,601.05
105.3,91.094
107,1209
115.46,73.734
122.94,1189.2
122.99,519.53
118.31,857.83
121.69,364.1
116.45,399.52
127.21,724.97
127.09,600.73
136.73,845.82
138.77,498.02
139.24,641.24
151.9,1220.4
156.24,557.22
153.42,177.55
156.23,601.01
159.29,333.68
160,765.14
178.04,34.155
170.59,528.82
174.12,489.55
173.4,127.95
180.48,213.95
189.64,538.18
188.43,11.171
193.37,773.16
197.15,491.23
194.04,252.76
195.17,751
196.92,819.64
200.5,233.28
199.14,802.86
206.9,656.94
204.74,8.4476
205.88,310.06
203.31,568.17
204.82,860.48
210.09,902.04
208.62,470.27
213.87,90.595
216.8,23.541
221.64,403.61
223.97,142.35
227.5,293.5
232.74,504.05
229.8,686.56
231.54,422.65
230.41,432.94
244.98,921.1
233.94,267.86
237.73,704.91
239.16,528.22
243.19,890.71
247.28,150.71
248.78,92.919
248.68,304.51
256.86,584.36
258.75,288.47
259.49,849.84
263.63,405.53
259.15,900.1
269.7,604.96
267.5,480
273.34,450.63
270.97,876.53
272.98,1235.7
273.7,179.47
276.56,230.6
276.38,548.2
273.27,757.95
274.22,1193.6
283.31,366.52
281.15,1223.1
286.21,432.05
288.99,61.137
286.53,266.44
292.02,674.22
292.09,1191.9
289.07,579.96
293.71,614.52
311.41,340.71
296.94,568.44
300.85,525.7
296.5,860
298.94,76.298
302.95,477.71
302.11,417.42
304.5,709.14
311.58,319.25
309.51,938.58
310.14,270.21
316.07,833.96
324.82,422.99
326.83,804.05
322.11,397.58
324.33,1049.5
327.31,177.01
323.94,917.57
326.43,148.02
329.26,486.53
329.94,939.15
332.81,195.59
330.48,970.1
329.5,1219
335.25,624.94
334.17,583.56
330.86,816.5
340.14,917.95
336.94,390.7
338.8,790.57
340.77,539.25
342.02,698.95
345.29,139.69
350.48,714.89
351.52,1015.4
348.65,491.84
356.26,375.36
347.43,803.43
355.61,859.62
354.82,557.43
351.07,421.59
355.65,444.85
364.73,233
359.88,120.62
366.77,27.219
376.22,779.74
361.5,835.5
365.8,541.05
374.94,497.6
370.9,603.92
374.55,291.94
377.08,969.58
383.28,402.4
387.68,78.416
386.51,1058.6
389.62,4.4464
384.6,705.39
383.5,147.5
388.22,1113.7
385.67,667
391.82,301.01
400.53,510.06
392.07,959.44
393.79,551.71
405.44,429.28
409.38,373.07
405.76,476.8
420.59,772.81
406.89,878.03
407.5,750
407.94,786.41
416.98,490.21
408.61,1146.1
409.15,580.65
412.54,308.54
413.93,173.04
416.93,716.07
418,554
425.07,1142
431.53,1204.6
430.63,255.57
431.93,485.26
432.62,941.82
443.85,908.27
441.55,571.19
442.24,612.09
439.23,859.23
451.86,176.57
442.91,473.09
444.87,299.26
448.75,3.6667
451.82,489.67
451.43,30.222
451.9,796.62
459.15,1055.2
459.04,534.28
463.28,1013.1
457.66,613.15
463.55,215.3
462.34,690.08
464.18,653.3
459.14,784.14
460.76,395.86
470.12,417.34
460.91,256.91
463.37,345.57
464.68,1105.8
464.5,309.5
469.84,743.89
476.82,1246.1
478.14,607.75
479.21,757.29
479,261.54
478.94,877.8
479.27,371.35
479.92,1102.9
482.96,159.14
489.63,863.44
486.86,583.72
486.32,453.78
491.99,834.85
495.74,535.98
494.96,621.43
499.71,412.35
499.5,456.38
503.88,355.54
500.5,974.5
506.08,760.68
510.29,778.56
507.41,472.46
506.11,1041.7
511.84,527.24
516.37,37.599
510.58,864.42
511.66,915.34
516.46,220.79
517.07,414.12
522.38,508.91
513.47,848.34
515.85,343.46
517.82,1209.6
527.79,469.72
535.45,634.95
530.06,747.09
534.04,334.45
539.37,270.86
538.15,305.47
537.07,407.59
541.8,434.44
543.65,671.83
543.2,968.54
548.02,1041
548.95,416.32
549.48,1120.2
551.69,427.42
552.78,307.53
553.67,34.687
553.92,1154.9
558.76,521.03
560.9,575.46
564.44,369.71
567.78,793.58
571.3,651.28
575.08,1116.6
575.4,549.11
576.11,810.06
578.96,296.81
578.91,119.25
580.96,133.12
581.13,405.5
583.29,702.34
583.08,372.03
582.75,626.25
592.2,771.44
587.91,163.11
589.23,1006.2
594.44,846.39
593.89,72.887
594.37,459.06
602.55,108.68
605.62,164.65
608.98,811.64
606.44,557.54
610.11,745
613.11,932.32
609.41,947.39
611,382.5
620.13,1176.7
624.48,679.42
623.43,889.86
622.98,235.35
622.55,918.28
621.7,548.38
620.33,772
623,1035.7
623.5,308.5
625.63,1207.2
627.91,723.28
635.06,319.34
632.4,1001.7
633.87,1141.8
631.29,1056.5
638.23,982.77
640.83,1099.4
635.8,561.32
643.71,699.79
650.23,1203.9
644.38,380.5
648.61,569.19
646.5,958.5
648.81,315.09
652.47,553.32
653.85,608.65
659.06,1233.3
657.19,811.15
663.59,731.01
663.54,1082
661.06,1061.3
662.09,1108.9
669.6,1032.6
667.09,998.05
674.21,572.13
672.5,846.98
673.8,91.282
681.45,158.47
685.59,435.07
693.76,1226.1
702.43,96.188
700.13,1016.2
702.53,696.4
701.52,986.9
700.11,519.73
701,358
702,1167.5
705.1,626.34
707.19,662.37
706.07,1206.6
714.8,7.5899
718.3,802.12
714.29,832.65
718.02,1154.1
719.33,978.47
722.06,421.55
719.94,531.91
725.16,823.27
723.88,1102.9
727.63,381.59
725.74,498.01
729.62,625.97
733.1,146.62
736.97,414.06
737.88,189.52
746.19,638.53
758.48,306.12
759.63,902.51
762.64,1015.9
769.47,349.71
768.33,71.061
765.48,425.41
774.34,379.07
776.96,457.96
777.31,925.66
781.97,416.02
781.06,617.41
779.58,220.89
784.5,327.66
781.57,639.18
780.24,1035.2
790.5,657.88
787.66,1155.2
790.32,890.18
791.05,427.11
799.27,942.29
794.63,1091.8
796.98,856.5
793.71,627.43
797.4,726.4
800.93,385.93
803.46,740.41
805.19,762.84
805.01,1201.2
805.59,517.1
805.58,412.85
808.37,809.27
809.96,664.07
816.43,469.36
817,173.83
825.67,1187.6
823.14,1233.4
826.99,122.84
825.07,572.76
832.78,376.72
830.62,187.95
832.74,295.76
830,675.5
831.04,838.42
839.83,1148.1
838.1,464.11
844.34,425
844.44,1163.3
845.76,1199.1
854.3,128.04
857.46,1014.5
860.19,799.52
860.89,310.58
863.89,445.48
866.24,752.63
869.46,1092.7
874.64,1155.8
873.3,977.28
872.74,400.85
872,870.5
883.41,343.45
877.26,223.35
872.93,1012.4
874.11,1247.2
875.42,839.68
875.68,902.95
878.14,649.14
883.71,476.84
885.75,80.613
885.12,458.31
884.5,933
887.99,644.12
889.58,389.99
894.74,986.42
894.48,226.16
896,259.84
896,291
901.28,548.72
903.59,559.55
905.6,830.67
911.55,385.3
914.84,632.41
914.77,495.86
914.34,800.37
921.08,861.1
916.4,1231.3
917.69,667.21
922.31,529.9
921.29,781.15
922,946.03
925.87,353.16
925.46,794.41
928.55,833.66
925.98,1028.5
929.5,1051.5
934.55,749.98
936.11,193.95
936.14,870.38
935,879
935.89,976.58
937.32,501.64
943.16,327.51
942.61,692.76
946.44,4.1404
946,449
946.5,542.5
951.62,617.33
947.05,717.71
955.57,1046.7
952.89,35.579
952.33,502
955,995.5
957.38,817.5
960.01,1215.9
962.81,352.87
964.57,911.92
964.83,973.48
973.72,33.219
976.54,1236.3
976.38,679.89
974.51,938.98
983.65,552.47
983.69,84.483
986.12,815.57
981.44,838.78
989.79,289.51
988.59,1050.1
990.01,46.813
992.63,127.84
995.3,363.87
994.41,947.01
994.41,865.07
1002,1184.5
1001.7,1135.6
1007,696.61
1010.1,888.91
1009.9,55.647
1013.4,921.9
1017,15.684
1019.6,614.21
1026.3,1186.9
1028.9,919.01
1024.2,861.12
1027,1131.2
1035.8,81.321
1030.4,647.88
1033.7,744.64
1029.3,411.45
1036,1041
1034.4,1085.6
1038.1,1201
1043.1,519.81
1038,1188
1045.7,425.77
1043.5,982.51
1041,1213.4
1043.4,728.45
1048,1075
1046.5,381.08
1050.8,136.75
1052.7,233.4
1057.6,121.17
1067.3,816.85
1057.1,41.558
1059.5,772.66
1067.6,260.2
1071.1,23.407
1068.8,475.3
1073.2,353.17
1070.3,724
1075.8,902.86
1076.7,209.09
1078.7,597.05
1080.5,1164.6
1082.5,422.29
1083.1,1194.2
1082.9,658.06
1083.8,846.84
1089.9,704.07
1092,868.63
1100.6,566.06
1103.2,918.18
1095.9,1025.3
1102.4,805.61
1104.8,177.9
1103.5,458.72
1101.1,1185.1
1104.9,109.58
1113.3,474.64
1111.5,199.36
1114.6,70.519
1116,713.08
1114,632.14
1119.6,984.84
1120.2,1014.1
1125.6,827.63
1125.6,566.3
1129.1,946.23
1131.2,730.5
1132.8,905.6
1136.6,1204.3
1141,174.85
1143.3,232.82
1143.8,1011.7
1153.5,151.6
1149,292.7
1151.6,78.689
1148.4,759.68
1153.9,1120.9
1152,113.91
1153,576
1159.1,598.11
1155.2,17.423
1158.3,680.55
1163.5,910.25
1164.5,198.18
1164,1096.1
1171.2,661.15
1171.8,510.18
1184.2,294.18
1175.1,13.747
1173,712.5
1181,745.83
1179.8,908.43
1182.4,997.59
1179.1,398.3
1182.3,1243.7
1181,367.8
1191,325.38
1187.4,1060.6
1186.9,931.25
1188.5,822.8
1189.8,441.36
1191,179.79
1193.6,240.9
1193.7,1163.2
1201.9,1029.2
1200.5,812.48
1200,196.5
1202.4,1150
1209.1,744.21
1211.9,29.2
1205.9,530.31
1212.4,456.34
1210.6,883.57
1211.8,5.6111
1211.1,176.61
1209.9,980.59
1211.8,1107
1218.4,504.9
1216.2,841.74
1219.1,241.69
1233.1,754.95
1218.4,623.94
1222.4,853.06
1233.6,1030.7
1225.3,602.1
1227.5,334.88
1226.1,173.93
1233,674.36
1231.3,286.08
1232.1,246.08
1239.4,296.15
1241.9,161.43
1241.9,207.87
1244.2,870.33
1244.2,283.18
1244.3,1109.6
1245.8,924.01
