1.5,42
3.1513,60.269
8.7217,110.1
9.6176,522.73
106.04,598.24
16.341,768.47
2.1471,807.38
28.604,908.42
21.576,146.53
5.3043,987.83
38.453,269.62
6.1429,929
7.7561,498.41
7.3667,1212.4
11.227,548.91
19.918,927.71
17.643,1205.3
15.421,439.11
22.691,479.11
20.217,241.42
24.525,169.59
20.763,203.84
21.744,494.42
30.215,26.684
58.35,788.89
27,104.5
28,183.14
28.632,309.76
35.707,540.98
36.14,4.4419
39.079,733.97
61.356,949
50.835,558.07
43.378,716.02
36.91,650.53
67.223,55.633
49.464,174.4
78.754,201.17
53.885,735.08
54.455,20.891
59.714,320.45
76.798,810.1
58.95,1058
60.751,112.96
136.15,330.73
63,913.5
72.617,1003.9
67.481,1051
67.857,923.86
70.694,766.69
69.2,827.56
79.217,274.68
73,119.5
89.438,721.8
75.227,1163.2
113.34,1224.8
114.9,830
82.528,984.88
80,533
81.933,501.07
81.286,894.57
83.907,744.63
84.509,1158.6
88.625,29.564
84.605,1041.4
87.58,7.2589
85.324,225.18
88.683,1195.8
89.161,621.9
87,1031.5
92.065,1089.9
160.55,455.08
91.421,51.895
92.6,968.2
95.085,248.9
94.029,1000.4
98.855,558.9
93.826,634.13
93.852,1142
99.183,384.87
95.6,1202.6
100.98,822.1
104.55,684.7
109.45,11.206
100.86,527.86
106.62,652.51
103,1104
101,1140.5
104.32,967.96
102.57,1201.4
104.5,490
107.04,541.71
105.33,1142
132.57,70.214
109.82,1003.5
145.2,796.57
118.15,1035.6
114,968
115.75,547.5
117,537
120.84,1132.9
120.5,1158
144.23,975.13
211.01,764.1
131.85,688.11
130.73,1172.1
129.94,885.66
154.65,1110.1
151.38,138.65
170.2,890.75
166.43,1071.5
155.07,247.88
134,1191
137.48,1019.9
139.38,548.03
148.34,1237.6
141.71,215.18
142.5,691.5
149.85,830.95
144.92,849.56
157.38,655.28
152.93,638.71
181.56,1186.5
156.85,1202.5
186.51,64.183
168.68,540.24
166.34,476.57
166.52,785.72
172.65,1240.1
169.93,442.83
209.7,186.99
175.88,628.6
170.56,823.67
170.17,1210.7
174.35,455.6
180.82,406.54
199.77,842.61
181.21,366.5
179,465.67
181.84,646.11
182.42,36.697
181.95,1023.8
184.65,153.47
212.03,674.97
197.57,284.57
185.91,97.909
191.56,29.444
194.24,730.21
200.42,8.2529
196.69,1101
203.36,943.34
200.77,117.44
198.59,248
199.5,30
198,1006
209.04,1233.5
203.37,720.37
211.5,437.68
214,715.5
220,892.9
218.91,253.65
219.45,1169.2
266.08,934.27
221,562
223.54,441.69
254.47,31.12
237.11,1066.8
252.49,1210.1
228.25,917.25
229.5,1180
231.5,469
235.66,415.1
247.02,855.58
234.64,139.5
236.95,614.42
237.44,65.059
240.67,120.05
236,427
253.18,442.02
247.59,1162.5
248.34,589.88
252.22,81.642
264.01,880.84
258.39,1032.7
251.88,57.538
263.68,106.84
255.33,161.17
256.27,183.82
279.57,655.5
257,677
261.62,1137.1
299.58,622.3
260.67,1124
261.55,683.09
261.32,285.76
263.43,947.77
273.56,1149.2
268.07,990.35
266,676
274.78,709.11
273.25,287.7
273.48,1167.5
271.93,374.41
288.99,513.52
273.91,1122.9
306.99,336.7
282.47,373.06
278.65,1015.2
279.07,1004.3
291.22,691.67
289.84,175.37
283,256
283.43,1130.6
286.68,106
286.67,291.48
284,761
289.23,248.49
288.5,89.5
288.31,866.83
295.34,410.67
336.18,839.4
292.96,142.58
293.67,302
295.19,369.14
296.43,14.144
294,189.5
295.42,197.58
312.83,65.875
298.46,126.86
297.83,88.8
300.19,112.93
300.8,236.91
298.09,465.52
312.68,984.8
304.58,26.973
302.84,97.226
322.32,446.67
304.09,895.56
304.5,662
444.83,203.67
306.6,41.6
307,876
309.19,272
309.09,885.62
314.54,226.51
315.39,410.38
313.25,178
314.05,1112.9
314.9,1225.4
323.98,731.03
322.31,1041
328.47,388.4
324.29,873.07
321,1060
323.23,944.77
335.55,514.67
331.18,702.45
339.58,946.22
349.59,756.22
326,1058.5
338.1,1088
330.14,612.51
332.75,477.75
332,791
347.76,1067.8
367.18,1021
346.24,309.81
346.03,475.32
340,693.5
356.44,1165.4
352.13,383.6
358.89,962.43
377.72,1237
349.2,1149.4
350.68,589.76
352,295.5
352.93,453.41
370.37,1115
360.06,1208.5
354.44,435.03
356.28,291
359.35,525.08
362.05,246.76
355.4,400.4
360.54,916.9
358.98,497.46
367.01,413.52
372.67,809.23
366.48,282.64
365,463
367.17,367.87
369.89,641.75
369.68,524.21
393.05,780.68
373.45,478.78
369.85,891.45
371.86,993.5
372.12,449.88
411.56,684.21
379.86,467.21
380.72,956.01
386.87,394.51
379,106
384.02,873.78
381.94,639.51
382.16,534.62
382.76,1183.8
384.47,560.23
384,108
386.08,759.6
393.68,348.72
393.03,588.28
392,980.51
390,273
391.57,1106.4
405.18,495.46
395.96,860.31
401.43,578.78
401.09,236.81
404.09,807.72
409.29,1126.9
406.95,302.32
417.37,853.92
413.8,326.43
411.63,55.316
410,371
417.16,938.21
411,1219.5
415.65,345.42
414.5,813
420.83,104.37
425.38,11.787
420.18,562.56
501.36,880.79
429.52,1149
431.31,286.76
423.86,530.14
423,1032
425.33,668.61
457.91,550.92
431.98,1027.8
427.58,537.89
428,78
435.01,525.97
431.65,934.4
443.31,48.449
444.29,790.32
433,84
434.88,627
434.79,650.62
437.29,309.1
438.77,328.34
444.43,1112.9
447,449.77
441,620
449.23,843.24
451.19,1017.4
443.41,614.86
442.08,1078.4
451.74,430.77
453.27,1047.3
451.5,1096.5
463.55,646.42
460.54,87.034
457.58,417.11
460.25,323.41
464.14,510.86
461,569.5
468.51,299.64
465.5,68.5
470.5,50.5
470.9,127.95
473,105.14
476.38,667.35
476.16,1093.2
476.29,1121.1
475.5,75
475.5,701.5
475.57,1131.6
479.71,119.71
478.68,1153.9
481.65,704.42
482.75,82.516
482.27,105.55
481.5,678
485.92,1054.3
490.22,1028.1
488,1118.5
579.04,99.719
493.85,362.63
500.36,1238.9
495.33,161.72
526.7,990.49
504.12,195.81
516.59,704.06
505.06,81.774
504.95,512.05
508.42,638.89
512.65,1192.1
537.95,1207.3
513,950
515.77,616.23
606.34,490.06
530.16,1123.5
522.53,957.65
529.3,774.85
525.92,914.42
527.87,927.28
539.43,74.161
533.79,900.04
529.96,784.96
529.5,888.5
531.88,1084.8
536.14,499.38
538.9,521.06
539.45,725.64
539.08,1064.1
549.18,352.32
540.42,875.89
547.13,308.43
550.6,740.81
556,228.5
561.16,292.21
604.02,1167.7
558.83,928.58
641.74,942.1
561.71,725.39
568.05,37.908
569.72,937.12
577.44,13.663
568.5,62
571.62,1220.1
585.95,667.01
575.29,720.89
580.02,1243.2
574.63,379.48
580.91,1049.9
581.43,731.61
584.89,1009.6
588.75,857.97
588.48,736.11
595.99,356.87
590.42,706.89
590.96,755.24
594.57,1011.9
619.07,1071.6
597.96,624.37
600.14,408.16
601.92,379.92
602.78,446.58
617.06,260.82
604.59,284.07
604.97,422.57
605.37,992.73
610.16,401.84
611.94,361.88
611.6,1061.6
641.18,425.24
613.83,700
616.77,1155.6
615,580
617.94,658.91
616.6,310.6
619.02,731
619.71,1117.2
621.98,303.64
622,371.5
626.68,396.59
637.07,634.99
624.1,1003
626.5,1129.4
626.8,316.44
642.45,798.68
634.43,987.13
630.91,842.91
633.07,1120.9
631.89,598.32
632,479
639.17,61.826
637.32,202.17
636.5,860
637.92,851.08
652.08,25.609
640.42,753.89
647.63,233.7
646.07,88.739
643,837
644.61,1062.5
644.86,76.857
647.93,461.03
649.6,901.79
711.81,175.24
655.25,76.716
653.14,1122.9
653.57,743.57
653,1002
667.52,343.52
656.84,1060.2
659.17,477.12
660.02,427.43
658.42,752.11
660.93,853.32
671.54,726.11
662,1004.5
664.79,1085.6
669.76,1096.9
667.95,681.71
665,847
666.09,1119.9
668.75,74.409
666.33,667.17
671.47,100.1
668,851.5
674.02,1235.1
671.71,492.5
676.35,908.56
677.02,470.39
675.57,613.57
680.34,1051.2
679.2,744.34
681.67,9.194
677.5,1183
681.14,315.31
690.1,27.584
685.55,583.33
683.56,711.32
687.09,553.96
684.5,700
691.11,341.56
685,611.5
751.07,1157.3
690.63,892.31
691.58,1166.1
708.29,1050.2
696.83,816
697.5,476.5
705.19,216.45
700.74,739.82
708.64,570.88
703.2,676.86
702.14,646.62
703.29,330.57
759.96,358.3
707.96,456.63
704.42,666.89
705.38,36.577
709.32,488.95
721.1,321.09
714.74,1093.2
714,528
719.34,735.65
785.6,516.7
722.72,1236.5
717.21,864.36
716,1193
716,1198
719.75,1210.7
720.56,594.08
720.74,718.4
721.5,980.5
725.74,947.04
727.91,972.82
723.5,194.5
731.96,795.36
730.67,1160.5
731.58,1031.1
731.9,1103.8
734.5,1203
735,1019
737,210.5
747.34,239.74
758.63,94.631
737.93,1064.6
739,1194.5
738.82,1024.9
771.22,308.98
747.5,981.43
746.54,959.2
749.35,200.09
748.69,996.6
750.61,897.7
750.21,3.7442
756.37,941.37
796.85,69.752
768.66,425.01
838.85,1017.2
759.77,893.23
817.97,204.89
763.33,272.12
764.89,689.58
771.5,872
777.12,1019.7
780.04,1010.3
789.37,993.15
789,1178
793.71,1107.4
788.08,439.97
817.35,1000.5
805.81,13.01
902.54,847.51
796.5,901
806.95,913.26
811.6,1170.8
837.17,232.73
840.41,1108.4
819.17,1245.2
825.65,1225.4
830,1021.7
829.33,1244
831.1,13
833.7,169.8
834,895
843.98,1170.9
839,892
845.28,353.85
844.88,882.65
847.29,101.1
853.79,640.01
850.38,1139.9
849.15,1152.4
850.91,332.09
871.59,362.96
851.89,997.63
852.85,80.529
853.73,92.231
864.79,295.83
856.38,447.38
858.09,242.91
860,163
861.8,883
1029.2,498.71
865.48,171.69
868.49,260.64
874.07,106.92
866.42,27.895
868.07,1061
897,1086.8
868.12,1191.5
872.8,72.244
876.51,879.09
879.84,762.72
874.07,1027.4
882.38,8.25
878,886
917.87,279.77
884.59,1041.6
904.54,42.601
907.1,122.09
888.58,93.895
908.53,1175.9
892.27,74.654
894.98,211.4
898.26,1003.6
893.42,1028.8
900.38,154.81
897.7,835.37
898.91,1154.5
900.65,709.06
904.29,75.655
903.58,168.55
903.41,274.96
904.89,1141.5
904.5,175
906.43,137.11
1023.2,143.19
905.4,345.4
905.93,814.59
909.5,572.36
910,1029.5
911.3,988.13
926.71,920.43
929.96,165.24
918,1238
923.64,341.9
998.36,303.57
922.78,1246.8
937.55,45.484
938.91,1012.7
933.33,986.73
951.78,1211.6
929.42,628.89
929,1122
934.38,109.51
931.57,714.61
932.12,760.58
931.33,1055
934.02,969.23
934.73,1117.6
936.86,144.46
937.64,134.06
934.6,333.6
944.05,299.66
943,97.667
943.2,308.56
944.41,902.94
946.83,908.83
945.5,754
947.89,160.09
948.19,708.26
949.69,1029.8
949,987
952.09,896.52
977.9,983.54
972.23,86.92
958.86,915.29
955.45,1019.4
955.57,22.429
955.5,255.5
971.15,717.23
961.11,358.42
967.4,1034.6
970.74,1127.7
978.33,1108
985.26,679.1
1016.6,1019.6
980.11,768.34
1008.3,875.64
988.95,1238
1002.1,446.4
984.43,136.79
984.83,48.719
989,827.71
995.07,480.34
992.44,614.56
993.32,775.52
993,215
994.04,1094.7
996.6,397.74
999.13,1158.8
995.73,202.65
995,646.5
1001.1,1176.2
998.36,218.32
1000,740
1046.9,1076.3
1009.1,1120.4
1006.9,1235
1008,947.67
1013.4,792.35
1017.3,1172.6
1027.1,349.05
1017,999.62
1019.4,485.11
1022.8,733.93
1020.5,1226.4
1026.5,5.5029
1024,237.66
1023.4,1050.5
1023.6,941.5
1033,92.301
1029.9,924.86
1042.8,1219.4
1032.2,440.46
1032,434
1036.8,793.52
1042.1,924.24
1038.3,1046.4
1043.8,443.74
1042,107.1
1042.8,59.56
1044.9,883.35
1048.8,724.54
1089,760.21
1052.2,360.44
1057.9,860.43
1055.6,161.6
1070.9,33.309
1135.9,906.3
1073.3,713.3
1060.5,1062.1
1072,860.9
1074.1,290.09
1074.7,490.59
1075,481.5
1079,878
1082.1,968.87
1083.3,851.76
1081.6,214.89
1082.9,1237.4
1096.1,318.36
1087.3,296.74
1089.8,1124.4
1087.7,87
1090.5,377.29
1089.3,2.7308
1089.9,966.41
1098.6,1136.1
1098.6,1072.8
1093.8,465.49
1093.8,696.8
1095,277.5
1097.3,844.27
1097.5,1052.5
1106,1219.7
1110.1,974.85
1163.2,768.67
1103.8,252.77
1101.5,430.03
1112.3,818.08
1104.6,211.89
1114.9,500.36
1106.5,1175.7
1109,278.71
1112.6,220.63
1127,68.032
1111.7,259
1113.8,1084.9
1117.4,178.17
1115,414.5
1175.2,821.44
1117.6,16.2
1144.9,1133.9
1120.7,245.71
1130,321.97
1156,1049.1
1140.3,1018.2
1129.7,276.17
1132.1,118.91
1130.2,1244.7
1133.6,177.42
1153.6,607.16
1131.5,695.03
1133.8,961.87
1134.5,30.368
1134.1,997.35
1163.1,721.53
1139,4
1140.8,519.57
1140.9,186.56
1150.2,481.3
1143.7,1088.7
1146.5,316.53
1145.4,456.53
1145,2.5
1155.8,934.04
1147,29.5
1148.6,265.78
1196.5,127.66
1173.2,975.23
1157,183.33
1161.3,869.75
1190.5,250.14
1162.6,569.53
1162.3,943.5
1165.9,457.4
1168,855.08
1166,1215
1170.7,1223.6
1167.6,1009.1
1171.4,921.96
1175.4,750.39
1178.1,387.42
1192.4,1064.9
1180.9,909.86
1182.3,1240.2
1186.6,406.89
1190,308.06
1191.1,715.65
1196.5,430.21
1197.9,16.227
1199.9,54.581
1217.5,629.37
1226.3,668.1
1205.9,308.29
1205.4,354.07
1209.3,113.37
1206.8,52.58
1213.6,707.38
1209.6,91.19
1207.5,321.5
1209.4,330.6
1222.5,1037.4
1212.5,405.35
1212,335
1219.3,75.01
1214.1,307.86
1214.9,446.22
1214.4,41.895
1215,1169.5
1219.6,31.667
1220.1,19.6
1221,297.5
1222.9,1120.5
1226.6,422.87
1239.8,456.54
1227,6.3333
1226,25
1229,1247.3
1239.5,1113.9
1231.5,77.694
1235.4,355.98
1229.9,303.58
1239.3,379.85
1231.1,775.42
1239,738.19
1235,102.6
1243.1,1188
1243.9,56.376
1238,109
1243.2,249.4
1243.2,875.74
1244.1,949.9
1239.5,231
1241.8,858.73
1244.1,688.5
1245.2,1227.1
1245,85.128
1244.4,839.61
1245.3,993.15
1245.5,410.61
1246.8,779.73
1246.7,908.78
1247.1,401.64
