2.1429,826
2.3158,997
5.5,715.5
9.9423,1043.4
7.1739,72
8.8333,1077.9
11.973,467.8
15.779,623.15
15.051,1194.5
12.926,214.59
18.774,808.09
21.882,251.2
18.953,1123
21.137,822.47
24.858,1161
23.576,1210.4
32.144,77.982
27.932,545.95
32.264,122.16
28.611,195.86
28.815,696.26
33.338,47.523
34.964,708.86
36.473,650.11
37.239,576.39
37.244,974
40.992,831.67
40.197,341.79
45,475
47.569,1015.5
46.5,659
51.33,70.505
50.407,968.07
52.321,876.17
52.405,294.64
55.387,33.21
66.456,994.4
63.388,346.98
61.5,1146
67.19,264.45
75.009,202.86
70.9,965.38
74.333,951.55
72,369.5
74.576,846.42
82.456,154.91
77.449,301.78
76.2,1084.7
81.18,1126
81.021,1185.6
83.271,74.966
88.031,656.83
83.419,550.55
90,692.88
93.264,344.92
95,191
100.3,241.93
99.538,751.75
100.6,2.7674
99.083,174.08
105.95,596.74
111.95,873.21
113.09,174.56
114.7,914.39
119,1079.9
120.62,285.07
122.64,100.64
122.92,1228.9
125,215
128.07,383.41
131.57,710.28
133.6,554.36
134.95,675.17
136.83,1217.3
136.31,533.94
136,303.5
138.8,350.42
138.65,225.78
148.5,861
150.3,890.25
149.42,384.06
152.78,438.89
152.95,730.17
158.85,851.5
159.93,102.05
161.09,505.09
161.58,594.42
165.97,130.16
178.14,236.15
163.32,266.65
167.94,800.58
165,738.5
167.95,325.07
176.46,424.99
172,111.36
168.62,674.12
171,219.56
168.67,1134
173.79,338.11
175.54,11.197
175.91,178.39
175,1057.7
180.88,64
187.5,470.5
188.58,73.105
189.07,372.59
189.58,85.895
190.71,557.45
194,427
202.65,494
205.12,160.65
205.16,337.58
203.5,1247.1
205.76,601
207.93,1110.7
206,293.32
207.07,1092.4
207,1156.3
215.99,1042.9
214.61,677.35
212.45,4.6579
217.08,22.562
218.24,518.46
215.57,711.05
224.58,440.44
219.43,1165.8
226.47,558.12
224.73,127.96
229.47,509.73
232.93,523.93
237.57,41.613
234.77,751.87
238.49,782.49
237.71,80.465
238.65,354.62
240.74,766.5
247.61,32.395
248.5,58.5
253.55,807.07
252,63.5
257.29,701.78
261.46,1132.3
265.42,277.33
266.5,49.5
276.72,161.24
271.81,326.74
271.95,1069.4
275.93,178.41
279.25,444.49
280.83,836.52
283.59,1115.6
285.46,651.44
284.5,1223.5
287.06,899.85
294.57,329.66
290.35,912.44
295.63,89.169
302.02,610.76
299.08,855.25
300.14,1026.5
301.45,31.731
303.67,744.15
301.78,1084.5
305.39,228.05
308,506.5
310.07,950.31
311.72,992.83
314.16,537.08
318.34,822.54
312.5,684
321.13,332.82
320,207.5
321.94,215.8
324.84,349.35
325.17,580.34
326,894
328.56,321.08
329.5,592.35
332.91,430.09
332.83,996
339.84,106.07
338.36,797.42
340.54,402.15
343.46,479.2
342.91,1025.1
344.57,584.94
348.81,656.42
352.52,887.58
348.42,242.11
352.09,763.34
352.08,140.54
350.5,850.5
357.47,395.1
355.51,976.12
359.88,531.17
356.34,619.53
358.22,1015.6
362.77,95.538
361.93,286.41
366.74,712.26
368.11,479.37
368.8,980.44
370.19,996.07
369.42,431.11
371,579.5
375.37,318.07
374.26,699.57
375,205.5
375.22,253.56
375.86,3.1429
378.06,157.82
382.89,681.12
378,634.62
379.07,964.44
380.39,1219.9
382.83,551.41
381.9,1040
385.98,45.041
384.57,102.45
383.86,3.8571
387.27,948.55
392.76,866.63
391.88,1215.2
399.74,14.559
396.35,189.96
406.96,599.59
403.41,457.41
406.07,40.876
407.54,95.723
410.48,983.25
410.5,257
414.89,1207.6
417.7,666.97
418.29,2.3214
417.5,19.5
416.58,629.89
420.01,515.36
421.56,796.23
425.26,808.68
425,989.5
425.91,1050.2
428.1,30
427.4,506.4
437.28,1036.7
432.25,187.71
429.78,748.44
435.69,418.84
434.81,946
437,699.38
438.5,857.5
442.06,591.52
441.2,1059.9
447.53,960.29
447.61,715.14
449.58,114.89
463.86,586.06
462,642.5
467.74,84.381
471.73,15.483
472.25,485.22
473.35,1001.1
473.32,961.41
479.85,146.02
478.65,201.61
479.56,1148.6
483.42,128.11
496.22,281.81
484.43,786.39
489.28,932.75
487.9,647.62
496.94,575.8
501.81,106.34
500.91,470.21
496.85,1239.5
506.15,938.4
502.5,736.5
507.7,1019.1
511.81,1188.6
512.77,987.55
514.58,998.55
515.9,1086
517.13,1237.9
519,520.11
519.6,745.36
522.9,944.36
521.08,1011.6
524.91,665.91
528.32,764.03
530.22,844.01
529.66,235.41
532.82,901.78
533.21,699.45
535.58,487.42
536.44,604.67
535.39,1213.1
541.72,104.47
542.24,234
544.6,179.77
547.19,499.52
558.26,1170.5
556.58,873.89
561.85,167.58
562.18,827.87
560.47,862.16
560.61,1199.1
562.5,1020
570.94,305.07
566.01,494.38
568.29,1186.7
566.42,83.895
567.53,429.84
568.89,1125.9
571.31,873.27
573.29,334.98
571.22,655.44
575.53,97.706
574.5,239.79
573.14,416.14
584.57,533.06
602.94,414.38
596.95,821.74
595.5,707
602.56,125.96
602.79,545.08
608.33,803.52
606.37,1047.8
609.73,458.3
608.46,616.83
608.93,106.09
613.34,771.98
616.14,636.75
617.5,508.5
619,844.5
621.76,929.3
620.93,962.41
626.71,1105.3
623,529.5
625.12,1035.1
629.68,1220
633.38,328.57
628.87,827.83
630,710.5
630.76,112.1
637.75,11.766
633.13,796.22
644.45,823.5
644.14,575.96
641.68,203.22
643.71,460.71
644,1045
643.87,644.03
650.55,1078
653.8,900.46
656.18,1149.9
654.56,215.69
651.5,1012.5
655,384.5
657.53,332.36
659.2,984.01
658,1126.2
662,124.5
665.2,1082.1
669.25,641.75
667.93,822.59
668.48,1050
669.29,1185.5
670.82,597
671.32,1093.1
673.39,942.14
675.15,732.9
674.15,914.54
678.29,397.8
679,877
683.48,90.415
678.58,543.11
680.58,861.11
683.04,1152.9
688.44,718.57
688.66,185.05
686.42,1144.5
688.32,940
688.42,969.55
690.29,578.72
689.5,347.5
694.93,1148.3
695.45,1065.7
696.58,297.94
698.86,1006.4
699.65,388.81
701.05,539.85
706.38,957.9
708,336.88
710.5,227
717.5,820.22
719.3,1076.7
721.5,481.28
719.92,339.05
720.74,876.72
722.18,1238.7
725.73,957.61
723.5,85.5
725,204
732.11,841.56
731.93,296.68
737.18,910.95
735.07,61.593
735.5,631.5
741.92,391.2
739.05,325.68
739.55,1113
741.51,1124.9
746.85,1014.1
749.42,154.82
750,488.64
751.51,1037
749.05,1094.8
750.56,1214.5
754.03,1150.7
758,1195
764.23,421.58
773.46,619.54
769.05,702.97
768.88,398.15
778.51,967.43
775.8,8.9762
773.86,51.714
777.4,243.38
776.5,423
778.97,821.67
780.35,754.4
783.57,577.78
783.02,77.122
782.56,722.2
784.5,224
795.77,289.95
789,175.5
788.58,808.11
792.62,153.91
792.69,31.686
796.41,763.07
796.74,787.45
801.99,457.81
797.72,394.05
804.13,1095
811.38,774.34
814.69,338.22
815.97,991.58
817.15,639.46
821,94.301
827.63,625.51
823.58,588.94
828.54,771.56
825.2,223.56
840.5,220.01
845.16,456.62
842.53,1222.5
840.47,577.69
849.84,324.85
840.31,602.55
839.58,810.89
841.42,543.11
844.42,1082.1
850.66,793.94
850,1042.7
852.9,129.62
852.85,693.9
857.12,601.04
859.66,946.61
863.16,900.11
864.19,239.64
860.09,705.91
866.4,356.67
872.48,275.94
869.03,134.27
875.61,66.405
867.58,226.11
876.91,600.91
883.02,121.02
880.13,953.7
879.7,1028.4
881.71,1131.7
883.5,442.09
891.94,846.72
887.97,911.21
892.63,2.3143
900.74,598.96
891.78,882.56
894,1145.5
898.84,146.4
896.41,212.93
897.83,566.83
896.96,930.43
898.44,822.46
898.42,1064.6
903.89,512.58
910.5,663.5
915.93,788.04
916,1247.1
919.47,534.6
920.83,691.24
921.63,1111
926.33,883.75
932.61,257.23
924.59,339.94
930.1,236.62
933.86,910.79
936.92,1052.9
938.64,1185.5
940.07,566.41
945.15,607.87
946.48,962.1
943.34,549.47
951.59,492.48
949.84,93.053
951.84,683.44
949.5,1209.5
960.56,284.45
951.73,941.71
950.68,1039.9
955.26,832.25
954.56,735.08
959.56,251.15
961.17,673.41
959.6,854.6
963.94,513.18
963.91,411.09
965.5,400
969.76,1004.5
979.35,198.3
982.04,552.41
990.04,823.08
984.17,872.93
986.92,73.253
985.29,762.55
987.17,1041.3
995.32,105.64
994.19,653.01
994.29,572.74
995.23,1142
1001.8,793.8
997.79,320.5
1011.6,295.09
1002.3,160.06
1003.3,414.27
1003.7,358.81
1005.6,1200.8
1007.2,976.2
1010.1,1073.6
1012.5,316.62
1013.5,823.82
1015.5,1057.7
1019.5,285.5
1016.9,526.47
1018.7,928.51
1020,350.2
1020.5,800.48
1021.7,213.71
1039.2,997.02
1028.4,13.915
1027.9,810.74
1029.5,670
1032,549
1035.7,1087.7
1033.1,572.09
1033.1,696.41
1039.3,119.62
1038.6,677.11
1045.5,208.42
1046.7,877.24
1047.5,757.5
1051,452.09
1049,240.75
1051.7,932.82
1060.1,216.86
1056.7,231.04
1063.2,669.03
1057.8,732.72
1057.5,825.78
1060.2,85.019
1067.2,717.07
1064.8,785.63
1066.6,105.14
1066,963.84
1069,582.35
1075.3,674.37
1074.6,478.93
1080.7,627.92
1084,1216.6
1087,870.04
1088.5,714.49
1094.8,841.71
1091.5,40.5
1098.5,804.17
1101.7,788.88
1097.9,924.09
1104.8,492.04
1104.3,421.43
1103.8,1129.7
1108.7,356.25
1107.5,595.88
1109.5,1111
1120.9,603.42
1118.9,1063.9
1124.3,693.75
1125.6,471.74
1128.6,448.31
1130.3,1050.3
1128.4,808.43
1129.7,613.67
1135.2,318.83
1133.5,778.5
1135.5,920
1138.6,80.143
1140.2,623.56
1145.2,166.67
1146.7,736.3
1146,843.5
1145.7,66
1147.5,417.87
1152.1,548.33
1158,636.2
1160.8,699.83
1158.1,1072.1
1162,983.85
1160.3,297
1162,72.929
1165.9,127.9
1162.3,91.167
1168.2,187.22
1171.7,331.5
1164,723.67
1168.8,257.33
1165.6,826.03
1171.1,466.65
1169.1,1013.9
1174.5,1198.8
1171.6,854.55
1175.2,584.13
1173.7,542.71
1178.6,53.064
1182.8,761.38
1182.9,76.441
1183.4,801.52
1183.5,889.05
1197.9,1044.1
1185.5,1151
1188.6,279.71
1188.1,323.59
1189.6,354.07
1191,208
1191.1,687.91
1196,866.5
1202.7,49.397
1202,255.5
1201.4,190.11
1205.1,683.15
1206.2,456.5
1210,1083.6
1208,235.75
1205.6,276.6
1212.1,663.13
1211,842.5
1212.1,1182.1
1216.6,55.548
1220,883.52
1219.1,1020.7
1219.6,284.87
1219.6,831.96
1229.7,35.914
1226.3,683.95
1228.7,742.61
1229.7,1246.2
1232.4,347.83
1238,537.66
1239.9,311.88
1245.4,34.547
1246.9,154.46
1246.8,460.07
