8.4638,279.06
6.5789,642.21
4.3786,690.44
5.4286,728.91
16.31,1179
28,1185
32.086,1213
48.419,1114.5
57.629,496.7
52.5,399
61.448,176.41
77.477,983.45
74.5,573
92.314,1214.8
97.321,857.26
97.5,535.22
101.16,1119.7
104,375.25
106.44,792.47
113.39,1244.2
123.79,559.3
124.01,759.92
131.11,160.63
142.42,944.32
144.42,255.65
144.07,348.59
149.98,167.55
150.93,490.61
153.05,970.92
156.5,149
158.79,389.89
168.76,1034
174.97,769.82
180,361.17
184.65,384.62
186.79,434.27
187.14,1103.7
195.83,912
198.36,15.721
202.9,1206
205.4,975.97
201.63,1178.6
218.68,1107.5
220.09,969.4
227.39,1238.9
242.55,490.02
257.07,919.27
259.22,764.48
259.38,1147.5
264.59,1002.9
272.05,1049.6
271.09,1154.1
286.07,322.41
288.5,854.5
295.42,261.11
297.9,1004.2
311.92,871.8
312.22,204.31
313.91,1065.7
315.94,1139.1
317.58,981.58
322.5,1178
324.07,168.95
322.33,1132.2
326.8,433.52
329.32,902.36
329.37,327.73
337.58,7.0889
341.97,408.6
349.42,549.89
363.09,1115.6
365.57,576.34
369.24,737.98
377.94,23.306
392.6,357.62
396.87,456.52
400,124.67
409.31,786.05
413.8,937.96
414.39,134.35
411.58,969.58
421.4,485.11
421.09,240.91
421.5,879.5
425.42,944.89
430,676.76
435.42,927.89
443.29,965.97
447.42,31.203
447.45,379.07
450.74,365.45
459.76,157.39
463.22,334.57
461.39,998.14
467.68,775.36
469.63,1052
478.57,1039.5
474.98,35.94
490.1,856.89
493.96,268.6
498.65,232.23
499.73,534.63
499.84,1103.6
504.92,34.017
506.27,631.41
510.52,347.91
509.5,59.711
516.44,422
522.63,991.03
525.19,586.56
527.23,602.87
533.15,845
538.45,777.66
538.38,795.88
541.42,925.58
546.63,591.37
552.3,242.9
552.56,488.05
557.03,313.4
558.02,615.6
555.97,273.07
562.76,164.41
568.28,239.92
569.58,620.11
586.72,459.82
588.27,578.94
587.6,557.6
594.74,591.79
596.5,171.5
599.64,998.94
598.92,710.92
607.3,704.38
612.09,865.17
614.56,1200.5
615.78,87.252
623.37,18.517
619.33,141.3
623.16,356.05
622.58,733.89
623.07,1172.4
632.49,177.76
626.4,60.121
626.39,611.14
630.64,969.11
631.5,594.5
633.62,652
635.57,3.0816
638.69,271.43
638.5,1086.5
648.11,180.96
648.41,485.07
657.55,431.71
660.68,1027.9
664.04,607.8
666.22,1113.6
670.26,976.62
668.62,1244.9
669.5,838
671.05,344.91
674.97,389.94
672.5,900.5
681.32,261.9
682.6,74.316
685.39,8.6696
703.18,721.37
704,710.83
706.6,843.5
709.32,406.2
710.58,642.58
710.67,1089
713.96,318.38
720.71,412.27
721.06,686.03
720.5,351
728.04,136.44
728.07,317.01
726.44,855.92
731.53,398.07
733.6,3.0208
737.86,437.14
746.06,141.17
748,354
750.16,563.81
759.5,735.5
761.41,596.45
763.14,151.5
768.83,895.26
779.83,698.25
786.33,439.65
787.54,632.91
791.18,518.15
800.71,193.8
799.88,565.77
806.98,1100.5
812.5,903
815,296.32
816.43,205.05
828.5,1137.5
834.44,333.04
836.17,51
844.64,307.03
847.66,877.06
851.07,271.95
847.58,481.42
850.26,376.86
850.58,563.09
853.07,1021
867.34,1246.1
865,606.5
867.52,986.18
872.68,872.93
869,994
874.38,1007.8
877.27,1140.9
892.81,759.74
898.91,572.46
900.08,94.633
898.93,343.59
900.54,1110.2
909.73,716.73
914.81,346.13
918.39,469.78
914.05,613.91
916.42,1023.9
922.5,148.79
925.99,7.0211
926.23,766.33
924.91,950.88
927.92,510.9
930.75,933.49
933.5,104.5
935.62,998.66
939.63,829.11
935.93,1241.6
943.7,388.93
944.19,815.04
947.34,203.11
946.42,639.55
951.99,20.29
949.66,723.47
951.08,1198.1
957.06,662.57
960.16,165.3
963.17,349
971.24,913.51
973.03,724.94
978.43,656.95
978.91,1018.5
981.27,933.55
986.8,591.62
986.38,391.82
985.85,912.55
991.91,359.96
993.31,516.88
998.38,1140.6
996,322.5
1012.2,664.44
1010.6,987.14
1028.1,358.5
1028.1,1109.6
1029.2,1021.3
1029.2,1064.5
1031.5,1187
1039.1,103.13
1039.2,201.81
1042,352.83
1047.5,484.03
1058.7,528.15
1066.2,1212.8
1067.9,698.19
1070,1093.9
1070.6,1227.1
1069.6,361.4
1083.2,140.9
1095,958.06
1099.1,1207.7
1103.9,142.95
1105.9,367.58
1111.5,822.5
1120.3,735.73
1116.3,329.29
1119.1,933.96
1120.5,758.16
1120.5,217.09
1122.6,859.42
1121.5,1072.7
1128.5,1013.9
1127,39.14
1136.5,763
1142.2,1042.9
1146.8,152.16
1150.6,598.64
1153,28.878
1155.3,1175.7
1160.2,320.73
1155.5,672.5
1167.6,42.632
1171.4,565.34
1174.4,1001.1
1176.1,75.623
1175.6,845.39
1178.1,970.03
1181.1,505.41
1184.5,950.06
1188.5,1224.6
1190.7,652.64
1191.5,1097.2
1191.5,551.58
1193.7,706.82
1196.1,780.35
1209.6,492.08
1212.6,530.91
1212,1157.8
1225,639.61
1227.5,566
1229.7,657.25
1235,191.32
1240.9,580.29
1239.1,872.9
1240,729.9
1239.6,612.5
1245.3,45.532
