2.1818,479
6.6129,400.87
9.7143,571.93
8.9259,485.59
9.2308,971.46
14.095,1181.9
13.913,206.39
24.224,136.12
24.887,365.62
24.296,568.43
25.977,440.98
26.5,628
31.108,1218.3
30.686,467.01
38.14,72.465
37.5,255.5
47.107,502.68
45.163,650.43
45.429,915.17
46,27.5
47.116,811.12
48.091,540.09
52.475,475.93
66.602,452.83
71.026,360.22
68.083,610.08
73.9,504.38
76.403,270.89
82.319,520.11
84.871,447.39
83,924.17
89.532,688.27
94.234,424.12
99.694,550.3
95.565,331.39
101.14,807.66
102.87,831.95
103.54,475.09
114.72,420.46
105.07,861.59
107.5,428.5
108.07,491.59
109.08,295.56
116.09,761.96
118.05,364.45
119.55,572.45
120.58,672.85
119.14,112.16
123.45,89.827
122.37,594.98
120.17,628
119.89,914.42
133.39,954.14
143.63,919.28
143.88,100.24
140.5,618.5
141.44,573.92
147.25,594.19
144.14,1128
148.49,635.64
151.17,485.85
150.84,887.43
152.26,1206.3
152.67,1032.6
156.07,849.62
155.62,158.9
155.58,566.89
158.06,1152
156.5,231.5
160.95,466.64
159.6,1187.6
165.79,523.56
165.54,339.22
166.29,326.68
167.86,58
170.73,917
171.66,170.85
170.7,482.08
170.43,504.71
178.5,970
184.32,591
187.1,1223.5
188.98,1052.6
194.19,390.38
199.1,978.93
202,963.5
207.71,150.32
212.5,36.5
213.63,890.79
214.29,128.34
212.87,951.52
218.28,536.83
221.62,622.62
220.82,437.06
224.49,1002.8
228.45,18.736
230.58,269.42
233.77,742.98
235.42,921.58
240,40.116
243.34,266.28
252.65,553.59
254.91,588.09
257.4,1153.3
261.16,497.37
264.08,356.44
281.69,494
281,743.5
289.46,981.7
290.7,1246.7
290.15,1208.3
295.33,759.95
291.91,1236.7
293.71,950.65
297.61,383.19
294.92,643.11
295.98,1078.4
301.77,459.9
309.43,487.47
309.43,471.05
314.99,124.06
313.58,749.11
318.46,625.68
318,960.83
322.36,62.218
328.71,892.88
332.33,87.548
336.83,463.94
337.67,494
343.98,536.01
346,743
349.07,281.59
352.86,336.51
350.92,1236.3
356.66,401.5
357.27,953.97
355.09,641.91
358.5,786.13
366,204.5
374.71,366.96
378.37,87
377.69,931.91
382.34,452.53
390.31,1053
403.14,69.639
397.6,1183.7
399.53,612.28
414.83,156
415,170.5
418.5,1119.3
424.09,1222.8
422.93,657.41
430.6,208.56
433.24,985.57
437.09,688.09
440.12,1014.9
442.24,1243.2
452.01,581.95
452.08,627.04
454.6,983.74
453.09,101.09
456.63,466.73
457.3,229.52
458.99,1096.9
457.6,387.72
462,2.7436
461,564.17
465.66,988.85
466.58,647.42
477.06,813.18
480.07,336.59
482.6,482.64
485,222
488.32,315.62
492.08,7.5921
493.24,378.44
494.14,952.37
497,129.92
502.8,78.659
504.87,144.87
508.5,965
524.66,606.95
523,246.5
529.12,571.67
526.47,722.28
532.98,30.872
539.08,858.54
541.68,162.41
548.95,1179.8
554.08,1063.4
550.15,949.85
552,210
552.94,131.3
552.5,169
558.64,1227.9
562.08,419.04
560.5,329
560.91,1160.9
571.5,652
575.65,440.47
577.44,831.04
578.98,1245.3
599,362
604.68,1055.1
604.07,1194.4
609.91,570.03
610,1141.5
611.07,283.59
613.14,653.14
617.97,433.73
630.44,757.55
638.49,1095.8
642.36,1065.6
644.83,934.98
651.44,282.53
653.07,855.41
658.02,676.65
667.94,47.204
669.98,1046.6
679.09,45.909
681.19,73.704
691,591.9
699.06,820.01
701.23,441.77
707.86,142.58
704.36,543.5
724.01,664.02
723,771.5
725,202
727.85,491.73
729.08,1154.1
753.97,725.98
757.78,975.56
757.65,1244.7
758.65,816.38
767.8,214.97
762.63,845.37
773.06,1203.6
775.05,430.1
775.48,1167.1
782.91,712.52
785.1,50.62
787.19,880.98
801.49,504.73
803.12,80.878
815.48,1125.2
815.72,945.12
831.76,830
847.42,239.73
848.44,815.53
853.67,874
855,99
858.89,8.8413
859.88,744.85
864.64,112.03
875.5,78.5
877.74,970.86
886.17,697.26
889.16,799.55
892.77,544.7
892.33,406.83
899.38,238.44
899.76,1041.5
904.54,831.53
906.66,983.61
905.86,800.57
907.09,48.09
911.79,494.92
909.44,1224.8
919.99,1180.7
922.63,1045.4
925.04,409.13
933.08,1161.1
942.46,357.45
941,1081.7
943.56,715.97
944.91,19.6
947.37,1130.4
951.63,591.42
957,99.25
972.45,748.02
981.31,403
986.25,350.98
989.58,606.25
989.44,83.077
994.57,251.37
997,695.5
998,665.86
1009.5,954.3
1010.8,86.068
1022.8,1127.1
1021.5,35.29
1026.7,71.234
1024.3,487.54
1025.5,88.647
1028.4,727.81
1027.6,331.14
1035.7,142.25
1035.3,577.01
1034.1,856.6
1038.5,1015.4
1039.9,84.889
1050.9,1015.4
1051.9,1219.4
1051.5,909.5
1061.3,825.82
1064.4,212.18
1066.1,261.81
1065.1,711.95
1066.6,288.87
1072.6,80.86
1076,106.21
1073.9,46.5
1078.4,419.17
1082.6,437.95
1079.6,1064.1
1083.9,480.88
1088.9,401.59
1096,894.12
1095.8,639.35
1095.9,1245.9
1100.8,1119
1099.6,559.5
1102.1,654.12
1099.5,535.5
1107.9,205.48
1109.1,507.91
1111.2,744.48
1111.2,259
1115.4,1166.2
1119,926.04
1119.1,227.44
1123.6,968.03
1125.6,175.21
1129.9,42.621
1129.9,749.85
1131.4,587.83
1133.7,972.19
1140,297.85
1144.9,498.76
1142.2,970.91
1146.8,103.08
1145.6,757.14
1149.4,945.37
1153.6,634.94
1155.7,209.86
1161.8,282.87
1161.8,617.95
1161.9,1127.6
1171.1,688.63
1172.7,171.05
1182.9,896.41
1185.2,816.62
1183.7,1232.4
1184.6,767.08
1188.7,988.2
1195,624.91
1194.3,776.78
1199.1,365.65
1197.1,884.38
1200.8,552.53
1204,339.24
1204,2.8261
1208.4,586.41
1210.9,115.7
1213.8,749.26
1214.4,859.89
1219,126.08
1219.8,838.67
1219.1,723.41
1224.4,1223.9
1242,216.91
1243.3,163.55
1245.2,991.07
1246.2,589.13
