3.5618,35.09
7.6121,96.406
4.0575,186.28
4.9302,379.33
2.16,1125.6
5.0698,561.53
6.9103,985.72
7.8617,1059.5
8.4819,17.313
9.646,708.86
8.5,1014.5
12.389,283.61
10.5,766
13.806,452.03
17.5,791
20.692,1208.4
21.2,7.5429
22.732,49.411
24,115.25
23.091,1142
23.579,876.89
30.129,456.41
32.396,394.68
42.265,793.56
32.953,604.3
33.569,1220
34.196,1235.4
41.478,1012.1
42.2,247.74
41.5,377
54.005,61.274
51.837,894.57
54.69,363.52
54.5,1239.5
55.976,487.93
57,298.5
57.576,1180.4
66.291,691.17
62.654,777.58
69.008,799.43
67.603,111.49
66.92,579.44
70.545,137.79
69.513,329.92
70.321,466.58
71.333,215
75.122,855.29
79.623,153.95
81.624,31.455
82.116,835.88
83.568,907.08
87.633,464.73
95.6,1018.6
96.183,1228.6
95.629,105.97
95.556,438.11
101.53,171.93
101.17,212
103.1,336.79
103.27,795.45
108.61,1072.9
110.74,991.1
108,128
110.99,322
111.48,153.13
115.72,184.82
117.58,258.45
127.2,777.93
131.82,223.14
136.31,959.77
135.5,17.906
140.26,942.97
141.71,126.65
141.98,492.89
142.09,1029.9
145.65,1097.5
144.09,67.045
147.67,1239
150.57,364.02
151.05,88.091
154.09,227.05
154.77,269.54
157.63,976.5
168.63,909.47
164.68,776.32
163,1041.9
165.39,278.87
175.14,699.53
167.78,838.96
168.91,650.95
170.63,309.63
173.98,642.14
187.41,617.42
192.02,344.42
176.93,746.59
180.05,1042.9
183.45,1236.2
187.52,259.8
188.17,477.05
193,190.88
192.94,4.6444
196.58,954.64
196.1,447.37
195.75,695.25
199.3,134.8
197.56,654.44
197.33,799
210.1,985.18
207.67,111.71
205.7,544.77
208.84,845.87
222.62,39.916
215.1,562.49
230.58,615.09
214.37,702.63
217.21,1017.8
220.52,644.88
220.09,298.91
225.47,341.44
224.04,686.36
227.98,1043.9
230.81,561.93
230.5,672
232.27,1058.7
234.61,286.14
235.5,971.5
238.39,810.61
242.83,529.08
243.96,559.95
245.78,630.16
241.93,417.41
252.85,233.92
248.46,1140.6
247.5,650.5
260.59,702.5
251.48,279.11
256.68,47.856
252,500.84
255.32,19.694
253.61,642.14
253.24,1028.1
257.55,1112.3
259.67,963.94
258.91,1060.9
262.53,572.76
262.57,828.73
263.52,75.783
267.34,728.9
265.4,1044.1
266.66,1032.2
268.66,622.82
267.5,356.5
270.42,342.42
274.45,949.98
274.16,1131.9
276,1185.7
277.36,298.5
284.98,614.18
283.85,716.9
284.45,447.63
292.24,563.12
292.36,1034.7
299.24,325.86
296.27,668.45
310.51,1180.7
307.04,1214
305.5,232.5
307.62,1142.7
308.67,121.21
308.31,663.59
306.42,843.89
318,835
320.32,349.31
321.98,989.28
320.83,416.43
321.72,749.59
321.56,850.44
322.58,858.55
322.92,373.08
329.46,549.56
330.84,1183.1
329.79,666.33
330.88,19.571
336.39,573.37
334.04,534.94
339.3,987.05
337.87,562.39
341.79,820.93
340.25,851.74
339.98,603.12
343.35,998.67
347.69,707.81
353.52,898.79
355.75,599.82
353.07,273.93
362.26,807.07
362.15,978.24
361.99,556.68
365.87,115.63
365.14,465.5
371.59,142.46
372.34,834.53
370.66,302.62
369.5,717.5
376.54,367.96
389.15,266.28
381.54,824.22
384,156
386.04,1214.5
391,412.5
393.1,1046.6
404.22,738.7
395.63,852.96
400.24,946.34
407.59,96.553
402.86,797.5
412.57,472.81
407.07,567.05
417.99,917.52
413.6,414.4
414.58,633.45
418.72,439.52
415.89,453.37
417.59,544.09
416.59,932.59
423.03,684.61
423.22,970.24
425.07,565.83
426.5,858.5
429.21,1065.9
428.71,696.95
427.39,1109.9
429.07,81.414
429.74,578
429,386
431.07,401.59
431,382
433.81,430.14
438.13,792.79
435.3,1098.4
437.16,884.87
439.33,1157.1
437.93,765.56
444.86,27.956
440.38,598.67
441.87,854.03
443.34,1200.2
446.7,938.52
445.5,893.5
447.72,1214.2
452.19,1034
450.48,206.19
450.76,633.97
449.82,723.85
460.1,401.7
459.86,420.88
463.04,357.98
471.44,1181.7
473.12,366.07
474,664
483.56,656.1
487.41,1088
491.86,681.55
485.48,916.58
485.94,635.94
488.97,135.87
487.43,421.28
489.03,544.06
489.61,975.39
489.5,285
490.91,765.91
494.31,470.03
494.25,571.47
492.5,113.5
507.21,283.8
504,1054.5
503.07,506.41
505.53,638.34
509.84,778.9
506.42,475.11
516.05,581.45
514.62,999.38
515.58,619.45
523.24,967.2
522.61,944.24
524.07,859
525.09,73.109
527.41,336.81
526.07,844.78
526.53,1210.6
529.49,58.182
526.71,270.94
531.08,88.205
534.71,183.32
530.5,296.5
530.86,599.86
533.09,824.41
536.29,456.85
539,103.5
538.42,255.11
543.14,745.85
541.28,808.26
541.9,1174.2
549.67,640.33
545.58,67.895
549.16,367.32
555.46,1106.5
559.13,900.37
562.58,12.802
559.42,537.89
562.43,551.04
560.92,856.92
565.74,115.28
572.56,85.07
570.86,302.56
573,589.86
573.2,850.63
574.76,206.26
570.89,1215.6
572.71,395.64
574.8,908.28
573.24,1045.8
574.48,409.12
576.36,98.484
577.18,331.37
579.1,807.03
582.03,453.62
580.6,1124.6
581.12,776.5
593.6,1010.4
588.02,1169.9
587.09,266.24
585.91,732.06
591.28,1193.6
589,772.18
591.45,981.86
591.52,128.89
594.14,500.73
595.53,241.82
597.73,1146.4
595.5,953.5
600.64,584.6
595.67,639
600.88,379.83
601.78,695.26
598.43,64.391
601.85,1117.1
604.92,649.45
605.39,831.48
604,858.68
611.14,405.28
604.8,719.44
612.31,1020.1
615.98,1202.4
613.44,856.56
617.25,465.89
619.52,689.44
619.22,828.31
618.95,233.93
619.07,387.41
622.18,214
620.58,1144.6
623.94,39.197
625.68,128.98
630.82,495.1
629.26,545.59
631,186.5
634.35,531.51
632.07,794.41
635.85,316.64
637.18,850.77
635.55,465.54
637.66,77.609
645.16,12.222
644.54,717.41
646.58,141.57
644.65,664.55
648.13,495.08
646.34,1130.9
648.85,217.68
652.43,913.41
651.29,872.88
653.68,1088
651.5,1147.5
651.86,416.86
653.66,305.32
653.94,801.3
655.72,559.69
655.2,768.44
658.59,9.5185
660.77,1132.4
658,1143.5
663.28,233.07
665.58,812.61
673.4,1213.3
674.82,375.45
674.26,700.16
678.43,99.429
682.39,623.86
684.81,93.929
688.89,1112.6
689.5,26.5
690.19,503.14
692.43,698.72
691.5,1043.5
697.97,838.9
700,930
702.68,1166.3
706.27,269.96
704.32,420.95
702.06,543.65
706.49,718.72
702.16,749.43
705.41,183.19
707.33,340
710.43,919.95
713.92,172.45
712,364.68
715.85,90.361
715.91,1197.6
720.62,1055.6
720.68,1084.1
718.92,865.92
722.12,1018.5
729.08,612.64
726.5,156
728.63,512.57
729.38,68.235
734.45,700.29
734.85,539.54
737.2,1077.8
741.89,424.93
742.71,509.11
745.96,123.48
747.31,155.95
747.66,194.15
748.65,680.98
753.17,44.13
755.5,525.31
758.21,1153.8
755.55,561.58
764,64.679
764.38,428
771.24,475.28
766.91,953.09
768.69,928.09
774.27,176.65
775.86,3.8571
781,967.74
785.59,122.82
782.91,476.95
790.96,319.53
790.58,1159.6
794.5,554
796.47,291.15
797.39,222.16
802.32,1014.2
799,948.5
807.11,122.65
803.71,430.67
803.15,1103.5
805.5,698.5
805.77,1145.4
807.2,413.28
807.06,626.45
814.52,201.46
810,437
818.59,1242.3
814.12,830
816.68,382.68
820.44,1093.2
832.09,56.491
831.56,728.13
831.3,983.52
833.61,118.98
832.08,855.56
839.06,415.35
834.08,1217.1
838.45,1061.5
846.01,167.43
840,209.38
840.42,329.58
847.67,28.734
845.61,140.5
842.96,958.68
847.45,647.58
847.8,909.2
849.6,253.72
857.56,528.08
855.43,693.27
855.21,1122.7
853.09,743.09
862.59,659.2
854.58,1144.9
856.41,102.07
858.58,835.67
862.07,59.407
868.53,462.49
870.56,319.62
871.93,51.612
868.14,348.5
876.09,686.86
873.44,1052.4
883.2,151.08
882.52,843.73
883.03,2.9661
879.09,950.09
884.5,1167.5
888.49,289.64
887.59,94.414
893.41,744.03
892.31,1074
893.44,456.05
899.45,42.93
897.73,1015.3
898.65,30.5
900.73,163.51
898.5,669
903.41,701.68
904.82,232.79
905.04,947.06
903.82,677.87
907.64,536.4
909.78,347.84
915.83,1048
914.58,485.11
922.69,948.62
919.92,305.92
921.37,869.63
926.62,275.84
924.03,259.9
924.94,566.91
927.68,342.36
926.5,639.38
929.51,130.56
929.38,818.66
931,89.839
937.14,431.47
932.54,466.93
932.77,99.161
933.07,385.59
933.09,740.09
934.29,921.71
953.15,617.58
938.11,681.37
940.42,974.03
946.91,1038.7
949.26,1192.9
950.61,1095.4
950.94,75.1
954.5,46.5
959,116.83
963.71,136
964.17,562.69
961.69,927.91
968.47,367.61
968.34,738.06
969.14,343.86
972.71,167.55
973.44,334.54
973.37,443.37
976,782.41
976.32,325.95
984,1158
989.1,168.42
987.85,297.64
998.36,687.75
993.86,769.68
998.78,801.32
1002.1,600.16
1010.6,260.91
1009.2,303.76
1011.1,613.58
1015.7,1120.6
1020.1,36.462
1017,572
1018.9,142.59
1020.7,62.651
1021.2,718.86
1023.3,257.45
1026.1,904.42
1029.8,841.62
1029.4,1005
1035.1,541.63
1032.5,158
1040.1,29.903
1036.3,650.45
1042.8,300.72
1043.3,430.9
1042.9,717.91
1043.6,123.4
1048.9,149.87
1049.5,203.34
1050.6,238.5
1053.6,494.73
1053.6,505.21
1053.4,316.38
1068.4,1238.9
1066.6,420.87
1061.1,1169.4
1068,826.5
1072.8,869.26
1070.1,574.12
1071.4,138.75
1073.5,248
1075.9,323
1078.3,547.59
1081.3,304.62
1077.4,1037.4
1082.7,1060.9
1086.2,384.11
1085.9,583.91
1090.1,1195.8
1090.5,1005.4
1088.4,625.11
1090.5,466.71
1094.7,1220.1
1092.1,55.909
1102.7,927.55
1100.1,847.75
1100.6,1030.6
1104.9,244.47
1103.1,947.91
1104.2,831
1111.6,180.47
1112.8,336.44
1114.3,817.15
1114.1,389.5
1117.5,916.57
1118.9,463.04
1121.5,12.333
1123.9,309.68
1119,1143.8
1124.9,1129.9
1126.4,217.57
1130.4,180.58
1130.5,233.86
1131,662.44
1128.9,1020
1135.6,98.025
1135.3,889.41
1133.2,1235.2
1133,357.14
1139,371.5
1144,385
1147.1,648.47
1147.9,708.42
1151,922.54
1153.6,364.64
1164.6,104.81
1154.5,185
1158.3,784.4
1159.7,1157.6
1158.2,393.92
1157.6,654.11
1159.1,740.98
1162.9,130.41
1165.4,929.94
1168.2,609.9
1167.9,855.1
1170.1,1140.4
1171.7,717.46
1172.1,493.91
1174.4,584.13
1174.2,701.69
1173.1,679.59
1175.4,632.79
1178.6,600.97
1180.7,358.63
1180.7,647.84
1181.9,859.7
1185.7,543.22
1181.5,572.09
1183.3,1139.2
1191.4,745.62
1186,690
1188.9,1203.7
1189,1165.5
1196,988.73
1195.4,507.86
1196.2,937.79
1201.1,1108.2
1208.8,79.576
1208.5,481.44
1206.9,612.63
1210.5,816.52
1210,902.17
1216.5,833.69
1215.9,581.87
1215.1,619.73
1217.3,1051
1216.8,875.33
1221.1,638.05
1223.1,236.88
1226.8,356.4
1233.5,864.21
1232.1,161.07
1229.7,282.34
1229,373
1233.2,629.9
1231.5,131.72
1233.3,34.29
1239.5,22
1244.2,995.49
1242.9,386.92
1245.2,470.35
1244.3,695.39
1245.1,247.33
1246,1069.7
1247.1,536.5
