2.5806,55.742
9.8466,127.02
2.7451,159.45
2.8889,235.73
7.8486,328.97
3.1571,710.64
3.9452,842.14
2.5135,913.46
3.1389,1029
1.8261,1057
7.5866,1072.6
5.9737,610.37
9.5659,760.66
5.9167,2.9167
12.66,975.86
18.098,564.12
12.849,883.67
15.436,420.1
12.5,1043.5
18.665,1127.3
17.741,1213.7
15.034,239.93
23.422,212.88
24.147,310.51
20,400.5
22.733,1155.4
23.067,816.44
23.571,618.54
30.135,702.08
30.065,335.46
26.333,671.67
29.538,1021.8
31.855,961.86
32.219,1243.2
34.647,368.79
32.838,627.66
36.091,765.09
38.041,1146.4
43.419,860.33
44.702,607.2
44.031,83.682
44.59,1062.8
45.884,48.661
48.114,273.5
46.829,449.9
41.909,583.09
43.5,1000
48.024,670.15
44,213
45,811
54.337,888.31
53.747,1010.8
61.302,565.3
60.254,1130.6
55,87
57.061,990.08
57.4,207.6
60.688,312.34
58.5,951.37
58.6,91.4
61,107.61
61.909,339.91
74.126,70.421
70.764,945.68
69.853,1057.7
69.893,187.71
70.193,792.88
71.182,1105.8
70.773,1166.9
69.091,12.045
74.504,430.88
71.528,759.17
75.317,973.37
82.837,1005.2
82.463,217.99
84.237,895.17
83.846,331.62
82.564,959.24
84.248,104.57
85.086,845.1
84.269,88.654
87.588,126.32
87.463,27.585
93.444,917.04
92.511,518.96
94.698,1034.2
99.17,545.67
105.09,129.15
101.85,321.46
102.81,1137.8
109.26,386.45
109.89,508.28
104.72,682.15
107.76,1113.6
146.84,34.445
121.28,72.499
108.08,893.56
108.93,1154.2
112.33,357.97
112.57,1070.4
116.96,632.9
115.04,1043
117.29,775.46
114.5,1130.9
118.55,590.68
121.36,705.67
122.5,852.64
123.84,803.13
127.09,1154.1
126.79,900.62
128.12,941.27
137.82,112.3
128.82,687.08
130.39,1191
128.03,556.27
132.42,825.87
136.28,489.52
132.5,1037
133,328
138.91,579.54
133.46,1230.4
141.01,186.2
140.52,412.84
142.42,954.05
141.67,1028.5
142.47,1095.4
148.17,341.01
147.02,552.69
145.13,640.04
141.67,871
156.66,1009.9
143.41,858.94
146.11,686.11
146.69,171.2
154.28,324.74
148,1181.3
155.22,147.27
155.15,970.42
162.69,356.07
161.36,1118.8
168.31,1071.9
170.88,928.05
170.06,982.14
173.37,676.89
171.5,623.59
174.9,434.25
172.84,1129.2
175.35,1235.2
173.05,215.91
175.8,448.31
174.77,586.23
178.34,971.54
179,918.81
184.6,286.24
181.97,931.1
187.25,853.32
188.31,60.866
189.47,618.93
189.48,1225.4
189.9,1110.8
195.12,186.88
213.7,13.808
198.51,1043.5
193.42,476.58
200.43,110.33
194.09,520.09
195.1,647.9
202.51,568.22
203.76,608.86
204.47,827.46
204.68,987.95
205,295.5
213.07,508.14
207,518.17
208.31,980.05
217.2,703.65
214.49,160.05
216.88,1064.1
215.61,68.321
213.44,631.54
216.44,492.39
223.25,757.55
219.53,1011.8
221.57,39.667
219.38,1120.4
225.27,312.21
222.06,354.29
222.4,616.77
229.69,253.65
233.85,925.23
234.1,478.29
234.69,503.46
234.68,1035.2
231,1.5
232.59,545.62
238.38,697.14
238.02,417.06
247.46,282.15
239.43,608.01
236.41,1058.5
235.71,330.57
243.55,241.07
239.67,322.85
239.03,534.11
238.05,662.9
241.15,217.52
242.74,950.79
240.5,1.5
244.71,806.38
251.29,758.22
247.21,582.91
247.75,508.46
248.05,1050
246.35,970.71
252.22,1242.9
256.04,309.72
251.61,1163.8
254.18,1219.8
253.87,328.77
255,1065
260.41,204.47
264.89,337.85
266.52,886.63
271.47,912.27
281.51,568.25
269.23,730.78
269.38,1190
270.93,542.82
274.58,1116.1
275.09,192.42
272.97,263.46
272.91,1098.1
275.43,662.07
276.37,695.59
277.87,482.96
280.58,841.45
277.59,1016
283.26,84.22
283.41,503.62
296.08,14.733
286.92,1158.7
289.54,299.39
285.99,452.66
289.5,239.32
285.12,892.5
294.69,67.271
296.22,209.35
293.27,776.93
297.17,1082
297.28,1113.2
298.21,603.67
302.86,331.39
299.93,675.65
299.55,843.58
302.85,540.3
302.89,752.87
302.73,412.6
304.32,449.9
305.5,864.21
306.82,185.1
305.9,1146.4
309,387.5
313.33,683.1
314.72,306.15
314.57,875.15
320.11,245.86
318.59,594.07
323.79,1012.9
318.39,836.63
324.35,513.46
320.78,396.78
326.78,355.81
323.93,666.31
327.61,49.368
326.12,409.48
327.81,1059.2
331.62,868.18
334.33,276.69
331.54,423.05
332.11,3.5
337.66,478.58
334.87,125.72
335.83,400.53
338.1,721.42
338.39,537.88
337.5,636.8
339.98,1139.6
339.71,573.27
343.54,1089.2
341.62,932.34
341.5,742.5
346.42,183.15
357.94,1171.2
347.92,1229.9
354.79,407.38
354.25,804.08
361.9,304.55
355.91,686.95
361.2,520.39
363.02,1198.5
363.39,276.21
359.63,435.82
364.79,45.479
362.61,1063.8
368.3,1152.2
368.74,750.92
367.02,1051
367,937
373.55,1242.7
377.27,821.89
375.99,888.24
373.6,960.47
375.54,870.57
373.91,696.91
395.04,1108.1
381,984.64
378.24,1128.8
381.6,10.421
379.71,76.941
386.92,287.36
380.5,646
392.64,204.49
386,550.54
388.01,589.05
389.2,756.93
384,792.5
389.64,503.77
389.5,922.46
389.4,95.9
388.35,971.85
397.29,574.45
398.62,844.53
397.5,1246.6
402.26,953.41
403.47,96.758
402.57,173.87
405.49,248.04
402.42,136.11
403.91,1221
403.61,1234.5
404.5,1155.5
409.95,273.95
408.96,290.06
407.35,340.42
408.43,383.82
409.31,84.182
410.9,441.2
416.16,901.35
413.57,317.14
418.68,345.18
418.82,472.58
420.73,831.65
421.3,413.48
421.6,525.78
424.99,594.96
419.91,247.46
422.57,1164.6
426.55,56.176
430.24,748.52
427,684.32
429.23,696.81
435.39,322.17
436.52,160.11
437,305.26
434.12,722.98
432.36,1084.5
437.23,470.23
437.94,734.24
438.46,815.92
438.85,1123.9
441.24,909.64
446.24,668.76
461.34,791.09
445.05,496.91
449.3,995.45
450.76,932.33
454.48,347.46
452.96,881.14
451.5,743.62
458.13,1174.3
455.1,1221.5
457.49,188.96
460.17,560.09
458.59,139.32
462.57,969.1
477.27,1017.8
464.98,608.3
468.2,1245.3
464.6,404.64
467.58,826.97
468.57,205.09
474.92,1137.6
476.28,231.2
477.27,427.04
476,700.03
477.06,1100.7
474.82,399.78
481.2,121.8
487.94,302.31
483.18,846.5
480.96,931.31
488.4,511.27
484.87,562.75
490.97,170.71
493.96,88.748
489.67,965.69
491.5,663
497.32,269.11
493.28,389.02
494.96,426.29
501.39,844.44
496.46,1079.9
498.69,1096.7
499.79,820.99
498.42,1193.9
508.62,188.67
505.38,523.24
504.28,1121.1
505.21,331.92
503.46,1224.7
508.88,893.98
519.07,384.27
505.94,1168
511.18,1150.3
511.97,672.98
507.58,322.11
509.6,704.64
511.31,779.1
511.5,419.65
513.55,1034.2
515.79,626.33
519.21,855.01
513.58,1166.1
516.91,735.24
520.74,990.13
522.11,1234.1
517,316.5
523.12,427.22
534.98,1070
525.13,249.84
526.62,319.07
524.85,824
527.21,99.412
526.13,452.83
528.96,22.34
530.82,1193.9
534.34,281.22
532.88,405.62
534.79,883.62
535.15,1098.5
538.13,1004.5
543.41,682.67
537.5,440
544.67,623.99
539.39,518.54
543.96,1217.3
541.91,347.97
543.75,75.386
545.06,262.93
542.68,825.74
543.5,573.35
549.13,119.97
565.55,365.61
550.2,47.75
548.15,742.36
549.28,873.6
549.84,507.53
553.76,560.79
549.66,1029.6
551,399
559.14,785.72
557.55,1124.2
558.77,13.297
559.31,942.41
563.71,511.59
560.85,426.46
561.09,635.09
561.38,842.12
568.08,1009.2
563.91,1193.1
564.11,478.42
567.82,1082.6
568.95,664.97
574.1,1141.9
574.15,690
578.13,743.96
581.09,563.17
576,419.86
576.81,520.95
578.2,672.74
581.12,764.59
579.7,635.69
580.64,6.5
582.59,1055.4
586.57,719.06
589.76,1247.1
587.08,56.635
589.01,1160.4
600.02,398.52
591.61,505.12
593.93,1100.4
598.7,152.46
591.51,105.09
593.8,87.962
598.76,1211.1
603.42,340.73
598.04,846.29
600.24,1192.8
601.23,933.11
601.68,1003.6
607.61,302.68
606.29,691.89
609.67,769.24
613.95,1224.1
611.32,985.29
616.38,87.38
617.48,375.24
617.57,942.36
614.81,543.19
618.18,44.601
635.41,112.42
616.61,487.72
614.37,729.27
618.77,698.88
625.23,1069.9
627.25,861.88
633.09,201.5
635.33,550.18
640.42,154.3
639.5,267.94
640.31,1143
639.09,375.95
644.91,437.15
643.06,186.03
647.95,616.99
649.13,992.55
647.53,1188.7
643.31,465.84
649.99,9.4368
653.59,361.71
649.13,1246.4
652.43,281.53
651.7,963.83
653.95,1221.1
660.44,826.7
656.44,739.44
662.67,717.78
660.8,1036.1
666.83,918.39
663.94,238.76
667.64,889.75
672.72,592.75
676.15,1075
673.06,533.05
676.22,1204
678.04,5.8107
675.48,31.896
681.12,778.77
680.09,1184.2
681.84,79.767
686.27,1045.8
689.2,1137.2
688.4,206.6
691.67,221.83
697.84,1010.8
694.63,1210.6
695.55,331.17
695.15,971.05
696.03,87.573
698.99,1233.1
702.16,651.7
699.5,797
700.93,847.17
701.68,906.99
706.53,505.17
703.29,245.29
704.28,1107.5
705.52,24.4
706.3,743.64
705.64,1184
709.6,222.71
712.58,423.22
708.05,74.1
712.73,1136.7
710,957.56
715.44,38.897
713.41,256.96
716.22,1053.5
714.81,175.36
721.5,9.6487
724.52,85.515
720.76,107.19
730.79,294.69
723.66,633.15
734.4,1127.2
730.62,446.45
733.41,258.13
730.6,974.89
732.36,1014.2
742.95,1220.5
738.03,1106.6
733.5,510
734.18,31.783
738.03,469.56
741.68,544.93
740.52,955.1
739.43,335.49
744.85,1185.2
743.42,360.58
743.75,1034.6
748.75,601.81
749.33,83.604
753.39,8.2937
753.9,205.49
752.53,49.941
756.11,923.76
759.95,1151.4
760.95,983.12
767.65,1003.9
758.2,1019
762.4,377.4
770.75,644.84
765.56,1030.4
780.85,116.54
775.31,174.88
780.41,787.3
778.25,1214
774.49,1243.1
780.15,1087.7
785.01,966.61
779.24,144.78
786.67,30.033
783.5,806
792.22,3.6265
788.94,605.96
798.19,206.93
793.47,1129.4
795.48,168.95
798.33,340.62
800.59,413.67
797.06,798.55
802.04,1116.3
803.5,967.26
804.56,729.97
804.36,91.705
810.25,777.17
815.8,105.85
813.45,1059.5
809.39,292.64
809.37,1141.6
811.44,833.97
817.92,1011.4
813,171.5
815.16,639.68
820.17,1036.9
821.54,478.81
817.37,700.88
819.67,51.808
818.85,1105.1
822.5,350
824.4,869.38
824.5,1023.5
830.33,254.85
833.85,322.51
833.52,1126.2
830.88,1247.1
834.23,1083.3
840.62,144.68
835.29,447.61
836.14,960.76
841.26,165.5
840.96,200.02
843,1052.8
843.2,849.82
845.17,295.47
851.05,1172
850.96,58.683
847.94,392.04
848.8,688.26
845.59,989.94
846.96,102.96
851.36,271.62
850.45,763.47
854.56,13.551
851.81,1082.2
852,888
857.81,610.69
855.35,1143.9
860.25,222.94
856.72,254.69
858.89,407.58
858,1193
871.06,119.61
861.13,1208.4
867.96,68.544
865.87,939.21
861.52,1133.9
862.07,38.071
869.97,1039.5
877.04,1189.9
870.89,237.13
877.34,312.67
881.84,987.23
877.63,1136.3
880.1,647.7
875.92,329.08
880.56,1244.9
886.53,244.48
887.5,886.05
887.52,75.913
889.34,707.27
890.95,680.05
902.9,159.58
895.42,223.94
896.49,724.01
900.55,945.88
909.19,109.89
901.42,301.52
896.33,1116.5
899.88,201.82
903,968.54
902.35,878.97
903.38,1128
901.15,1052.7
907.83,274.15
914.48,56.521
907.9,445.32
910.33,249.33
907.62,414.4
910.75,1192.5
909.41,86.811
914.94,647.6
912.35,671.89
911.07,1030
915,28.333
916.36,1005.1
918.26,1055.9
919.66,1143.1
921,179
922,715
922.42,910.89
925.86,269.57
927.5,439.77
924.5,875
930.11,1122.8
932.11,578.61
930.17,1225.8
935.91,73.275
932.83,715
938.68,17.015
938.54,315.4
935.5,1169
950.79,105.73
938.17,629.06
938.13,356.77
940.95,203.78
939.96,428.5
942.5,175.4
941.15,969.43
942.98,1054.9
949.97,1023.9
945.58,1214
945.21,443.79
946.12,926.46
950.6,998.53
950.65,1149.1
948.96,897.43
951.5,163
953.38,1068.2
960.65,1088.8
956.46,1052.1
958.74,423.85
966.04,1174.6
970.9,148.61
968.71,332.31
968.15,109.54
971.33,1034.3
973.48,891.13
970.63,1100.4
979.92,964.99
977.37,221.74
978.82,90.243
986.27,1094
981.98,381.26
983.52,1028.5
992.61,258.56
990.12,47.827
993.88,107.74
995.64,950.82
986.79,1063.6
996.29,756.55
993.64,615.53
993.5,965
998.96,876.66
1008.8,1234.2
1004.7,658.81
1009.4,369.26
1005.2,1107.2
1011.7,429.39
1021.9,921.18
1014.4,297.57
1022.4,32.186
1021.6,632.16
1026.2,1212.2
1030.4,415.29
1032.5,994.94
1028.1,1030.5
1033.1,1119.7
1035,379
1037.2,1106.5
1038.2,1082.2
1040.1,318.28
1037.3,915.57
1038.1,936.5
1039.5,712
1039,835
1043.9,972.93
1046,849.18
1049.7,242.78
1050.6,1243.1
1045.8,552.68
1054.5,382.95
1054.2,1019.4
1061.6,1199.7
1064.6,904.8
1061.7,634.95
1069,704.71
1066.8,681.91
1074.8,1094
1074.1,600.07
1074.4,860.47
1081.2,192.6
1078.3,514.4
1076,1206
1086.8,1239.4
1086.2,1185.8
1088.7,1063.9
1091.9,181.74
1093.2,296.59
1090.8,889.92
1091.5,430.78
1092.6,849.07
1104.5,33.709
1097.1,245.48
1097.4,829.18
1098.5,888.5
1098.9,911.09
1106.6,936.05
1107.6,53.561
1112.2,1176.3
1112.3,4.625
1117.8,1128.9
1119.3,842.77
1115.5,976.5
1120.1,404.97
1130.1,54
1121.7,294.81
1122.3,171.59
1125.7,1244.8
1126.5,1226.8
1128.4,353.66
1136.6,1080.1
1135.2,157.08
1138.4,1206.9
1134.9,319.26
1134.1,849.19
1146,1136.8
1135.3,1165.5
1141,770.85
1149.3,1237.3
1146.4,860.71
1151.9,659.45
1150.9,927.21
1154.6,6.7455
1156.4,813.99
1161.9,1124.3
1162.1,762.43
1166.1,1073.7
1167.8,21.095
1167.3,1059.1
1169.1,641.61
1173.5,1042.9
1170.9,1168.2
1178.9,105.77
1174.1,1092.7
1175.3,588.52
1177,361.76
1176.8,471.64
1181.2,841.38
1179.6,73.077
1192.9,953.29
1188.1,1132.4
1189.2,591.13
1190,1185.8
1193.4,198.67
1205.3,625.89
1196,174.67
1200.2,11.766
1205.4,839.26
1203.9,1092.3
1208.7,1041.7
1206.4,1245.1
1208.7,911.38
1213.3,765.24
1213,2.3158
1213.6,731.59
1212.6,157.94
1211.9,1147.9
1220.9,396.56
1229.3,587.35
1227,163
1231.4,125.75
1234.7,721.38
1233.7,879.07
1236.1,1120.6
1238.3,98.616
1241.2,369.48
1240,1223
1245,840.84
1245.8,4.0732
1245.5,193.4
1246.1,955.32
