1.8333,609.11
3.3846,748.02
2.3214,860.71
17.813,927.14
7.6818,1031.4
13.954,1168.7
19.938,1225.5
12,485.5
14.415,1093.7
16.203,636.89
19.109,38.956
21.966,185.56
18.962,754.64
19.5,722.5
25.224,161.34
28.183,889.53
26.4,1101
41.701,456.1
31.673,1200
35.137,761.72
39.737,412.47
32.898,526.49
39.213,1046.1
40.056,510.93
38.574,126.72
39.9,150.73
43.548,885.85
54.389,600.81
49.715,563.72
48.537,282.48
50.163,662.91
57.192,712.2
51.5,796.5
58.327,910.99
51,961
52.926,201.41
53,471.5
55.642,978.43
60.493,867.76
68.61,1113.6
72.107,117.91
70.279,57.623
73.715,565.77
70.227,426.09
72.357,726.6
73.738,138.21
74.105,642.58
82.639,846.61
78,457.26
91.641,505.91
81.103,1004.8
81.654,783.82
80.895,469.58
86,193.9
87.277,245.85
86.646,356.98
85.143,1034.1
86,7.5
88.606,525.08
88.143,307.14
88.448,1226.4
98.237,255.71
96.878,399.01
99.336,898.73
151.21,461.73
107.53,1125.5
104.71,102.03
103.81,737.35
107.63,671
114.6,955.75
106.11,1230.4
108.5,525
117.88,776.67
113.81,829.31
114.5,257.36
116.83,502.46
118.98,314.76
118.53,732.26
118.91,714.06
123.09,1038.7
128.92,364.73
127.13,174.95
137.42,685.06
126.73,824
136.13,1184.9
128.71,425.76
128.65,488.15
129.25,767.29
130.67,836.6
139.59,112.61
137.17,29.173
138.47,449.77
142.51,838.12
142.16,367.16
145.09,614.74
141.88,654.62
142.74,776
144.18,886.8
145.5,1228.7
156.17,394.89
150.24,955.28
154.12,141.27
150.5,972.5
152.2,185.68
157.86,540.86
159,367.67
164.17,739.51
173.56,186.31
167,129.36
166,294.5
166.42,916.89
170.5,844.5
175.49,1110
172.14,117
172.9,1172.1
177.01,632.25
179.8,745.84
178.6,1151
180.94,856.36
183.08,883.04
183.46,670.79
184.54,313.15
186.78,438.91
193.2,1004.4
193.15,902.43
191.5,730
200.33,840.82
222.53,457.03
203.36,396.36
204.15,1056.3
204.44,1089.8
210.03,161.32
207.31,590.95
207.52,290.59
210.1,1101.5
209.16,504.57
209.67,89
211.35,804.37
214.72,311.75
211,1133.5
215,232
218.84,96.526
223.74,655.85
230.53,1167.9
224.5,1.9091
224.79,497.56
224.29,1228.7
231.72,234.98
233.8,1011.5
230.42,1130.5
236.09,1086.5
234.03,362.68
239.09,421.68
240.02,217.06
241.52,898.73
241.85,169.79
241.31,505.7
246.18,94.5
245.56,379.69
248.48,707.1
249.1,1173.4
248.13,1161.5
254.88,205.18
253.21,141.19
256.12,750.39
261.68,348.43
259.37,558.98
254.6,663.4
260.08,770.03
257.05,313.03
278.92,456.54
260.61,160.56
273.11,835.29
259.16,886.32
265.6,185.45
269.35,719.76
271.43,266.05
277.08,498.71
280.13,654.33
281.45,325.82
288.3,557.47
287.12,1204.7
286.45,190.65
289.39,1008.4
289.65,212.67
289.75,395.43
290.56,476.02
291.61,611.09
297.05,972.97
294.06,1141
296.51,898.74
296.37,408.72
299.89,635.55
294.17,687.8
297.62,102.05
299.2,426.3
299.95,1036.9
303.35,1163.6
303.82,141.57
304.25,532.72
304.68,1244.9
313.66,331.07
318,634.5
322.34,885.75
319.5,394.14
324.24,757.9
332.48,1186.9
329.06,854.92
327.57,481.69
334.17,500.75
326.87,512.83
332.05,947.69
336.85,454.63
332.91,257.91
354.01,417.48
342.4,11.443
339.32,1072.7
344.06,628.96
345.81,257.53
356.66,149.26
356.33,565.5
358.49,349.27
353.76,659.01
353.72,367.86
353.83,1003.3
355.98,1051.9
359.4,98.141
359.01,818.07
358,910.5
366.68,796.85
369.44,687.92
370.83,1159.2
371.05,448.86
370.62,724.13
368.84,38.062
372.96,209.12
369.42,359.89
370.92,1212.1
375.38,497.84
378.61,969.85
378.83,1236.4
376.65,4.1154
380.6,83.637
380,159
380.65,177.85
380.56,817.11
384.38,327.49
386.06,1079
388.41,900.63
386.52,1129.3
389.55,530.29
394.26,52.306
404.73,735.88
407.73,1167.8
405.65,576.81
406.17,307.79
408.45,475.06
406.83,1148.3
410.06,525.65
412,816.07
415.57,20.375
415.08,237.47
417,9.3462
423.44,569.27
429.07,666.51
425.83,134.23
426.11,1146.6
429.5,849.71
431.4,984.96
438.26,387.67
444.21,467.89
445.48,1081.7
446.87,236.53
455.37,968.4
444.75,1002.1
444.42,804.11
447.09,347.52
445.88,258.35
457.52,689.34
451.39,169.86
452.77,315.62
453.68,1104
460.48,77.232
460.56,637.25
462.58,14.932
455.38,445.5
459,537.5
461.55,377.68
461.54,343.78
462,46.174
465.25,790.15
464.07,811.41
472.26,413.07
468.22,600.38
473.16,175.82
480.64,579.9
474.28,749
471.96,849.22
475.85,455.21
476.41,814.59
478.46,37.436
482.35,427.57
489,476.06
486.9,514.65
484.84,403.9
492.23,954.92
491,700.68
492.66,656.13
494.77,360.24
493.45,893.32
502.27,930.37
496.93,17.593
499.45,1211.9
503.83,1018.7
502.67,538.82
502.96,572.44
505.59,841.93
517.95,21.618
512.24,719.11
512.85,406.25
513.59,205.52
515.06,852.02
515.32,286.22
519,903.75
517.95,819.91
529.34,298.55
523.91,741.9
528.81,1212
524.92,1020.6
530.14,871.7
525,1114.2
527.33,244.69
527.45,546.34
533.11,587.51
528.86,659.9
531.04,262.96
538.46,11.524
543.54,413.41
539.2,1245.9
536.62,624.84
537.42,945.46
544.72,736.74
547.75,1074.2
548.24,511.57
544.44,894.92
553.42,557.12
550.86,478.22
553.71,927.6
556.79,10.98
554.61,50.135
554.4,1216.3
555.06,141.71
561.4,771.04
556.15,1244.5
557,108.5
564.7,1188.1
563.31,1026.6
562,456.5
562.35,949.72
565.18,830
571.56,50.471
569.22,235.97
568.29,1110.4
571.8,1152.7
569.67,201
572.95,1059
575.83,294.31
578.07,443.27
583.65,368.35
584.07,333.09
578.11,828.91
580.94,1166.6
581.29,977.06
585.1,459.47
585.27,172.29
587.08,224.95
586.09,877.91
587.54,121.97
591.72,1224.7
590.39,300.42
590.5,433
593.2,137.68
596.1,521.96
593.57,1148.5
601.89,771.76
599.3,84.42
604.16,822.02
598,1143
600.62,210.32
602.62,327.28
602.45,460.04
602.88,104.78
603.85,1178.5
603.83,993
608.75,423.37
617.1,586.14
614.62,646.71
618.8,1173.9
621.33,528.8
615.38,1111.5
617.86,36.857
623.95,437.91
625.42,677.8
627.68,728.28
631.6,892.04
653,440.9
634.14,114.08
640.71,409.98
636.24,660.43
636.71,233.79
642.78,205.96
641.84,1060.5
634.89,372.37
648.74,297.9
644.34,126.3
649.58,723.55
655,623.5
653.88,771.45
656.07,394.93
661.83,517.66
664.64,932.72
663.19,1086.1
662.56,987.08
665.31,633.22
670.05,527.67
671.2,612.36
668.89,466.58
668.38,919
674.26,403.18
673.28,816.09
677.92,255.43
679.13,453.55
672.9,838
674.08,796.63
679.74,47.494
695.29,318.41
681.59,690.4
682.43,144.09
689.09,1214
689.25,65
689.22,991.22
688,464
690.29,477.03
696.39,1129.3
695.57,122.53
695.07,653.05
695.97,639.34
703.84,228.03
699.72,279.43
700.18,526.69
702.98,599.41
701.49,694.51
706.21,745.39
700,772.5
703,797.9
712.17,1063.4
718.74,414.51
703.86,452.86
706.4,1189.4
712.59,285.25
715.98,492.17
714.2,813.18
715,138.53
718.24,526.57
721.68,839.3
718.75,444.42
720.83,666.17
724.53,615.12
719.65,1173.7
723.04,22.417
726.66,468.79
726.5,801.5
732.02,1225.4
732.54,498.38
732.5,1182.5
739.86,989.86
738.25,472.16
738.54,1152.6
739.77,1085.3
743.32,368.14
745.72,891.25
742.9,136.48
744.42,276.89
748.47,246.94
752.93,323.62
748.79,743.38
751.87,1109.5
751.49,400.55
750.81,860.85
748.06,1122.6
761.11,168.83
752,599.67
760.25,487.55
764.62,815.64
763.25,226.64
766.97,272.56
763.95,538.46
763.37,877.63
763.61,1169.3
765.91,1007.2
767.51,366.31
772.66,250.29
774.64,689.36
771.88,100.05
771.5,882.3
771.6,331.6
779.64,600.88
776.17,624.99
774.22,324.78
775.03,955.86
777.36,521.11
792.7,59.23
780.34,814.66
783,503.21
781.12,650.58
783.33,1003.4
784.54,1097.4
789.61,1220.1
794.38,452.83
787.84,1145.2
791.03,338.81
789,564.59
789.74,769.74
792.98,149.83
799.37,1072.2
795.74,1189.6
796.75,387.15
795.61,852.57
804.03,200.48
802.72,125.88
805,145.92
805.32,138.36
806.59,813.41
810.43,371.72
808.14,728.14
815.3,796.35
812.29,841.73
813.13,910.67
812.91,621.09
817.55,486.59
815.93,575.83
822.23,667.24
819.65,1169.7
821.94,753.49
821.63,361.59
825.85,953.38
826.72,220.97
822.5,1035.6
828.51,196.27
829.98,1225.4
831.02,445.14
834.45,247
833.67,685.69
832.67,918.67
832.83,515
834.4,1045.3
839.31,1131
843.49,106.81
841.17,375.21
837.61,891.14
844.06,1144.9
845.87,231.39
853.91,562.31
848.48,585.33
850.39,1209.3
849,336.5
852.04,1041.3
850.95,484.93
857.21,1074.7
867.67,434.97
870.94,504.39
865.75,1044.7
868.39,820.81
869,1161.8
876.74,1239.6
868.37,487.37
873,368.5
876.57,258.43
876.31,14.878
878.96,949.37
877.39,720.43
880.37,901.69
879,188.67
877.5,785.5
887.63,870.71
881.07,1088.2
893.79,408.3
887.18,1098.8
887.93,1119.5
884.5,605.5
886.98,159.12
892.08,11.856
887.65,100.12
887.44,237.2
891.75,458.56
890.07,846.34
897.35,258.81
897.3,65.609
893.43,750.51
895.48,1190.2
896.63,173.03
895.29,501.24
911.37,348.04
898.57,965.12
901.83,302.63
905.27,816.28
902.07,1214.9
901.5,746
914.41,144.04
909.2,930.04
906.75,600
909.59,366.95
912.21,787.93
911.92,675.44
913.29,1119.9
919.75,843.68
921.67,579.2
917.96,617.23
920.78,272.94
919.47,484.11
920.07,181.59
925.78,540.54
925.5,14.5
926.2,525.56
928.91,507.66
932.69,213.25
929.5,810.64
932.93,411.79
932.76,492.73
936.05,653.89
933.52,1217.7
938.89,1126.8
939.54,135.69
935.5,783.5
951.21,63.534
937.94,198.41
947.51,694.1
942.07,544.45
941.95,624.91
943.43,12.086
961.97,873.81
949.1,838.5
949.79,224.43
951.79,808.73
954.01,993.46
950.79,371.88
952.79,406.57
955.05,190.26
957.07,432.05
955.54,458.98
965.98,288.92
955.11,1155.4
965.76,1178.5
955.26,604.93
957.73,338.73
962.03,1085
959.86,21
967.47,979.46
965,24
965.5,590.5
966,48
974.81,845.62
996.23,523.44
976,1040.1
978,395.06
978.76,582.48
984.59,790.36
985.05,410.25
983.71,139.83
991.98,260.92
986.17,899.7
992.42,207.38
992.38,692.9
992.65,926.45
996.54,1083.9
996.78,800.13
998.72,618.79
1002.2,507.03
1007.4,1028.9
1008.8,702.1
1009.5,939.01
1009.9,666.54
1012.9,306.26
1011.1,381.31
1014.8,602.11
1015.4,805.59
1013.8,884.44
1012.5,587.59
1011.5,1076.5
1015.3,6.1013
1015.4,633.93
1031.5,80.863
1016.5,172.5
1023.9,495.99
1021.4,1055.7
1021.7,205.8
1022.9,225.02
1023,836.39
1029.8,940.67
1030.3,262.25
1029.7,817.25
1036.2,1235.3
1035.4,1201
1032.4,560.84
1038.3,658.12
1036.5,764.32
1036.9,190.07
1037.6,5.8947
1038,1.5
1045.9,22.99
1043.6,250.07
1050.2,681.37
1052.8,1183.6
1047.6,472.58
1052.6,543.99
1051.2,1091.8
1050.2,932.58
1050.9,1131.6
1059.7,772.71
1055.5,843.62
1062.6,225.31
1054.4,896.94
1057,299.12
1072.1,1228.6
1058,176.5
1060.8,352.36
1057,892
1066.9,614.59
1066.1,1016.7
1070.9,1081.4
1087.3,491.89
1072.6,836.57
1077.1,423.04
1075.3,73.576
1081.4,1154.3
1079.8,1021
1079.5,529
1081.4,705.3
1093.3,1138.2
1084.5,612.17
1082.5,1045.5
1082,535
1091.1,653.83
1095.9,874.99
1091.9,1080.4
1098,133.13
1101.6,290.65
1099.1,667.47
1097,93.5
1113,39.577
1103.4,679.96
1107.1,1078.1
1109.5,1049.1
1109.5,1247.2
1112.5,81.875
1119.5,643.78
1119.7,709.97
1117.7,959.54
1123.6,298.3
1120.7,1210.9
1124.2,399.51
1123.5,528.44
1123.3,580.45
1127,739.48
1128.9,600.42
1132.4,273.15
1125.5,1041
1130.7,986.59
1128.1,173.93
1131.1,1222.2
1135.3,315.05
1132.5,502.73
1131.5,767.5
1135.8,1027.4
1134,791.56
1133.3,881.24
1145.5,517.49
1142.1,178.13
1141.9,204.09
1162,489.89
1152.3,539.41
1154.6,111.86
1151.2,384.68
1153,471.67
1152.6,1176.6
1158.4,663.91
1159.8,703.44
1162.7,312.27
1161.4,446.06
1162.5,1165.5
1160.4,861.11
1165.3,198.02
1160.4,278.85
1162.5,60
1164,786.53
1164.4,385.04
1177.4,1186.6
1167.7,81.197
1175.4,953.41
1167.4,1070.9
1167.6,1220.1
1169.5,393.91
1169.8,853.43
1170.6,827.07
1175.8,995.37
1181.8,1081.4
1175.9,522.68
1178.6,58.586
1185,602.39
1180.5,542
1181,1204.6
1183.5,817.61
1186.8,478.5
1191.5,95
1193.1,308.12
1206.3,331.18
1193.5,834
1202.6,989.09
1199.7,150.66
1197.2,635.54
1202.7,117.62
1202.5,169.22
1203.5,464.43
1203.8,244.35
1205.5,490.33
1220.7,23.268
1204.8,700.32
1216.2,1191.6
1212.3,424.75
1212.1,304.31
1221.6,901.24
1226.3,762.86
1223.6,729.7
1224.2,869.47
1224.5,339.51
1228.5,431.58
1236.7,444.81
1226,976.59
1228.1,270.05
1229.8,885.61
1234.9,550.44
1232.3,210.45
1239.6,79.008
1233.5,844.65
1238.1,626.49
1237.3,1025.3
1234.9,437.58
1236.4,127.8
1237.7,1101.8
1242,1166
1244.1,279.58
1246,502.82
1245.5,1057
1246.8,337.7
1246.7,544.5
1247.2,12.944
1247.1,852
