8.0647,95.795
9.9048,145.09
8.7149,174.33
11.426,231.95
3.2857,363.5
2.3438,1040.8
2.2,1124.4
7.1159,540.94
5.4688,460.34
7.3333,558.02
11.407,647.74
10.173,475.83
7.9091,39.091
12.223,328.28
11.611,766.14
13.396,892.3
16.447,621.79
19.158,1116.5
16.109,681.35
19.074,942.41
34.643,1001.7
20.917,370.08
28.156,916.1
27.137,754.14
24.435,1203.4
28.094,107.94
32.809,315.33
29.091,1084
33.07,872.87
36.854,35.128
35.828,478.69
45.048,106
41.219,414.5
36.136,831.86
42.311,942.62
36.167,65.067
42.316,513.62
42.704,961.65
44.819,257.14
43.5,163.5
49.914,452.09
59.198,632.28
53.76,196.62
48.942,378.09
47.667,613.87
50.649,555.49
51.895,735.42
56.836,1131.8
56.5,1154
65.623,398.15
55.667,523
57,662
57,529.5
60.355,753.96
60.489,591.6
59.579,252.11
63.9,451.46
61.676,1113.1
62.045,8.9091
66.962,1201
74.11,89.385
68.667,240.94
68.386,833.52
70.917,524.68
74.946,985.38
69.5,592
78.808,571.74
75.074,684.59
79.693,767.78
75.583,921.54
79.5,1100.1
88.436,341.74
80.633,522.37
82,1225.3
83.105,456.58
85.649,64.93
84.44,782.8
88.854,886.45
86.446,1245.6
91.799,445.25
99.93,672.12
100.86,709.31
87.829,818.34
88.188,1012.7
91.793,1148.3
89.741,170.59
92.019,509.11
92.352,613.62
89.656,903.53
90,7
90.5,206
92.909,239.76
93.929,136.61
102.68,314.2
96.894,645.81
99.549,35.354
95.795,770.77
101.48,1034.6
102.37,966.19
102.45,423.09
105.78,1210
105.56,201.88
104.63,241.63
106.86,191.86
109.37,781.45
114.31,478.06
109,1182.5
112.36,172.1
114.62,598.34
117.98,150.81
116.02,408.62
119.95,17.796
119.09,1224.1
121.92,34.711
131.5,725.01
125.91,587.3
126.92,666.01
123.39,780.71
124.79,1023.6
124.04,49.273
123.8,218.88
138.59,10.429
130.19,1143.5
126.67,1002
132.84,1114.3
132.55,814.05
130.66,369.59
131.91,882.13
136.22,491.97
133.54,1189.3
151.76,65.468
136.52,309.81
137.53,986.48
138.86,200.8
139,355
140,347.5
147.23,948
147.92,654.57
157.46,973.35
152,221.9
151.01,147.79
150.09,40.091
156.21,457.96
151.42,491.72
153.09,1062.7
159.96,52.117
155.36,826.02
156.93,1186.7
156.93,1236.4
161.17,1151.3
156.58,904.89
166.17,608.08
161,287
184.21,297.33
166.9,731.89
165.17,775
165.29,1193.7
165.91,172.48
168.4,381.9
170.08,750.05
169.5,233
170.69,416.75
170.85,435.13
170.8,956.82
174.19,1049.9
181.92,498.32
176.51,901.69
173.88,345.12
173.63,4.7333
173.73,1229.5
177.15,26.426
182.52,624.67
176.67,977
178.71,229.55
182.78,1171.3
180.86,484.6
180.06,1079.9
184.79,203
185.4,176.27
186.85,418.67
186.1,752.23
186.67,262.95
190.86,557.28
191.77,1061
191.49,250.95
197.83,152.06
193.91,729.91
197.69,476.81
195.66,894.78
201.5,700.87
198,423
202.42,1069.3
200.32,1187.8
199,1109
200.42,407.89
202.75,768.84
204.19,127.63
206.64,432.46
205.67,52.821
206.66,849.23
207.73,862.48
209.9,70.381
214.43,85.888
211.73,392.99
218.96,1212.6
211.09,926.6
211.95,311.9
215,1046.5
218.96,1136.2
219.17,241.59
217.35,731.17
217.64,1117.9
218.55,221.69
226.63,414.08
222.4,1017.3
224.09,629.1
221.5,1247.1
223,488.62
231.13,860.39
224.5,967.5
227.26,784.71
227.77,902.31
231.36,706.23
232.06,151.41
229.33,956.55
233.77,92.958
230.09,40.909
232.41,521.07
241.62,659.02
241.13,1153.9
238.89,554.42
241.5,1054
239.46,1234.8
242.53,570.68
243.67,399.64
241,624.5
248.39,738.59
243.68,884.42
252.84,1113.6
244.48,541.37
250.58,992.74
251.97,339.13
250.95,584.71
252.04,136.72
251.41,34.87
253.83,86.241
254.6,440.38
254.67,620
254.94,512.09
259.21,1176.1
260.31,314.67
259.71,1093.5
261.9,197.79
258.93,935.41
274.09,1212.9
265.39,83
268.14,120
271.26,278.06
267.67,68
270.96,465.91
270.06,175.55
273.67,748.34
270.52,779.95
272.69,317.36
270,858
270.5,1012
275.72,100.74
275,1120.5
281.15,138.47
277.04,424.67
277.01,1180.3
282.64,888.35
279.58,300.85
279.56,351.44
282.36,488.04
279.95,816.32
281.32,4.6
284.16,724.04
281.15,1018.8
289.43,680.91
282.93,446.05
291.48,1051.5
287.33,1170.6
289.27,568.83
286.11,627.58
290.63,664.67
290.71,919.71
297.84,533.9
295.99,362.62
294.42,344.89
296,517.17
300.81,972.69
301.06,1089.9
297.75,191.68
297.52,871.52
299.52,15.9
297.5,450.5
302.34,1231.9
300.09,693.91
303.17,395.67
302.38,1110.7
310.55,59.013
306.04,1127.7
307,230
309.75,491.23
318.66,1198.8
309.78,253.44
311.43,870.39
312.5,1216.6
319.38,302.01
319.39,1245.2
318.62,2.9487
319.18,33.887
319.85,244.72
324.63,610.62
318.83,576.87
320.97,684.23
320.9,16.925
319.93,549.86
320.69,734.14
321.12,534.5
327.15,385.34
327.27,838.75
324.08,1185.4
332.57,952.9
331.9,756.1
340.16,518.65
335.7,702.09
333.8,414.32
337.95,1150.1
340.37,232.58
339.09,907.9
340.74,1196.5
338.88,250.35
351.17,1061.7
343.74,618.53
347.25,552.53
347.08,666.98
346.5,96.5
353.34,332.84
351.59,952.66
348.91,245.57
353.94,779.73
353.39,1231.5
350.57,190.39
353.54,374.69
359.87,296.38
356.59,486.56
355.53,19.412
354.32,1080.8
369.21,7.1209
357.65,590.7
360.79,673.72
359.26,1129
365.56,903.92
364.18,194.33
366.7,1034.4
370,872.25
372.62,1204
374.43,926.47
377.71,885.97
377.95,597.82
376.67,981.17
384.18,210.31
383.29,472.22
383.72,425.47
380.5,37.5
382.71,370.71
389.94,60.474
386.78,684.19
384.73,997.68
386.81,130.14
391.58,839.86
392.61,916.86
394.82,1125.6
395.42,296.21
396.56,539.75
394.68,931.92
394.5,998
398.15,600.17
398.58,971.69
398.67,1049.7
398.5,38.132
399.14,367.5
400,374.5
404.03,455.02
403.37,944.44
409.16,340.34
405.8,219.91
409.62,535.36
407.17,1199
412.35,1023.6
421.34,572.42
418.05,922.22
412.65,1120.9
418.73,20.045
412.43,1228.4
416.26,854
419.18,514.77
421.73,882.77
425.19,6.5417
422.12,834.88
422.12,218.65
425,134.6
428.95,1165
425.82,153.05
428.08,92.985
431.1,1006.5
434.59,123.44
434.25,652.07
439.84,1079.8
437.37,681.37
438.5,206.5
439.38,430.5
453.47,922.39
447.44,637.53
443.82,1194
449.4,306.28
448.26,369.24
443.9,959.9
445.42,1162.9
450.62,1171.5
461.28,860.84
454.81,793.93
456,1041
457.31,131.91
456.5,1057.5
465.93,546.42
460.88,280.65
467.21,243.11
467.04,899.62
472.3,1040
471.37,36.543
474.01,577.79
471.75,20.12
469.44,228.92
470.78,399.69
473.36,1018.9
471.47,374.28
471.87,1074.8
472.45,607.34
475.74,728.05
475.17,104.42
474.89,2.4211
480.16,125.36
477.5,451.5
482.58,522.18
484.22,944.82
482.69,55.423
478.91,347.09
483.82,892.61
481.5,850
483.14,1190.6
481.92,1207.9
487.43,72.024
487.12,1229.8
484.5,1.5
484.57,90.391
489.45,464.76
490.64,547.58
491.51,742.38
490.68,1108.4
492.92,29.481
493.29,177.69
495.13,351.05
496.93,670.44
496,687.5
504.56,629.67
501.78,1028
501.58,72.097
502.57,491.49
504,604
506.09,917.33
504.83,933.83
505.96,1203.1
507.14,985.5
505.58,1193.1
509.25,390.35
512.49,45.677
509.16,1153.5
515.39,373.98
511.53,647.33
514.47,106.9
517.35,991.5
520,361.38
517,466
521.25,547.32
517.94,1189.4
527.08,394.12
528.78,836.74
527.75,725.19
531.71,177.71
534.8,899.58
533.58,93.383
537.38,1084.9
532.56,1139.8
548.89,745.22
536.07,1062
538.12,3.7101
531.77,300.33
537.14,943.84
543.75,779.41
538,26
537.5,1132
544.44,1165.5
543.33,821.44
544.59,372.93
545.5,593.12
547.59,731.93
554.01,1146.7
551,1245.8
558.38,939.18
553.73,65.098
570.03,1067
554,849.25
557.42,1226.3
558.99,636.15
558.5,1100.6
564.58,421.63
561.56,1128.9
560.61,787.24
559.57,977.05
564.37,468.62
561.68,1241
565.71,112.46
566.7,41.5
576.44,5.2664
578.38,738.9
570.04,688.47
569.5,206.5
571.04,726.76
573.74,1103
572.26,1219.1
578.21,970.5
575.25,1175
580.05,768.52
578.33,291.13
574.93,1241.9
576.59,923.96
580.83,870.8
581.06,56.327
579.56,142.97
579.72,714.17
584.02,821.93
581.14,226.14
580.14,989.21
582.2,481.62
584.72,1122.3
588.84,36.684
584.46,377.8
587.1,1189.4
586.5,1051
593.14,14.697
590.07,935.41
590.84,1220.5
591.57,523.57
592.92,460.08
598.55,1243.9
600.56,109.26
597.99,847.32
605.35,821.67
604.87,174.06
603.91,1037
609.2,962.73
604.94,1018.1
608.52,290.48
608.07,561.41
611.64,211.53
613.23,578.27
617.67,22.73
619.32,144.1
621.15,184.6
621.65,527.2
624.83,1225.4
625.64,302.4
629.41,478.89
626.38,846.23
632.13,1118.1
625.67,288
629.56,209.03
630.5,527.5
635.29,1099.2
633.29,124.75
635.59,752.64
637.07,543.62
639.26,1178.4
638.14,1238.9
643.04,202.78
649.19,985.2
641.23,532.53
642.31,693.93
644.5,941.72
645.32,881.42
660.29,861.64
649.19,185.94
650.09,905.91
655.37,243.55
656.05,522.13
654,161.34
657.09,715.21
655.36,1026
657.68,491.58
661.93,423.04
663.44,134.48
666.48,654.79
661.09,1220.1
669.33,26.118
661.57,959.61
666.67,51.463
669.35,297.41
669.15,994.03
670.97,1071.1
669.09,1124.3
669.8,208.62
671.9,186.9
674.77,549.54
680.86,125.8
689.08,423.72
681.5,85.882
687.55,271.7
687.88,310.86
685.37,561.97
690.76,878.28
691.89,502.84
692.21,1202.6
692.93,525.72
694.48,620.61
691.58,253.89
697.34,118
698.04,699.31
700,285.58
703.42,557.72
716.82,227.34
700.96,350.42
706.94,1026.4
704.74,178.69
704.33,539.58
707.39,338.15
709.09,690.74
706.86,1081
710.66,487.7
711.31,401.34
711.8,1065.7
717.91,954.09
722.67,430.95
724.97,1194.6
724.8,549
721.42,1046.1
722.96,1110.7
722.83,1245
739.64,310.21
732.45,412.91
730.53,750.39
736.62,1035.7
730.28,1209.7
732.15,33.429
733.83,608.31
733.6,899.11
740.15,544.98
738.62,1140.6
739.5,262.62
740.08,646.08
742.93,19.529
747.05,1078.9
745.65,524.36
748.08,1007
750.15,819.02
749.29,1163.6
749.57,1125.9
747.69,1243
750.61,322.64
756.79,24.827
754,190
758.67,348.17
759,189
767.18,527.29
763.34,1036.7
761.92,1159.4
765.33,236.76
762.91,1099.6
768.9,397.22
770.19,777.49
772.4,639.23
774.36,189.02
771,833.14
771,1191
776.33,294.69
778.5,1151.2
779.92,209.47
777.92,1242.6
779.66,258.38
790.09,1181.6
779.89,74.421
782.54,1028.8
783.08,1098.5
783.89,18.929
784.42,34.424
784.5,402.5
784.8,540.09
785,235.5
787.67,315.82
786.12,899.62
786.34,744.53
788.12,1036.9
788.66,581.56
791.1,257.35
791.21,345.47
788.77,444.91
796.84,475.19
796.6,775.14
798.73,835.37
798.23,930.8
812.38,634.8
799.24,268.56
797.8,302.44
806.06,1227.6
804.83,1083.4
804.77,667.15
802.29,1198.5
808.56,1113.1
812.03,54.771
807.55,990.52
812.15,897.21
808.45,190.41
810.48,1039.6
810.62,158.38
811.75,345.08
811.98,1129.6
813.32,1165.7
816.08,292.4
819.37,269.3
821.98,708.23
821.7,473.77
827.15,738.38
827.31,344.17
826.5,1068.5
832.42,55.916
828.12,385.62
833.47,424.88
843.71,83.02
835.58,812.45
835.37,990.63
835.5,555.5
836,921
842.27,137.11
839,333.61
848.2,161.75
843.05,796.67
844.5,372.5
845.5,850
847.99,314.62
849.99,421.6
854.77,1164.3
850.65,400.16
852.65,539.77
853.72,642.36
853.83,952.94
856.07,217.41
860.02,812.35
859.65,261.93
863.31,451.7
858,661.5
863.7,689.6
870.16,55.403
870.35,93.809
868.84,524.95
869.41,1244
867.09,855.91
867.65,1128.3
869.37,980.17
876.73,214.16
872.71,712.83
873.71,1186.4
872.58,116.11
874.94,420.66
875.56,687.13
884.31,908.84
880.93,166.27
882.83,305.28
880.07,147.41
881.07,322.59
881.79,358.19
883.5,713
887.53,69.722
894.28,324.32
891.98,450.47
892.06,294.94
892.53,1032.2
893.78,546.62
895.32,395.76
899.74,122.07
897.62,824.21
899.93,523.59
897.63,1021.6
904.14,870.91
903.28,947.95
907.55,199.59
904.95,662.91
912,676.8
907.56,736.68
913.07,1114.4
915.59,648.99
910.69,220.42
912.46,382.22
914.52,70.022
919.37,585.27
913.07,723.59
914.5,44.5
916.43,417.39
939.47,489.09
918.64,975.22
922.74,1221.3
922.72,825.48
921.15,387.35
926.07,552.12
923.2,625.44
923.37,1047
929.55,692.29
926,849
926.49,1152.7
938.33,104.72
927.44,278.08
928.88,217.06
930.14,397.14
934.06,905.43
943.66,711.93
937.83,922.38
942.83,1240.9
941.37,671.68
940.04,815.88
942.48,1058.7
943.64,247.84
940.96,1035.6
944.36,158.34
944.81,216.64
948.39,594.84
945.87,690.31
945.47,532.28
947.12,306.52
950.09,400.14
950.18,1093.1
951.96,188.38
957.37,377.75
949.5,1004
955.35,147.09
957.01,243.25
957.75,58.912
954.33,289
957.14,166
960.06,510.3
956.56,1184.1
960.19,1102.6
962.63,1161
962.14,387.5
963.1,638.62
964.81,744.28
963.86,340.5
963.91,402.91
963.58,414.11
968.5,852.5
965.85,1174.5
980.53,786.06
975.9,103.22
982.73,601.94
974,52
977.24,366.79
976.5,524
973.55,712.73
978.37,895.56
987.38,33.962
984.4,427.05
986.13,1038.1
985.75,939.92
987.18,1007.6
990.27,648.19
991.58,282.52
988.16,374.81
988.86,1130.6
988.8,1185.5
988.91,491.09
994.43,340.9
996.32,5.3889
992.74,360.21
992.5,870.5
997.67,192.2
998.08,669.92
1004.2,972.82
1004,85.569
1010.5,879.2
1004.4,1108.6
1019.3,1187.7
1005.5,533.06
1009.6,660.5
1008.5,861.5
1015,595.38
1015.9,411.54
1016.6,169.36
1013.3,959.32
1014.7,258.65
1019.5,94
1025.6,772.97
1026.2,1244.9
1022.1,955.42
1029.9,702.2
1028,534.52
1037,31.55
1032.8,161.23
1032.6,1045.8
1034.8,1223
1034.6,3.4194
1037.1,239.31
1040.8,399.14
1040.3,209.07
1040.4,593.3
1046.1,622.8
1043,266
1049.9,526.45
1047.2,306.68
1047.9,445.79
1048.2,658.93
1048.2,994.73
1053.5,465.47
1053.4,55.88
1054.6,1103.6
1048.5,1146.1
1055.4,426.93
1056.9,88.5
1058,776.4
1060.1,583.69
1064.2,323.62
1062.4,650.11
1067.4,141.73
1065.5,461.56
1066.4,36.109
1068.7,248.38
1068.6,574.35
1067.3,377.64
1077.1,219.38
1068.2,1035.3
1072.5,1098.1
1070.5,941.72
1080.7,99.523
1080.3,890.73
1072.8,362.56
1077.2,985.09
1078.2,596.55
1078.1,80.933
1081.8,27.014
1081.3,663.82
1078,243.5
1079.9,728.41
1084,388.47
1086.2,970.65
1085.4,363.38
1086.4,424.14
1095.3,811.01
1092.3,336.43
1088.1,401
1092.8,1165.3
1089.5,577.71
1092.7,1243.1
1093,596.5
1095.4,674.52
1094.2,1138.1
1102.2,530.71
1098.9,1015.6
1103,396.19
1098.6,10.205
1098.5,1039.5
1100.6,601.07
1100,783.5
1103.3,442.46
1102.3,801.95
1106.2,1199.6
1102.6,362.11
1104.2,658.69
1108.2,375.55
1110.4,292.95
1110.6,713.43
1110.6,106.99
1112.7,1123
1118.5,323.48
1121.2,803.36
1119.8,88.42
1120.2,1054.2
1122.2,492.91
1121.1,1145.6
1120.7,1182.8
1122.9,510.11
1129.6,1081.6
1123.6,32.609
1124.8,69.44
1127.5,217.69
1127.4,348.6
1128.9,976.17
1126.8,777.46
1134.5,328.79
1136.5,184.72
1137.8,596.31
1138.7,1124.3
1136.1,1095.8
1137.4,881.79
1141.3,751.07
1137.5,855
1142.6,370.93
1148.2,514.29
1141.2,230
1160.2,390.14
1141.9,103.93
1146.9,66.899
1147.1,156.79
1151.9,901.78
1145.2,866
1147.8,590.09
1146,1103.5
1149.2,1201.1
1149.3,203.22
1147,966
1151.3,729.5
1155,283.77
1150.2,988
1151.6,232.2
1156.2,441.12
1167.3,620.47
1155.3,218.3
1152.5,876
1161,242.72
1155.9,850
1156,1221
1158.4,533.08
1161.6,301.83
1160.8,728.9
1162,113.17
1162,800.17
1163.1,1126.9
1166.3,546.32
1165.6,776.45
1167.3,326.36
1169.2,568.42
1174.7,835.49
1167.6,908.32
1176.1,997.66
1172.7,1224.5
1173.5,897
1176.2,437.02
1181.7,35.842
1178,74
1190.4,272.76
1178.7,311.93
1180.6,52.5
1182,450.09
1182.2,115.62
1191,1150.3
1182.9,23.44
1189.4,533.94
1182.9,949.91
1185.3,292.93
1185.8,2.3333
1194.2,890.03
1194.9,399.3
1192.1,572.91
1192.1,758.08
1199,318.47
1195.5,589.6
1196.7,957.48
1199.4,46.636
1201.1,230.19
1196.4,602.61
1201.1,119.47
1205.7,725.36
1205.6,789.19
1203.5,835.58
1208.5,1168.9
1209.8,382.88
1213.9,542.33
1211,950.65
1217.7,82.052
1211.4,560.87
1213.5,1196.8
1212.8,1219.4
1214.6,146.17
1222.1,462.61
1217.1,910.58
1216.9,935.5
1218,616.86
1219.9,1084.9
1230.8,303.39
1228.1,987.34
1228.5,495.11
1233.9,865.1
1227.4,4.5067
1227.4,412.9
1225.8,770
1226.6,255.36
1234,640.85
1228.5,710.88
1234,514.71
1234.6,189.71
1231.7,397.45
1240.1,59.841
1236.3,830.71
1238.5,689.46
1238.5,281.2
1239,88
1241.8,320.6
1240.6,207
1240.9,218.21
1243.8,1191.5
1244.8,741.98
1244.5,104.09
1244.6,431.55
1247.2,1176.6
1247.1,1209.6
