8.8761,344.23
1.8,988.4
2.2222,1009
6.8714,1093.1
15.171,1152.8
15.2,968.56
24.475,1211.1
29.421,117.89
34.891,1152.6
39.647,536.05
42.314,578.83
43.086,940.43
45.091,433.09
51.324,347.22
57.752,86.298
57.809,610.24
55.074,1150.4
67.425,862.16
71.038,652.52
75.362,1213.8
86.405,368.36
88.063,1200.3
91.933,743.26
88.143,840.64
90.174,987
96.457,508.42
98.311,582.27
97.462,1216.2
101,65
101.54,857.15
103.38,76.235
102.93,1233.6
109.6,523.54
107.94,15.906
112.42,133.84
109,395
113.72,332.3
112.58,796.55
112.86,188.5
118.59,616.47
120.79,1224.8
126.28,758.61
123.67,546.83
136.26,190.69
136.41,125.64
136.12,462.35
141.13,1144.5
157.13,775.4
168.48,552.59
160,261.5
167.72,1083.9
166.19,156.07
169.52,510.9
169.93,665.41
170.96,52.538
173.72,429.26
178.05,629.53
179.53,707.34
178.56,254.8
181.61,852.31
183.38,2.3333
190.08,353.63
191.22,268.86
191.26,656.7
190.33,498
193.07,404.41
198.3,476.24
195.05,859.32
195.69,846.67
199.75,1017.7
206.43,515.62
199.39,776.02
206.16,113
204.94,396.94
208,549.57
212.44,354.08
218.7,729.16
221.09,600.85
226.45,972.57
225.56,457.03
226.13,1082
227.41,771.93
229.5,691
236.95,825.77
238.79,1044.6
240.32,1131.2
242.72,152.86
240.65,950.28
243.78,282.82
247.15,468.33
252.95,867.08
254.38,494.31
259.28,748.06
257.71,267.57
261.3,956.14
260.58,1014.1
268.12,924.09
273.38,686.33
278.77,306.13
288.98,699.89
286.22,807.22
290.2,999.66
292.04,909.48
292.24,386.1
298.19,366.73
302.51,442.69
302.5,258.76
308.5,1165.5
310.4,359.4
313.01,151.56
312.09,296.91
312.59,393.26
315,1149
320,624
323.79,139.91
324.06,1193.5
325.36,473.25
327.72,1115.5
330.61,635.14
333.58,860.34
334.7,319.22
335.65,1014.3
337.65,379.55
340.47,1159.8
341.21,686.52
340.15,1027.7
339.63,1184.4
346.92,1146.1
346.17,864.31
348.88,238.08
349.95,1126.9
351.65,429.12
357.68,1082.9
359.69,1195.8
360.98,546.59
362.72,602.86
360.83,1052.8
368.16,311.83
367.28,710.22
368.43,1125
372,1113
373.4,1196.5
386.64,375.64
388.96,764.38
387.91,1167.1
387,695
391.04,867.61
392.21,1205.1
392.93,1120
396.97,595.37
397.99,931.09
405.73,129.57
406.56,732.97
404.8,574.56
410.88,772.01
418.3,1221.9
416.3,1246.8
422.09,1047
421.42,400.58
424.5,923.5
429.55,303.22
432.34,637.99
442,850.21
438.43,498.35
436.19,1028.1
435.58,1137.5
450.65,216.11
452.43,1019.4
452.12,301.51
450.94,389.06
452.56,881.46
456.19,340.19
462.11,90.266
461.32,757.45
462.09,588.87
461.08,1183.2
465.04,830.02
464.29,556.06
466.68,1094.2
466.58,966.11
472.93,420.63
476.38,1148.8
473.87,696.84
476.97,985.7
481.77,164.47
479.48,586.68
484.06,148.02
488.45,1005.7
491.78,177.1
491.6,301.6
496.24,238.19
495.27,525.35
495.43,803.39
504.2,431.83
499.62,977.92
503.28,29.635
509.64,474.14
505.09,896.91
509.21,1070.4
509.62,243.66
508.41,1040.1
511.1,1021.4
514.59,822.11
528.87,676.95
520.94,117.5
523.5,233.35
521.43,888.39
531.51,911.45
528.66,1142.6
536.93,780.23
532,192
537.21,49.157
537.14,362.14
545.36,1080.7
544.83,234.33
545.62,543.71
544.55,641.08
546.24,1157.9
547.44,493.07
556.15,654.9
559.33,542.22
566.97,1244.3
564,623.5
568.94,520.8
571.65,608.86
574.55,1203.7
577.93,364.97
581,755
592.53,1099.4
593.59,429
596.99,528.62
595.54,1058
598.66,271.26
594.09,789.91
601.22,825.61
603.16,1163.5
612.4,114.77
606.24,733.36
608.17,1208
609,513.5
612.92,1151
615.05,62.02
612.42,532.42
619.23,796.33
615.6,1218.4
617.36,81.917
618.31,1246.8
622.84,682.35
621.91,1066.1
626.19,337.86
626.48,401.88
625.5,774.5
627,376
629.19,596.87
628.89,20.63
632.83,212.38
631,483.83
643.22,157.05
642.77,1043.2
639.09,1212.1
648.05,114.46
648,409.5
652.45,322.7
650.53,1073.6
657.47,692.16
656.92,1174.9
661.62,430.78
663.03,18.908
664,750.5
670.76,723.34
671.02,651.78
670.28,372.47
677.17,605
679.92,1088.5
680.06,1211.1
680.75,10.032
684.4,391.87
683.01,913.81
684.32,765
691.28,436.53
688.56,601.43
695.13,1034.8
694.43,1083.6
699.56,307.83
699,361.83
701.05,504.95
703.09,18.554
701.22,415.38
704.37,517.68
702,471
706.35,787.96
705.26,1193.1
712.1,329.23
707.87,1049.7
707,342
710.38,1201.5
712.65,838.49
713.89,492.84
712.84,1029
716.95,27.314
714.95,249.17
715.8,469.07
716.5,281.5
724.84,829.81
721.6,73.6
724.09,16.909
732,52.5
737.33,370.04
735.64,708.91
737.41,287.47
741.15,136.92
750.11,1017.7
742.09,1137.9
753.6,1243.7
753.01,205.6
751.75,113
754.42,162.97
753.5,417
764.23,732.78
763.52,607.17
764.07,121.93
772.49,279.33
779.5,585.5
783.42,423.25
784.64,1200.5
785.37,703.63
791.57,18.684
786.62,135
789.78,99.719
793.88,442.64
795.57,784.04
793,271
794.05,1103.1
799.64,246.62
797.42,619.61
801.78,166.79
799.81,596.84
799,849
803.13,634
804.41,1210.2
808.21,921.61
804.9,1169.3
810.51,660.37
806,1185.5
810.21,297.55
813.31,419
816.25,574.46
814.81,365.54
816.35,502.88
820.04,1029.3
823.47,546.16
823.17,1039.4
823.07,1069.6
826.47,708.89
828.97,1241.5
825.33,1008.8
827.54,1055.1
834.31,662.34
832.5,1082
846.08,1011.4
844.08,1127.1
845.11,232.32
851.45,260
857.42,776.83
852.58,932.11
854.72,1092.9
856.11,893.61
864.66,297.95
868.2,384.46
864.86,1140.4
864.98,1204.3
869.86,539.27
869.16,219.49
871.2,122.56
870.8,414.32
869.42,790.89
871.86,912.86
876.83,1133.8
879,180.68
879.6,1246.2
885.35,511.55
885.82,24.708
890.64,1198.3
890.88,469.17
892.18,1026
891.97,1216.7
893.71,334.5
899.91,932.97
900.57,714.85
899.47,976.15
899.19,1228.2
900.65,83.764
904.38,482.41
904.65,524.46
906.67,231.64
910.57,298.61
915.6,1225.6
914.72,1154.9
917.66,142.39
917.5,573.37
917.31,812.09
918.93,230.07
921.32,287.84
920.5,385
925.11,179.05
925.3,688.39
927.94,1172.5
931.24,203.58
930.5,38
934.63,252.13
931.79,319.5
935.69,1095.3
940.3,1207.4
935.5,1244.8
939.63,122.97
940.25,726.43
941.49,938.89
942.55,195.07
942.73,811.59
941.07,1032.9
949.08,301.54
951.73,1173.4
949.07,498.41
950.19,148.74
950.5,432.5
952,98
954.78,701.98
956,655.12
956,457.67
958.37,906.43
962.23,851.79
964.81,335.93
968.75,799.33
971.71,297.95
970,143
974.5,442.5
975.73,726.62
974.93,861.59
976.92,1026.4
980.4,643.27
982.34,393.18
979.45,478.31
980.32,1007
984.63,129.87
991.64,291.44
993.44,1034.5
998.55,163.59
997.06,1174
999.49,1152.5
1003.8,363.28
1004.8,633.3
1007.4,517.11
1004.9,9.9091
1006.8,172.4
1009,440.5
1010.3,580.93
1008.4,159.94
1017.9,610.66
1012.9,207.6
1017.5,59.848
1017.5,547.11
1016,745.36
1019.6,1099.4
1024.3,1063.9
1026.8,645
1028,189.31
1028.3,573.83
1029.9,525.86
1038.7,47.621
1041.2,759.66
1040,353.2
1038.1,852.59
1041,1200.5
1047.8,1180.2
1044.4,415.37
1045.6,1139.6
1048.9,1062.9
1050.3,852.43
1051.4,754.06
1055.3,173.8
1062.9,898.28
1060.5,941.07
1062.1,877.9
1063.1,734.95
1067.3,1093.6
1069.5,281.77
1068.5,488.5
1069.5,629.88
1071.5,198
1072.9,652.04
1081.1,1229.3
1088.7,61.294
1082.1,771.42
1083.9,974.6
1087,698.5
1089.7,639.16
1092.5,1062.2
1091.3,375.41
1095.7,557.67
1098.6,11.952
1097.6,45.22
1096.9,961.62
1101.8,1114.7
1103.9,106.86
1109,476.16
1110.6,26.46
1109.3,353.47
1113.2,1103
1121.6,47.623
1121.2,948.5
1121.4,1058.7
1126.1,305.54
1127.6,216.59
1129,752.38
1128.4,522.88
1132.9,681.58
1132,149.95
1133.5,105.68
1135,132.89
1134.9,200.09
1140.2,537.56
1142.5,507.65
1145.5,243.61
1145.2,373.89
1145.5,1218.1
1145.9,567.31
1149.9,269.8
1152.2,661.52
1150.9,926.97
1152.9,35.74
1155.7,556.13
1158.8,875.31
1157.5,98
1160.9,1096.9
1162.4,679.85
1169.3,306.48
1175.7,806.47
1172.7,426.17
1170.4,595.92
1173.9,1244.9
1172.5,1057
1174.6,277.05
1179.4,579.58
1186,515
1187.7,55.115
1191.3,714
1194.1,555.08
1199.2,1059.5
1203.5,532.95
1208.5,1145.3
1208.5,704.7
1212.5,1003.1
1210.5,319
1212.1,755.95
1211.9,968.06
1219.5,107.28
1220.6,683.74
1222.6,1077.5
1221.6,165.5
1229.4,500.72
1227.7,406.22
1229.4,661.18
1239.1,136.14
1239.6,533.11
1238.5,856.15
1242.6,244.99
1239.6,426.63
1244.9,69.739
1245.7,231.64
