3.6562,107.47
3.5952,565.36
7.0741,1196.6
9.377,720.1
16.836,549.7
14.102,634.22
15.17,225.45
18.364,572.61
21.256,661.99
24.768,703.79
21.815,728.15
19.333,124.83
27.347,253.67
25.235,1036.5
28.872,947.87
31.186,1211.8
30.389,502.86
30.459,967.22
34.467,1044.1
35.605,66.842
38.762,1028
43.165,602.39
50.991,333.45
50.421,133.89
58.268,491.17
60.45,1230.9
61.59,791.24
61.71,402.19
70.624,596.63
68.059,106.43
68,572
71.41,1209.4
70.971,73.235
70.686,803.09
72,1163.8
76.892,242.54
76.621,509
78.266,386.41
80.85,455.1
85.328,524.98
87.548,1224.4
94.225,1193.3
92.531,378.66
96.083,442.92
99.522,460.66
99.5,425
105.18,789.38
107.21,1201.9
108.66,57.964
104.6,422.4
110.31,1167.8
112.63,842.47
111.5,1177
118.72,1067
118.91,31
115.42,896.89
122,393.39
123.93,11.333
125.49,871.36
127.5,1131
129.56,1190.3
133.99,162.04
135.76,630
139.59,903.45
135.58,291.11
139.24,411.4
143.08,825.3
144.04,871.63
144.09,101.91
149,1239
153.06,574.35
151.39,796.14
152.58,1078.5
162.59,874.32
157.84,554.62
163.04,412.24
160,1008
165.15,173.35
164.42,796.11
168.67,1194.9
170.39,33.861
172.15,303.46
177.72,92.205
176.05,164.15
175.5,1227
177.5,383.5
178.76,557.47
185.02,225.67
180.2,968.8
180.43,909.57
185.79,359.18
183.77,1073.7
184.86,322.88
186.42,622.52
184.98,699.38
190.42,803.12
194.33,20.714
186.97,820.92
194.96,666.35
196.95,846.3
196.85,1231.7
195.95,249.1
197.93,426.52
202.48,386.21
205.56,1157.1
210.1,1141.6
208.46,971.91
212.02,379.87
217.92,103.24
215.22,356.06
215.42,701.89
219.86,60.256
219.07,430.41
227.23,1098.4
227.08,1215.9
228.5,456.13
234.77,1147.1
236.5,422
236.91,334.91
238.35,465.5
241.78,982.96
242.5,770
251.8,126.91
253.63,465.98
256.97,18.382
255.73,962.35
258.57,293.97
270.67,267.09
261.63,592.37
262.19,918.84
270.52,633.29
273.07,210.88
273.21,700.21
273.31,536.69
280.15,779.49
280.34,1133.3
281.51,226.42
288.18,384.43
286.05,196.15
285.36,883.5
293.02,275.23
295.57,499.33
296.36,444
299.37,14.633
300.93,1245.3
299.91,158.48
300.47,613.17
307.49,50.703
302.53,542.97
315.38,271.3
307.8,783.52
323.62,545.82
316.2,22.56
318.66,64.245
316,743.86
317.1,999.62
317.5,135
322.73,865.41
325.45,436.86
324,317
330.43,899.91
325.12,919.12
328.41,169.41
329.11,661.63
332.13,595.53
331.5,816.5
335.89,351.62
335.2,686.44
338.49,88.163
341.23,277.06
341.51,371.77
337.94,952.96
353.57,1038.7
352.3,597.91
353.14,646.6
353.07,136.41
353.47,667.42
352.5,774.5
364.25,726.08
371.91,759.75
361.5,1211
363.92,109.05
362.5,163.5
370.12,133.33
374.86,38.566
369.91,365.91
370.43,885.57
379.07,56.705
383.99,1064.1
382.65,279.5
386.04,145.92
395.5,1192.2
396.45,65.775
392.39,137.09
394.22,410.7
403.07,196.92
403.04,351.71
407.26,603.38
413.66,91.219
411.8,161.52
418.7,902.34
415.94,641.09
419.43,277.34
419.97,1140.8
424.13,773.06
429.1,857.92
425.27,107.97
425.29,187.54
429.88,657.83
433,3.4603
433.64,252.97
443.02,1164.4
442.18,870.18
451.16,679.57
445.62,474.15
444.88,517.65
447.96,176.43
452.12,1207.7
447,1229
458.32,1232.6
459.44,557.26
461.04,743.14
460.47,611.33
460.92,454.08
463.67,840.58
461.91,930.09
465.94,1192
469.67,884.91
469.65,857.66
471.17,156
472.07,1055.4
482,858.5
484.88,16.116
484.91,65.091
487.9,582.84
485.61,748.86
488.41,730.31
488.04,990.69
491.26,895.78
489.2,716.44
489.83,1129
496.08,508.84
498.08,974.88
497.98,42.766
498.46,357.98
499.44,596.91
502.44,621.86
501.57,818.91
507.18,60.947
506.77,428.38
507.53,1242.5
517.37,261.07
514.98,340.47
514.85,620.46
513.74,767.01
516.18,501.58
515.26,636.24
513,910
520.37,282.81
520.81,200.82
517.83,214.87
530.1,848.6
526.56,135.88
527.43,1088.1
526.5,1177.5
528.83,1121.1
530.56,519.2
540.38,163.72
538,717
538.58,13.895
540.61,964.86
550.51,471.26
548.11,1168.4
549.88,735.65
554.97,818.31
564.89,428
556.15,840
562.06,958.97
568.19,235.99
566.01,199.3
570.58,133.39
577.51,17.416
572.89,44.289
574.82,755.83
575.46,999.62
573.5,347
575.58,468.42
575.91,300.09
582.33,576.35
577.07,980.44
578.42,864.11
583.19,406.07
583.37,828.23
591.34,723.37
588.68,1064.2
591.22,609.86
595.3,798.46
600.55,901.21
596,855.5
608.48,146.73
599.81,1176.2
603.55,19.071
608.14,1023.5
607.61,658.03
609.87,374.13
612.53,629.33
610.93,766.62
614.39,320.35
615.79,1174.4
620.46,280.23
620.08,32.5
619.63,485.52
620.07,247.07
621.94,505.7
621.58,759.03
627.48,410.17
624.83,364.94
623.57,457.61
628.27,209.11
636.56,557.16
631.87,629.23
637,844
637.14,857.5
637.5,1183.9
643.09,1026.3
641,429
644,582.5
657.64,821.64
646.56,527.95
648.46,944.37
647,1107.5
657.57,324.8
655.46,900.78
660.68,414.25
670.55,603.53
667.71,653.11
670.9,400.18
673.17,1231.1
681.05,165.6
682.76,799.15
682.56,862.92
681.58,1091.1
691.54,468.27
694.75,528.02
693.14,221.84
694.45,202.63
692.5,847
698.13,366.15
702.97,887.1
702.67,906.17
706.47,171.95
706.23,648.28
709.67,1246
714.59,129.74
710.23,429.63
711.13,692.13
715.1,272.03
721.21,439.46
718.09,183.84
720.79,233.49
720.5,1175.5
722.23,914.45
722.15,680
725.5,218.5
726.09,624.96
726.94,606.57
725.5,805.5
727.43,49.054
730.42,1078.7
730.36,586.5
736.95,555.58
733.77,273.27
735.45,772.45
744.4,22.543
739.18,334.95
737.83,942
741.18,294.73
742.2,489.44
740.42,246.42
741.52,680.2
742.28,1216.8
747.36,166.45
748.12,70.233
748.09,251.09
751.52,927.96
750.5,852
755,365.1
755.66,142.05
758.06,263.6
761.71,404.26
754.17,895
756.59,470.93
760.87,1159.3
760.91,696.43
764,1054.7
764.82,1194.8
771.35,191.66
766.58,711.89
768.5,790
770,383.68
784.31,1168.3
774.89,1229.5
779.78,414
778.47,10.085
781.21,381.02
787.19,566.87
787.32,497.36
788.35,942.74
790.67,201.13
793.07,643.44
791.95,1229.4
802.12,589.66
799.71,746.29
801.67,1147.1
800.41,794.94
810.12,456.58
812.19,351.68
815.49,756.39
815.18,1103.8
817.84,980.35
817.59,1121.5
818.02,379.77
817.89,945.42
821.58,130.58
822.54,288.07
823.42,557.11
824.5,247
834.41,313.66
827.91,763.35
833,539
835.68,1095.8
846.35,803.33
836.91,1168.9
848.25,756.35
844.29,418.39
851.28,456.78
852.41,779.9
860.93,1047.1
854.29,1019
857.88,79.884
860.26,360
869,287.95
866.89,667.13
871.74,633.48
869.02,770.88
870.6,805.89
876.24,985.04
877.29,567.04
880.19,242.88
887.14,614.46
884,139
888.71,913.52
892.64,75.453
892.87,702.19
895.5,731.5
893,216.17
899.94,873.48
904.24,580.89
911.86,937.58
907.58,120.94
911.15,217.34
911.45,1216.2
912.82,760.94
912.09,1059.9
928.69,247.33
929.45,748.69
932,803.86
932.65,661.37
932.44,416.8
936.49,1042.2
939.44,551.89
940.57,355.28
940.53,1191.1
940.5,886
942.42,480.42
946.06,592.82
946.42,628.96
949.06,293.27
946.77,924.37
954.28,744.96
955.41,532.93
957.34,118.72
962.11,11.46
959.44,224.1
961.94,248.81
962.58,784.45
965.42,714.11
970.87,772.69
973.32,34.233
973.34,470.86
973.48,662.37
979.17,958.93
977.79,509.29
975.46,124.08
975.09,740.09
978,623
987.73,698.58
979,638.5
980.04,649.67
981.5,590.5
983.27,714.75
988.07,1199.4
993.2,525.4
994.45,742.41
1002.9,157.42
1004.9,846.01
1006.8,302.3
1016.6,114.95
1016.4,966.73
1013.1,1053.6
1019.6,1036
1025.1,1077.1
1026.6,536.93
1032.1,47.421
1034.4,907.55
1037.4,683.78
1040.2,611.26
1043.3,138.36
1041.2,960.3
1046.9,800.7
1050.7,388.61
1051,42.631
1049,607.46
1057,897.13
1058.9,505.75
1058.5,522.07
1062.1,294.77
1060.6,696.5
1060.2,953.54
1063.5,430.62
1063,1246.7
1064.1,872.5
1069.9,705.23
1071.4,860.02
1068.1,331.09
1078.7,663.44
1073.1,734.69
1075.2,521.24
1076,70
1079.3,812.61
1078,1207.5
1077.9,651
1081.5,1229
1085.7,777.82
1085,158.29
1084.2,540.1
1087.3,640.7
1097,260.86
1092,1062.5
1097,384
1098.3,714.46
1096.8,1098.9
1101,15.299
1099.6,914.75
1101.3,1016.2
1102.7,1115.7
1114.9,590.12
1107.2,192.24
1110.9,751.12
1109.1,157.41
1113,1132.3
1113,29.174
1120.4,1065.2
1117,903
1118.3,91.279
1121.3,688.74
1121,1094
1132.2,1238.3
1126.3,703.2
1128.1,474.52
1128.7,869.47
1128.4,311.37
1128.5,1075.3
1131.4,34.054
1134,998.89
1136.7,813.06
1139,341.5
1142.4,558.24
1151.7,943.67
1143.6,968.11
1150.3,978.27
1149.1,105.91
1161.1,25.144
1156.1,1088
1156.4,649.97
1157.9,776.93
1160.6,590.62
1157.9,787.91
1164.3,412.95
1159.9,461.86
1163.5,1161
1163.7,959.26
1167.5,43
1169.3,996.75
1175,1027
1170.9,1072.2
1170,763.83
1171,200.83
1171,1057.5
1172.6,709.65
1175.5,461
1178.1,604.41
1182.3,784.42
1187.7,309.89
1189.4,856.97
1188.5,446
1192,149.52
1193.8,338.17
1192.4,666.11
1197.1,813.81
1196.8,994.83
1197.6,842
1201.8,410.11
1199.1,433.62
1209.6,127.94
1206.1,923.63
1207,13
1209,1103
1212.8,87.091
1221.4,31.061
1223.1,1110.9
1226,817.64
1227,879.92
1228.1,461.91
1229,557
1238.7,933.83
1239.3,1210.1
1243,634.32
1244.8,357.2
1246.3,914.26
1246.2,1020.9
