3.6744,3.6744
4.7034,140.11
3.4107,227.52
5.225,651.96
8.9202,833.77
6.0408,723.67
9.7857,1013.5
10.527,1062.2
10.904,1027.3
9.6795,244.54
9.1304,363.52
9.5,1210.5
9.84,790.68
18.41,298.12
13.099,87.676
15.039,567.22
14.538,120.15
18.475,525.41
17.256,993.53
32.482,235.51
19.041,905.8
20.379,147.97
24.348,363.78
20.761,695.54
24.056,853.85
21.977,399.77
22.053,818.92
25.357,177.27
25.467,626.67
25.419,217.45
25.714,885.6
26.04,673.6
25.5,1025.5
28.625,251.62
30.926,445.41
34.536,322.65
33.571,908.57
43.392,79.941
40.83,1178.4
52.316,297.33
40,58.346
39.565,933.61
42.808,809.31
41,1120
41.846,485.65
43.75,822
45.791,168.88
49.988,139.05
54.716,266.27
51.059,1133.6
52.633,501.7
54.033,556.07
48.281,745.91
47.8,755.68
51.617,211.62
52.262,472.97
62.666,842.53
56.008,54.256
53.324,597.78
60.456,440.16
60.874,744.17
62,2.1429
60.525,389.08
62.129,1244.1
62.642,796.64
63.704,938.53
61.909,975.09
65.205,815.93
68.652,599.06
67,731.86
73.614,1206.8
74.309,526.04
73.789,1125.4
71.929,424.67
76.167,103.2
75.885,460.35
78.157,997.4
76.938,16.094
77.581,243.45
82.844,914.78
78.324,146.05
81.237,697.19
80.439,315.37
81.842,875.21
80.75,115
82.63,401.89
84.171,1167
85.442,1083.1
85.5,191
86.074,434.41
89.366,714.15
89.448,577.59
104.51,823.59
94.381,884.05
98.71,107.95
97.932,779.93
98.916,372.11
107.19,904.64
98.122,1025.7
97.421,316.11
100.5,1167.4
101.57,413.43
101,687.5
105.96,1013.1
106.93,872.59
108.91,318.88
110.71,1219.5
110,216.17
117.51,933.66
120.73,94.929
111.42,809.89
115.14,977.36
114.88,1105
112.58,1181.6
112.5,430
119.61,459.49
117.17,46.02
121.31,359.51
115.14,403.44
116.63,1049.6
116.87,281.94
116.39,799.13
117.63,994.63
121.66,300.95
123.98,902.95
125.79,58.779
124,1141.5
127.44,784.44
127.31,1222.1
133.29,377.97
128.44,1103.5
131.76,1172.4
133.68,1072.4
131.54,348.78
134.8,392.62
132.47,874.24
137.22,231.11
132.45,676.39
134.82,915.84
134.98,440.24
136.61,1037.1
139.5,833.13
137,896.5
143.97,774.06
141.43,1202.3
143.5,990.25
143.26,183.98
151.12,1164.9
146.55,804.36
146.45,407.29
148.05,394.1
147,623
152.14,107.28
149.5,688
153.69,354.36
151.17,426.87
153.61,708.96
151.06,1242.9
156.79,57.947
151.5,1122.5
154.5,75
156.5,1112.5
162.37,258.28
160.79,904.44
157,46
160.3,500.35
162.74,768.38
161.35,93.014
162.07,1214.7
163.63,321.54
161.07,565.17
163.95,811.25
162.63,107.37
164.15,187.93
165.37,414.55
167.07,667.42
165,485
168.37,1010.8
169.41,973.5
174.24,51.682
172.5,10.5
172.9,570.66
172.47,1118.2
176.26,384.52
181.47,235
174.89,790.67
175.09,935.05
179,1246.3
180.29,994.65
182.29,845.56
179.68,20.76
193.03,500.31
184.32,1028.8
189.93,567.12
186.42,339.58
190.72,1090.8
198.98,709.85
195.3,835.92
194.58,97.875
196.13,1053.8
193.51,396.06
196.18,1189.7
194.44,214.44
195.14,764.14
200.52,891.84
201.36,432.08
196.94,995.55
198.69,574.74
201.33,667.98
199.88,748
205.84,939.57
199,1138.8
204.88,853.33
206.15,479.57
201.79,959.71
202.97,1217.5
202.87,80.211
204.57,172.71
203.66,355.47
205.09,611.91
206.88,1144.9
206.29,1233.7
215.24,373.17
207.12,875.35
212.59,796.45
210.44,501.92
214.08,1182.4
213.23,1087
216.63,49.442
216.9,352.52
215.38,21
217.46,34.2
218.34,86.955
217,223.5
218.97,441.69
222.28,572.06
226.33,135.81
220.5,528
221.33,955.77
221.42,1127.6
223.7,207.89
225.25,656.71
225.69,1060.5
231.71,340.34
230.28,557.88
226.38,604.1
228.5,1214.8
233.44,436.1
229.67,532.69
230.64,821.96
232.6,1041.4
239.34,913.88
239.55,58.036
233.37,283.03
238.35,376.42
238.27,165.51
235.93,1148.6
238.1,221.07
239.57,972.49
242.55,1235.8
240,43.5
241.52,667.71
249.69,718.16
244.49,288.58
245.21,105.75
244.76,1082.5
260.5,890.96
248.11,1063.4
254.71,393.08
252.2,254.44
257.6,501.71
254.07,855.85
258.16,58.55
257.68,358.46
263.69,84.816
259.97,553.78
263.04,1137.4
262.34,785.97
264.94,378.44
265.1,935.03
265.9,706.62
266.86,996.64
266.42,142.45
269.55,772.91
268.22,26.22
267.32,577.05
271.5,840.5
271.11,39.257
273.87,320.53
274.27,725.68
274.38,469.88
276.22,825.33
275.95,1149.9
277.38,195.54
280.07,482.12
275.5,746.5
277.21,1114.5
281.57,412.5
282.18,561.59
288.38,702.79
282.09,1241.4
284.97,265.58
281.47,1083.3
291.42,125.39
284.06,73.571
289.1,1040
294.58,29.731
285.36,517.81
290.02,890.04
294.15,583.48
289.52,792.13
287.93,1054.6
289.71,1194.3
301.43,327.7
296.93,675.59
300.12,867.55
297.42,1070.9
308.02,726.77
301.58,1165.6
305.98,433.88
305,709.85
305.86,466.35
306.65,679.78
312.82,1033.9
312.73,245.47
308.93,1173.4
311.53,1210.7
314.55,786.04
314.31,1012.3
311.34,450.2
319.15,553.51
312.69,507.17
313.95,183.17
316.39,710.95
321.58,315.08
327.18,475.55
322,588.24
322.59,150.07
322.05,529.41
328.31,138
327.02,786.73
325.6,1149.6
326,1209.5
326.7,1246.8
327.27,73.654
328.99,1172.6
327.91,353.09
331.53,224.87
329.14,337.5
330,54
331.33,417.83
332.07,719.41
336.53,1032
339.22,911.78
341.68,658.92
345.36,243.36
342.13,539.87
345.16,623.74
345.74,736.78
350.81,411.8
361.32,1013.6
351.31,532.34
351,509.67
352.48,880.02
355.35,983.05
354.09,1080.3
356.18,100.39
356.71,782.39
358.36,563.1
356.49,183.14
357.36,275.78
357.02,1111.6
356.11,1136.6
359.88,1204.6
357.04,16.593
359.51,735.63
360.06,222.8
361.93,852.32
361.1,922.73
363.43,403.73
363.09,1057.9
364.76,1095.6
366.25,453.65
364.76,477
366.93,289.47
370.01,911.69
369.87,356.25
373.31,604.57
373.75,433.9
370.87,1035.8
381.55,711
373.29,176.45
373.53,318.53
374.65,1189.3
374.88,484.46
377.07,3.625
378.07,568.39
376.39,1170.9
381.06,681.95
379.5,1161
383.06,1244.4
381.89,88.617
384,552.79
381.07,628.59
395.49,300.94
384.97,493.92
384.55,580.08
384.42,808.89
389.85,733.13
389.85,172.32
389.34,966.59
389.42,988.58
390.9,1136.2
391.95,464.3
395.39,614.45
393.95,1166.9
395.82,853.68
395.91,922.11
406.68,41.799
398.58,244.11
400.57,156.39
401.35,719.88
412.42,379.08
402.72,479.08
404.11,864.06
402.86,355.86
411.04,487.82
404,1029
406.3,89.074
405.47,274.77
415.89,1058.3
410.18,136.74
423.76,505.5
408.66,428.2
412.72,1016.7
414.36,339.17
410.2,888.09
409.91,943.09
414.45,1181
411.5,73.5
414.09,224.35
412.58,415.55
412.5,544
415.59,747.07
415.9,998.61
415.97,185.65
416.3,266.36
417.13,1124
425.59,10.452
422.22,99.255
424,484.68
425.63,759.63
426.35,877.07
428.13,48.239
426.92,969.92
427.39,1246.6
441.55,691.34
432.98,1067.9
436.98,809.74
435.91,1180
437.88,317.12
439.41,534.55
438.13,702.1
444.19,960.57
443.48,1190.7
441.68,830.19
442.41,883.83
441.8,1008.3
444.48,1137.5
443.38,462.78
449.12,173.25
445.86,1116.4
448.09,672.94
454.48,1079.9
451.62,1239.5
454.63,142.43
451.13,842.87
450.56,557.44
455.9,335.56
457.75,1053.9
456.93,205.41
459.43,225.34
458.39,655.98
462.69,740.65
459,962.7
457.95,1012.9
460.65,1036.6
458.88,1216.3
460.37,302.27
460.56,517.92
462.25,675.65
466.85,791.87
462.38,1242.6
463.59,276.93
467.76,568.93
465.76,62.303
466.62,1027.3
467.39,547.42
468.62,206.34
475.84,1048.6
471.83,535.1
472.78,113.57
475.09,438.67
471.82,769.22
476.01,1131.4
476.12,885.02
480.14,347.25
480.37,501.92
485.86,581.39
480.29,1014.1
474.37,1214.4
480.95,102.45
479.15,1080.2
477.08,704.53
479.5,323.22
479.12,26.02
478,613.5
477.85,1224.3
484.36,1240.7
487.91,388.54
481,813
483.19,561.92
487.11,149.99
487.56,726.4
486.4,254.95
487.54,666.63
486.43,966.04
489.82,476.57
491.05,131.22
489.57,875.08
490.69,758.71
491.65,788.43
496.58,411.02
493.08,897.55
493.18,829.82
491.69,54.086
496.57,1169.2
502.86,1005.9
496.45,448.39
496,1157
497.85,697.35
499.35,594.15
504.6,113.76
502,610.68
504.04,1185.9
504.5,584.86
505.55,685.35
506.66,1131.4
509.48,627.84
513.79,949.24
509.06,1059.5
510.59,74.081
511.13,1105.6
519.05,14.338
512.94,512.35
512,769
514.38,891.05
515.11,925.34
517.55,402.46
517.27,794.34
518.55,688.28
519.1,126.94
520.41,1141.8
525.06,315.52
520.03,1170.9
522.92,444.92
522.97,585.49
525.68,517.11
527.51,1098.5
526,719.83
529.27,858.12
529.94,1054.7
529.6,378.81
528.31,627.1
527.42,1070.9
532.6,804.93
538.18,459.55
536.32,1128.5
542.23,274.77
543.48,761.52
540.82,353.52
543.24,814.59
540.82,14.633
539.38,308.5
543.49,843.41
539.29,2.3571
547.15,122.87
543.82,324.69
542.22,370.18
540.12,493.65
546.51,727.51
540.44,1214.9
556.05,1081.2
546.49,105.09
548.16,672.57
550.23,977.14
547.08,994.95
548.64,255.89
548.25,621.62
546.56,785.08
551.42,31.576
556.86,379.97
555.71,924.2
562.85,829.26
555.5,951
558.68,409.96
559.6,802.66
562.08,181.58
561.74,420
565.07,329.74
563,248
563.79,658.5
566.69,852.66
566.05,476.05
567.67,781.37
575.56,89.917
572.62,1115.6
579.72,22.4
574.58,283
574.46,408.62
578.68,1180
579,723.8
579.16,1159.5
576.46,248.09
577.72,539.16
572.76,54.997
579.56,846.8
586.02,797.63
585.64,233.92
582.05,882.05
589.16,101.02
584.34,192.53
584.67,1050
588.64,989.67
590.98,889.8
587.5,1232
594.05,468.24
594.66,868.77
606.81,194.8
602.61,7.1556
593.86,303.86
594.58,1165.1
598.62,909
607.46,267.08
602.47,342.94
601.92,759.92
614.14,891.53
607.65,733.33
605.33,1167.3
617.46,313.44
607.57,1026.1
610.31,443.45
611.88,495.06
609.41,835.08
608.93,65.556
611.1,787.1
613,1179.3
615.61,41.652
627.23,1157.9
618.39,1187.9
625.52,1208.7
619,182
623.23,227.49
622.84,543.66
621.44,860.54
621.16,950.56
630.99,730.75
625.62,749.16
631.62,765.45
624.56,794.76
625.69,1124.5
626.94,437.49
630.87,13.252
628.01,1021
630.62,354.69
633.29,197.19
634.43,296.05
632.11,566.53
645.69,106.34
638.82,869.91
640.03,278.14
638.86,342
639.42,883
640.38,1026.5
641.2,227.56
644.42,1176.6
647.47,794.63
643.76,850.84
644.5,150
646.95,664.39
645.42,137.11
647.51,646.67
651.54,397.03
650.77,1117.8
655.5,426.46
654.02,598.82
658.78,778.27
654.04,883.64
654.19,1065.7
657.79,234.06
657.86,256.54
660.78,1053.9
662,49.621
670.98,808.78
666.28,1076.5
664.49,523.37
667.26,884.47
670.36,654.61
668.47,908.24
667.4,1032.1
670.91,222.16
672.92,857.11
673.14,950.87
674.07,1176.8
674.55,176.86
675.08,894.74
675.16,98.764
678.46,505.79
674.44,673.66
677.73,1157.5
681.31,254.82
681.03,51.227
681.94,878.76
681.5,107.5
686.02,573.36
684.93,67.259
684.58,1210.9
687.84,841.77
689.4,1160.5
690.05,910.75
691.06,1201.5
689.59,683.12
693.07,1051.2
698.84,1130.2
700.88,459.49
698.31,720.65
697.11,754.58
698.27,35.346
700.43,536.05
700.51,734.16
701.36,349.68
704.01,820.29
704.59,999.96
705.37,6.4656
702.54,143.09
704.58,1204.3
704.89,426.42
705.93,171.41
708.19,471.6
708.05,758.78
713.59,1226.4
712.9,240.4
713.03,367.8
722.63,621.66
712.62,1243.5
717,340.5
716,887
718.56,517.52
722.19,421.92
716.36,906.5
721.14,929.2
718.43,136.95
721.34,677.62
728.13,211.61
724.4,599.38
726.04,1168.8
729.46,1179.8
728.82,824.89
738.97,168.55
729.11,191.21
726.93,381.59
727.98,644.23
732.09,877.06
728.82,1044.7
726.42,1190.9
731.5,1059.5
737.99,796.64
735.5,910.5
736.24,936.37
739.32,64.659
739.14,1075.9
741.8,663.58
740.11,1042.8
741.73,859.07
746.89,1109.7
743.67,12.281
744.33,877.83
747.11,1141
750.11,982.21
750.2,698.89
750.81,777.8
747.08,818.92
748.78,1010.5
750.92,489.05
753.86,835.53
748.76,1233.3
749.73,957.4
755.95,438.2
757.04,307.08
757.09,863.15
763.47,390.32
766.29,147.63
763.73,239.8
762.9,676.61
764.32,294.4
761.08,529.08
762.97,658.55
772.75,44.198
763.85,594.85
762.5,1054.5
764.75,488
771.84,772.79
766.41,648.94
771.05,1208.7
777.4,856.03
770.44,67.556
769.53,570.67
769.58,1037.4
772.73,1245.8
775.02,414.14
774.66,713.52
780.91,747.24
775.67,1047.4
777.5,979.14
782.18,1185.6
783.58,122.51
785,1082.7
782.65,1108.8
783.43,937.72
783.55,1229.7
785.67,337.25
785.07,659.59
786,484.67
786,677
792.95,639.78
789,1055
793.52,530.09
794,138
799.59,765.51
794.34,1040.1
797.08,1056
802.26,1099.4
804.27,691.52
799,1129
801.13,239.26
801.93,478.6
803.38,668.99
806.94,183.26
809.62,924.39
807.28,316.69
806.65,1218.1
805.94,357.53
807.85,490.57
809.69,1115.9
809.56,731.04
808.78,1128.6
813.32,445.44
810.87,1019.7
814.59,471.09
810.33,821.27
813.37,122.35
811,415
816.87,596.47
815.28,611.83
816.3,969.98
815.61,986.86
818.32,350.32
818.91,552.91
818.4,848.4
824.79,687.71
831.03,1028.4
824.56,492.77
823.79,1238.5
834.72,956.64
829.37,2.3143
831.13,1081.9
831.48,1104.4
831.66,1221.9
830.5,33.5
834.8,1244.2
837.05,647.96
838.89,95.51
839.09,834.19
837.82,881.24
838.07,296.59
840.27,978.93
841.85,203.17
845.44,359.82
844.88,758.43
844.5,1121.9
845.63,1136.5
855.42,11.759
846.45,382.59
853.71,1234.3
848.4,809.51
847.47,1168.4
849.23,418.6
862.33,649.39
853.14,240.58
855.25,676.28
855.7,50.977
856.5,1109.8
856.42,104.52
857,590.91
857.57,276.08
857.37,312.54
858.64,87.642
859.95,695.46
864.02,426.45
864.13,1094.2
863.16,1138.9
868.19,405.84
864,837.5
865.64,826
864.86,987.5
873.26,468.33
869.52,112.1
868.13,578.76
868.5,614.79
871.47,164.79
872.15,519.41
869.68,699
872.17,208.07
875.46,710.67
890.01,983.59
876.37,1077.4
879.57,1185
878.48,75.106
876.7,303
884.24,6.367
882.79,934.16
881.3,843.7
882.29,1026.1
883,857.5
884.09,144.09
885.61,921.14
886.57,707.61
889.12,123.2
891.64,266.26
888.07,756.59
891.46,205.91
889,368.83
889.07,456.59
891.72,22.328
891.58,290.92
891.32,94
891.5,1087.5
892.52,1127.6
900.17,1054.9
895.58,561.39
893.61,718.28
896.06,1009
893.66,620.86
900.8,11.264
899,125
904.46,138.84
899.36,667.19
904.56,353.07
904.39,803.51
903.38,198.38
903.85,1115.9
906.6,833.1
906.03,870
907.24,945.1
914.25,1246.6
909.76,56.207
920.51,424.32
913.37,690.28
916.47,1173.6
915.19,1074.1
915.31,1142.8
917.54,47.742
917.18,855.16
916.98,248.02
915.61,280.86
920,402
925.71,551.47
918.07,613.56
921.49,307.33
921.29,667.5
923.79,895.94
925.98,1059.4
924.41,779.37
924.78,965.9
922.5,1047
925.88,96.346
930.99,278.17
927,698
936.18,55.983
928,1124
930.49,1209.6
932.08,570.8
932.71,109.55
935.27,1024.2
935.7,81.306
938,617.07
935.61,300.61
947.45,204.59
940.38,26.158
936,161.5
936.27,1115.6
936.5,829.5
941.07,955.88
942.82,874.3
942.39,311.59
940.5,509.5
948.57,580.53
942.17,257
941.5,447.5
944.5,549.44
945.69,399.6
948.65,770.02
944,969.18
945.99,1186.3
947.32,234.74
947.63,334.04
945.81,748.86
949.65,1101.7
950.5,372.96
951.74,1223.8
948.44,644.08
949.61,634.14
949.82,924.64
953.72,803.48
950.42,119.89
951.44,608.08
951,1062.8
960.89,36.611
959.22,434.96
965.31,87.869
956.97,253.5
963.4,1109.1
962.65,716.79
958.58,927.89
964.27,1031.2
962,862.5
961.94,789.3
962.17,831.42
969.57,841.52
977.85,895.94
969.79,226.38
971.6,777.11
971.75,1235.9
969.67,937.61
965.12,951.15
970.34,290.59
968.25,1204.1
971.65,591.57
971.72,738.42
969.08,207.14
969.11,1160.6
977.42,538.82
966.44,615.41
971.05,640.76
976.32,13.599
974.92,510.53
981.71,142.26
972.8,964.56
979.43,2.2553
975.5,1084.1
984.68,652.59
979.5,421
980.9,696.38
984.51,620.6
984.84,936.14
985,1100.5
993,559.09
992.14,281.75
990.6,374.05
989.65,1081.9
995.92,962.2
994.29,402.53
989.62,572.69
990.08,1090.9
993.86,1108.3
998.05,698.62
996.23,1026.7
999.23,933.99
1002.2,586.97
1006.7,234.13
1000.7,681.63
1004,627.52
1001.5,379.5
1008.2,1201.8
1002.6,534.5
1006.6,1122.2
1009.2,219.89
1017.3,785.35
1008.9,388.32
1013.5,853.83
1015.1,429.58
1013.7,505.9
1009,724.5
1013.6,298.07
1014.1,642.19
1013.5,935.5
1014.5,659.06
1016,368.69
1015.9,679.13
1015.5,910
1016,123
1027.7,532.16
1021.1,618.09
1022.7,113.57
1024.2,575.51
1023.3,696.08
1025.6,134.98
1026,1172.2
1026,285.76
1025.5,604.66
1028,1105.4
1025.9,1135.1
1025.4,547.89
1038.6,665.51
1030,1040.9
1030.2,1055.6
1031,726.33
1031.5,101.5
1039.7,848.05
1034.9,863.92
1038.7,993.58
1037.5,1188.1
1042.8,189.47
1039.7,166.48
1036,98
1039.8,483.75
1041.4,1105.9
1048.3,619.92
1044.5,1145.7
1048,543.21
1043.8,772.46
1047.5,1199.1
1051.6,278.24
1048.8,1113.8
1054.2,421.99
1052,925.32
1052.5,1006.8
1054.9,5.4737
1056.9,122.13
1058.3,355.5
1058.8,15.132
1059.1,1002.6
1061.8,949.6
1062.9,1135.1
1064.5,839.37
1073.7,455.88
1065.3,691.38
1083.9,745.95
1070.2,222.69
1066.6,181.89
1072.2,1035.7
1075.8,572.88
1077.9,878.66
1074.4,942.84
1074,384.05
1073,71.909
1073,843
1073.2,909.91
1076.3,1109
1088.6,642.43
1076.5,30.972
1079.1,151.29
1082.5,1167.7
1080.7,490.52
1081.9,814.28
1100.6,304.72
1087.2,671.96
1085.2,539.16
1081.5,1198.4
1083.4,896.27
1083,600
1089.3,519.79
1086.1,1031.6
1086.3,1087.1
1089.7,16.162
1087,169.77
1087.7,359.81
1084.9,909.09
1086,392
1086,454
1089.3,1187.8
1089.5,150.5
1098.5,248.01
1096.9,448.15
1093.9,707.46
1095.3,35.531
1097.5,1142
1100.3,334.88
1099.4,999.41
1100.7,1042.8
1099.4,1230.5
1099.8,111.7
1105.6,594.65
1100.1,766.05
1100.5,900.8
1102.3,193.22
1101.9,393.3
1101.7,464.82
1100.6,542.06
1106.2,510.16
1108.1,274.13
1104.2,362.68
1103.8,1179.4
1105.7,13.611
1106.3,975.29
1108.7,1152
1110.6,1070.4
1112.6,1054.9
1113.6,366.75
1118.6,891.97
1114.1,838.98
1117.4,1131.6
1116.7,1191
1116.3,234.58
1116.2,776.88
1115.8,812.05
1121.4,103.58
1123.1,741.49
1119.1,989.63
1125.4,261.26
1127.8,414.79
1122.2,635.79
1127.2,82.523
1126.3,277.95
1126.1,917.79
1130.6,979.75
1128.5,372.09
1130,465.04
1133.1,865.33
1130.3,494.78
1140.3,452.69
1131,1211.5
1132.4,62.861
1134.6,761.09
1136.2,21.671
1134.8,829.65
1134.6,945.05
1134.8,1201
1141.7,114.93
1139.2,246.65
1136,671.1
1138.5,1101.2
1138.3,401
1137,680
1143.8,1177.2
1140.7,1234.5
1142.5,306.29
1150.5,1087.4
1158.5,580.52
1144.3,153.1
1149.9,492.43
1149.5,642.58
1150.7,359.89
1152.5,787.76
1149.7,1193.7
1152.6,39.816
1151.8,270.24
1154.8,335.3
1149.9,967.5
1154.8,12.272
1152.6,1124.6
1154.7,1246.7
1154.1,164.65
1153.6,394.57
1158.7,774.86
1158.1,850.63
1156.4,1224.1
1160.6,686.9
1172,141.08
1162.6,92.478
1162.6,633.61
1161,207
1163.7,315.64
1164.8,107
1168.4,290.69
1167,171.79
1166.8,875.56
1170.3,964.4
1168,1153
1170.6,225.47
1170.4,338.29
1170.9,398.01
1173.8,469.96
1169.5,1113.9
1179.6,990.58
1171.6,1035.9
1175.7,637.59
1177.8,828.03
1177.4,1062
1185.9,1103.7
1181.2,167.84
1184.1,436.16
1180.1,955.09
1187.7,789.87
1186.1,541.11
1186.4,728.66
1192.6,816.31
1192.4,190.45
1191.5,1122.5
1192.8,137.57
1196.4,672.69
1193.3,895.54
1194.1,583.53
1193.1,836.05
1199.4,354.16
1197.3,253.98
1197.7,447.79
1199,479.06
1199.7,1190.7
1200.4,376.7
1208.1,850.49
1205.3,390.63
1205.4,409
1210.5,952.97
1206,710
1208,229.75
1210.6,928.28
1209.6,1141.6
1211.1,273.5
1210.1,472.41
1209.4,746.89
1212.4,760.92
1209.4,1016.1
1214.5,167
1214.4,1045.4
1221.8,124.64
1221.9,431.42
1217.3,1109.9
1222.1,524.61
1221,735.5
1221.2,792.87
1221.7,494.32
1225.4,352.43
1232.5,647.73
1227,189.95
1228.2,1064.9
1226.1,394.35
1231.2,269.64
1229.7,304.64
1228.5,874.49
1228.4,686.59
1237.3,148.33
1232.7,417.41
1231.6,178.31
1232.1,374.38
1233.2,1006.3
1233.6,207.55
1234,771.77
1232.5,1126
1236.9,398.12
1233.1,1042.1
1234,991.07
1235.5,538.35
1238.6,804.03
1239.5,342.19
1239.2,1203.9
1240.8,439.67
1245.1,565.43
1244.8,1191.5
1245.4,302.16
1245.6,723.47
1246.1,321.59
1246.8,248
