9.0608,169.56
1.875,601.5
1.9286,689.21
7,1122
10.569,281.12
6.102,301.12
6.1923,581.91
12.144,1053.2
9.7447,643.04
20.884,43.536
24.108,1084.9
23.452,719.12
38.275,759.44
32.44,74.8
33.825,620.05
35.185,549.26
40.099,436.08
40.705,812.54
43.355,1027.9
42.29,229.58
49.464,633.83
52.149,73.361
54.589,541.27
54.246,575.44
52.5,379
56.26,520.94
55.265,606.32
58.2,297.44
60.861,766.13
62.895,432.16
62.574,788.04
68.894,73.13
72.206,378.26
76.081,209.19
78.326,186.58
87.889,508.25
83.075,153.2
86.276,11.25
97.535,149.5
93.851,442.99
99.408,1124.4
96,217.71
106.94,601.91
101.91,769.43
103.33,198.76
102.8,640.96
105.31,44.448
107.08,757.08
109.83,687.31
115.07,69.993
120.22,857.91
124.41,518.14
122.91,363.1
125.85,1187.8
120,396.5
120.09,666.91
124.28,704.05
128.34,724.79
142.75,844.35
139.94,496.79
140.99,636.92
144.78,548.44
153.75,1217.9
157.8,585.65
156.57,600.94
156.88,557.31
161.49,334.04
161.88,376.25
163.15,804.27
174.82,33.22
173.29,530.18
171.69,760.17
174.5,128.2
175.57,488.35
183.1,215.63
182.92,830.56
193.05,253.89
191.35,537.71
198.48,489.44
195.69,750.03
196.07,895.88
199.05,820.04
205.54,127.15
204.08,567.92
211.96,657.69
205.78,1208.5
206.54,309.71
206.95,861.44
210.96,901.68
213,85.457
216.35,170.73
217.85,715.17
223.53,404.51
222.96,435.66
223.18,553.07
224.76,142.7
227.56,323.59
224.58,168
230.06,875.42
230.93,469.41
230,685
244.61,920.95
234.12,1222.3
235.5,503
239.62,704.93
240.44,587.33
247.52,150.91
246.4,892.61
242.59,398.44
244.42,427.55
250.03,68.773
245.91,460.91
250.3,92.116
257.85,582.97
259.8,288.41
260.39,849.17
262.84,403.98
262.94,90.094
275.82,761.56
272.65,179.47
273.22,875.5
277.37,230.09
274.73,448.8
274.25,639.08
274.08,1234.9
276.17,99
278.04,547.7
284.53,365.28
285.91,294.42
289.28,60.78
293.01,673.93
289.42,277.11
303.42,514.05
296.14,758.76
301.47,551.8
296,341.5
300.09,76.397
298.83,568.28
303.38,478.24
301.92,630.73
302.5,152
306.06,741.57
305.54,708.41
310.5,342.9
311.39,270.04
310.78,938.56
316.77,833.38
313.74,249.91
314.18,640.33
317.09,878.97
319.66,576.78
322.83,502.17
326.39,335.97
322.5,348.5
329.06,149.98
331.02,795.16
330.72,939.95
329.06,886.48
334.72,190.76
336.2,624.77
335.18,582.9
338.73,218.83
337.07,390.93
343.97,917.37
341.98,530.84
352.26,131.97
343.57,699.06
355.58,373.36
346.02,800.18
351.3,714.45
348.73,388.51
352,861.5
352.95,1015.2
354.32,4.7625
355.4,559.4
363.86,228.59
362.95,296.61
364.56,665
367.12,26.507
378.89,778.92
370.2,929.68
372.88,603
372.37,389.16
380.41,495.09
379.12,838.48
380.09,62.091
384.1,402.05
391.59,4.8311
385.68,705.5
389.19,77.191
387,1059.6
392.86,301.84
388,668
405.43,511.57
405.77,874.94
399.93,128.11
409.05,749.56
406.56,475.17
408.48,22.469
413.15,371.53
407,429.5
407.88,785.88
412.18,322.47
409.58,770.11
412.32,308.55
422.39,716.12
420.45,441.49
420.08,236.44
426.15,767.43
427.18,1023.1
427.91,28.909
432.85,496.57
431.27,1203.6
441.23,781
445.32,908.47
449.71,175.51
442.59,471.06
445.77,146.13
448.63,486.94
450.06,1069.3
450.38,651.91
450.5,784.5
457.12,15
455.15,797.11
455.6,1006.5
460.41,1055
457.11,1087.2
464.1,213.06
461.99,533.28
466.6,3.5078
463.66,689.77
465.32,652.24
466.91,1014.6
464.3,1104
462.92,1117.9
471.21,420.44
472.8,912.68
478.82,761.43
475.07,117.59
476.83,286.34
479.64,607.79
485.66,154.63
483.77,869.28
483.42,1069.7
486.9,452.31
492.99,834.81
494.96,1145.9
495.47,619.73
497.97,536.36
501.28,411.34
504.92,355.64
503.77,457.29
502.59,846.04
503,383
507.72,667.37
515.59,770.85
509.68,1049.6
508.76,1180.3
511.88,527.15
516.57,219.65
512.42,863.45
517.08,37.356
516.5,1246.6
517.06,413.45
519.53,1209
523.21,836.66
520.17,985.69
520.5,190.5
528.12,468.98
528.05,511.78
523.69,1047.2
535.21,332.18
537.37,635.8
535.53,439.84
537.44,856.38
543.83,246.87
550.6,425.56
551.07,1118.4
553.14,197.24
553.88,306.12
558.44,510.84
560.52,527.9
561.64,575.06
569.87,791.47
568.69,956.64
582.93,645.74
573.06,28.723
574.48,551.16
575.51,1116.1
579.26,118.23
580.36,755.73
579.66,319.38
579.45,610.52
581.4,297.36
584.06,702.51
582,405.5
588.58,163.48
590.49,1010.3
588,301
594.96,844.93
595.1,72.389
593.82,226.62
596.57,459.27
594.58,775.42
598.48,926.48
599.45,522.57
603.63,107.82
599.73,386.93
601.68,834.02
604.87,3.9286
610.86,812.03
607.15,780.46
609.86,947.19
613.02,383.91
614.46,931.8
619.49,151.88
618.09,483.09
619.73,199.35
621.23,1175.7
633.95,688.03
622.93,548.17
623.91,917.17
627.48,15.728
626.25,888.46
631.57,280.49
633.44,345.32
632.44,861.54
636.48,318.32
639.17,981.44
639.89,168.4
643.68,143.05
650.74,1095.7
644.98,381.12
651.64,1203.5
649.29,314.22
647.93,457.59
648,957.32
650.93,569.2
648.93,1015.6
659.19,1231.2
658.13,809.53
659.33,268.24
658.44,906.85
661.19,1061.3
658.67,354
659.5,585.5
666.68,731.94
666.83,1080.5
664,412.5
670.07,1030.5
669.71,283.43
675.12,569.64
675.17,846.56
675.85,91.553
682.34,158.89
685.79,235.21
686.57,436.13
691.15,393.29
691.17,885
691.73,971.82
703.25,95.689
696.18,645.61
703.08,695.6
703.99,1139.6
704.75,527.18
703.55,986.46
702.78,1063.5
707.57,662.08
707.59,966
715.78,7.4975
717.99,799.29
712.86,420.86
713.79,385.34
718.17,481.9
716.67,831.52
721.57,530.61
726.54,419.04
726.8,497.02
726.13,822.43
727,852.28
730.85,108.73
742.1,628.84
735.5,574.79
738.96,189.26
738.38,413.94
740,950
744.43,662.45
745.36,907.58
755.6,1021.8
753.44,76.422
754.44,859.8
761.43,900.98
762.09,1084.3
777.63,348.9
763.61,382.87
765,1012.5
772.27,600.35
782.72,464.37
779.41,376.7
778.08,434.68
779.08,924.03
780.19,419.63
779.4,751.32
782.11,1139.3
785.56,326.83
782,616.68
784.8,395.23
789.94,895.95
799.49,662.05
789.1,1155.2
796.06,1087.7
798.06,940.14
793.85,114.22
794,1196
794.06,626.55
795.87,403.87
806.96,763.6
802.75,253.17
805.35,414.9
803.87,741.22
804.87,1202.4
805.59,565.93
812.94,923.84
818.58,830.22
817.91,173.09
823.24,1233.5
827.11,1187.3
828.26,121.85
825.64,574.5
833.04,295.24
828.93,457.59
835.08,677.16
831.41,187.56
833.96,375.87
841.79,1154.2
833,838.86
849.41,421.96
839.6,464.4
844.99,758.77
844.48,19.588
847.09,471.91
854.19,224.31
855.31,128.08
858.09,1013.6
865.16,445.12
864.94,504.04
865.37,635.97
877.5,1144.5
871.87,1093.3
875.26,976.76
874.02,400.55
868.83,859.8
872.23,949.2
874.69,839.46
877.84,222.69
886.18,342.3
878.73,664.28
884.35,459.17
885.11,1163.2
886.66,80.469
888.27,731.79
896.88,290.37
902.45,911.18
905.56,560.18
906.5,448.5
906.96,831.93
916.45,800.25
912.66,384.55
915.15,633.41
915.37,411.66
916.84,854.95
914.92,47.417
914.59,765.07
915.54,819.95
918.54,1232.9
921.22,716.02
922.9,1031.9
923,946.12
921.38,1246.7
923.21,557.21
924.11,529.09
923.57,643.39
925.89,868.69
927.96,353.19
929.63,833.71
930.4,445.1
937.66,193.55
934,746.5
934.39,1204.9
937,870
940.99,903.52
943.6,692.78
943.45,709.37
950.81,322.62
947.15,4.7059
952.45,616.5
952.55,722.45
952.84,35.055
951.68,579.64
953.47,762.2
956.21,1047.5
955,462.86
958.69,816.06
958.07,355.41
965.44,910.89
973.02,937.19
975.14,32.493
974.11,274.94
968.91,783.05
970.83,562.07
977.74,1235.8
973.33,899
981.67,816.75
979.04,465.33
983.79,87.279
988.6,553.68
985.08,701
986.19,216.35
992.89,284.79
993.58,127.76
989.7,619.58
989.59,1064.7
992.72,940.55
990.21,1146.6
996.76,318.5
996.14,363.3
995.38,861.42
997.9,902.21
1001.3,1134
1004.3,1183.4
1009.9,506.63
1007.7,77
1011.5,888.48
1014.3,532.74
1013.5,51.246
1011.1,987.93
1016.6,1197.2
1016.4,1087.8
1019.9,468
1018.1,570.38
1015.5,71.776
1019,1035.7
1020.5,24.554
1025.1,922.85
1019.7,614
1024.8,635.32
1031.6,66.043
1028,677.31
1034.9,743.8
1031.1,412.05
1031.1,976.14
1038.8,80.964
1038.8,1200.5
1043.9,519.42
1046.4,424.87
1046,443.4
1043,941
1049.6,983.51
1049.4,1074.7
1046.5,168.5
1048.8,381.2
1049,1025.4
1048.6,938.6
1056.2,126.37
1050,933
1051.4,890.6
1061.9,1102
1058.7,41.805
1065,147.49
1072.6,20.89
1067.9,1189.9
1068.6,258.9
1075,815.47
1073.6,352.39
1077.1,71.833
1075.2,902.1
1078.8,597.32
1083.6,1167.8
1083.8,422.53
1084.3,1193.9
1096.4,1026.5
1103.7,566.12
1105,859.69
1106.6,177.56
1106.8,919.93
1109.2,678.59
1114.3,473.86
1116.8,713.04
1109,446
1113.1,198.5
1116,69.29
1114,511
1114,446
1116.6,890.43
1120.7,985.51
1120.3,1012.5
1120.8,911.2
1120.8,1070.2
1126.3,564.97
1122.5,612.34
1127.1,821.74
1124.2,809.41
1130.2,946.73
1133.3,1206.3
1133,731.25
1134,905.14
1142.7,174.62
1147,289.31
1142,92
1144.4,236.73
1144.1,1012.3
1147.9,754.26
1155.4,152.99
1148.4,1129.1
1152.2,126.03
1149.5,608.5
1149.8,654.67
1153.1,578.87
1160,887.07
1160.9,597.06
1160.6,1159.1
1164.5,909.71
1160.5,678.5
1164.7,299.17
1169.5,371.58
1166.4,983.15
1166.1,197.56
1172.3,657.19
1174.8,101.73
1175.4,12.255
1177,157.19
1175.4,607.06
1181.9,744.77
1181.8,1244.9
1186.4,299.1
1181.1,397.77
1182.4,1074.3
1182.4,140.07
1191.6,325.32
1185.4,1059.1
1188.1,516.09
1189.7,823.28
1190.7,1003.8
1191.1,180.94
1191.4,440.79
1194.5,241.47
1195.6,126.04
1196.3,1034.4
1196,1164.1
1200.8,196.83
1201.2,811.04
1208.1,1109.4
1203.7,1149.6
1203.9,576.57
1203.9,1027.4
1204.4,533.87
1209.8,23.537
1216.4,739.99
1212.7,455.84
1213.9,4.8762
1211.6,758.46
1214.5,807.62
1222.5,380.83
1215.7,841.81
1219.8,126.51
1219.2,625.24
1219,241.47
1222.5,422.68
1225.8,1072.1
1223.3,670.55
1223.1,853.14
1228.5,332.47
1236.6,761.11
1237.5,1029.1
1233,245.18
1239.1,161.5
1233.6,674.4
1242.8,1109.7
1244.1,556.6
1245.3,282.09
1244.5,691.92
1246.1,869.23
1246.8,989.16
