5.7426,986.39
2.9464,1059.6
5.5472,880.64
6,749.5
14.14,254.98
14.701,521.22
22.319,346.43
25.843,91.052
26.182,678.65
27.988,482.14
24.1,590.38
28.373,1011.5
24,329.5
26.807,1197.8
33.39,837.45
29.407,105.93
34.446,934.13
33.792,226.31
39.736,1047.5
34,885.33
41.199,743.46
40.898,1235.4
44.712,903
43.141,242
41.947,93.987
54.149,392.6
50.387,660.13
47.895,840.58
58.351,31.73
61.505,1117.6
67.697,1054.3
64.298,814.53
69.814,1141.5
78.51,81.931
77.512,42.309
78.79,564.05
77.216,664.54
84.797,423.99
81.014,650.89
81.083,183.92
88.064,361.72
84.25,936.31
84.127,170.05
87.327,6.5102
91.105,160.58
92,999.5
94.826,286
97.795,207.32
101.77,724.78
102.65,12.558
104.44,580.37
105.47,240.18
104,900.5
115.73,321.73
116.58,820.69
116.92,483.08
123.32,467.46
132.03,5.8333
131.55,1014.1
130.62,201.81
140.47,389.27
137.78,971.44
139.1,156.05
138.47,34.233
141.44,743.37
173.09,174.54
143.21,494.67
128.87,808.81
156.89,912.59
143.39,588.45
145.61,121.14
145,364.68
144.42,938.11
145,1058.7
149.55,1134.8
148.64,1041.1
147.08,77.4
150.38,210.45
147.12,607
149.73,433.77
162.97,95.842
153.96,305.11
151.89,1009.7
155.21,859.16
157.97,147.05
162.74,459.47
168.77,517.43
166.63,1030.3
166.59,442.59
173.98,404.99
170.05,791.05
173.17,1009.3
177.28,720.4
177.84,611.34
171.42,807.89
174.74,117.26
174.42,493.11
173.76,566.1
179.05,1152.2
182,139.05
180.76,841.79
184.16,446.77
180.74,108.24
189.85,373.03
188.27,119.88
189.75,244.66
188.86,1030.7
196.3,858.94
202.45,955.39
201.79,525.26
205.56,785.16
209.91,129.81
206.36,504.34
211.6,83.785
209,818
213.82,647.6
215.26,470.9
211.41,488.8
215.99,325.47
214.29,875.25
226.52,105.22
231.13,882.88
225.21,33.231
230.5,315.97
226.66,451.04
235.16,598.87
236.22,1199
232.18,1245.2
233.11,809.42
234.09,1218.9
236.04,1005.7
235.9,1123.5
237.67,824.59
245.13,639.61
249.54,142.36
246.5,927
254.94,914.99
264.97,450.85
260.5,165
264.91,940.09
268.03,1143.4
275.27,917.08
272.75,242.32
272.66,353.9
271.38,305.57
278.04,400.55
278.42,615.11
284.89,1168.6
284.34,117.76
285.23,582.54
287.16,994.45
291.19,1147.2
290.68,375.2
290.65,517.06
289.5,711.5
294.72,783.65
291,1073
293.19,61.062
298.1,1082.2
304.56,85.705
298.39,115.3
305.57,352.4
303.11,942.21
307.6,273.35
312.18,217.16
311.05,916.28
323.04,678.14
314.13,110.46
320.4,565.28
317.55,1164.5
323.67,1066.9
318.85,389.54
319.79,352.17
324.5,482.5
327.41,742.12
330.05,128.29
331.57,463.06
327.2,623.48
327,185
330.34,7.1489
334.43,204.57
329.5,267.5
331.5,985.22
334.45,440.02
335.18,355.12
343.01,268.48
340.08,864.32
343.62,537.19
345.87,788.89
350.7,1021.6
347.54,356.67
353.29,495.32
350.06,41.977
347.96,162.67
352.74,725.05
354.31,1157.8
351.17,258.83
355.32,1235.6
358.53,58.56
359.09,1097.1
361.42,546.89
365.8,179.67
372.38,470.28
367.99,1084.7
367.43,101.39
370.4,611.08
370.37,62.966
372.98,508.57
376.41,775.39
374.12,147.5
377.65,222.05
378.92,1168.6
378.85,1193.2
380.63,81.519
382,1069.2
386.47,637.8
390.41,862.2
388.82,885.12
391,231.5
391.53,1120.1
396.5,932
398.4,316.56
402.53,5.2829
406.31,803.61
406.67,148.22
410.97,571.01
405.5,1140
411.97,1026.5
416.48,1145.9
418.83,381.84
414,606.05
416.63,240.63
417.5,193
419.95,1235.1
425.17,1006.6
425.4,587.34
432.3,186.06
426.43,327.39
433.67,732.68
430.4,692.89
432.3,70.244
438.99,654.57
440.64,371.81
436.05,912.91
438.3,1210.9
441.38,891.52
442.09,39.548
444.21,803.05
452.06,773.91
486.32,940
465.5,1076.4
464.1,92.62
465.71,464.29
467.35,708.12
467.56,829.2
473.1,402.83
479.4,36.104
476.38,645.49
478.47,1220.2
478.87,625.7
478.64,767.42
478.68,224.21
483.48,356.55
482.2,1203.3
488.49,92.01
486.07,835.41
490.34,325.78
494.6,1003.7
491.5,680
493.81,901.68
500.05,969.92
500.81,699.22
501.13,560.9
507.37,128.64
509.34,459.37
505.87,873.67
513.24,315.52
506.14,364.86
510.14,957.14
514.6,1028.1
517.68,1052.1
518.04,223.36
515.77,1070.4
525.44,286.24
534.4,476.49
533.82,855.04
531.93,957.41
537.6,679.29
535.8,495.46
536.42,347.11
541.93,533.87
548.41,145.54
551.71,845.78
551.91,1120.8
551.83,997
553.55,205.27
559.57,663.87
562.37,25.319
562.57,451.76
558,578.68
564.05,711.06
565.35,943.89
576.23,1017.7
568.85,80.024
568.57,1181.1
583.12,775.08
592.01,841.77
589.34,531.71
591.42,946.42
588.8,706
590.76,1044.8
592.06,736.04
597.12,970.92
593.95,1233.4
598.48,455.66
598.86,52.143
602.72,902.79
605.64,1146.5
604.17,373.63
608.74,1126.1
606.42,342.11
619.09,646.75
619.22,667.63
618.56,426.08
623.29,920.66
628.34,898.96
629.43,1155.7
634.04,1121.7
632.2,700.56
640.29,532.51
641.47,472.91
644.4,500.55
647.31,720.47
648.24,753.27
654.09,56.237
644.2,144.56
659.11,695.48
661.04,1145.9
659.5,642.62
674.05,1190.7
672.35,1219.3
671.04,520.29
670.47,930.51
683.61,128.83
677,893.5
679.58,814.68
679.86,104.61
682.47,943.94
684.53,364.77
687.66,741.9
682.94,335.53
682.79,1139.5
687.91,571.31
687.72,323.74
689.89,956.42
697.87,18.232
698.66,799.54
697.53,936.35
700.52,999.36
698.82,914.95
699.1,291.06
700.07,485.25
701.31,876.17
702.38,547.62
709.69,213.66
707.85,323.91
716.72,683.12
707.95,1244.2
721.18,555.29
718.33,278.63
722.09,739.79
721.73,821.63
725.63,262.88
727.05,1009.9
726.87,575.26
727.18,763.92
729.5,799.5
737.95,787.92
736.41,607.26
739.94,144.78
742.06,395.53
742,994.33
749.07,412.99
745.09,549.09
748.01,698.84
750.83,670.88
754.5,958.52
751.9,1128.8
757.57,1181.5
755,161.85
761.52,1112.9
761.36,1234.3
766.42,668.88
770.51,930.1
774.18,59.798
771.5,288.5
776.94,1215.4
784.26,742.38
786.76,1126.6
783.14,457.86
787.73,569.74
791,810.81
789.86,966.14
795.32,784.54
797.33,748.52
795.5,610.5
804.22,640.31
816.13,438.02
801.91,1198.7
833.25,803.85
803.09,836.91
804.53,894.27
812.25,133.45
812.43,740.31
814.37,818.63
820.85,68.354
820.22,363.9
822.27,314.98
820.21,529.15
820.5,1192
823.11,501.05
826.89,467.76
826.25,1079.3
829.52,829.11
830.59,417.93
833.96,866.24
833.98,143.98
842.37,640.77
839.92,390.44
856.13,575.33
853.75,512.34
857.81,1019.8
857.14,762.59
859.52,374.83
860.79,699.76
867.31,824.96
861.88,409.8
862.08,964.54
861.42,916.11
863,64.174
865.85,306.1
871.67,346.83
864.43,1193.3
867.46,521.02
868.23,713.78
868.93,1063.7
874.55,189.47
871,1125.1
875.33,221.84
882,448.44
881.18,976.05
884.41,414.41
888.88,940.02
896.76,789.5
887.08,963.33
894.75,658.21
895.69,1126.6
895.57,218.96
895,865.34
896.8,1176.9
897.7,702.46
909.28,372.03
918.05,1056.2
919.64,718.93
915.91,912.68
906.05,406.93
908.37,837.63
912.19,1206.6
912.35,742.85
914.05,178.98
912.61,800.4
917.03,866.04
920.31,498.5
917.59,525.93
918.56,1112.7
919.07,238.83
918,1015.5
925.09,1189.4
932.08,343.54
934.43,803.29
940.31,241.07
940.82,1120.3
938.88,786.6
942.24,825.85
946.65,877
956.89,1231.9
951.58,343.62
953.3,508.75
948.89,783.56
957.35,845.75
952.68,177.02
953.54,739.68
952.59,1174.9
967.01,1086.8
959.17,808.6
968.1,69.703
967.52,1166.3
967.14,890.08
970.57,915.6
976.22,22.892
971.86,1060
983.32,410.78
985.34,43.661
990.99,58.676
989.63,365.76
989.95,921.89
990.26,314.13
996.87,842.61
995.52,1052.6
994,796.12
998.03,698.87
1001.2,1155.2
1002.2,606.33
1004.6,92.868
1009,530.41
1007.9,237.58
1014.2,172.1
1014.2,278.85
1015.1,901.69
1016.1,444.12
1017.2,958.98
1020.9,821.86
1025.2,343.4
1028.8,872.27
1030.3,6.7561
1033.4,145.32
1035.1,681.81
1035.7,915.06
1038.7,616.51
1043.6,1193.9
1046.1,34.014
1042.1,887.46
1048.3,1142
1048.5,650.43
1053.1,521.96
1049.9,875.09
1053.1,390.6
1058.5,699.61
1059.9,1016.7
1058.7,849.81
1063.2,227.3
1065,18.333
1068.2,38.864
1070.8,283.5
1082.5,537.32
1076.1,550.5
1081.9,416.71
1076.4,696.89
1077.7,1004.4
1084.5,770.34
1085.7,1148
1089,36.301
1097.7,590.12
1094.3,640.43
1097.8,695.7
1096.6,549.11
1108,1202.8
1105.6,345.34
1113.4,501.43
1107.6,642
1112.9,1187.9
1117.7,4.9583
1121.9,1160.6
1123.6,220.99
1124.2,1031.4
1126.1,1145.9
1129.3,1242.3
1135.5,192.4
1133.7,1066.4
1131.5,755.43
1136,270.79
1137,231.2
1136.7,527.26
1144,671.32
1142.3,338.21
1142.8,581.77
1147.6,50.764
1144.5,1007.6
1142.1,437.65
1147.8,756.96
1150.9,1211.2
1156,521.14
1157,1163.7
1157.2,864.05
1158.2,1115.3
1160.9,642.31
1165.5,767.14
1168.9,700.45
1164.7,902.83
1167.7,1174.5
1169.4,67.92
1166,637
1171.3,48.069
1169.6,457.11
1174.7,605.88
1176.9,1196
1184.5,688.7
1174.5,1165.5
1184.2,732.03
1182.5,33.538
1187.9,541
1187.3,922.69
1190.4,669.24
1201.6,498.85
1200.8,11.634
1199.9,719.77
1200.4,1220.4
1203.9,394.71
1206.3,367.28
1210.5,856.95
1212,912.12
1219.8,1016.3
1219.9,1036.6
1221.4,454.29
1225.6,963.33
1227.6,111.6
1225.2,1169.4
1226.6,683.88
1230.6,61.939
1234.8,637.11
1237.8,1088.9
1242.9,382.24
1244.4,715.16
1243,940.1
1241.4,853.39
1244.1,1245.6
1243.4,363.91
1245.7,449.64
1246.1,1131.5
1246.7,34.19
1247.1,312.37
