1.8,437.4
7.8214,778.06
5.0909,532.91
7.6852,356.39
7.5366,1084.6
12.774,825.94
16.084,650.14
12,811.38
15.886,1102.4
16.891,1124.1
14,478
18.525,791.57
17,129.5
20.538,893.96
29.5,1035.1
31.973,1191.9
33.346,629.29
33.083,17
32,466.5
33.926,707.59
40.192,414.38
40.122,936.24
40.439,243.56
42.313,1051.5
42.857,674.86
47.252,1121.5
45.421,623.11
48.103,485
50.096,1154.9
53.375,1000
56.81,736.14
58.306,1113.3
58.611,85.389
59.935,426.91
63.824,826.61
70.067,546.79
74.042,694.02
74.434,999.96
75.244,37.585
74.774,1094
79.394,850.48
78.848,1202.7
82.698,526.39
78.5,820
82.5,544.27
84.5,917.78
87.286,1111.8
91.253,818.08
89.087,1124.8
92.769,642.03
92.793,364.79
95.682,623.41
96.026,1142.8
99.211,770.98
101.42,897.41
99.579,329.89
110.22,602.07
106.95,656.98
108.08,251.87
111.74,926.78
112.65,463.5
114.14,943.86
114.58,1168.1
117.64,969.09
118,242.5
121.3,881.63
124.96,2.9298
133.52,421.12
133.5,219.91
137.69,861.43
135.38,270.8
138.1,736
143.5,843
144.11,1226.8
149,664.55
145,422.5
147.61,521.43
149.31,1017.1
151.82,109.05
156.58,198.63
156.54,1065.1
154.85,1175.4
159.38,1131.5
159,413.83
162.5,726
165.24,619.24
166.82,673.95
169.64,861.58
168.62,1085
171.09,1003.5
176.41,978.41
178.36,473.62
174.42,384.11
180.91,513.31
183.1,26.423
181.11,843.42
182.41,897.81
185.5,348.66
183.09,718.91
185.09,936.95
190.5,65
195.5,753.5
193.48,18.2
192,160
191.92,1148.9
197.31,600.33
203.23,213.76
204.64,950.84
198.06,788.91
203.42,102.2
209.73,821.22
209.15,1082.2
209.41,373.45
212.02,470.14
212,444.83
215.47,599.15
213.13,645.13
212.5,177
219.45,7.8311
226.66,868.38
241.27,525.1
237.5,373.14
241.46,619.43
242.93,1177.7
241.95,977.07
242.57,703.39
246.61,605.37
251.12,829.88
247.5,90.5
251.98,184.34
254.1,416.46
255.44,732.48
253.65,668.15
255.66,797.54
258.74,498.72
255.26,1013
262.01,933.3
263.31,981.22
260.54,821.11
267.18,191.97
267.45,839.29
267.41,882.93
267.08,1217.4
270.5,658.5
271.5,797
282.42,822.11
286.27,94.455
296.93,40.9
298.89,540.98
301.31,408.91
301.58,580.11
309.49,695.24
308.74,323.79
312,1245.7
312.62,1130.5
313.5,422
318.23,1037.2
318.62,87.836
316.53,961.07
319,613.5
324.5,1063.9
318.92,1154.1
323.39,749.64
320.5,942
325.92,1186.4
323.53,556.93
324.8,697.3
328.09,759.05
335.74,928.48
334.97,770.48
332.86,820.5
337.09,45.173
334.5,440.5
337,690.83
346.54,714.04
343.25,1046.3
349.37,667.34
347.57,985.19
350.06,1006.5
349.82,1119.3
350.56,1074.4
353.97,818.39
355.63,143.68
351.87,520.16
352.17,1020
359.08,1038.1
363.07,1141.6
367.5,1196.1
364.5,739
369.36,1211.1
374.53,1070.2
374.86,1241.5
382.07,152.6
382.78,590.66
378.5,1097
381.22,421.56
387.1,740.54
387.76,1059
387.94,1175.2
389.5,851
396.23,702.26
393.58,1180.9
397.66,140.47
401.99,1098.9
401.44,513.15
408.68,1009
402.25,455.06
400.4,665.04
403.84,924.62
403.76,223.79
403.75,984.25
403.71,1043.3
404.5,1181
406.94,600.09
406.4,1135.6
407.91,762.95
409.08,1060.5
414.65,449.81
413.15,336.46
420.1,319.88
419.44,219.02
424.19,717.05
428.84,1032.9
425.39,1090.1
429.45,10.098
432.1,116.78
431.43,833.5
431.48,1112.4
434.41,798
435.2,1021.1
442.33,669.98
442,1061.7
440.18,166.83
444.53,43.713
446.79,466.74
444.17,637.53
445.05,1188
446.8,109.42
449.82,903.4
450.88,1224.1
455,483.5
458.5,65.5
461.13,1094.3
466.12,641.63
465.64,573.92
464.92,1231.9
467.37,24.367
470.06,309.91
478.08,473.28
480.52,1089.1
475.74,119.02
479.76,933.68
476,1208
477.37,65.367
489.13,253.16
482.46,738.47
482.33,995.62
483.88,29
489.04,1037.1
490.11,148.58
497.96,975.02
498.94,95.397
500.15,627.97
500.5,277.78
503.35,577.1
504.55,69.818
501,105
510.85,199.92
504.49,548.35
506.69,764.61
508.5,1040.5
514.4,79.622
511.54,1100.2
513.07,806.59
515.48,248.2
519.07,674.84
517.09,1056
517.05,1089.7
522.13,565.97
519.5,1065
525.6,303.22
529.63,995.38
527.16,240.55
532.45,372.42
536.03,817.55
539.7,1167.7
546.42,1011.7
545.09,600.91
557.34,1090.2
550.81,967.14
553.98,49.045
554.57,695.92
559.52,69.871
570.3,422.53
562.79,175.88
562.14,961.5
567.06,945.64
567.28,1020.9
570.32,480.89
573.88,342.99
572.19,514.6
578.97,596.23
579,896.5
583.53,246.16
586.08,1003.4
589.36,375.4
594.79,737.83
599,1132.5
604.28,928.6
604.89,1046.7
602.92,85.083
606.5,536.81
607.2,267.64
614.23,1146.5
614.75,459.79
613.55,906.96
613.5,1030.5
616.11,178.5
614.5,563.5
616.04,537.46
622.19,853.07
624.68,928.14
621.5,1075
629.89,703.09
625,781
639.17,945.07
637.59,355
639.57,122.04
639.21,813.24
639.56,914.04
645.23,1135.6
646.78,167.82
644.93,1173.4
653.03,1042.3
653.58,298.89
657.76,489.8
661.27,99.308
658.42,524.58
666.47,812.18
662.55,217.58
666.46,1193.7
670.13,563.7
677.7,375.5
677.56,886.44
677.45,944.27
680,512.5
682.69,531.46
683.57,687.72
681,829
685.23,500.37
689.45,1037.5
687.65,39.5
691.43,722.03
696.93,196.59
706.42,570.64
703,1081
706.74,878.88
705.17,294.07
706.5,556.5
707.93,746.31
710.07,1247.2
713.87,321.37
716.63,1160.8
721.88,1193.6
723.54,1231.8
723.64,266.03
726.38,424.13
729.05,321.8
734.5,704.65
738.58,661.64
735.71,296.57
740.87,837.04
738.67,891.38
742.08,405.08
743.33,23
753.75,922.07
751.58,52.105
763.04,716.34
765.88,73.71
766.68,1106.7
767.8,92.386
772.87,985.48
772.35,1209.5
775.91,1051.5
776.39,596.61
779.17,804.1
775.5,50.5
775.64,1227.5
780.25,305.96
779.05,726.08
783.49,478.14
782.44,1217.4
785.11,620.63
790.98,98.7
789.2,709.72
789.17,1002.6
790.5,304.5
794.21,483.37
798.83,178.86
800.98,386.98
804.5,980
809.55,318.42
810.5,1226
812.69,421.09
811.93,1110.4
822.37,314.8
821.44,1234.3
822.84,247.07
820.77,458.36
825.57,381.51
825.53,279.43
824.18,396.58
828.07,812.41
831.17,944.69
833,701.4
834.71,757.88
832.5,770
837.03,459.69
835.56,391.93
840.97,671.85
842.1,307.47
843.43,1057.3
843.96,512.58
845.5,905.5
849,729
850.12,120.65
854.36,579.23
857.22,660.04
857.41,457.68
855.5,633.5
862.01,97.744
861.55,942.45
870.06,896.58
870.47,925.38
869.17,474.7
871.5,282
870.57,658.39
881.43,790.55
872.55,1156.5
884.56,544.76
873.83,180
882.6,1200.8
879.17,460.12
881.37,948.96
882.57,841.89
880.92,654.56
884.38,485.85
893.13,1129.8
897.09,931.04
899.3,821.2
900.5,785.5
904.58,213.99
906.84,398.4
910.06,711.72
913.81,886.68
917,964.28
918.23,631.37
920.55,150.23
922.91,392.6
920.4,691.4
925.34,106.83
927.09,342.92
922.67,1006.2
923.41,118.93
931.59,267.8
934.73,847.48
933.9,305
934.59,1079.9
941.06,70.778
941.28,1161.5
940.5,792.57
937.93,612.41
939,380.33
941.52,179.78
944.55,707.54
951.68,1099.2
950.15,427.9
958,1215
956.05,392.82
957.37,350.37
960.91,743.29
961.5,166
965.95,632.58
968.62,650.39
965.62,248.15
968.58,566.42
965.72,1068
969.08,1011
975.54,713.62
979.07,236.37
975.8,901.1
981.62,165.73
980,633.25
983.31,328.98
987.44,302.1
990.05,573.76
989.89,34.421
997.72,669.74
993.52,882.65
992.67,433
996,516.6
996.47,1213.6
996,159.5
999.98,181.88
996.42,901.89
1002.7,1124.1
998,765.5
1001.9,961
1002.3,220.54
1004.4,124.4
1005.5,170.14
1017.4,400.63
1016.3,555.94
1011.2,974.46
1021.5,759.54
1018.8,655.39
1019.6,190.68
1033.9,620.86
1022.3,1172
1030,465.86
1026.5,882.5
1028.8,556.88
1027.9,824
1033.7,327.48
1032,877.62
1033,892.67
1039.2,913
1047.2,604.5
1047.6,105.95
1047,173
1047,180.5
1055.4,83.008
1051.1,1149.4
1053,1240.7
1054.2,1134.5
1055.7,152.8
1057.8,1110.5
1055.3,1004.1
1058,607.5
1061.5,715
1065.3,461.16
1064.3,1228.1
1068.5,791.37
1066,225.5
1072.3,635.1
1069.4,33.6
1069.5,348
1070,230
1077.7,1235
1076.6,704.3
1077.1,519.63
1078.4,961.86
1082.8,288.91
1082.5,31
1083.7,266.93
1083.9,406.91
1085.4,645.05
1088.1,1197.3
1093.6,940.67
1094.2,560.96
1094.8,1138.9
1098.1,817.6
1094.3,872.33
1105.9,422.58
1100,1079.3
1103.9,66.564
1101.9,994.78
1100,1054
1103.3,2.36
1107.5,132.82
1109.6,480.11
1110,861.14
1110.9,1064
1110.9,195.92
1112.6,814.41
1116.3,682.22
1114,1112
1117.6,555
1116.8,659.45
1127.6,344.2
1131.5,883.28
1130.8,60.598
1131.8,850.86
1135.8,1153.4
1140.6,460.21
1139.8,723.12
1138,1239.8
1142.8,1018.4
1142,554.93
1150.6,640.59
1149.6,684.41
1153.8,231.73
1155,747.24
1153.9,440.35
1158.8,23.657
1160.9,1198.7
1167.1,843.97
1166.4,11.108
1165.5,1122.5
1166.9,106.09
1167.2,284.38
1168.5,1154
1174.7,622.5
1175,1118.9
1173.8,241.26
1181.8,862.06
1183.4,354.99
1181,933.5
1183.8,786.66
1183.3,1155
1193.2,487.86
1184,815.09
1187.7,1016.7
1189.4,235.89
1198.3,1096.9
1197.6,1121.4
1206.8,673.37
1211.7,466
1210.2,774.98
1214.5,326.3
1219.9,203.09
1221.3,751
1220.5,21.367
1223.3,409.73
1222.4,435.57
1224.9,798.13
1229.9,542.91
1239.6,182.88
1240.1,726.12
1240.5,1205.6
1241.4,615.14
1247.2,347.27
