5.1111,226.31
6.1935,276.84
7.9227,784.56
3.1818,1033.9
1.8571,1222.4
10.539,823.55
13.867,381.56
18.445,576.91
19.741,604.76
16.545,960.42
21.94,83.647
21,318.5
24.188,491.38
30.516,219.23
26,725.5
30.75,949.9
28.938,1218.9
30.926,367.59
30,484
32.5,469
37.429,826.14
44.769,1173.3
41.31,1118
47.295,166.11
46.538,459.42
52.717,674.9
50.926,699.41
51.35,508.4
54.133,7.1111
53.389,633.86
58.087,410.82
54.5,1137.5
58.667,78.822
61.607,494.5
65,1202.5
67.957,1181.1
71,416.5
74.61,403.5
76.458,1014
76.778,1088.8
83.174,263
82.579,744.11
84.087,345.52
84.579,86.105
90.447,311.88
86.346,1136.1
91.286,616.24
92.549,678.59
94.074,1062.6
96.884,38.233
95.5,1181.5
104.73,807.43
103.78,497.81
104.98,30.36
106.95,522.82
110.42,178.89
120.38,640.07
115.62,864.77
116.65,1245.7
120.98,31.773
119,683.5
120.72,1146.9
120.57,931.94
121.01,1164.5
120.42,663.89
125.34,182.98
121.15,268.4
123.7,379.8
127.01,1216.5
124.69,718.07
127.02,678.84
133.2,732.04
131.55,1157.4
134.11,511.98
132.94,690
133.55,986.64
133.15,1118.2
134.58,1180.4
134.31,347.9
135.07,204.59
141,246.5
142.22,338.57
144.66,1039.8
147.3,750.78
146.22,1064
146.25,956.5
146.09,1141.9
147.02,466.62
146.5,688.5
148.57,780.68
152.07,228.64
151.34,646.22
150,326.86
161.13,1233.5
156.31,129.4
158.53,1019.8
158.56,275.18
156.11,1186.8
158.15,1038.2
160.74,1164.9
160.16,666.61
163.45,1145.5
163.62,237.16
164.53,773.05
162,842
162.97,935.56
165.8,517.91
166.34,341.47
165.6,1209.4
168.1,1178.2
175.65,1038.5
180,1000.3
179.17,1179
183.07,239.31
185.81,1188.4
185.74,1213.5
186.16,816.67
187.37,132.11
188.9,172.04
193.12,1072.8
192.3,1145.6
194.81,443.52
192.47,1241.8
191.5,677.86
198,263
204.97,686.39
207.65,261.76
208.33,992.68
208.73,212.27
207.31,526.91
208.82,313.29
210.35,837.35
212.61,1142.6
216.23,1234.7
216.89,577.42
222,64.5
226.34,217.8
226.03,93.62
226.48,499.98
226.56,1021.6
223.58,1143.1
229,47
230.39,667.61
229.36,1035.7
235,114.22
234.46,1133.2
235.07,632.59
239.74,740.98
236.09,35.091
238.5,582.35
240.94,1152.7
243.37,1030.9
248.01,10.98
241.91,39.909
246.25,450.07
248.37,392.94
250.67,880.03
250.41,285.89
258.43,845.85
257.13,191.54
262.45,1020.1
264.8,1127.9
287.17,225.67
286.28,1010.8
289.87,49.051
293.73,78.449
292,859.65
300.52,525.27
292.91,906.09
294.46,475.08
295.9,1197.4
304.86,339.64
301.31,810.17
304.07,174.8
310.6,121.91
308.42,833.11
319,640.6
315.38,15.524
317.14,138.4
317,469
326.41,201.62
320,394
321.5,522.5
323.55,104.94
327.77,181.57
331.26,821.49
333.32,316.78
339.49,458
343.58,268.86
341.5,444.38
346,2.1429
349.33,1057.4
350.98,1158.9
355.29,205.96
353.23,1119.7
356.81,996.42
360.15,529.54
373.36,538.63
373.76,920.54
373.29,9.2903
376.65,446.38
378.91,755.91
381.07,90.407
382.8,148.11
383.71,305.57
385.53,866.24
388.25,394.11
397.83,500.22
396.77,334.61
393,443.18
396.67,991.34
397.58,666.55
400.06,114.03
407.73,588.07
403.36,944.2
403.36,829.91
409.5,427
409.07,476.31
415.15,837.63
414.07,739.25
415.58,520.45
416.17,83
424.9,702.14
427.91,233.11
431.36,269.49
427.08,1172
428.37,336.63
431.63,894.37
438.11,2.875
435.65,99.653
438.28,339.31
439.26,642.4
442.64,690.48
447.55,789.71
443.62,188.29
447.55,234.54
444.09,894.13
444,21
446.38,1159.6
451.69,285.17
451.12,513.65
455.69,718.83
459,121.5
463.01,488.74
464.63,156.82
467.92,308.4
471.82,53.825
474.54,475.34
478.98,452.53
479.88,139.31
480,294.93
484.2,884.97
488.68,983.58
485.53,442.72
510.63,313.29
488.52,61.152
489.04,471.71
488.91,543.09
495.14,339.16
493.96,500.82
501.54,12.545
499.85,762.35
513.84,445.16
503.64,1175.5
507.3,901.51
518.19,474.75
513.87,503.21
509.09,928.81
516.74,861.88
515.83,575.59
511.43,1210.6
513.59,379.96
515.03,799.75
515.95,357.47
515.11,134.42
518.86,44.607
519.94,90.435
516.12,730.56
517.03,292.9
522.18,150.94
524.12,1088.7
525.72,287.86
523.5,691
524.39,207.14
529.09,456.91
532.73,43.625
533,140
534.28,243.47
540.21,491.36
537.81,785.4
544.76,465.15
537.08,1239.8
536,295.5
537.5,169
537.15,709.54
544.28,1023.5
542.5,388.5
546,204.71
544.38,218.62
544.9,534.84
552.43,767.18
553.79,390.35
553.07,701.59
557.95,305.32
559.31,537.14
561.55,226.44
559.66,453.47
561.06,212.91
564.5,70.5
567.22,1161
567.67,129.59
570.87,294.39
569.74,1021.1
569.02,419.46
572.86,480.18
573.09,714.43
572.88,646.12
572.39,898.86
572.43,6.6087
577.56,114.48
584.22,52.2
579.46,990.41
583.94,276.96
587.9,458.94
586.9,347.13
584.13,853.16
586.57,552.61
587.23,627.77
589,37.442
589.89,218.63
591.9,978.62
596.1,194.69
597.38,870.58
599.78,733.38
604.11,455.37
604.64,121.12
601,629.5
606,828.5
610.1,222.67
608.57,741.62
610.09,873.6
613.06,635.97
611,658
617,259
618.36,937.96
620.36,77.3
624.4,699.92
624.05,171.14
625.25,377.55
626.15,606.27
624.15,1128.5
624.5,364
627.27,966.52
627.61,993.39
627.92,201.97
627.42,216.89
631,315.82
629.96,770.58
632.33,941
633.42,1183
637.57,789.42
639.55,415.15
639.14,38.143
638.91,346.91
641.65,271.59
641.5,1194.5
648.46,756.04
652.91,1058.6
649.93,261.41
653.41,894.8
651.11,743.42
653.5,1112.9
655.73,867.04
657.9,918.3
661.01,551.83
663.93,814.32
664.32,385.29
661,757.5
679.49,158.31
680.64,494.57
682.81,14.93
683.2,193.59
687.8,121.41
684.16,315.41
686.95,285.23
686.6,1162.1
689.07,213.53
691.53,891.89
694.02,966.7
690.93,1049.6
692.17,143
697.38,680.1
697.14,737.39
704.9,348.92
698.64,469.18
703.6,392.77
707.34,769.28
707.74,89.241
704.88,369
706.17,883.07
707.98,1166.4
708.45,685.67
710.66,443.96
710.12,57.146
709,157.68
710.96,101.57
715.04,1023.5
715.82,1241.7
725.41,1136.1
729,81.25
730.92,1161.8
732.65,415.59
733.5,979.38
736.64,1048.5
734.32,205.2
737.98,620.81
741.5,642
742.72,296.78
743.57,776.43
740,1180.5
749.64,281.07
753.24,560.7
748,1200
750.47,101.26
751.73,470.98
751,832
759.84,43.633
761.85,379.23
758.5,967
769.95,914.88
769.53,441.07
769.55,1102.4
770.37,895.58
769.67,257.62
772.44,578.75
778.38,833.43
779.44,998.49
780.3,811.72
782.5,240
784.5,556
789.06,224.7
795.27,73.609
790.91,866.09
794.72,324.52
797.5,435
798.53,599.84
802.02,421.78
805.06,1042.5
813.05,1243.7
812.26,1204.1
815.42,96.105
816.92,1090.6
818.42,127.58
821.5,755
822.95,831.47
833.43,1080.1
832.33,106.27
837.08,934.11
833.5,435
842.5,163.5
851.72,424.79
847.14,214.34
848.24,355.46
847.5,562
848.42,1238.4
851.79,830.76
854.28,24.519
859.49,188.3
865.5,516
866.38,925.22
868.29,72.958
875.77,1135.7
875.02,501.29
875.19,658.73
886.74,1039.8
880,384.4
880.66,621.6
888.55,1122.7
883.93,540.41
887.98,990.93
890.5,448.74
888.07,1229.6
896.12,695.36
900.18,337.66
899.91,466.09
903.16,1242.4
904.19,1166.7
907.41,8.4138
909.11,44.938
910.27,1138
914.29,193.46
917.5,712.5
923.56,462.44
923.13,591.87
925.5,31.85
926.91,603.09
931.81,77.768
931.21,925.42
932.96,989.31
930.88,587.96
934.44,281.8
937.12,161.5
942.25,31.5
939.5,669
941.44,943.25
945.02,1002.3
951.1,131.98
953.73,680.11
956.6,228.63
963.46,359.34
965.65,1009.9
966.67,146.47
968.11,986.14
968.2,397.39
972.1,955.39
972,969.81
979.92,172.26
971,1232.5
973.23,887.23
977.07,281.59
985.7,365.24
989.22,114.51
990.18,58.289
989.26,1219
997.31,339.71
998.14,204.81
998.45,500.41
1001.5,104
1009.7,871.6
1011.7,509.37
1024.1,154.32
1016.3,1217.1
1014.6,557.43
1019.2,376.1
1020.5,417.5
1021.6,599.48
1024.4,37.293
1029.3,1119.1
1034.3,431.3
1029.9,813.16
1035.9,871.12
1032.4,909.94
1038.2,111.61
1038.5,263.22
1038.9,56.116
1041.5,778.06
1049.2,132.57
1047.2,312.56
1055.8,44.623
1054.8,204.84
1058.6,877.07
1060.7,556.86
1062.2,101.91
1066.5,757.14
1065.4,945.18
1066.6,1219.3
1067.9,41.302
1073.5,430.68
1069,705
1070.1,1162.9
1073,906.62
1073.1,1130.1
1076,150.52
1077,284.5
1079.9,533.96
1081,173.94
1089.1,219.8
1083.4,1081.5
1088.1,621.46
1092.7,845.71
1089.7,118
1087.5,24.216
1087.8,193.74
1091.8,1044.1
1092.3,682.12
1092,694.41
1095,59.636
1097.6,86.115
1095.3,669.33
1096.5,831.14
1105.2,181.49
1099.4,227.46
1102.4,269.34
1101.3,485.22
1103.2,724.04
1104.6,821.89
1107.2,544.54
1107.1,776.87
1108.3,521.51
1112.1,972.35
1115.9,391.24
1115.8,699
1115.3,932.43
1116,565.38
1125.3,239.15
1121.9,407.41
1129.4,179.6
1128.6,525.39
1128.5,1012.5
1133.1,315.3
1132.7,844.41
1138.3,653.98
1137,1050
1139.5,327.9
1142,1196.5
1142.7,978.21
1142,13.857
1144.6,394.52
1142.6,500.16
1144.7,1216.8
1144.2,202.96
1148.1,336.09
1149.4,514.95
1151.8,1001.1
1153.2,747.55
1155.2,138.39
1155.6,535.71
1157,881.84
1159.1,344.54
1167.5,9.453
1164.1,202.13
1166.4,859.05
1171.1,1092.4
1166.8,65.444
1170.1,124.41
1167.4,958.4
1170.4,1061.8
1172.6,635.5
1171,922
1175.3,475.17
1183.6,310.88
1184.8,1157.8
1181.5,53.081
1182.5,1001.5
1189.4,104.85
1187.2,501.77
1185.6,1009.1
1191.6,755.18
1189.1,894.91
1193.1,215.66
1190.9,1073.9
1196.1,388.42
1200,819.36
1193.9,448.44
1196.2,485.9
1201.5,82.602
1199.5,767.6
1199.5,151.5
1204.2,56.897
1204.9,471.98
1204.7,1000.1
1206.6,177.3
1207.8,915.11
1208.7,158.99
1207.2,260
1212.6,127.76
1209.2,30.667
1215.5,576.37
1215.1,81.927
1216.1,806
1217.5,42.235
1216.5,1214.9
1216.9,1224.9
1221,449.12
1224.1,869.49
1228.5,6.1824
1229.8,1059.2
1228.4,559.89
1232.4,38.462
1232.6,767.06
1232.5,1136.4
1235.2,97.191
1233.6,865.4
1234.6,1026.9
1237.3,69.662
1235.6,393.63
1235.4,797.94
1245.8,707.15
1246.8,10
1247.1,397.13
