28.183,545.74
6.8527,616.01
4.1064,846.98
2.6023,964.28
16.758,682.14
16.582,798.77
12.944,1237.5
44.583,505.22
19.898,578.38
21.654,768.88
26.56,1223.8
33.968,464.44
32.893,729.21
31.73,815.08
32.017,656.74
42.927,595.83
34.72,640.1
32.917,758.08
36.206,793.82
39.533,776.2
51.436,1112.8
45.859,1059.9
62.996,810.37
53.962,142.37
47.538,451.66
57.111,723.66
47.873,635.49
64.633,192.23
54.755,389.18
53,675.5
62.221,416.54
65.849,649.98
58.421,362.11
67.699,552.01
59.941,1217.6
61.125,171.5
61.636,435.16
72.026,316.94
75.922,597.25
86.286,363.12
66.633,680.63
69.573,873.72
81.905,455.5
77.514,770.03
77.992,250.25
71.429,126.32
81.143,685.44
77.444,974.71
96.047,1132.8
87.5,171.09
86.49,629.24
85.421,392.11
85.5,401
88.016,549.42
88,405
91.284,1054
95.105,229.52
104.12,62.9
95.463,984.46
105.41,773.66
97.892,712.05
97,928.5
117.17,548.65
103.68,751.82
104.5,213.61
106.15,616.63
113.66,986.8
106.5,377.5
113.01,1072.8
124.67,668.75
119.6,130.98
112.19,246.67
125.5,407.4
123.57,1037.5
113.74,1128.9
114.75,479.61
114,173
123.79,913.2
130.42,30.894
127.84,822.61
126.22,355.11
130.13,946.4
131.74,323.96
139.42,586.78
130,961.27
133.42,310.14
136.13,504.96
137.77,773.64
137.07,99.9
143.32,329.71
150.17,1223.9
140,84.045
141.35,268.94
143.24,427.48
141.22,914.44
145.3,312.89
147.88,361
153.47,472
157.23,279.02
160.63,63.907
160.25,538.61
150.25,727.81
156.71,237.62
192.46,369.39
157.22,563.78
158.72,757.94
163.3,7.9347
162.19,810.69
165.2,121.12
164.84,789.56
175.01,847.57
169.83,717.43
171.7,329.08
175.29,953.47
173.06,890.3
173.73,197.25
187.32,1164.2
181.42,672.59
188.35,11.989
186.4,160.78
184.81,804.57
179.05,867.84
187.49,73.789
185.05,754.92
214.46,678.77
191.64,726.64
212.38,546.85
195.89,1026.7
205.33,286.84
197.5,1200.5
201.84,739.97
205.52,463.04
203.87,630.84
208.29,832.93
219.11,250.52
221.65,574.58
215.4,1217.7
215.87,494.24
224.81,604.46
227.89,821.59
222.71,1244.3
226.68,373.11
238.5,524.47
232,842.5
234.39,172.89
235.55,1030.6
248.46,269.25
250.6,454.12
243,649.67
248.03,134.05
261.56,594.36
244.6,548.4
244.91,789.5
245.43,779.57
257.25,1017.9
258.4,392.19
253.37,51.286
252.08,233.5
255.5,110.84
258.59,632.79
271.11,669.08
262.64,1123.1
265.85,376.92
261.5,159
267.62,837.47
264.28,1193.3
265,1145.7
267.35,112.94
272.43,235.61
273.58,573.35
276.81,271.94
290.1,304.5
287.61,1081.8
288.02,587.87
347.63,921.3
294.91,274.14
290.23,968.6
295.13,1199.3
303.31,1144.4
304.66,968.45
301.65,328.24
308.67,240.64
308.42,582.14
314.62,774.09
309.78,693.23
311,361
318.07,667.7
330.21,1064.8
313,609.5
314.04,116.4
314.5,867.5
319.57,170.97
320.66,1089.6
321.29,148.15
324.36,1042.8
322.6,286.26
338.93,559.31
327.56,846.47
324.42,348.11
331.69,665.27
329.91,923.52
343.05,174.31
332.98,708.43
344.67,615.66
335.33,723.52
334,1080
347.04,135.38
347.53,1146.5
349.31,694.9
347.5,1028
355.34,1207.7
350.97,590.37
384.81,602.32
368.45,1012.6
364.77,546.84
362.5,576
372.31,93.01
368.06,682.94
368.08,983.08
378.02,1106.9
388.68,499.87
388.02,452.92
391.14,1071.1
387.83,535.67
390,543
392.5,1033.4
400.57,1145.3
397,647.08
396.07,937.69
397.09,863.05
406.17,963.82
413.18,332.71
416.68,417.51
409.45,732.48
416.39,462.71
409.5,394.5
413.44,1022.7
419.61,661.61
443.86,996.73
412.7,874.15
421.76,503.23
423.75,1131.6
420.13,911.17
433.03,574.75
444.86,941.74
426.35,525.43
428.76,1030.4
464.17,717.58
429.98,1243.7
434.84,290.28
430.44,1168.8
444.94,420.16
454.34,622.06
443.42,204.59
445.11,238.54
443.07,552.67
441.9,1121.5
441.81,652.62
445.66,640.95
449.07,974.21
448.07,591.04
459.45,1037.1
451,164
453.56,743.8
467.53,850.01
456.75,562
474.8,1171
465.82,83.094
462.02,121.66
462.38,499.07
477.31,888.02
470.83,1239.6
470.89,389.58
580.51,667.34
471.89,140.63
472.45,297.52
478.36,664.03
477.24,1200.5
488.07,267.57
489.62,334.2
479.66,421.43
483.19,635.93
483.5,79.886
487.7,679.51
490.1,109.67
489.62,1021.1
488.29,1121.6
491.15,1245.4
493.62,693.88
505.65,1211.2
494.45,239.03
498.31,84.778
497.43,364.92
552.57,1046.7
502.59,571.66
507.04,206.28
518.94,767.15
502,566.5
507.43,1165.9
506,476.25
522.06,696.91
519.01,135.66
530.1,559.22
517.15,721.43
523.3,179.39
527.01,1094.8
550.5,762.31
528.41,1005.6
525.4,290.23
534.41,370.88
530.16,8.4232
530.14,611.81
531.59,50.074
533.67,317.79
531.07,1245.7
535,1114.2
541.35,272.19
542.09,990.53
534.5,966
540.63,1082.2
545.64,90.788
546.24,158.08
545.29,1234.4
556.01,46.777
563.21,350.48
546.06,955.26
547.4,229.53
556.33,210.99
557.85,306.3
598.38,951.35
566.91,435.01
578.51,809.17
558.29,1145.7
561.55,1232.4
591.44,574.16
567.05,239.48
564.6,391.4
581.89,382.32
579.57,292.69
571.87,722.87
576.57,1010.2
585.39,1204.5
580,796
586.43,653.06
599.45,772.94
616.11,1173.4
586.43,639.61
592.89,521.14
591.87,3.8462
594.36,309.38
593.6,996.21
599.71,39.429
600.25,392.25
606.51,1242
608.24,11.117
609.33,798.41
608.13,1030.1
612.02,525.07
612.35,56.096
615.7,834.65
621.44,889.16
617.28,1048.1
634.3,419.45
618.93,543.41
619,743.62
624.26,626.31
623.23,1030.8
636.2,811.65
626.5,1116.5
631.57,1137.8
630.67,1029.8
633.23,549.23
635.13,1118.6
645.86,333.94
638.79,905.31
640.33,1217.6
642.8,732.32
639.64,748.32
646.87,545.44
644.15,763.59
664.2,306.5
647.43,459.57
653.5,461.5
663.38,599.38
671.28,940.37
660.63,1031.2
668.25,557.35
662.27,757.79
660.92,1085.6
661.43,1197
670.39,910.15
665.07,847.44
685.62,1104.8
693.38,334.25
670.18,1229.6
674.79,975.44
671.14,1206.1
676.09,1214.9
685.58,515.7
684.72,298.75
700.23,1179.2
683.07,271.72
678,898
681.71,1231.9
724.29,1045
698.03,559.42
688.2,535.32
689.62,853.36
694.5,1244.1
693,682
694.5,708
703.67,805.69
708.8,992.93
698.6,827.74
701.29,1144.6
707.71,1121.1
719.69,56.839
707.51,848.18
719.95,106.51
716.91,423.91
730.28,1236.9
731.16,872.67
720.6,115.6
722,806
724.9,1204
738.54,342.93
734.73,468.22
754.63,795.35
734.95,1129
734.08,897.76
731.83,1209.3
743.25,139.43
739.04,1103.2
761.04,500.7
757.54,426.5
757.09,638.82
752.6,467.6
767.82,24.099
759.1,214.96
757.35,724.39
759.91,687.95
763.55,1051.5
787.21,145.24
763.58,722.11
768.78,679.58
768.3,285.73
774.35,1098.4
775.07,863.65
793.99,942.39
773.4,333.6
784.77,100.22
778.72,391.45
793.01,413.85
778.5,1029.3
783.24,1065.1
778.54,834.97
782.75,721.89
787.52,298.16
817.08,330.62
798.35,243
792.61,850.04
793.02,771.62
822.12,800.74
805.09,722.53
798.35,828.26
798.66,320.23
817.76,189.16
810.16,270.1
810.46,160.64
807.6,894.4
810.4,396.31
809.62,841.62
809.5,987.36
831.87,1065.4
820.02,899.4
814.75,363.15
824.15,997.54
825.99,864.78
826.8,967.23
845.03,911.15
841.94,742.94
846.18,715.31
844.12,868.59
906.24,248.59
869.53,837.7
858.32,960.79
861.31,98.871
863.84,875.29
865.03,405.47
861.19,48.833
863.21,922.64
875.91,738.1
879.04,71.944
866.5,1002.5
867.26,9.1398
890.55,303.31
899.04,987.77
880.5,292
887.83,773
887.94,894.31
890.88,940.01
894.26,407.65
896.77,270.08
896.05,713.91
903.29,751.65
910.75,861.53
896.2,959.64
899.5,44
902.6,371.8
903.77,691.8
913.39,210.7
903.27,88.398
912.63,42.476
913.23,17.797
919.74,929.76
912.55,357.32
929.09,78.494
916.2,1017.1
923.9,1196
927.35,813.28
945.1,41.886
927.71,2.2647
950.46,734.07
925.63,847.73
939.71,322.47
929,690.87
943.17,850.03
931.5,914
932,908.5
943.41,961.62
945.94,198.76
942.61,436.72
950.94,417.01
947.71,755.56
954.72,542.17
960.74,782.3
953.07,1218.8
955.45,1009.4
954.83,306.58
960.04,820.05
967.7,905.49
964.89,708.22
966.78,685.73
961.34,106.52
976.81,519.19
1002.3,281.84
971,69.658
977.62,393.33
981.21,968.37
982.62,1193.5
977.52,101.03
1001.1,721.59
1019.8,104.85
992.37,1041.7
1006.8,467.59
1012.1,1227.5
1002.9,898.64
1005.9,935.17
1006.5,1038.5
1038,867.32
1016.1,785.21
1010.5,888.5
1016.8,994.16
1054.1,989.59
1021,748.7
1034.5,89.42
1035.7,335.97
1030.5,787.5
1031.8,463.44
1031.9,649.64
1035,719.24
1094.8,767.29
1037.5,934.09
1043.6,1200.8
1038.4,456.4
1054,907.76
1056,1062.1
1049.2,1228.4
1061.4,317.23
1068,640.27
1072,1181.9
1081.2,815.2
1069.7,580.52
1092.9,1066.9
1087.2,184.19
1092.6,1099.7
1089.6,796.5
1094.9,1209.5
1108.9,186.41
1097.6,896.37
1101.8,929.21
1102.1,969.86
1108.4,746.43
1116.5,807.71
1114.1,1177.1
1120.3,3.9055
1132.4,1143.6
1121.3,997.33
1125.1,832.54
1127.2,864.38
1135.5,926.65
1129.2,1092
1135,160.17
1143.5,1048
1158,1209.3
1150,850.82
1150,1126.9
1163,323.36
1166.6,365.04
1164.9,887.76
1169.1,1107.5
1179,82.157
1175,1171.6
1185,361.38
1203.2,805.79
1188.9,1212.2
1194.5,600.1
1196.7,514.16
1192.4,29.301
1199.9,933.06
1217.5,1192.7
1201,1244.1
1198.1,1094
1220.9,715.39
1193.5,831
1195.9,8.025
1196.2,756.8
1205,1132.8
1206.2,755.69
1212.7,1106
1230.9,585.87
1225.5,1079.1
1217.3,10.3
1221,655.88
1232.8,949.23
1234.5,853.45
1222.1,781.09
1221.8,978.81
1223.9,286.5
1234.1,1129.5
1238.1,25.964
1230.1,251.51
1234.9,805.53
1241,363.65
1236.2,631.75
1241.7,896.66
1242.7,111.46
1239.1,198.49
1243.4,648.38
1243.4,549.28
1245.6,178.83
1246.4,929.71
1246.9,477.68
1247,1001
