1.7368,635.58
5.7097,1089.7
12.605,521.95
13.854,126.42
14,282
16.782,1045.5
17.921,1216.1
19.663,224
20.789,802.25
21.758,935.13
23.707,420.54
26.801,141.2
33.214,123.67
32.422,728.49
34.746,1012.8
39,525
42.569,6.6724
42.931,541.41
43.091,770.91
50.836,622.05
53,57
57.947,305.2
56.7,51.3
60.343,291.41
63.351,70.856
70.556,119.54
65.729,846.71
68.785,1078.7
73.517,1166
77.732,722.18
83.133,903.61
86.826,670
89.5,770.5
91.926,890.59
96,349.5
98.063,873.97
101.45,742.46
101.11,235.58
103,295
109.54,1056
114.86,382.42
120.11,207.46
123.9,790.23
123.56,174.92
124.53,232.56
126.42,288.42
129,1172.8
135.58,857.55
136.71,191.45
139.37,986.8
148.2,16.463
146.91,222.09
154.67,1227.2
150.6,379.88
154.05,610.42
153,1136
160.91,46.329
161,783.5
165,1150
167.5,53.5
175.18,106.14
176.83,779.7
185.84,276.63
189.52,207.05
190.87,1190.8
190.09,676.4
191.46,1150.9
198.21,338.39
196.27,394.68
201.5,323
215.34,475.93
206.37,1120.9
215.01,767.29
214.9,41.95
219.75,298.79
218.72,661.58
219.47,179.11
220.16,11.941
224,1127.9
225.89,1208
237.05,711.56
240.33,1133.5
246.3,954.63
246.72,1034.4
250.33,106.07
250.38,1091.8
254,796.5
260.07,297.37
271.61,26.357
264.23,691.54
269.58,141.68
278.93,360.37
280.04,1018
278.23,144.77
289.68,502.87
284.04,685.81
289.69,68.735
291.71,527.15
293.34,290.08
292.59,432.41
292.94,173.91
297.07,189.41
304.67,6.5705
302.07,106.41
318.36,606.22
314.81,1012.2
320.71,319.29
320.5,735.89
325.93,994.04
327.57,649.43
326.67,298.44
326.09,807.95
330.35,181.41
331.07,961.8
333.59,827.8
335.61,160.43
339,1119.5
345.49,81.341
342.84,1224.4
350.73,520.85
354.29,205.41
362.02,1014.5
360.16,767.65
362.42,1234.6
372.09,1091.2
373.95,407.83
375,524
376.78,1173.9
386.8,832.85
401.17,282.49
405.83,910.28
405.37,1130.4
408.07,378.38
409.17,768.53
416.11,1195.7
416.74,579.53
434.66,1010.4
439,672.48
439.5,2.2308
440,1066.3
444.33,1149.4
449.59,1031.6
449.37,488.97
453.17,822
455.6,1100.4
457.15,517.81
459.79,582.3
464.04,1203.3
467.54,679.88
465,348.5
469.09,1226.2
481.41,612.47
488.47,810.26
486.77,893.79
496.88,1159.2
495.41,435.42
492.56,1144.1
497,1012.5
501.37,768.75
498.86,945.5
499.85,811.65
501,270
513.19,482.17
513.22,116.83
510.58,346.11
514.09,953.87
514.39,977.61
518.77,649.47
529.31,964.52
532.66,529.85
535.46,1182.5
538.4,286.11
544.23,815.93
546.14,962
555.72,142.87
558.5,412
561.58,649.03
557.04,821.48
565.19,518.16
570.56,322.08
570.61,885.14
577.26,1136.2
575.4,792.12
574.4,521.4
580.18,1088.9
581.77,431.75
584.22,548.87
587.07,326.41
592.11,257.18
591.93,467.72
592.58,142.89
600.56,313.49
598,1142.7
601.68,633.39
611.2,190.48
611.7,1035.3
616.54,338.72
616.9,785.05
620.71,16.068
632.43,976.71
640.11,881.36
637,189.28
636.83,178.93
638.09,725.39
648.01,449.25
642.85,1079.5
646.17,1069.4
651.73,1100
651.44,75.051
664.62,1151.6
665.24,113.51
663.8,799.48
665.5,56
670.08,683.11
668.87,871.87
676.05,478.18
673.21,1023.2
677.75,443.83
679.32,865.44
681.49,704.27
687.57,1193.9
688.91,468.91
693.58,21.323
698.63,391.37
700,744
705.29,265.5
708.11,1012.9
705.54,1229.9
712.07,297.83
712.03,844.12
712.77,763.37
719.01,984.15
719.13,147.68
715.5,512
718.5,351.5
723.15,482.82
721.67,605.69
722.25,551
725.6,1166.4
730.46,508.91
737.6,477.69
737.93,1118.2
738.6,545.48
738.69,991.06
744.2,496.26
753.21,1184.5
745.67,63.321
746.51,206.33
749.46,187.97
747.6,154.6
763.9,51.812
764.75,1066.2
767.08,432.22
768.85,643.52
766.86,947.39
770.34,1122.9
769.5,1206
773.77,406.85
774.59,423.07
784.95,863.68
778.57,923.57
785.93,908.07
787,773
787.89,10.421
799.33,818.53
804.76,1058.2
807,905.55
812,1031.8
816.5,994.5
819.86,979.21
822.12,612.95
822.79,683.3
826.61,548.13
828.16,11.097
837.99,794.34
843.37,885.21
843.68,662.67
846.62,190.97
846.87,638.89
848.48,1239.6
853.05,511.07
861.81,110.79
859.39,55.139
862.93,359.41
864.28,926.6
865.61,608.81
864.44,1033.1
870.06,739.34
875.48,827.47
878.44,890.92
879.94,1173.5
880,264.5
883.17,320.33
885.52,379.96
889.28,524.23
885.49,449.61
888.87,657.58
889.61,1045.1
891.58,774.5
896.47,245.46
900.19,268.91
900.64,1078.9
901.24,950.99
901.46,992.44
916.03,1233.8
907.53,545.9
907.89,41.386
909.33,55.317
911.87,70.631
908.09,400.09
908.58,879.11
918,30.174
919.87,241.5
924.31,99.939
923.98,647.68
923.91,873.91
926.11,427.63
926.88,182.62
936.9,150.03
938.14,1073.4
937,1210
937.5,477
941.47,110.3
947.69,228.53
946.62,933.62
950.41,539.53
958.44,728.91
957.92,504.08
968.5,178.76
966.03,224.71
970.2,347.99
968.55,651
968.5,711
979.74,251.14
985.52,144.22
987.41,1025.1
988.63,1174.9
988.42,505.55
992.05,278.62
994.58,872.91
996.56,570
1000,420.45
1002.4,196.93
1000.7,173.94
1007.4,316.12
1005.3,293.96
1007,452.38
1008,2.5714
1007.1,154.61
1009.3,606.05
1017.2,634.78
1014.4,413.26
1022.9,192.09
1021.9,848.1
1035.1,616.65
1036.3,839.91
1039.4,722.49
1043.1,428.3
1045.5,370.03
1047.6,619.22
1048.1,929.88
1059,1194
1063,566
1068.7,166.44
1070,212.36
1071,190.36
1073,1033.1
1078,406.4
1079,884.59
1078.1,936.14
1079.7,458.71
1078,715
1080.5,1206.4
1090.2,546.29
1095.8,165.62
1099.3,773.1
1098.1,829.65
1102.3,479
1102.5,690
1109,642.99
1108.8,840.45
1119.7,584.45
1120.3,233.12
1122.4,653.4
1126,795.65
1130.6,883.92
1135.1,1211.8
1137.5,60.525
1136.9,1103.6
1140.8,517.86
1142,531.36
1143,1009.8
1150.1,1125.2
1150.6,292.08
1155,600.31
1156.4,245.47
1163.6,685.68
1162.3,653.62
1165.5,984.48
1166.1,1174.5
1171.6,271.62
1183.4,1243.7
1184.2,410.2
1183.6,235.5
1185.1,354.95
1183.6,1209.1
1200.8,1244.2
1199.8,108.75
1202.5,543.58
1199,1232.2
1201.4,586.08
1199.4,299.89
1201.7,800
1201.9,90.407
1204.4,291.08
1208.8,1185.6
1209.7,1005.9
1213.4,1233.3
1223,1047
1224.9,861.09
1224.1,873.68
1228.9,558.38
1230.8,900.05
1231.1,368
1239.8,1173
1241.2,1072.1
1242.7,263.71
1241.8,488.54
1246.1,122.1
1246.8,392.61
1247.1,235
