1.8571,965.62
8.2424,158.32
10.593,1246.7
15.91,778.01
26.252,277.67
18.389,664.14
22.267,836.36
24,931.86
41.5,166
45.219,235.5
54.06,205.19
52.58,40.962
54.154,277.79
51.014,531.58
52.087,413.05
52.615,1109.3
54.5,1062.5
55.854,801.27
65.847,1192.9
56.6,300.6
64.986,97.188
66.062,886.57
68.244,610.43
67.068,1230
73.675,556.6
72.708,416
82.143,123.07
85.892,272.18
78.5,821
86.326,762.14
92.694,10.806
92.5,346.86
96.846,1010.5
98.5,254.38
100.42,237.45
102.08,267.22
103.12,491.36
105.85,631.86
113.91,7.5786
122.45,259.85
112.88,235.38
119.5,816.5
136.51,233.49
132.4,979.7
136.83,630
141.43,325.94
142.19,1162.3
142.91,789.91
143.57,984.57
150.1,388.45
153.83,811
157.16,1009.2
158.73,159.95
158.95,14.341
160.06,220.75
161.18,447.73
162.96,241.56
168.55,1052.3
172.5,177
173.07,8.8382
171.58,674.11
173.43,1192.4
176.35,582.5
183.13,490.81
184.96,550.67
180.5,664.5
186.38,363.31
192.61,384.4
200,590.82
198.82,1149
199.15,457.35
201.27,688
205.89,430.81
219.47,190.39
211.1,762.38
213.23,33.587
217.13,239.55
225.41,4.75
224,89
230.51,568.83
228.62,698.78
238.87,344.67
241.22,683.38
246.45,619.97
252.71,266.56
255.57,593.05
265,95
268.43,645.1
267.5,1192.5
272,442.5
276.97,142.77
275.42,610.11
279.57,1071.6
281.06,547.82
282.54,1206.2
287.36,336.85
293.5,353.5
296.14,791.14
296.27,1177.5
298.44,916.97
300.03,149.44
302.67,393.76
310.53,26.328
308.58,121.11
312.45,696.44
316.61,143.59
316.95,605.46
318.06,624.63
316,312.5
318.35,305.44
333.53,181.02
340.96,146.93
342.72,547.37
342.16,1043.9
359.63,126.7
367.58,968.89
373.16,529
374.79,811.34
373.95,487.93
377.86,280.73
379.63,970.85
382.27,401.07
385.57,647.68
392.83,744.31
393.64,838.95
412.75,1176.3
413.05,887.53
420.62,1041.3
425.56,395.33
427.59,838.18
427.69,499
431.41,651.29
434.94,463.4
438.44,632.11
440.75,1113.2
441.39,719.98
444.13,497.63
445.07,116.59
449.07,199.26
449.28,972.43
452.5,272
450.5,598
462.12,1216.3
466.4,1086.3
465.46,453.94
464.17,729
466.87,868.3
464.86,608.5
467.93,501.96
473.46,334.35
472.92,469.75
472,299.5
476.81,988.23
478.68,653.83
479.5,1071.5
481.27,1042.1
487.49,419.64
487.19,278.6
491.15,898.35
493.5,96
494.17,794
498.58,186.55
503.05,1067.3
507.11,782.83
514.02,394.12
511.54,548.09
512.58,1160.5
518,54
517,625
518.37,377.47
518.91,656.91
521.71,492.29
524.45,349.45
524.59,781.07
530.46,534.58
530,60.5
537.32,887.06
549,483.17
556.58,1089.1
564.85,804.16
563.5,295
564.61,39.389
568.22,1167.1
571,792.5
574.19,509.14
580.02,996.08
581.07,796.07
584.84,438.49
593.75,160.32
592.5,1092.2
592.37,427.48
591.42,1230.9
595,551.32
597.97,92.433
597.74,524.35
599.09,649.09
603.35,704.17
600.05,725.91
605.5,158.5
610.31,505.52
609.83,572.57
609.42,861.89
612.06,360.94
617.14,313.11
622.07,1063.1
633.63,921.57
640.11,527.49
638.06,908.53
645.86,433.07
652.44,147.55
653.73,958.95
654.14,998.37
655.67,638.45
658.64,331.12
663.89,719
667.6,834.31
666.44,1080.1
673.03,361.54
674.5,1142
682.3,37.642
675.77,709.73
676.63,744.46
684.15,771.49
682,891
686.32,1181.4
690.29,114.1
690.89,860.22
689.58,1201.9
701.88,870
704.36,815.32
704.11,983.7
712.74,1048.3
715.1,752.31
721.55,300.96
725.04,115.87
722.07,465.59
727.18,484.67
735.34,778.41
735.14,754.5
739.55,398.5
742.17,713.21
745.17,129.98
744.04,663.55
746.77,452.45
749.9,543.54
746.5,4.5
768.04,1229.6
767.96,760.43
771.8,451.09
770.94,842.91
775.11,1151.1
779,873.5
777.17,12
779.45,295.68
783.64,747.44
786.32,600.52
789.79,774.74
786.91,929.13
793.6,730.59
803.01,1081.5
801.12,991.27
804.84,701.26
803.12,901.88
802.78,1022.6
806.14,764.86
806.63,450.22
807.88,1120.6
806.58,1012.4
807.46,845.8
808.86,817.02
810.22,545.5
812.95,1207.3
812.09,205.91
817.5,217.5
820.4,1239.1
822.39,1000.5
822.58,308.89
824,749
825.45,1171.6
825.9,1196.6
832.09,909.89
832.52,478.56
832.81,777.76
836.07,259.78
837.29,452.45
839.2,1227.4
838.5,7
843.67,56.8
844.18,1208.6
843.2,182.56
844.65,1019.5
846.05,1048.1
847.4,1003.6
850.62,115.62
850.5,921.5
856.42,818.56
865.85,987.13
869.8,1083.3
879.17,945.66
877.76,156.74
879.32,1140.8
891.02,1009.1
888.13,880.07
894.77,527.55
889.42,846.89
894.48,824.02
892.09,919.91
894,797.5
902.06,249.86
903.13,775.46
904.66,170.55
905.04,842.65
907.8,64.519
907.57,82.172
906.21,732.13
907.55,361.23
906.42,681.55
908.19,945.81
911.5,502.29
914.3,697.77
915.57,429.33
917.91,157.52
919.16,783.45
920.58,900.11
927.17,122.08
925.23,1078.7
933.76,965.15
937.06,42.058
950.82,588.4
944.83,1161.1
946.17,141
952.44,794.55
958.44,361.21
954.83,1143
956.41,643.07
959.71,177.61
962.81,230.76
966.83,19.244
966.24,761.42
965.26,55.681
968.98,1009.9
969,669
974.02,1068.2
972.04,135.69
974.97,774.75
979.41,1113.4
976.97,1224.9
984.06,872.63
985.5,217
985.22,279.47
987.05,792.81
984.11,1156.6
988.79,184.65
990.17,197.91
991.23,971.41
1000.7,273.89
999.49,1182.7
1004.6,543.98
1001.6,1006.3
1006.1,202.22
1002.5,253.91
1003.5,47
1005.5,879.45
1009,134.92
1006.4,706.44
1008.6,1036
1011,327.39
1015.5,1050.7
1016.4,1065.4
1019.3,12.408
1014.3,259.17
1023.5,203.32
1017.3,283.77
1017.2,92
1016.7,1181
1019.9,566.56
1021.8,224.95
1025.8,298.18
1025.4,381.89
1026.6,826.11
1032.4,787.94
1031.1,39.079
1037.1,22.878
1036.6,3.6056
1034.3,1157.4
1037.7,492.31
1037.3,157.87
1037.3,261.8
1037.6,1005.9
1038.7,1027.5
1040.4,204.45
1053.8,677.99
1052.4,169.31
1045,313.17
1045.9,117.41
1050.2,409.28
1049.9,235.35
1050.4,271.17
1052.4,1021.8
1053.5,189.4
1053,485
1060.1,237.11
1059,109.5
1062.8,120.07
1061.1,731.49
1064.4,902.45
1064.6,284.37
1071.4,558.03
1069.5,1082.2
1077.5,252.03
1075.9,612.66
1080.1,1098.5
1074.7,134.78
1078.7,205.78
1081.2,1010.1
1080.9,1180.1
1081.5,416.88
1086.2,917.66
1083.5,367
1085.7,1068
1088.8,760.5
1089.8,228.89
1088.6,642.16
1094,113.11
1098.8,211.01
1093.9,1030.6
1093.1,772.09
1095.9,100.41
1099.1,330.57
1103.5,45.231
1101,486.5
1101.1,575.25
1101.2,814
1105.8,230.25
1103.4,83.609
1108,1018.2
1109.9,516.78
1111.3,862.16
1109.9,190.12
1119.7,719.75
1120.4,150.46
1121.1,1235.6
1120.3,963.41
1121,444.32
1121.6,889.45
1121.8,244
1126,532.46
1126.8,40.823
1126.6,92.948
1128.6,608.89
1130.3,686.81
1143.4,736.41
1146.7,68.979
1145.9,1180
1146.6,1207.1
1144.5,352.5
1145.5,1076.5
1148.5,339.06
1151.2,941.6
1155.5,668.37
1158.6,919.06
1155.7,1048.8
1155.7,832.55
1158.1,200.62
1161.1,735.44
1160.8,714.44
1166.3,41.469
1167.5,286.5
1165.5,894
1170.9,92.729
1173,1155.5
1177.5,555.3
1180.6,1227.7
1177.4,627.89
1177.6,858.89
1182,655.59
1190.7,1198.6
1182,425.1
1183.5,719.05
1186.3,1049.8
1185.8,897
1187.3,764.1
1189.2,217.12
1194.7,1037.9
1197.5,647.82
1197,939.29
1205.4,398.11
1212.3,1122.8
1212.1,311.51
1216.3,1078
1217.2,296.51
1215.7,389
1219.7,354.22
1222,555
1227.4,441.63
1235.9,1022.8
1238.7,21.348
1241.9,96
1245.3,781.96
1246.1,281.08
1246.7,346.87
1247.1,1176
