4.0105,1068.3
4.4872,537.59
11.122,1001.6
12.838,733.46
24.413,1026.5
22.898,1081.5
21.481,437.52
23.154,994.42
27.865,280.94
29,29.5
34.252,1051.9
37.926,884.79
37.559,982.62
39.075,903.25
38.667,1023.8
46.469,1166
52.833,237.4
49.44,1021.9
62.027,831.42
53.837,685.57
55.656,861.44
57.184,986.47
57.938,909.25
61.2,804.44
67.933,878.17
69.477,155.01
67.38,1055.1
69.586,898.48
72.545,176.16
72.808,398
80.471,607.12
73.718,846.23
87.034,581.64
86.962,840.76
89.141,692.81
87.463,863.46
88.684,979.29
94.175,747.11
99.449,951.55
103.34,737.9
105,1102.5
116.14,666.23
109.61,721.7
111.02,761.78
113.94,319.79
114.71,882.76
118.85,1110.1
117.11,792.09
125.59,601.17
125.69,1199.4
124.4,73.6
131.93,1177.5
139.22,176.75
144.23,1170.5
142.92,1187.1
143.65,554
144,1143.5
152.61,702.85
153.65,494.71
157.16,646.55
167.4,296.62
165.42,835.11
184.48,540.84
188.45,582.62
192.85,810.47
191.37,333.97
192.43,983.39
212.49,696.88
211.21,934
216.29,996.37
219.03,462.72
223.95,99.917
233.36,695.09
232.4,384.6
234.05,800.95
236.92,197.71
236.15,756.65
245.98,79.132
243.18,316.6
249.95,1024.7
256.94,675.01
263.48,741.99
258.67,386.31
263.16,911.07
264.15,978.56
264.63,783.63
265.09,508.89
275.79,283.84
270.47,1136.5
270.05,394.9
273.35,448.56
275.23,185.21
278.5,378.5
280.98,160.32
280.59,805.59
282.45,469.73
288.73,530.37
290.99,187.64
299.06,278.52
294.4,760.38
296.05,300.72
292.91,1130.1
294.69,150.77
295.95,1060.5
304.69,691.51
299.09,45.019
302.83,351.65
299.57,717.57
307.98,565.36
303.5,1122.5
310.15,242.06
308.47,1244.9
309.02,139.03
315.41,31.77
313.26,476.09
315.97,226.7
311.79,1105.9
313.45,322.62
320.87,663.92
316.5,168
327.89,1006.9
317.42,1061.1
321.36,680.5
324,881
324.64,201.68
329.89,1177.8
333.77,1150.9
334.56,1040.9
340.1,860.06
340.81,224.14
339.5,1162
345.4,520.44
343.72,148.65
345.47,1184.9
348.7,1014.1
347.56,1211.5
361.92,11.556
355.27,971.63
358.62,483.34
356.97,1001.6
362.5,185.15
361.06,1189.3
362.83,533
371.82,1014
364.5,255
366.29,148.84
371.72,228.01
367.67,1186
371,900
371.5,1138.4
372.57,1197.4
374.94,942.46
378.39,719.22
389.49,319.25
386.03,31.6
384,406.05
384.27,1075.3
387.87,602.1
388.27,219.83
386.09,297.91
390.05,1096.9
398.41,78.289
397.8,593.56
411.3,245.52
407.98,14.22
405.7,29.579
409.5,51.5
409.75,1197.7
414.05,307.93
421.2,682.45
417.71,1095.7
420.4,446.14
431.84,202.73
423.95,293.95
429.32,7.9167
435.16,243.57
438.83,1242.5
444.18,649.78
448.86,1008.4
444.09,6.0909
447.71,314.45
461.37,1028.3
464.71,978.34
454.29,278.64
457.88,293.43
467.73,315.51
463.12,213.75
459.5,960
464.49,240.49
476.75,159.36
473.07,934.82
470.65,719.92
469.36,64.917
471.1,179.05
478.07,625.43
472.79,190.92
477.65,1007.6
478.46,533.43
482.32,1069.6
484.93,601.48
491.85,918.49
493.24,178.16
491.32,521.07
491.91,45.022
496.06,337.02
496.24,994.34
504.87,125.52
502.46,85.64
504.89,1237.4
508.54,937.04
507.94,953.35
513.02,519.8
522.5,233
528.82,136.28
529.03,1103.6
532.88,1148.9
533.91,542.86
541.71,94.914
565.88,205.2
570,348
575.82,142.78
583.17,436.7
580.05,965.09
587.36,788.65
586.8,315.69
594.44,394.03
607.15,529.87
619.03,883.45
626.63,200.48
669.32,418.29
661,856
670.83,365.2
669.59,161.81
671.31,322.96
674.15,845.46
702.5,1130.1
703.07,290.68
705.48,276.65
703.6,820.4
713.08,651.86
714.41,359.83
725.41,974.73
732.48,326.74
727.5,832.5
728.57,301.61
735.26,465.83
731.62,847.78
748.83,300.72
736,372
753.54,822.64
755.37,365.67
750,518.5
757.05,756.84
762.67,1197.1
765.2,692.01
765.26,385.79
768.15,735.65
770.09,9.0909
778.14,70.694
778,371
785.96,368.53
787.81,342.47
788.44,399.61
790.57,186.61
795.6,430.9
812.46,718.95
813.69,683.47
821.51,723.83
835,669.03
830.76,730.33
831.42,350.11
835.44,998.08
836.33,610.17
848.3,651.29
844.13,94
847.59,592.83
845.95,119.63
865.41,281.41
868.74,125.74
876.81,113.13
875.66,145.07
894.62,158.12
905.9,88.576
911.68,553.71
919.51,148.46
928.5,121.5
928.58,313.56
932.67,694.94
937.12,177.13
937.5,125.5
945.54,61.522
949.94,23.486
955.92,280.77
956.07,376.41
963.66,1132.7
977.23,373.07
980.41,10.696
980.5,722
986.09,26.955
1038.8,816
1047.9,618.58
1066,801.67
1083.6,291.92
1109.1,481
1129,648.62
1127.9,240.09
1132,800
1138.6,224.4
1149.8,105
1159.7,739.8
1164.4,121.46
1168,91.786
1178.2,642.6
1181.1,157.94
1192,612.55
1202.3,53.169
1201.9,111.86
1204.7,970.94
1210.3,210.05
1208.9,123.86
1216,857.41
1230.5,1206.5
1245.3,1195.8
