3.6176,1023.4
12.538,838.1
10.725,1046
15.969,1067.4
18.865,432.55
19.895,56.709
30.946,79.685
32.972,750.8
33.407,639.07
36.727,549.51
41.243,916.73
43.864,869.76
43.667,464.64
43.432,1018.1
52.772,203.31
51.5,230.61
56.557,259.06
55.714,962.5
59.96,1010.7
65.171,873.53
64.74,724.25
63.19,391.05
68.091,480.79
64.457,1201.9
68.353,47.588
69.512,265.52
73.556,1230.9
81.243,908.94
82.826,993.52
85.635,710.77
86.549,875.16
102.1,639.16
106.02,677.11
103.35,248.82
107.41,767.54
107,241.5
109.44,175.08
112.53,1091.1
122.4,294.83
121.96,433.75
129.21,1128
127.82,506.2
134.45,373.62
130.09,1014.9
132,543.5
134,709.15
135.85,967.22
139.72,790.83
144.53,235.59
152.68,579.72
150.99,968.65
162.81,451.64
152.36,873.5
162.04,1077.6
162.92,340.53
162.61,238.66
162.16,782.47
166.5,706.5
176.31,401.92
176.57,182.68
179.01,925.61
181,554.24
184.01,351.59
181.89,1040.4
193.89,813.96
191.43,220.32
191.96,307.4
191.4,931.77
199.04,568.19
194.29,41.571
203.49,697.79
206.18,557.25
215.32,881.76
215.3,105.56
216.8,828.82
212.54,12.148
225.86,504.78
226.93,412.61
230.5,346.73
228.5,394
238.93,681.44
242.58,304.98
251.37,500.27
251.94,1139.7
265.31,624.2
258.02,417.48
265.15,153.47
262.47,705.52
262.42,354.11
268.9,854.93
271.72,103.67
281.5,53.581
278.4,131.17
282.37,978.84
279.73,1154.6
287.66,657.73
286.92,1245.9
294.5,1203
301.31,923.14
300.92,609.68
316.54,295
319.65,486.72
331.09,603.57
328.78,647.56
326.56,1240.7
329.7,204.1
329.84,849.32
333.17,348.62
333.06,413.22
337.67,729.3
339.06,692.27
338.92,896.24
342.51,662.31
344.87,439.16
352.56,220.5
357.79,468.48
357.41,205.15
356.17,395
358.55,836.03
362.46,1110.3
373.72,1229.8
369.57,270.38
370.13,653.56
371,693.92
372.81,184.72
384.93,1001.4
385.76,743.44
384.08,1035
383.68,307.32
384.78,562.32
389.38,270.58
388.5,174
395.93,375.89
399,1154.1
397.53,783.05
403.32,339.78
405.47,184.65
427.12,122.27
421.39,311.14
423.05,1032.9
442.3,119.2
450.83,799.21
451.13,918.05
454.01,1210.4
458.52,230.18
458.08,325.24
461.31,87.417
458.81,451.05
456.33,1058
462.85,343.81
465.18,1146.1
475.57,158.18
479.69,573.21
477.97,1169.9
480.73,1045.7
481,476.33
483.79,1112.6
485.14,1206.1
490.84,143.74
494.8,101.52
494.61,984.22
501.82,848.06
501.06,866.35
501.86,274.42
506,1176.3
518.66,126.13
519.52,147.64
521.43,34.487
519.58,773.11
523.3,882.35
536.47,977.28
535.6,101.36
544.14,556.01
542.11,152.57
549.04,533.21
552.86,1094.5
552.52,1192.6
550.24,430.21
550,881.17
554.71,858.33
559.15,415.72
562.2,146.47
565.15,549.48
567.71,254.49
570.25,370.27
570,174
573.95,750.55
573.67,812.13
583.8,158.31
580.85,319.26
583.92,338.12
587.34,474.61
590.08,431.73
591.32,873.58
596.35,628.85
602.89,1175.5
625.06,1211
611.3,479.46
602.09,841.7
607.66,141.2
611.47,529.05
613.01,424.97
614.35,1010.5
618.94,1056.1
617.69,615.5
617.2,1193.1
619,152.88
621.67,562.5
626.38,1245.6
630.5,440
637.92,884.13
637.74,271.67
642.08,1056.5
645.69,326.57
646.84,803.61
647,891
661.1,445.01
659.06,498.09
665.78,349.4
667.07,422.93
670.02,31.868
674.35,46.045
675.63,566.37
679.97,791.9
683.33,283.06
685.09,651.09
685.53,1130.3
697.47,742.01
697.32,387.28
706.88,137.89
700.83,1243.3
705.26,887.07
712.5,1169.9
718.49,93.49
718.14,760.46
722.8,352.12
724.31,1236.9
729.03,480.29
725.31,916.85
731.45,5.8662
731.8,674.88
735.95,1041.9
735.07,616.41
737.08,697.92
735.23,1169.9
738.09,362.13
740.18,578
737.5,710.88
745.18,966.3
745.33,1064.9
749.34,684.61
758.99,646.91
748.92,353.44
750.28,229.81
754.9,309.84
759.95,264.58
755.09,1023.1
765.03,1126.3
769.41,104.12
770.73,445.73
775.57,892.02
777.33,1139.1
778.97,284.3
781.06,1091.2
780.37,1042.2
779.79,1201.5
783.26,139.75
789.73,417.49
789.39,599.82
789.65,664.95
795.22,707.9
787.94,1029.8
791.62,1127.4
796.8,582.65
806.7,916.38
802.52,570.24
803.46,1079.2
802.5,474.5
806.46,603.1
803.57,783.49
807.62,1045.6
807.82,553.16
809.92,359.46
808.2,629.38
817.46,808.46
820.45,1179.7
820.5,676.35
820.2,997.98
822.49,1229.4
823.64,513.87
825.74,720.54
825.66,130.66
829.67,314.11
827.27,1152.6
828.6,356.85
829.41,491.41
831.23,381.21
830.85,591.47
838.13,144.4
837.12,700.88
843.13,541.27
840.91,20.482
847.7,40.107
851.43,805.19
852.13,609.96
854.93,119.15
859.93,976.11
857.5,100.38
864.54,628.67
864.32,15.054
868.18,91
874.45,569.13
870.74,201
872.67,1005.3
872.06,952.41
872.93,1156.6
887.77,392.51
884.92,258.7
894.72,163.02
900.91,203.81
908.19,782.92
908.46,1008.1
907.96,710.54
906.5,254
909.8,922.42
912.62,480.17
918.37,5.5355
913.94,953.47
918.16,206.45
921.53,267.42
927.48,915.64
921.42,1150.5
928.75,94.925
924.88,844.35
929.38,1229.1
927.87,687.08
930.45,1118.9
934.71,470.04
935.5,69.5
938.09,413.09
941.55,642.97
944.96,158.9
948.84,442.09
946.79,689.17
952.44,506.23
952.38,60.555
949.83,306.67
955.4,1203
962.44,1019
961.71,930.62
962.07,736.83
963,860
977.5,1097.7
976,700.74
982,1016.3
983.42,621.75
981.42,802.11
986.7,56.797
986.17,456.43
988.46,1186.8
989.5,818.5
997.96,265.95
997,19.174
997.5,911.88
1006.3,456.55
1006.7,993.07
1012.8,1237.9
1012.9,348.37
1020.4,1104.3
1012.4,727.5
1015.5,705.76
1022.3,468.97
1023.1,525.53
1026.8,224.52
1029,65.944
1031.8,908.44
1032.3,1247.1
1037.6,849.42
1041.3,1089
1046.3,1241.4
1052,770.3
1044.9,1069.9
1042.5,1152
1045,53.075
1052.6,82.105
1068.9,935.2
1071.1,405.92
1073.8,319.92
1073.4,1026.2
1083.2,974.7
1095.7,775.26
1097.7,945.8
1098.4,1035.6
1102.7,341.75
1102.7,118.77
1105,305.06
1114.4,1242.9
1112.8,262.64
1112.7,678.5
1119,525.26
1122.7,313.04
1130.9,150.53
1131,1149.2
1136.9,889.65
1145.8,1089.6
1147.1,156.08
1160.1,131.21
1170.3,1066.3
1175.3,452.7
1176.5,1038
1181.2,1164.4
1191.6,981.09
1197.6,556.58
1195.6,1195.7
1193.5,858.41
1201.5,172.86
1198.7,1003.6
1201.1,1089.5
1205.8,497.21
1215.7,306.81
1220.7,1092.8
1219.8,47.529
1220.9,523.35
1227,373.5
1239.7,28.132
1244.2,201.14
