3.58,132.38
2.6364,357.45
3.9062,994.52
8.4407,485.46
7.925,502.98
6.4348,968.39
10.731,595.96
12.605,313.89
9.5405,876.22
13.9,378.38
17.846,899.56
28.236,572.12
28,204.5
34.362,833.44
35.727,963.84
38.242,1084.9
35.069,942.59
39.5,213.94
38.297,585.92
39.926,28.593
40.548,1174.6
47,293.06
58.684,1047.9
61.306,336.7
61.683,1176.2
62.094,215.87
63.5,163
63.579,426.89
64.314,862.09
72.212,43.269
71,537
78.824,506.59
75.256,995.86
83.559,910.37
83.092,1107.2
92.935,84.338
98.804,1164.7
92.826,929
96.938,389.32
107.24,427.87
109.55,281.77
109.83,230
111.78,395.68
114.5,794
122.11,24.633
122.84,89.071
126.55,431.69
129.75,384.19
131.5,1242.5
140.52,1228.8
142.24,757.03
141.58,284.89
143.44,345.46
143,147.83
144.06,990.04
145.55,1018.1
149.43,195.66
150.98,645.43
153.98,1028.1
162.57,1078.5
165.03,403.16
169.85,14.162
170.97,319.26
177.72,1057
184.88,1100.6
182,525
182.76,1156
191.23,950.63
190,287.5
190.42,399.09
192.32,571.22
197.31,483.42
199.77,634.88
206,219.5
208.73,955.27
210.37,525.33
219.95,984.16
218.93,1014.2
217.32,83.591
225.37,203.76
225,1175.8
226.05,911.41
239.5,1103.5
240.5,1168
242.15,702.51
243.23,976.31
250.78,376.38
253.12,693.94
264.88,642.53
265.14,788.41
273.27,996.05
275.46,598.28
274.01,1232.1
274.62,1216.2
282,931
283.39,35.139
285.38,92.664
282.58,465.11
286.2,1169.6
291.05,531.29
295.24,931.07
297.92,246.02
294.73,549.68
295.13,1126.9
296.21,1159.7
298.68,1191.7
306.29,1215.1
302.05,1174.1
307.25,394.19
312.02,38.429
309.46,1095.4
313.48,488.57
312.97,656.94
312.5,1198.5
315.65,429.18
315.42,1078.5
316.5,456
323.43,977.47
329.65,845.65
331.34,923.23
335.75,627.54
331.92,1199.6
333,755
335.21,187.5
338.32,583.93
341.16,910.07
338.8,992.44
349.44,1028.4
352.04,352.44
354.23,208.88
360.45,1107.1
357.12,1164.9
363.47,224.3
365.6,168.11
378.74,1158.5
371.83,150
373.4,1018.1
373,1245.9
376.88,343.55
379.61,739.92
375.93,532.59
381.46,1108.3
380,147.68
384.21,978.86
384.59,1019.9
385.07,136.59
402.01,1090.6
395.59,1124.1
403.97,1144.6
407.93,21.407
414.09,1039.1
420.06,962.44
421.05,445.37
422,1022
427.14,785.39
426.78,1086.2
438.78,459.85
440.12,46.983
437.09,512.91
440.12,386.65
443.98,81.011
439.17,108
441.09,1055.9
444.88,8.3562
448.5,190
454.38,351.96
460.12,974.64
470.55,835.85
463.52,787.78
469.44,20.986
475.31,571.08
478.23,1133.9
481.79,353.61
480.12,1044.5
485.09,690.91
486.46,117.92
490.34,1028.4
487.58,922.89
494.89,6.0811
500.01,1144.1
503.97,1196
506.64,1177.7
510.5,710
514.91,510.83
509.42,984.89
513,243
518.98,1229.9
521.5,920
527.25,212.9
528.06,1032.4
533,1095.1
531.91,925.91
543.01,842.11
540.51,887.42
539.08,1067.9
543.52,279.22
544.26,604.26
543.39,150.14
544.5,499.5
548.43,55.402
565.99,35.994
558,4.25
561.31,308.03
560.75,360.83
569.2,1027.4
570,902.33
577.49,221.22
574.65,1125.5
577.65,1089.3
576.42,79.576
582.64,949.63
586.38,66.86
590.62,453.57
590.12,571.67
590.6,1056.7
593.32,1042.9
593.55,142.45
595.96,424.51
592.6,755.64
592.11,931.42
592.07,1186.6
593.38,43
598.55,1135.3
600.21,66.97
600.57,728.78
604.49,741.33
606.54,241.56
610,341.07
612.13,993.67
614.55,608.36
615.37,281.03
617.12,701.35
621.6,1124
623.88,394.12
628.65,713.64
627.21,24.41
632.04,195.05
632,109
631.68,1083.1
637.25,534.97
641.9,69.614
645.92,613.34
658.42,842.11
669.45,1023.5
676.48,1214.1
675.81,247.36
678.9,626.35
677.56,536.95
683.54,106.45
683,413
696.11,716.28
691.69,462.36
692.58,550.53
695.46,1083.5
696.5,778
698.91,530.12
718.29,342
715.55,1136.4
737,898.5
744.54,560.14
739,1048
745.3,429.77
747.63,767.75
745.92,1165.9
750.52,514.55
751.64,119.44
760.51,251.84
762.17,944.78
765,1146.5
770.78,653.76
777.9,129.98
775.58,842.85
776.53,11.434
785.08,490.7
787,449.33
790.38,246.31
791.58,297.89
798.52,1128.6
800.13,412.81
796.82,808.82
803.07,763.46
802.77,301.56
805.82,563.51
804.42,879.89
813.22,250.87
817.57,90.62
816.82,602.52
822.46,4.7282
817.58,993.11
821.4,823.45
822.02,807.85
821.5,900
828.14,235.04
832.22,323.34
832.15,708.78
834,802.82
833.34,28.57
834.09,938.87
837.64,288.12
838.54,1190
841.5,163.71
841.42,545.83
842.61,1093.5
845.58,507.45
846,430
850.16,194.24
850.84,839.43
853.96,902.98
856.83,352.06
860.48,503.65
858.96,1115.5
871.42,7.4242
877.37,610.05
876.39,965.44
884.58,1161.9
884.88,455.24
887.21,884.38
889.5,1236.1
891.02,742.39
892.5,239.5
898.59,52.819
897.81,250.27
900.77,335.73
900.57,689.05
900.61,126.14
904.2,499.44
909,878.5
909.26,601
912.97,294.33
914.19,4.2698
917.1,40.772
919.45,224.48
919.92,843.44
921.58,334.11
926.9,430.1
929.01,1064.4
933.1,327.59
930.58,1155.9
931.5,858
932.84,1246.2
934,918.17
946.31,739.91
950.94,173.44
947.62,221.78
953.73,1245
955.41,1059.1
953.89,196.53
957.62,1119.5
962.08,641.61
964.57,32.149
964.3,495.88
966.05,926.36
975.39,570.78
977.72,900.88
980.66,102.21
979.02,197.98
979.7,470.07
987.07,953.64
986.75,47.181
990.44,439.91
999.03,80.972
998.83,1177
1004.5,452.58
1002.9,55.051
1005.6,208.24
1004.4,239.58
1007.8,549.66
1008.2,594.74
1009,1000.9
1015.5,380.21
1016.4,273.71
1017.5,132.58
1017.5,648.22
1019.5,36
1020.9,564.56
1025.1,1228.5
1029.6,144.75
1028.6,187.94
1029.1,1030.4
1032.2,895.95
1032,814.5
1037.6,511.01
1039.7,162.3
1038.8,246.29
1038.6,680.27
1038.6,974.74
1041.8,178.77
1042.7,363
1044.9,47.807
1047.3,196.27
1043.4,150.89
1048.5,385.46
1049.4,1124.1
1053.2,24.571
1055.4,152.33
1055.9,911.03
1053.4,1172.1
1061.6,1239.6
1061.5,48
1066.2,340.27
1063.6,1011.3
1063.9,1180.3
1063.9,139.5
1064.1,401.09
1073.5,762.2
1071.1,360.12
1072.5,519.5
1076,27.37
1077,276.88
1082.4,1180.1
1082.5,55.4
1081.9,925.65
1086.9,856.5
1090.4,88.066
1099.4,193.2
1101.3,670.44
1098,877.67
1102.2,218.06
1106.6,505.6
1113.5,53.196
1121.7,490.62
1120.4,1060
1132.7,1229.2
1136.8,1083.4
1144.4,380
1150.6,310.31
1166,1121.2
1173.4,76.716
1172.9,787.5
1178,328.25
1184.9,405.13
1190.5,972.5
1195.5,294.57
1199,468
1200.2,410.67
1208.6,842.47
1209.9,1120.5
1215,1245.6
1218.4,409.94
1222.7,496.47
1227.2,771.58
1228.1,1163.5
1231.1,1044.5
1230.9,1069.9
1233.2,448.66
1242.8,1056.5
1245,1123.5
