2.16,61.44
2.2,217.76
2.4167,432.79
5.7286,460.22
5.1781,484.56
3.1964,565.3
4.9667,611.22
2.2941,701.5
4.5385,879.32
4.9565,1055.8
3.2128,1151.9
11.323,639.49
7.8947,836.42
10.973,661.57
15.228,596.13
18.421,169.08
21.182,254.54
18.387,532.19
21.065,40.645
24.758,342.18
27.433,1013
29.686,137.77
30.137,602.37
29.216,1112
28.5,538.5
31.495,1171.2
31.68,150.2
33.29,164.76
35.211,231.4
37.468,1081
39.486,654.31
39.542,127.17
39.98,435.12
40.654,734.12
43.337,153.55
43.906,217.57
43.577,462.03
48.501,752.91
44.389,873.37
47.15,957.04
42.439,1214.3
43.179,621.96
43.44,971.32
44.4,614.4
48.593,479.6
48,50
49.917,634.92
51.045,250.91
61.552,781.07
57.096,994.04
58.667,9.7778
64.415,452.89
64.86,411.53
60.556,591.64
61.753,1080.7
64.196,731.76
62.859,883.51
65.063,1045.1
63.803,477.72
65.32,196.56
68.86,232.13
68.378,152.78
70.488,1207.7
71.302,1222
76.04,597.18
74.647,104.5
77.205,1235.1
84.222,43.813
79.5,1157.5
84.389,523.71
79.6,1069.6
83.567,640.97
82.907,786.97
85.133,1190
90.293,1084.6
90.663,1148.7
92.297,99.676
94.597,587.58
92.891,537.47
94.769,764.54
100.55,141.37
97,1106
100.09,503.29
98.258,902.32
101.14,434.79
101.81,1123
109.92,230.73
108.64,1191.5
114.49,805.38
106.96,884.59
114.48,447.65
111.79,653.87
118.59,6.3103
119.32,74.067
123.03,700.03
126.22,143.86
124.54,678.85
130.54,409.13
131.82,770.6
130.39,884.89
135.37,365.46
134.28,636.84
132.58,714.87
136,50.839
137.53,486.76
148.4,733.19
144.63,105.38
149.94,632.34
148.64,713.45
156.18,789.79
153.27,1116.7
155.59,1016.6
156.23,1059.4
153.12,438
158.65,485.49
157.38,177.98
156.47,139.06
158.52,1179.8
161.22,991.57
162.39,76.426
167.33,349.57
165.5,1133.3
163,670.5
164.4,292.4
167.62,49.267
172.52,1004.8
176.79,523.43
175.38,422.1
176.21,706.38
174.35,1187.9
177.5,1168.3
180.56,5.4949
178.14,617.86
180.2,1075.8
182.93,431.91
181.76,1134.1
185.68,796.75
182.59,873.41
185.6,1111
189.69,894.71
191.96,350.49
193.67,1028.7
192.74,402.53
201.55,710.62
195.77,1082.8
197,496.83
200.77,856.25
203.11,323.51
198.5,535.5
212.09,813.48
204.69,1157.8
211.16,246.1
206.31,471.39
207.7,1099
210.31,985.82
214.17,171.12
214.81,1069
210.5,863
212.55,569.08
214.14,770.37
217.84,586.53
219.71,1240.8
219.3,635.46
221.32,440.51
219.33,228.64
219.06,258.45
226.73,947.54
228.86,191.06
225.65,120.38
228,852.54
224.12,899.35
225.93,513.41
226.38,927.81
226.97,1143.9
233.11,983.01
233.9,772.26
231.05,1069.1
233.27,15.289
236.38,353.67
233.23,648.28
234.33,897.33
238.45,310.83
236.27,394.07
240.04,723.02
236.31,596.64
239.31,1007.8
238.5,632
239,756
265.76,573.69
242.78,702.39
250.45,427.17
248.07,259.48
249.78,100.09
253.51,170.84
249.56,948.69
247.92,287.92
256.92,634.66
250.61,838.16
249.95,1085.1
260.39,1028.6
262.26,840.25
266.99,1130.4
266.03,129.11
264.93,740.59
265.91,696.09
267.91,874.44
267.69,944.69
272.59,792.33
277.88,405.01
274.86,543.52
277.87,629.01
276.27,971.61
274.23,589.09
275.24,863.13
274.59,1076.5
284.5,1240.5
286,686.67
287.83,803.87
288.93,852.41
292.59,58.795
293.93,892.98
294.16,1100.4
293.06,813.94
302.15,835.2
300.63,592.76
303.42,756.33
303.89,1042.7
303.05,351.2
304.95,431.63
305.91,801.36
308.24,497.27
308.49,10.072
312.64,520.34
309.73,1243.8
308.5,203
311.78,130.25
313.29,563.01
312.56,332.46
316.39,359.31
316.18,1077.4
313.47,1102.9
319.72,761.13
316.42,730.11
318.66,1167
318,295.5
328.5,318.73
323.76,625.26
328.12,1032.3
329.5,8.3312
326.08,343.08
329.93,861.54
330,640.67
327.5,827.88
333.51,732.1
333.83,1121.6
337.02,630.52
334.5,822.5
339.15,580.47
338.38,230.12
338.91,1100.5
341.75,708.93
346.02,743.53
347.75,151.94
348.52,365.1
352.08,644.23
352.55,25.932
355.72,276.27
354.6,904.78
355.69,923.23
359.16,942.77
362.28,860.85
358,1047.5
364.13,471.32
363.75,980.88
360.29,503.29
362,1243.6
365.64,555.37
362.43,354.29
363.33,608.11
370.03,1007.5
367.6,1074.2
370.14,41.072
372.09,136.78
372.18,412.08
368,800.17
375.82,1053.3
377.14,828.86
378.68,980.02
382.13,785.97
382.55,877.37
390.55,639.06
384.46,1113.2
387.46,604.54
387.07,741.25
391.21,1063.9
392.9,504.26
394.14,566.74
395.98,581.12
398.37,783.57
400.17,1009.6
397.5,385
409.61,852.69
410.6,611.6
420.12,679.08
421.74,895.37
419.67,138.31
419.67,933.06
423.9,504.98
422.41,18.808
423.44,1129.3
435.85,970.94
427.6,657.43
429,153.41
431.27,1095.3
437.12,394.87
437.12,870.15
438.5,411.5
443.73,1187.2
445.42,112.8
450.9,481.27
450.77,577.23
451.06,520.78
452.71,200.24
455.6,616.34
463.75,471.6
457.43,687.09
466.35,912.17
466.88,754.81
467.84,854.39
476.69,670.9
474.48,789.06
471.25,459.93
475.57,714.97
477.36,100.87
478.42,524.22
482.8,611.55
486.22,1033.8
481.94,543.68
484.16,1075.5
490.18,1215.7
492.24,754.81
485.93,553.59
492.84,325.24
495.61,54.103
494.55,79.61
496.9,551.3
496.86,938.58
499.87,1094.9
504.24,648.89
499.11,136.45
497.5,715
505.99,390.81
507.94,513.19
511.41,578.62
510.66,327.66
516.35,870.55
517.07,32.071
519.5,1153
520.84,433.65
525.73,684.64
525.16,946.53
605.61,602.07
533.26,1045.3
531.26,98.786
533.68,526.66
530.28,1236.2
535.75,796.04
532.08,207.92
537.5,499.21
535.96,1220.2
536.98,578.2
537.08,1065.9
538,854.67
542.56,91.018
550.38,1214.6
555.53,165.93
557.3,689.24
556.46,828.36
556.79,532.83
555.92,546.55
559.36,112.68
565.96,222.88
573.79,883.66
568.65,1135.2
568.64,1077.5
570.05,429.88
571.54,1169
578.84,85.777
581.85,471.83
575.87,828.29
580.86,785.98
575.31,1236.2
582.7,324.27
578.74,504
583.27,297.56
584.96,1108.4
587.02,596.16
586.58,383.06
589.88,15.098
591.35,853.42
594.6,1085.2
595.14,205.29
594.45,169.21
598.75,687.95
598.86,783.86
600,446.5
605.67,1200.5
607.16,1068.2
611.6,784.35
614,448.88
612.86,969.64
613.69,548.99
615.48,135.02
624.5,493.7
618.43,1008.1
619.91,271.46
623.91,2.8182
626.3,28.149
623.64,326.5
624.24,978
632.94,319.96
630.43,289.61
632,206.14
635.44,481.07
636.29,674.62
645.19,62.278
648.95,1118.6
643.75,1194.8
645.54,708.22
647.12,145.34
648.5,1212
657.44,530.97
655.95,210.95
663.94,1068.8
664.62,1207.2
668.63,960.91
668.5,687
673.44,1149.3
673.76,406.03
675.23,921.06
672.91,525.09
675.91,842.31
677.1,110.48
682.76,286.62
685.23,206.29
682.03,998.09
684.65,720.79
686.97,1192.5
703.51,551.55
686.08,574.71
690.49,499.91
692.27,943.56
698.7,890.27
697.4,155.31
697.24,361.31
694,620
696.84,981.51
700.34,641.78
699.17,313.31
700.48,87.481
699.34,1106.1
700,1156.9
701.47,1178.5
698.62,7.92
703.14,431.71
702.89,301.5
704.5,747.63
708.85,413
710.66,821.06
715.72,481.46
715.64,621.54
711.54,704.85
721.92,744.24
717.17,455.62
717.1,1041.8
722.17,715.62
718.88,1226.5
724.47,1128.4
731.24,566.8
730.35,1107.8
741.61,544.86
736.47,34.388
731.45,450.29
736.32,635.23
737,14.375
738.9,113.6
741.96,851.52
744.91,205
741.34,271.88
743.19,995.66
743.42,1162.4
748.26,436.48
749.57,579.98
754.69,945.6
760.73,522.98
756.21,323.83
751.43,450.61
753.14,902.16
759.43,876.77
759.5,117.8
760.86,981.14
761.79,1245.3
767.11,1090.1
772.97,379.52
771.56,402.65
777.42,167.11
781.4,1137.3
784.48,980.97
788.3,873.52
796.39,1213.7
785.89,544.58
791,1107
790.97,925.63
790.57,650.39
797.87,958.03
805.83,1085.5
805.01,1018.5
810.45,338.76
817.16,925.45
817.46,947.06
817.46,1150.5
816.73,968.93
815.62,877.78
817.17,764.13
819.93,980.96
823.64,1005
829.63,581.66
827.8,914.12
830.03,268.53
834.17,645.86
834.59,1037.9
841.94,437.8
837.25,794.06
845.17,100.42
845.74,279.52
848.84,802.12
852.29,245.03
853.55,777.73
849.26,1053.9
854.43,1156.5
865,267.06
867.07,1084.6
865.06,86.906
871.17,1053
868.42,224.89
878.46,122.82
879.42,784.89
882.94,548
886,1118
888.88,209.12
892.68,362.38
901.72,476.68
900.51,1085
902.2,175.04
899.5,929.5
902.82,974.62
902.64,538.19
907.1,389.4
910.74,557.74
913.56,408.99
917.35,216.38
918.17,518.33
915.33,926.33
921.9,1025.6
923.83,148.53
923.93,843.44
929.95,387.08
936.69,367.75
938.42,403.58
946.43,600.01
962.29,394.82
946,1046.5
952.79,521.93
955.22,358.05
957.92,735.78
955.55,146.28
956.18,956.89
959.52,1234.1
963.82,312.1
958.65,881
960.59,1153.1
968.66,908.82
970.4,1096.4
971.48,236.62
971,760.76
970.95,369.57
971.83,1214.5
975.83,161.8
974.44,1121.9
976.5,342.5
980.57,884.05
982.29,616.55
988.75,654.02
985.64,108.79
985.63,147.37
987.9,941.25
989.09,592.8
991.17,296.58
1001.8,691
998.35,1070.7
1003.5,522.29
1002.3,151.71
1002,291.83
1011.3,1223.1
1006,776.41
1006.4,1110.6
1005.4,971.89
1015.2,443.96
1015,271.49
1016.9,507.26
1012.1,1057.5
1016.1,1014.6
1018.3,861.2
1020.9,1130.6
1023.4,175.29
1022.7,308.16
1023.9,809.76
1025.1,571.03
1028.7,532.87
1026.6,229.32
1028.9,844.14
1035.2,927.35
1032.4,1014.7
1038.7,270.18
1037.7,1074.8
1049.2,1184
1050.9,1088.2
1051.8,853.66
1069.1,286.72
1071.6,328.2
1070.9,809.15
1072.2,1208
1075.5,312.47
1075.8,197.18
1078.2,222.11
1076.5,510.29
1079.6,1043.8
1077,528.35
1078.4,1129.9
1079,1013.6
1085.5,135.99
1079.7,242.83
1083.2,1214.7
1086.3,949
1085.5,58.5
1085,278
1089.8,1107.8
1093.1,832.49
1098.1,537.58
1098.9,520.95
1107.6,864.96
1104,1016.9
1109.8,599.22
1106.9,1100.7
1107.8,153.57
1107.7,336.09
1110.8,564.19
1112.7,581.47
1112.9,741.23
1113.3,358.47
1114.3,1179.6
1118.7,261.91
1117.6,458.07
1125.2,319.89
1125.2,283.33
1122.5,912.32
1120.8,169
1128.8,35.775
1132.3,670.29
1140.2,934.92
1149.2,145.35
1147.7,819.87
1152.1,1070.9
1159.7,549.62
1158.7,1050.7
1160.9,194.34
1165.6,1186.1
1171.2,845.08
1182.7,451.87
1173.5,1128.7
1179.3,225.69
1180,1175.1
1180.6,585.83
1184.7,46.874
1182.8,199.79
1183.4,1134.1
1191.5,956.4
1184.5,1236
1192.7,1016.3
1196,744.45
1199.5,133.35
1199.3,539.29
1204.6,267.22
1201.7,367.19
1204.2,887.55
1213.2,1084.4
1213.3,378.9
1215.5,1238.7
1224.2,228.3
1231.7,164.4
1225.9,374.42
1228.7,813.91
1230.7,1033.7
1235.3,64.039
1240.1,373.56
1244,985.37
1246.7,14
1246.8,1091.6
