2.2593,438.37
2.3448,693.41
7.5714,571.71
8.344,1140.4
9.3969,195.11
6.0909,395.91
8.5574,159.16
8.9859,357.18
13.665,1058.6
13.105,634.48
11,709.41
16.839,68.857
15.608,968.29
19.898,766.34
22.761,603.08
28.127,49.946
29.5,574.5
35.354,1234
32.838,245.5
34.043,816.37
34.925,964.1
35.062,998.94
38.752,743.74
43.765,99
41.633,494.25
40.368,513.97
41.541,185.08
50.299,352.68
49.54,600.43
50.473,226.66
46.625,271.62
46.98,693.31
51.429,308.03
54.174,778
60.146,281.44
58.062,1163.1
60.4,473.4
61.955,763.64
63.407,957.5
66.218,741.08
65.5,200
68.735,589.65
66.611,616.14
68.452,1009.3
70.686,755.17
72,815
74.288,68.827
73.581,456.55
74,674.94
74.083,155.08
78,16
79.599,34.591
78.5,744
82.158,654.5
81.921,873.41
84.979,397.32
94.133,590.38
84.909,515.91
86,1119.5
89.158,426.05
92.109,624.05
94.07,719.74
91.143,486.14
91.5,766
94.368,992.06
96.736,1113.9
94.686,511.83
98.851,165.5
99.216,363.86
101.17,825.6
108.1,744.19
105.5,1021
108.4,988.86
108.43,1099.7
108.19,1212.9
113.49,844.08
111,1126.5
111.91,91.909
118.93,793.31
120.18,644.96
121.65,772.53
123.83,413.64
127.06,280.88
129.57,189.43
129,1000.6
129.87,1159.5
139.38,494.19
140,525.25
141.5,730.41
146.42,607.9
142.14,1103.5
145.93,211.5
149.37,1243.1
148.5,1090.1
149.06,1121.7
150.47,370.47
156.49,972.64
158.93,1095.4
158,470.21
166.28,231.73
165.64,497.73
168.87,769.68
166.1,540.62
169.28,101.59
168.45,290.45
168.91,661.4
171.41,67.692
173.03,140.07
173.56,306.92
172.5,944.5
175.77,960.01
174.5,1016.8
174.81,1077
176.96,80.825
177.4,1195.9
179,637.32
179,657
183.78,463.94
185.87,69.534
194.12,702.32
184.09,797.91
186.49,1070.7
188.89,188.23
188.96,292.67
191.8,838.68
196.17,685.43
199.48,1165.4
199.04,274.31
199.02,1104.1
199.61,1037.5
203.78,900.13
206.9,839.24
208.95,633.75
211.27,534.65
212.95,569.41
210.58,856.11
221.7,395.48
214.91,177.09
217.08,424.08
224.23,290.63
224.68,644.22
227.65,832.87
232.76,793.9
229.92,339.33
237.08,254.42
236.74,16.93
242.14,948.64
244.5,204.84
245.85,436.47
245.91,868.26
245,1129
252.46,1167.1
250.52,146.6
250.98,933.84
254.17,457.47
252.8,1115.1
262.24,807.15
259.09,612.89
263.98,119.39
266,1101.6
269.51,319.95
266.91,1055.9
265.06,1182.1
267.58,1086.1
270.5,914.5
275.38,353.65
276.78,16.636
278.7,432.18
278.51,700.28
278.06,308.41
278.11,945.58
281.84,995.3
291.51,582.82
285.27,1224.4
281.87,1117.9
283,318
288.5,85.933
287.98,397.83
285.5,632.5
291.17,284.66
288.12,814.65
293.14,1147.3
292.5,162.42
293.57,731.52
297.83,265
299.7,474.17
295.5,667.5
297.96,78.929
298.93,499.59
302.81,121.53
301.43,377.07
304.07,938.41
309.83,348
316.5,721.07
317.19,645.07
325.09,360.91
328.22,792.69
328.39,661.61
332.48,697.15
330.07,855.59
331.42,646.89
339.77,837.61
336.58,91.424
339.81,463
338,1065.5
340.41,714.39
346.67,244.97
350.34,594.86
349.97,556.37
352.5,307
354.61,423.61
352.58,524.55
353.92,127.1
360.12,1070.8
363,779.59
358.5,898
360.35,1152.5
360,824.5
360.17,1239
363.7,446.79
373.15,846.69
372.99,274.97
370.55,1110.1
377.2,1246.3
375,201
380.06,176.6
379.94,596.95
377.2,906.44
385.71,816.8
380,891.58
384.57,227.82
389.09,4.0095
383,387.32
388.93,245.63
388.59,663.63
390.5,331.5
393.32,585.37
396.42,285.25
393.84,562.53
397.86,378.87
400.83,319.4
398.28,807.69
405.88,99.03
406,1205.5
404.5,516.5
406.39,830.86
408.96,818.57
411.83,607
413.46,634.28
415.41,978.85
416.04,476.96
415,124.5
417.13,25.085
415.92,152.56
419.42,366.92
424.12,220.26
425.18,439.91
424,424.5
427.94,481.34
427.37,1024.6
429.22,238.22
430.14,628.5
434.78,856.75
427.58,905.11
432.86,930.04
431.66,1118.8
434.82,286.08
433.54,74.784
436.67,375.48
437.9,668.56
437.98,447.34
437.88,128.88
444.34,1218.2
447.86,329.55
448.84,120.12
450.93,1023.2
450.33,68
453.73,86
451.88,257.12
454.85,765.74
454.88,302.15
453.37,720.37
458.69,1193.8
459.92,960.2
464.04,713.39
460.5,981.5
463.69,243.38
463.1,619.52
462.37,816.63
468.15,1066.5
469.42,64.167
469.47,995.58
469.93,327.41
475.67,127.84
474.4,588.36
478.4,71.07
479.1,978.52
482.11,668.86
486.09,1151.1
487.07,1057.6
491.16,998.54
495.55,566.78
492.41,1032.8
493.13,1129
494.58,942.69
500.5,787
503.08,916.55
501.89,221.63
504.18,258.82
507.75,445.97
507.5,163.5
514.89,106
516.42,723.93
517.64,374.76
524.96,623.48
521.5,769.5
531.55,58.872
524.5,974.5
528.99,154.16
527.5,284.63
526.61,398.39
529.21,226.74
529.19,83.741
542.6,803.09
545.91,844.9
540.94,674.91
545.56,908.06
548.02,316.82
546,85.5
551.71,1147.2
548.85,1201.6
552.4,1217.2
558.71,468.41
557.77,781.93
562.89,1243.9
565.04,723.5
564.04,1076.6
562.33,487
568.14,402.91
568.5,183.24
567.69,934.12
571.37,956.88
574.67,476.9
577.07,386.71
579.9,349.85
582.4,702.2
584.61,604.31
580.56,992.07
580.5,576
585.55,502.71
588.57,658.27
587.45,1246.9
592.87,941.19
592.71,445.29
596.02,896.68
594.72,695.92
600.88,463.66
600.56,1031
603.23,479.4
603.24,210.43
604,1093
609.7,10.177
604,534
609.16,219.76
612.23,385.18
611.88,1184.1
618.41,285.28
616.93,1238
619.16,186.15
627.42,1003
624.7,12.609
629.39,493.8
627.19,971.73
629.64,635.12
635.81,345.1
631.13,1184.5
636.41,274.43
633.07,1140.1
636.45,783.17
640.63,409.48
640.59,423.52
641.58,194.63
642.38,1086.9
644.52,111.67
643.5,676
644.07,700.41
650.7,1059.6
648.5,332.5
654.76,291.99
655.82,923.19
655.54,159.09
661.46,724.5
659.47,757.91
666.14,225.27
670.15,679.84
662.17,1201.7
667.66,204.42
667.94,905.52
667.58,446.58
669.5,858.5
673.98,611.57
675,253
679.28,599.34
680.63,1157.4
682.27,866.35
683.5,264
686.71,318.35
689.35,404.78
686.5,1065
689.02,771.93
690.59,187.52
690.5,511.5
697.21,1033.5
695.2,723.44
695.59,539.94
699.89,803.12
700.13,288.81
702.21,684.5
701.87,1211
705.92,76.44
706.5,323.5
710.06,955.15
709.82,755.67
714.25,776.47
711.77,907.4
711.88,1209.9
711.5,977
715.27,254.12
713.61,1027.1
716.5,90.132
716.09,114.91
718.08,878.08
721.29,541.88
723.84,856.24
720.33,1199.1
721.68,18.733
724.49,417.25
726.65,563.39
722.29,585.43
727.89,186.63
730,499.5
734.91,655.67
740.42,480.23
743.47,308.87
742.05,461.17
747.66,839.67
751.19,726.2
750.95,563.71
756.32,1169.4
757.1,63.712
754.83,1103
761.5,419.62
762.42,889.89
764.31,711.86
767.88,1132.3
765.79,427.5
768.67,929.64
775.03,455.38
770.85,481.27
774.79,22.962
777.9,250.92
782.28,1051
785.13,91.876
783.93,530.41
784.63,1078.4
786.83,502.94
788.86,719.75
795.13,895.15
798.03,856.69
804.19,130.37
801.65,570.5
806.53,846.24
803.79,792.85
802.07,873.41
805.68,1215.6
809.39,313.41
806.82,591.39
812.58,905.31
813.77,181.44
817.49,441.89
814.6,934.76
819.35,741.12
820.21,1106.9
819.74,131.74
819.7,425.92
821.2,784.79
822,215.5
826.08,179.35
825.5,526.12
830.49,1138.5
829.29,906.5
834.38,711.24
838.16,994.53
835,1193.9
838.08,802.54
843.32,756.93
844.66,1167.6
845.85,57.44
846.45,942.72
849.61,266.18
849.9,700.08
847.9,796
852.68,1118.9
850.29,115.96
851.57,1244.6
852.4,599.36
854.93,680.59
859.84,1036.2
862.96,308.66
862.35,44.388
864.14,25.922
868.15,525.95
864.8,567.34
865.91,454.91
868.55,506.04
872.14,126.14
873.06,971.65
873.87,6.2609
876.33,666.44
877.27,924.43
877.57,1078.3
878,266.76
879.43,637.98
878.6,850.64
884.46,1193.1
888.04,461.17
898.26,111.28
896.58,195.32
895.08,898.22
897.48,886.13
897.5,604
898.11,766.37
899.36,1150.5
902.5,1025.5
905.09,255.59
907.53,1179.5
912.85,1230
914.95,1010.2
912.46,1105.1
926.11,292.74
920,510.17
926.07,178.52
924.06,905.85
923.59,3.1707
928.07,1147.6
932.54,1054.5
930.15,265.35
934.02,795.09
934.17,424.93
934.39,731.69
933.34,407.85
935.46,389.29
939.33,24
939.58,1163.1
939.59,244.84
944.53,1177.8
951.35,716.6
947.54,1045.1
948,267
950.5,41.5
958.49,520.45
958.96,847.55
956.19,1051
957.02,80.804
955,88.5
959.13,1115
963.58,322.38
964.66,408.84
964.64,805.5
971.61,370.96
966.58,657.89
970.02,488.08
986.66,98.791
981.12,1178.3
987.12,57.169
988.72,1228.3
986.37,420.63
986.29,590.29
989.06,1200.7
988.89,666.56
989.78,971.26
991.12,607.42
992.56,744.08
989.87,1074.3
993.03,170.16
997.65,628.66
1000.2,339.02
997.89,469.43
998.32,954.25
999.78,265.49
998.37,675.37
1001.3,74.838
1002.9,1010.1
1002.6,590.94
1004.3,1089.5
1006.5,454.5
1016.1,938.5
1007.6,97.105
1015.5,904.21
1013.4,1123.6
1020.6,329.64
1020.5,636.07
1022.2,660.14
1024.4,699.48
1026.5,1031.5
1026.6,1014.6
1031.6,440.43
1032.3,757.46
1033.4,517.31
1032.1,1043
1042.1,657.61
1042.2,555.18
1044.3,677.05
1049.7,721.53
1051.4,154.99
1051.6,1081
1055.5,41.263
1053.3,1031.9
1055.3,870.05
1056.4,801.42
1055.6,530.42
1057.9,1208.4
1060.1,1155.7
1060.6,516.33
1063.6,623.05
1064,589.5
1067,180.9
1072.6,747.83
1071.6,1128.7
1075.4,714.44
1076.2,463.15
1074.4,514.85
1073.5,961
1074.9,287.85
1077,302.48
1080.5,406.94
1077,1185.5
1077.5,219.5
1077.1,1235.6
1078,151
1081.1,87.909
1085.4,944.82
1085.1,606.82
1086,1096.6
1089.8,1067.6
1092.4,1106.5
1095.3,211.82
1091.4,971.11
1095.8,1132.9
1095,1215.3
1096,678.17
1101.2,371.9
1099.9,835.06
1103,795.72
1103.5,273.84
1108.1,194.46
1107.6,756.35
1108.1,655.38
1109.6,534.45
1111.7,337.45
1112.4,905.37
1113.8,675.67
1115.1,13.38
1116.9,135.09
1117.5,856.5
1120.2,503.67
1129.2,1152.8
1131.4,369.98
1132.9,938.21
1128.5,1196.5
1135.1,44.843
1135.1,288.26
1135.9,812.95
1140.3,1051
1140,256.86
1145.3,572.06
1144.6,508.02
1150.2,318.79
1150.2,74.146
1150.5,124.9
1155.6,897.18
1156.1,1210.5
1156,101.5
1157.7,513.43
1163.5,552.87
1162.9,601.69
1173.5,700.77
1169.3,284.3
1165.9,577.74
1167.9,109.63
1168,1195.5
1171.1,39.655
1172.4,908.94
1172.5,1165.8
1173.5,597.5
1172.5,387.5
1173.4,98.6
1175.3,996
1178.8,427.49
1181.1,97.71
1184,213.49
1179.4,510.6
1182.1,1033.8
1183.2,463.74
1186,766.45
1184.6,1148
1186.8,901.4
1189.2,933.57
1186.5,300
1186.4,119.61
1188.1,1012.1
1189.7,510.46
1192.3,799
1194,362.33
1196.1,984.84
1198.4,71.151
1197.7,116.12
1200,1147.4
1204.5,82.333
1211,998.12
1211,557.43
1214.6,145.58
1215.3,1126.9
1217.7,943.9
1218.9,8.0638
1216.6,418.63
1217.1,714.08
1218,260.5
1225.8,1197.6
1223.4,1110.8
1225,606.34
1228.8,230.53
1227.7,1161.4
1230.8,409.33
1231.5,168
1233.4,791.89
1236.8,620.07
1237.1,966.91
1239.5,1010.8
1239.4,772.89
1240.4,858.63
1243.1,74.926
1245.2,485.08
1245.7,235.13
1246.3,967.76
1246.8,541.68
1247.1,123.62
