7,958
13,209.35
11.618,392
13,884.1
14.525,523.79
12,924
13.854,795.22
13.5,1130
14.611,429.14
16.705,1192.7
20.344,91.604
20.594,683.4
21.421,502.11
25.13,305.55
23.708,544.29
27.091,1013.1
32.881,584.79
31.63,789.89
36.062,713.61
37.906,483.13
37.091,629.91
42.512,284.87
43.043,423.09
40.037,827.93
45.196,1121.5
44.26,387.97
42.895,651.42
45.049,683.47
48.19,92.071
46.579,578.89
53.993,552.67
51.08,132.44
51.926,570.59
51.5,877.5
56.581,1018.5
64.487,312.56
60.34,354.94
60.091,1200.9
65.305,66.58
63.548,136.58
64.579,167.89
70.935,399.18
68.089,613.81
70.019,845.76
71.19,1202.9
74.583,368.9
75.925,691.29
75,353.5
79,1081
85.604,323.73
85.9,457.99
89.071,608.12
88.292,306.9
89.213,1212.1
91.03,500.12
99.744,349.09
107.46,925.92
100.94,185.91
108.16,294.52
104.42,66.105
109.81,1183.8
112.03,524.28
111,210.86
113.98,1075.1
118.5,41.276
122.34,285.14
121.5,311.8
125.25,543.35
123.78,343.37
126.45,96.508
125.96,325.88
127.58,694.57
132.47,491.85
133.54,58.045
134.2,308.73
133.8,520.06
136.96,630.16
143.52,669.71
136.08,703.54
135.88,800.65
136,1005
138.81,253.45
138.14,942.98
144.35,201.82
141.5,365.3
143.6,563.27
146.14,763.54
149.53,432.44
147.12,642.89
144.56,783.2
150.62,242.59
150.32,1066.4
150.94,1003.9
158.29,531.31
157.43,1031.2
161.12,184.9
160,495
161.47,921.93
161.44,436.92
166.89,841.87
163.86,952.42
166.12,483.12
168.65,118.73
174.92,1118.8
169.29,637.07
167.58,741.11
171.67,862.72
169.58,430.11
175.46,315.55
176.26,621.94
177.34,811
175.45,542.71
179.13,527.13
180.86,167.15
177.85,1011.5
179.4,700.4
188.32,570.12
182.09,1055.9
186.37,686.37
190.04,24.083
189.5,1143.5
191,538.5
191.83,595.53
196.32,160.93
196.62,3.4918
200.31,455.14
196.78,751.18
194.92,1030.4
198.86,313.19
202.48,590.2
200,1072
206.7,492.71
213.84,523.18
207.64,420.82
208.5,857.5
210.86,815.39
215.6,302.36
218.52,879.21
221.53,1170.2
219.29,418.07
225.4,936.13
223.04,1199.4
223.31,559.9
226.6,599.91
225.17,252
229.95,677.04
230.08,359.56
231.38,385.83
234.13,329.03
236.66,1018.7
237,1246.8
242.61,446.18
242.93,1227.4
244.88,802.15
244.38,71.219
251.88,326.1
250.17,653.11
252.24,50.637
248.67,1214
252.35,218.48
257.31,449.47
259.21,914.21
260.12,1021.6
264.57,346.98
261.5,158
264,763
268.44,114.5
265.58,510.11
268.5,938
272.83,410
275.69,1155.9
277.08,169.92
280.31,66.462
282.49,610.32
282.77,1213.9
285.07,455.28
284.99,831.51
291.09,17.379
291.44,72.096
289.12,893.5
289,118
289.09,792.91
298.11,374.18
297.17,1142
301.15,801.12
306.43,705.94
299,827.5
300.25,335.75
305.58,285.2
303.11,925.42
303.42,603.89
307.21,638.27
305.57,364.93
312.08,116.92
313.86,1121.6
318.32,889.45
314,615.5
324.86,139.5
328.26,1112.3
326,123
327.21,184.5
329.46,202.92
333.55,317.93
331.94,1035.5
343.99,1044.3
341,505
346.55,1030.5
346.38,517.5
347.95,965.41
352.98,640.03
353.63,689.42
356.68,42.043
359.57,101.23
358.63,56.196
369.42,61.105
378.69,1139
377.76,1193.1
378.44,470.73
378.93,260.05
381.53,55.333
382.76,784.28
385.91,598.91
388,689.62
387.4,934.98
399.86,143.41
398.1,1143.8
400.5,710.35
397.5,814.5
398.5,257.5
407.77,429.65
407.26,1131
407.41,728.55
407.5,747
415.61,348.39
417.59,7.4239
420.63,1083.5
421.63,250.95
420.39,613.86
421.45,1186.6
422.38,497.6
421.5,454.5
432.03,296.3
430.16,641.61
432.45,1062.5
438.43,466
437.68,707.94
441.05,49.663
442.63,316.14
458.53,8.9632
457.36,558.28
457.47,853.28
464.45,1127.5
464.5,1110
469.18,533.64
472.62,867.59
470.42,590.58
470.44,360.08
473.37,66.116
476.11,1095.4
477.62,459.45
477.14,476.5
480.04,897.63
479.59,760.02
484,687.65
489.89,883.63
492.06,851.34
491.91,105.91
495.07,565.02
493.43,822.39
498.2,195.12
498,795
501,1068
501.2,675.09
509.64,1200.7
509.33,785.6
507.08,179.92
512.33,421.38
513.81,484.93
517.29,255.5
518.5,1057.5
525.54,1184
526.57,399.44
524.75,673.17
525.38,990.69
527.54,1085.3
527.28,1153.8
528.12,182.69
529.47,1020.4
532.46,204.76
538.98,639.53
537.57,1049.7
542.17,63
543.71,29.548
545.1,484.69
546.91,658.27
551.08,709.36
549.13,9.5217
551.95,544.4
550.32,95.983
552.05,124.03
558.21,237.22
559.39,1240.9
560.57,994.51
572.28,584.18
573.78,915.53
579.85,1148.9
575.5,977
579.87,705.7
577.93,772.59
578.94,828.31
588,1215
581.33,215
589.69,4.1512
590.68,248.37
593.91,204.19
589.58,376.11
592.36,473.6
595.09,992.91
598.22,927.94
596.5,523.5
606.56,1133.2
599.64,274.5
600.59,309.59
602,230
603.88,1217.5
607.44,1240.4
613.19,997.62
613.05,136.59
613.63,36.925
613.12,507.35
626.23,105.84
619,788
621.82,589.03
621.14,25.143
623.36,138.5
629.06,895.26
634.44,1105.9
629.89,1144.6
632.55,269.29
634.96,1070.5
635.31,445.91
636.39,1221.2
640.37,649.52
640.88,459.12
643.5,380
644.96,750.43
651.21,1169
652.14,241.15
652.9,344.85
650.91,510.09
654.32,433.78
656.04,165.59
662.8,405.6
658.77,562.37
661.48,801.19
667.59,1053.6
674.8,328.65
669.5,384.5
674.82,343.98
676.2,1026.7
684.79,1102.8
677.1,710.74
677.58,901.42
692,29.358
688.09,113.61
681.42,206.89
683.4,456.64
687.74,937.41
686.87,57.147
689.8,1187.9
686.91,280.88
694.3,264.31
693,815
694,410.5
697.81,210.24
696,704.5
699.04,90.72
699.09,165.39
700.63,1075.6
702.94,1204
703.44,970.08
705.13,114.43
705,128.5
706,370
706.82,402.49
706.5,731.5
711,337
714.81,18.828
715.71,383.84
715.72,368.54
716.55,875.47
717.7,1033.4
727.07,1204.2
725.81,269.19
725.29,480.15
729.68,635.8
727.07,73.593
731.14,175.39
731.05,815.74
730.43,34.054
732.17,746
736.46,771.48
737.59,304.19
735.11,998.63
740.24,121.47
743.95,541.07
743.78,1110.5
748.52,658.87
747.07,1157.6
749.5,676.5
751.87,120.99
752.77,919.47
750.89,514.42
759.93,1093.2
757.44,427.47
754.16,490.04
755.84,1012
756.39,210.29
759.5,1133
760.59,928.93
766.87,963.43
776.04,1164.1
769.18,164.98
768.5,456.5
769.81,488.86
770,519
770.22,865.54
771.58,742.88
778.3,1028.7
781.86,469.39
784,843.75
786.21,629.73
790.81,361.88
793.46,291
793.42,531.37
797.1,498.91
796.28,810.75
794.83,1098.7
801.14,28.5
803,866.5
807.14,660.05
808.96,1156
812.5,253.75
810.47,410.44
814.07,484.59
815,870
816.53,918.93
819.5,262
834.02,1134.1
831.85,118.93
831.67,294
839.25,970.04
837.67,2.3939
844.02,247.79
847.94,115.91
852.69,765.06
860.82,1102.4
855.66,709.36
858.92,1068.8
859.04,73
859.37,1124.5
866.7,1027.1
871.98,424.82
875.89,1166
873.86,363.39
874.5,577
877.03,394.66
876.94,1139.1
882.24,181.39
882.07,671.01
881.94,350.2
886.13,1017.3
887,1156.5
897.83,149.82
893.17,405
896.69,125.93
898.32,419.22
900.67,758.92
902.37,1044.4
906.02,1205.4
907.02,576.99
904.67,689.08
907.8,136.41
911.1,1063.7
907.27,880.27
915.25,523.25
916.47,41.698
913.99,208.83
916.07,422.59
918.74,107.33
918.58,583.11
921.8,707.52
922.45,553.41
923.15,1025.9
923.31,569.09
926,671.5
926.82,423.98
936.24,523.41
932.07,88.593
937.89,165.56
938.9,77.962
936.5,100.5
937.48,310.22
939.12,553.39
939.02,1071.1
937.42,871.89
941.5,335
943.25,362.31
944,220
955.23,626.69
956.71,267.19
958.48,594.83
957.29,232.53
959.81,391.68
965.82,917.93
968.93,402.95
969.91,1140.4
972.49,154.57
971.08,504.47
970.05,975.09
971.64,69.682
972.95,185.68
975.36,1111.1
972.29,61.286
979.43,999.65
975.81,450.78
978.5,519.12
979.33,658.44
979.6,187.6
981.38,799.5
981.5,233.5
984.74,607.82
984.11,109.11
985.25,324.64
984.07,352.59
986.34,649.08
989.45,863.23
993.98,842.02
990.42,1188.9
995.92,563.24
995.89,1205.7
995,1032
997.68,365.48
998.94,161.79
1001.3,207.69
999.5,1229.5
1004.5,122.92
1004,465.5
1009.7,139.84
1008.9,404.05
1009.7,827.69
1017.2,670.21
1014.3,842.19
1015.6,97.892
1021.2,716.44
1017.4,617.07
1020,1161.8
1023.1,907.46
1029.1,426.36
1026.4,605.89
1026.5,994.5
1030.4,485.39
1031.1,1042
1032.8,311.13
1034.1,168.14
1034.2,513.81
1035.5,611.93
1036.8,73
1040.2,981.34
1042.6,1014.4
1043.9,1152.6
1043,555.56
1045.8,762.3
1053,233.86
1052.6,371.24
1051.9,173.5
1061.3,147.66
1069.5,915.15
1068.5,784.36
1069.5,329
1071.8,1092.5
1072.1,160.41
1076.1,688.43
1078.6,438.1
1078.6,541.91
1075.9,614.59
1080.9,1203.3
1086.3,261.11
1090.5,690.67
1090.1,509
1093.4,1007.2
1091.8,1087.6
1094.9,757.85
1100,107.48
1100.4,655.47
1104,79.5
1105.1,238.5
1113.8,934
1111.6,381.14
1117.1,237.1
1119,81.186
1122.5,370.83
1122.3,458.51
1122.1,521.58
1125.6,141.77
1121.2,606.7
1124.9,336.12
1126.7,809.21
1128.8,1047.3
1135.1,1135.4
1141,292.03
1137.2,3.6531
1139.1,18.094
1137.5,630.5
1144,704.93
1146.8,1045.4
1151.5,1224.2
1147.7,652.64
1152.4,5.0741
1152.8,900.93
1154,442
1157,261.13
1156.4,724.89
1163.2,195.47
1163.4,35.448
1163.1,108.41
1165,332.79
1167.4,865.42
1176,41.709
1175,736.5
1181.1,114.27
1179.7,317.18
1182.4,370.44
1179.6,497.63
1179.4,1060.8
1184.1,75.433
1181.4,527.45
1189.5,46
1194.3,940.12
1198,903.32
1201.4,991.88
1203,145.83
1204.4,740.15
1206.6,275.31
1206.8,593.13
1208.2,368.21
1210.1,536
1219.8,997.72
1222,117.53
1217.9,557.63
1221,70.048
1221.4,687.74
1225.6,1079.4
1220,626
1219.9,938.16
1223.6,244.82
1224,417
1230.4,1138.4
1227,355.5
1230.3,8.1
1234,794.96
1234.8,929.58
1235.7,34.911
1234.5,1.5
1239.5,613.9
1237.4,898.62
1244,26.641
1240.7,593
1244.7,391.64
1244.8,564.97
1245.8,535.87
1246.3,335.5
1246.7,369
