7.015,55.226
3.2188,166.38
5.1429,199.56
5.5789,492.29
1.8,543.8
5.0263,1135
3,456
8.5417,430.38
14.075,934.63
8.2903,992.71
14.425,12.415
8.2137,531.73
12.4,232.6
13.409,1197.5
15.881,649.07
14.917,210.08
16,462.5
21.2,605.25
21.024,500.4
20.9,245.5
42.345,542.04
22.143,1037.1
24.083,1051.1
30.364,1238.3
27.553,911.91
32.576,327.47
30.459,768.78
34.986,1028.4
38.584,104.08
39.262,499.33
33.6,517.6
37.042,209.62
36.057,410.57
34.667,1004
35.4,138.4
35.421,180.89
39.917,248.92
39.579,920.89
45.551,231.76
41.846,402.54
44.027,601.96
45.386,353.59
44.667,135
46.357,868.88
51.345,1143.8
53.077,1079.8
56.298,699.61
59.069,453.27
58.824,650.48
57,1012.2
59.247,215.38
65.656,744.53
67.255,1101
66.5,968.5
67.459,100.92
68.63,513.48
71.565,259.32
72.889,164.47
73.129,696.84
76.86,40.86
76.794,136.5
79.931,229.88
80.515,657.44
84.24,848.4
83.069,397.41
83.878,754.69
87.642,957.47
94.325,596.8
91.147,705.12
88.543,722.7
89.654,628.26
87.667,692.17
91.912,125.78
94,1065
96.875,1216.4
110.96,308.17
98,668
100.94,380.57
101.45,1230.8
101.9,1030
104,1110.9
109.27,78.301
103.11,182.42
106.87,717.6
104.83,348.4
111.31,840.88
105.37,1160.3
109.49,699.84
117.1,802.19
111.42,932.32
110.41,597.06
111.72,902.7
113.65,1058.1
116.03,404.48
117,989.5
127.06,7.0958
120.86,872.97
124.61,843.18
124.22,414.14
136.69,474.08
136,299.76
136.81,1155.7
136.67,331
139.72,415.56
141.39,851.41
139.39,869.14
144.39,693.43
143.5,986
147,1137.7
152.97,19.114
152.18,677.47
149.5,777.91
151,639.5
153.66,428.41
153,723.5
155.87,331.28
156.6,454.11
158,389.5
159.71,1034.3
163.8,501.26
163.74,778.03
161.89,838.93
167.3,806.08
167.71,1191.3
170.8,288.38
168.83,144
169.28,911.48
169.88,988.88
170.42,265.89
171.85,963.67
174.92,524.94
175.37,644.65
173.42,690.42
174.5,84.5
181.29,1008.5
183.74,468.21
180.5,617
184.51,24.043
185.64,296.34
182.5,280.5
189.31,112.41
188.02,265.79
191.44,700.74
190.11,996.29
194.81,1021.9
191,776
199.89,1040.3
193.93,853.98
197.43,436.53
199.26,643.38
198.19,801.8
197.21,1163.2
198.53,1055.3
204,416
203.33,494
204.1,701.16
207.69,565.34
206.55,842.94
208.19,1019.4
210.11,363.6
209.17,1154.8
214.34,401.95
218.71,1184.1
222.53,1025.6
220.45,133.6
222.21,1164.6
226.53,1042.4
225,100.68
226.09,592.09
228.42,533.58
227.5,650
228.09,893.91
229.53,1199.4
233.02,205.22
229.92,1115.5
231.17,415
231.07,644.56
232.86,840.27
236.77,803.25
235.92,20.56
245.46,526.12
239.66,951.54
239.61,1154.3
238.5,123
245.05,876.93
242.08,5.2027
245.71,1040.7
241.06,215.91
241,1233.2
243,377.86
246.18,736.8
244.95,936.1
251.14,168.55
247.48,1221.2
249.84,655.13
255.5,149.6
250.62,461.11
252.66,1170
251.43,230.18
252.6,199.27
253.42,1140
254.5,503.5
260.64,810.84
260.33,698.16
256.42,972.89
259.26,33
259.26,591.32
261.71,336.04
267.45,188.6
264.2,1104.6
263.93,601.75
265.36,168.62
265.92,1053.1
269.72,321.51
266.79,978.28
266.56,635.92
269.46,668.12
280.73,586.74
270.05,654.07
275.28,1000.1
275.79,74.468
274.34,279.56
275.13,137.03
275.5,553
280.9,53.07
280.14,25.57
277.93,170.07
282.28,883.98
284.25,1227.6
284.5,1116.9
283.37,652.27
283,772
283,908
289.4,461.6
288.5,314.5
291.86,1171.5
292,398.5
296.09,809.13
297.67,290.83
299.8,1036.4
300.03,123.4
304.44,375.29
302.81,558.01
302.23,573.91
307.4,674.02
302.43,1091.6
310.62,301.82
312.35,660.56
316.74,244.68
316.71,460.59
314.15,864.46
319,975.13
330.77,59.097
320.4,633.27
322.5,827.5
324.56,18.442
325.5,916
327.43,281.05
327.65,1125.1
329.09,669.91
331.27,1153
338.02,1233.1
338.11,75.425
335.5,704.5
337.71,364.5
337.64,442.86
337.37,1114.5
341.34,1088.8
340.62,1061.6
340.34,841.41
344.34,993.08
346.04,651.24
343.93,1139.9
346.44,175.8
348.5,193
350.08,611.52
346.91,1180.1
352.45,562.47
352,1222.5
358.38,730.12
357.97,26.1
362.09,660.47
363.39,439.23
363.61,417.14
364.08,1099.9
368.53,849.67
365.83,912.29
368.31,1070.2
370.12,279.29
368.05,814.07
370.09,1053.6
369.89,987.37
375.28,183.14
371.91,661.95
378.8,206.72
375.83,649
380.71,65.588
386.28,671.34
388.13,892.72
394.5,713.35
393.77,771.05
393.04,229.65
396.97,325.71
394.95,455.02
395.25,817.86
397.35,875.94
400.98,543.08
401.35,103.35
404.6,272.51
402.86,1209.8
405.58,154.91
406.13,414.13
406.72,717.66
407.68,857.6
406,219.32
413.53,31.758
410.5,1083.5
413.37,1148.6
417.07,359.19
417.83,595
419,193
423.15,223.14
420.34,340.53
424.12,710.2
429.36,857.49
422.5,53
421.5,116.38
422.2,1068.6
424.38,666.62
428.25,1121.9
433.32,436.88
433.35,288.3
433.1,68.839
435.38,662.38
436.39,322.42
437.83,546.83
438.98,91.097
438,164.86
445.29,1219.7
446.22,650.14
450.46,163.62
450.86,54.092
448,729.5
449,90.174
451.07,743.98
453.17,1181.5
453.69,408.83
458.59,151.65
460.02,630.22
458.33,220
458.95,249.09
460,58.143
460.5,719.5
467.22,461.97
465.84,1004
464.86,104.5
465.59,380.55
467.22,433.56
471,326
476.29,610.72
479.15,167.52
477.31,656.89
481.62,1079.9
484.86,197.14
486.38,841.34
486.92,470.56
492.38,99.111
493.59,249.39
490.93,1162.4
492.94,224.2
492.5,998.61
492.66,1069.5
500.64,592.69
500,715.5
505.77,41.056
505.51,388.83
504.7,517.3
505.08,165.75
506.04,1068.7
508.07,218.03
510.75,1127
512.92,336.08
523.06,627.79
518.57,869.32
523.97,317.36
522,840.76
525.66,596.85
526.28,513.05
524.59,693.48
530.42,154.68
530.95,301.98
535.34,885.26
531.4,733.36
531.47,986.16
536.43,368.04
532.58,643.55
533.58,832.89
535,190.5
539.38,69.452
543.75,579.2
545.56,848.03
544.08,977.44
550.44,20.625
552.13,1218.9
558.28,684.27
554.7,479.15
551.78,1146.8
553.21,763.95
554.49,1015.4
555.55,826.97
558.94,291.33
557.88,573.94
561.34,531.63
561.43,1184.1
562.55,93.769
570.11,517.91
567.29,720.55
569.95,495.95
570.84,122.59
570.55,1031.1
570.75,1042.2
573.03,758.06
574,956.76
578.32,1185.1
579.74,607.88
584.29,330.25
584.73,663.27
588.23,53.688
585.66,126.29
586.2,1244.2
586.47,840.72
588.34,678.53
589.97,915.71
591.91,216.63
590,1185
594.59,573.62
599.17,207.33
604.08,283.33
601.42,640.89
606.47,777.15
606.08,698.61
612.33,11.75
610.69,380.99
613.56,682.46
615.36,216.91
614,500
617.46,900.53
614.56,1058.4
619.04,516.03
619.58,935.11
623.96,641.32
624.07,974.14
626.96,498.84
625.53,809.94
627.29,1196.5
636.29,1240.6
628.63,1180.5
638.59,344.97
635,1063
637.71,260.42
636.61,832.14
638.83,1004.5
642.16,685.59
639,1029.5
642.5,1075.9
641.15,597.95
640.32,904.08
645.89,522.74
644.85,650.54
647.81,367.07
647.08,435.92
652.39,103.54
652.33,955.5
653.02,499.48
656,636.49
658.99,725.7
654.91,998.91
656.88,25.346
659.79,73.468
663.87,681.19
664.84,208
667.46,170.67
664.93,1086.6
668.11,1198.5
668.5,895
672.27,750.43
676.02,94.317
675.63,310.37
679.03,784.51
677.35,865.47
678,236
680.59,398.61
681.55,718.45
681.53,1112.9
683.56,1068.2
683.59,660.07
689.71,189.32
690.49,524.78
689.13,701.87
688.46,796.22
687.93,822.59
688.44,953.92
689.84,136.69
698.95,807.13
700.86,467.07
701.82,654.29
708.22,917.36
707.09,1151.9
709.45,1211.8
710.5,993.86
712.79,497.05
712.75,701.54
713.58,536.55
720.18,439.49
719.41,472.24
722.1,827.22
721.2,734.56
727.1,565.14
722.42,483.11
727.91,303.09
732.08,592.77
734.7,947.33
729.93,492.44
732.47,930.78
734.02,150.55
734.81,798.14
737.02,993.45
739.82,736.09
739.16,483.99
749.21,324.54
742.41,530.12
747.92,1179.3
749.34,627.03
753.92,647.09
751.5,125.7
752.52,61.933
753.88,1105.2
752.19,533.74
757.68,914.17
758.5,942
761.81,1038.5
762.57,106.53
769.38,607.59
766.31,1135.4
770.88,459.26
767.48,934.1
767.89,147.42
772.5,209
773.06,279.45
776.42,361.55
782.53,89
779.42,1236.9
783.43,370.13
784.93,351.41
788.9,28.633
791.63,899.8
794.15,501.78
790.6,46.4
790,83
791.65,949.94
793.45,1211
797.34,879.98
795.88,791.12
801.48,1226
803.65,161.21
802.89,824.04
801.58,844.57
805.71,130.22
803.99,316.07
806.26,239.69
807.19,605.75
804.55,1036.7
812.42,183
813.06,859.39
814.85,917.08
810.96,938.43
812,890.65
814.27,569.35
813.5,744
818,1036.5
819.36,750.57
819.5,949.6
823.64,1022.5
827.08,635.7
823.25,767.92
825.53,1088.1
830.6,186.53
831.63,489.42
832.15,741.27
835.35,804.43
836.51,1245.9
842.29,1149.8
836.35,339.5
842.37,269.15
836.4,522.4
838.91,654.16
840.95,765.95
840.07,776.59
846.64,87.696
847.5,918.39
844.69,1031.1
845.64,344.68
849.41,702.91
846,1247.5
852.03,1119.3
852.92,656.95
857.04,258.2
858.49,441.92
860.29,1191.1
858,934.5
864.18,123.93
866.75,1078.8
865.44,33.08
868.27,926.71
869.5,200
869.38,1167.9
871.96,903.64
876.8,949.22
873.74,1113.7
873.04,593.07
876.45,799.59
880.9,466.6
879.29,662.21
877.5,992.5
881.3,206.22
880.17,281
884.03,525.38
881.44,605.44
885.41,714.15
891.93,117.47
890.83,902
888.58,1034.4
889.27,763.96
888.59,593.59
896.32,427.11
894.96,1001.4
896.53,70.729
899.8,1200.5
902.31,155.95
904.53,488.93
910.83,717.25
911.5,219.5
914.23,1019.6
915.14,113.5
922.24,299.16
919.99,917.7
921.09,1214.9
923.83,779
928.03,43.293
926.44,270.98
927.47,801.37
931.27,498.98
931.7,529.32
931.37,337.37
934.18,589.59
943.37,721.96
935.52,1136.7
933.5,92.5
936.66,1166.5
938.06,1039.3
941.74,626.22
942.39,698.05
942.56,436.8
943.89,893.42
950.75,762.14
949.26,366
949.91,202.09
958.52,25.376
957.72,327.6
957.57,269.31
956.65,500
956.1,624.1
954.91,996.09
956.42,704.11
963.23,838.46
959.74,1158.9
972.43,491.78
969.41,801.98
973.79,519.48
971.08,430.44
973.54,1198.9
975.52,108.49
974.72,547.53
976.71,663.65
979,1181.4
979.75,866.93
979.62,595.43
991.3,285.8
997.95,92.764
992.19,265.74
997.07,607.15
997.87,342.55
996.39,857.21
994.2,910.68
999.9,987.77
997.33,846
997.5,1137
1003.4,1082.9
1001.8,425
1002.1,458.91
1012.9,325.53
1013.5,938.62
1009.8,1024.9
1014.4,1060.2
1013.1,985.81
1013.5,167.58
1014.4,356.93
1014.2,469.94
1015.6,1074.2
1015.6,506
1015.2,1156.8
1018.5,446.29
1020.9,490.76
1018.6,53.233
1020.2,920.43
1021.7,127.7
1023.5,1031.2
1021.5,139.26
1026.3,538
1026.7,7.2793
1025.6,906.05
1027.2,1003
1027.8,46.925
1029.8,514.81
1033.2,137
1036.9,1118.8
1034.6,1142.3
1036.1,691.23
1037.3,23.141
1042.4,654.55
1038.6,106
1036.9,529.41
1041.3,740.28
1040.6,1014
1045.2,133.35
1045.6,507.47
1048.3,1071.7
1047.7,1037.1
1054.1,106.54
1053.5,266.44
1060,665.24
1057.8,490
1063.6,76
1063.1,569.28
1064.5,527.5
1066.1,589.5
1066.9,890.99
1072.6,720.84
1075.5,409.74
1075.8,1142.2
1079.7,1090.3
1080.4,268.92
1080.2,506.08
1080.6,291.52
1082.1,884.96
1084.8,757.93
1086.6,740.52
1087,551.81
1086.3,698.56
1090,1070.7
1091,625.33
1087.8,160
1092.9,1132.2
1091,128.36
1090.4,783.89
1098.2,375.06
1097.5,221.5
1096.8,637.26
1097.1,1023.9
1101.8,4.8537
1099.3,1093.1
1100.2,597.93
1099.8,538.44
1103.6,24.625
1102.9,65.478
1107.2,856.99
1105.4,198.78
1106.2,896.06
1109.3,290.74
1110.2,59.533
1109.5,804.5
1110.6,1133.6
1114.9,138.38
1114,777.93
1118.1,1162.7
1117.8,984.54
1120.8,156.7
1122.3,842.9
1122.6,37.701
1121.4,114.46
1119.2,1199.2
1123.1,354.38
1125.7,374.21
1123.7,245.08
1127.5,944.55
1128.7,1154
1133.4,49.14
1138,1053.6
1136.6,619.5
1137.2,1137.6
1136.9,736.38
1137.8,991.27
1137.6,153.09
1137,828.62
1142.1,510.6
1141.4,882.55
1144.6,231.69
1161.8,753.66
1151.3,171.45
1151,412
1153.2,852.48
1167.1,108.74
1152.6,598.11
1154.4,628.5
1158,715.93
1158.8,794.53
1163.9,906.45
1162,426
1166.7,287.33
1180,711.7
1168.9,10.757
1169.4,958.43
1171.2,1100.8
1176.4,481.78
1176.2,982.81
1179.5,219.53
1184.9,23.759
1179.6,424.18
1180,787.32
1179.9,1073.4
1184.8,51.987
1184.4,299.64
1190.4,463.79
1189,938.34
1186.4,513.21
1187.4,372.04
1190.9,78.794
1193.1,547.76
1193,637.93
1197.6,1031.9
1201.4,276.01
1202.1,464.91
1205,291.5
1207,497.63
1209.4,652.42
1213.7,919.13
1214.4,80.424
1219.1,144.91
1217,894.08
1216.7,937.55
1220.2,7.1102
1217.4,66.235
1222.4,42.932
1220.1,860.31
1222.3,1206.3
1224.5,332.9
1227.2,909.3
1231.1,1230.1
1239.7,861.31
1236.8,270.84
1239.5,104.24
1238,248.3
1239.9,915.35
1244,478.11
1244.6,1061.7
1246,387.5
