2.8056,488.53
3.9091,151.09
6.76,131.06
7.1149,246.9
8.8864,584.2
12.227,97.773
16.455,192.44
17.535,688.72
18.769,1189.5
20.354,109.58
21.259,919.89
22.635,22.433
27.822,218.6
30,96.826
33.972,140.15
35.212,476.2
32.879,919
36.236,1019.4
35.5,905
45.1,629.62
42.273,596.08
40,466.5
45.448,421.46
49.303,105.51
47.581,810.42
51.127,562.94
52.829,898.39
52.726,1033.3
54.714,172.64
55,915.39
55,982
55.167,53.067
59.752,1173.8
58.797,745
65.5,162.5
66.317,121.6
70.022,148.02
66.9,438.38
69.901,719.1
76.883,164.12
81.887,346.17
78.939,186.57
79.021,441.54
83.62,650.88
86.181,500.6
85.95,300.93
86.147,913.88
91.835,888.3
91.826,207
92.625,408.38
98.041,680
98.7,454.5
100.55,1057.5
105.95,806.65
105.63,1216.6
109.79,108.71
110.77,1163
114.08,949.89
118.46,507.98
118.46,706.63
122.24,221.32
121.4,32.113
123.64,573.56
124.39,988.9
124.56,1240.2
127.82,955.79
132.1,497.16
128.5,1175.5
129.47,266.06
128.42,1002.9
129.42,80.895
138.22,395.85
136.93,682.8
144.95,154.85
149.36,25.848
150.6,737.24
148.27,1031
149.57,1232.8
152.39,758.86
159.45,71.748
153.8,1075.6
158.8,576.44
159.37,546.62
160,1037
162.53,743.47
164.55,518.64
164.19,1127.1
169.9,46.355
166.86,644.86
180.21,1022.2
174.05,1191.5
176.35,384.46
176.42,199.89
183.06,993.6
180.88,160.16
182.18,907.54
181.91,750.09
188,844.87
193.18,406.27
189.94,1162.9
194.53,773.21
193.34,1128.5
197.4,1106.7
197.63,268.56
204.44,464.49
205.19,596.93
200.21,45.913
204.87,384.96
215.29,510.64
212.83,757
216.56,149.69
216,631.17
216.7,810.5
226.19,273.8
220.77,1237.3
225.8,242.17
221.92,1024.9
224.8,1050.3
224.5,1207
229.78,676.66
226.66,631.82
225,979.5
227.5,57.5
230.99,13.778
231.21,455.6
231.31,922.91
232.5,1043
241.13,77.28
235,1057.7
237.85,122.82
239.58,1101.9
246.64,812.85
247.69,253.27
246.39,55.868
248.62,526.62
248.56,1081.7
250.03,302.73
251.67,347
259.49,372.75
252.58,1177.9
256.86,711.65
258.03,951.06
259.59,204.64
262.36,460.69
261.13,1048.6
264.6,50.744
267.19,76.69
263.69,225.17
262.5,354.5
263.11,982.53
265.3,156.31
268.57,688.94
265.06,719.43
267.18,277.19
274.04,475.51
271.39,853.14
275.82,284.6
277.86,1155.9
283.83,747.4
286.98,39.346
283.5,509.15
295.35,123.66
284.97,267.08
284.44,597.98
287.06,540.43
289.17,181
292.42,516.58
296.2,1214.7
294.92,1140.6
298.13,391.67
300.48,654.82
305.74,923.18
303.65,326.93
304.97,614.24
303.23,992.07
307.19,38.935
310.63,231.85
310.58,424.88
309.09,303.12
312.23,403.23
311.5,649
316.27,779.99
314.42,87.146
317.88,727.12
317.93,501.93
319.88,571.3
322.72,75.402
319.94,362.09
322.13,870.44
320.91,896.09
323.56,331.45
328.47,156.11
338.62,117.57
337.62,403.11
337.17,495
336.93,992.41
341.32,732.11
342.99,1041.9
347.77,415.08
341,531.15
342.44,25.8
341.85,322.65
348.34,1108.8
344,192.81
345.35,971.29
349.38,1188.5
348.13,1214
350.79,355.72
351.17,62.521
351.09,1066.9
349.42,844.11
354.75,6.7786
351.82,737.24
355.07,25.95
360.25,1013.7
357.32,1137.1
361.27,138.45
360.2,469.8
364.87,462.34
368.74,629.75
365.53,854.26
368.28,1028.2
367.76,41
367.04,1047.3
379.9,74.276
385.61,589.19
378.26,547.51
383.39,374.39
385.05,1243.2
390.84,299.86
385.86,409.39
389,237.5
394.03,253.37
393.44,341.92
394.38,499.62
395.67,809
397.7,18.476
398.27,143.65
399.33,680.37
404.1,831.43
405.49,111.15
405.75,177.3
416.58,497.84
413.6,416.64
415.46,775.92
417.82,929.66
419.52,992.25
416.84,373.97
420.7,517.69
418,612
428.05,1138.6
428.41,218.96
427.07,148.51
430,104
441.18,161.36
440.09,1027.4
443.52,214.98
443.11,132.15
449.54,317.09
448.5,260.5
447.23,409.27
453.67,444.54
448.33,665
457.28,684.56
454.68,394.05
457.02,995.39
456.18,1135
461.52,182.37
465.29,337.58
464.34,570.41
466.43,3.7347
468.68,89.162
471.94,601.14
471.77,254.43
471.4,687.17
471.07,518.59
472.84,21.842
480.54,225.35
474,476
476.34,192.92
478.66,1036.2
477.89,286.86
480.42,972.11
487.58,766.55
492,474.15
496.5,662.24
493.86,145.99
495.08,527.44
497.85,548.26
500.92,326.92
503,380.25
503.93,180.59
504.36,1004.5
511.16,416.55
514.66,1158.5
513.27,219.45
515.23,602.46
521.02,79.708
518.8,742.5
523.02,505.38
524.59,701.37
523.12,40.36
523.89,949.42
525,769.5
533.06,1092.9
532.97,673.54
538.37,815.21
541.4,647.57
539.4,925.28
545.43,44.656
548.27,500.42
545,90.5
548.99,343.4
551.65,102.48
553.33,322.84
556.65,1094.1
556.48,1152
552.94,935.09
557.69,119.31
557.3,814.15
571.35,901.75
565.87,239.13
563.91,1188.9
573.52,564.75
568.39,768.87
572.12,327.2
574.45,358.34
579.42,433.54
579.5,471.65
584.37,13.955
583.57,1205.3
585.57,481.61
589.81,376.62
590.04,70.644
589.5,53
594.1,100.5
598.38,48.375
602.98,867.42
605.37,352.43
607.71,188.65
606,401.68
611.71,1212.8
613.47,62.8
617.56,986.67
624.56,301.76
619.6,441.06
618.57,745.95
623.57,780.7
626.45,1237.7
626.91,1188.9
635.59,27.573
635.5,397.19
638.07,65.778
647.64,102.74
639.73,860.59
644.42,439.48
643.5,1103.5
648.58,489.94
653.33,230.73
658.69,1129.1
659.45,958.17
661.94,1224.5
664.77,867.51
661.5,402
663.84,1002.1
668.75,239.45
670.48,901.11
675.73,247.27
682.86,815.01
686.46,514.23
686.38,1046.6
694.31,632.04
690.95,24.158
699.32,354.18
699.92,414.13
699.33,1016.8
705.68,66.786
707.61,819.17
707.98,576.45
709.1,395.62
708.87,745.5
708.42,619.11
712.51,990.53
715.36,775.34
712.51,1230
721.55,279.55
722.29,487.05
733.92,135.77
736.75,451.63
732.92,465.56
736.52,732.64
736.5,784
740.44,1124.5
739.68,302.05
742.81,1220
741.54,619.06
742,606.32
743,759.36
744.06,4.2979
745.44,396.08
748,413.5
746.98,986.48
751.96,1064.8
752.76,1156
753.5,1246.6
757.93,285.12
759.77,371.63
760.09,449.52
768.9,404.9
764.64,746.57
763.69,1046.1
764.5,946.5
768.29,18.653
770.22,118.74
774.17,611
777.88,658.07
776.5,698
774.42,501.89
786.87,1020.4
786.09,674.1
784.07,628.41
788.34,69.562
786.75,485.08
798,666.4
800.5,808
803.89,491.94
805.75,609.17
806.9,699.95
816.11,390.62
823.86,1086.9
829.14,423.38
831.89,1243.7
836.09,30.91
837.1,1128.3
838.43,460.91
843.58,862.25
845.84,1022.1
847.53,447.79
847.57,1197.3
846.32,580.58
850.04,18.871
851.19,329.26
852.91,961.18
852.42,504.45
857.27,1083.6
862.98,689.27
859.6,591.6
861.89,1209.4
864.7,21.516
869.68,462
875,536.48
869.42,617.89
873.46,907.1
874,1072.1
878.81,425.84
878.54,806.2
882.13,1207
880.06,1001.1
889.68,587.12
886.5,413.5
887.96,753.87
891.14,474.37
890.63,1131.4
897.32,464.15
893,485
892,528
895.94,813.91
894.85,1239.5
899.64,522.39
899.59,442.57
898.72,658.53
906.28,488.83
903.58,21.105
906,1225.5
909.52,66.321
912.88,650.91
911.25,459.75
912.91,1019.9
914.94,732.91
917.18,474.09
916.5,949
919,259.74
920.15,1241.5
921.73,35.649
926.23,590.47
923.07,615.59
928.09,53.881
933.3,1023.8
931.79,395.87
935.59,492.64
930.11,651.58
942.92,784.03
931,1194.7
934.5,466.65
933.92,1110.4
933,533.32
934.72,895.38
936.8,666.91
935.5,1001.5
938.58,1170.5
943.87,1042.9
943.63,444.05
944.02,1134.6
945.17,326
949.92,456.26
949.59,873.17
950.05,1199.7
956.62,505.58
950.43,365.39
953.56,982.92
963.56,817.98
966.62,5.5897
964.95,530.16
967.06,639.92
964.48,1178.8
966.24,846.04
968.41,195.72
966.49,476.67
968.03,1216.4
969.61,995.14
975.84,131.03
974.06,327.15
972.44,235.8
974.11,711.51
976.75,517.13
982.64,300.44
978.59,1205.8
981.23,625.72
982,1102
983,943
984.58,930.89
989.73,806.88
989.42,1042.9
993.66,703.15
994.55,1244.7
997.88,1188.5
1001.9,685.69
1003,1031.3
1007,590.76
1002.1,742.92
1003.4,99.895
1008.4,426.29
1015.1,63.56
1014.7,163.54
1013.5,1201
1017.9,475.03
1017.5,515.22
1017.5,756
1025.3,569.1
1022.5,355.86
1029.1,1082.5
1025.6,282.8
1023.9,525.97
1027.9,703.07
1027.5,782
1031.7,930.7
1030,545.33
1033.5,75
1034,110.61
1037.8,398.78
1041.5,473.55
1041.4,534.39
1044.3,1208.6
1043,1000.5
1048.2,385.48
1047.9,1193.7
1047.9,446.05
1048.6,850.13
1053.4,950.99
1054.3,229.48
1055.1,336.6
1054.8,1059
1054,895.5
1059.3,556.27
1060,393.27
1058.5,423.29
1062.4,1028
1066.9,203.68
1060.4,467.4
1063.1,237
1066.7,635.09
1066.8,1238.7
1071.3,495.61
1071.1,146.88
1069.6,449.11
1069.9,677.65
1074.3,241.31
1074.4,1058.5
1075.9,1040.3
1079.5,874.4
1077.6,383.61
1082.1,657.27
1081.5,82.5
1085.8,487.74
1090.3,262.98
1090.5,832.4
1090.9,1026.7
1091.7,541.52
1091.4,382.11
1095.7,190.22
1094.7,220.74
1097,453.08
1096.7,632.7
1094.4,652.61
1098.6,738.6
1101.5,547.34
1101.8,976.66
1103.6,526.29
1102.4,27.895
1102.9,429.09
1106.9,1200.2
1109.4,594.9
1114.7,716.41
1114.8,248.69
1113.2,1066.5
1121.5,53.392
1119.1,37.593
1126,919.62
1124.8,69.308
1134.5,1021.3
1130.6,100.45
1131.4,1145.1
1135.3,592.79
1133,1010
1137.5,983.83
1138.7,1158.6
1141.1,478.91
1144.2,1213.5
1150.2,764.18
1150.6,332.86
1152.7,835.83
1151.1,396.09
1152.3,671.36
1155.4,236.04
1157.5,653.96
1158.3,602.32
1157.6,927.41
1160,267.07
1161.9,893.9
1163.7,962.14
1165.7,430.5
1165,540.68
1166.1,1002.9
1173.1,171.66
1177.6,581.88
1176.6,1054.5
1177.3,451.18
1180.8,925.89
1180.3,1085
1179.4,84.375
1180.7,685
1181.6,121.3
1192.6,275.16
1191,891.93
1192.4,88.964
1193.5,700
1193,1137.9
1199.1,767
1203.1,121.76
1201.1,862.08
1202.1,647.41
1203.4,525.63
1204,1101.5
1207.9,1198.5
1213.8,223.98
1211.4,891.18
1211.8,202.93
1212,686
1215.8,373.85
1215,565
1217.4,670.1
1226.4,1189.1
1228.9,881.17
1227.2,41.432
1227.3,514
1239.3,259.23
1231.8,437.56
1232,1212.5
1232.5,629
1234.3,1232
1241.1,750.38
1239.3,1136
1239.5,781.07
1241.2,836.39
1242.6,370.28
1246.6,1164.5
