3.2222,154.29
6.4187,320.76
2.4211,580.11
5.0943,979.16
3.4167,1163.1
5.1639,549.07
7.4051,809.81
13.506,143.75
11.429,678.94
15.786,701.49
12.226,711.84
14.5,1171.1
15.609,689.43
20.268,744.55
17.547,1127.6
20.98,472.64
24.325,629.93
23.926,276.59
25.5,1168.5
32.952,813.95
30.603,215.4
35.697,1047.4
37.156,1003.6
41.642,612.13
41.444,703.83
44.688,37.474
47.591,289.47
48.836,545.2
47.051,980.68
51.717,1036
48.579,21.895
52,846.17
52.322,347.05
59.719,75.338
61.5,303.74
60.053,876.92
59.074,1065.6
69.255,271.7
67.684,540.05
69.116,224.05
74.132,772.5
75.091,505.09
78.414,762.59
83.163,847.66
83.676,1074.8
86.5,682
92.657,264.45
95.213,244.26
93.091,1020.9
96.804,193.92
96.17,432.34
96.5,15
98.667,624.35
99.909,1200.9
106.72,462.08
107.77,1088.1
104.5,200.5
105.5,248.5
106.69,723.83
112.41,1208.5
111.68,542.78
117.62,966.87
115,740
119.96,996.79
118.8,188.86
121.58,1029.9
124.77,1174.6
126.14,389.65
126.46,759.45
127.46,980.92
141.7,1055.4
138.14,208
141.89,787.81
140.2,1216.4
143.83,29.13
147.5,937
148.07,995.59
151.07,1235
154.94,939.38
155.55,724.71
158.73,1121.8
161.72,602.85
160.06,89.816
163.5,226.5
161.5,1023.5
165.42,251.89
170.94,491.48
170.55,709.71
170.17,1016
174,1165
174.81,245.86
176.17,908.4
180.5,285
183.18,1134.5
182,880.5
186.5,27.26
186.62,112.9
184.9,1078.8
185.5,483.5
192.11,682.26
190,986
190.87,1057.1
195.9,306.38
196.42,660.58
201.89,399.36
202.5,982.5
206.91,519.71
210.77,488.94
209,216
214.56,251.67
215.94,204.78
217.74,1009
224.33,1186.2
224,36.5
226.4,653.18
228,125.5
230.6,883.77
235.83,775.73
235,484
240.95,1087.2
241.54,1179.5
245.99,339.49
248.56,496.99
248.13,979.24
249.14,830.39
252.81,938.58
253.9,1112.6
254.31,962.83
255.31,1033
259.39,33.319
270.28,1156.4
269.07,898.39
269.69,927.91
268.5,1030
270,501.83
271.68,654.78
276.7,1084.9
274.8,812.07
274.96,762.59
277.5,1222.6
282.5,31
281.17,857.04
283.18,924.22
281.26,330
282.92,1041.1
293.1,1159.5
295.79,729.47
295.5,913.5
304.4,1062.5
304.97,116.56
304.11,730.42
306.69,1098.8
306.36,1140.3
308.18,21.049
310.05,300.99
320.77,259.17
308.95,804.8
309.91,321.91
316.29,541.45
317.44,1203.8
321.21,366.62
318.5,232
319.5,924.5
325.73,805.8
324.41,669.84
325.99,1045.7
328.5,976
334.53,731.24
337.37,189.7
336.5,353.12
340.17,882.72
341.06,953.52
339.58,343.48
340.85,452.05
347.85,834.4
347.23,1085
348.55,925.86
348.46,1213.5
353.48,272
358.32,145.63
358.19,24.929
361.08,875.08
365.37,294.07
363.26,810.41
363.84,115.31
364.41,953.94
368.06,40.972
375.26,1190.5
374.5,574.5
376.5,379.09
379.88,637.88
382.81,341.16
383.2,535.84
382.8,751.56
385.43,1007.6
391.47,978.11
389.77,78.396
390.93,930.41
396.42,583.11
402.26,1037.8
399.5,1019.5
406.58,547.9
408.79,821.25
412.25,975.98
414.67,395
415.4,774.36
422.4,1098.3
420.99,471.71
423.94,953.24
431.2,164.49
438.29,364.68
428.57,1221.4
431.5,78.861
434.96,551.41
439.34,31.06
437.27,384.61
438.57,1125.4
447.71,112.02
453.04,393.33
453.67,954.47
461.88,1093.5
466.02,607.06
470.01,418.54
467.91,495.76
470.73,1201.4
474.61,317.7
474.62,967
473.5,1083
474.5,238
482.55,783.36
482.5,803
491.71,1067.7
496.49,732.59
497.89,904.42
500.63,546.27
503.56,163.4
503.57,1048.1
507,93
507.91,956.87
511.18,431.91
508.94,860.79
510.62,1057
516.58,190.45
519.45,316.29
524.17,1041.5
525.55,211.05
526.69,508.16
526.55,1093.6
530.65,1191.2
530.22,1213.5
530.08,1067.1
540.66,271.54
542.15,411.88
542.69,1102.1
543.33,687.78
547.62,1122.1
546,896.5
547.5,50
550.58,66.105
552.58,1155.1
557.09,632.05
560.5,207.69
559.5,480.5
565.64,119.94
567.3,1117
567.94,234.94
573.87,760.87
574.75,296.08
579.14,1082.5
579,976
583.26,469.7
581.4,1134.8
581.93,161.41
583.75,511.11
586.85,850.82
590.56,568.02
588.43,46.073
590.19,1079.8
592.07,66.407
596.5,527.5
599.79,248.73
601.6,863.98
599.93,116.41
603.86,714.4
607.53,653.58
613.13,964.06
610.95,99.1
614.16,380.1
615.81,1231.1
622.81,209.02
623.47,1067.1
622.09,889.09
623.65,879.06
626.01,570.81
626,810.14
632.1,599.35
634.4,362.26
641.6,445.1
642.16,770.35
647.76,827.91
650.48,1218.4
652.08,812.05
658.63,948.17
654.79,424.28
652.42,1082.1
653.95,229.91
657.42,151.42
669.64,1234.7
667.64,218.5
679.59,320.72
676.96,156.33
677.05,855.57
680.41,934.63
682.1,191.1
679.5,396
683.27,22.386
689.65,456.68
682,727.5
683.07,903.41
687.34,585.65
691.99,97.487
688.55,968.16
690.45,914.41
695.12,997.31
693.75,318.7
694.43,502.67
702.2,688.09
703.68,556.6
701.5,773
705.65,866.24
707.53,202.24
714.17,261
717.45,613.43
718.42,1142.8
721.26,808.85
724.94,368.06
726.12,475.78
729.9,487.85
732.58,314.11
737.79,208.34
734.5,1209.5
739.51,976.85
739.32,1240.9
741.03,78.477
742.89,239.58
743.5,896
746.63,1122.6
749.05,314.96
750.46,515.58
749,952.5
752.74,339.55
750.5,826
751.5,225
755.45,959.74
754.07,329.41
761.45,665.94
759.45,758.71
766.51,821.35
765.22,1058.6
767.29,307.21
765.42,1161.9
775.67,318.09
777.32,853.11
783.79,248.61
781.2,164.56
792.12,347.19
792.36,1002
799.41,755.45
791.86,1189.6
795.89,266.42
808.58,304.11
817.2,777.09
818.48,801.15
821.07,436.59
829.02,257.11
827.48,702.03
834.84,1123
833.1,669.62
836.56,750.44
837.1,409
844.95,222.47
846.44,364.18
847.78,599.15
848.69,25.222
850.32,978.6
848,408
855.69,449.69
855.84,1178.1
855.45,142.71
855.67,352.35
856.5,912.5
868.92,112.15
865.56,269.44
865.58,332.11
870.27,363.92
867.5,622
875.5,95.5
885.45,1033.8
883.42,900.89
886.5,371.5
887.56,801.08
892.59,406.22
895.4,83.991
893.5,652
897.7,670.45
899.14,201.58
898.22,22.545
902.09,768.52
902.15,1245.7
906.58,1099.1
909.66,510.47
917.96,678.97
918.58,207.43
920,498.9
923.95,287.43
925.28,311.47
924.94,1217.1
930.29,175.71
931.88,321.46
941.09,1201.7
942.61,223.39
942.42,746.55
951.11,1220.4
953.1,127.87
955.29,588.87
962.23,604.3
965.04,875.46
968.67,87.333
968.5,516.5
971.18,1023.5
975.87,749.54
975.53,551.63
979.59,1096.1
986.16,659.36
983.93,727.07
986.5,336
996.61,56.139
1006.9,22.172
1004.4,531.92
1007.6,937.89
1009.9,1080.1
1012.5,423.67
1015.9,303.58
1020.5,238.5
1023.7,624.73
1024,215
1034.1,823.17
1035.5,298.61
1037.6,660.07
1040.5,974.43
1043.5,237.67
1047,80.345
1044.5,126.67
1047.1,737.3
1045.5,365.5
1063.2,593.88
1054.6,918.1
1051.9,756.77
1052.2,171.14
1054.4,840.45
1067.9,919.86
1066,1204.7
1068.5,861.5
1074,198
1074.1,905.5
1077.1,1198.1
1077.9,264.9
1078.5,724
1085,429.57
1092.8,865.81
1087.5,4.1964
1093.9,315.74
1094.7,144.5
1094.1,160.42
1096.8,360.51
1099.7,76.876
1101.5,118.3
1103,1158.1
1103,1040.1
1108.1,98.072
1108.3,783.08
1114.8,158.03
1110.5,217.11
1107.9,232.63
1109.4,183.45
1113.3,122.82
1113.6,404.91
1115.5,767.99
1114.4,949.11
1118.5,68.5
1128.5,546
1133.5,191.29
1144,349.12
1136.9,93.826
1142.8,857.23
1141.4,882.6
1144.7,764.62
1147.6,988.75
1153.6,167.95
1152.3,525.45
1153,562.59
1155.4,949.11
1156,1046
1161,559.76
1164.6,263.6
1169.3,820.38
1167.8,303.46
1170.6,576.38
1173.9,889.9
1169.9,175.56
1176.7,733.39
1176.1,156.69
1179.6,353.88
1180.4,523.02
1182.9,967.91
1187.8,258.35
1186.5,910
1193.1,231.41
1195.9,285.23
1191.5,954.15
1194.4,523.45
1198.4,698.5
1195.2,984.44
1198,386.5
1200.1,399.78
1201,66
1209.6,580.6
1209.8,79.044
1209.5,257.46
1212,222.93
1216.7,626.51
1221.2,915.49
1223.3,415.34
1224.4,654.13
1223,1100.5
1224.5,694.42
1231.1,329.73
1231.9,838.16
1232.9,169.42
1231.1,724.59
1234.7,512.29
1234.5,618.32
1235.7,898.55
1238.8,204.09
1237.5,269.17
1243.1,1216.1
1245.4,677.42
1247.5,689
