3.9792,1015.3
6.9167,1078.7
19.906,1181.1
10.349,362.19
12.733,512.29
11.103,1096.1
15.089,391.89
20.375,1128.1
23.536,417.56
25.177,267.71
20.92,441.92
22,1067
23.435,132.39
26.128,1029
26.525,1101.9
31.472,1214.9
28.846,74.346
30.086,283.57
30.32,390.08
33,424.65
38.119,655.16
36.06,162.42
45.728,506.69
41.3,96.5
47.064,265.49
47.395,1100.5
45.979,370.15
46.551,1211
50.776,154.35
47.977,204.55
50.544,305.11
52.88,535.16
53.856,614.39
53.881,125.36
53.421,1115.9
58.054,728.63
59.346,185.46
62.558,6.9935
64.159,255.4
72.395,1093.5
64.654,388.46
77.839,443.63
66.755,819.63
69.025,410.1
71.335,528.5
72.687,895.72
70.481,992.6
70.043,1050.6
73.5,771.8
78.359,234.44
74.091,513.09
80.226,336.61
80,917
80.926,363.59
82.676,610.22
82.5,719.5
83.444,1191.9
85.595,248.36
87.545,1077.3
90.375,308.09
94.314,801.58
92.407,96.034
95.315,380.26
94,215
96.035,1192.7
104.31,518.03
98.564,1073.8
100.17,85.314
101.95,203.09
102.71,582.54
106.12,4.6517
103.59,277.61
101,1081.5
104.71,374.04
108.01,489.7
105,311.5
105.5,505
106.09,438.91
108.04,28.574
113.48,926.31
115.18,395.46
113.57,674.12
113.15,716.27
117.43,627.76
118.56,55.36
117.93,457.41
121.65,473.16
125.97,643.79
122.8,262.54
123.09,518.26
124,1156.3
128.71,837.26
126.86,312.86
129.98,507.43
135.37,311.89
136.12,589.45
134.5,1094.5
138.31,51.086
140.62,330.27
142.01,665.97
145.15,533.79
148.23,213.15
147.81,135.52
148.66,376.54
148.88,743
148.33,591
155.24,90.577
161.35,717.27
157.39,313.86
162.73,782.36
165.52,1017.4
163.52,887.7
164.5,470.5
170.3,395.73
166.93,915.05
167.5,1081.4
168.84,1185.9
170.65,451.18
172.48,183.56
171.86,744.14
170.86,816.86
174.34,90.806
171.33,460
175.42,972.89
177.08,361.08
177.39,832.86
182.59,444.73
181.17,6
182,393
181.86,754.14
185.19,640.05
183.47,1226.5
189.92,311.05
187.8,93.229
192.85,508.81
189.42,245.4
193.59,140.4
189.8,626.92
194.85,103.35
197.84,189.37
200.98,348.19
199.59,738.93
200.15,3.4615
204.87,1018.8
203.05,988.08
206.92,479.85
203.83,75
207.24,1002.9
209.53,302.83
208.09,409.29
207,1071.8
211.25,497.48
217,270.25
215,4.1304
211.29,533.71
220.48,207.46
215.82,334.68
214.31,316.24
215.69,1229.2
219.07,418.44
218.69,146.17
226.36,623.99
224.41,350.01
235.53,53.05
225.56,1242.9
232.57,283.41
232.38,381.99
229.02,654.73
228.6,407.4
228.42,742.53
237.31,797.61
232.97,1090.4
229.57,259.39
230.5,106
230.5,399.5
230.42,1197.9
237.56,404.02
239,661
241.32,875.57
243.5,85.5
246.69,397.73
244.85,1057.1
245.14,1100.1
244.93,175.03
244.63,1185
249.6,244.87
248,895
250.77,678.32
253.88,506.89
249.93,64.444
259.39,595.13
253.98,980.56
253.9,810.37
255.44,468.42
257.55,1135.4
255.83,1202
257.46,375.22
259.17,901.43
260.5,529
264.54,684.81
260.5,859.5
262.5,469.5
264.11,44.421
268,785.5
273.76,128.01
272.58,1168.4
272.67,818.83
279.33,979.41
276.58,501.16
276,220.32
278.15,482.22
281.26,557.88
276.5,284
278.6,896.52
281.62,331.11
277.78,420.56
282.22,463.72
283.42,652.29
279.93,784.56
284.68,674.11
283.08,34.396
283.87,148.51
285.57,513.68
284.72,406.48
285.87,933.52
286.41,820.25
287.81,602.64
290.59,738.22
292.21,284.02
292.6,771.4
293.48,387.53
294.15,857.06
301.13,539.59
297.93,14.407
304.07,354.53
304.45,572.37
303.36,1137.8
305.57,719.59
306.67,187.35
307.98,398.81
317.91,494.96
306.84,968.43
308.41,685.59
313.71,769.12
312.58,791.11
321.27,214.13
316.65,282.2
316.17,92
317.05,516.43
319.88,162.04
320.24,116.11
322.07,604.95
322.21,645.88
329.56,1044.6
328.14,164.5
328.93,851.86
332.79,805.11
331.77,198.73
333.5,252.94
330,301.65
329.58,983.11
339.55,580.4
334.5,665.3
337.28,712.45
333.91,787.09
338.83,263.43
337.94,1159.9
341.24,221.9
347.45,757.35
343,154.24
346.42,777.59
353.57,106.16
345.88,897.35
346.5,307.87
346.95,688.93
349.75,640.82
351.77,1088.5
353.43,209.18
353,852.5
363.43,297.94
354.42,554.11
357.83,447.89
358.01,747.82
358.06,1073.5
371.03,227.63
365.03,775.24
366.04,861.45
365.09,515.45
366.65,258.5
370.06,531.56
371.15,377.04
369.96,431.41
381.65,99.357
374.12,185.33
374.87,76.416
377.45,855.59
378.98,612.81
376.53,1231.1
381.44,643.99
380.01,681.47
384.77,296.13
384.19,798.27
385.34,954.54
386.92,210.08
388.85,356.57
390.71,518.16
393.79,689.81
393.87,5.2609
397.19,425.16
394.87,906.13
398.54,934.8
397.48,604.33
403.06,581.53
402.97,537.1
403.86,873.86
404.75,1156.2
407.17,334
408.08,901.08
409.5,596
411.94,862.26
412.32,977.95
412.91,1098.1
416.55,872.61
423.22,773.25
417.93,670.02
422.87,958.31
424.12,553.17
424.83,267.59
427.07,629.76
428.68,1065.2
427,612
426.91,751.05
427,917.33
435.28,1083.3
433.24,798.42
434.37,228.43
438.89,491.17
434.14,734.19
435.39,1040.1
435.27,946.29
435.46,986.06
434.58,18.105
436.68,598.95
437.68,1001.2
439.93,1222.5
441.46,632.56
448.37,461.02
449.12,1090.4
447.65,1104.9
451.92,348.92
454.05,532.78
457.6,512.54
456.85,225.81
458.25,602.64
461.54,1057.3
459.54,971.05
460.01,1214.5
461.15,460.06
460.86,1109.8
463.22,278.04
465.67,183.04
466.03,674.67
469.06,377.62
467.74,527.69
468.1,536.85
473.07,622.26
474.87,316.61
471.42,485.56
473.5,450
479.24,1103.5
483.52,145.03
479.66,836.97
480.25,1156.5
481.86,557.14
483.07,962.07
485.39,41.861
486.66,370.9
483.62,1062.4
485.73,609.05
483.5,906
486.31,703.83
490.82,205.5
492.37,1040.2
487,127
490.45,792.68
490,1084
489.96,1167.4
493.3,756.09
494.62,1151.7
497.57,666.43
494.54,470.2
495.83,781
496.59,281.59
506.3,148.94
501.26,585.94
499.75,690.14
501.79,518.79
507.84,285.48
503,1090.8
509.97,335.91
511.21,1229.6
512,953.6
511.43,1156.9
512.93,560.26
512.93,450.59
516.21,18.887
515.94,365.89
518.42,347.22
524.22,701.34
522.36,818.56
524,442
524.73,426.77
526.14,86.5
536.24,819.98
529.96,20.074
528.89,1113.4
533.14,728.33
533,875.5
534.41,796.07
537,492.5
541.44,864.04
542.62,266
548.51,770.47
546.46,300.46
544.5,1157.9
552.26,237.81
545.75,1136.8
551.59,601.07
547.83,1213
553.32,495.38
551,1030
554.02,1006.9
552.86,1151.4
557.23,351.46
563.36,973.79
561.85,1123.8
561.89,1022.6
563.69,416.79
563.42,993.45
565.09,85.091
567,1190.6
570.93,932.04
571.28,467.95
567,567
567.17,826.07
571.08,655.68
572.17,1062.4
577.64,8.5673
587.1,1161.4
572.68,765.05
573.77,844.24
572.85,272.35
576,1146.1
582.02,149.61
573.85,616.46
577.17,980.9
575.5,101.5
582.84,1029.4
583,52
585.33,437.32
583,457
582.91,758.09
587.62,683.21
587.71,1002.8
589.57,334.57
590.37,737.5
591.08,196.92
592.79,364.53
594,904
595.92,972.65
597.53,808.85
599.95,1196.2
597.34,185.53
598.84,218.51
601.47,490.86
597.93,870.74
603.44,280.07
605.31,694.6
601.25,886.58
601.42,32.105
606.63,1163.8
604.93,401.59
604.93,858.59
608.65,468.94
611.88,127.36
613.23,543.12
612.05,479.36
610.58,791.11
618.68,1113.6
614.86,337.19
615.86,154.93
622.57,278.31
620.57,68.286
619.14,684.14
619.69,1020.2
620.71,228
630.28,810.13
626.92,1175
631.47,530.83
629.24,990
632.33,352.24
630.5,593.5
638.82,429.63
632.15,573.52
630.5,1048.5
631.67,160.17
634.95,1131.2
635.07,1093.1
636.83,928.88
636.37,970.37
637.58,98.895
638,176
642.46,298.81
647.88,1004.9
651.53,662.78
645.69,859.94
645,1111.4
650.71,459.61
649.54,951.93
652.89,92.981
653.35,294
653.02,971.26
651,1149.2
652.46,371.92
654.41,41.942
656,545.97
655.44,708.95
656.08,900.54
656.61,756.14
661.46,1214.2
661.76,986.59
670.01,418.49
665.02,456.79
663.45,801.48
664.8,852.22
665.5,1133.2
672.37,826.25
670.83,944.93
671,800
675.65,839.57
672,985
674.63,256.37
673.58,678.11
677.47,661.47
679.06,1138.6
678.61,398.86
681.18,180.18
679.5,646
688.61,98.559
688.61,925.39
688.41,985.89
687.58,1010.1
691.35,253.29
696.43,873.65
691,1093
694.41,661.38
696.64,521.89
698.87,1086
698.09,652.91
700.61,67.139
703.53,604.55
701.42,201.58
701.58,247.42
701.33,319
704.95,212.95
705.46,1008.5
711,519
711.95,36.079
715.52,788.81
712.75,1213
711.83,431
714.91,404.35
720.15,546.62
718.85,628.99
717,493.5
718.35,1025.1
719.95,754.77
719.29,120.45
719.61,683.5
722.22,188.8
721.24,966.76
720.58,1145.9
727.59,353.92
721.93,526.44
722.83,1162
727.67,1222.4
726.79,1097.7
729.64,75.453
729.44,171.38
734.86,393.65
733.62,928.34
733.16,995.13
731,595.25
731.69,629.9
743.96,713.14
740.27,193.18
735.84,416.97
738.96,58.317
737.6,219.13
736.1,1199.6
737.39,482.57
739.16,678.35
741,452.5
742,1050.6
746.64,395.67
751.11,515.87
752.47,108.09
750.06,184.52
747.8,561.44
753.4,260.4
752.4,491.81
751.88,785.5
752.08,908.7
752.38,1016.5
756.59,576.27
756.62,1042.1
753.85,1230.6
759.61,144.67
756.07,669.41
759.93,207.56
759.16,948.98
760.92,720.7
759.69,855.38
762.89,349.52
762.07,497.41
763.74,1213.1
763.44,753.08
767.77,693.84
767.74,318.72
768.32,889.78
769.09,92.909
773.71,1010.2
770.35,120.94
773.71,1141.5
773.55,193.58
773,363.86
774.53,488.05
778.05,394.28
778.89,673.54
780.93,742.52
781.71,583.55
784.72,419.95
784.79,952.83
789,154.85
792.73,326.36
792.36,860.66
797.09,226.31
792.32,568.92
797.09,445.8
794.7,1163.9
804.11,1059.9
801.67,386.87
801.29,902.71
807.66,605.69
806.28,662.92
804.02,532.54
806.59,1210.9
807.09,125.4
811.51,435.46
816.13,826.66
813.61,995.33
814,358
818.66,793.45
820.4,757.17
823.51,949.63
824.62,106.11
821.83,648
828.12,156.13
822.91,602.09
826.13,1236.9
828.83,244.25
824.42,566.58
828.22,47.5
826.07,895.26
828.64,89.595
831.11,512.15
830.89,988.68
830.2,11.56
832,746
832.46,1152.1
834,392.5
838.63,452.6
835.42,305.89
836.07,365.59
836.55,484.45
838.24,78.5
838.42,108.46
845.94,200.42
838.6,253.13
844.03,525.3
845.89,267.15
848.15,1210.7
850.62,856.78
845.3,903.9
853.99,943.14
852.54,303.99
850.13,349.81
858,504.2
856.62,962.2
855.76,30.586
853.93,42.407
854.15,484.46
858.02,1068.4
858.74,409.22
859.53,65.979
861.1,82.211
861.27,1155.2
858.08,1045.4
861.94,997.65
863.7,427.65
864.15,441.27
865.5,611.5
863.92,1190.4
868.34,456.63
865.94,269.09
867.08,581.92
869,985
873.79,482.01
876.87,678.03
873,1246
873.51,599.91
872.14,1197.5
876.79,135.65
872.5,163.5
875.07,867.07
880.15,421.69
879.46,816.85
881.42,1177.4
881.09,309.69
881,938
882.17,393.33
881.5,590
884.26,191.86
885.62,215.58
892.1,1150.2
891.31,21.024
893.81,335.34
891.82,400.66
894.89,97.233
892.71,434.55
896,1091.5
896.94,943.91
899.21,1064
900.66,351.76
904.46,394.11
910.71,560.88
900.08,734.44
906.23,307.77
903.33,174
906.91,1045.6
905.83,1084.5
909.71,268.19
913.68,730.86
910.11,231.61
910.61,280.13
912.95,434.72
909.42,717.89
912.92,1008
913.29,846.4
913.57,803.39
920.18,749.05
922.95,110.71
920.59,201.61
922.09,670.6
921.61,760.28
925.97,325.31
925.42,1015.7
928.63,397.91
927.5,230.5
930.31,545.85
929.22,124.44
930.74,814.9
931.76,1101.1
932.59,670.45
933.5,718.5
938.86,231.64
935,387.5
939.84,30.671
939.26,1.8947
943.16,343.71
944.58,1210
944.26,309.55
947.14,395.08
942.44,583.56
944.05,807.32
946.66,248.1
949.79,987.46
947.83,1066.3
949.35,470.34
946.43,783.05
947.08,1006.4
952.16,55.386
950.09,265.09
955.17,650.75
952.83,927.05
954.54,1038.9
957.43,37.894
957.16,228.09
961.09,536.33
962.74,584.24
965.05,675.46
960.58,787.89
962.14,1080.1
965.37,295.54
965.08,801.08
966,561.67
968.53,1197.5
972.42,139.94
972.8,369.33
973.23,260.38
970.32,327.08
973,396
976.53,786.48
974.3,425.7
979.31,917.94
980.45,1140.1
977.14,494.5
979.43,315.05
983.51,736.73
986.38,809.93
985.5,895.5
985.17,1025
988.45,58.298
988.91,592.09
990.96,258.62
994.86,311.27
992.5,341.1
992.86,573.42
993.84,439.19
995.2,123.13
995,179.16
998.34,367.74
997.04,1166.8
996.92,583.44
998.42,841.14
1002.7,546.7
1004.4,755.74
1001.6,712.88
1003.6,1232.6
1006.5,4.0732
1006.4,396.78
1005.2,260.45
1006.6,1041.5
1007.7,739.61
1008,919.5
1011.4,1199.5
1011.4,895.82
1012.5,199.62
1017.8,114.67
1015.1,857.1
1021.6,168.1
1023.8,798.56
1018,1096
1020.2,251.05
1022.7,704.93
1020.6,867.55
1024.1,216.8
1023.4,830.68
1022.6,1210.8
1024,765.51
1026.1,1154.4
1025.1,598.31
1027.7,732.69
1025,748.57
1025,188
1032,1190.8
1032.1,973.88
1031.6,129.14
1032.2,1031
1032.4,77.448
1032.7,265.95
1036.8,1222.3
1035.5,368.79
1038.9,15.189
1038,501.82
1041.8,587.81
1040,696.16
1039.8,1123.3
1043.5,1175.6
1049.6,81
1045.4,481.47
1047.8,462.62
1050.6,947.63
1050.7,703.09
1051.4,1038.1
1053,1246.7
1055.5,1013.9
1052,1029.5
1055.4,675.07
1053.8,808
1058.6,1058.7
1061.6,1142.2
1059.7,236.53
1062.5,457.47
1060.9,830.59
1064.4,933.75
1064.6,167.55
1067.2,215.09
1066.9,431.59
1064.5,745.59
1067.8,369.43
1071,585.61
1068.9,34.579
1070.4,114.82
1069,1242.2
1070.5,350.85
1074.4,75.84
1070.9,475.84
1072.9,18.796
1077.2,384.5
1076.5,46.423
1074.6,670.97
1077.2,765.87
1079.6,149.98
1078.4,465.19
1081.6,789.18
1078.5,901.5
1087.7,930.24
1085.4,431.12
1085.6,475.78
1086.7,499.62
1085.1,246.93
1086.6,709.55
1090.1,290.44
1090,74.19
1087.6,1242.3
1090.9,348.75
1088,1169.5
1088.8,1071
1092.2,5.619
1100.3,17.775
1094.3,407.14
1095.5,63.727
1099.6,133.93
1102.9,1243.7
1105.4,886.37
1101.3,738
1107.8,917.45
1107.3,216.88
1107.9,941.98
1109.4,1033.7
1117.7,1107.3
1110.5,136.88
1113.6,471.98
1113.4,62.59
1118.3,599.95
1115,618
1117.6,101.28
1116.6,231.68
1120.7,188.4
1120.7,547
1122.1,904.09
1126,32.14
1122.7,243.74
1122.5,1049.2
1125.9,65.622
1123.5,138.33
1128.5,300.28
1127.4,107.19
1128.3,655.73
1128.9,160.16
1134.5,753.17
1129.8,795
1139.8,100.38
1137.8,260.87
1140.3,1230.1
1141.2,190.5
1142.9,538.45
1143,744.1
1144.1,477.08
1152.3,364.73
1148.9,486.48
1148.4,788.08
1148,819
1151.4,903.87
1154.1,36.224
1147.5,73.5
1148.5,1145.4
1151.2,1077.9
1155.6,876.21
1150.7,973.43
1154,1110.4
1167.8,200.63
1163.5,395.33
1162.7,289.05
1170.2,318.71
1165.4,432.61
1165.9,1181.5
1168.1,1235
1171.6,109.6
1175.5,177.57
1174,298
1176.6,496.49
1175.8,577.9
1178.5,89.262
1176.6,228.97
1177.1,21.5
1187.2,877.07
1189.4,764.74
1184.8,743.32
1190.9,414.64
1187.9,328.62
1198.9,213.24
1194.8,281.09
1193.9,677.59
1198.6,636.42
1202.2,784.98
1203.1,84.44
1205.8,758.88
1214.5,917.7
1211.2,38.702
1211.1,381.39
1214.6,200.98
1213.2,785.25
1215.3,134.12
1215.5,1110.4
1218,760.41
1220.8,968.82
1219.5,424.5
1220.3,931.53
1220.1,815.58
1221,766.67
1223.6,232.59
1227,108
1226.5,421.5
1232,1092.5
1228.9,197.5
1229.8,618.83
1232.1,785.1
1232.6,65.421
1230.6,81.625
1232.2,359.19
1234,492.76
1233.9,928.05
1232.9,995.91
1238.5,893.38
1243,960.55
1239.5,1005
1245.6,689.34
1246.4,708.37
