2.3214,349.29
3.5469,853.17
7.5758,158.88
12.564,1154.8
11,259
12.852,36.074
18.077,150.17
24.821,277.96
24.454,662.21
32.511,518.08
38.656,698.38
43.272,274.45
41.459,820.07
50.37,388.62
50.364,951.55
54.276,1118.9
56.182,153
56.929,473.91
59.763,50.898
57.474,989.16
65.29,203.97
63.5,1245
67.532,1194.3
72.368,621.84
72.395,1018.9
79.257,185.41
80.864,100.52
95.925,450.2
103.9,476.38
116.3,449.07
114.58,6.5758
116.57,998.66
118.42,515.24
117.78,696.36
121.56,67.746
123.03,614.47
130.93,329.59
135.99,170.38
134.72,1050.6
136.14,284.86
138.96,736.76
141,1186.5
147.2,562.22
147.74,536.5
151.09,497.91
154.41,508.39
154.88,817.88
155.26,629
155.72,1169.5
158.53,704.74
170.63,2.2593
172.07,1183.6
184.41,643.81
184.78,324.87
183.46,353.78
183.34,425.53
187.23,522.58
188.3,300.19
187.52,57.7
189.82,601.71
192.11,450.58
201,131.5
201.46,202.92
202.93,659.59
214.06,521.15
213.14,793
215,726.32
220.44,826.08
224.68,321.34
228.88,759.36
231.82,346.53
233.86,49.714
232.9,1206.6
236.7,156.71
238.25,532.75
243.93,970.2
248.92,1063.8
248.92,467.73
251.31,553.9
259.46,577.15
263.79,156.76
275.62,35.131
279.15,346.83
281.96,568.68
285.5,730.5
288,255
295.77,1149.8
300.85,152.81
297.15,494.65
302.07,136.41
305.23,107.67
306.97,41.041
307.02,785.05
307.66,68.852
322.24,935.22
326.89,647.46
332.21,168.45
335.14,547.5
341.9,284.67
347.57,159.99
345,473
348,935
352.03,757.91
354.99,232.57
351.42,974.89
366.24,384.03
370.09,888.91
372.14,950.5
376.91,717.81
376.97,1161.6
377.34,13.153
378.5,1224.5
379.5,988
386.15,1168.9
389.78,916.9
389.08,1126.9
391.87,525.98
398.06,741.76
398.4,203.11
399.88,836.3
405.38,187.14
410.08,37.083
410.35,469.94
420.34,675.93
421.38,159.44
425.06,1063.5
426.57,802.95
429.5,1171
426.91,764.09
431,117.5
438.88,572.67
446.5,136.5
446.17,720.74
452.4,1097.1
452.61,830.14
456.26,237.47
457.9,546.54
468,29.5
471.93,507.4
472.81,570.81
473.88,872.88
475.94,67.591
480.22,229.47
478.83,986
487.29,780.5
486.42,922.89
502.89,521.5
500.5,713
515.12,99.116
519.59,131.28
521.4,397.61
523.73,609.45
523.22,1153.9
539.1,940.7
549.6,790.14
551.96,400.36
547.83,454
556.58,733.89
559.19,1178.3
558.5,905.13
561.03,83.908
564.29,645.77
566.36,117.5
569.47,473.22
570.13,590.19
568.17,771
572.14,839.29
587.08,270.08
589,859.5
591.27,5.2881
596.13,63.056
601.34,1041.1
599.5,969.5
604.63,108.38
606.2,76.402
605.93,1184.6
611.38,742.98
616.44,427.33
614.93,1135.6
619.22,1168.1
620.43,336.18
621.96,599.06
627.75,23.156
626,840.5
630.2,676.21
636.23,960.16
640.92,111.17
646.66,499.92
648.2,1041.2
650.29,946.71
656.5,59.5
655.5,519
659.99,855.67
658.5,362.57
658.94,870.43
661.55,996.55
667.1,771.97
669.95,1239.4
671.5,598.5
676.44,5.3563
678.52,1100.5
692.73,1187.3
695,931
705.3,341.03
706.98,1215.9
707.08,559.95
711.07,77.045
715.62,741.3
721.5,1146.5
726.39,631.16
726.47,990.17
726.5,1186
731.75,346.03
732.5,443.5
741.31,694.38
742.02,374.24
744.5,621
744.95,780.13
746.35,429.5
749.5,41.5
750.1,110.38
749.84,531.57
756,165
757.12,211.48
757.88,1169.9
760.37,1243.4
764.43,276.53
769.18,181.11
774.5,472
793.36,154.31
791.36,884
799.83,933.8
801.83,894.91
803.94,434.24
803,389
817.1,134.62
820.42,645.91
821.69,1142
827.24,787.32
827.66,291.85
830.49,20.426
830.17,1022
834.67,1098
836,1165
852.37,334.53
855,1094
859,17.5
865.13,1163
869.35,802
872,262.29
891.34,745.46
892.33,660.83
901.37,1239.5
903.02,433.23
904.46,632.83
907.97,543.29
909.5,95.5
911.4,706.6
916.06,311.51
915.42,481.42
931.88,134.81
935.53,895.42
937.43,293.32
947.86,21.643
952.98,809.29
952.35,1244
950.43,366.91
956,321.33
959.28,431.64
959.17,681
963.4,518
963,1138.9
968.51,626.84
972.94,484
976.01,1060.1
981.69,652.05
988.36,846.35
998.45,900.29
1001.5,241.5
1007.3,757.62
1020.8,467.56
1017.2,1193.7
1018.6,1086.5
1020.3,254.03
1022.4,739.03
1028,609
1033.5,773.65
1031.4,567.55
1036.1,597.48
1042.9,1087.2
1045.4,50.861
1048.3,236.9
1049.8,707.39
1048.9,797.5
1051.4,937.85
1061.6,124.06
1060.7,792.22
1065.7,51.561
1075.1,85.645
1075.9,919.62
1075,1243.5
1076,717.83
1079.4,968.64
1082.4,1181.3
1091.6,1206.5
1098.3,1124.4
1094.4,1145.1
1100.3,215.51
1100.6,897.92
1105.2,375.78
1106.8,89.529
1108.5,1222.9
1112.2,154.46
1114.9,468.38
1116.3,398.48
1117.4,1143.4
1124.5,850.42
1125.4,335.39
1131.8,638.73
1139.2,1168.9
1139.9,387.87
1142.6,712.54
1144,785
1143,178
1146.4,456.87
1149.6,158.45
1146.2,1152
1154.3,1093.7
1153.6,527.91
1153.5,391
1158.4,984.87
1162.5,423.22
1165.7,1174.3
1167.5,1226.8
1174.3,51.688
1175.1,287.15
1173.9,884.09
1176,317.5
1177.5,953.44
1182.1,1092.4
1190.2,1170.8
1194.5,69.976
1196.5,1241.3
1208,812.5
1210.6,450
1218.4,895.88
1218.1,964.38
1224.7,240.22
1227,25
1231.1,118.64
1232.6,1051.7
1237.1,49.541
1236.9,192.37
1242.2,361.52
1241.1,665.09
1245.7,631.08
