1.92,461
6.3732,896.58
2.3333,1008.6
4,96.321
4.931,495.41
7.08,510.5
11.458,372.83
10,1119.5
15.24,282.44
14.576,401.42
17.863,189.04
22.091,16.091
29.906,512.26
34.564,244.76
31.857,405.5
33.105,1134.6
37.864,791.26
37.5,812
38.468,874.84
42.725,18.625
46.127,466.19
45.1,845.38
46.472,233.47
46,304.65
47.73,703.18
47.109,157.37
51.462,126.71
52.074,656.41
55.408,688.19
56,637
58.5,432.5
62.582,224.74
61.586,496.9
59.5,632
61.633,914.37
60.421,1022.9
62.091,211.09
63.833,365.37
65.446,1180.5
67,1207.2
64.921,260.95
64,276.19
68.619,977.37
68.44,284.68
70,936
76.595,770.64
79.965,142.16
80.178,641.4
84.033,193.85
83.051,618
82.649,26.541
85.852,215.91
86.37,1014.7
89,727.82
90.047,1155.6
88.581,779.58
93.053,6.7763
89.08,338.44
94.926,689.71
96.757,538.44
98.482,345.74
98.726,154.32
99.784,384.06
100,525.5
107.91,31.868
108.07,488.59
116.27,782.73
115.69,1086.4
115.5,476.5
119.79,402.33
125.63,1241.7
124.23,454.54
124.95,1146.1
129.78,154.8
139,1057.5
144,1161.5
148.06,171.09
148.78,893.85
150.18,1124.4
153.58,931.96
154,461
160.52,209.82
168.88,84.854
168,1009.3
171.46,1083.9
173.64,525.5
175.95,342.95
176.36,539.6
178.91,263.09
180.85,144.1
180.79,227.21
190,232
190.5,312.5
191.95,816.08
194.72,1168.4
197.84,238.35
198.5,926.89
201.34,870.96
208.6,405.6
212.35,70.112
211.96,539.73
219.5,760.86
225.91,612.4
228.33,838.51
228.47,1111.7
226.91,1188.1
231.03,454.44
246.22,946.09
247.11,959.37
249.56,147.92
258.61,708
262.41,738.84
259.89,757.42
262.91,998.09
274.77,117.69
275.33,341.44
275.77,388.81
274.93,317.52
282.86,189.8
279.53,878.71
281.05,1072.5
289.05,97.642
291.73,675.3
292.05,1109.5
292.17,271
298,135.5
297.17,373
311.22,1218.6
310,756.18
312.54,586.08
317.1,320.18
318.13,787.03
320.9,93.23
324.5,814.53
324.53,531.29
321.58,869.11
323.5,578.12
324.64,360.05
329.25,897
331.44,415.69
336.52,940.34
337.75,704.82
342.77,1055.7
351.18,367.61
355.54,1213.1
356,770
359.31,620.84
362.64,540.5
368.28,348.58
367.67,833.36
368,380.5
368.92,949.56
372.5,648
373,1240.5
382.14,537.68
379.6,610.36
380.11,933
383.14,83.57
383.78,15.662
389.5,681.35
389.61,729.41
394.15,848.5
397.46,1097.8
398.4,1043.4
403.73,583.58
406.09,760.91
413.65,116.74
412.06,426.57
411.5,670.5
414.43,1047.2
420.98,247.54
417.5,1189.5
423.15,385.63
423.37,178.52
424.52,571.33
429.5,138.5
434,240.65
435,1181.5
441.84,536.84
444.37,320.4
441.86,426.86
442.37,867.63
446.11,637.37
446.42,653.89
450.43,1170.8
452.03,45.327
450.93,167.83
452.1,804.55
456.52,520.08
457.94,1100.9
460.64,195.27
459.93,599.41
461.36,285.5
463.08,641.08
473.49,189.07
474.42,399.89
478.27,65.689
478.04,249.56
480.58,786.89
484.19,162.5
485.69,366.19
482.91,1239.1
485.07,1135.7
487.17,602
490.93,624.47
492.94,1003.5
492.82,681.33
498.05,546.61
499.11,110.06
508.22,484.24
511.98,1207.4
511.55,574.65
513.97,78.883
519.99,312.4
518.53,130.45
522.11,556.47
522.61,244.22
524.44,365.17
522.5,1139.5
525.5,452
530.4,942.11
531.1,676
533.06,65.298
534.44,542.05
536.1,898.02
534.56,879.08
542.81,115.05
541.5,162.5
547.3,187.12
547.28,377.67
550.1,648.31
548.06,447.8
552.6,79.393
549,849.32
554.28,670.13
553.05,1240.7
559.58,1010
564.31,313.35
562.03,421.58
564.9,127.62
563.33,630.83
570.12,761.69
570.57,213.61
573.73,1047.3
572.56,340.8
580.38,226.46
577.58,723.58
583.06,100.91
586.44,814.02
590.53,742.59
592.07,260.61
589.91,355.09
592.51,724.07
593.09,105.91
593.23,758.84
594.66,911.15
597.1,8.2449
595.56,613.08
598.5,1030
600.22,519.22
606.58,1008.9
609.06,391.09
618.95,226.49
626.23,1226.7
629.13,695.54
634.84,1128.1
635.16,153.73
650.61,417.14
652.17,44.13
655.73,1206.1
656.42,168.88
663.86,903.29
661,656.5
663,390.5
672.36,510.42
669.5,795
671.5,84
674.33,876.02
675.18,1024.5
675.34,709.48
675.12,1140.3
679.25,943.42
679.38,371.62
683.97,656.28
684.26,760.37
685.39,432.13
684.14,153.5
689.12,48.481
692.48,307.31
692.7,163.97
692.93,92.593
695.17,790.69
693.93,862.59
697.56,210.32
695.61,604.86
702.43,649.51
701.89,697.29
704.75,522.75
714.63,143.8
714.55,795.57
713.06,1095.1
715.09,203.91
718.83,661
725.23,1071.1
721.5,600
724.47,858.55
727.17,477.3
728.89,625.44
728.92,1240.9
730,1228
735.14,970.66
736.36,668.09
735.09,110.05
735.8,166.7
735.56,1158.4
736,396
737.48,529.88
735.93,749.41
736.94,1119.9
741.18,1178.6
743.53,630.94
750.49,1236.6
753.38,377.46
753.58,892.2
752.5,700
754.57,594.95
758.11,928
757.6,1173.8
759.62,230.08
764.43,898.94
764.83,1092
767.35,608.15
769.35,1215.6
769.5,232.5
771.23,882.51
771.96,911.83
775.22,160.02
780.17,14
784.71,198.97
787.76,876
791.63,1055.3
794.69,117.81
795.46,455.91
802.13,927.64
802.6,732.15
800,905
803.91,630.99
805.8,778.1
815.61,909.35
816.08,822.5
816.63,886.53
816.17,1127
821.16,928.9
826.18,1119.9
828.44,894.36
835.35,975.2
834.13,320.11
836.29,931.67
838.33,1036.7
852.11,1216.8
845.04,264.43
892.79,1118.6
855.22,641.56
861.88,1163.7
859.56,1183.1
860,416.5
863.62,826.38
865.39,70.861
867.79,360.62
868.97,562.11
869.5,291
871.83,1022.4
881.14,114.32
885.09,581.76
883.09,1040.9
884.27,153.35
890.08,828.89
900.89,1037.6
900.58,57.782
906.42,1206.5
901.47,580.12
901.98,1002.1
908.16,329.79
913.62,580.78
912.15,430.54
913.31,1186.1
915.41,1246.1
918.16,566.7
921.31,60.493
918.5,607
925.46,994.49
932.57,1157.7
929.92,162.92
933.64,502.5
938.13,622.64
935.75,1080.3
939.98,481.15
941.73,964.11
945.32,1077.9
948.92,253.12
948.97,547.98
947.93,604.05
948.38,1041.8
949.42,407.11
953.5,468.5
955.68,712.22
959.78,576.3
956.58,1223.1
960.5,210
962.32,317.27
964.14,612.96
964.52,1141.8
966.83,550.27
977.62,902.54
977.6,1172.6
988.86,605.12
983.58,732.77
983,488.83
990.03,1004.1
994.12,1141.9
1001.2,133.86
1008,445.43
1006.9,706.93
1009.4,649.84
1017.6,1156.6
1016.5,152.71
1018,382.65
1017.6,697.05
1023.2,86.64
1025.9,234.91
1025.2,527.97
1024.5,1094.4
1026.7,324.91
1029.1,139.35
1029.8,204.77
1036.5,593.25
1030.4,305.07
1032.7,950.18
1035.9,1243.4
1038.2,273.27
1038.7,253.49
1040.6,721.85
1039.2,738
1041.7,1194.5
1040.5,154.5
1048.3,119.65
1048.2,958.48
1053.7,7
1054.1,629.73
1059.2,226.09
1059.2,210.23
1061.5,459.5
1062.1,651.91
1062.5,866
1072.1,1171.5
1077.6,782.09
1080.4,1067.9
1082,221.71
1085.1,995.86
1087.1,616.45
1090.1,672.67
1087.8,724.13
1092.4,1209.3
1090.4,1224.1
1090.6,629.68
1093.8,428.95
1100.2,502.94
1100.6,882.21
1099.2,150.23
1099,740.41
1100.6,668.07
1108.5,107.61
1109,1169
1113.8,542.44
1120,228.55
1119.1,261.53
1123,1031.6
1121.9,142.72
1121.5,44.5
1124.6,1106
1130.6,232.85
1132.5,992.28
1140.3,335.63
1140.9,316.09
1142.9,282.35
1145.1,890.09
1150.1,380.21
1150.8,497.22
1156.5,97.69
1153.6,704.63
1159.8,273
1161.5,796.47
1165.3,739.17
1169,903.32
1171.6,656.02
1168.9,1178.3
1173.3,38
1173.6,1204.9
1180.1,925.33
1181.8,834.37
1185.7,549.83
1190.6,692.42
1192.6,808.06
1198.5,83.226
1202,623.57
1203.7,216.58
1205.4,700.56
1208.7,540.05
1214.1,1139.9
1220.4,100.03
1216.1,801.72
1218.5,758
1221.8,458.52
1221.5,958.56
1225,809.14
1224.6,1138.9
1226.3,124.53
1228.7,706.18
1229,514.16
1233,615
1235,567
1237.8,762.98
1243.9,588.2
1245.2,486.55
