6.4201,247.7
1.9091,505.5
1.9615,851.85
2.2917,869.79
17.345,1043.1
13.071,1201.6
15.824,1175.9
15.926,603.59
17,1134
17.069,892.59
22.726,143.49
21.508,579.71
33.099,801.49
35.881,600.7
37.546,220.33
38.255,468.54
39.4,735.14
39.114,259.54
49.534,835.07
39.175,1244.2
40.591,368.11
39,1177.5
47.419,166.32
50.874,1047.7
49.981,1186.6
51.803,591.61
51.208,141.5
50.424,326.97
52.633,984.37
57.074,75.593
60.448,153.92
62.793,497.59
64.15,352.15
63,460.83
73.01,109.66
74.865,403.91
83.79,186.78
78.717,599.28
80.89,329.67
80.289,731.68
84.893,254.89
81.795,437.33
87.037,669.52
86.459,1148.2
87.328,634
85.903,823.49
84.875,1094.5
87,857
91.782,340.18
90.857,123.86
94.389,431.86
99.374,864.13
99.569,114.55
101.03,566.94
102.57,151.94
101.42,165.89
110.88,254.98
112.09,94.909
116.26,37.816
120.73,1012.6
117.42,906.45
118.5,785.5
125.52,435.95
121.93,988.59
127.18,165.01
123.61,261.14
124.3,484.43
126.57,1030.5
127.59,414.07
130.12,720.05
130.6,782.4
136.96,309.31
137.36,1195.3
138.72,257.1
138.84,613.83
142.85,172.02
140.5,817
151.63,514.49
140.5,1161.5
142.02,1171.1
156.62,353.95
151.61,66.907
153.2,297.01
145.5,1242.5
147.5,550.5
151.25,1226.2
152.53,967.55
156.07,649.8
156,158.5
161.64,1080
166.13,59.67
168,75
167.93,333.2
170.98,233.57
170.83,285.32
172,45.915
172.26,813.57
171.5,181
174.32,1218.8
178.76,34.077
178.47,167.47
178.56,596.07
178.42,59.105
185.87,692.02
187.06,219.93
190.1,775.78
186.58,834.11
194.6,1047.8
199.26,121.91
194.93,350.59
201.51,288.82
208.51,530.55
207.26,984.28
217.12,1164.5
211.47,219.63
211.05,298.73
211.15,1063.2
213.42,451.66
211,902
218.5,331.38
219.34,1097.1
228.73,94.647
220,74.434
223.17,29.051
218.5,204.5
220.67,558.47
225.22,664.65
224,187.17
226.07,601.59
234.69,442.72
230.5,838
234,16.5
239.24,819.62
239.43,430.89
239,261.27
239.11,674.42
240.78,839.62
239.83,1070
242,352.08
242.73,599.76
245.5,298
251.55,1036.1
259.19,165.8
257.34,775.77
257.88,1087.9
259,181.5
264.37,314.29
264.46,672.12
262.86,1040.9
268.66,1102.8
268.85,918.67
269.17,971.59
268.93,503.41
270.08,777.1
272.96,643.39
275.05,60.081
277.5,539.5
281.39,91.287
278.58,297.42
284.72,224.5
282.29,240.59
279.89,1119.4
283.88,979.12
284.97,190.57
288.75,21.611
286.92,1229.2
293.23,524.79
292.41,1175.6
294.92,834.89
293.88,921.62
298.52,542.42
301.25,66.319
302.55,181.66
300.31,369.17
301,384.5
302.57,660.6
302.13,355.64
301.58,468.42
302.89,640.63
302,783
303.96,567.18
310.54,758.61
312.4,127.78
310.13,217.87
310.11,228.58
311.37,1241.8
315.24,411.07
313,1082
321.6,552.46
316.94,326.09
318.47,518.28
321,842.5
325.09,178.63
322.2,494.56
328.43,466.89
328.43,280.01
328.35,907.74
327.89,878.07
334.26,401.83
345.5,533.69
336.67,973.08
337.32,1044.9
343.62,598.34
343.91,349.23
345.94,308.45
345.08,1208.1
348.34,384.68
348.89,510.58
357.43,176.73
356.39,410.61
356.71,1234.7
359.95,89.643
364.27,1000.5
365.3,1122.6
375.03,917.13
373.79,402.5
372.5,942.5
377.92,434.27
386.42,290.98
392.68,638.18
385.5,186.5
388.22,429.63
386.93,728.83
391.76,20.545
396.31,1073
398.82,716.44
399.87,1203
411.37,1131.5
405.89,132.16
405.53,370.53
410.66,475.41
410.73,738.55
411.65,868.86
419.8,327.88
420.44,994.07
423.82,493.89
423.38,1104.6
426.78,72.806
427.06,297.35
433,466.5
437.3,894.43
441.58,82.321
440,53.5
442.02,1156.2
441.93,530.41
445.76,785.28
450.66,283.66
446.54,1068.3
449.49,110.68
448.56,191.97
453.66,302.38
450.82,755.54
454.72,251.63
452.09,179.09
454,86
462.42,644.02
462.07,396.36
460.65,522.5
462.34,926.18
467.34,686.1
471.64,370.85
467.41,857.59
467.35,1127.6
470.34,828.85
470.92,1152.5
473.9,145.05
476.24,29.172
481.81,406.35
483.65,53.145
481.26,900
483.38,352.02
485.51,928.92
485.84,7.1228
487.14,749.51
488.54,803.15
488.93,177.59
489.3,242.08
493.91,952.17
496.64,1200.1
492.92,1232.9
494.19,372.59
499.49,637.63
498.06,493.76
500.19,127.89
498.14,277
509.62,1083.7
505,834.5
506.29,1236.5
508.79,681.74
509.46,356.19
521.94,336.58
519.09,1051.6
522.54,82.983
523.11,143.31
527.93,987.18
522.78,240.46
530.13,721.49
532.47,521.87
531.02,613.56
531.25,785.84
530.11,889.58
533.69,97.037
535.02,239.57
537.41,663.01
535.42,493.42
538.8,131.5
537.08,226.08
541.9,365.04
543.16,1135.2
544.22,552.32
541.5,901.5
551.3,212.51
544.26,1037
549.85,958.84
547.78,345.65
551.02,930.06
550,20
550.5,283
554.99,884.48
557.25,103.73
560.23,593.37
561.11,811.42
566.56,373.36
566.49,275.31
564,995.5
565.5,55.5
566.11,551.63
570.98,1172.1
575.98,26.015
575.22,336.22
572.36,476.44
576.74,550
580.21,994.04
578.06,1025.1
579.5,721
583.13,1038.2
588,399
588.58,802.11
589.83,1096
595.42,892.58
590.59,141.44
593.07,690.59
595.64,1156.7
599.35,924.41
601.17,276.87
599.86,824.07
599.39,1178
603.13,1244.7
604,1134.7
603.46,1200.7
610.54,197.13
611.89,509.38
611.16,849.06
613.85,476.99
615.85,413.49
612.34,668.53
617.61,1041.1
621.47,374.82
627.34,56.468
622.89,286.42
623.5,904
625.5,243
626.95,140.92
631.27,1145.2
629.96,13.574
634.19,194.7
633,491.9
636.82,563.95
636.21,1035.5
637.09,85.229
635.91,422.91
641.09,610.94
643.24,754.29
647.64,585.46
643.42,60.576
644.61,1001.1
646.84,128.07
647.54,268.74
648.77,951.3
647.5,1173.5
652.56,826.44
653.32,1077
653.12,545.58
653.5,1107.5
659.24,290.01
657.06,980.66
657.4,4.2286
662.98,1040
662.05,744.67
668.37,1001.2
669.82,910.98
670.03,443.95
673.69,382.01
671.98,1223.5
675.69,1084.8
682.13,300.28
685.35,115.09
680.63,1130.2
682.14,1063.5
683.71,554.71
687.89,586.74
686.41,1185
688.17,737.85
688.38,1222.1
697.98,172.89
700.6,842.36
699.3,956.49
702.06,462.67
699.93,410.04
698.92,1170.4
700.27,190.57
702.4,896.6
706.35,1029.2
711.1,1079.8
712.07,517.29
718.76,536.48
716.86,613.14
717,937
725.01,1040.6
732.11,1000.3
725.31,63.609
728.89,573.36
728,837.75
734.3,152.46
737.04,922.48
742.04,66.803
742.38,701.71
742.43,724.98
745.22,10.583
743.09,1170.9
753.32,187.41
750.68,942
755.62,222.64
754,266.5
754.55,644.45
759.77,203.1
760,300.12
759.5,822.5
763.91,654
762.23,1008.8
765.21,451.97
775.71,1114.3
772.48,1148.3
779.54,337.02
781.44,360.04
775.58,915.11
783.3,94.605
784.66,513.39
782.56,1155.4
787.24,391.88
788.26,288.72
794.77,645.07
789.5,714.5
791.06,922.69
801.65,1048.1
798.5,622
802.89,876.07
806.23,785.05
806.5,419
812.78,635.93
812.04,585.28
809.92,537
816.54,50.349
814.61,569
815.24,855
817,950
826.35,330.17
820.7,413.33
820.5,1056.5
827.2,288.66
827.31,936.32
825.42,1082.6
828.63,1200.5
830.51,843.68
830.38,120
834.93,740.24
834.41,351.93
840.27,170.49
845.82,1206.3
841.87,465.8
842.13,968.43
845.67,114.67
848.5,96.5
848.89,405.42
851.12,858.93
854.57,163.17
856.03,684.74
858.96,902.11
861.67,232.21
863.23,326.59
865.47,557.54
868.61,357.45
868.58,618.55
872.89,1111.9
870,269.17
877.98,187.59
886.92,663.18
888.64,543.38
892.94,51.358
891.08,1033.1
896.34,317.01
895.54,270.26
892.33,500
897.15,603.46
894.41,1177.1
900.32,648.93
899.5,166
900.5,256.35
901.17,221
904.72,17.175
904.09,548.31
911.29,963.68
916.44,100.11
916.58,576.41
911.5,992
915.96,696.86
918.75,662.84
917,526.5
921.94,731.89
918.5,10
924.52,392.94
928.36,1047.4
931.24,661.44
928.5,1193
935.98,280.04
932.47,1211.3
933.07,964.59
935.56,144.54
940.04,79.352
939.27,995.73
939.09,739.91
941.88,9.9388
947.15,1126.6
945.57,719.51
947.6,543.6
950.45,591.43
952.5,738.11
952.9,313.31
953.52,947.32
957.93,848.94
956.89,876.01
954.09,156.91
954,967
962.04,140.91
958,395.5
961.34,805.08
963.15,750.53
966.61,571.64
964.09,1203.9
967.07,69.407
972.8,455.72
968.75,1045
970.52,882.13
971.16,929.12
977.41,1210.8
972.72,1086.5
978.17,5.6232
977,995.33
982.04,512.27
983.62,371.21
984.39,851.86
988.89,913.31
989.53,1064
993.94,1120.8
994.35,220.25
994.61,55.139
994,1015
1009.3,287.93
1001.3,13.075
1017.3,325.12
1011,121.45
1012.8,586.26
1010.5,708.5
1010.7,513.35
1010.5,1209.5
1024.3,1033.9
1018.1,378.53
1013.9,954.91
1015,108.5
1018,540.5
1017.5,1100.5
1022.1,1070.6
1021.9,557.27
1032.7,1016.1
1029.3,850.03
1031.1,1165.9
1026,458.5
1033.5,1237.6
1032.7,310.58
1032.5,401
1037.1,1088.7
1035.7,1130.5
1034.4,102.5
1040,163.24
1043.2,1118
1045.1,1058.6
1046.5,863.85
1050,1203.5
1048.3,60.086
1050.6,511.42
1055.3,95.6
1054.4,614.37
1064.4,4.2615
1061.8,164.6
1061,514.5
1063,988.5
1068.1,378.21
1069.3,92.431
1070.5,506.25
1070.4,801.95
1071.6,618.9
1072,112
1075.4,977.4
1080.2,1234
1084,711.8
1083.9,554.09
1091.4,314.81
1088.4,987.5
1090,1118.9
1097,241.58
1101.1,724.44
1107.1,750.77
1106.7,899.25
1108.2,558.79
1108,584.71
1105.6,486.11
1115.9,543.25
1116.3,117.92
1119.5,194.55
1117.9,767.94
1116.5,882
1120.6,1118.6
1122.6,473.62
1129.3,211.66
1131.1,58.233
1132.2,979.21
1132,667.5
1133.1,926.91
1143.9,451.05
1142.5,1237.2
1135.6,879.4
1138.6,586.5
1139.8,698.21
1138.5,1052
1142.4,1098.2
1143.1,1008.4
1145.1,105
1148.9,1150.1
1149.6,304.42
1155.2,1088.4
1156.7,610
1160.8,833.63
1169,90.667
1170.4,855.84
1170.5,891.45
1172,236.04
1174.8,788.56
1170.9,1189.1
1172.9,177.12
1179.8,470.78
1177.8,646.93
1178.8,722.07
1177.3,946.01
1178.3,409.3
1183.4,1193.5
1182.5,1112.5
1189.1,36.215
1184.9,707.5
1189.1,630.55
1192.2,797.53
1196.4,574.39
1193.2,748
1198.4,88.237
1197.4,697.9
1198,1051
1203.2,1188.6
1213.2,1245.9
1207.5,244.74
1208.2,544.57
1211.8,261.58
1207.4,965.89
1212,709.75
1210.9,787.57
1217.8,988.15
1213,48
1217,10.01
1217.1,315.39
1215,1097.2
1221.9,576.46
1228.5,266.98
1227.8,740.77
1227.3,1092.1
1232.4,548.56
1237,1138.3
1235.3,645.09
1238.7,1219
1239.1,476.93
1239.4,1050.5
1240.6,437.11
1243.3,625.4
1245.1,78.67
1246.8,555.07
1246.6,961.68
