10.868,169.16
9.2657,307.84
5.8645,582.42
3.2414,726.1
2.5957,1012.2
1.8621,1220.2
7.625,971.78
9.0426,63.574
11.323,216.38
12.903,351.93
10.917,752.08
14.68,731.78
15.042,24.76
20.088,831.16
18.776,507.2
20.92,375.56
21.091,635.09
24.28,1235.5
24.878,802.31
28.293,27.261
27.903,594.16
28.5,187
32.985,370.16
33.681,332.65
34.769,1058.5
37.128,113.7
40.376,271.84
43.046,54.849
45.061,954.3
42.027,1142.9
46.101,744.08
46.212,1096.1
53.933,611.77
49.143,1132.7
50.877,203.94
61.849,788.34
55.05,222.07
55.303,980.78
55.414,846.48
57.569,299.06
58.2,695.9
60.828,886.7
63.686,14.542
59.579,1004.9
64,81.5
66.717,548.83
63.878,832.02
64.581,426.55
69.062,1189.9
70.042,475.58
79.155,1061.6
73.25,965.03
78.213,1040.3
72.537,445.59
72.891,921.37
76.947,54.794
76.96,321.92
82.44,76.985
80.704,1210.6
81.269,1045.7
86.697,507.81
84.353,814.06
90.072,763.75
87.541,429.08
89,141.35
92.952,1246.4
91.841,747.48
92.467,1085.4
96.898,714.86
97.784,972.77
98.447,27.461
101.04,524.98
100.16,224.57
99.371,1047.9
105.5,1131
113.9,147.4
109.98,203.78
112.81,560.46
111.05,842.65
113.11,868.2
115.64,1097.8
124.47,323.64
121.59,1048.4
117.68,1189.3
114.33,460.02
121.95,666.98
121.8,21.68
130.41,997.07
135.08,1149.2
130.58,859.11
133.92,92.917
135.42,609.62
142,280.55
141.51,909.36
140.28,167.08
138,1215.5
154.11,55.336
139.37,780.63
143.6,942.44
140,976.5
143.79,193.98
145.7,223.42
141.91,490.09
147.63,875.91
145,920.5
155.22,430.59
161.68,759.33
155.83,201
163.52,250.74
160.8,371
163.2,296.68
162.5,718
167.06,805.42
168.31,623.62
173.42,337.47
171.94,1097.7
172.79,98.607
184.45,460.93
176.83,500.33
181.38,198.41
181.81,1213.8
181.21,421.5
185.48,763.65
183.15,1161.7
186.04,340.52
189.44,780.33
193.39,166.13
195.95,66.571
200.01,870.42
198.35,1225.9
199.1,3.8387
204.17,931.13
201.94,1052.6
202.64,11.879
211.97,138.41
215.16,196.75
213.93,60.15
213.5,1151.5
219.89,539.8
221.24,957.09
222.71,758.39
228.78,217.9
229.06,314.52
224,584.67
226.95,1121.8
233.98,901.2
232.36,142.15
234.5,597.77
231.93,464.59
234.28,924.73
238.42,44.468
239.37,126.37
239.83,58.667
258.38,643
241.43,1102.6
244.26,482.07
242.63,837.37
248.47,988.65
251.85,541.65
254.01,69.243
254.53,425.15
256.47,842.53
262.72,1225.3
255.9,237.97
262.92,5.7071
261.74,1165.7
258.5,1180.5
262,26.5
262.5,760.5
265.5,354
269.61,301.1
271.28,227.22
274.75,1129.8
273,153
280.12,1212.1
278.88,545.75
284.66,758.19
278,1004.5
282.4,273.33
282.26,1173.3
283.38,119.9
282.58,341.11
286.48,414.07
289.92,362.03
287.07,1082.6
286.5,1198.5
288.68,872.22
293.5,929
298.42,475.09
295.61,898.84
299.25,209.97
297.89,452.42
306.85,52.776
304.38,1113.5
302.42,192.11
308.14,557.2
304.94,580.94
304.58,1061.5
307.46,371.44
313.94,456.74
307.92,913.77
312.29,262.48
310.62,976.4
312.07,1195.4
319.9,191.35
311.57,601.05
313.58,669.11
314.07,883.41
315.35,97.115
321.93,162.59
328,11.5
330.23,314.5
330.5,301
344.29,816.38
337.64,1240.6
338.26,486.51
340.8,394.29
341,1216.9
340.04,1179.3
342.86,1149
343.25,723.44
344.53,253.69
352.55,605.01
344.5,945.5
349.27,378
353.5,634.76
352.67,1090.9
354.42,32.795
354.83,268
357.24,154.88
365.73,84.569
369.92,250.31
373.39,348.09
368.5,1169.6
373.44,1014.8
370.43,613.61
370.33,981
372.38,26.625
374.09,211.43
388,515.91
378.51,139.93
377.9,493.98
380.06,974.26
386.17,637.12
382.59,1041.9
387.13,61.56
385.2,1084.6
391.32,11.573
388.5,1021
389.4,1168.4
390.5,856.36
390,997
391.58,99.105
393.43,91.429
398.27,1146.5
405.33,148.11
401.1,1195.5
399.71,277.6
404.23,18.978
402.03,1072
404.58,1244.7
405.67,111.67
409.2,694.78
405.93,866.19
408,74.174
414.49,249.43
409,1092
411.46,164.54
409.91,215.09
411,106.5
414.36,134.25
413,933.9
411.5,1074.5
415.6,340.3
421.63,665.01
419,437
420.78,148.54
423.5,348.5
426.5,411.65
425.22,1210.6
427.07,1234.9
436.34,235.4
430.78,328.34
432.62,168.22
435.19,373.37
438.52,1158.7
436.93,201.44
447.33,388.21
447.09,681.45
451.43,1011.3
451.64,198.41
452,530.6
458.07,684.59
461.51,758.56
460.07,494.98
463.56,234.05
461.88,211.12
462.55,565.71
463.54,601.83
467.27,413.12
465.44,965.03
468.6,592.6
477.34,987.78
480.69,490.67
479.68,53.511
478.3,78.28
480.92,273.56
480.23,151.07
489.45,84.025
490.83,994.29
493.01,975.91
496.49,349.53
495.57,95.914
496.65,497.39
506.09,237.73
502.71,727.14
503.24,1108.7
503,170.5
505.06,1019.5
507.72,980.31
508.45,1044.8
508.11,1083.8
508.82,499.47
523.09,557.36
523.61,101.24
527.07,42.313
525.21,1096.7
526.14,1186.9
531.32,66.177
538.33,301.27
530.79,151.15
527.86,1048.5
530.91,493.09
534.96,518.24
534.39,562.43
538.62,1150.1
539.5,4
542.9,943.73
549.03,244.83
545.33,777
554.35,1187.9
548.93,718.99
552.63,63.484
554.45,599.18
559.68,1102.4
560.98,152.74
560.43,995.05
561,655.14
563.55,913.37
565.58,360.89
572.05,524.79
571.91,94.926
573.28,785.34
572.07,1019.4
576.35,117.16
586.61,657.94
587.01,99.631
588.08,232.96
587,605.32
589.71,308.6
596.16,734.87
593,1225.9
592.91,168.77
592.9,263.16
596.06,512.55
598.8,1041.9
601.79,642.77
601.31,24.086
602.09,277.91
610.04,458.23
606.92,1148.9
613.52,628.45
617.89,340.63
622.46,672.09
626.15,236.65
623.63,621.77
626.5,297.41
630.6,1124.3
632.7,65.535
634.03,1012.5
641.11,194.82
634.17,597
635.96,689.55
635.42,1092.9
643.77,1207.6
641.88,310.54
640.92,825.92
649.64,562.85
644.43,1056.4
645.56,1129.1
646.58,1086.1
647.88,1045.7
649.95,85.929
658.2,777.78
655.03,54.688
655.09,875.13
655.08,394.08
655.94,101.91
658.54,829.73
657.85,1109.7
660.59,694.79
664.42,850.99
663.83,978.67
674.05,828.9
671.08,35.86
669.82,859.95
685.52,311.43
677.93,99.558
682.96,355.57
680.85,389.96
680.29,130.8
680.08,739.08
680.64,151.5
680.91,861.95
696.09,1025.4
687,674.21
687.25,184.7
686.78,587.32
690.21,477.24
691.19,71.644
689.63,702.97
690,1005.3
691.54,1114.6
694.01,849.96
697.51,380.27
702.75,13.636
702.37,100.16
702.62,709.92
707.54,491.19
708.61,460.86
710.5,685.5
717.08,1080
714.5,399
713.87,529.56
715.94,1223.1
717.82,27.758
723.2,739.69
722.46,916.09
723.88,60.55
722.14,183.86
723.66,615.62
726.02,721.41
726,709.25
732.27,521.03
732.65,466.16
735.32,15.6
734.91,27.091
738.43,232.81
739.12,263.89
739.45,194.36
746.76,767.52
739.67,1211
746.51,131.37
743,684
746.77,547.3
746.76,579.66
750.41,1180.7
748.5,276.61
749.33,330.79
752.64,908.29
752.33,688.79
754.08,155.46
759.66,571.94
758.6,373.52
759.57,663.82
765.31,549.87
765.62,225.45
762.78,253.35
762.55,1127.3
766.67,448.96
764.5,767
769.44,110.1
771.98,158.92
773.66,905.38
780.63,244.95
780,639.5
784.06,120.01
788.97,883.3
792.21,623.06
793.15,493.45
791.37,1231.3
795.01,673.76
799.65,11.366
797.21,933.87
800.52,1124.1
804.16,378.13
799.19,847
801.14,584.12
799.9,778.57
804.82,185.61
806.53,942.11
811.04,1137.7
815.57,166.52
814.94,789.08
812.98,1101.1
814.23,958.21
815.92,636.78
815.22,337.38
818.06,1242.6
823.01,355.65
820.55,90.719
819.16,690.69
821.74,494.32
824.43,512.02
824.63,332.94
828.05,1003.5
828.76,45.06
833.05,33.273
838.69,351.69
837.58,1179.1
842.07,320.27
841.4,1066.9
842.17,469.95
852.69,177.73
851.18,462.65
857.86,15.63
853.5,235
857.04,275.06
856.5,865.5
857.09,1074.9
861.35,520.04
872.1,1167.4
864.44,204.2
864.5,822
869.42,940.25
868.36,1156.5
867.37,615.63
869.9,32.449
871.55,560.41
870.06,682.77
872.83,540.4
874.82,474.25
872.93,1110.4
877.58,984.06
876.47,723.73
882.43,1183.8
881.82,819.86
884.14,897.61
887.09,669.35
888,920.96
886.93,1079.6
891.09,305.91
895.74,441.7
893.5,280.5
897.38,37.663
901.28,1161.2
905.76,822.57
905.88,360.12
907.39,556.93
909.85,174.93
917.9,520.25
911.31,979
914.95,1190
917,250
917.05,760.17
919,339.17
923.89,1243.8
923.09,688.91
929.75,610.84
926.06,1043.2
930.92,905.5
927.08,460.56
932.24,104.47
929.07,339.59
930.5,853.5
935.85,485.88
936.65,129.55
938.41,470.38
942.7,1041.8
939.47,21.344
948.91,629.46
942.48,443.91
942.7,977.5
949.79,458.67
944.33,557.42
949.39,1000.1
955.52,761.24
953.15,483.15
953.5,972
952.64,1091.5
961.87,1186.6
958.55,932.85
964.21,169.77
973.21,261.36
964.93,371.07
963.77,621.23
970.9,635.9
965.77,92.773
980.12,1102.4
976.17,1165
978.5,601
979.93,948.29
984.48,388.77
981.41,692.89
984.99,227.82
984.5,459.5
988.7,774.06
986.89,69.133
990.33,647.34
986.44,1224.9
993.5,634
993.44,706.44
997.07,345.53
999.69,10.346
997.99,417.48
1002.9,40.128
1004.2,127
1005.2,530.68
1002,197
1004.7,278.76
1008.2,62.44
1008.8,782.76
1009.5,1240
1011,601
1016.2,499.05
1015.6,796.86
1017.3,1191.7
1019.2,1018.7
1017.9,630
1028,952.82
1024.2,393.56
1027.6,471.37
1032.2,233.06
1035.5,938.47
1038.5,181.23
1036.6,654.42
1039.2,1229.7
1042.1,1124.6
1039.5,87.5
1045,975.1
1043.5,673.34
1044.1,1164.6
1046.5,1051.5
1051.5,269.38
1048.4,1240.1
1051.4,13.714
1054.1,781.72
1052.1,914.39
1053.5,646.53
1054.1,713.91
1055.7,115.27
1055.9,680.93
1055.5,865
1063.4,561.66
1064.3,1121.1
1062.9,402.97
1062.6,952.04
1061.4,297.89
1064,9.122
1063.4,1203.1
1068,21.699
1069.2,679.6
1068.3,817.65
1076.1,408.84
1071.5,993.89
1077.9,1184.3
1072.1,251.41
1074.9,868.15
1072.8,905.56
1075,175.93
1075.5,482.98
1079,588.81
1078,795.36
1076.4,885.07
1078,126.63
1084.2,828.37
1085,257.56
1085.6,429.95
1084.2,515.93
1084.4,464.59
1087.2,334.44
1089.2,989.35
1090,8.5
1089.7,84.667
1088.5,597
1094.5,535
1099.8,1116.5
1101.2,905.54
1102,944.32
1107.7,984.95
1103.6,122.89
1103.4,390.61
1106,409.57
1111.8,537.72
1111.9,30.774
1111.8,1153.5
1109,62.888
1108.7,379.87
1109.8,254.2
1109.9,630.84
1110.3,333.83
1116,846.46
1114.5,240
1117.5,461.41
1119.1,702.92
1125,503.53
1125.9,294.15
1129,647.14
1126.9,1246.8
1125.5,11.914
1125.8,230.11
1128.8,210.48
1129.1,572.56
1128.6,589.71
1130.2,403.44
1132.1,67.077
1133.1,156.41
1136,190.3
1134.9,344.42
1137.9,1025
1140.4,1142.4
1149.6,312.13
1147.5,568.79
1160.4,348.69
1155.1,1038
1155.6,521.47
1155,665.25
1159.2,1177.3
1161,67.981
1160.5,162.94
1160,629.77
1162.1,273.46
1165,1015
1165.9,994.57
1169,7
1171.6,93.375
1173.9,161.12
1173.5,314.34
1177,711.47
1180.9,246.5
1176.6,770.11
1177.2,1030.6
1181.2,1124
1184.2,599
1186.2,179
1187.8,520.6
1192.2,496.04
1194.3,729.26
1190.5,76.5
1195.7,979.04
1200.6,65.6
1202.1,505.96
1201.7,463.64
1201.5,1158.3
1203.7,449.34
1208.1,226
1207.9,774.04
1209.6,80.978
1209.4,899.29
1216.7,920.61
1223.8,327.54
1214.2,967.08
1222.5,1056
1223.4,515.07
1227.8,837.31
1226.9,16.261
1225.6,790.11
1227.5,539.09
1234.7,226.31
1236.1,640.21
1231.6,746.89
1233.2,513.91
1238.4,728.09
1239.9,172.17
1239.5,62.561
1241.5,135.39
1239.4,153.07
1239.5,428.88
1244.9,356.13
1245.3,983.28
1246,210.52
1246.7,735
1246.7,1079.2
