3.5758,402.61
2.2069,673.93
6.1596,743.35
8.7523,878.33
12.942,911.04
4.46,933.9
5.7581,1028.3
5.3137,1092.2
3.1389,1178.3
11.818,1196.6
5.4792,818.98
7.4727,829.8
11.375,223.5
12.204,760.22
9.5686,779.96
12.747,1114.4
15.176,420.02
15.854,1157.5
11.667,396.33
29.032,1044.6
14.143,1010.1
18.946,291.45
19.077,585.09
19.731,994.07
20.613,268.74
19.7,1244.7
22.5,929.5
24.107,56.964
24.688,491.86
25.415,139.91
26.483,719.45
29.449,1009.8
29.625,649.08
36.746,739.64
34.911,389.37
34.581,1203.1
31.968,624.94
37.642,600.42
31.875,807.88
32.5,911
33.5,13.15
35.613,1129.2
36.944,229.87
39.231,496
45.143,186.52
46.773,446.34
48.855,33.112
46.974,799.68
46.545,519.18
47.811,782.76
51.968,901.37
63.195,1117.3
49.506,478.51
46,720
51.787,1141.8
52.544,378.09
55.358,365.31
53.448,462.84
57.538,989.34
54.481,581.37
73.52,1028.9
65.625,296.64
57.5,182.5
63.963,434.07
59.556,764.56
65.013,811.44
61.51,479.67
67.503,656.95
65.044,778.4
63.41,833.56
66.329,937.55
72.442,953.88
67.161,613.9
78.419,1201.3
70.654,213
90.501,1169.3
79.171,516.07
78.77,975.75
101.54,951.8
83.879,658.81
85.023,804.84
91.115,838.18
85.589,49.607
86.195,381.95
91.718,114.71
84.795,324.35
89.067,80.444
94.851,879.17
91.488,90.927
93.466,639.79
95.429,415.43
96.817,1083.9
95.714,1109.3
96.895,650.42
112.57,351.53
102.23,369.5
103.45,500.29
107.5,122.26
105.84,101.9
106.5,376
107.81,413.28
114.13,311.44
109.84,430.91
115.49,577.83
114.29,1238.9
122.36,1145.6
114.94,765.41
120.61,521.2
128.29,1182.9
119.87,285.87
125.29,1005.7
119.67,27.567
119,211.67
120.44,160.08
126.74,824.69
129.19,548.3
123.42,704.89
127.4,87.044
135.41,151.18
130.67,773.87
133.31,276
136.78,980.5
136.72,1134.4
139.38,1016.6
140.35,1109.9
140.17,636.31
138.5,747
142.76,959.25
139.54,678.71
149.46,1003
148.16,740.85
144.86,1200
145.07,123.56
148.53,1127.3
151.51,365.33
149.42,1020.1
160.44,574.34
155.53,1113.3
157.19,147.74
161.41,806.72
161.9,443.3
160.12,907.98
161.09,701.66
166.89,366.74
168.46,623.89
167.06,987
166.63,383.85
165.46,774.15
168.36,1233.8
173.19,31.404
172.3,430.16
171.6,951.6
189.45,840.74
177,763
181.67,1193.7
182.17,979.67
186.18,83
185.17,377.59
189.99,613.86
188,269.43
189.29,966.76
190.51,478.26
192.9,117.9
199.15,101.41
203.44,949.3
209.7,69.43
209.59,1035
212.49,743.91
211.62,880.49
210.58,803.56
211.73,727.57
212.72,1008.3
216.79,902.64
213.06,208.66
213.95,253.32
214.95,930.85
216.84,496.32
219.62,89.568
218.36,1161.5
220.39,813.57
221.28,972.44
222.32,628.26
229.29,244.8
234.11,310.36
235.4,733.28
234.37,788.37
243.88,1057.5
241.69,981.8
257.49,1229.8
247.71,907.33
247.63,703.37
261.31,269.71
252.16,299.07
249.93,554.93
250.57,583.6
257.13,1099
253.34,632.89
253.31,673.14
262.28,522.58
258.23,941.84
257.94,994.17
257.33,863.92
260.71,398.59
259.65,642
266.97,561.07
272.43,114.59
286.23,139.75
267.05,979.09
267.88,246.7
273.66,1074.9
271.43,258.35
283.52,867.52
283.84,964.82
286.33,1103.2
281.64,1135.1
286.31,370.44
284,740.5
287.8,733.33
299.16,682.58
293.11,173.54
292.59,1205
292.43,240.43
295.54,1177.6
301.56,1151.1
314.19,576.47
300.44,1244.4
305.54,99.937
302.79,827.38
308.19,601.92
311.51,791.9
309,768.5
316.56,1095.6
314.25,1177.7
316.86,1236.3
315.3,460.71
316.67,695.22
329.44,14.394
323.5,1027.9
326.19,971.15
326.77,1210.4
326.8,385.73
334.68,236.13
336.81,518.27
335,599.5
341.61,583.5
341.04,622.14
342.58,1047.2
347.61,567.86
341.98,1021.9
341.91,989.23
343,1187
343,96.5
350.06,83.332
365.26,463.6
355.57,47.775
360.58,211.26
358.45,546.67
358.65,769.12
359.61,1222
365.04,371.67
364.38,790.99
382.07,792.71
361.67,190.9
362.57,532.3
364.12,999.12
365.43,597.43
370.02,938.59
372.4,277.23
370.95,19.676
382.25,514.78
379.13,662.53
386.76,122.98
387.34,925.24
381.91,1234.7
383.24,550.27
384.97,1135.4
385.78,911.52
391.69,1177.2
388.37,272.94
398.36,236.11
400.2,453.74
400.59,570.41
403.42,862.06
407.16,732.09
408.11,316.65
407.76,337.01
410.33,1201.6
414.85,77.242
412,1064.5
415.11,839.2
415.48,978.45
417.84,929.98
417.84,895.16
422.72,160.58
420.5,769
425.11,250.75
426.33,574.28
426.65,691.11
427.21,1190.7
424.61,1001.6
424.6,73.6
429.47,910.97
428.28,474.36
428.04,47.457
440.29,871.16
450.19,16.065
436.94,432.21
434.33,1202
438.05,1229
438,653.83
446.61,1065.8
443.08,318.15
442,592.5
443.92,259.46
445.64,367.85
446.53,441.85
449.08,839.34
448.96,515.19
450.5,482
455.92,895.53
451.98,1206.1
451.5,418
455.45,378.79
453,652.83
456.29,1154
464.56,850.87
458.5,141.82
468.22,303.77
467.46,684.29
467.81,743.71
476.97,1183.1
473.09,561.47
473.69,58.362
471.39,519.67
476.14,256.88
467.88,332.22
473.47,384.94
475.85,913.04
476.51,599.33
474.56,985.56
483.76,943.6
481,588.5
482.38,645.25
487.85,11.511
484.9,451.03
484.62,810.47
483.43,929.43
494.17,339.6
495.94,457.78
487.42,1028.3
494.9,119.06
499.8,601.45
491.36,1155.5
489,443
495.19,84.481
494.38,911.9
498.32,1095.6
509,144.84
496.29,787
508.69,288.54
499.35,901.58
497.77,946.09
508.18,1204.3
508.19,1048.5
502.66,1008.6
505.04,662.85
514,230.74
509.92,325.71
524.91,687.9
510.72,524.7
517.69,814.94
509.9,1143.9
515.82,32.629
512.81,89.274
511.71,339.76
514.21,509.25
514.6,190.51
520.14,747.42
517.98,929.69
518.74,848.46
523.41,588.85
520.63,565.63
521,945.32
522.23,356.37
529.95,465.44
527.68,1078.2
534.86,872.49
530,1068.5
537.72,795.9
536.88,376.46
536.38,750.7
535.83,703.7
546.14,997.64
538.38,1063.1
541.5,178.62
540.59,771.07
542.61,1178.8
541,518
545.58,1109.4
544.92,763.3
549.95,607.47
554.94,77.06
558.11,438.33
548.49,977.67
552.75,1143.7
563.58,779.53
551.73,1088.6
552.61,5.5652
560.21,374.47
560.16,512.36
560.05,463.26
557.61,151.57
557,242.67
565,270.14
568.24,679.87
562.38,731.2
573.25,87.719
565.84,146.32
565.97,911.08
568.59,977.95
567,1058.1
568.78,1232.3
570.92,112.76
572,748.5
574.77,833.77
587.93,797.59
586.19,220.78
580.12,531.44
585.63,1001.8
585.29,3.6042
586.11,173.12
584.4,186.4
595.88,1087.3
598.53,53.945
595.66,1161.6
592.9,366.9
591.56,1201.9
605.99,824.75
596.51,156.27
594.47,132.91
594.5,23.5
597.08,243.75
596.5,497
604.67,552.12
597.58,116.89
602.92,1047.6
602.42,1220.9
600.59,758.23
601.48,916.88
606.88,87.457
609.93,1014.5
608.09,191.66
613.1,365.2
608.42,855.78
609.04,261.14
608.46,313.42
605.5,497
605.83,944.33
611.09,68.816
611.91,407.93
611.05,1084.1
614.56,132.16
613.07,507.01
610.5,463
612.89,1037.1
618.37,1145.3
617.86,1052.3
620.73,1197.1
615.92,744.4
617.12,609.65
623.36,1245.2
626.15,657.24
625.47,358.37
632.89,488.14
634.21,601.51
631.52,627.27
633.79,1112.6
628.4,88.585
631.23,151.95
637.78,315.59
632.92,948.16
631.81,1081.3
635,301
639.6,404.01
637.63,359.23
638.62,760.04
640.05,190.85
643.64,1014.3
645.61,727.74
644.6,835.4
648.95,128.63
657.14,495.72
650.17,461.21
655.19,569.4
656.11,1218.4
655.98,839.65
654.91,1083.6
653,547.51
652.42,100.89
656.7,1191.9
654.88,624.38
655.29,452.45
662.66,885.41
659.46,777.63
662.03,804
667.95,10.452
668.67,852.79
672.66,298.07
669.2,176.38
665.52,966.02
667.46,270.88
668.11,31.909
673.82,1204.6
679.86,446.94
679.18,407.87
678.45,1023.9
684.8,642.34
680.74,1011.5
682.96,224.13
685.21,559.04
683.03,803.49
684.39,873.37
684.67,709.52
706.55,981.85
689.04,1145.5
688.43,942.13
688.37,181.07
695,890.88
690.5,439
696.03,598.15
690,779
695.09,854.51
697.4,1121.2
697.26,779.48
700.65,1006.5
698,586.1
702.44,516.56
700,752.24
699.71,809.81
705.01,1047.9
709.43,728.48
700.53,790.65
710.13,269.83
709.28,296.46
712.78,565.71
712.89,649
713.09,1117
712.8,588.87
713.47,527.77
719.05,843.58
717.77,634.53
718.6,248.15
722.91,610.29
720.98,871.39
722.09,710.24
722.8,1081.1
724.54,791.39
727.92,1244.9
732.76,526.98
726.9,746.21
728,1222.3
730.9,385
743.78,425.11
731.92,1010.4
738.06,901.21
734.52,1113.6
737.41,333.07
738.07,823.53
744.4,1208.3
744.33,760.8
747.93,284.51
750.76,178.02
750.93,996.89
750.56,196.08
759.1,326.04
761.02,743.88
757.13,205.02
756.83,872.98
759,367.97
764.74,648.74
763.41,1165.1
764.56,856.93
769.26,976.3
768.62,1014.2
770.71,127.23
770.5,398.71
769.23,587.97
771.55,198.71
772,812.15
772.52,441.6
774.56,166.61
777.27,690.77
783.29,382.99
784.39,1177
793.62,925.49
788.08,22.266
791.95,95.33
788.93,1197.1
791,235.14
791.05,352.09
791.66,546.92
793.58,810.38
791.66,1123.6
791.4,1211
794.6,180.66
793.75,606.77
797.66,998.54
793.84,681.9
795.02,1162.1
795.42,965.58
799.51,873.17
797.19,895.26
800.06,765
807.71,1092.9
804.96,824.18
808.57,46.326
811,691.5
813.68,749.95
822.24,925.51
815.88,163.12
820.01,531.23
822.22,858.01
818.13,414.75
821.03,1191.7
829.76,378.49
839.72,596.89
829.95,1003
838.09,808.45
834.81,442.2
832.96,623.93
833.67,1205.1
839.01,129.55
846.51,1150.1
840.36,171.74
842.11,265.41
841.81,242.7
839.5,736
846.64,506.77
850.34,426.16
853.78,729.38
860.53,938.63
866.1,544.79
860.41,573.27
864.43,890.71
863.45,1044.6
865,453.5
876.9,1141.7
868,617
868,382
870.5,498.75
895.81,342.49
876.67,982.89
885.25,151.1
874.86,1188.1
877.56,742.67
880.86,128.94
878.63,516.63
884.64,268.1
880,869
882.68,439.16
887.76,235.18
892.1,1064.1
893.26,1008.2
896.49,594.75
898.86,907.62
899.11,643.58
900.45,726.96
909.76,850.99
912.97,1106.7
905.75,1153.8
912.1,579.03
907.22,1245
909.09,559.42
910.31,246.12
912.67,69.267
914.13,887.64
916.58,925.35
916.73,780.28
917.95,1064.6
921.78,1170.3
925.23,816.89
927.26,875.48
927.03,950.72
926.62,997.62
927.74,492.31
932.3,1141.4
935.25,220.63
933.19,263.5
930.6,403.1
928,551
938.05,1204.6
935.13,611.97
938.37,1244.2
933.67,56
947.19,499.27
950.7,727.75
946.86,976.94
946.58,946.89
949.5,914.78
953.27,1101
952.32,928.36
956.81,992.76
953.35,872
956.74,1057
958.49,1232.2
966.23,611.64
965.6,933.63
968.11,1135.4
969.5,284
969.55,431.71
976.75,782.87
974.43,538.67
980.59,717.95
973.67,831.67
975.1,891.13
978.81,382.41
979.46,298.61
979.1,1034.2
981.07,453.67
984.03,525.77
982.39,1204.9
983.96,1178.7
984.12,588.65
986,131.59
994.41,91.601
992.55,685.66
989.75,331.75
990.24,487.41
993.14,634.39
996.81,1120.6
999.27,23.317
994.44,576.63
996.65,1207.1
999.55,1044.6
999.82,170.1
998.84,739.44
1000.9,704.57
1003.2,1076.8
1002.3,431.37
1006.5,600
1007.6,799.83
1004.9,1234.9
1013.5,836.39
1013.7,721.08
1018.1,435.17
1014,1074
1021,1070.2
1024.9,611.83
1024.5,1169
1025.2,1175.1
1027.9,407.95
1029.1,811.58
1034.1,363.32
1035.4,1190.1
1033.2,150.24
1036.8,240.61
1033.1,618.6
1036.1,342.19
1042.1,1174.1
1039.8,177.83
1042.6,400.35
1043,66.788
1046.3,1210.9
1047.6,147.58
1051.6,520.37
1051.1,1095.1
1050.9,6.271
1054.6,667.09
1057.3,1182.8
1056.8,571.45
1057,1078.5
1059.6,746.16
1059,764
1059,773.5
1060.5,478.88
1062.6,1228.4
1065.2,538.58
1067.1,871.74
1068.9,691.92
1074.8,926.81
1071.1,1095.3
1067.8,1213.7
1072.6,608.77
1075.6,836.4
1070.7,970.7
1078.3,156.63
1075.4,523.9
1075.2,1128.1
1082,317
1082.7,548.82
1089.3,688.32
1093,267.74
1086.4,5.931
1089.9,577.88
1088.4,733.92
1096.1,130.65
1097.3,911.75
1096.6,774.76
1095.5,436.96
1096.2,673.83
1101.3,804.66
1101,149.15
1102.2,1246.2
1109,672.34
1110.2,1173.4
1112.2,297.79
1109.5,702.96
1115,900.47
1120.8,545.31
1125.9,215.3
1130.1,797.66
1133,1123.8
1130.9,608.38
1131.6,688.53
1134.9,138.37
1137.6,635.6
1137.9,217.59
1139.3,823.27
1148.3,1135.6
1151.2,480.35
1148,230.5
1153.5,874.04
1148.6,1064.7
1151.7,269.58
1155.1,1037.1
1153.8,937.7
1157.9,156.92
1160.9,602.86
1163.1,860.56
1160.9,57.346
1162.9,91.015
1168.5,825.62
1165,900.83
1171.6,804.71
1177.5,614.2
1173.3,143.01
1172.9,1171.4
1176.7,373.13
1181.9,819.53
1180,705.17
1201.3,746.39
1187.8,841.23
1183.6,159.52
1183.8,1207.9
1194.4,43.226
1184.5,567
1190,1127.3
1188,1228.6
1189.2,588.44
1193.7,545.17
1195.2,709.08
1191.9,558.41
1197,1007.3
1198.9,685.91
1195.4,445.5
1206.2,136.73
1200,700
1225.8,547.01
1201.5,775
1203.4,196.86
1203,1230.5
1208.3,62.964
1208.4,816.49
1208.3,854.9
1214.5,1238.8
1206.4,233.4
1206.5,551
1224,702.35
1228.7,866.2
1217.7,126.65
1217.5,1114
1222.5,171.56
1223.4,829.58
1226.8,480.3
1231.7,87.923
1229,16.407
1239.4,1246.3
1233.7,1181.6
1236.5,30.304
1234.9,371.07
1234.3,508.88
1238.5,941.01
1239.6,918.81
1239.1,395.91
1240.6,3.4138
1244.6,618.3
1244.2,816.31
1243.9,718.38
1242.6,738.06
1246.9,597.04
1247.2,539.18
