8.1421,209.02
5.9726,1004.5
11.929,53.31
17.672,449.2
18.837,281.81
35,918.71
39.256,1059.6
40.921,112.99
53.911,580.72
51,697
52.389,1127.1
73.038,792.92
73.895,558.58
84.65,246.24
91.807,119.03
93.67,1140
98.346,1018.7
113.62,1021
110.1,82.232
117.39,509.86
126.78,203.12
128.5,1029.5
131.91,963.52
137.98,273.28
138.66,783.49
138.56,428.36
142.2,543
149.54,688.9
153.33,14.51
152.24,1001
157.23,955.06
159.88,51.317
157.58,1132.7
159.8,667.46
160.92,176.08
170.98,613.48
178.27,1124.1
178,932.5
183.4,916.94
187.94,434.5
191.39,961.83
189.13,1199.8
191.17,858.29
192.17,1169
198.06,702.07
205.74,536.43
205.24,1200.6
207.69,440.64
209.22,272.55
214.48,876.27
214.59,1048.1
222.16,928.92
219.28,1063.2
220.98,952.77
220.7,6.4627
223.36,1206.2
223.74,79.482
220.37,811.63
226.24,875.18
230.03,488.41
243.73,800.21
235.51,284.43
237.59,973.79
239.96,1121.4
245.24,200.8
244.96,1140.5
251.98,769.45
248.85,642.62
253.14,940.39
252.09,1004.5
255.35,1167.2
262.98,479.69
264.35,224.16
264.37,88.827
267.15,1085.9
269.02,1051
266.94,817.38
278.43,266.04
278.2,922.47
278.66,76.34
283.42,660.89
286.45,1095.3
286.58,581.89
290.06,681.51
290.53,358.17
292.24,26.676
298.73,996.75
301.15,1063.4
302.66,1042.7
304.8,283.32
307.59,423.82
322.23,601.76
310.94,654.84
310.66,71.887
318.27,477.28
324.13,12.277
327.79,623.38
330.53,450.31
330.04,1125.4
336.28,986.12
332,1061
337.31,1093.8
338.4,1149.9
339.74,190.16
340.43,370.68
351.16,673.74
349.44,74.561
350.5,465
349.29,621.45
358.92,782.89
356.37,1123.5
359.21,632.31
358.49,702.33
361.15,299.97
361.77,18.561
367.39,1053.4
363.98,723.97
378.17,894.06
372.55,309.41
384.92,787.29
378.78,677.61
383.88,471.37
383.1,569.94
383.18,699.21
400.18,1205.1
399.38,754.62
407.05,50.921
407.93,174.09
410.74,795.43
412.24,1046.5
419.03,748.8
420.29,726.08
432.4,659.42
427,997.38
431.39,593.16
429.5,1227.5
435,442.75
438.3,110
446.13,1177.5
447.15,663.96
447.39,1026
454.38,254.59
450.96,755.23
453.37,325.05
459.33,636.6
458.35,615.12
458.5,690.5
461.57,169.39
470.11,1134.5
468.69,391.8
467.56,999.76
471.73,671.22
476.1,171.58
472.37,977.93
480.55,1009
492.17,888.6
495,842.23
493.23,909.88
505.28,141.23
513.13,53.641
517.95,710
515.18,642.93
515.48,343.65
518.42,914.11
521.96,1044.5
521.43,1019
528.83,784.41
525.73,1212
524.57,991.9
529.73,906.08
537.6,525.93
540.66,956.67
537.5,1242
542.46,419.24
551.04,926.2
551.58,71.75
553.33,766.97
561.08,117.69
559,993.5
566.63,998.27
576,911
579.23,328.51
583.98,449.22
588.51,782.58
588,986.6
599.03,156.68
603.33,202.21
615.57,550.38
621.63,1136.2
622,178.5
632,894.5
646.98,970
647.14,282.19
646.57,206.61
653.96,1105.4
657.17,500.68
655.45,6.5373
657.58,248.42
661.05,355.1
666.27,564.28
661.89,816.58
672.47,677.01
673.66,215.67
671.34,713.08
670.48,1230.5
679.16,1153.2
673.1,89
676.75,297.17
680.09,878.85
687.12,142.17
697.61,984.93
696.38,490.86
701.95,442.77
703.34,654.32
707.46,602.22
720.87,147.35
722.48,1137.7
727.51,1080.1
739.17,482.57
748.2,455.01
755.91,1057.6
759.44,1153.5
764.27,1244.6
763,333.5
775.68,1233.6
778.14,1247.1
785.37,845.21
792.83,376.33
817.03,1245.9
802.5,226
805.88,346.5
828,774.86
831.88,131.07
850.07,882.84
866.77,626.24
869.71,76.356
874.12,737.74
874.74,1105.3
877.15,1245.5
883.45,704.84
888.54,422.63
892.41,1073.7
891.09,178.95
891.1,963.74
896.1,518.26
909.08,604.83
909.93,662.27
909,236
909.5,466.5
911.86,519.39
922.43,363.21
916.58,68.36
924.03,460.82
923.78,162.92
922.84,132.84
938.46,450.18
943.24,110.28
953.35,1197.4
956.02,82.142
963.13,239.84
971.67,299.44
976.92,458.43
980.85,1065.3
990.85,1136.1
997.12,1166.9
996,5.5
1000.6,62.548
1014,1219.8
1036.5,141.66
1056.4,754.86
1058.3,307.8
1064.3,112.57
1073.7,347.68
1074.6,34.537
1075.5,1207.4
1089.4,1200
1102.6,1159.2
1113.9,57.798
1114.9,1211.8
1114.9,250.43
1145.4,1228.9
1148.4,363.08
1155.1,50.081
1161,863.19
1179.5,178.16
1190.3,1093.5
1195.3,1221.1
1194.8,199.23
1232.9,425.91
