2.6923,294.44
3.1379,427.07
2.36,967.68
10.139,28.727
9.8462,937.92
10.418,103.56
10.391,955.92
8.5517,714.69
15.619,1116.7
15.68,208.14
19.014,276.54
21.928,489.21
21.862,454.4
23.098,701.46
22.487,1000.8
20.207,408.55
19.833,671.07
26.08,1065.2
24.5,1103.9
23.742,48
30.28,107.97
26,367
27,842.39
28.78,291.39
29.781,818.53
38.735,1017
38.886,774.51
37.909,44.091
40.359,724.77
38.579,698.89
43.778,1204.7
43.809,895.13
46.068,459.07
46.436,488.67
48.625,139.62
58.755,603.11
63.835,1156.6
57.137,413.8
57.83,302.95
53.909,105.91
64.364,368.69
67.83,478.93
62,463.83
62.057,658.6
61.885,793.35
69.246,753.85
72.831,159.91
72.09,441.29
73.917,335.22
72.5,649.85
73,681.23
75.323,401.68
77.204,790.68
83.963,628.89
77.432,281.95
78.62,465.1
80.691,490.15
82.913,342.48
86.917,122.92
91.443,938.77
89.303,681.24
92.088,267.88
92.8,1175.4
99.575,572.16
95.917,429.92
107.52,675.46
97.784,824.08
102.38,328.77
99,222
100.71,798.71
105.45,56.548
105.09,189.71
132.82,104.14
115.67,707.13
110.22,721.05
111.58,223.42
118.72,434.35
117.83,451.85
132.73,895.35
123.28,362.64
127.93,633.15
122.99,303.19
123.74,336.74
125.95,546.03
124.52,1139
124.5,250
128.41,678.5
126.12,785.88
132.67,61.632
131.5,138.5
133.21,230.5
134.91,448.25
135.58,793.42
136.5,192.21
143.65,179.22
148.68,1059.3
141.8,427.93
158.5,161.5
160.97,949.28
161.56,339.47
163.97,395.92
167.36,412.62
163,47
164.81,1045.7
169.36,187.85
171.1,358.39
169.12,59.5
174.21,542.05
169.93,969.18
173.06,449.54
175.32,556.92
175.91,158.48
181.84,511.12
176.11,582.42
192.67,41.487
178.68,91.054
186.99,261.78
183.19,1075.9
181.97,711.61
187.48,944.94
182.47,1052.3
183.91,64.868
187.04,236.38
189.37,14.724
189.47,1187
193.22,275.36
194.89,213.27
202.14,516.69
194.96,1157.1
200.37,93.39
198,53.5
201.14,305.8
203.93,459.14
202.98,822.02
200.64,888.85
201.09,628.94
211.57,942.32
210.44,356.07
214.93,145.36
214.39,1215.4
230.23,1108.3
222.15,37.111
225.15,902.05
226.51,962.19
226.96,928.33
227.42,631.42
236.61,172.88
233.91,755.91
235,615.83
236.8,1061.9
236.26,159.19
240.06,545.26
237.43,254.95
240.37,563.27
242.13,432.57
247.46,795.66
245.71,918.28
257.51,1012.6
249.64,341.11
248.87,1241.5
251.6,660.27
248.5,169.5
250.92,211.44
252.91,643.09
255.5,9
256.11,461.42
261.77,317.1
266.85,51.525
263,122.64
264.5,764.62
266.31,84.699
274.71,887.13
272.93,728.65
267.41,1170.6
271.67,2.7692
268.93,170.95
271.26,839.4
273.97,853.27
282.53,1071.6
274.29,933.45
278.58,918.22
277.89,1016.4
279.72,152.07
278.31,765.55
283.84,187.68
295.68,1034.6
284.07,648.47
285.44,327.1
285,83
285.58,271.11
286.54,287.41
290.14,61.111
290.5,116
291.42,200.11
295.33,1129.7
297.91,142.5
299.94,824.81
297.61,911.61
296.61,945
298.79,634.21
299.83,688
308.3,1002.9
306.04,282.55
305.85,572.08
308.45,750.18
312.49,538.88
313.8,596.88
311.98,1085.1
310.7,338.8
315.2,987.2
314,884.06
314.23,414.43
317.02,918.94
317.85,359.4
316.13,236.84
321.59,1202.4
322.76,179.61
320.98,670.19
322.72,1137
324.46,629.65
326.39,1059.4
329.5,424.85
325.09,578.91
326.2,718.44
332.98,1002.6
327.35,28.154
327.94,900.35
329.34,7.4146
335.31,258.62
332.74,1108.7
336.69,755.76
338.7,278.44
341.38,379.46
339,643.5
349.5,1077.4
341.5,402.35
341.5,483.5
344.79,800.05
360.98,1200.7
343.96,430.38
355.17,932.14
351.03,957.83
347.42,719
346,1023.3
349.39,1009.7
351.05,303.57
374.4,868.03
349.23,1134.8
350.84,669.1
353.61,27.701
354.77,491.33
363.56,516.16
358.15,657
359,613.5
360.84,268.7
362.5,1111
363.59,37.074
364.13,191.67
363.5,1004
363.67,416
365.08,70.44
367.03,719.67
370.14,1160.5
377.24,318.88
373.71,1085
375.09,93.596
379.27,813.68
374,962.5
378.1,211.63
381.15,1055.2
378.45,387.42
380.06,683.49
388.55,20.701
388.15,411
386,76
390.98,165.04
388.66,210.6
392.43,1093.4
393.45,695.7
394.3,1024.6
401.76,654.84
407.47,468.9
408.52,709.23
399.73,929.6
397.57,201.43
401,1077.5
404.98,1144
404.5,1118
425.22,559.49
408.33,1072
410.13,793.37
415.42,337.27
414.96,171.11
417.71,1055.4
415.5,865.07
414.83,34.667
416.56,520.92
417,376.5
418.43,666.89
421.43,1110.2
422.33,1074.1
426.9,11.614
426.24,774.04
429.41,963.71
450.55,213.16
428,1100.8
430.57,356.51
427.64,611.5
430.52,1246.8
429.91,147.43
432.65,793.58
438.78,532.74
443.47,616.38
436.93,753.58
443.87,1032
441.35,27.116
438.44,840.67
438.17,471.17
443.82,433.06
439.65,782
444.79,281.23
442.39,551
442.75,765.25
444.69,47.5
444.99,1059.7
451.93,963.47
454.36,133.07
449.33,14
453.58,989.3
455.99,1139.8
457.61,328.16
461.38,719.05
462.89,1218.2
462.5,484.05
467.91,697.1
461.31,774.92
465.63,43.298
467.94,1066.8
465.12,96.654
464.5,178.5
465.5,560
466.5,606.5
468.5,756.22
469.13,372.15
472.72,438.58
468.29,658.61
469.42,108.11
475.9,1031.4
486.79,8.1322
480.33,1171.4
482.02,284.58
480.5,546
483.28,863.96
486.45,805.36
481.67,887
481.67,1150.2
485.16,265.13
489.53,842.43
486.53,112.42
489.42,1102.9
487.58,684.58
489.61,759.05
487.5,1142
489.08,346.44
490.83,401
499.11,933.68
503.23,1015.6
496.23,1046.1
496.5,818
508.08,1125.2
500.08,463.33
508.66,497.52
507.31,276.79
505.82,370.64
508,17.241
508.12,707.67
510.01,915.37
508,157
517.45,386.75
512.47,1054.3
514.25,692.98
513.19,869.93
515.29,160.32
518.98,148.45
520.74,644.6
518.94,111.91
528.06,559.84
526.79,906.89
524.02,1201.9
521.09,348.77
522.42,15.452
527.82,189.85
533.67,801.19
524.95,1061.7
525.8,748.5
524.86,162.19
525.93,366.31
535.27,1092.5
535.68,476.14
534.4,93.603
536.41,708.25
535.97,1190
537.7,884.43
538.67,548.48
545,1233.2
542.54,363.13
544.59,380.68
540.87,428.46
547.63,14.969
548.31,303.26
546.62,166.64
546,447.5
550.54,717.41
549.89,43.244
555.43,192.73
559.03,556.33
550.98,332.93
551.5,429
556.88,910.93
555.73,760.26
553.42,1128.5
560.16,733.83
555.5,829.5
559.15,1016.2
560.63,492.08
557.46,521.46
561.12,272.27
559.27,297.18
575.58,950.69
566.94,128.14
562.15,1170.8
561.14,1192.1
562.74,447.64
586.13,221.97
566.8,317.63
568.64,1224.3
575.52,1027
571.46,55.063
576.7,75.139
580.44,411.22
575.52,520.82
577,718.5
576.6,862.6
585.06,365.52
578.5,109.5
590.12,276.45
591.43,461.75
590.78,116.38
592.54,186.59
602.08,851.64
599.98,1189.9
598.85,379.12
608.38,813.19
612.5,387.88
606.24,492.47
605.38,869.88
605,1066
618.82,335.93
613.49,677.62
608.11,1055.4
614.29,438.39
617.49,226.64
616.07,481.68
617.91,209.14
618.12,1188
617.02,866.02
628.91,1095.1
619.17,1205.4
618.11,585.42
618.95,73.9
619.5,900
620.5,58
626.18,1153.8
622.39,180.14
636.77,1221.2
626.67,31.847
623.11,89.579
622.94,1052.6
625.42,108.38
631.19,747.83
646.61,983.83
628.91,548.31
629.76,713.98
633.34,1053
630.61,1074.9
638.32,221.54
635.66,363.54
636.64,1116
637.09,505.95
637.47,617.15
638.6,1067.8
648.74,1201.3
643.06,255.5
642.28,89.672
643.5,775.87
644.78,804.74
650.3,600.61
649.7,355.11
649.71,433.36
650.92,81.083
655.72,568.35
659.45,452.09
655.2,545.44
655.74,1244.3
657.93,1117.5
665.7,202.19
659.37,727.97
664.51,1131.3
664.8,403.43
669.73,94.053
666.46,144.08
665.93,497.74
667.27,436.65
671.25,1172.6
667.5,429.5
669.45,1029.7
672.13,555.08
673.14,520.59
678.33,264.06
691.06,36.919
675.93,816.59
680.59,828.89
681.47,130.58
684.55,1057.9
684.5,68.5
684.89,311.42
692.3,1217.7
688.43,881.2
690.9,928.84
691.2,1182.6
692.9,122.26
693.72,133.66
703.41,178.99
702.51,792.67
699,832.32
701.85,205.69
702.31,926.25
708.8,293.14
704.4,252.29
702.56,448.56
704.29,1054.6
709.82,233.33
715.37,687.05
714.07,872.34
746.06,427.76
717.65,731.89
720,84
726.81,165.02
719.44,593.07
719,290
721.57,519.12
723.42,22.255
724.03,882.04
724.15,1051.5
724.44,223.08
727.93,1010.3
728.32,360.75
730.01,310.22
732.09,619.91
735.67,1172.7
737.55,911.36
742.09,74.877
740.86,1042.9
751.42,134.58
743.95,602.44
743,744.68
744.26,962.07
766.01,1172.4
752.48,643.83
748.5,508.5
750.8,381.15
751.5,96
753.43,1057.1
751.42,1112.1
756.09,569.09
754.91,704.09
762.09,986.24
759,12.5
762.91,464.41
765.25,348.56
762.08,485.08
765.6,1221.1
770.51,81.272
769.17,381
777.92,657.97
772.07,53.593
772.38,525.31
775.3,803.9
777.74,337.53
780.77,120.41
781.33,437.19
783.06,737.87
779.9,1136.4
780.05,216.91
782.69,237.28
781.5,718.12
787.32,1197.7
788.58,143.96
787.21,753.4
785.41,781.93
788.04,634.5
791.09,7.1895
790.44,185.09
791.1,1006.5
788.07,908.41
790.85,265.06
790.93,479.41
797.92,222.3
793.67,437.04
794.3,803.28
796.5,1063.5
792.94,1156.5
801.72,518.08
798.1,971.9
800.61,957.63
799.23,392.23
803.84,1038.9
802.94,263.96
806.14,5.4773
808.02,376.73
807,1165.8
811.84,79.86
810.12,254.57
823.53,340.47
810.41,822.2
812.12,696.17
810.8,316.52
813.81,221.59
827.22,436.96
820.08,1095.7
820.06,558.09
821.77,571.12
822.83,24
834.1,6.3488
825.07,172.41
829.42,825.77
827.75,159.92
828.14,303.08
827.58,317.42
826.42,670.89
834.74,594.16
830,358
831.14,463.86
840.9,953.74
834.4,509.89
834.63,748.53
835.07,105.44
844.11,116.01
837.13,862.94
844.7,1021.6
839,644
840.93,420.95
842.25,176.56
841.75,915.83
850.77,149.81
847.58,443.11
849.37,846.89
853.04,803.48
864.39,1050
851.9,1075.8
855.17,401.83
858.55,582.36
854.6,778.5
856.7,708.75
854.38,957.88
857.12,600.62
860.13,1232.6
864.56,919.22
860.94,1216
863.7,1091.2
867.39,851.81
871.5,392
871.5,1037.5
877.75,202.23
875.73,610.67
875.8,847.36
875.5,122.5
874.68,552.75
874,753
875.74,1017
883.66,711.24
877.44,1187.8
883.39,575.81
879.5,661.5
888.81,866.16
885.11,1036.4
889.14,519.44
892.48,381.15
893.61,362.34
896.47,901.22
897.27,599.98
899.11,301.35
903.45,245.77
901.93,632.95
906.36,95.331
907.64,263.73
904.98,817.24
902.5,378.5
904.38,492.79
906.09,395.14
917.96,699.09
906,510.5
909.16,558.93
907,899
910.53,1018
911.34,436.72
913.57,995.31
917.56,769.18
915.01,320.12
916.53,490.84
918.07,530.6
919.78,925.53
915.07,962.41
916.97,112.9
923.47,257.02
919.35,387.73
919.94,398.09
925.76,45.518
921.66,274.68
923.82,629.95
925.5,822.75
927.27,955.18
929.57,1060.6
924.25,1173.2
934.45,491.91
933.1,1127
931.28,618.97
932.45,787.35
935.74,448.28
936.96,592.43
936.58,266.62
935.14,1150
937.56,1170.1
942.92,130.77
939.93,529.93
942.15,829.37
942.29,40.29
947.64,21.545
948.3,495.83
952.23,112.2
953.07,442.74
952.23,515.23
952.81,126.19
953.65,141.91
954,355.5
955.91,821.01
956.34,1231.5
960.9,304.68
959.8,692.31
958.34,1047.5
959,909
959.85,11.346
967,212.45
965.3,584.24
967.24,522.88
971.34,1108.5
967.56,390.08
967.59,540.59
967.09,774.91
969.11,508.22
971.13,22.056
973.05,1012.7
974.7,299.51
973.29,460.29
977.71,683.04
978.65,1086
977.06,358.31
981.28,46.828
980.5,547
981.97,846.07
980.5,577
982.29,383.35
983.76,112.41
985.27,712.02
985.94,471.34
989.93,1121.7
993.53,404.46
987.42,887.11
997.45,1100.8
989.11,912.58
993.81,932.72
991.53,176.91
991.14,255
993.67,333.34
990.73,636.45
991.51,757.68
991.57,156.57
992.09,951.91
994.15,221.07
993.37,894.63
993.39,1212.9
996.75,480.99
994.36,166.5
1001.3,1036.1
998,797
1000,1076.8
1001.4,303.76
1001.5,1064
1005.4,534.55
1012.2,932.88
1007.8,983.3
1012.2,4.6444
1011.9,515.74
1012.8,232.07
1016.3,1140.2
1028,741.8
1015.9,302.09
1019.6,1024.8
1021.3,370.46
1020.4,256.36
1020.9,715.53
1021.5,1191.4
1023.3,156.35
1025.9,350.57
1022.6,833.87
1023.6,951.94
1027.1,1152.1
1031.7,224.19
1029,470.81
1038.3,1107.2
1027.1,124.87
1030.1,775.2
1031.5,972.13
1040.3,1234.6
1034.9,1126.4
1039.6,427.13
1043,1037.6
1040.5,1068.5
1044.4,549.4
1041.7,1173.8
1044.7,22.413
1054.4,154.16
1043.9,766.61
1051.3,877.93
1053.6,1075.3
1055.6,1030.8
1056.5,1114
1057.2,15.6
1055.9,229.94
1070.4,1156.2
1063.6,1191.7
1061.1,1238.4
1066.3,111.26
1062,2.3333
1062.1,326.42
1069,677.93
1066.4,966.11
1067.6,1176.6
1073.8,396.73
1075.8,1049.4
1085.9,1012.9
1080.8,572.35
1079.1,849.05
1081.9,1224.9
1086.2,729.07
1085.7,1079.5
1087.1,1164.1
1090.8,1118
1091,1.92
1089.6,650.91
1089.8,977.43
1090.3,1044.3
1101.9,192.68
1097.7,155.38
1102.3,1055.8
1102.4,111.94
1098.5,741.5
1100.3,934.22
1102.2,360.07
1102.9,555.09
1105.8,679.47
1108.7,450.12
1108.7,938.92
1109.7,286.17
1112.8,67.206
1117.6,769.52
1119.8,694.57
1124.3,41.32
1128.3,1144.8
1127.5,753.74
1132.6,893.51
1134.5,845.86
1134.9,108.67
1131.5,1167
1134,861
1142.1,40.631
1142.2,460.74
1138.6,16.908
1140.9,1049.4
1144.9,1167.2
1139.8,552.76
1140.8,236.12
1141.7,473.54
1143,1122.9
1142.3,1143.7
1146.7,580.12
1150,308.93
1148.4,618.88
1152.4,557.83
1153.8,661.49
1152.7,707
1157.1,1039.9
1165.9,944.34
1165.3,197.53
1164.2,719.95
1164.4,676.15
1167.8,54.704
1166.6,492.18
1167.4,500.69
1167.2,1154
1169.4,1100.6
1171.8,858.5
1173.1,1125.5
1173,299.72
1177.4,41.075
1176.8,467.89
1174,679
1177.7,133.52
1174.5,961
1175.5,977
1180.3,314.73
1183.2,841.6
1179.8,656.87
1195.5,296.83
1184.9,101.7
1181,964
1184.1,1093.7
1186.2,496.9
1189.7,228.65
1190.2,908.57
1194.5,1031.4
1194,713.85
1191.2,743.4
1191.5,1171.3
1201.4,372.87
1195.1,453.29
1193,645.17
1195.8,3.5849
1194.4,634.52
1197.8,67
1196.4,177.11
1199.4,503.92
1199,119.74
1198.8,1227
1200.9,185.09
1209.3,198.88
1201.6,254.89
1206.6,979
1207.1,912.72
1208,655.5
1210.6,1128.9
1209.9,1023.9
1217.3,601.87
1214.6,847.47
1220,826.26
1219,167.24
1220.3,891.24
1217.8,1075.7
1220.8,1227.6
1223,719.93
1221.7,342.52
1223.9,91.471
1225.7,677.22
1226.1,1148.5
1225.5,864.5
1231.9,502.65
1231.2,918.57
1232.6,1196.5
1237.1,206.75
1234.6,1130.3
1236.9,61.654
1237.9,73.116
1238.2,1210.2
1241,908.79
1244.2,804.3
1243.6,1122.3
1245.2,1089.7
1247,16.286
1246.8,136.94
1246.4,1218.6
1247.1,661.62
1247.5,299
