5.6119,94.936
2.1923,154.69
2.3226,313.1
9.2044,606.12
5.3333,1145
7.2,3.1111
5,264.35
12.668,728.42
10.938,348.62
20.394,936.22
7.3636,1208.3
10.226,859.64
10.4,260.6
12.667,825.17
12.903,904.16
18.435,532.61
19.745,588.32
18.565,789.61
18.333,1008.8
27.11,774.86
24.104,677.52
27.672,463.15
26.403,450.89
35.145,194
31.2,131.8
32.123,885.58
30.756,1209
39.5,606
51.54,422.79
42.486,511.88
46.33,220.37
44.043,298.66
46.268,967.13
46.667,151
49.73,257.51
49.412,742.07
51.469,828.18
47.5,890
51.831,903.14
52.061,563.43
50.5,637.5
61.873,705
55.424,867.58
60.107,283.04
56.421,73.895
70.029,105.01
63.888,142.32
60.5,389.79
69.977,902.52
68.48,1234.7
70.959,261.95
71.154,178.35
71.71,1007.5
74.455,972.49
78.5,637
83.321,848.7
81.902,12.745
81.5,46
84.122,199
86,789.67
87.884,628.23
95.707,14.415
88.743,823.69
91.627,316.95
91.829,1245.3
96.125,540.26
95.291,709.29
98.627,560.42
95.5,513
99.429,271.43
108.22,1215.5
106.17,90
106.09,144.05
112.45,1124.4
112.94,306.68
107.33,1179
109.38,679.6
112.26,158.49
114.08,257.99
111.82,366
115.81,868.48
116.96,421.62
115.98,916.14
115.4,649.4
118.11,730.36
116.85,895.95
124.28,1064
118.28,593.53
119.75,697.81
119.08,839.08
121,106
130.57,496.93
124.26,136
131.12,286.62
125.21,572.86
126.29,932.91
126.53,1019.7
128.14,149.08
131.44,733.2
132.59,1169
133.93,387.74
138.38,135.77
138.84,65.347
137.89,215.63
139.47,470.6
144.36,89.565
140.93,735.83
140.79,402.5
146.6,872.67
146.98,308.81
147.55,274.69
149.25,173.4
145.14,948.64
147.58,1247.3
147.84,44.279
150.07,780.07
153.3,371.05
152.2,1179.8
155.32,1084.8
155.76,393.2
163.64,505.36
157.33,80.121
160.87,642.67
158.79,696.23
162.11,259.37
163.47,870.08
162.08,1217.9
167.85,851.83
165.05,1040.7
168.14,303.14
169.04,445.83
170,1233
169.42,138.68
172.82,540.76
170.73,1153.5
172.17,619
176.44,329.62
174.55,358.59
175.45,517.37
178.04,130.52
177.39,645.04
182.54,848.55
179.78,737.03
189.13,59.224
182.61,440.47
186.98,400.29
195,955.58
191.63,44.519
199.14,784.22
197.72,672.94
203.29,457.97
198.08,1086.7
202.22,154.47
204.96,71.157
200.97,585.14
200.73,832.55
199.42,1149.9
202.36,85.364
201.7,635
205.42,1230.4
204,375
215.16,502.26
207.3,1130.8
215.41,121.53
208.9,903.67
208.48,429.63
211.9,604.63
209.76,1117.3
212.82,915.2
215,874
217.96,1088.4
226.15,192.32
219.73,527.73
220.84,985.64
224.16,103.65
229.56,715.58
224.78,429.38
224.4,1119.9
225.08,364.92
231.39,318.44
234.92,413.49
228.42,546.11
234.37,966.02
233.79,876.46
232.36,36.5
236.5,79
241.22,1241.6
240.76,500.87
241.9,357.6
245.41,377.23
244.39,476.5
245.6,17.643
249.91,301.9
249.91,237.83
252.08,189.19
259.69,500.03
252.54,1180.7
253.5,543
255.48,702.71
255.48,1162.4
268.58,620.48
258.58,339.89
260.5,851
261.63,519.44
263.14,77.389
274.01,1242.6
267.82,666.21
264.58,342.11
275.29,541.89
265.5,1146
270.72,368.66
273.64,169.21
280.56,781.22
280.2,128.59
277.66,1172.5
281.72,511.57
279.02,54.86
283.85,252.16
281.53,1036.7
283.56,904.95
284.71,160.25
285.47,11.394
291.59,28.045
288.53,105.28
288.4,365.35
297.49,1171.6
296.29,355.95
295.09,156.09
295.48,463.74
296.45,374.29
295.42,578.89
300.23,1007.4
298.38,503.42
302.02,7.6289
301.41,45.78
304.99,745.65
304.8,807.09
307,861.88
315.04,1046.5
308,206
313.25,519.54
318.41,430.12
317.24,616.46
317.5,1.5
316.61,289.14
317.92,495.1
318.38,559.32
327.04,822.9
318.74,785.37
320.36,222.38
321.15,914.65
322.09,934.09
323.96,140.54
327.64,670.83
333.49,71.254
332.02,122.15
330.69,1109.7
329.09,204.09
335.15,541
332.62,243.43
335.86,267
336.6,370.89
335.5,514
336.39,913.86
339.42,1024.9
342.41,643.07
343,893.74
346.25,353.75
343.14,603.86
347.45,1105.7
348.18,1123.8
351.23,581.97
349.68,629.58
348.98,113.08
352.48,1068.9
351.47,372.03
353.67,1185.1
354.45,295.38
353.09,46.938
357.42,472.38
358.95,424.07
362.47,1036.9
363.68,586.56
370.04,80.538
368.99,156.2
368.5,791.5
375.37,594.61
372.19,1224.5
375.32,525.05
377.28,672.28
380.48,18.091
381.44,72.111
384.75,1236.1
391.99,818.61
389.56,1125.5
389.3,202.01
388.63,530.23
389.05,404.76
387.5,870.13
388.41,1173.9
390.27,1041.6
389.11,638.5
390.41,445.93
394.23,662.68
393.25,88
394.42,847.58
396.49,1232.7
400.27,576.07
397.85,645.66
400,1153.1
400,387.5
402.54,1119.5
410.78,1168.7
404.81,46.885
405.08,698.56
410.56,738
409.5,23.5
406.91,148.91
412.23,1131
412.13,1240.9
415.16,773.46
418.91,387.16
411.56,422.14
419.02,593.47
412.01,673.42
411.14,791.86
415.94,113.28
417,78.637
414.62,265.12
419.92,869.4
420.91,52.522
427.21,276.64
424.78,333.31
421.71,407.43
422.71,1137.4
426.71,667.2
426.59,795.79
428.86,965.17
426.43,625.95
428.24,603
432.06,1111
432.95,1007.4
436.55,857.22
433.96,159.96
434.46,192.98
433.5,485.5
437.51,540.2
438.55,915.44
435.07,1141.4
435.5,477.5
437.91,509.33
438.44,1127.2
450.38,876.2
447.54,111.95
453.68,193.55
446.23,485.35
444.34,984.56
444.59,62.707
446.83,2.7381
446,670.7
447.5,1040.5
452.49,654.86
454.97,129.63
454.83,1166.3
457.21,666.38
457.36,959.81
459.39,420.05
459.29,1110.5
460.66,20.057
460.82,912.58
461.12,993.88
463.91,449.11
460.85,484.65
461.9,1128.6
461,10
466.54,978.87
467.59,513.63
466.24,1020.9
465.74,88
472.31,1236.6
470.03,462.97
466.62,826.78
467.88,67.884
471.23,152.28
473.67,891.49
469.86,387.36
474.32,1086.9
474.59,661.47
478.05,722
482.6,241.91
476,12.5
477.3,938.91
486.75,66.497
484.32,778.78
484.45,1095.2
494.71,829.02
493.68,1070.3
493.08,95.403
492.11,468.37
498.17,37.628
497.88,320.5
501.34,859.86
498.93,71.444
507.87,238.55
507.67,1144.8
505.41,624.11
505.6,203.6
508.72,536.43
510.59,675.66
509.18,277.62
509.23,487.21
511,511
517.63,352.51
515.17,926.07
516.47,158.94
515.64,694.95
519.74,28.185
521,138
522.52,408.71
523.5,1119.5
529.59,85.614
532.38,931.33
529.86,289.61
536.11,903.64
537.88,766.8
539.88,131.74
541.58,554.46
539.89,534.72
541.06,45.204
547.05,443.08
540.36,724.44
540.95,608.09
547.45,503.37
548.87,624.13
548.5,535.5
552.26,693.54
550.94,706.09
558.79,782.32
553.02,878.33
553.4,940.95
553.41,52.769
557.35,282.55
556.53,867.66
558.46,380.74
561.58,1085.8
561.34,264.31
561.99,707.63
562.46,663.45
576.22,168.8
566.1,111.75
579.41,7.5186
567.38,801.19
581.85,654.87
580.26,35.555
581.38,564.87
576,971.5
576.63,1056.6
579.41,372.07
589.95,148.14
581,1244
589.99,990.95
586.5,93.647
586.14,1043.6
587.08,715.08
591.2,600.25
589.33,753.47
591.67,679.35
595.39,316.06
594.47,618.24
594.07,1013.4
596.85,1081
596.09,107.43
601.46,1136.3
608.02,1225.7
604.66,189.38
616.57,71.982
607.51,626.45
617.57,1166.9
616.36,124.92
614.13,850.5
613.44,1117.2
625.15,1200.9
617.48,1071.7
619.14,703.02
619.5,812
621.38,346.24
620.83,737.3
622.09,163.72
624.87,691.07
623.18,715.47
626.34,981.47
629.25,131.78
630.34,536.79
640.29,260.49
632.29,280.71
634.82,160.39
635.34,391.27
632.5,580
637.69,594.32
639.01,1244.5
639.17,187
642.5,501.07
641.09,1123.2
650.95,1161.5
642.13,399.85
643.7,892.33
646.55,799.29
650.45,1061.2
648.06,618.07
649.42,487.45
652.57,389.2
653.44,236.55
656.03,112.06
656.87,254.67
656.15,865.3
659.85,1001.4
657.43,286.74
659.77,960.01
667.87,317.72
658.61,1108.4
665.13,430.76
664.02,48.075
668.19,187.27
664.09,913.91
668.99,37.11
669.41,669.41
676.01,1126.3
673.05,284.17
677.21,710.63
675.8,1020.4
677.13,449.33
677.88,540.74
679.57,640.53
674.32,1158.4
679.05,82.982
675.33,486.17
682.65,724.12
686.95,1093.1
687.14,12.19
693.18,785.4
690.87,74.426
693.12,526.46
692.5,1012.9
695.44,811.8
695.8,692.44
697,7.5
703.53,1088.2
703.89,1212.7
701,986.14
705.57,873.6
705.33,245.03
709.16,192.29
713.99,1167.1
711.93,716.42
708.95,610.64
708.83,101.62
709.86,1066.5
711.4,1030.6
722.51,321.11
713,693.17
712.58,1080.1
717.35,1103.1
719.08,759.2
719.15,43.875
733.07,251.36
724.97,17.111
725.42,1141.8
726.26,455.18
724.93,405.59
729.89,698.03
728.45,102.29
730.37,342.29
733.9,863.45
731,149.5
733.77,1128.1
733.2,57.56
737.26,127.01
739.15,584.18
741.18,814.27
750.76,935.44
743.28,313.72
743.98,114.08
756.24,380.74
753.76,1015
753.06,579.82
756.24,1198
754.36,820.32
760.11,85.542
759.38,1044.4
764.42,324.59
763.58,47.615
763,296.85
764.83,533.54
763.37,660.44
765.98,1090.3
764.07,160.41
763.5,1129.5
765.5,500.63
766.96,689.38
767.6,468.16
766.9,789.95
766.5,871.5
768.73,986.77
769.28,7.4815
774.91,1211.3
771.11,1104.4
793.12,641.75
777.57,868.81
775.86,1055.1
778.14,1189.7
777.33,301.85
775.46,1243.2
791.44,422.43
780.46,2.7308
783.07,840.05
781.42,998.5
786.19,737.27
789.07,209.37
786.24,1057.6
787,542.65
789,64.679
792.66,252.85
803.09,591.22
792.37,172.63
795.41,1107.7
801.35,548.42
798,557.5
801.18,58.333
806.21,267.71
810.61,975.64
809.09,735.91
814.04,842.49
812.62,197.45
818.79,421.72
820.49,528.28
823.06,783.55
818,934
818.46,1043.3
829.39,1212.1
819.98,320.57
818.92,1090.6
821,343
819.57,636.43
823.1,372.88
822.32,678.23
824.84,954.68
824.5,231
825.22,813.46
824.5,1012.5
828,60.168
836.48,728.94
828.68,79.723
835.71,657.51
829.52,707.36
830.15,14.212
829.62,473.11
834.27,841.24
834.82,1091.6
834.07,340.58
831.65,117.6
838.34,690.92
836.99,1002.6
835.93,1072.4
838.95,859.9
846.23,231.36
849.04,605.98
846.41,505.13
866.26,134.39
851.22,434.14
857.07,1175.7
855.5,336.37
858.57,20.472
863.9,62.939
864.63,434.05
867.33,625.29
866.74,1103.3
865.91,835.09
866.89,945.67
868.09,371.06
868,600.5
870.58,690.1
870.64,1153.8
871.44,932.93
879.58,657.69
876.92,960.38
884.97,191.19
879.36,469.73
884.31,1164.9
885.39,903.81
889.53,452.89
888.8,418.2
885.22,1019.5
887.43,278.43
888,493
896.62,843.2
894.7,864.21
895.41,354.89
903.39,492
900.25,611.12
900.02,1190.6
900.68,241.45
902.4,703.92
903,790
908.64,1082.2
907.43,850.57
911,617
911.63,887.5
915.57,658.03
919.77,1114.9
922.51,508.04
918.39,818.57
925.14,239
920.92,445.08
921.09,723.91
925.99,1206.8
927.37,308.14
929.65,96.088
924.47,377.58
926.57,612.4
926.31,760.66
928.65,339.1
928.22,695.54
928.45,1246.4
931.14,717.5
933.86,645.85
934.5,638
942.43,668.17
939.88,584.12
943.93,1008.9
945.03,353.1
944.78,771.56
951.5,931.5
953.75,1125.4
951.85,337.54
953.59,1082.9
954.88,318.35
959.94,908.46
962.96,36.923
964.18,281.88
963.47,311.26
970.41,173.02
974.43,220.43
968.88,324.31
974.01,407.37
971.64,928.82
976.96,254.43
977.57,48.426
981.22,239.51
981.84,657.75
978.71,913.57
982.93,273
982.35,715.04
986.38,631.71
988.78,745.62
988.11,450.58
989.87,718.13
989.93,293.59
996.96,1117.4
993.73,1167.4
1003,423.77
997.81,467.51
1001.9,22.722
994.48,218.59
994.58,710.42
1004.7,230.49
996.4,587.05
999.92,486.88
998.31,506.55
1001.8,640.11
1000.5,767.66
1000.7,954.67
1001.3,933.61
1005,81.432
1014.9,684.82
1019.6,430.69
1007.1,448.67
1009.9,736.26
1009.9,850.49
1010.6,915.71
1011.6,396.85
1014.9,621.89
1012.1,997.53
1011.8,1060
1012.3,961.02
1013.3,198.53
1014.4,145.62
1012.4,1145.9
1013.4,1207.9
1015.9,121.13
1016.4,1011.7
1018,96.41
1016,723.43
1019.5,943.01
1022.1,1100.1
1024.3,446.86
1022.4,285.11
1023.6,608
1024.1,144.09
1025.4,833.13
1028.4,881.34
1027.9,954.97
1031.3,306.89
1034.9,857.2
1039.6,1166
1035,34.125
1036.9,348.39
1044.1,442.02
1037.1,409.41
1041.6,168.4
1041.9,772.06
1042,974.98
1041.7,331.03
1041.4,1246.8
1047.7,626.57
1043.8,696.61
1044.2,1141.4
1044.6,87.151
1048.4,532.62
1043.2,1104.7
1046.1,52.297
1046.2,253.32
1050.3,559.41
1049.2,757.74
1048.4,729.72
1048.9,800.72
1046,687
1048.5,161
1049.6,357.07
1054.2,1093.7
1060.7,235.79
1055.9,406.92
1055.6,99
1060.1,828.41
1065.2,304.51
1064,662.06
1068.4,408.87
1066.2,1137.5
1066.1,35.161
1067.7,787.18
1068.8,265.43
1069.8,511.93
1073.4,921.67
1068.6,15.105
1073.8,806.88
1071.6,856.56
1074.9,576.55
1077.4,145.41
1073.9,471.13
1077.4,206.71
1075.4,696.41
1078.6,615.5
1079.9,303.43
1079.1,635.41
1080.7,824.12
1078.6,939.11
1090.2,1113.8
1086.5,129.42
1088.5,283.42
1088.9,661.31
1101.3,725.69
1091,31
1090.6,778.52
1096.2,434.47
1095.8,868.58
1097,14
1101.5,394.62
1103.5,504.9
1105.5,349.55
1105.4,18.895
1107.7,141.15
1113.2,529.4
1108.9,989.67
1120.1,445.57
1111.1,645.55
1120.8,960.96
1109.9,1052
1110.8,931.94
1111.8,239
1115.5,371.37
1119,1096.3
1117.1,1121.4
1118.5,656
1120.8,806.97
1119.8,1069.6
1124.7,94.543
1120.1,173.56
1123.1,1058.5
1121.5,731
1127.3,543.62
1127,1171.7
1127.2,520.13
1128.7,889.88
1134.6,637.83
1139.1,911.13
1132.7,775.64
1135.5,609.15
1136.9,1099.7
1137.1,860.5
1144.3,742.87
1141.8,936.65
1139.3,587.14
1140.9,1020.6
1141.2,802
1143.7,200.12
1143.6,1113.2
1147,316.23
1147.1,959.48
1152,1039.6
1153.5,354.35
1153.5,337.97
1154.8,386.72
1155.7,257.73
1155.8,218.2
1158.5,865.17
1156.5,946.89
1162,19.013
1164.1,1090.3
1165.4,124.1
1165.3,135.19
1177.6,936.58
1165.7,958.61
1170.1,901.99
1169,988.84
1169.8,365.54
1173.5,630.93
1171.5,12.914
1174,744.7
1173.7,290.32
1173,325.5
1178.1,58.889
1177.1,311.14
1178,149.1
1179.7,178.84
1189.6,209.37
1185.7,1154.1
1184,574.5
1203.7,72.052
1190.6,282.68
1191.7,12.42
1188.5,876.65
1190.9,588.76
1194.6,1116.7
1191.9,827.53
1191.9,229.58
1196.8,470.63
1195.5,686.47
1194,123.5
1194.6,911.47
1196.7,43.829
1196.4,106.11
1198.5,616.61
1199,671.48
1200,939.83
1206.7,699.43
1203.1,604.05
1204.3,412.22
1204,798
1207.9,1022
1213.4,892.26
1211.3,601.41
1219.1,448.09
1210,728.17
1210.8,1121.4
1215.5,355.63
1214.1,236.96
1218.4,276.11
1230.7,929.45
1222.8,711.21
1224,385.6
1229.2,1044.9
1233.3,663.19
1239.7,145.94
1236.9,392.39
1234.9,567.53
1239.4,1062.6
1239.4,33.32
1242.5,1128
1239,480.1
1244.9,317.05
1245.5,704.64
1246.2,282.17
1246.2,774
1246.6,197.32
