2.2174,218.13
5.1477,375.03
4.027,795
7.678,258.27
9.6757,37.45
10.174,1007.9
17.207,494.79
34.505,27.221
23.057,718.43
22.667,437.17
26.217,945.12
27.235,49.765
26.564,184.08
35.724,112.39
33.192,977
35.935,384.74
36.2,940.68
37.932,426.85
36.579,1053.1
38.19,900.55
51.706,284.66
49.659,707.89
47.243,618.99
46.92,1244.5
45.579,736.89
49.174,267
52.303,509.86
52.472,1199
60.425,936.33
53.611,751.14
59.673,731.38
59.227,105.09
64.54,1165.3
66.895,879.45
68.598,628.67
74.683,145.33
76.171,826.36
71.038,999.98
70.889,218.47
75,479
76.774,747.9
82.176,854.88
79.885,989.17
81.891,273.15
83.871,1062.4
91.67,806.21
87.174,1211
93.907,150.33
89.745,1134.2
93.474,229.16
102.72,764.04
97.903,483.98
96.105,38.579
100.07,603.02
97.174,850
96.731,1028.3
99.5,1127
105.26,626.69
104.91,93.909
110.14,43.64
108.72,427.65
110.58,362.75
110.96,491.43
114.68,158.75
113.22,249.44
115.09,303.27
115.58,823.14
119.9,1072.8
124.86,843.06
127.4,1129.7
133.37,13.309
130.9,1219.3
128.5,214
128.5,113.5
132.28,61.976
132.51,637.92
130.5,796.5
131.55,937.71
133.72,1027.3
136.06,1155.8
132.44,1038.6
134.58,361.45
134.93,43.444
134.91,122.91
135.88,244.31
147.38,916.63
137,182.75
138.5,695.66
138.12,777.4
141,1012.9
138.4,1040.6
142.78,558.4
144.22,966.14
147.61,1089.9
145.38,954.17
145.42,469.96
146.07,1229.5
145.5,51.5
147.59,208.24
149.2,18.2
148,804.5
150.48,1110.7
151.84,658.65
153.55,744.91
157.51,321.11
162.75,774.64
162.54,435.64
165.86,10.778
164.7,448.22
164.64,757
167.07,175.95
165.33,573.83
167.94,526.44
169.33,885
172.75,326.18
171,811.93
173.76,227.65
180.54,1236.9
182.97,43.802
185.29,1221.6
184.36,509.03
187.93,411.01
187.94,846.68
194.69,658.21
197.2,1190.9
190.92,766.08
198.64,436.14
195.27,1019.5
201.3,269.84
195.26,716
198.63,852.37
202.58,1123.5
210.64,1070.9
211.1,290.7
214.83,1230.2
211.34,274.59
212.25,442.83
224.72,106.17
217.53,321.96
219.83,518.1
217.98,955.87
217.82,1208.9
225.41,934.23
230.11,574.61
226.05,1238.6
230.94,161.75
233,832.5
235.65,1179.9
235.91,665.23
238.61,788.93
237.92,470.46
240.83,390
246.57,963.75
244.77,977.16
248.09,527.89
251.05,62.946
254.54,198.74
248.42,997.89
255.74,8.9145
257.6,902.3
252.57,977.5
266.57,739.9
258.92,350.47
259.19,450.07
259.38,298.66
263.89,1022.4
261.65,978.08
270.44,652.23
270.77,500.9
268.58,868.42
269.53,881.16
274.14,1009.2
282.25,558.74
289.04,375.3
285.5,350.5
288.47,1173
290.91,363.09
291.78,570.76
295.05,1099.2
299.66,120.02
299.31,845.37
311.55,211.83
310.6,345.04
317.69,890.9
316.99,1055.4
318.2,320.91
321.7,16.924
321.74,581.08
327.15,820.69
327.52,1113.8
326.39,1136.8
325.93,195.41
332.42,871.89
340.65,289.3
340.15,372.46
349.18,1015.1
344.93,977.41
345,1088
350.46,695.22
351.93,837.94
349.84,460.91
354.16,630.7
354.78,429.89
370.78,172.95
361.13,804.26
366.82,292.47
376.58,755.18
369.22,313.64
380.59,596.34
376.99,223.87
382.73,467.48
384.24,362.08
387.95,116.43
394.59,201.42
390.35,1212.6
395.54,546.26
393,511.5
393.42,929.89
396.47,393.18
397.12,7.3462
401.19,651.36
400.53,1182.4
409.34,141.02
407.87,118.91
413.96,173.18
406.58,241.11
411.05,1088.8
410.75,915.7
413.93,426.37
417.37,816.37
422.09,1185.2
424.89,512.15
420,186.5
422.07,920.59
430.37,1222.9
429.22,14.863
430.68,634
435.21,98.607
435.29,534.19
452.75,114.68
435.58,1192.9
437.5,514
441.45,626.46
441.27,743.18
445.55,893.05
445.48,380.91
450.55,404.05
448.73,20.375
455.28,846.88
459.67,637.71
459.03,742.75
464.38,372.85
461.72,559.05
461.87,317.3
468,143.69
466.87,471.1
464.07,506.62
462.42,346.89
467.47,904.49
469.13,1225.9
464.5,1015
473.18,859.98
472.54,1147.2
473.44,673.08
474.55,745.13
473,508
474,1213.5
480.06,181.09
476.33,756
478.56,294.96
480.69,605.56
484.77,1173.9
486.68,1203.6
485.84,819.13
488.65,791.64
487.28,925.16
487.19,1109.1
489.6,143.84
488.83,76
497.47,330.73
497.53,503.11
503.02,415.03
503.73,1119.5
498.07,199.19
500.74,726.37
502.64,1092.8
506.96,133.62
501.66,1039.1
504.27,315.86
508.4,182.93
509.74,483.47
508.58,24.895
513.49,102.74
515.57,158.16
516.07,523.71
518.66,951.23
515.39,631.14
514,941.5
515.37,1190.4
519.82,9.6588
518.06,996.57
517.56,1107.1
524.91,26.332
525.82,64.027
523.95,342.87
533.11,980.32
531.65,1099.5
530.4,366.62
530.44,919.44
537.19,1211.6
533.61,159.14
533.88,1229.3
537,526
540.92,561.27
541.16,904.14
542.83,101.14
543.41,368.85
543,852.76
550.39,473.75
545.82,838.1
544.82,1227.3
549.27,820.3
548.83,201.83
550.36,419.64
550.88,867.88
551.95,1064.8
561.17,41.631
563.02,954.06
561.17,994.3
560.71,802.41
559.51,377.67
561.29,55.286
567.82,90.234
564.52,118.13
573.38,363.54
565.41,256.06
567.52,449.33
568.73,659.59
570.71,675.71
576,565.44
572.83,743.05
579.5,422.5
582.29,686.61
585.51,1148.5
584.57,254.56
586.77,167.76
586.52,271.36
584.42,954.11
591.38,437.03
589.66,42.317
591.59,1054.8
592.09,962.09
607.27,798.54
612.83,1184.9
608.73,1087
608.07,1115
615.1,108.05
614.6,893.26
616.56,87.698
614.5,1068
619.74,121.01
617.43,237.19
621.86,704.01
628.23,937.94
625.32,1021.1
627.03,552.27
626.71,1206.1
630.04,87.941
639.18,115.16
636.06,840.03
638.28,1150.3
641.95,812.44
641.82,155.8
642.17,400.75
640.73,474.35
645.35,655.08
643.4,18.836
646.97,51.711
644.93,948.41
647.28,794.72
649.19,65.629
648.08,1019.9
647.77,1041.9
650.95,327.69
654.17,351.49
652,485
653.82,964.46
654.41,108
663.72,441.16
654.14,78.571
656.42,162.55
662.96,1083.9
663.09,270.37
658.43,1176.1
663.96,9.3185
667.43,383.06
665.07,706.41
669.74,111.28
670,526.47
671.79,159.07
670.95,996.53
669.57,721.61
674.77,1186.5
679.05,949.09
676.29,1245.3
676.58,84.269
676.85,348.35
679.35,1078.9
684.39,960.61
684,337.5
693.74,124.71
692,900.5
694.08,92.083
695.06,559.53
694.55,729.71
697.86,1097
696.44,105.8
698.42,957.11
701,1197
703.06,906.45
703.86,1029.2
706.25,240.74
711.48,505.05
711.75,1101.5
712.83,685.25
719.59,577.78
719.69,1090.7
724.25,5.4156
723.17,659
727.84,604.28
728.81,995.48
726,1032
732.84,1160.7
729.51,1238.9
732.5,769
741.43,377.79
741.96,509.6
739.94,530.22
745.5,89.017
746.99,956.69
747.91,250.17
753.78,61.159
752.98,643.93
755.29,1064.4
759.93,598.93
761.24,904.09
760.53,1000.7
773.69,572.87
768.47,967.56
771.82,283.6
770.48,381.93
768.44,759.78
771.86,55.042
773.22,939.52
773.2,398.78
779.32,1202.1
777.74,102.39
777.21,127.69
776.58,670.94
778.23,540.23
783.14,636.48
779.33,762
785.66,153.42
785.43,824.61
790.58,71.105
791.5,164.5
792.05,695.07
792.13,1133.5
795.6,778.64
797.28,1108.3
805.5,49.656
807.58,1103.1
809.33,879.9
810.86,122.84
810.65,759.1
815.02,811.79
814.3,1235.7
815.66,573.03
822.69,502.03
823.24,799.67
822.46,852.08
823.43,1034.4
826.2,403.7
826.94,602.47
831.13,374.28
829,182.5
831.06,1244.8
833.73,873.76
833.09,1072.9
839.79,1013
834.07,1119.6
835.28,117.08
839.23,780.02
839.2,161.69
837,395.61
836.91,452.5
842.65,82.621
848.99,419.62
842.71,914.5
841.39,1131.6
843.13,364.39
846.8,1211.1
849.68,177.17
854.01,94.811
853.4,1024.5
857.79,691.19
858.27,397.73
858.68,370.42
865.57,471
869.44,381.74
865.5,857.88
867.77,820.63
868.38,454.88
873.66,590.27
870.57,625.71
880.8,651.27
873.35,877.44
872.42,338.89
874.61,441.04
876.4,984.56
886.5,751.46
877.47,906.74
883.33,386.61
881,861.5
887.62,201.61
888.23,411.91
889.31,36.514
889.69,83.53
898.38,344.95
886.82,363.67
891.13,1098.3
890.11,464.63
889.54,489.22
890.2,785.32
891.44,934.8
892.86,1132.2
897.05,511.66
897.15,442.35
897.57,959.47
903.45,17.257
900.94,611.7
904.79,813.35
902.59,1200.5
906.11,49.432
903.54,654.62
904,32.5
910.7,846.45
908.09,389.09
909.43,463.45
924.95,790.07
914.24,816.74
918.28,605.39
920.35,864.76
919.5,40.5
921.6,356.26
920.61,928.14
925,208
930.15,539.2
926.58,157.55
934.4,407.86
931.44,172.8
936.29,583.58
937.21,716.26
936.21,752.38
938,1111.8
940.37,1043.2
942.3,114.59
943.46,932.92
949.51,86.237
943.82,848.94
950.27,13.574
957.42,747.38
949.77,515.92
959.9,628.14
948.81,183.61
948,1131.5
952,1193.1
955.23,213.57
961.97,800.3
955.89,536.42
959.83,911.5
964.69,190.25
960.87,110.54
960.21,772.29
962.5,511
962.91,326.09
967.75,867.33
966.29,887.61
967.14,1062.5
970.61,52.411
969.35,1211.9
969.68,1239.6
979.48,379.78
976.5,82.393
976.94,1182.3
977.37,511.47
980.01,182.59
978.78,932.22
982.23,202.54
984.97,335
989.22,1238.2
987.42,561.11
991.76,217.67
994.49,502.06
990.4,797.6
993.02,943.08
993.5,629.86
998.17,717.65
996.76,561.07
997.38,758.33
999.05,805.48
1003.3,238.61
1003.9,916.59
1004.6,385.89
1004.4,772.45
1005.5,431
1005.5,344
1006.1,411.14
1006.1,792.92
1012.9,761.76
1009.5,80.581
1010.8,105.24
1012.2,1006.3
1018.5,634.66
1028.3,676.95
1017.2,1186.1
1021.7,977.03
1033.1,1205.4
1024.5,878.09
1033.5,1043.9
1029.6,752.76
1029.7,779.89
1029.1,371.58
1034.8,148.08
1034.5,7.3377
1032.7,543.27
1033.3,410.83
1038.1,260.5
1041.7,593.92
1039.1,903.12
1042.7,235.23
1041.5,547.5
1051.6,80.548
1053.8,31.378
1052,816
1062,675.61
1059,1244.5
1059.4,519.92
1063.3,248.93
1061.6,951.43
1070.9,1122.2
1072.7,1096.7
1069.7,536.17
1070.2,810.56
1079.2,225.23
1071.8,493
1075,113.5
1076.1,94.678
1080.5,835.79
1084.8,30.443
1080.6,605.89
1079.9,906.69
1084.7,644.31
1085.3,690.29
1088.6,885.39
1087.6,1077.5
1093,605.74
1089,489.5
1092.7,306.78
1100.4,198.09
1109.7,747.91
1102.8,620.56
1121.7,160.34
1106.2,528.58
1104.8,1160
1110.1,651.54
1114.5,996.65
1112.4,571.71
1114.2,1207
1114.2,267.84
1118.1,1125.2
1118.3,36.287
1116.6,217.14
1120,622.24
1120.2,596.77
1120.4,922.72
1124.7,1177.6
1125,191.42
1126.1,66.138
1129,531.59
1126.9,757.57
1133.5,646.98
1134.8,1161.5
1137.5,278.29
1140.5,58.9
1136.5,170
1139,1127
1147.8,944.07
1150.6,314.5
1151.5,100.67
1151.1,1172
1149.6,1246.6
1153.2,861
1156.5,916.09
1156.9,528.42
1162.2,118.75
1171.1,683.94
1161.9,1212.6
1166,178
1167.4,93.327
1174.7,125.7
1173.2,1038.4
1174.4,622.66
1176.5,1103.2
1175.6,192.11
1178.1,793.95
1182.2,99.724
1184.2,853.3
1189.3,25.647
1191,741.04
1188.9,902.09
1192.6,596.83
1193.2,303.62
1200.1,763.1
1196.5,236.7
1196.6,826.75
1196.1,322.58
1202.4,658.49
1201.9,915.91
1203,4.0909
1204.4,840.45
1205.4,1204.9
1215.5,30.961
1210.1,579.75
1206.5,171
1208.6,103.21
1209.5,876.5
1214.8,638.88
1214.5,1246.4
1216.5,679.42
1217.3,1036.6
1219,595.11
1221.8,387.96
1224.9,534.46
1227.2,1229.1
1225.9,758.53
1229.2,693.06
1230.3,285.3
1230.5,78.5
1239.7,110.79
1234.4,733.34
1237.3,1209.8
1237.2,40.529
1242.2,680.71
1237.9,975.35
1240.3,964
1243.9,1152.9
1245.5,317.44
1246,143.37
1246.8,38.44
1246.7,381.85
1246.6,1136.1
1246.7,1166.4
