2,4.5
3.1463,55.293
1.7368,223.58
2.7692,239.2
15.063,779.84
5.0698,835.77
5.12,889.28
2.25,903.3
9.2439,997.12
7.5545,1064.2
2.3846,1176
8.5902,40.23
11.52,272.54
6.1316,439.5
7.3582,1119.3
7.4571,1132.8
12.234,302.02
8.225,338.4
11.95,614.16
9,93
16.303,137.73
16.447,364.56
11.085,572.43
10.424,645.58
13.676,405
11.733,1013.4
14.286,322.41
14.162,489.87
13.125,86.25
16.75,528.4
18.111,226.28
15.833,723.07
15.826,1161
17.091,514.05
25.68,907.85
18.424,284.42
21.223,855.47
19.5,1035.5
21,469
22,305
25.615,244.07
26.917,1214.1
28.436,389.44
27.926,893.41
28.345,582.59
33.728,207.23
39.603,310.09
32,47.857
35.241,281.35
34.041,819.67
35.593,90.926
34.8,1181.7
37.138,348.66
36.931,1157.6
39.449,688.55
45.727,868.86
38.268,966.13
50.262,1011.8
41.483,368.17
43.908,243.99
41.091,922.91
45.842,764.82
46.37,20.432
45,658.74
47.146,719.95
48.951,1134.6
48.174,380.63
48.654,1212.4
48.714,40.732
49.136,193.05
50.778,447.78
51.429,946.65
51.933,59.444
51.429,172.27
53.305,264.59
57.141,846.55
55.481,72.805
54.696,297.16
54.074,435.59
54,693
57.385,745.38
58.85,204.32
59.071,552.1
58.038,1245.5
59.9,443.3
60.829,900.46
59.074,1177.4
59.421,43.105
62,671.33
62.143,725.14
66.078,414.92
63.552,807.21
66.341,190.85
68.86,601.63
88.661,912.57
69.534,656.42
70.076,576.41
71.544,534.38
73.1,289.6
88.578,121.43
77.565,176.83
80.053,796.81
79.311,1093.7
79.652,335.15
81.224,403.12
82.615,19.308
79.429,140.57
79.5,741.5
81.92,369.44
83.217,781.35
83.333,437
86.342,1207
87.346,100.12
86.938,671.06
90.1,846.03
92.448,632.48
98.956,825.65
95.143,334.14
95.424,1028
108.48,1200.8
98.463,414.45
98.777,582.74
97.976,27.78
98.861,254.1
105.14,482.12
101.09,770.09
106.56,607.21
107.08,1015.6
109.86,131.04
102.6,798.8
105.5,1084.5
112.71,685.52
112.78,978.48
111.5,99.5
119.04,285.53
114.1,447.13
115.5,937.58
114.83,1052.3
116.5,1109.5
113.5,630
121.66,716.36
115.48,858.42
115.64,995.66
116.45,511.32
114.6,698.4
126.39,1176.9
118.9,305.7
119.08,785.25
127.64,833.29
121.48,366.19
121.5,30
122.61,461.38
120.91,62.045
123.7,1145.8
126.83,549.72
131.34,351.91
125.11,806.56
126.33,1223.8
128.61,881.25
129.51,95.224
136.82,919.85
126.86,937.81
127.95,960.15
130.46,976.78
131.77,60.957
134.79,1208.2
135.46,23.278
131.33,442.83
139.18,376.58
143.93,804.11
135.03,1067.9
133.94,1093.1
137.17,181.04
141.56,776.3
146.42,565.62
142.25,644.91
141.55,699.71
146.24,84.229
144.84,1013.5
146.75,1167.2
144.56,220.54
145.3,1117.9
146,454.18
146.35,942.5
150.32,112.93
155.67,356.69
150,1208.5
158.3,199.26
152.45,979.58
159.98,259.38
156.39,423.24
154.35,908.27
159.18,394.12
160.38,757.94
160.78,920.59
162.81,791.14
163.44,557.03
163.66,485.64
166.81,638.76
166.57,668.09
164.28,844.38
166.71,302.82
173.99,105.41
170.53,127.83
170.83,762.95
177.38,52.927
174.39,350.44
177.61,883.19
175.29,1246.7
181.06,235.78
177.13,418.5
181.02,536.51
179.3,924.95
176.6,205.6
180.26,766.62
182.27,133.06
180.68,455.61
182.95,738.87
183.18,1009.1
182.04,1052.6
183.1,151.26
182.61,291.7
190.11,846.15
188.75,220.38
194.55,709.4
190.07,67.333
188.04,1092.8
192.13,745.15
198.51,566.94
198.42,1060.4
199.55,498.99
196.14,534.5
201.35,939.78
201.03,475.73
200.91,32.889
198.86,107.64
202.92,3.5625
201.79,599.4
204.25,148.83
201.07,270.41
203.28,656.93
205.1,885.87
207.36,977.1
206.89,324.27
208.07,821.57
205.85,1012.5
209.06,133.97
208.4,801.34
209.62,306.05
219.51,1220.6
211.6,860.76
210.98,874.74
215.72,102.4
209.5,116
211,273.68
213.12,375.03
212.86,847.53
214.85,759.7
218.47,1080.5
216.24,537.35
214,1002.5
215,356
216.42,72.639
219.98,139.71
218.68,49.288
219.19,1235.4
217.67,821
223.86,736.82
226.44,829.55
228.85,338.33
229.1,485.85
229.46,285.39
228.64,1182
228.09,505.43
230.68,126.71
228.93,720.05
231.53,432.74
228.36,566.68
230.5,1038
232.87,556.75
233.42,261.49
232.4,383.21
234.5,75.885
240.15,56.184
235.92,239.08
237.88,917.82
241.05,372.85
239.5,428
240.39,1084.5
239.86,1180.9
249.48,27.673
243.08,732
244.07,405.59
245.81,806.52
245.09,892.09
245.43,582.39
249.81,4.7547
251.21,137.31
252.75,506.65
253.47,539.69
254.66,849.96
252.4,232.56
261.86,708.56
262.29,90.448
261.46,890.79
260.29,302.87
258.15,791.35
265.17,314.84
262.13,335.68
263.55,748.26
260.95,939.32
263.77,17.625
265.16,136.51
269.65,162.06
268.1,1119.3
270.13,473.92
270.4,1073.7
278.55,41.785
272.9,849.58
274.23,197.67
274.93,567.26
283.62,1043
282.03,420.78
283.77,520.84
282.66,472.45
281.92,485.29
284.16,1009.2
283.5,81.5
288.33,590.17
287.32,505.43
288.24,189.46
299.35,553.48
288.27,1202.5
292.26,338.02
292.04,112.25
295.46,28.033
294.06,131.43
294.62,1162.6
296.86,426.58
297.07,680.23
294.92,699.08
307.32,321.81
296.06,457.91
298.33,309.39
302.87,863.64
299.58,937.58
299.09,1213.9
300.5,502
304.93,141.93
308.84,440.79
303,976.5
306.97,197.35
307.4,392.61
304.93,912.41
309.28,249.23
307.23,1037
313.31,788.77
308.42,665.89
312.77,1014.4
313.66,224.5
312.66,1159
315.56,647.01
313.36,588.79
315.22,102.15
317.21,725.19
313.92,166.56
314.56,183.2
317.89,765.53
320.02,491.99
317.45,1234.5
323.36,125.82
319.07,666.07
320.38,1134.4
322.76,431.71
324.69,80.679
323.1,866
323.93,1150.2
325.8,355.47
327.55,339.26
331.07,1016
330.11,1.8333
332.01,216.93
334.04,1033.9
332.54,1164.3
338.07,124.61
339.95,257.8
338.69,532.52
337,918.5
339.94,341.55
342,625.41
342.47,648.08
349.75,1074.4
341.19,601.5
343.94,109.64
343.46,382.76
346.61,416.66
345.19,830.99
343.08,269.89
345,1112.9
345.57,28.826
346.03,906.97
347.63,237.14
352.75,1021.4
355.95,257.68
349,270
352.05,782.54
365.41,606.57
353.98,821.49
355.46,857.01
352.15,884.46
352.56,939.85
353.47,982.94
352.8,452.9
358.14,540.71
356.62,563.63
359.11,1208.7
354,371.33
355.12,504.12
355.8,332.17
355,732
356.81,282.26
369.54,715.75
359.06,223.29
358.5,184.5
359.42,3.1053
361.98,813.88
365.1,361.19
365.21,939.35
363.58,1193.9
367.47,324.54
369.56,304.2
367.76,193.97
367.39,248.86
368.2,273.3
369.84,435.76
369.85,975.98
367.13,1225.9
374.2,527.67
372.6,178.07
371,490
372.14,1040.8
372.56,1192.1
373.15,664.25
372.5,869.37
373,922.5
377.1,631.59
377.83,95.306
377.92,405.68
376.96,1095.4
379.36,461.78
379.39,1070.6
378.27,19.523
388.43,427.23
386.25,116.43
379.87,1215.7
381.71,153.71
380.88,362.2
383.25,886.1
387.97,286.33
384.93,736.86
392.79,786.19
389.49,234.76
384.94,554.18
383.41,1226.9
385.78,1236.8
388.26,194.73
386.34,1035.2
387.02,264.07
387.33,484.08
390.7,7.8261
392.23,974.73
393.22,496.28
396.46,609.84
395.4,1147.2
394.52,1206.7
404.15,381.26
395.57,441.71
399.55,171.62
397.26,476.21
396.17,719.07
397.72,588.21
401.05,1011.9
408.57,128.64
401.07,515.43
401.64,769.51
409.61,263.38
404.2,31.708
405.08,498.1
410.11,425.21
409.54,343.56
407.83,690.8
410.57,70.339
414.13,218.61
413,1003.1
412.62,745.72
411.91,188.05
413.5,15.5
417.96,308.11
414.88,523.12
415.78,538.78
417.08,1180.2
415.14,925.14
415.72,1042.1
418.59,854.93
422.34,184.93
438.97,1011.4
419.5,1247.5
422.6,13.25
423.06,204.07
424,352.5
427.65,598.92
428.68,1244.2
431.31,89.969
428.69,900.17
430.5,716.5
431.62,351.3
432.84,1063
430.77,333.23
430.5,1152.5
433.55,528.02
433.17,235
437.49,392.59
442.65,963.6
440.86,1193.1
437.29,475.22
435.26,697.46
440.24,99.778
438.12,510.84
439.28,628.95
438.87,886.19
440.41,1118
439,208
446.78,5.5306
443.28,194.38
443.79,285.51
441,295
443.57,1235.7
444.02,230.02
448.94,142.66
450.15,1083.6
447.03,398.93
448.62,844.1
448.59,506.06
454.82,1144.1
451.63,45.045
452.2,1059.2
452.57,1031.1
454.53,1246.1
453.82,1159.1
455.62,899.62
455.58,631.89
457.34,677.98
457.77,834.6
456,944
461.53,105.53
460.28,305.36
458.29,739.6
464.46,770.52
472.39,1125.3
461.31,431.47
471.67,510.12
467.1,919.73
469.87,54.787
462.11,172.98
464.03,278.99
466.5,537.03
463.78,571.94
463.57,526.9
468.42,616.39
466.9,816.8
471.05,1053.6
466.81,367.77
464.43,841.39
469.7,97.284
475.03,1230
467.21,208.07
472.01,883.45
467.45,1178.4
468.5,677.5
472.5,941
470.5,83
475.49,426.61
474.39,260.39
473.32,789.7
475.54,29.766
474.49,715.24
476.6,1033.8
475.58,557.11
479.48,751.69
485.54,90.851
477.07,567.41
477.5,695.12
476,767
487.08,1162.4
483.8,583.98
483.52,152.54
481.95,545.27
482.3,728.71
478.33,799.83
482,337.59
480.64,392.32
481,1079
486.9,125.82
488.92,561.16
477.77,352.54
490.6,497.15
487.77,1116.7
486.09,277.05
487.66,877.63
487.57,1037
487.48,6.913
487.61,430.84
491,482.44
489.18,790.95
490.37,832.8
490.42,890.11
487,1150
490,111.29
489.41,761.07
490.69,202.8
500.22,415.96
492.57,515.7
495.24,1178.3
493.89,44.421
494.8,463.66
495.33,676.47
495.71,700.27
495.93,1193
495.4,209.6
505.94,539.7
497.1,778.78
499.85,163.06
497.68,595.84
500.19,807.6
501.71,190.66
501.68,209.92
505.62,365.83
503.5,494.5
505.99,1126.3
509.69,608.31
507.41,829.3
505.8,1009.5
516.47,915.3
511.7,931.94
507.5,1107
510.47,1195.5
510.17,750.17
511.55,1141.8
514.5,649
518.81,950.19
518.2,17.144
516.46,74.051
520.71,736.06
519.96,1125.8
517.65,1074.7
527.75,441.09
523.16,132.46
521.51,364.89
524.37,320.81
521.84,1102.9
524.07,404.3
525.5,111.29
523.71,424.06
523.05,482.95
524.47,820.78
525.57,1057.1
527.28,983.84
530.48,41.511
526,629.5
528.67,91.287
533.9,858.85
546.5,375.76
534.87,465.35
535.34,259.53
533.05,703.21
530.5,1037.5
533.95,137.22
533.14,564
534.54,232.78
537.42,277.34
538.53,309.53
547.28,783.34
537.55,4.9398
534.95,356.41
534,825
538.63,25.057
541.44,610.86
539.74,569.1
536.5,1116.5
542.71,819.41
543.41,981.6
544.45,120.47
540.78,450.32
541.35,1011.9
543.57,139.67
542.6,338.75
543.83,996.44
545,499
546.87,151.09
548.54,702.93
549.44,234.77
560.41,54.758
552.97,681.01
552.62,500.9
552,832.95
554.69,952.42
554.27,1076.5
556.56,222.03
555.72,411.66
557.66,584.89
560.31,853.65
557,658.33
562.89,1094.5
561.85,248.65
562.68,823.8
562.77,287.23
563.88,690.55
564.5,478
568.21,785.1
567.43,1026.5
568.39,1206.8
569.47,97.51
567.29,876.71
568.69,938.88
570.72,156
570.86,738.65
569.88,142.27
571.21,412.11
575.97,806.04
570.58,835.89
573.12,436.01
574.3,26.568
579.08,236.29
572.43,1095.6
578.71,85.462
583.89,202.59
577.66,755.96
578.8,68.148
583.17,1133.2
580,131.5
585.91,301.11
579.42,359.11
589.51,19.511
581.97,915.08
584.21,1159.2
582.54,330.29
583.63,39.633
590.3,103.25
586.52,361.96
585.5,437
589.56,870.72
586.17,1234.7
589.4,2.881
588.62,471.85
591.7,828.36
590.06,49.938
591.96,219.25
590.22,524.78
600.32,983.88
590.4,713.4
594.31,937.33
591.4,356.4
604.62,274.96
594.24,912.86
597.5,1241.5
599.02,787.62
600.4,344.03
602.29,116.71
601.43,630.17
599.5,813
605.69,890.51
606.19,450.91
604.5,925.23
608.73,190.27
606.62,317.84
609.23,106.67
608.28,497.07
609.48,675.05
615.45,726.3
609.07,1176.1
609,689.5
612.96,946.93
611.2,1143.2
614.01,769.01
613.53,788.55
613.49,863.28
619.55,544.03
618.39,83.289
618.72,314.86
619.71,230.15
618.5,245.5
621.64,517.54
621.2,700.48
625.52,1153.5
626.37,16.142
620,753
621.83,897.15
624.34,1024.1
625.1,1205.5
630.84,558.08
628.84,58.224
633.18,585.07
629.93,481.81
649.51,789.2
635.27,730.72
630,1034.8
630.5,1092.5
633,922.5
647.3,149.13
635.15,499.46
638.02,869.98
635.62,1014
636.59,914.07
638.07,970.63
638.9,230.75
639.44,943.53
646.44,112.75
641.04,278.78
641.8,456.92
641.14,926.65
640.43,1210
640,298.35
645.67,336.63
660.43,855.54
649.04,1041.5
648.71,470.45
652.97,263.22
653.15,434.15
652.46,608.91
652.65,885.58
654.28,928.31
653.5,131.5
659.58,99.767
658.5,140
669.24,1162.2
661.62,6.7838
663.85,345.87
662.55,651.58
664.06,911.92
664.13,489.61
664,375.86
663.93,892.41
666.47,955.54
671.2,225.79
666.52,718.29
666.76,971
682.2,664.42
668.61,883.39
675.27,899.34
677.77,7.3828
681.65,125.63
676.22,506.76
678.08,1182.5
675.42,292.89
695.57,1008.4
676.58,303.11
679.61,1113.4
678.9,54.5
679.87,643.08
679,1090
682.01,1153.4
680.93,1043.2
686.09,430.23
685.82,524.75
686.89,865.15
681.95,1238.9
683.17,160.3
683.68,572.05
686.48,330.98
688.96,1203.5
692.51,377.03
689.68,173.31
689.58,988.89
692.06,209.53
694.98,262.87
691.29,1180.3
695.76,462.21
694,484.5
698.46,302.52
695.06,954.91
702.07,1233.8
703.63,10.519
697.71,538.11
696.15,734.54
696,915
697.57,276.57
699.6,1066.4
698.08,1078.9
702.13,1135.2
708.06,246.45
707.86,762.32
705.55,68.254
705.17,1196.5
708.31,186.41
715.98,801.61
710.31,369.83
709.41,518.61
710.24,1128.7
712,922.5
713.89,342.8
717.47,1091.5
719.36,421.14
718,537
731.14,615.8
735.21,178.46
726.9,1185.6
723.63,657.2
728.79,879.62
728.02,1048.6
735.99,62.893
730.58,311.11
733.35,1.9565
735.35,139.35
734.79,540.02
738.03,666.1
736.16,948.35
737.58,570.45
742.71,280.52
744.68,1109.7
744.45,781.19
744.82,627.15
751.92,935.43
745.2,126.8
746.38,451.07
746.45,704.03
747.42,347.07
744.29,363.57
747.52,1138.2
746.91,155.94
746.65,1232.6
747.4,1177.5
749.07,66.593
750.09,770.05
751.69,522.09
751.17,978.87
758.74,248.26
755.94,1076.5
755.86,280.4
755.09,574.95
756.32,833.9
755.43,914.94
757,448
758.85,106.17
757.29,144.29
760.84,131.88
758.07,291.59
758.5,361
758.91,388.91
765.27,44.588
762.67,876.49
763.13,164.87
764.1,717.72
766.38,814.59
766.26,1092.7
766.98,1210.9
764.29,971.29
785.51,756.82
767.13,1038.2
765.17,1184.8
768.28,1109.3
766.94,1138.4
768.35,147.94
769.05,234.53
771.07,528.31
767.57,730.96
777.03,254.25
776.58,1145.5
790.05,678.44
782.36,7.4312
782.15,855.78
779.98,1127.1
797.99,1043.7
785.95,657.46
782.63,696.05
781.57,870.09
787.66,728.56
792.07,1099.2
787.53,485.78
789.01,1073.1
790.32,129.88
791.06,310.09
791.96,186.23
790.41,900.94
793.07,997.75
794.82,639
801.24,509.7
797.72,783.2
797.64,929.91
797,244
800.91,810.62
802.63,960.82
801.36,1210.8
801.61,737.31
805.89,649.98
804.12,1222.9
806.48,797.96
809.75,372.59
807.69,825.57
814.6,923.88
812.86,1131.4
810.3,1153
811.59,108.93
819.83,60.941
816.12,686.71
816.93,951.13
814.96,444.12
813.14,1032.4
815.57,140.96
823.86,353.16
819.17,612.4
818.55,898.06
817.25,908.25
815.6,990.4
820,234.68
822.59,209.03
821.09,495.48
826.29,1030.8
822,170
823.13,730.74
821.5,988.5
824.41,401.93
828.06,843.91
830.44,986.36
832.73,1120.8
831,650.5
835.02,93.847
835.81,1208.5
837.96,3.9459
839.71,129.65
840.66,897.28
839.98,213.91
842.1,362.84
843.1,1142.2
843.05,673.59
852.12,1018.3
847.46,606.84
855.54,645.84
843.5,185.5
844.58,160.55
845.17,258.73
846.98,763.19
848.29,1063.2
849.29,316.24
846.5,810.5
848.7,55.864
849,96.265
847.5,567.5
850.69,696.05
856.03,1107.6
854.23,18.186
849.5,489
853.87,1193.2
856.02,168.06
853.78,909.67
861.28,89.365
857,354.5
858.58,551.47
861.78,949.38
865.57,455.34
863.41,480.07
867.44,11.279
866.31,580.62
867.23,838.9
866,539.5
867,546
871.03,237.8
868.38,802.19
873.75,426.75
872.86,713.69
871.67,1173.4
874.57,967.73
876.99,83.128
873.66,554.47
874.39,868.93
875.25,410.06
879.84,459.77
877.74,613.1
880.78,673.5
881.01,1238.3
877.75,42.75
879.33,134.47
880.96,1028.4
880.5,324.12
879.5,659
881.57,146.57
883.92,165.11
881.58,847.89
883.07,346.41
885.41,886.59
885.63,773.22
888.52,982.66
895.96,628.82
888.09,48.886
889.02,204.02
887.42,291.91
888.44,4.037
889.44,748.71
895.03,613.05
889.85,1128.8
890.5,372
892.59,783.88
893.86,863.99
892.95,1057.1
896.5,912.21
894.97,993.47
894.75,1046
901.48,137.37
897,562.17
898.14,701.5
897.63,808.89
900.72,391.45
894.29,661
899.26,1090
897,1207
899.54,58.847
904.23,354.88
899.57,755.97
899.22,510.38
903.93,1058.6
900.5,745.5
901,786
906.18,269.05
907.83,328.95
905,84
911.12,286.09
909.96,840.39
907.78,1000.4
908,207
909.64,747.82
914.95,429.2
912.13,693.01
913.62,89.97
913.2,192.3
913,791
914.57,119.57
915.56,415.2
916.03,482.92
922.48,1044
915.5,1195
916.52,1239.5
926.25,48.54
922.46,321.81
923.12,558.7
919.59,815.07
922.86,948.31
919.45,1062.7
921.38,713.34
922.91,172.39
921.94,1011.1
927.55,400.23
931.36,1166.7
926.33,1124.8
926.12,696.11
925.5,805
944.71,775.85
930.44,1100
929.57,501.57
930.8,112.44
939.31,464.85
937.7,615.05
934.96,1206.5
936.24,307.24
937.12,259.06
940.12,1227.8
937.84,873.86
939.49,1002.8
941.29,238.17
944.03,343.28
938.5,396.5
939.5,1034.6
953.44,166.73
945.22,376.62
945.2,140.73
945.71,1100.1
952.49,201.31
946.28,592.01
947.55,633.31
950.62,1210
953.34,42.028
951.95,436.79
949.96,916.96
951.63,997.87
953.8,1222.7
953.35,312.73
955.63,799.76
960.45,1033.7
960.83,863.92
959.87,1117.6
964.22,300.88
970.49,978.34
962.63,1236.2
967.64,86.518
967.28,209.22
965.4,277.22
966.03,719.74
966.84,120.63
969.32,843.44
976.85,547.78
967.22,1124.7
974.47,897.06
968.68,228
968.14,471.5
967.5,876
971.42,1085.2
969.69,369.03
971.07,686.61
968.75,736.5
972.1,591.36
972.18,950.62
975.31,17.546
972.16,634.58
973.39,859.26
977.56,405.35
974.93,1189.9
980.9,655.34
978,32.143
978.88,254.8
981.71,378.32
981.13,576.7
981.28,627.2
982.21,442.23
982.95,513.95
980.42,1217.9
984.56,709.49
983.6,940
986.48,1161.6
987.46,247.33
1005.4,284.46
995.39,965.12
991.49,1023.6
992.58,932.42
990.81,25.788
988.32,128
991.09,1112.9
994.79,502
999.74,1125.7
1000.4,688.13
999.7,262.55
1003.8,388.69
999.09,544.87
999.88,168.58
1004.5,234.77
1003.7,562.48
1002,714.38
1002.8,114.52
1000.1,649.08
1002.4,75.531
1001.7,1083.2
1012.9,429.24
1007.9,863.82
1007.2,1096.6
1010,213.99
1006.2,528.56
1008.5,763.58
1009.7,985.85
1008.5,1028.9
1009.4,1208
1014.8,585.86
1016.1,720.99
1023.4,792.93
1012.2,835.89
1013.9,361.5
1013.9,370.74
1016.1,635.81
1025.1,1044.4
1017,1008.3
1017.4,457.41
1022,536.31
1022.5,248.63
1018.7,625.47
1019.2,26.909
1021.9,736.07
1020.3,694
1024.2,751.45
1026.7,127.85
1033.8,1101.8
1023.6,11.974
1023.1,1088.5
1023.9,1137
1026.9,416.16
1026.6,369.37
1026.3,520
1029,656.19
1027.7,970.86
1029.3,102
1029.3,1169.9
1038.1,995.93
1034.6,1079.7
1033.1,1193.9
1031,862.72
1037.2,194.16
1034.6,172.73
1033.8,305.4
1039,849.17
1039.7,483.76
1039,773.35
1037.4,956.71
1041.6,29.532
1040,1149.2
1041.8,1245.6
1045.4,134.87
1042.8,280.75
1045.2,252.1
1044.7,969.29
1046.4,161.5
1051,619.6
1046.9,1028.5
1047.5,684.35
1049,345.32
1050.1,651.08
1055.4,754.46
1049.1,927.05
1052.5,361.04
1051.2,380.88
1054.4,1043
1053,541.41
1054,1092.4
1052.9,863.08
1054.1,1122.3
1055.1,242.08
1058.3,416.88
1056.4,916.89
1057.1,1135.4
1057.8,2.3889
1060,145.74
1062.8,500.76
1060.5,828.1
1059.4,300.61
1060,1058
1065.5,226.16
1073.6,574.67
1062.5,678.74
1064.7,719.11
1065.4,941.37
1062.7,1000.1
1063.7,608.21
1064.9,664.97
1070.4,914.85
1068.8,176.39
1067.6,766.09
1068.7,1019.6
1068.7,1051.9
1072.6,1226.6
1073.5,454.46
1070.2,1170.2
1071,43.074
1082.3,328.05
1075.6,411.11
1079,67.134
1076.3,654.64
1074.5,985.29
1076.5,1036.2
1078,928.52
1081.3,163.27
1082.5,474.77
1078,731.5
1083.7,749.09
1079.6,887.31
1085.2,1154.5
1088.4,360.41
1082.2,950.93
1084.4,1196
1084.6,19.186
1094.7,281.41
1083.6,490
1086.3,522.8
1090.8,645.41
1086.6,807.93
1085,1090.5
1093.4,457.79
1089.6,833.07
1089.3,1006.9
1092.4,495.62
1091.1,930.09
1096.8,252.17
1093.4,1071.3
1095.8,138.38
1095.9,177.87
1098.5,540.33
1095.4,692.09
1093.7,1031.8
1094.1,193.91
1095.5,617.52
1097.4,1046.4
1094.6,426.94
1096.3,901.62
1097.1,115.46
1105.4,297.76
1124.3,1190.8
1101.7,221.08
1101.6,1230.2
1098.5,784.5
1102.8,1159.3
1108.2,17.729
1101.6,6.8125
1103.3,836.07
1102.1,956.59
1102.9,667.5
1105.9,980.19
1105.5,240
1110.8,891.74
1107.9,260.96
1108.7,546.05
1108.5,760
1107.5,1104.5
1111.1,1127.2
1110,861.61
1111.6,951.96
1109,1069.2
1112.2,166.19
1113.4,478.85
1127.2,422.32
1113.4,714.08
1111.5,965.09
1112.8,312.98
1113.8,358.91
1112,938.09
1126.1,250.24
1116.4,124.41
1115.5,255.78
1119.1,1225
1123.4,93.043
1119.1,461.74
1120,777.57
1123.8,1043.4
1124,758.77
1130.5,978.46
1129.2,381.88
1127.5,462.18
1125.8,1213
1126.6,834.89
1126.8,865.75
1132.9,1100.4
1132.8,42.207
1132.5,21.794
1132.6,915.55
1129.4,949.39
1138.5,453.29
1136.4,646.58
1138.1,92.981
1137.6,686.57
1145.5,713.58
1140.1,1073
1142.4,68.585
1141.7,935.1
1142.1,699.09
1148.1,149.04
1148,258.18
1145.7,1053
1144,312.09
1149.5,585.97
1148.1,890.95
1147.5,1039.4
1149.1,789.88
1148.1,365.11
1149.8,925.98
1154.4,376.01
1163.2,515.55
1155.3,774.97
1153.4,1068.5
1155.9,850.74
1156.6,680.36
1155.6,963.6
1158.7,1224.8
1159.9,298.24
1170.9,1106.5
1161.9,355.69
1163.6,143.43
1168.7,569.96
1164.8,924.16
1164.5,182.92
1167.3,337.53
1165.2,762.67
1166.3,836.44
1167.2,374.76
1180.1,126.19
1174,992.44
1182.8,217.95
1175.1,1055
1179.1,150.71
1173.8,511.8
1175.7,755.39
1172.3,864.68
1172.9,828.41
1180.5,371.5
1180.5,910.33
1181.4,448.5
1184.9,818.25
1183.7,849.23
1184.5,401.41
1182.6,468.41
1182.9,542.83
1189,438.36
1185.5,741.5
1189.7,503.49
1188,1003.5
1191.2,1.8261
1196.9,381.7
1200.9,847.01
1188.6,1057.6
1197.7,1069.5
1193.9,675.62
1195.1,351.09
1193,646.34
1207.2,419.25
1205.4,488
1194.9,572.98
1199.9,932.05
1195.1,1129.6
1198,1211.1
1200.6,766.82
1203.2,529.26
1203.4,1038.4
1202,69
1205.9,890.01
1203.2,788
1206,1017.9
1203.4,1244.4
1206.3,658.16
1208.7,572.56
1215.5,647.99
1209.7,630.98
1212.8,166.11
1209.1,1190.2
1213.3,706.92
1213.4,244.58
1218.6,132.9
1214.8,1051.8
1215.2,1173.5
1216.4,344.97
1216,469.24
1221.9,225.73
1218,640.67
1219.4,997.95
1229.7,1071.3
1219.6,788.11
1231.7,358.96
1223.5,388.64
1225.5,874.8
1224.7,191.03
1227.6,416.74
1225.9,268.04
1226.6,579.63
1227.4,629.48
1235.2,136.92
1229.3,179.85
1228.1,610.09
1234.2,809.96
1234.8,262.65
1233.5,1000.3
1231.5,403.5
1239.2,160.53
1235,642.67
1242.1,465.52
1240.4,419.49
1239.2,702.75
1242.5,482.86
1243.7,725.28
1243.2,568.22
1242.3,435
1245.4,1024
1243,916
1246.7,345.73
1247.5,247
