2.6765,338.35
2.9804,370.1
2.6531,635.76
1.9286,748.5
5.6667,994.2
8.1282,1203.9
7.5333,685.77
13.362,476.39
10.895,551.42
13.724,708.86
14.404,757.38
14.578,1017
16.559,951.29
18.038,565.26
18.188,53.729
20.06,721.59
19.344,201.08
19.947,394.44
23.369,104.57
25.414,504.61
27.235,1035.8
30.5,1.5
31.519,663.41
32.516,751.51
31.128,121.13
36.078,850.63
31.167,1217.7
34.66,304.71
34.691,987.38
34,741
36,1060.5
40.545,57.345
41.838,248.15
39.761,1114.6
42.402,788.2
42.615,1170.8
42.455,1034.5
42.157,1226.3
44.071,317.93
43.074,353.41
45.1,146.07
44.091,183.91
44,730.5
46.649,763.3
45.917,618.08
47,204
50,1099.5
49.677,515.48
47.914,850.07
51.543,259.84
48.6,1162.6
53.191,974.37
56.406,692.24
56.979,769.62
57.5,1215
68.3,725.38
61.25,877.06
63.423,1029.5
60.583,935.35
65.752,1063
65.635,627.5
63.825,1144
68.74,1107.7
73,115.05
74.823,683.54
72.061,954.55
77.781,821.83
76.779,1243.8
77.436,39.473
76.6,341.62
77.71,1026.7
83.995,641.85
84.585,663.47
82.306,979.02
86.81,1080.3
89.603,839.21
92.063,480.15
91.062,430.09
98.552,30.011
95.902,1177.7
98.683,224.98
99.782,983.78
109.56,769.43
103.5,1165
108.03,678.39
107,965.88
108.54,1012.9
108.5,857.5
112.14,401.36
109.9,910.62
111.12,360.88
114.12,483.89
118.57,742.8
119.59,931.35
113.63,625.63
123.27,658.78
121.41,873.42
123.18,1047.5
125.94,383.91
127.06,367.06
128.62,1247.1
132.51,847.24
132.55,587.42
139.79,753.39
142.47,454.63
141,705.38
140.99,908.09
140,211.32
146.02,530.9
143.39,835.86
146.36,868.29
146.48,885.52
148.13,953.17
150.35,252.5
152.49,335.91
154.06,370.81
152.79,782.5
153,457.33
156.74,430.07
156.5,929
163.21,916.66
164.58,513.12
166.79,984.27
173.79,844.23
165.9,953.26
166,313.68
167.5,386
168.27,657.93
169.71,743.97
169.37,1034
168.35,1143.4
175.92,809.47
180.27,656.61
179.05,461.93
184.67,768.88
183.02,865.25
185.74,693.93
184.43,1245.2
186.44,1020
189.53,571.58
192.08,671.94
193.34,33.729
189.09,808.91
196.84,154.05
197.16,1245.1
197.44,916.77
199.73,708.7
198.78,973.84
196,825
200.63,852.68
197.42,1198.1
199.44,342.56
204.38,865.37
202.58,102.11
208.32,676.79
211.55,184.2
206.5,938
207,1126.5
211,608.2
214.97,805.04
218.57,950.81
213.37,704.63
216.58,1126.2
222.27,908.16
219.96,1149.7
219,211.5
224.73,753.74
227.28,481.73
228.19,843.6
228.07,160.95
231.26,621.4
232.43,695.51
231.24,865.6
235.49,1049.3
235.2,102.11
236.5,344.43
237.65,898.65
237.37,1124.5
241.68,300.73
237.64,722.5
238.5,1189.5
247.22,818.85
241,127
243.66,661.85
245.17,541
250.03,427.63
248.46,746.94
249.86,365.57
252.75,971.81
258.29,709.07
259.58,50.395
256.92,1010.1
257.93,335.74
264.07,874.29
263.74,420.74
261.93,745.45
261.27,499.35
264.07,836.53
271.02,229.97
271.43,65.914
276,351.5
287.37,875.05
281.11,1050.4
281,672
285.23,713.38
287.39,175.86
289.94,1186.4
291.26,758.97
296.19,1240
297,1155.8
306.36,553.06
302,338.57
305.85,1104.6
304.41,661.17
303.28,600.2
312.06,857.88
307.49,777.87
308.13,1228.6
314.43,308.37
318.6,654.9
317,68.5
318.5,121
324.21,721.29
326.26,799.57
326.5,549.4
330.75,3.1667
333.1,1211
336.42,59.933
339.49,754.52
338.11,618.53
339.76,872.62
348.33,320
350.14,964.14
353.09,696.91
364.13,48.391
369.35,1099.5
364.47,947.67
369.18,624.94
368.8,649.85
370.06,728.96
371.07,1006.4
372.25,539.92
376.57,1042.3
383.43,1165.8
379.17,692.14
378.08,902.56
383.94,626.55
383,1207.5
387.3,1075.2
387.93,560.59
394.2,1228.6
399.58,1156.6
402.31,627.9
405,543
408.67,399
409.44,1163.1
410.09,197.91
410.69,826.64
414.93,566.77
413.24,164.1
419.38,1037.2
420.37,639.87
421.25,1210.5
430.31,165.11
425.38,730.95
427.42,865.96
429.04,393.66
426.61,1246.6
427.61,181.61
427,1084.3
435.03,40.342
432.26,711
435.23,891.77
437.92,475.43
439.06,1103.1
437.39,367.86
438.55,952.63
440.5,974.5
447.02,428.16
444.5,1246.6
449.97,950.33
449.68,472.98
455.64,936.58
454.95,597.08
461.6,442.49
463.54,848.09
464.45,1026.5
468.29,909.11
470.92,476.07
473.81,400.94
477.27,711.73
471.29,728.43
480.04,642.79
478.56,1079.2
480.73,1050.1
481.62,483.35
483.19,1181.3
483.5,980.5
484.42,882.89
485.5,576
491.16,617.39
491.44,732.03
498.32,1014.7
499,519.14
499.66,78.531
501.52,126.4
503.55,572.05
507.46,1031.5
504.6,697.6
512.14,15.611
519.79,859.06
518.47,1074.1
520.55,474.66
523.7,895.71
524.47,966.43
529.1,255.9
534.18,734.32
528.67,1027
534.1,165.22
540.07,413.59
542.63,541.36
544.39,979.48
547.78,558.41
548.9,1072.3
549.23,299.9
548.59,630.84
548.5,338
556.55,168.79
553.19,677.96
555.85,1219.2
558.38,521.98
559.45,228.45
565.96,302.85
563.98,577.95
561.1,771.38
567.86,200.48
564.48,1210.1
578.7,505.62
565.85,844.88
570.75,523.82
568.92,1062.3
567,1217
572.81,990.31
572.31,100.09
573.43,722
573.86,709.81
577.04,371.97
576.43,840.59
576.15,565.79
581.83,693.63
580.34,866.52
578.27,935.27
579.89,113.21
587.23,1074.8
583.93,817.41
590.05,915.76
588.41,1056.6
588.5,261.5
595.31,541.02
593.17,1045.4
596.11,82.68
593.98,833.48
600.74,290.47
596.83,724.07
599.36,783.15
602.92,118.08
607.81,1093.7
608.44,1176.5
610.9,704.62
613.73,371.03
617.14,127.37
614,870
616.54,526.22
620.99,71.623
626.05,329.15
623.32,1023.6
625.6,168.41
629.35,810.73
627.57,1056.3
629.69,685
636.67,155.62
637.67,441.77
642.78,655.71
647.54,835.49
646,858
650.6,27.58
649.5,149
651.44,817.97
652.83,948
656.97,686.53
660.07,164.41
660.78,761.83
661.53,717.86
666.26,736.7
667.58,326.42
669.95,188.86
669.81,281.81
667.5,693.5
671.45,585.84
680.76,18.278
680.96,767.08
680.51,445.67
681.82,718.06
682.76,260.48
680.5,739.5
685.43,646.98
689.21,242.49
692.05,347.47
694.22,604.47
696.8,307.44
698.42,813.58
699.87,462.52
700.93,199.41
701.41,765.93
706.05,429.95
706.4,544.37
708.63,578.37
713.48,610.37
717.05,290.44
730.32,383.65
726,966.5
727.5,414
728.9,97.355
730.4,224.6
729.96,1039
736.66,831.03
736.35,176.52
735.65,499.51
738.54,607.13
738.83,689.85
744.75,587.96
741.94,472.57
742.12,1063.6
742.83,917
746.6,1038.8
746.35,39.941
748.73,16.729
758.78,514.44
762.96,1104.5
765.09,330.16
769.32,124.16
766.12,464.37
770.77,771.2
771.12,880.52
768.5,821.5
776.51,350.9
779.63,957.4
786,79.976
786.71,254.74
784.84,1191.6
785.05,581.53
783.57,601.05
783.5,564
789.13,498.91
793.99,162.27
793.06,914.15
792.98,1014.1
795.89,339.43
795.83,101
802.45,696.25
798.86,1118.8
805.11,394.26
801.42,201.11
810.63,522.26
810.76,546.42
807.81,1178.3
816.91,945.75
817.55,969.4
818,316.5
817.75,589.87
821,391
827.01,277.55
824.62,219.62
825.54,478.22
830.93,811.27
831.41,494.96
836.12,149.2
837.37,553.06
837.62,1122.7
837.39,842.86
842.78,391.18
843.53,592.18
845.01,505.38
843.5,720
848.77,469.37
860.72,314.34
862.42,275.7
862.78,1224.6
862.25,331.25
861.89,915.37
864.47,870.87
865.21,60.26
867.17,563.62
866.53,142.93
870.8,592.9
873.58,848.89
875.83,126
879.78,161.43
879.28,443.12
880.8,513.69
882.75,944.09
879.47,1137.7
885.78,454.96
891.86,849.77
889.15,1180.4
892.33,985
899.5,157.5
904.23,1232.8
901.66,906.61
904.37,287.37
909,457.83
917.47,125.51
911.82,412.43
912.57,1184.9
913.83,606
916.66,273.06
923.36,1016.1
919.58,421.58
926.58,854.78
933.44,403.65
924.86,1068.6
932.33,934.62
934.28,292.08
939.92,587.2
933.25,769
936.41,524.71
936.31,1146.1
942.08,438.42
942,507.6
942.5,149.5
947.09,222.42
947,83.25
950.1,42.181
948.93,1036.4
952.24,941.79
956,808
961.57,487.05
963.27,1212.1
963.93,789.32
965.11,148.83
965.77,13.544
964.33,666.31
968.64,585.97
968,728.67
972.6,502.55
974.82,129.14
972.91,575.75
973,432.86
974.93,481.41
980.08,3.5625
978.75,383.75
981,235.26
980.5,663.5
982.86,1214.2
989.67,191.37
986.14,533.61
987.05,702.33
992.6,552.89
992.02,1187.6
995.48,141.92
996.07,1003.7
996,311.41
1001,353.17
1006.5,649
1004.5,1043
1015.9,486.54
1012,592
1014.4,409.88
1021.2,528.19
1020,603.07
1019.1,1117.6
1023.5,755.93
1023.5,138.94
1022.4,845.04
1027.5,957.22
1033.9,578.57
1042.6,745.67
1043.4,715.92
1044.4,472.36
1048,289.93
1053.6,222.61
1064.9,646.17
1062.6,472.55
1064.5,449
1066,939.07
1068.2,1125.8
1071.6,749.41
1074.6,1088.4
1076,262.5
1075,333.17
1084.6,193.5
1086.4,938.73
1088.4,463.32
1089.7,598.54
1097.1,149.06
1103.6,1204.7
1100.2,778.97
1101.9,447.39
1101.5,711
1112.6,587.2
1116.8,649.02
1117.9,805.59
1125.8,255.38
1127.2,708.51
1127.1,964.13
1129.9,975.59
1130.3,1184
1129.6,407.86
1134.1,140.43
1136.7,286.55
1140.6,558.73
1143.5,367.54
1144.9,1231
1146.9,175.44
1147,275
1148.9,732.43
1156.7,1001.7
1153.6,491.89
1157.2,520.56
1164.2,344.21
1161.5,1233
1166.5,996
1168,1110.3
1169.5,572.58
1174.3,515.36
1173.4,1156.9
1177.8,902.75
1179.1,488.56
1180.6,805.83
1180.3,1133.4
1184.5,1215.6
1187.9,180.57
1188.7,691.47
1192.6,1041.9
1193.2,1200
1197.9,201.13
1194.5,75
1202.5,433.79
1208,345.4
1206,1011.1
1205.8,620
1207,719.89
1212.7,860.61
1213.2,290.69
1211.9,1186.9
1212.7,892.55
1214.4,942.11
1216.1,332.05
1219.6,99.362
1218.2,376.44
1216.2,882.09
1222.1,2.1837
1219.1,677.52
1222.1,580.61
1226.4,349.47
1226.7,58.07
1226.5,938.9
1232.2,1141.6
1230,1165
1232,1215.5
1236.8,278.2
1235.1,1025.4
1241.5,540.66
1237.6,218.37
1238.1,1039.8
1240.4,914.33
1245.8,638.71
1244.9,703.14
1246.4,246.57
1246.3,756.56
1246,1052
