2.6275,216.14
3.9167,431.93
4.0444,458
3.9111,563.26
7.1911,608.05
4.7945,876.86
4.8571,959.05
5.9847,1039.9
5.8953,400.34
9.6706,478.76
6.9091,935.09
8.8837,585.12
9.8333,625.56
13.519,660.44
14.963,53.75
11.048,246.95
15.63,1177.5
15.04,771.99
13.074,981.41
16.659,531.85
19.131,167.89
19.444,1081.7
23.416,1228.3
23.359,298.26
24.744,636.6
25.349,341.44
26.042,379.96
27.939,1017.2
29.321,539.75
29.658,791.45
27.938,820.09
35.587,127.45
35.556,230.11
38.174,44.37
40.705,693.05
44.799,743.31
42.542,1146.2
40.854,650.6
50.223,439.82
43.71,796.42
44.294,215.45
42.565,1215.9
44.253,152.89
45.736,872.06
45.672,463.42
49.102,562.48
49.955,48.945
51.278,631.86
48.68,775.16
55.067,178.28
58.305,815.86
54.435,764.39
57.231,14.256
57.463,992.54
61.756,330.34
60.629,733.93
62.462,793.09
67.19,413.18
59,572.5
60,778
66.072,195.19
65.085,1109.6
68.72,1221.5
61.6,70.4
63.862,1077.7
63.833,883.05
69.615,247.49
66.816,476.2
70.25,1206.8
74.191,847.55
76.578,594.06
78.246,1029.8
77,102
79.378,633.24
79.321,231.26
85.725,517.22
87.656,16.86
94.2,82.049
85.435,42.391
86.074,1092.6
91.286,1013
91.093,351.33
88,766
93.4,633.19
91.758,1080.6
95.015,612.33
97.442,1124.9
97.433,1150.3
95.607,1056.9
98.457,426.37
98.369,561.63
99.758,502.1
101.9,852.14
101.77,139.67
109.1,901.89
110.65,228.46
110.29,454.65
109.28,1204
113.94,826.29
110.72,1104.3
112.54,804.91
116.08,67.19
115.33,150.28
117.37,443.92
113.72,767.63
121.24,545.22
121.59,678.81
123.29,1152.8
123.67,1143.2
130.72,406.09
134.38,377.66
134.1,433.84
132.93,1011.6
136.33,638.87
136.43,364.09
144.7,1057.6
142.45,1229.6
146.29,300.48
146.69,75.729
146.75,722.08
153.25,783.26
154.92,284.34
151.46,630.41
159.8,484.14
159.54,176.55
161.75,350.79
156.49,1009.3
159.71,990.45
163.13,671.92
167.23,726.46
165.24,1131.7
168.47,110.21
169.47,367.97
172.43,1069.9
174.84,460.35
179.62,616.3
176.85,419.54
179.85,379.54
186.48,1028
186.68,25.851
187.11,294.6
188.23,343.54
190.63,1195
188.44,1112.2
189.56,509.47
191.43,455.45
199.12,703.37
201.2,872.39
197.54,1080
207.05,532.65
204.25,645.89
202.13,491.91
203.12,1160.1
202.92,322.1
205.73,1099.5
205.22,435.3
208.24,721.88
213.66,579.59
210.84,1063
214.03,258.6
217.9,810.96
213.1,451.21
220.42,1240.1
217.66,680.62
215.94,170.09
219.28,630.65
219.2,785.54
220.61,1101.9
226.42,101.97
240.78,178.69
221.91,440
235.36,724.18
230.03,127
233.67,16.959
235.32,314.04
233.3,1147.7
230.93,1067.4
236.89,768.99
233.75,981.25
235.5,537
239.38,839.33
238.1,351.85
240.41,1007.6
245.88,955.12
240.72,239.34
239.33,1244
248.07,427.02
246.74,865.41
251.15,914.77
254.71,902.43
260.43,749.09
262.95,129.03
257.28,642.31
268.1,1060.7
262.38,37.702
262.36,770.41
262.58,944.15
262.08,1023.3
263.41,829.07
268.14,309.98
265.45,592.45
264.4,1033.6
269.47,543.24
268.05,874.98
273.96,1132.1
272.57,664.84
269.9,812
270,352
270.61,413.57
279.14,627.18
278.65,1107.1
283.81,562.64
281.98,18.317
288.66,481.11
291.46,851.04
292.24,212.83
290.74,1220.3
291.81,262.62
295.5,422.88
294.86,1102
299.94,592.83
303.15,659.86
302.76,350.44
305.03,755.49
301.64,796.12
301.14,959.36
310.22,493.6
304.5,154.5
308.62,513.36
310.4,996.67
309.48,130.9
313.05,259.56
314.61,327.45
318.05,737.12
317.26,823.91
317.13,358.56
315.58,561.55
317.62,189.62
331.23,10.875
323.66,624.27
322.24,669.19
320.57,985.08
329.2,1033.1
328.36,546.07
327.65,1159.5
334.25,229.51
331.96,834.07
336.35,366.99
334.2,857.29
334.56,819.58
335.29,928.24
339.17,1056.9
337.9,628.75
348.7,749.28
345.03,1173.5
343.58,706.89
348.54,151.08
347.89,213.23
350.92,362.18
349.23,681.08
357.7,857.73
351.5,320
354.18,377.1
356.24,274.97
354.59,641.53
355.23,444.85
354.89,667.43
364.8,1242
363.45,740.67
367.43,514.22
364.77,353.53
366.68,553.87
372.43,1003.8
372.67,135.82
371.77,384.51
376.41,1053.7
374.18,1079.4
374.07,849.59
374.5,674.5
387.13,604.7
379.04,839.69
383.22,875.67
388.85,505.65
383.61,919.81
384.94,1112.2
393.73,42.355
395.77,751.22
392.64,1064.1
397.12,99.199
398.71,582.41
397,224.5
401.07,1006.5
403.08,1133.7
405.5,668.58
410.85,142.69
424.53,965.84
408.1,1057.2
416.7,832.7
415.5,468.37
421.22,677.15
422.67,407.14
424.18,187.71
423,894
425.52,448.22
425,501.5
428.14,380.67
428.85,655.83
432.99,357.32
432.26,1093.3
431.81,762.62
436.21,284.05
433.4,514.33
435.72,871.65
440.09,342.32
443.16,780.1
443.44,1189.9
441.39,1243.6
453.54,613.97
451.78,519.02
454.14,1243.8
451.06,479.91
451.4,892.4
454.32,1028.6
458.86,911.03
460.18,468.82
460.96,49.447
462.43,1043.1
462.14,1076.9
465.58,408.86
467.93,853.33
468.47,528.8
472.72,221.67
474.61,203.55
475.8,946.99
473.5,737
475.75,787.44
488.84,1212.7
483.7,364.72
482,521.85
482.33,800.19
480.85,1181.5
482,641.67
485.69,341.7
486.41,1033.5
489.45,1107.4
483.5,549.5
492.59,752.72
491.82,554.22
494.3,940.92
495.45,78.207
494.59,323.07
500.56,49.205
504.44,166.39
513.31,649.07
504.88,1137.5
507.47,389.69
505.5,919.61
511.32,566.64
507.45,795.38
507.41,471.59
508.42,88.105
511.97,758.97
511.71,842.91
518.34,504.15
515.87,486.23
517,869.5
521.38,1048.3
522.87,391.12
521.77,1201.5
526.6,72.237
530.76,942.27
530.37,632.69
527,1029.5
534.44,1043.4
531.15,100.9
530,648
532.81,754.08
537.77,519.68
537.67,794.95
537.34,194.95
535,488.32
564.56,623.37
537,1220.3
536.5,84
537.93,577.93
542.08,1056.6
539.58,166.11
546.96,95.149
548.82,393.05
552.86,803.48
549.5,1042.5
553.94,1164.8
552.86,668.95
556,529.8
557.04,827.03
559.02,1060.9
563.68,162.09
559.57,686.94
571.63,507.15
569.59,1079.7
568.38,1133.3
567.09,523.09
571.91,655.28
571.86,1168.3
570.64,428.03
576.62,825.17
577.08,81.083
583.14,468.15
590.67,1226.5
584.54,323.15
585.04,64.929
584.22,1244.9
583.91,297.09
588.01,773.04
585.8,1105
588.53,112.28
594.42,688.72
590.24,916.18
594.1,609.03
599.66,340.7
600.19,323.08
603.17,418.62
603.92,485.16
612.15,972.05
613.23,782.52
617.18,599.85
610.08,1067.9
612.72,1174.5
614.91,432.44
624.4,20.444
626.4,491.03
623.43,1125.4
629.06,581.85
627.57,406.61
632.61,203
641.31,684.59
635.96,347.06
666.46,568.51
642.18,1220.1
642.75,814.99
644.4,1194.2
643.4,597.88
645.96,1095.6
647.28,56.335
652.05,844.95
661.04,1121.6
652.81,18.906
658.28,640.49
660.43,382.96
658.4,530.18
661.52,1065.4
665.94,539.34
667.47,110.89
670.71,1234.8
676.42,399.06
667.5,464.5
669.7,870.92
668.99,957.9
673.37,133.55
676.44,919.93
677.04,1148.4
684.53,284.46
686.97,719.05
687.81,773.91
687.03,204
685.02,1068.4
686.43,669.42
695.83,133.82
698.25,154.61
694.31,525.36
698.34,976.88
697,566.83
700.53,686.85
715.59,551.31
705.03,746.7
700,313.5
702.28,1162.4
702.51,85.679
709.36,419.01
701.14,1104.5
703.33,482.69
710.56,818.14
711.58,194.42
717.2,475.91
717.69,843.45
717.8,453.96
719.29,381.19
719.96,624.11
718.03,722.91
723.05,742.46
721.44,1227.1
725.09,712.6
725.74,17.54
728,1157.4
729,461
732.71,1108.7
738.64,198.75
738.24,519.59
738.61,111.84
734.42,162.11
738.38,32.266
739.24,691.26
742.96,286.12
743.32,850.04
742.88,326.26
743.66,1162.5
747.38,912.76
745,1132
749.52,580.41
751.74,936.14
756.45,521.64
757.35,185.44
757.96,121.62
756.5,324
760.03,149.71
758.59,615.07
765.39,686.65
760.93,875.44
760.33,315
770.52,542.52
768.26,1089
767.07,1108.7
773.22,130.04
775.98,378.19
771.91,942.95
780.7,1144.8
785.82,482.33
783.06,792.3
791.39,235.64
788.64,1108.9
787.37,292.35
792.5,1210
796.47,1042.2
795.08,649.08
795.7,841.78
796.15,30.371
797.72,1092
797.86,1199.1
805.98,1210.3
810.68,1079.9
814.83,328.86
817.2,948.53
826.64,913.1
816.96,968.67
820.21,634.92
817.03,925.91
818.52,1149.7
827.77,278.89
822.68,392.56
830.02,713.8
829.6,100.04
835.91,947.56
836.71,224.65
835.47,1034.9
836.56,1056.3
839.42,366.32
842.52,1011.8
848.67,802.04
845.52,277.46
847.95,971.13
846.4,1136.4
854.31,775.25
855.08,640.21
854.05,828.95
859.62,1158.1
857.8,609.24
860.14,92.713
860.39,979.9
872.88,271.5
872.32,138.73
875.24,625.96
874.95,794.98
873.38,1049
880.24,1191.2
879.26,121
884.58,84.823
883.1,1089.9
894.35,574.49
893.75,521.85
902.92,475.87
903.93,895.68
905.91,981.78
905,538
908.88,281.95
914.07,194.39
912.55,557.32
917.13,1024.3
918.86,689.78
919.09,1228.5
925,459.37
926.1,147.57
924.5,1200
929.93,1107.7
935.21,39.233
932.74,1168.4
936.69,540.39
938.43,364.21
938.42,1009.5
942.81,421.61
944.8,207.02
941,374
952.41,725.58
948.57,181.39
947,598
952.22,399.47
952.46,518.15
951.4,1180.4
960.04,310.81
956.62,385.21
954.59,1007.1
957.93,921.62
955.5,1175.5
961.51,1152.6
961.26,1231.5
965.1,412.16
967.01,328.34
968.67,397.64
971.56,1067.5
967.5,1110.4
970.46,971.51
969.42,1038.1
975.46,161.85
973.67,630.17
972.91,907.09
978.82,670.76
987.25,342.21
990.17,1227.9
989.53,650.94
1012.4,1221.3
1008.5,1118.2
1011.2,443.71
1011.8,335.11
1018.5,177.91
1012.5,1058
1014.6,1242.2
1015.3,268.36
1018.5,862
1019.5,501.2
1018.4,547
1020.6,897.68
1018.2,773
1021.6,1128.4
1024.4,308.38
1030.5,290.09
1037.2,532
1034.8,1044.5
1033.2,383.21
1037.6,926.89
1039.1,1074.8
1039.1,46.585
1035.5,807
1040.4,267.77
1038.1,1112.4
1043.1,743.58
1047.6,605.34
1051.1,1180.9
1065.5,595.5
1070.6,907.61
1079.3,185.72
1076.2,814.21
1080.6,1042.4
1086.6,950.12
1085.6,55.755
1087.5,670.18
1087.3,133.79
1093,202.29
1093,98.345
1096.9,535.62
1096.5,1052
1101.8,25.823
1107.6,864.05
1103.4,292.37
1109,598.5
1108.9,333.85
1109.4,1245.6
1114,412.44
1120.6,261.69
1125.5,318.39
1124.3,1103.6
1123.3,818.1
1127.1,279.11
1129.7,31.836
1132.8,603.12
1132.6,202.65
1133.5,730.5
1139.8,1221.2
1139.7,180.35
1148.8,802.17
1143,1007.3
1144.5,709
1151.3,32.414
1150.1,143.38
1153.3,1069.4
1151.8,817.56
1158.4,218.03
1158.8,723.44
1162.8,547.3
1164.5,520.14
1170.8,1001.3
1181.1,1240
1177.4,452.68
1181.1,1172.9
1189,371.57
1190.1,954.49
1186.1,44.067
1190.9,160.59
1191.9,446.53
1199.4,535.29
1198.5,1118.7
1200.1,504.27
1208.9,743.34
1204.1,266.95
1204.6,96.97
1209.5,377.5
1216.7,1083.4
1215.5,825.61
1215,882.41
1216.8,1171.7
1218.8,13.773
1217.4,712
1218.5,161.33
1219.6,643.54
1224.6,41.239
1225.3,372.98
1224,442.45
1224.2,1116.9
1228.6,901.96
1229.7,1034.4
1232,608.06
1236.4,455.74
1241.1,968.64
1246.1,832.26
