4.7629,248.36
1.8947,415
3.9057,626.87
3.2632,766.13
10.458,1126.6
7.1989,1164
3.4468,1220.9
12.786,351.44
14.188,1024.6
10.773,2.7727
13.34,812.9
13.886,48.455
13,605.5
16.387,69.565
20.452,861.28
22.426,946.1
30.333,349.59
28.552,197.69
32.605,257.5
31.062,1027.2
31.062,1226.9
34.077,1141.6
36.292,1072.3
38.93,557.7
36.746,800.37
37.865,1095.7
37.579,744.89
41.88,828.93
41.339,136.8
41.407,941.07
47.141,178.8
45,852.5
52.637,934.14
54.5,1060.5
62.259,33.679
59.692,231.54
64.068,507.06
63.582,1081.9
66.978,708.29
68.318,970.8
69.929,441.58
67.5,586.5
67.895,778.42
73.571,295.08
71.887,149.48
71,961.8
78.1,215.93
82,365
84.2,1245.9
89.345,739.17
91.1,1093
90.576,413.42
91,241
95.389,1214.1
101,959
110.78,194.9
116.66,628.07
120.5,376.5
124.07,711.02
124.91,1042.8
133.18,495.5
134.06,470.69
141,252.5
140.93,938.41
144.32,836.81
147.85,582.83
150.33,1241.6
153.19,1220.6
159,66.5
162.09,731.73
161.7,439.82
164.39,188.56
162.69,501.83
163.89,1085.7
168.24,589.21
166.09,341.71
167.92,1069.4
171.47,815.31
174.87,2.3333
178,1067.4
186.45,944.21
186.96,651.72
188.79,493.38
194.96,455.29
204.31,677.1
199.5,202
204.06,508.85
206.92,153.08
214.09,853.94
218.78,266.44
223.03,1146.3
224.75,1185.5
233.91,853.09
237.22,161.38
241.33,1138.2
241.42,23.895
246.8,242.37
253.07,525.59
252.91,639.91
256.17,755
261.1,16.023
263.71,435.65
267,155.85
275.55,510.14
275.17,1111.4
272.11,570.31
272,182.5
273.12,992.83
275.62,1132.8
277.89,1062.4
278.21,351.23
281.74,497.09
280.84,879.48
282.12,851.1
282.66,695.54
284.48,818.95
285.56,1085.8
283.94,742.91
289.44,588.77
289.3,959.36
291.25,308.33
290.5,362
293.07,1241.5
296.76,340.16
304.42,1223.7
312.51,601.74
313.1,882.04
312.05,1026.5
315.48,1238
317.68,31.051
319.6,52.96
321.36,917.14
320,448
320.2,468.56
326.76,489.96
324.87,712.72
336.69,383.13
333.44,1012.6
337.05,224.59
337.19,1091.5
335.5,618.64
338.34,722.11
337,1166.8
345.54,930.23
347.08,451.54
348.82,1153
353.86,1244.2
358.88,793.4
358.48,390.1
358.55,1105.7
363.19,1073.4
361.78,755.09
364.3,466.49
362.57,1175.5
369.26,182.95
368.38,1197.3
368.95,127.05
372.13,1146.2
371.59,1004.4
377.07,281.56
384.22,552.17
383.71,635.29
388.74,438
391.66,1200.5
390.42,256.55
394.21,841.47
400.41,638.26
412.2,591.07
410.51,1236.8
414.29,193.05
420.81,79.182
426.45,1244.6
429.92,610.08
431.2,391.44
438.31,160.92
436.79,11.731
437.58,767.89
442.07,358
443.54,432.89
444.53,341.45
442,830.5
446.06,115.59
445.04,541.08
448.19,813.07
445.16,849.31
453.54,672.4
448.89,720.63
457,615
457.5,1087
464.5,105.39
469.71,393.61
471.4,524.78
480.22,1181.3
479.94,419.7
480.58,704.11
483.57,924.93
482.23,280.77
482.5,880
484.79,217.8
493.73,572.62
488.58,528.45
491.59,959.41
493.18,899.6
494.41,1088.9
494.44,618.54
498.04,330.58
502.74,500
507.17,604.63
501.58,1202.1
510.31,550.35
506.38,755.35
509.54,661.85
514.04,705.43
519,821
529.2,218.42
532.6,289.89
545.17,358.02
541.91,35.509
542.06,588.73
541.07,833.1
540.93,210.59
545.43,1083.7
551.66,383.55
549.93,531.41
551,99.826
554.45,305.42
563.3,522.58
564.92,798.44
565.01,173.27
563.24,728.93
566.45,1222.3
568.58,254.61
586.61,1096.4
584.83,1042.9
587.93,506.12
584.5,573
596.95,568.91
596.73,62.867
600.15,129.6
601.36,72.62
604.67,714.24
607.25,428.98
605.01,855.31
607.05,909.15
609.5,782
614.82,1183.8
616.5,958
619.98,183.29
628.44,330.44
628.73,738.3
624.4,983.4
634.45,112.24
628.24,235.1
628.48,808.66
630.86,1173.9
631.7,172.5
631.67,1081.5
637.7,1040.5
638.49,1128.5
638.83,646.89
640.65,1015.4
646.45,703.18
646.33,1233.9
650.53,363.2
648.93,583.39
654.04,1188.3
658.23,767.93
656,248.5
660.39,965.86
658.14,1127.9
660.5,196.5
660.37,231.03
660.55,265.06
661,830.5
666.73,361.66
672.47,304.55
671.26,1241.9
670.3,1153.9
675.83,378.4
685.8,454.17
684.14,494.39
689.68,704.05
685.47,884.58
687.6,839.02
689.23,267.22
687.25,547.05
689.15,1114.8
688.33,674.33
689.29,350.25
694.78,1200.6
693.42,1141.4
692,738.68
691.6,1008.6
694.61,164
694.59,239.93
698.05,55.052
705.56,617.54
704.5,437
705.58,202.89
710.84,343.67
707,539.5
706.42,920.89
708.94,952.06
709.54,294.08
709,1130.5
710.5,141.5
718.22,632.19
716.5,242.12
722.32,114.07
722,944.5
725.02,648.47
728.45,51.564
731.84,1191.9
735.64,682.25
736.71,479.33
739,67.14
740.87,933.13
742.27,260.27
751,697.5
758.9,708.7
755.91,171.09
760.46,14.286
761.73,657.39
760.83,572
762,859.75
769.19,1125.9
772.14,488.14
774.48,532.51
775.87,622.98
774.55,100.42
777.09,1154.9
779.31,278.04
778.32,978.35
777,811.32
784.78,204.37
779.9,866.31
783.68,1020
785.92,626.08
789.41,880.39
792.09,184.52
792.69,611.91
799.93,109.91
800.23,759.09
801.44,637.58
806.85,518.64
811.54,29.794
811.1,983.57
811.63,865.95
815.36,297.39
817.93,1135.6
822.49,512.37
821.56,529.45
822.52,65.288
824.65,124.73
825.48,1155.9
825.98,662.46
828.76,1017.8
833.87,1080.1
837.86,917.39
842.44,739.04
851.01,942.56
852.91,959.17
848.91,1031.1
849.37,1097.4
851.5,271.4
855.11,550.43
853.59,619.42
858.35,73.329
861.19,353.03
865.99,644.5
862.71,964.55
862.86,1094.1
865.82,250.61
867,606.78
869.64,946.61
869.64,19.106
871.38,916.54
872.53,1080.2
875.81,629.59
875.73,1063.2
886.66,288.02
881.48,253.62
883.94,232.98
885.64,681.41
886.62,177.34
897.2,399.13
898.06,1041.6
900.21,413.15
903.61,776.45
905.8,1227.4
907.6,1135.6
912.47,743.65
912.4,532.38
913.93,835.19
917.43,1243.1
917.36,980.67
921,14.5
920.4,171.6
923.13,687.31
924.47,546.84
922.5,1180
927.86,1105
929.4,1001.2
927.27,1246.2
930.95,477.87
933.98,791.94
937.6,366.92
946.75,2.25
949.65,1131.1
948.35,38.558
953.29,134.86
953.36,903.71
951.97,198.8
950.87,531.97
953.17,266
959.88,619.12
963.39,79.139
966.86,783
964.5,354.12
965.44,855.2
969.48,10.979
971.51,281.5
980.34,69.057
982.94,84.603
984.29,915.55
988.54,505.57
989,1240.5
993.11,197.18
991.42,4.1053
994.14,968.14
994,451.32
1001.7,1150.2
1002.6,392.32
1002.4,31.059
1006.4,336.41
1009.9,622.34
1011.4,1237.8
1015.9,224.31
1014.2,434.11
1015.8,81.822
1013.9,299.91
1015.6,561.11
1019.5,706
1021.3,776.29
1023.6,1022.4
1022.9,1190.9
1027.1,1162.9
1030.5,316.15
1033.9,958.11
1034,1138.2
1034.6,344.42
1034.7,821.2
1038.9,1036.1
1040.1,155.91
1040.8,243
1046,1025.5
1050.8,119.62
1056.9,821.5
1057.5,1160.3
1057.4,1241.1
1061.1,426.28
1062.3,592.56
1060.3,1106
1069.2,94
1070,122.5
1074.9,565.56
1076.6,963.01
1084.5,4.1316
1085.4,325.6
1089.2,82.152
1091.7,210.01
1092.5,815.06
1094.8,518.02
1097.5,1210
1101,340.85
1097.9,904.09
1102.5,204.92
1107.2,1033.3
1107.8,714.63
1112.2,782.81
1117.6,559.31
1120,1184.2
1121.9,673.55
1121,715
1130.6,97.979
1129.7,616.91
1129.3,1192
1130.2,410.43
1137.5,765.7
1132.4,795.87
1130.6,25.895
1137.8,422.81
1134.5,863.76
1136,823.74
1138.1,149.73
1135.6,876.66
1138.9,77.092
1142.3,838.98
1143.1,954.91
1148.1,1239.1
1148,1074.4
1153.5,904.55
1150,667.09
1155.8,995.29
1157.6,807.74
1158.1,130.4
1158,624.23
1162.5,703.47
1161.6,518.94
1167.3,538.89
1167.4,659.41
1171.1,124.55
1178.7,601.82
1183,189.16
1188,667.23
1198,908.74
1196.9,862.4
1197.2,330
1196.9,1212.7
1200,1008.5
1204.3,246.97
1205.1,739.56
1204.6,689.38
1202.9,751.42
1207.3,535.12
1211.4,617.5
1217.3,38.38
1217,709.99
1219,841.44
1220.5,1146.9
1221.5,874
1231.6,42.255
1238.5,692.55
1241.6,241.34
1243,628.77
1240.9,555.59
1244.5,124.49
1244.9,80.091
