2.8,4.2286
6.4403,213.35
5.4737,232.38
3.0145,402.86
8.424,449.67
22.488,531.54
4.6628,545.63
4.6417,581.51
9.5651,860.8
5.1983,1124.2
8.4054,1071.5
12.744,688.87
13.219,1105
11.161,1058.2
16.949,351.36
13.519,953.42
14.133,387.67
18.414,614.38
15.2,935.8
21.789,1127.9
21.437,282.94
27.188,745.86
29.485,148.23
30.659,640.42
26.951,64.049
33.731,695.08
28,438
31.393,601.89
36.043,257.34
34.953,1146.2
38.11,286.79
37.752,579.56
35.5,628.5
41.574,312.33
46.945,903.22
41,525
49.648,1161.8
52.024,113.62
50.694,337.82
52.364,779.02
70.543,678.56
55.51,135.39
53.935,298.93
62.417,351.1
61.6,336.6
70.867,1074.7
73.41,386.37
77.514,84.843
77.544,411.06
76.118,322.13
85.269,722.14
79.754,689.75
80.873,949.95
80.909,4.0909
87.398,829.35
90.411,936.5
90,1115.1
98,67.522
95.022,616.07
97.321,131
97.324,895.95
99.138,736.66
98,1052
99.636,699.68
104.06,366.31
104,56
125.09,228.47
115.77,670.28
114.4,458.17
119.36,495.69
130.27,702.59
122.08,927.07
115.37,150.63
133.63,438.84
125.54,609.47
137.29,339.54
132.5,33.5
136,504.59
142.61,4.1429
141.44,613.1
143.44,124.95
145.75,1113
139.5,159.36
142.67,1157.5
142.66,677.92
151.14,176.52
146.73,188.91
149.4,730.26
148.07,818.93
151.38,556.88
150.44,145.58
160.99,781.32
158.5,33.549
165.59,670.95
164.75,313.35
158.45,250.47
162.46,599.56
168.73,1033.6
166.22,288.76
165.96,973.78
168.03,543.79
169.1,707.12
173.37,68.09
169.23,102.6
168.47,395.26
183.84,798.98
189.16,1227.2
196.09,1002.2
185,1098.6
186.07,484.77
190.67,140.87
191.02,173.94
200.66,278.55
196.17,325.57
196.92,376.52
205,186.79
198.5,920.5
200,390
203.78,969.25
210.51,1093
210.22,1243.1
215.63,163.16
223.31,39.855
225.92,233.1
224.55,409.62
223,216.5
227.25,463.5
233.92,1050
225,502.5
227.62,12
228.5,179
235.21,297.2
239.13,1138.9
238.63,938.76
234.14,520.86
236.7,258.74
243.3,821.88
249.05,1068.8
241.61,1213.6
242.86,1027.2
242.56,727.73
247.71,887.09
252.91,864.3
250.19,126.71
250.57,694.61
252.89,981.2
254.44,1202.9
258.41,100.29
256.42,908.05
254.5,687
269.43,618.26
262.95,1011
257,1092
262.14,42.349
270.86,434
262.1,740.76
260.86,932.86
263,558.26
270.95,338.1
267.73,1182.6
268.79,361.6
265.62,1164.6
269.43,1246.1
273.93,76.787
272.44,765.8
279.94,180.05
281.22,591.71
283.12,568.33
281.5,586.5
284.73,681.41
283.2,708.56
284.07,894.17
285.84,128.26
285.4,1111.6
285.17,519.13
295.92,326.38
292.71,996.55
298.64,574.4
296.58,65.615
302.94,1082.5
303.48,347.78
308.89,822.72
308.18,1216
307.86,896.93
309.96,706.93
310.98,141.52
322.01,936.72
324.07,318.5
319.59,199.52
324.8,700.63
321.05,69.571
325.26,628.94
324.09,1028.8
323.14,485.28
325.93,543.33
327.67,1116.2
327.05,251.7
332.51,113.9
332.2,663.92
332,1143.5
335.26,2.5641
340.08,50.578
337.5,103.5
343.8,965.19
343.9,1073.5
347.87,729.78
348.65,1147.4
349.09,250.06
349.96,575.41
356.82,1028.8
356.46,849.54
358.99,284.36
361.86,394.09
358.88,625.5
357.5,1175.5
366.52,1242.1
357.86,437.83
366.15,319.07
364.85,356.78
362.5,552
370.8,76.48
366.65,1033.9
374.87,1180.2
375.85,421.88
373.45,800.49
373.31,681.89
379.58,383.47
376.67,1064.2
377.05,135.57
380.21,826.19
379.08,1195.5
382.73,115.31
381.7,968.93
383.73,57.323
393.77,187.23
386.27,10.625
382.8,770.56
387.87,661.91
393.44,786.38
394.35,39.136
391.5,290.62
394.79,864.41
392.44,972.92
406.91,1032.6
397.53,1081.3
400.16,914.7
398.22,261.05
400.41,229.58
404.93,1104
404.72,135.22
406.68,387.27
408.31,413.33
414.29,489.96
410.28,1150.5
411.87,64.197
408.5,802.5
409,168
411.39,530.43
417.48,768.87
414.09,284.91
420.07,1162.8
423.18,119.83
435.98,1091.9
429.12,139.48
434.64,187.63
424.93,1033.6
429.31,42.64
433.49,974.99
432.76,1236.6
434.24,690
444.09,291.91
438.7,495.13
438.07,1023.2
441.78,222.81
438.88,877.88
437.93,1158.6
443,1112.7
447.44,599.03
447.18,208.23
445.68,611.64
451.68,1180.8
448.79,79.73
449.42,1049.9
455.55,161.38
458.72,46.188
459.15,344.37
457.6,114.17
460.73,401.53
460.42,819.66
458,369.67
461.02,439.1
464.13,204.04
463.16,16.773
469.29,69.824
467.36,458.4
472.12,147.67
478.64,296.42
477.18,1087.2
478.57,46.957
478.89,943
480.34,851.15
484.43,388.71
481.56,434.2
485.07,1208.7
489.61,861.87
484.55,971.71
486.44,1132.1
485.44,834.59
489.77,1098.1
495.85,1224.8
495.68,151.32
498.34,578.12
493.7,71.078
493.61,1116.6
494.91,728.75
502.32,15.872
501.37,1126.1
504.5,1207
508.7,180.13
503.49,84
507.19,403.61
512.14,855.71
512.57,1089.2
514.42,1128.3
515.51,1236.5
517.68,254.24
521.38,540.6
522.56,421.7
524.98,19.613
525.24,158.52
528.76,780.82
533.33,79.694
547.31,502.31
533.88,824.33
543.46,957.37
541.18,1229.4
538.05,382.21
547.63,291.62
534.62,745.69
547.37,758.27
537.34,1090.4
542.95,1154.6
544.3,808.2
544.45,1137.1
547.62,347.89
573.36,18.388
555.09,805.06
557.66,89.316
561.23,403.51
557.77,1243.1
563.58,1162.2
560.58,1218.4
571.83,107.73
565.93,899.09
562.48,573.6
574.58,854.77
563.5,784.5
564.75,1024.9
568,690
570.57,941.24
570.41,800.07
575.21,519.56
581.11,714.95
577.41,1101.7
586.82,438.29
578.75,262
579.85,553.19
582.18,573.28
578.36,879.68
578.5,1016
582.68,1159.5
583.1,346.68
588.87,767.03
586.06,292.87
585.86,1131.9
591.26,175.21
591,938.5
593.3,536.97
598.64,308.88
597.56,1157
602.29,125.34
597.31,562.27
605.4,220.32
603.06,1244.9
600.17,519.71
607.97,356.73
603.33,1218.6
603,574.5
639.73,36.671
607.96,1191.4
606.4,1102
612.41,255.98
608.48,9.6296
623.81,407.88
611.35,78.137
612.42,613.92
614.95,100.78
615.84,898.41
614.85,688.87
617.5,880.5
619.35,1110.2
619.92,1175.5
627.1,782.71
633.85,1030.9
628.35,289.82
628.27,464.52
628.35,552.55
631.1,863.25
631.99,91.412
630.49,1071.7
638.1,252.51
638.25,701.45
638.66,1173.7
640.09,309.54
637.65,725.59
636.07,125.59
638.7,474.5
639.83,277.15
639.5,47.5
642.12,351.65
647.72,866.67
654.99,120.48
645.5,484
645.5,93
649.7,421.39
646.57,1058.6
651.74,843.55
651.92,447.23
652.91,1174.8
659.33,708.67
656.38,197.31
658.31,88.127
660.91,1075.1
669.1,779.37
667.5,159.5
688.06,61.268
686.15,827.9
676.92,367.13
677.92,384.73
696.49,20.916
680.64,1145.6
686.73,1079.8
682.53,881.36
685.15,1245.3
687.36,703.5
686.69,746
687,770
686.07,990.41
690.85,1028.4
689.89,510.52
692.47,177.16
691.92,1217.6
695.5,1047.2
695.54,412.19
695.9,858.06
705.42,681.2
699.06,721.3
751.87,65.06
699.54,194.92
707.59,505.58
703.63,311.73
712.21,1147.8
723.49,1009.3
716.68,575.17
709.5,935.5
720.42,966.09
715.08,1172.6
744.61,909.31
718.58,249.55
722.81,1098.5
728.1,857.53
721.87,707.49
727.78,309.88
733.49,1037
730.57,952.59
727.86,1165.1
735.15,495.78
733.6,945.4
737.68,5.92
744.21,236.72
745.75,1224.8
745.03,701.86
741.16,1061.9
741.58,1146.7
744.61,447.5
746.44,1074.6
767.59,1111.1
747.49,153.44
751.54,1179
750.78,737.44
770.85,1013.9
754.51,1038.3
762,1064.1
757.63,1160
756.26,939.18
756.51,767.09
760.81,986.94
758.73,970.29
760.51,280.18
766.58,851.8
760.5,779.5
765.85,1243.9
764.53,318.34
780.51,944.3
873.16,1129.5
781.71,970.27
783.34,289.34
783.65,653.87
780.72,120.79
784.95,620.82
784.67,808.79
789.89,1238.4
779.5,136.5
779,1108
783.87,1218
782.5,255.5
785.9,561.8
786.92,1055.1
784.89,354.58
785.5,377.5
790.59,768.69
789.14,536.14
792.65,907.6
809.24,1054.3
802.14,724.57
796.71,1013.4
802.82,13.785
803.2,528.59
900.28,998.03
804.42,1189.2
811.59,4.4857
806.47,313.93
805.78,910.02
807.39,85.667
804.86,280.61
805.41,99.074
838.87,1195.9
811.28,1175.7
813.64,1027
816.2,562.31
817.68,487.18
816.8,1246.7
822.86,940.38
823.75,133.91
819.42,86.895
822.96,779.12
823.25,819.44
824.85,653.89
842.15,1077.7
837,895.78
828.67,691.77
837.43,474.6
835.25,8.7642
839.83,663.83
837.43,1023.3
841.64,32.782
844.38,705.42
844.13,79.841
844.53,399.54
846.65,742.8
850.86,913.3
853.07,490.52
849.05,1155.3
854.78,504.01
854.91,1246.4
853.09,284.91
857.09,830.06
862.86,1155.9
860,58.5
871.5,1086.5
863.05,455.09
864.44,667.08
865,709.21
866.94,892.66
866.17,29.13
882.59,59.239
869.24,654.6
877.01,495.51
881.11,1235
878.54,261.26
879.63,449.34
880.6,1062.1
882.33,296.65
878.97,338.06
876,670.32
889.44,86.411
885.92,24.2
881.29,413.76
890.32,711.67
902.36,600.1
889.08,753.75
898.83,265.85
896.02,688.38
895.86,783.76
897.69,849.84
895.64,1060.9
895.83,1221.3
901.24,443.06
904.48,764.31
904.84,876.05
905.88,145.39
903.21,580.83
908.84,1240.6
916.92,902.33
914.5,177
923,652.23
927.17,536.57
935.42,561.2
931,1189.5
929.22,430.56
933.36,184.99
933.45,625.95
943.55,1226.3
938.54,243.99
937.07,859.04
940.23,129.51
941.23,678.9
942.49,887.15
942.87,609.83
947.76,2.1724
947,548
951.09,839.81
956,1199.8
951.08,1123.2
952,1184
954.65,550
966.53,437.87
993.59,943.18
970.62,1171.6
964.88,849.06
977.88,82.149
968.58,93.872
968.9,607.43
974.04,140.35
970.81,625.28
977.48,365.7
982.16,1123
974.3,962.49
975.33,882.74
979.25,980.53
980.48,476.54
980.4,1038.7
976.5,1102.8
976.13,1148.2
979.39,508.73
982.92,256.64
985.42,854.7
1023.2,1187.6
987.22,164.04
993.17,905.24
989.94,1069.7
994.2,271.98
992.85,1082.9
996.61,368.74
994.71,446.95
998.23,722.61
993,888
1027.2,1001.9
995.7,1168.2
996.29,393.86
998.15,882.62
997.39,18.421
1000.6,559.7
1000.2,786.81
998.42,821.58
1003,610.54
1024.9,1112.7
1006.8,1231.9
1012.5,125.86
1006.5,385.45
1010,1053.9
1011.7,1086.7
1009.8,267.41
1013.3,274.83
1014.1,992.58
1019.4,694.35
1023.3,14.436
1023.3,182.3
1022.1,788
1025.2,952.42
1028.2,833.14
1033.8,363.59
1030.1,582.2
1040,312.36
1038.3,61.988
1040.2,389.5
1037.8,427.43
1039.4,457.5
1043.5,785.53
1041.9,933.95
1038.7,967.44
1045.9,1046.3
1040.2,1229.5
1046.2,93.997
1042.7,254.39
1047,158.72
1062.7,724.13
1052.8,901
1052.1,194.71
1056.3,506.36
1056.6,1063
1078.1,1013.5
1055,412.88
1063.3,1119.6
1057,1004.4
1056.2,275.81
1061.9,321.8
1061.1,692.51
1061.2,947.35
1063.3,172.12
1063.3,384.36
1061.7,1224
1064.6,357.79
1065.5,595.12
1068.9,1044.8
1069.7,111.26
1066.6,236.78
1069.8,259.63
1077.7,473.01
1076.7,540.41
1075.3,187.17
1075.5,566
1080.3,936.23
1076.4,1213.2
1080.1,250.47
1081.6,662.66
1078.1,1033
1082.9,391
1096.1,379.82
1098.2,431.19
1088.8,875.33
1090.5,692.5
1096,1242.4
1093,640.15
1097.9,297.52
1096.8,670.88
1095.4,957.32
1097.9,1069.7
1099.1,1181.2
1109.7,562.72
1117.1,414.76
1113.9,586.6
1109,609
1115.8,1083.8
1115.7,1178.3
1120,41.408
1115.5,982.86
1134.8,924.04
1119.1,319.24
1118.6,1245.5
1123.2,769.8
1123.2,804.38
1125.6,253.93
1140,1224.8
1134,726.36
1145,316.23
1139.9,26.8
1140.5,1066.4
1142.5,224.22
1146.8,1086.6
1148.6,385.33
1147.9,795.7
1145.8,813.83
1150,1199.8
1150,472
1154.5,459.53
1156,48.569
1163.1,520.08
1164.9,218.46
1158.1,346.58
1161,1093.4
1164.1,59.885
1167.1,842.34
1165,419.3
1172.5,1112.5
1174.2,1230.8
1171.8,238.41
1175.3,921.3
1171.7,1179.1
1174,675
1183,1069.8
1181.7,1245.9
1191.2,479.19
1185.2,1019.1
1188.8,192.46
1190.6,550.22
1193.4,959.56
1193.7,1047.7
1199.4,626.08
1202.9,220.29
1206.7,1242.5
1206.9,188.18
1204.1,520.41
1212.8,755.56
1215.9,548.87
1210.7,435.37
1210.1,1065
1211,169.07
1214.6,498.71
1212,1001.7
1214,442.05
1215.2,591.78
1222.1,1048.7
1223.6,1128.4
1219.3,278.29
1219.6,1229.3
1232.5,890.06
1224.9,338.28
1229,118.36
1230.5,362
1234.4,305.64
1231.4,729.71
1239.8,395.54
1241.3,459.24
1239,263.66
1242.4,192.17
1244,902
1246.8,234.5
1247.2,1171.1
