16.053,805.58
6.3792,1032.1
5.5841,1216.4
7.3944,672.34
13.613,1055.5
10,252.85
9.1429,472
13.861,616.7
13,580
15,520.5
23.336,329.68
27.281,136.39
32.262,1004.7
24.5,1159.5
30.236,679.32
28,358.68
40.897,62.064
41.531,1171.5
50.893,356.69
47.036,1102.2
49.5,345.5
50.62,546.9
53.732,935.61
52.2,168.09
65.726,9.8767
65.788,129.21
66.091,90.909
73.084,199.03
81.658,586.38
77.773,984.23
81.709,914.16
81.644,1172.2
84.432,51.946
90.37,554.38
92.608,680.92
93.519,1088.3
92.535,57.07
105.04,373
103.91,1182
107.17,99.034
105.63,1075.6
108.05,1173.8
117.61,87.182
123.75,489.04
124.21,1079.1
134.4,736.03
132.58,331.89
134,1171.2
139.52,488.51
136.88,596.98
148.79,1148.8
145.66,1042.1
148.38,1231.7
147.34,795.32
149.64,129.56
151.19,237.59
152.85,525.65
156.65,1076.5
157.28,321.84
172.98,968.2
175.74,318
185.24,592.47
181.79,1165
188.05,206.97
190.29,404.89
189.91,445.91
194.5,693.5
200.08,1222.4
198.3,759.5
206.43,620.14
208.1,223.64
207.33,144
211.46,379.03
212.96,495.85
215.72,1219.1
222.75,298.18
227.14,8.1905
242.19,717.09
239.51,2.4615
239.86,1154.5
249.43,1032.4
255.06,18.532
259.53,668.76
263.32,515.17
265.53,585.78
268.31,1124.6
274.29,378.75
269.17,700.09
284.91,56.536
280.32,1117.9
282.6,82.357
285.56,1129.6
288.42,913.45
287,1122.5
289.43,820.05
294.2,582.98
296.68,1083.5
307.29,605.4
310.19,26.88
309.33,114.33
306.59,206.06
313.94,733.39
327.76,26.857
340.53,536.11
338.59,984.71
345.54,1047
347.71,21.844
353.01,89.308
351.43,565.29
383.6,887.4
400.33,384.56
408.93,308.38
409.41,322.5
408.61,463.43
418.28,475.16
417.94,716.85
421.3,620.67
427.02,182.45
431.72,915.61
432.99,1082.6
433,702.17
444.58,1152.9
446,450.18
455.08,461.44
455.5,36
458.08,1016.9
468.97,404.39
469.1,988.1
473.18,813.89
477.96,549.49
483.54,737.47
490.5,153
500.31,569.12
504.56,123.86
507.89,862.02
510.55,419.41
524.66,661.59
573.65,149.36
576.23,455.56
582.97,32.053
581,290
585.46,481.33
592.93,923.59
597.57,864.05
599.5,45
611.47,538.28
612,688
614.49,498.4
618.32,632.78
622.66,843.66
636.9,1124.2
636.24,240.73
640.61,982.39
653.93,445.05
656.24,957.57
660.33,241.16
667.21,7.9307
664,471.5
669.5,1217.5
679.02,436.91
677.5,144.5
680.39,91.139
681.66,219.96
687.4,357.42
694.08,531.92
695.43,499.94
695.86,984.86
704.7,1076.9
714.63,608.37
719,398.34
720.96,959.54
722.88,78.946
724.07,734.47
735.95,1174.9
736.47,321.89
745.65,232.38
750.01,196.64
760.61,537.36
758.05,711.09
765,119
771.87,323.62
784.26,1091.6
783.27,1184.4
787.13,1246.8
792.36,600.24
802.21,82.5
802.73,926.15
806.79,1029
805,1075.8
813.87,876.54
821.95,312.32
824,5.3214
834.95,111.7
834.02,396.58
833.14,848.61
842.71,672.07
848.03,1141.5
852.67,999.54
857.38,793.17
861.73,745.88
860.43,1133.5
866.37,1020.1
866,327.17
874.08,375.27
883.1,875.38
881.06,40.094
884.3,563.12
887.1,427.92
884.86,1097.1
885.58,1128.1
895.54,806.78
899.45,500.2
899.58,586.42
900.75,826
902,144
906.59,603.89
909.48,1092.4
907.46,457.06
905.86,563.14
910,197.27
917.36,511.04
921,1043
924.61,233.32
922.96,556.4
928.75,1092.4
933.14,1067.5
931.66,706.97
936.5,669.5
943.82,39.955
945.11,197.15
951.5,775.64
958.3,405.02
959.54,42.511
956.57,434.39
961.9,364.52
967.91,1052.1
972.29,21.452
971.5,408.5
980.56,198.41
990.99,67.494
989,1120.5
993.34,332.36
995.17,660.81
998.54,1151.3
1001,787.58
1003.4,745.02
1006,1203.6
1015.5,792.5
1034.2,234.02
1035.8,834.56
1047.9,647.57
1047.9,1087.4
1061.9,90.032
1062.6,609.33
1063.1,722.41
1076.5,211.71
1079.4,122.16
1079.2,584
1081.6,970.58
1087.9,726.09
1098.4,817.45
1107.7,1110.7
1114.2,19.645
1116.9,198.08
1117.9,282.12
1122.1,361.92
1119.5,731.34
1128.2,1172.1
1131.8,769.94
1134.8,568.7
1140.1,162.5
1142.5,497.5
1146,1175.2
1166.3,494.94
1169,476.66
1168.9,1077.6
1168.7,1026.7
1171,846.2
1176.9,429.78
1179.2,171.29
1179.9,609.25
1181.2,593.76
1188,403.15
1185.8,962
1190.2,592.16
1190.4,1138.1
1194.2,530.02
1200.5,322.16
1196.3,1119.1
1201.6,438.08
1209.3,1154.6
1212.6,5.6429
1213.6,946.97
1224.1,823.04
1234,210.02
1234.4,365.89
1242.4,385.05
1244.7,594.1
1245,303.83
1246.1,1166
