3.3115,481.69
4.5923,1024
8.5385,710.57
12.859,837.72
16.816,49.495
12,1045
17.22,1066.6
18.296,691.56
20.263,431.21
33.581,968.41
30.843,79.549
31.52,566.02
36.212,180.25
37.645,549.11
41.984,934.64
39.279,149.35
39.395,13.279
40.349,95.558
44.798,296.65
45.679,1017
50.19,133.81
54.62,201.21
52.344,230.38
57.242,258.02
54,877
59.177,918.48
56.353,1247.1
56.952,857.05
58.593,77.074
60.413,1011.3
66.887,872.21
65.149,305.93
65.208,724.6
67.726,479.62
64.344,390.47
68.173,1134.3
64.548,1200.7
68.916,47.756
74.771,1229.9
75.571,1010
83.87,907.56
83.484,993.42
82.586,1067.1
88.152,709.41
93.774,868.93
103.69,249.37
106.46,676.77
107.6,767.18
109.11,175
110.58,1097
114.75,3.1429
123.83,295.19
121.58,658.58
126.27,44.167
124,618.32
130.22,1127.1
125.35,741.13
135.14,373.24
137.04,967.58
135.14,708.42
141.68,791.42
148.96,574.41
145.5,235.24
150.34,871.99
154.02,741.07
149.58,1242.9
158.87,114.03
154.53,933.28
157.56,453.46
163.9,340.44
173.7,455.12
177.83,181.06
179.94,1119.1
177.35,401.5
183.46,203.09
188.6,308.85
182.5,555
192.1,219.42
195.37,809.63
194.15,682.85
209.16,831.54
201.45,493.72
201.88,568.88
204.91,696.94
200.66,284.59
204.07,912.83
215.65,880.99
215.67,104.89
216.92,791.4
227.43,412.09
231.13,346.29
226.17,1020.3
226.68,504
230.03,395.61
234.34,938.76
239.97,681.74
249.3,601.31
252.51,498.46
256.21,835.81
254.77,723.91
264.24,149.93
267.74,624.66
272.9,103.76
282.53,53.037
280.29,130.53
280.45,1155.3
278.38,294
282.19,504.39
283.07,978.59
284.03,1205.7
295.61,1202.4
300.06,606.13
301.54,922.05
307.64,71.645
307.01,178.22
307.7,1133
310.06,740.45
313.19,677.26
314.15,599.46
317.18,294.33
333.63,651.48
334.47,602.41
334.43,723.11
330.42,202.11
331.37,299.73
330.87,555.83
334.71,348.03
335.87,763.04
340.2,692.27
340.56,896.08
350.14,443.57
352.16,220.48
357.97,468.23
354.56,1165.5
355.93,870.93
363.54,1109.9
368.55,655.05
367.07,1233.7
370.56,3.1481
371.41,1025.3
377.5,370
378.5,1227.1
387.65,1003.1
388.63,174.56
386.59,742.62
391.7,356.4
389.75,269.88
390.93,1137.9
395.76,1231
397.09,375.12
398.81,720
399.61,1154.2
402.09,1177.3
400.08,243.08
400.94,834.57
413.58,400.43
415.65,1245.9
421.42,297.06
428.19,122
440.26,118.3
441.56,134.06
447.82,74.714
451.52,799.67
450.62,719.52
458.73,230.27
459.02,450.5
459.61,1058.7
461.93,88.079
460.5,324.5
466.85,342.45
465.24,1145.3
473.42,157.86
476.86,1171.6
480.87,572.62
480.91,1045.9
487.13,245.93
486.37,308.83
500.9,101.44
497.15,971.25
502.7,847.56
508.5,730.13
508.73,1090.7
518.26,1026.3
522.68,882.25
519.86,146.76
522.62,34.934
521.58,440.89
533.62,450.02
538.07,987.12
541.8,153.47
541.12,50.074
544.69,554.53
543.52,1022.8
544.9,202.49
547.63,851.05
547.48,312.67
546.92,416.44
549.5,880
553.88,1093.8
553.98,1192.5
550.56,1213.1
562.95,146.21
560.04,414.27
564.5,550.5
569.19,253.8
571.48,369.88
571.12,722.78
574.8,811.56
572.85,166.89
573.03,846.17
575.37,570.17
574.54,750.71
582.62,1159.1
584.01,157.79
584.58,337.85
587.17,64.417
587.41,124.96
586.5,1122
589.38,433.28
604.16,1173.7
593.02,600.37
599.76,896.86
600.55,405.76
611.46,479.15
597.93,1226.7
602.86,841.61
608.29,141.02
612.25,528.64
614.74,427.68
613.65,81.731
615.61,1010.1
621.26,1052.7
624.96,373.18
626.15,1202.9
623.88,1211.9
641.35,885.45
636.05,164.1
639.26,271.92
637.42,953.06
641.2,1198.4
644.89,305.51
644.08,426.98
643.29,1056.5
660.86,743.92
661.94,444.66
664.73,349.82
667.73,39.336
668.06,679.76
671.88,1187.2
669.64,854.34
681.02,791.96
690.32,26.773
692.5,1202
698.58,385.14
696.58,265.55
698.37,1185.1
701.94,468.33
707.97,137.28
711.14,1171.4
716.8,1080.4
719.44,92.641
718.59,761.95
718.22,684.44
718.87,925.52
724.52,351.9
731.57,481.01
725,1237.3
732.66,6.1063
735.2,556.12
736.07,1038.9
736.43,1169.7
734.5,637
739.24,712.01
738.74,362
742.36,1124.1
746.62,1063.8
750.09,681.67
745.91,966.09
748.39,1230.1
749.61,352
759.86,101.97
752.14,227.14
753.71,518.71
760.99,264.51
763.11,650.06
764.93,1125.2
763.89,480.67
776.6,891.6
779.87,284.92
781.98,1091.4
778.84,1138.6
783.9,350.99
781.57,1042
791.4,417.63
789.74,600.77
788.56,1028.9
793.45,667.98
791.56,708.92
807.28,915.79
804.7,1015.2
806.93,606.44
805.5,1078.5
810,359
814.31,1053.7
823.04,995.37
822.25,1181.6
822.34,775.26
822.98,1228.8
826.73,130.85
827.65,730.38
824.94,513.31
828.52,357.55
828,22.826
832.78,195.94
844.1,541.67
848.84,39.107
847.69,179.76
852.91,803.83
856.33,605.41
855.52,118.88
861.46,974.05
860.43,1131.1
865.36,627.87
875.1,569.66
865,1043.5
865.6,14.643
874.08,1091.9
873.22,1156.1
873.13,870.76
873.37,295.37
877.39,960.05
881.41,72.074
888.62,392.24
884.49,603.18
885.68,263.51
893.74,715.9
895.9,161.77
895.17,1014.6
898.56,1061.7
903.19,782.81
901.23,203.84
909.19,1007.6
908.7,709.57
905.42,992.85
913.55,478.81
913,922.08
911.92,970.1
914.73,1215.6
918.57,786.98
919.19,4.5155
918.49,202.26
920.41,1019.1
925.62,1230
925.66,843.55
928.64,914.48
923.56,1004.9
929.42,94.746
932,1120
934.58,469.97
940.95,272.93
938.46,20.537
950.42,159.55
948.71,445.28
943,839.23
948.42,716.76
948.72,990.24
948.09,686.53
955.88,506.01
954.09,126.61
954.17,1202
962.37,929.9
960.4,957.62
962.26,1016.9
963.67,859.69
970.66,1120.9
969.43,201.39
976.38,519.58
984.15,698.32
979.13,1097.3
980.36,287.68
982.79,57.4
982.64,1016
984.42,621.35
988.95,85.509
990.15,819.56
992.62,1163.3
993.5,717
999.64,1119.5
996.02,850.93
999.07,1149.1
1003.1,665.1
1003,646.18
1006.6,455.7
1008.1,992.7
1012.5,356.61
1012.7,1238.9
1020.5,1105.7
1016.5,705.58
1022.6,468.11
1019.9,529.46
1023.1,95.273
1027.6,223.89
1029.3,64.643
1030.4,599.86
1033.4,905.45
1045.8,1241.5
1034.6,884.04
1040.8,664.2
1041.9,1088.9
1052.1,770.31
1044.1,1152.4
1043.3,348.45
1046.5,1069.8
1049.6,213.25
1052.5,33.167
1057.2,308.88
1057.3,226.09
1059,901.31
1062.7,934.04
1070.9,407.48
1076.9,1066.3
1072.5,1167
1077.6,159.17
1076,937.33
1083.8,976.54
1097.7,944.91
1096.8,774.95
1099.1,1034.8
1097,68.6
1102.9,343.04
1102.7,1220.5
1104.1,1106.3
1110.9,432.89
1110.4,234.47
1115,1243.3
1113,257.77
1113.6,678.53
1120.2,525.21
1131.7,149.92
1143.9,1096
1149.8,685.87
1148.3,721.03
1160.5,130.7
1156,874
1160.8,377.66
1158,460.36
1162.6,1240.1
1175.9,452.45
1177,1037.6
1181.2,1164.7
1192.7,552.11
1192.8,980.46
1201.3,172.14
1200,1003.2
1206.1,496.88
1206.9,1129.1
1221.5,1092.2
1220.6,46.843
1216.9,539.5
1221.8,523.7
1229.4,2.697
1232,667.43
1237.6,519.2
1240.7,27.086
