9.4725,126.41
1.875,161.12
3.2179,235.69
2.2069,316.07
3.7119,613.86
6.0203,660.19
3.6897,710.67
5.5833,844.07
2.6842,914.44
9.2133,1073.9
7.8681,327.93
13.746,228.87
12.347,288.61
10.656,759.83
10.957,979.29
11.515,1031.5
8.5,407.5
17.514,1127.2
17.306,1214.5
15.92,565.12
18.92,402.55
16.862,730.1
22.583,213.69
22.462,816.68
19.818,63.818
22.815,579.26
31.283,336.06
28.351,1023.2
31.059,702.75
33.112,965.86
36.27,764.52
35.629,948.26
34.571,369.57
37.42,511.17
37.343,1147.2
47.372,273.64
42.639,1060.4
42.833,86.792
41.257,608.31
46.838,450.4
47.632,671.4
51.198,838.67
52.831,1012.2
48.421,938.11
48.759,965.24
50.069,42.586
52.133,1116.6
52.129,9.9677
54.724,987.12
54.611,890.8
60.729,569.64
56.844,950.75
56.794,1130.5
69.871,952.91
64.522,478.3
66.806,884.88
71.766,60.495
69.583,189.23
69.144,12.744
69.429,1058
70.123,1168.5
70.333,87.111
74.686,974.63
72.806,1109.8
74.575,432.25
77.289,1004.6
75.955,460.91
76.074,746.59
78.128,1084.9
81.319,479.64
82.848,218.81
84.468,846.53
87.104,128.04
86.227,60.091
91.467,916.16
90.083,234.06
86.6,1004.6
89.543,522.71
92.211,393.49
98.481,541.83
92.5,1036
100.04,68.271
100.27,11.462
98.586,670.07
103.01,1010
106.76,1113.8
105.45,473.22
106.15,510.42
127.61,686.02
106.72,320.07
106.9,950.98
109.66,387.05
111.6,1071.5
108.93,120.96
111.9,359.4
120.35,19.821
116.61,634.21
114.57,1132.9
117.03,776.65
113.57,66.571
120.51,705.85
124.56,903.8
120.93,339.56
126.49,1154.8
137.24,109.75
130.41,1007.5
135.21,44.202
129.83,1191.4
131.65,826.95
132.72,455.77
130.94,1038
134.84,489.99
132.64,1113.3
138.73,156.55
138.42,580.77
140.7,954.18
140.98,2.6
139.87,415.27
137.11,676.58
154.48,26.97
139.93,186.37
142.58,307.91
146.92,327.61
146.9,553.44
145.34,640.09
145.51,733.73
147.09,1021.5
149.86,178.04
147.29,878.28
151.32,60.162
154.7,970.55
161.26,7.0113
156.33,67
159.86,845.01
158.08,1191.9
162.37,357.3
160.13,1118
161.55,330.52
160.67,767
165.04,1007.7
170.13,624.96
169.17,66.619
172.44,677.67
168.5,710.5
175.01,434.19
174.52,1151.7
176.93,973.73
177.68,919.17
175,1000.2
176.11,1121.2
176.5,756
181.74,562.4
184.29,287.98
187.22,852.65
187.32,618.61
183,1117
189.14,1111.2
198.92,1043.9
194.4,189.67
200.68,111.5
195.99,325.41
205.98,8.1418
196.38,705.38
198,84.5
199.19,1077.1
200.17,937
204.21,1161.2
203.53,521.03
205.49,831.48
204.86,605.14
208.04,565.73
211.75,700.28
207.43,301.61
215.7,159.52
212.66,998.25
214.96,70.071
217.76,1066.3
222.58,23.257
213.79,982.12
213.5,1237
215.48,494.4
217.52,510.6
224.01,313.08
222.58,753.84
219.08,292.67
220.42,94.895
221.5,617.87
229.42,254.98
230.28,637.97
229.68,1038.1
233.31,332.8
233.91,931.69
234.45,503.73
235.24,697.16
232.14,912.2
238.37,418.99
238.24,608.19
239.34,183.1
242.04,809.56
244.76,997.9
247.17,1051.2
243.58,224.5
248.71,760.96
244.47,785.85
248.22,308.07
246.95,972.37
251.21,1120.6
250.05,428.43
255.03,1243.8
249.58,581.89
250.89,1160.7
254.06,1219.9
254.5,33
256,329.74
261.55,1074.4
260.9,204.33
263.02,881.96
260.85,53.462
278.69,569.08
269.42,263.17
268.7,732
268.5,1191
273.17,540.45
274.8,1116.9
271.1,1174.1
273.65,193.15
276.29,1016.4
276.29,695.8
275.54,1076.4
278.21,20.078
282.6,85.742
280.58,842.54
282.81,505.58
284.24,784.12
295.4,300.99
286.98,1154.2
290.68,239.44
295.64,608.13
289.33,1072
291.43,481.09
298.5,331.46
297.37,846.31
301.32,16.182
308.19,681.89
302.8,413.53
303.36,450.53
299.79,1181.4
301.64,540.5
302.6,1146.4
305.07,186.59
307.5,387.77
313.11,871.94
309.13,895.25
314.13,207.51
317.34,837.03
323.36,1013.7
315.6,305.88
318.49,246.31
324.86,514.55
323.83,582.74
323.34,666.13
327.3,1060.5
324.42,408.45
326.5,444.5
332.21,423.61
331.58,869.31
332.54,126.2
332,2.6552
337.06,400.43
338.44,462.51
339.3,1140.9
337.96,721.96
340.88,482.18
341.02,933.3
339.18,79.426
341.69,742.11
346.47,1095
346.5,184.5
344.62,881
349.42,565.4
348.85,760.15
357.48,1171
351.86,1228.4
353.83,404.12
354.9,955.53
360,519.5
363.04,1057.6
361.6,1199.9
362,306
368.04,753.32
364.49,46.722
370.55,777.56
375.22,884.36
369.46,960.62
369,792.5
372.37,1139.4
372.04,1244
382.49,1109.3
376,1230.5
380.72,11.772
379.99,982.38
377.6,1074
383.58,830.12
383.27,281.09
383.65,794.2
383.03,949.99
381.87,401.17
391.61,205.25
389.27,96.125
387,589.09
388.38,1241.9
387.42,309.83
388.71,1145.8
388.23,759.15
390.62,505.22
396.21,1123.5
390,290
396.12,574.54
394.71,893.17
393.58,744.89
404.94,1100.9
401.97,1236.7
401.17,544.87
397,843
401.46,960.78
405.83,245.96
404.25,94.444
409.46,275.16
409.06,290.71
410.85,442.36
409.86,940.1
410,1245.5
419.48,344
417.81,475.62
416.69,902.29
418.27,1016.9
420.49,413.47
425.11,595.05
420,3
422.12,524.81
426.45,57.078
427.01,749.34
423.59,1131.3
422.9,1164.8
427.86,702.05
436.08,161.15
431.32,1087.9
434.89,322.18
433.69,1212.4
434.31,725.73
438.26,816.39
437.42,515.02
436.29,625.71
445.28,668.54
442.73,908.15
444.76,929.46
447.15,994.62
448.18,799.17
452.41,881.29
453.73,346.46
449.91,532.91
450.06,747.59
457.65,1174.7
458.16,140.37
455.61,952.16
458.6,186.54
469.47,790.57
460.92,1216.5
464.22,405.03
471.78,1017.6
464.62,385.29
466.37,605.1
467.47,1245.8
470.4,504.51
476.99,227.46
471.98,478.7
475.06,1136.9
473.9,146.82
473.66,1101.1
491.01,846.43
480.04,933.49
484.74,301.6
483.62,435.35
482.63,1164.4
536.63,514.11
483.71,622.55
485.87,987.99
489.79,967.12
491.22,172.27
488.28,661.6
488.36,391.5
491.84,229.6
493.11,90.875
497.27,1022.9
497.03,270.58
496.63,893.04
496.38,1080.9
498.4,1097.7
495.31,618.27
500.98,819.45
506.44,190.92
502.41,1226.8
503.68,1123.2
514.25,324.46
506.21,392.5
509.45,1150.2
511.33,673.74
508.42,734.89
513.08,1173.6
515.78,629.76
519.59,852.25
521.97,1232.5
519.86,990.68
529.16,1064.4
518.93,431.15
525.23,807.27
522,824
524.41,876.9
524.2,250.2
527.77,383.12
527.87,930.23
531.35,1196.2
534.7,280.14
533.59,1004.4
535.41,21.059
541.63,1222.2
544.34,625.11
538.79,1082.6
544.31,686.56
539.78,349.67
542.68,572.8
548.68,871.95
580.15,355.07
553.56,336.67
549.65,438.13
548.29,743.84
549.93,48.331
547.5,1077.5
550.41,1029.6
553.53,4.6833
553.19,560.74
563.85,1079.4
561.69,1124.4
561.88,789.51
558.6,18.912
566.18,64.14
556,478
565.37,1012
563.14,1193.6
563.27,477.93
567.64,99.307
574.93,672.69
569.2,385.09
575.81,1144.6
578.34,565.26
577.3,744.99
579.89,766.19
593.2,408.6
584.22,1058.3
578.07,1071.6
580.27,1190.2
593.17,1246.7
591.64,506.49
593.85,1101.8
591.62,89.857
607.11,1219.4
595.43,523.92
599.16,147.08
598.87,902.75
599.68,320.14
600.59,934
601.34,1191.3
601.08,1005.6
605.18,693.03
603.57,854.83
606.42,303.84
607.07,56.857
606.28,1062
610.38,986.58
614.69,375.95
615.93,89.642
612.66,869.25
614.64,543.44
617.02,46.126
633.28,113.11
616.62,487.33
620.5,918.5
623.55,964.06
626.84,459.61
632.63,788.33
632.47,760.66
640.14,153.34
633.7,378.21
635.5,873.45
638.72,948.72
639,187.5
646.68,616
639.42,750.89
644.13,436.35
647,1189.7
649.84,1036.2
648.81,993.79
653.77,1222.3
656.97,1246.3
651.95,12.182
660.58,826.58
659.3,370.83
667.75,918.46
672.49,1079.1
663.8,567.97
666.08,213.87
665.41,520.02
669.28,892.38
673.63,594.01
674.59,32.288
677.98,6.4742
673,686
673.04,1204.6
675.67,21
682.03,79.984
682.49,99.43
685.92,1046.1
687.92,208.48
687.84,1138.7
690.76,1207.8
694.45,972.59
695.16,168.29
697.03,783.16
697.7,1011.2
695.06,1168.9
699.15,113.64
697.09,519.09
701.82,652.34
698.94,845.17
697.3,1231.7
701.58,908.07
700.5,246
706.07,506.31
705.17,742.87
708.5,223.45
704.98,446.87
712.43,423.85
710.53,188.75
713.6,256.88
712.03,1104.8
709.92,957.08
721.42,80.255
713.88,1140
718.1,1054
718.75,865.52
718.95,1022.1
725.61,909.82
732.1,297.03
722.38,1121.6
722.14,11.92
733.16,258.85
730.82,974.95
728.91,445.91
732.2,1125.9
741.95,1230.2
734.27,32.942
739.91,1031.6
736.34,469.38
738.78,955.59
739.43,542.43
743.07,554.53
745.13,1186.3
748.71,84.857
759.53,1152.7
747.36,29.5
756,926.4
763.41,1005.9
752.38,221.06
754.12,7.8649
759.04,985.77
765.42,1208.2
770.04,645.51
778.11,118.03
767.61,1097.1
768.11,272.42
784.6,792.9
774.2,175.09
775,633
777.7,1087.9
785.06,30.71
780.94,933.12
778,849
788.61,606.44
788,291.5
792.59,4.25
786.46,970.62
793.1,1130.8
798.93,214.77
795.08,169.24
795.45,414.17
798.42,341.4
796,199.08
814.16,108.07
809.61,777.62
805.95,155.9
809.53,293.5
815.71,1011.4
811.16,835.78
819.17,1046
816.5,1143.5
817.73,4.4815
814.4,639.6
819.51,438.99
818.84,1106.5
820.54,478.62
821.25,50.856
818.12,711.65
840.6,1178.5
823.16,817.61
822.5,187.5
833.17,1127.4
831,1247.5
829.5,1148.4
834.97,1084.9
833.1,322
836.63,960.28
835.27,12.434
834.67,448.44
840.52,200.85
841.62,165.55
843.06,1053.7
841.91,118.43
844.13,851.85
842.95,873.95
843.8,643.67
845.21,314.35
850.12,59.887
847.92,689.65
850.75,764.49
847.1,393.95
852.48,992.59
854.78,14.402
885.81,257.79
850.43,939.39
862.54,76.354
857.5,260
856.62,871.12
862.04,39.493
870.32,120.45
858.86,224.57
865.88,941.41
863.4,516.32
863.22,1189.3
869.12,1041
870.12,1176.9
875.9,1135.5
875.04,1197.6
872.29,158.45
884.17,705.82
872.68,996.16
874.79,1114.1
884.7,988.16
877.47,1244.2
877.06,313.91
878.46,1068.4
880.4,649.11
895.04,884.1
885.67,74.897
893.35,194.56
901.21,162.36
890.9,676.04
898.86,949.99
895.87,725.4
900.86,1124.4
902.58,969.98
897.36,230.37
903.33,299.78
909.64,110.76
902.32,1054.2
909.96,1192
910.43,612.91
913.18,323.09
916.7,650.8
915.74,1005.8
914.24,57.453
917.99,1143.9
919.29,1057.5
926.16,272.93
928.39,1126
931.28,74.936
927.2,1222.9
935.17,103.65
937.62,316.23
937.64,19.642
938.62,428.32
942.46,178.52
940.04,203.78
940.09,580.06
942.51,1055.1
947.91,995.42
954.87,69.519
948.75,830.81
946.71,58.08
958.91,103.06
948.54,897.04
950.04,974.78
976.28,1067
958.1,222.03
961.02,363.87
959.74,968.67
961.14,1004.4
966.15,1175
964,55
972.56,150.61
972.59,474.41
973.77,978.53
978.5,1197.6
980.16,224.34
979.09,841.91
979.27,860.65
979.94,1242.7
981.63,381.89
991.16,957.11
984.57,6.7754
988.8,49.147
993.98,108.47
992.22,259.68
997.36,753.56
999.58,875.62
993.58,934.89
1001.4,243.89
1004.8,659.55
1011.9,428.59
1008,841.1
1012.7,1088.2
1010.8,367.48
1021.3,918.42
1013.1,190.09
1023.4,634.64
1020.5,872.75
1027.9,1209.1
1033.3,936.25
1029.7,1098.4
1039.4,319.29
1040.4,1109.2
1045.3,7
1045.1,850.35
1050.7,242.26
1049.9,681.76
1052.7,384.54
1058.3,958.16
1062.7,1201.3
1064.1,908.45
1062.6,27.364
1067.4,635.79
1064,702.12
1074.2,601.82
1070.3,1151.1
1074.2,90.56
1077.3,859.89
1087.1,188.32
1076.5,1092.9
1078.6,515.6
1090.8,431.79
1090.1,1246.7
1093.4,849.64
1093.7,297.2
1106.3,54.748
1103.4,576.95
1103.5,626
1111.5,1177.5
1110.9,698.5
1119.7,1129.4
1121.4,841.17
1120,405.89
1120.1,862.56
1129.2,54.989
1121,135.5
1122.1,172.13
1126.1,1244.4
1127.1,268.03
1128.9,354.76
1128.1,758.44
1144.6,1140
1134.3,159.27
1134.4,320.28
1134.2,1082.1
1139.1,1208.7
1138.8,6.9167
1148.3,1241.8
1143.3,1160.2
1150.6,1061.3
1158.6,12.186
1151.6,660.46
1155.4,813.2
1156.2,1126.7
1162.7,763.19
1165.3,1074.9
1172,1144.8
1176.6,105.99
1171.9,1124.6
1175.9,362.9
1174.8,1095.4
1182.4,840.81
1189,592.57
1196.3,254.93
1201.1,622.01
1196.8,701.02
1209.8,912.76
1214.3,4.6967
1212.5,732.79
1213.5,766
1216.6,83.556
1216.9,267.63
1225.9,163.72
1224.4,61.895
1228.7,588.37
1236.1,721.5
1238.1,98.647
1240.3,371.24
1238.5,1224
1244.1,4.6104
1242.5,1155.8
1245.3,841.07
1245,317.91
1245.9,955.21
1247.5,1172.5
