4.0127,73.43
1.8947,811
5.6038,385.23
17.301,1054.7
6.8182,1191.4
15.793,174.45
14.404,1101.2
14.609,1188.6
16.5,911.5
18.764,1169.9
25,65.348
29.24,95.067
29.5,1128.5
35.074,1104.6
36.424,866.58
38.8,1210.6
39.611,1041.3
43.515,987.44
43.611,1098.9
45.435,955.61
53.97,59.433
57.349,201.34
57.63,299.89
57.565,1203.4
59,550
61.647,29.627
62,1159
70,600.17
75.235,35.765
77,510.5
79.969,431.15
79,485
80.155,1016.6
82.798,97.232
85.686,1138.5
81.846,610.54
84.925,223.2
85.382,1171.2
98.771,259.41
96.385,1148.8
100.92,1053.1
110.81,962.2
107.7,845.4
108.68,464.55
109.22,790.54
115.97,1142.1
117.5,66
117.59,1236.9
120,974.35
123.91,242.91
126.93,945.59
132.38,44.917
131.77,341.54
134.62,889.39
131.85,906.46
134.46,1022.8
138.41,938.41
141.94,6.7398
142.99,1083.4
143,152.56
144.5,502.71
154.85,276.2
152.82,36.215
155.83,1092.2
153.08,870.08
157.42,831.55
158,1133.2
161.9,138.71
161.89,163.59
173.52,389.31
173.54,1203.9
172.37,201.13
178.24,1025
175.55,816.83
176.91,773.91
182.45,504.06
183.29,756.29
187.21,625.74
188.56,658.48
188.74,413.76
189.42,52.442
190.26,276.89
190.32,154.95
193.6,605.64
199.22,85.028
196.46,755.83
195.43,1109.6
197.92,852.92
207.62,1226.4
207.5,677.5
215.76,1190.9
211.59,281.5
218.87,44.179
221.94,658.15
219,729.17
227.1,1012.2
234.86,206.31
231.12,535.62
234.1,49.243
230.95,764.09
233.75,1064.6
234.79,711.72
233.6,154.64
238.1,1174
239.46,686.67
235,699
240.21,1201.3
237.12,832.12
238.26,651.63
239.29,1226.4
241.66,124.86
243.91,858
250.75,40.174
249.41,58.679
249.56,243.87
247.34,968.46
250.04,782.32
256.74,747.84
257.96,855.43
260.71,201.12
262.52,91.833
264.36,479.27
262.63,708.27
267.95,298.98
265.58,318.95
264.5,70.885
268.42,630.87
281.97,1084.6
274.13,1149.8
279.03,852.24
281.87,736.22
279.66,695.53
285.63,331.95
290.15,1104.9
292.85,651.5
294.12,774.38
295.76,3.6889
293.07,454.59
293.35,851.06
304.64,970.87
307.58,356.97
304.62,862.63
303.95,674.43
307.75,267.93
304.7,410.42
305.08,119.92
308.03,228.33
308,824.34
312.42,577.11
325.58,751.86
317.9,1096.2
317.5,187
322.31,13.306
319.87,1118.6
325.92,146.44
326.81,1064.9
328.64,864.6
329.85,952.9
332.5,1157.5
337.44,564.35
339.58,723.62
342.25,229.2
345.19,296.14
341.08,175.08
345.85,1234.3
346,808
350.24,148.05
351,716.5
354.42,1194.5
358.83,681.01
357.66,818.8
358.36,600.03
365.66,1114.8
365.35,582.23
372.17,397.27
368.5,1062.5
370.42,1088.5
376.86,243.61
380.19,1119.5
385.24,778.6
389.24,1155.3
385.95,819.15
391.18,155.11
388.84,446.23
394.01,7.6528
390.34,797.59
396.89,845.42
401.96,1108.9
402.31,1229.2
407.88,191.51
409.51,659.4
413.3,758.47
412.8,833.75
411,1014.5
412,97.5
415.48,1189.2
418.47,354.28
422.78,858.83
423.58,189.11
424.18,421.4
426.32,367.64
427.82,614.6
431.67,788.61
434.33,535.36
439.35,219.25
440.32,498.25
439.26,611.69
436.42,852.58
439.03,965.7
439.95,558.07
445.06,95.122
446.22,746.02
446.22,925.77
445.96,1202.6
448.66,1215.4
452.12,140.48
458.05,1151.2
456.6,61.035
458.92,121.29
459.87,843.7
456.5,44
465,697
468.52,111.93
470.5,998
470.6,923.4
478.29,80.933
476.1,972.44
475.78,55.293
477.82,494.05
481.45,427.31
485.55,480.04
500.03,628.88
490.39,1127.3
487.12,256.85
487.28,353.5
490.52,10.893
498.59,937.22
490.92,1224.4
497.37,597.2
500.59,33.939
506.57,415.07
501,733.5
504.45,431.47
511.41,503.62
505.87,255.02
505.65,285.83
511.5,814.15
512.19,220.06
510.5,914
512.82,525.21
521.39,739.44
519,967.38
515.58,593.1
522.54,1135.9
528.66,76.295
528.24,663.16
532.93,25.951
530.44,11.111
533.63,517.37
537,411
543.58,1225.3
541.82,1207.7
545.48,260.94
546.7,427.49
545.37,936.2
548.89,495.73
550.56,832.36
553,863.03
555.15,1073.8
550.56,850.08
553.52,548.86
552.37,1020.9
558.4,561.67
555.58,1058.4
564.03,56.75
562.69,470.07
563.5,30
569.23,548.84
567,560
576.06,192.45
572.55,42.71
573.44,530.53
573.51,239.53
575.76,1214.8
574.5,679
577.44,1029.5
576.5,884.5
579.38,443.19
584.46,707.26
586.21,63.535
584.5,680
591.32,995
594.51,885.27
597.72,938.15
600.78,961.55
605.42,1192.3
602.58,876.89
606.11,373.85
609.01,1170.1
612.11,322.98
612.12,109.02
611,354
611.29,444.1
616.32,1077.9
611.89,1032.6
616.49,762.66
620.11,1143.8
621.42,21.105
624.24,432.07
627.44,643.48
628.02,87.079
633.07,936.1
637.13,110.43
638.72,1152.1
646.85,774.44
646.94,928.57
657.81,892.89
663.16,1047.6
663.14,1214.8
670.72,417.33
672.14,265.5
670.14,770.86
679.71,951.65
677.38,1086
682.75,1243.1
687.49,901.24
691.67,314.46
687.5,127
689.53,374.99
692.71,199.38
694.44,470.63
705.5,1130.5
711.41,233.93
713.94,999.57
711.51,524.24
714.24,928.44
716,545.11
715.33,647.67
720.78,157.68
727.87,295.96
729.94,48.426
730.46,275.09
737.63,728.06
739.93,621.93
750.44,208.83
746.71,452.76
747,842.09
750.78,1051.7
759.12,288.83
753.86,611.55
754.08,750.05
754.25,1118.7
754.5,5.5
761.72,410.41
761.52,1031.8
763.35,574.54
761.66,392.38
761.43,477.91
774.56,1054.6
787.6,757.87
785.43,6.0068
784.59,625.59
786.79,268.39
790.96,350.16
788.96,55.429
788.5,833.5
793.5,42.5
803.17,859.8
795.16,422.71
802.1,1087.9
801.9,1199.6
806.59,102.55
804.54,405.2
808.35,168.5
808.39,635.86
808.68,658.78
812.94,414.01
811.44,1109.4
812.45,234.45
815.08,1030.8
814,1101
814.5,32.5
824.53,733.85
816,957.5
816.69,1234.7
816.5,824.5
824.09,1104
823.27,406.35
823.32,939.09
827.26,271.29
830.33,364.42
833.66,170.28
838.14,459.05
842.62,1217.4
840.5,325.5
847.93,910.07
846.53,630.18
847.5,1059.5
853.59,186.06
858.13,957.9
858.27,243.02
857.9,1012.4
860,1068.5
860.84,729.05
871.31,985.71
859.78,1215.4
861,334.35
865.64,399.92
872.85,47.66
874.16,211.93
874.29,929.52
884.67,501.99
878.63,536.45
877.3,1124.7
881.29,265.71
884.24,108.82
883.84,809.95
891.46,134.66
896.32,159.66
896.41,680.52
897.43,593.09
904.35,110.65
904.21,860.18
905.41,299.2
910.57,811.64
913.58,1207.8
912.06,965.91
920.28,696.49
917,489
917.82,1131
917.42,316.89
922.03,651.51
920.46,949.14
926.47,86.472
927.99,279.01
924.59,1240.6
930.38,339.73
932.41,499.32
934.55,787.68
935.09,1056.2
941.46,924.34
946.54,35.949
944.07,900.41
949.15,542.35
948.96,565.41
954.25,772.71
956.68,668.18
956.94,11.571
958.48,718.43
958,892.5
963.57,567.06
969.07,179.77
964.17,74
966.41,913.05
965.33,411
971.68,874.93
973.1,502.42
974.5,375.5
976.54,296.93
978.23,1023.2
979.5,792.5
982.04,1138.4
981.67,280
989.08,707.92
991.77,234.57
994.98,696.53
994.44,30.333
997.5,666.5
1009.8,837.67
1009.8,558.9
1013.4,88.842
1014.5,1013.5
1019.6,31.6
1025.9,1201.6
1021.5,919
1024.2,5.7049
1030.9,301.4
1024,1049.5
1029.2,352.86
1029.4,24.656
1042.6,515.57
1035.9,559.33
1036,966.5
1039.1,838.59
1045.2,1055.8
1046.6,213.61
1048,564
1052.3,112.76
1051.2,642.35
1058.6,1009.5
1069.6,197.5
1073.1,611.38
1081.4,98.595
1081.8,321.18
1085.6,1035.7
1087.5,1096.5
1087.6,435.89
1100.5,205.75
1098.5,281.5
1107.1,1177
1102.5,23.5
1104.9,56.4
1111.2,911.44
1111.8,624.58
1111.3,85
1115.6,1085.8
1123,626.5
1129.4,330.49
1129.7,424.63
1129,810
1133.8,1178.3
1139.3,190.12
1140.4,1009.5
1147.1,691.37
1146.5,1160
1149.6,68.452
1152.4,159.47
1153.5,231.41
1153.3,1018.3
1155.7,180.89
1160.6,250.09
1160,593.5
1166.8,49.567
1161.5,75
1163.3,213.91
1162.8,1196.6
1172.1,119.96
1170.2,759.48
1188,1058.7
1191,317.19
1196,367.73
1194.9,449.6
1197.8,212.22
1208.9,116.47
1205,1145.5
1211.5,483.36
1211.8,165.5
1220.4,706.9
1218.4,762.54
1218.4,493.16
1219.6,566.22
1221.1,106.3
1223.6,535.88
1227.6,142.4
1225.6,822.19
1224.2,859
1226.4,295.19
1227.7,350.73
1231.6,404.92
1232.9,462.18
1229.9,742.09
1232.6,665
1240.9,291.41
1243.1,127.58
1247.1,181.63
