4.8427,117.93
4.5,217.42
3.08,334.56
9.6609,407.87
9.5211,712.79
12.11,821.85
15.286,88.214
16.143,548.71
17.564,328.08
22.208,155.44
24.889,918.6
23,233.5
23.083,339.08
28.041,112.57
36.556,72.869
35.208,326.5
38.676,547.54
38.5,512
49.507,386.49
48.658,925.36
49.067,119.52
52.912,69.877
53.625,1170.2
60,238
70.615,177.12
86.474,30.212
89.417,1060.1
90.052,818.64
100.77,289.67
104.18,660.66
103.41,66.074
106.29,479.91
109.49,1237.6
111.33,909.07
113.92,606.08
118.34,266.99
116.87,312.49
118.47,750.75
119.14,378.5
127.57,1069.3
131.5,73.97
131.91,922.84
132.08,986.89
138.34,1118.3
142.38,590.74
141.65,714.31
150.51,1077.8
146.76,387.54
145.5,1185.5
155.41,939.61
155.96,1195.5
154.21,527.56
163.3,625.27
166.79,171.44
165.31,559.25
163.8,223.44
169.64,1003.8
173.35,790.39
172.32,400.86
174.06,1230.3
175.96,41.143
176.52,321.05
183.86,1205.7
187.02,1124.1
185.2,273.9
190.8,61.877
198.7,1147.4
196.22,1044
196.57,297.9
197.93,698.53
209.63,263.49
204.5,418.5
223,1.5
222.53,398.05
227.73,1136.5
229.26,474.11
229.88,835.65
233.84,257.54
232.26,906.93
237.04,1061.9
237,1247.1
252.77,889.77
257.6,1209.8
260.44,1091.5
261.17,613
268.07,1158.6
272.85,504.06
275.3,1010.1
283.82,436.12
296.6,993.05
294.54,751.22
295.66,833.33
299.58,88.895
304.11,1195.4
304.09,305.52
304.45,1237.7
307.58,1227.1
312.17,1094.1
317.39,634.51
321.14,225.65
319.18,520.05
318.5,288.5
325.62,878.49
325.84,1125.5
329.17,1085.6
331.29,335.98
328.25,1006.8
329.95,502.82
335.61,1031
335.35,477.86
338.19,906.14
340.52,11.937
351.52,255.1
347,1240
357.51,779.16
347.58,1047.1
348.93,1081.4
354.84,1101.4
360.8,754
365.8,1015.2
369.58,624
373.02,18.673
372.69,848.69
374.82,1034.6
374.82,324.61
373.09,1118.1
379.21,1000.2
386.96,690.46
386.94,991.91
392.31,488.94
403.86,989.7
398,744.11
399.64,1246.1
414,328.52
415.12,385.65
419.13,782.67
424.33,936.31
430.06,291.35
427.2,717.56
430.44,1047.2
429.76,994.03
429.24,1075.5
434.89,545.22
434.55,156.05
439.24,214.34
449.4,704.81
446.42,1095.6
448.25,888.97
449.73,1146.1
451.44,993.93
461.41,496.4
459.07,735.07
469,1021
469.86,1108.5
478.38,98.596
484.41,668.07
489.82,180.92
489.96,535.83
494.91,319.09
499.11,206.05
499.37,71.519
502.32,910.16
509.62,1040.8
506.5,1028
512.39,865.71
513.5,242.64
518.44,465.58
525.59,238.97
525.53,673.46
525,2.2667
525.17,146.58
524.5,583.5
526.64,1018
527.89,561.42
531.58,997.98
533.33,1246.4
533.56,510.92
535.5,147
538.87,455.74
545.57,549.51
546.55,908.67
549.91,254.32
558.26,749.8
555.92,1084.4
561.05,64.841
562.46,1187.8
563.09,359.09
564.64,636.28
566.89,263.14
578.72,687.42
577,698.68
579,452
585.73,263.65
584.63,635.92
586.08,786.82
595.67,398.44
596.71,851.55
598.65,1060.1
597,864.5
598.07,501.41
610.83,1150
612.75,666.42
619.51,12.637
621.61,970.55
617.58,399.89
623.21,1244.2
624.32,517.06
623.66,119.36
623.12,197.83
629.67,83.279
632.85,465.93
632.27,555.4
631.66,483.49
636.08,875.68
635.87,1064.3
635.15,346.46
638.43,435.8
637.6,118.6
646.1,1146.2
648.77,264.37
652.8,574.47
662.61,978.14
664.47,357.12
673.68,546.66
674.52,1120.3
690.76,91.447
685.48,170.28
689.55,1016.5
693.14,514.49
694.31,451.48
696.24,1067.8
699.12,608.62
698.5,590.5
703.31,312.12
700.6,78.4
705.14,111.01
708.14,1077
709.56,470.42
709,814
714.78,1004.1
710.34,1157.2
717.29,525.59
723.16,490.69
721.83,90.058
723.75,119.24
723.87,154.87
724.47,926.59
724.08,371.56
730.76,423.76
731.2,1168.9
744.87,443.55
740.22,1085.7
743.02,214.14
746.86,653.3
758.34,589.48
758.12,246.12
763.22,568
767.6,282.5
772.84,546.71
772.98,648.89
776.09,958.22
781.58,1059.6
787.36,396.98
787.69,510.23
792.29,809.35
796.23,605.89
807.25,3.7584
798.37,236.43
799.42,282.39
804,1009.5
808.29,63.286
824.96,259.99
824.41,650.11
831.83,1088.9
835.75,891.83
837.98,445.11
839.95,1143.5
841.08,313.6
843.28,996.72
845.17,434
852.59,94.952
851.05,487.56
856.19,310.39
855.5,767
859.94,66.213
859.59,109.07
860.55,865.71
864.73,619.03
869.6,328.49
869.57,542.35
873.3,594.79
874.5,440.38
875.37,8.6441
875.48,1007.3
877.6,203.58
877.35,581.73
880.5,123
882.31,150.09
884.52,91.1
886.85,840.51
891.14,537.45
892.88,881.83
894.56,248.77
894.2,924.44
899.32,949.77
897.94,1060.9
899.86,614.18
906.39,712.86
913.95,890.26
914,317.5
920.29,121.51
922.23,239.67
931.19,714.67
924.2,1002.8
927.17,524
941.45,483.13
944.01,633.85
946.94,903.63
945.95,974.56
946.06,1111.9
949.55,17.449
952.34,71.914
956.59,688.01
963.4,1116.9
966,83.714
972.87,39.795
978.92,388.95
974.32,1094.9
975.39,78.643
980.58,858.42
984.27,430.87
985.75,1078.8
989.37,44.79
991.45,1137
990.5,507
995.6,974.83
998.91,349.09
1002.4,867.33
1007,308.87
1009.5,55
1013.5,188.79
1018,844.91
1018,78
1025.2,807.22
1024.9,1107.7
1027.4,1055.6
1030.8,944.08
1031.9,341.13
1037.5,64.942
1041.8,818.43
1040.5,209.09
1042.6,928.91
1044,556.93
1051.5,526.87
1052.5,1019.9
1052,1040.8
1055,453.5
1057.8,1070.6
1058.5,749.5
1060.6,734.59
1067.6,835.36
1064.5,716
1066.1,976.23
1072.5,1162.7
1069.8,957.44
1074.1,317.5
1076.1,1016.5
1078.5,391.5
1086.9,852.75
1088.9,481.7
1089.9,972.92
1091.2,1071.9
1092.5,1244.5
1095.2,1057.3
1096.9,912.91
1100.6,1044.9
1103.1,154.01
1107.8,973.18
1111.3,274.4
1111.6,914.5
1116.6,322.69
1113.4,341.86
1114.6,746.5
1119.5,649.89
1122.3,206.02
1123.7,1209.3
1127,71.565
1133.2,33.785
1139.3,593.91
1137.6,1195.9
1140.7,1035.5
1139.7,1202.8
1141.2,1222.9
1141.5,790
1147.6,935.67
1148.7,958.03
1149.6,703.64
1148.6,1204.6
1154.3,970.14
1156.7,47.08
1161.4,349.41
1159.5,1015.4
1163.2,983.49
1174.4,1078.2
1176.1,1243.9
1183.3,541.24
1186.4,1015.6
1190,1243.2
1191.2,1209.4
1189.5,959.86
1191.2,385
1196,768.71
1198.6,659.62
1205.9,1208.3
1201.9,266.5
1203.5,529.21
1210.1,747.27
1206,2.6
1216,126.62
1216.5,583.59
1215.6,1034.4
1218.5,1232.5
1225.5,128
1241.7,772.95
1244.1,946.53
1242.5,974.42
1245.4,1026.7
1245,1205.2
1246.3,1010
