2.25,402.5
5.7895,709.66
4.8451,984.73
7.9432,1227.2
5.5517,357.69
5.1154,1005.5
6.4359,13.41
6.4359,1103.9
6.5,89.5
8.8974,854.74
11.228,167.25
15.335,946.08
11.41,1018.9
13.597,771.78
13.083,372.92
23.056,1008.9
23.991,7.1897
29.969,854.9
25.782,79.473
25.708,666.34
23.5,1149.5
27.514,572.82
24.857,733.5
28.765,767.84
27.115,753.35
30.968,181.75
30.935,941.67
30.185,992.41
30.939,1135.7
39.954,693.56
32.5,809.5
32.611,1067.1
36.082,12.115
37.732,59.817
37.448,737.54
41.872,793.59
38.929,147.19
46.417,325.03
43.861,764.51
43.512,159.37
41.146,1012
40.6,1077.4
43.5,920
47.658,514.16
48,1225.5
50,260
53.128,476.78
55.545,940.21
55.609,775.1
56.463,530.94
59.973,69.365
59.657,126.94
61.566,183.45
64.065,548.01
67.079,343.84
64.526,1210.8
70.022,713.21
69.207,1007
69.127,327.47
68.759,957.48
71.136,264.14
71.169,1118.6
70.909,53.955
74.972,44.268
75.34,839.1
73.421,249.11
74.651,1220.7
78.065,653.56
77.463,568.29
79,902.5
87.782,483.07
86.314,981.06
87.576,885.42
91.5,1077.5
97.736,747.65
100.1,1174
102.78,802.49
101.24,1225
103.12,247.65
102.54,705.08
103.07,813.59
110.18,367.92
119.44,675.57
111.76,892.06
110.1,939.16
112.85,509.19
115.46,854.05
113.21,748.28
118.28,772.02
117.2,575.72
116.42,207.89
119.28,933.85
122.73,284
120.85,498.17
120.44,836.08
126.27,390.64
125.05,367.95
130.61,976.44
124.17,869.85
126.36,654.57
130.94,1041
131.38,3.2188
134.31,776.88
136.91,725.91
134.5,1094
134.92,883.54
136.42,219.45
136.33,1209.8
138.15,757.45
140.4,1071.6
145.17,549.44
142.32,867.58
144.39,88.447
147.11,336.05
144.74,474.38
147.66,245.38
150.26,374.4
152.25,931.82
149.53,58.833
149.8,711.56
154.78,191.22
153.5,229.5
156.77,509.79
160.21,711.5
168.17,1168.7
161.26,881
161.44,989.2
165.73,124.25
166.03,301.17
164.9,749.38
165.42,480.11
176.08,1198.8
167.64,70.5
170.07,1246.8
170.7,685.44
172.59,826.39
176.34,660.86
177.08,48.969
181.48,296.87
187.46,729.2
191.51,155.6
188.39,684.86
192.53,35.672
192.5,1246.8
193.43,1216.5
196,499.71
195,268.5
200.84,713.49
202.03,107.97
199.54,920.85
201.55,1234
200.39,238.86
200.71,755.29
204.06,285.91
207.98,90.878
217.28,838.83
210.72,10.222
214.12,951.84
215.72,1173.3
213.81,433.81
221.89,874.37
214.69,710.09
215,773.5
215.5,1188.5
218.33,207.44
218.74,147
224.47,754.59
228.14,624.25
229.03,1197.6
229.04,596.57
229.91,668.09
234.04,1052.3
234.75,904.96
231.83,1222
235.8,986.52
237.92,183.89
241.08,54.084
244.24,818.6
244.71,249.12
241.38,1157
244.8,430.38
243.87,1238.6
247.39,1113.5
246.06,74.24
247.65,886.12
250.11,942.58
258.17,120.06
259.32,876.41
262.27,839.62
263.34,996.59
264.56,17.933
262.93,823.59
269.46,770.92
280.07,878.97
276.66,571.38
278.15,938.67
277,441.17
279.4,337.11
298,1238.6
294.63,592.06
298.58,563.54
296.09,256.09
297.4,617.4
301.49,1108.4
299.5,234
302.94,779.66
303.07,859.59
308.39,142.14
308,319
309,409.5
312.59,872.57
314.38,1182.6
314.09,728.88
312.32,915.87
315.53,219.3
317.62,95.96
321.81,1158.2
323.78,798.68
325.5,209
323.5,302
327.74,1081.3
328.1,277.62
327,308
330.75,1211.8
331.65,1155.1
333.37,66.633
336.22,27.459
342.16,963.48
338.59,135.5
341,11
339.94,375.09
340.09,388.91
342.39,1018.6
345.83,279.01
343.11,896.37
345.05,323.57
349.2,648.12
351.16,924.44
346.56,595.92
347.42,404.89
347,485
356.12,687.58
358.05,110.65
357.12,582.83
360.4,663.34
357.08,1205.9
362.65,819.94
360.19,1130.7
360.93,26.407
364.92,628.71
368.86,1103.1
367.91,1198.6
375.73,1158.1
373.84,804.05
372.71,1032.3
376.37,1242.3
376.63,89.733
389.52,705.46
386,805.5
389.09,1084.4
388.42,910.45
390.47,1199.9
396.77,362.3
389.08,1232.4
390.66,573.47
391.73,659.03
394.72,150
394.08,71.083
400,135.5
405.61,97.382
406.97,776.19
408.23,282.15
405.5,1144.5
405.98,267.53
409,1214.2
410.04,1182.6
411.64,674
414,245.5
414.09,692.91
418.47,54.569
420.19,1228.5
425.14,171.83
423.68,638.08
421.5,1203
421.32,1246.2
420.33,726
421.93,836.05
424.44,738.8
434.04,530.38
430.5,371
431.35,602.27
435,954.81
434.07,481.59
437.77,40.422
437.73,976.59
437.5,457
437.91,848.57
439.64,1021.5
446.48,1220.6
445.48,118.13
443.45,1041.4
448.09,932.08
447.61,844.38
447.57,1165.5
450.22,98.473
451.4,1022.5
456.3,1205.1
453.67,894.62
460.56,731.11
462.92,657.57
473.12,559.87
472.95,761.11
475.1,647.57
476.46,713.08
474.93,440.76
473.91,847.77
476,1187.5
476.42,1232.9
481.34,1205.8
481.59,374.89
487.74,409.25
486.64,1101.5
485.36,1086.5
489.78,616.02
488,735.33
490.79,780.21
492.65,1222.9
493.96,1091.4
494,1235.2
501.01,414.94
509.7,943.75
507.06,1033.4
510.81,620.93
511.74,191.11
513,978
515.12,882.88
520.66,261.77
519.96,756.94
520.91,820.95
524.55,930.1
524.4,1019.1
524.09,787.09
527.41,887.34
528.08,646.97
527.56,590.92
534.7,1064.4
534,130.25
539.39,544.18
537.5,838.5
541.14,913.63
543.13,361.66
545.61,880.34
547.35,679.94
551.38,1222.5
554.8,178.71
554.67,150
558.46,564.46
561.11,1075.3
560.4,305.88
561.41,868.59
562.2,583.58
566.15,529.7
566.77,319.98
564.58,886.42
570.42,509.16
570.89,723.59
569.5,392.5
574.41,866.27
579.05,601.24
583.9,645.38
586.9,917.6
584.59,63.261
586.73,305.49
586.34,1074.5
589.46,812.78
589.5,376.5
591.49,597.12
592.99,798.15
594.83,131.99
592.5,87
599.15,781.75
606.01,553.12
598.5,698.5
602,744.25
601.5,836.5
607.83,1162.3
606,143.58
608.13,610.36
609.12,374.12
611.07,10.167
613.21,327.85
612,529.5
615.73,187.47
621.4,752.41
615.5,1138.6
617.29,75.289
617.67,1029.6
619.84,436.06
628.01,820.79
627.43,656.09
633,269.5
641.39,1237.5
638.23,913.77
640.54,253.56
644.29,669.66
642.22,726.1
645.94,640.2
643.42,1139.1
643.91,1150.9
648.63,51.453
651.63,27.717
647.91,282.09
648.79,950.21
649.72,1081.5
654.89,689.64
659.19,149.37
655.91,169.09
667.72,714.05
665.96,192.69
668.37,507.06
665.88,739.73
669.6,1198.9
672.92,666.44
675.72,1088.7
675.41,1211.4
679.74,934.85
678.78,1076.3
678.5,890.87
679.68,466.95
685.38,1056.5
688.82,277.25
695.86,437.03
697.93,506.59
701.93,854.41
708.87,496.89
706.94,234.31
708.14,534.5
713.1,821.04
718.92,15.286
716.07,683.62
718.07,1008
724.79,607.33
729.45,138.69
732.86,802.19
732.42,835.48
734.5,182.5
735.09,693
745.28,566.09
743.06,48.76
741.5,473
749.2,1056.1
746.03,1110.7
749.04,491.45
750.78,767.1
750.5,88
754.19,106.14
757.48,522.72
750.14,1038.5
751.71,405.71
761.69,315.59
759,784.5
759.2,1113.8
761.78,129.56
762.5,916.65
768.15,465.22
773.36,352.67
778.37,767.22
779.17,129.05
783.77,28.062
780.71,84.702
780.13,109.44
780.57,602.5
778.58,1047.1
781.53,277.57
781.63,786.37
785.55,925.47
807.23,1095.4
793.42,183.11
794.13,353.96
794.46,796.55
793.43,691.61
796.48,882.4
796.4,262.36
797,1200.5
802.73,415.89
800.52,1069.5
805.29,1187.7
802.1,434.08
803.93,638.53
812.42,1005.1
804.84,32.653
807.5,9.5
806.94,1086.5
807.07,95.407
814.17,942
819.02,70.963
821.15,219.34
818.85,887.07
821.78,103.68
826.55,253.6
831.21,616.08
828.48,1235.4
835.45,553.03
833.42,1126.2
838.47,1050.5
836.56,856.15
834.5,875.5
838.64,259.24
840.47,1092.1
841.94,475.57
853.35,550.54
852.09,122.91
853,1164
856.27,283.86
859.06,657.62
859.72,1221.4
860.97,568.36
863.14,839.97
870.91,890.59
861.06,1046.7
865.56,23.368
866.34,505.17
866.07,698.41
869.67,796.76
869,314.5
872.8,589.08
874,1127.5
880.45,369.81
879.94,950.91
882.63,81.952
881,545
886.99,315.58
884.96,511.16
882.86,1137.5
889.13,157.14
885.5,595
888.76,854.78
894,954.79
899.4,256.88
899.38,1048.8
902.42,852.89
912.5,166.5
914.94,733.91
919.52,406.7
921.3,654.8
924.25,1045.9
920.07,426.59
923.95,1084.6
925.74,592.47
924,197
927.6,214.54
938.97,132.17
931.54,292.89
932.82,933.6
934.13,996.11
934.5,7
935.5,1098.5
947.76,953.28
944.75,507.16
943.87,1050.7
944.57,2.4286
944.5,82.353
947.33,404.71
946.55,45.29
946.63,471.63
954.86,808.95
954.09,1072
972.24,1046.9
963.54,387.2
965.33,857.7
968.04,19.311
967.09,167.61
966.26,1115.7
970.36,132.05
971.41,1168.4
972.86,262.39
974.41,71.074
978.07,942.52
978,552.5
981.24,1091
982.17,703.7
988.2,393.25
989.59,194.48
990.54,1214
994.07,246.94
993.03,759.11
995.45,799.03
999.53,1169.1
1005,866
1009.1,781.37
1014.5,825.53
1014.3,370.02
1013.4,235.5
1014.5,768.5
1016,1163.6
1017.5,1011.5
1022,1103.5
1021.7,396.13
1021.3,589.36
1028.1,296.09
1028.5,428.78
1031.8,1017.5
1032.4,154.07
1037.5,440
1042.4,528.93
1038.8,573.61
1038.9,751.25
1041.4,808.53
1045.9,1025
1047.4,417.24
1047.7,773.11
1045.8,842.32
1046.1,257.72
1059.8,630.82
1054.9,620.46
1054,918.86
1053.9,950.41
1055.4,1224.1
1058.5,655.54
1058.8,431.35
1060.5,697.58
1064.3,340.61
1065.1,611.06
1066.6,1200.8
1071.1,1036.8
1068.4,285
1081.4,729.2
1070.9,1168
1073.9,487.5
1077.6,238.61
1082.3,511.69
1079.9,1225.1
1089.8,544.46
1088.1,835.04
1088.1,1223.1
1090.1,275.88
1091.2,861.65
1096.1,782.22
1094.8,1209.3
1098,714
1099.5,998.36
1104,1045.4
1107.2,1207.9
1107.5,637.94
1108.8,592.12
1109.8,825.02
1118.1,1043.2
1121.3,357.73
1122.3,421.53
1121.4,480.07
1124.1,186.38
1132.2,904.6
1144,1075.4
1143.9,250.97
1147.4,375.07
1147.2,1184.2
1150.7,405.41
1150.5,192.5
1149.7,495.32
1150.7,965.37
1155.2,939.23
1153.4,1005.3
1153.3,273.3
1152.4,1049.5
1150.5,1167.5
1156.5,504.71
1160.1,1240.4
1171.3,414.25
1170.1,347.58
1169,771
1170.7,723.8
1173.8,864.31
1172.8,961.45
1176.7,214.12
1175.6,1137
1181.6,369.49
1179.8,811.02
1179.8,319.09
1181.4,833.35
1180.5,238.5
1181.2,927
1185.1,335.73
1186.3,849.62
1188.9,181.61
1189,265.44
1191.2,759.89
1192.5,1206.8
1197.6,719.42
1199.4,317.39
1197.9,790.92
1195.1,998.92
1197.9,218.19
1197.1,376.05
1200,346.3
1203.3,1034
1212.5,945.5
1208.6,362.11
1212.6,682.52
1214.7,103.92
1216.5,345.2
1212.2,1051.8
1215.7,234.39
1213,889
1218.1,625.27
1217.3,1126.5
1218.8,583.45
1223,3.803
1219.5,777.38
1224.9,202.76
1226.6,1002.6
1228.4,1144.4
1229.7,838.35
1229,330.81
1227.1,852.91
1230.1,291.43
1227.7,313.83
1235.5,544.5
1237.2,374.43
1239.1,945.08
1243.6,419.44
1244.1,757.85
1241.6,285.68
1243.2,328
1244.9,274.89
1244.5,642.67
1245.8,546.03
1247.1,72
