5.6309,683.23
3.6914,931.14
11.815,1165.9
12.925,1242.2
15.882,613.85
16.676,577.22
18.579,36.895
29.635,133.47
29.897,1076.5
38.282,1162.9
43,173.5
55.197,559.55
61.773,887.72
74.553,109.46
64.84,1167
65.5,26.5
70.371,345.83
68.462,1142.7
70.5,730.5
76.487,196.1
83.053,981.63
83.1,584.62
91.444,680
86.719,482.3
93.5,366
99.176,890.96
101.04,465.27
107.85,1074.4
112.46,102.95
109.68,754.36
110.38,943.67
111.14,1170.6
110.5,356
117.06,587.04
122.23,802.12
125.56,1076.7
125.73,750.15
133.71,774.87
135.34,1118.2
137.11,1179.7
142.48,13.359
142.95,511.47
140,972
143.08,991.08
147.93,1041.6
150.98,969.73
151.56,1229.9
156.63,1.8889
157.88,315.35
160.07,517.59
172.42,150.11
172.42,931.11
188.2,590.98
192.5,616.5
211.75,1217.8
203.43,481.5
205.59,421.07
207.27,618.97
209.22,206.86
213.9,222.75
211.93,142.59
214.83,720.43
215.27,494.35
224.81,295.68
227.55,243.19
226.31,213.81
237.05,1153.1
240.33,703
247.78,713.14
247.76,184.37
254.61,12.861
256.29,86.75
264,243
264.59,108.07
264.67,514.17
271.71,1169
273.51,7.4375
274.13,608.74
277.1,861.61
282.45,317.45
291.14,300.5
296.72,52.361
305.98,729.85
310.91,112.09
316.22,732.45
335.5,861.5
341.91,981.84
351.17,1043.4
352,328.5
354.42,1085.1
364.84,223.39
372.88,792.5
381.53,13.317
388.05,926.35
397.42,9.1053
403,382.5
412.03,1017.6
413.58,84.105
419.09,39.981
424.24,539.9
427.59,631.89
442.45,26.875
456.82,457.43
456,396.09
472.47,402.97
474.17,1065.4
482.47,74.443
484.65,483.5
487.07,350.39
486.43,1192.4
489.77,45.385
496.44,770.92
499,133.35
502.82,566.4
506.17,368
512.1,235.48
518.68,744.07
523.09,941.91
530.09,160.09
534.91,1080.9
538.09,700.91
539.75,1170.6
547.4,191.85
560.42,199.58
560.42,620.11
575.59,146.29
569.36,207
572.09,265.91
581.78,922.02
581,189.5
586.62,370.68
586,1184.7
599.89,272.13
595.04,438.32
599.11,246.41
600.38,299.1
601.43,42.981
599.93,118.59
606.58,850.58
613.09,1234
617.34,495.88
617.65,288.94
618.42,950.58
631.44,966.42
642.27,1120.3
633.93,191.41
640.48,236.49
643.92,253.08
642.33,133
644.07,149.59
653.21,30.288
655.45,1007.4
654.91,184.09
659.33,477
670.05,5.9701
669.05,346.36
665.91,836.13
675.5,1188
678,289.32
681,1.5
685.07,97.517
687.4,524.11
692.53,1101.8
696.5,531.5
700,385.13
720.69,395.03
720.27,1079.6
738.99,320.21
738.83,26
738.5,1097
742.03,1123.4
746.86,220.89
748.34,256.77
752.17,626
756,158.12
769.36,964.97
772.48,386.97
781.46,158.13
780.46,480.44
784.73,653.4
782,135.5
785.5,1091.4
789.61,1129.1
816.95,874.25
835.05,81.631
836.72,521.78
844.65,670.42
843.58,1022.9
849.16,169.94
857.09,1113.9
858.09,207.09
863.99,1129.9
867.78,390.15
866.14,1019.1
871.93,1097.4
874.89,987.63
887.24,560.4
886.06,872.57
891.74,1014.6
903.06,496.86
902.93,570.41
903,769.32
913.57,1091.7
910.09,454.91
916.23,425.5
915.56,562.87
915.58,494.89
921.52,511.96
925.46,410.67
924.17,331.34
921.5,1173.5
931.05,492.97
932.23,1068.1
939.89,176.89
942.33,223
948.04,782.35
953.98,29.976
956,590
957.5,527.5
958.1,495.38
962.64,1056.2
962.44,1159.9
965.06,990.35
969.74,809.71
971.44,926.56
974.96,405.2
979,304.5
983.48,251.71
985.13,797.87
983.5,883.41
997.31,326.88
992.26,67.64
1005.8,942.18
1009.8,1201.1
1017.4,1127.9
1026.9,867.88
1029.9,237.68
1047.6,612.01
1055.2,264.3
1056.5,865.85
1053.6,1124.5
1056.8,375.56
1055.1,784.59
1081.1,79.879
1094.7,984.82
1101.4,248.01
1101,358.2
1098.9,53.421
1101.5,431.5
1102.5,1090.5
1117.3,239.53
1118,1072
1131,1171.1
1127.4,818.69
1135.5,766.35
1159.8,512.25
1167.9,535.89
1170.4,492.35
1172.8,474.31
1175.5,404.3
1173.7,844.17
1173.4,621.82
1179.1,428.05
1181,1108.5
1186.6,328.75
1185.4,560.11
1186,579.17
1188.9,806.57
1191.5,403.6
1191.5,652.5
1200.7,578.9
1205.9,1168.3
1210.6,1116.5
1214.7,1151.5
1213.3,404.95
1222.6,616.33
1221.5,1117.5
1225,1076.4
1227.5,450.15
1233.2,1154.5
1234.3,233.19
1235.5,496.98
1241.4,385.61
1239.2,1027.9
1240.1,203.62
1241.6,728.07
1240.1,1179.4
1246.5,186.87
