4.2877,974.39
3.2222,1111.3
11.316,494.52
10.286,61.429
19.5,229
23,759.25
22.81,812.14
26.029,986.76
34.77,717.68
35.116,459.12
40.917,68.917
47.044,1103.1
45.5,761.5
47.426,636.18
51.054,1147.6
61,451
65.419,995.55
69.597,338.89
70,280.83
75.339,356.09
73.5,522
74,641.14
76.89,411.15
84.777,447.5
84.5,506
89.222,583.56
92.5,78
107.17,419
110.25,757.55
108.37,826.63
109.09,556.91
116.41,972.86
115.38,519.62
118.55,1108
120.31,88.899
122,294
123.8,643.01
124.11,61.579
125.45,527.31
128.46,629.05
130.44,594.97
132.31,1214.4
135.19,506.9
133.57,891.61
135.93,238.95
138.06,737.02
136.85,586.65
137.95,609.92
138.43,1032.1
142.2,1195.7
150,98.648
155.54,562.81
153.02,1243.9
159.29,532.62
158.24,682.64
159.35,155.02
158.5,290.62
160.57,1149.5
167.32,786.22
166.58,511.89
170.17,616.65
169.18,524.96
173.17,667.55
174.7,167.37
172.5,587
183.08,589.63
187.33,484.33
188.68,188.93
198.57,570.5
195.99,1201.1
197.17,269
197.42,136.11
200.89,975.65
207.5,426.5
221.68,534.4
213,811.5
217,1171.7
217.5,627.5
220.7,1077.7
223.5,226.68
232.63,950.3
237.16,844.94
247.41,1017.2
246.85,745.65
251.9,1201.4
256.3,693.77
259.33,886.1
258.56,494.14
264.09,853.91
275.8,818.62
276.85,1153.1
277.76,1045.4
289.44,329.37
295.05,757.94
294.76,602
298.95,639.11
302.6,975.5
306.67,582.19
311.66,173.06
318.19,121.27
317.99,558.71
317,1022
322.44,1037.3
326.13,57.211
327.14,798.14
331.64,614.65
330.61,217.14
334.43,198.95
351.79,694.16
352.33,132.19
351.87,797.53
353.94,1177.3
353.57,1232.9
356.14,398.74
357.01,994.29
374.97,1024
377.02,554.88
385.5,576.5
393.45,438.69
397.46,1244
398.31,900.91
402.77,1064.9
404.44,409.93
407,347.5
411,906.84
410,1085
415.12,255.36
420.62,15.596
418.42,1172.1
422.5,982
422.5,515
424.39,133.86
425.59,1219
427.92,1208.9
432.62,941.81
435.27,354.39
441.38,684.21
455.5,578
455.95,623.12
460.79,306.31
468.36,1245.7
480.47,508.06
480.58,56.424
486.94,430.03
486.5,267.5
503.31,265.04
513.89,740.61
517.59,847.1
517.3,278.5
532.25,29.127
539.5,250.9
539.45,574.28
535.93,891.93
546,178
546.89,91.63
548.32,443.64
554.13,1057.2
553.08,57.2
563.53,1122.3
563.23,1203.4
563.98,1156.6
567.06,563.19
580.13,435.78
575.41,1014.1
581.11,1246.4
584.85,317.34
589.5,855.5
593.89,417.28
593.17,1055
601.44,1176.9
608,287
614.08,1007.9
639.48,1059.3
635.33,97.833
641.87,1092.2
641.24,1228
647.94,345.8
654.5,405
670.2,499.1
672.21,662.76
685.15,6.0625
685.06,772.97
685,1178.4
684,70.5
684.92,552.44
687.5,1090.5
697.18,588.23
699.87,1221.6
703,846
703.89,1150.6
704.58,437.42
710,9.1514
708.13,139.35
708.2,272.86
714.5,351
722.64,1005.6
730.3,838.8
727.75,992.17
738,441.63
747.14,559.65
751.28,177.47
757.33,808.42
758.44,136.55
766.46,152.91
766.18,791.08
769.16,712.57
770.1,1224
773.78,1128.4
777.96,261.56
779.69,1161.8
784.75,648.34
785.94,689.52
797.29,962.75
804.04,845.44
807.42,586.42
820.5,556.5
820.47,1212.2
835.47,343.96
836.9,1111.6
840.59,487.41
842.07,727.41
846.54,1092.8
847.07,793.05
851.7,235.75
850.17,393.25
851.68,902.22
853.32,69.333
854.7,303.54
857.06,1013.7
861,6
867.1,433.54
866.63,1199
869.86,129
871.45,486.45
888.87,694.87
892.43,975.61
907.67,1225
908.53,797.74
906.63,330.97
911.82,369.86
922.45,1060.5
925.98,133.03
929.91,338.09
931.48,774.24
942.61,797.61
941,700
944.09,276.13
943.88,649.77
952.21,588.8
950.5,195.5
952.89,550.52
956,1125
958,156.5
958.73,851.73
960.83,187.91
969,304
971.09,990.6
973.09,102.91
975.07,1214.5
974.26,58
984.58,955.42
983.13,1171.3
991.56,603.52
999.29,540.29
1008.8,654.96
1007.6,751.83
1013.9,814.02
1025.3,158.17
1026.9,261.66
1028.4,483.8
1025.5,114
1034.4,1133.3
1036.6,854.61
1041.5,39.5
1045.5,840.74
1056.6,705.04
1057.2,882.93
1061,42.731
1060.8,793.33
1062.9,119.03
1065.1,493.59
1081.7,478.19
1086.4,820.86
1089.5,179.5
1092.8,355.83
1097.5,89.154
1097.4,923.11
1101,171.83
1103.7,537.18
1104.1,1025.6
1108.8,300.4
1114.2,936.44
1117.5,473.5
1124.4,202
1124.1,484.02
1125.2,512.46
1126.6,116.61
1132.2,949.9
1134,40.5
1141.7,402.9
1145.1,162.09
1144.8,676.85
1147.9,277.3
1150.3,445.53
1154.6,226.98
1156.9,913.95
1164.4,278.9
1166.6,299.88
1179.6,800.12
1180.9,877.16
1188.4,688.68
1187.4,1227.4
1189.5,322
1200,547.53
1199.8,885.83
1205.9,380.59
1211,9.0896
1211.7,921.39
1211.7,1246.3
1212.6,116.92
1215.1,771.53
1217.1,904.42
1218.5,809.91
1223.3,833.13
1228.6,600.8
1229.9,23.56
1231.6,323.34
1235.1,190.01
1232,763.5
1235.5,1068.1
1239,101.44
1238.7,1148.7
1242.6,224.57
1245.2,692.76
