14.141,305.33
28.481,1195.4
41.797,397.74
43.937,1095.2
42.5,699.5
52.863,167.59
51.833,595.33
59.926,698.41
67.081,749.22
74.5,93.286
76.033,1016.1
77.421,449.89
78.97,722.43
80.405,288.36
85.398,205.37
90,758
94.935,369.07
97.68,737.22
99.435,1122.4
120.42,961.11
124.84,845.56
126.5,284
130.8,660.61
129.39,261.13
134.5,428
140.08,981
142.89,53.63
144.42,694.58
147.08,117.46
148.55,957.71
152.14,564.14
155.09,840.91
159.21,333.99
160.9,587.64
162.61,610.39
163.33,1147
166.14,638.5
175.74,804.3
173.64,1059.1
178.85,1076.4
178.6,6.5606
185.5,630
191.43,398.69
194.58,494.23
195.15,563.14
198.89,998.54
211.44,391.05
216.04,1012
217.15,335
235.39,1075.6
238.09,1120.7
242.06,1219.4
247.85,151.85
257.3,666.61
259.77,119.19
258.5,444
269.1,619.09
269.33,9.104
267.04,327.42
271.58,424.58
272.54,909.25
274.15,1023.7
273.55,1186.4
280.5,486.29
281.38,644.45
286.91,778.82
287.07,105.5
290.8,389.93
298.26,1141.7
306.09,469.7
310.11,417.83
311.54,1104
316.4,919.01
320.4,1050.8
327.94,353.63
325.63,978.63
327.8,598.56
339.48,466.78
342.18,1099.9
352.57,1243.1
351.71,627.71
360.69,402.97
365.17,1095.1
369.17,16.426
368.08,852.56
371.9,986.95
383.4,63.676
387.74,132.13
396.24,399.35
394.53,480.84
401.5,141.79
411.91,908.41
416.07,222.05
418,1138.9
426.77,586.2
423.71,667.55
427.49,1244.7
431,78
435.89,1226.2
435.33,386.58
435.2,695.27
440.91,1147.4
443.1,1096.5
444.35,932.15
463.92,116.67
463.87,831.22
468.68,1001.2
465.68,1133.2
467.5,33.551
474.08,1177.5
471.78,584.38
484.83,693.86
489,915.5
492.75,1225.4
496.5,185
497.36,697.32
509.49,53.415
517.6,319.97
519.31,305.83
525.5,236
535.91,837.09
542.08,361.05
545.47,865.71
543.36,1139
546.93,196.59
549.24,655
548.88,1129.5
556.48,803.79
556.81,1212
561.84,274.04
560.44,1141.4
562.91,1113.4
571.61,804.39
576.96,78.451
586,1.8
590.83,976
593.1,891.62
594.27,82.966
601.49,916.08
604.34,217.87
606.56,622.7
609.47,141.37
610.04,936.8
612.74,489.25
630.37,252.93
632.91,201.66
634.69,949.17
634.37,1014.9
640.95,556.79
645.01,526.01
644.19,266.86
644,1167.4
648.62,493.46
648.05,1069.9
648.42,858.58
657.62,592.94
658.52,774.95
671.15,786.81
673.71,34.529
675.87,228.98
679.71,167.5
679.99,241.91
683.6,863.8
690.41,54.412
692,651.69
694,1072.5
695.29,1012.4
703.21,245.36
704.98,968.72
707.92,116.9
715.01,712.95
714.65,782.7
719,461.39
726.91,726.97
726.5,780.14
731.3,329.58
729.5,961
733.62,1188.5
741.42,777.11
744.09,808.91
750.53,547.55
753.63,621.42
751.93,761.41
753,529.17
766.93,1169
776.01,155.97
775,684
793.61,902.58
794.55,844.81
794.42,1049.1
804.47,750.56
804.45,1152.6
810.68,798.98
812.12,303.64
814.44,43.2
817.46,577.07
820.2,620.15
828.52,682.91
829.2,1234.5
833.65,543.41
832.08,1123.1
839.76,81.121
840.11,1158.4
846.06,192.53
849.79,300.01
856.21,1230.8
862.4,769.95
864,310
868.5,425.09
869,819
870.08,1012.2
882.86,572.73
889.88,493.08
895.49,458.41
903,647.38
904.41,27.107
907.51,497.43
903.5,333
914.62,768.33
914.39,960.76
919.17,822
926.09,191.91
933.14,805.35
934.62,897.42
933.58,755.11
938.9,568.51
943.6,981
945.72,777.05
946,798.5
955.4,322.77
958.79,58.627
961.34,220.61
964.88,174.48
976.21,769.21
977.04,586.8
978.5,964.45
978.71,899.55
979.42,824.89
985.5,1125.7
1000.6,1192
1003.6,718.07
1004,57.756
1004.8,491.76
1009.2,932.28
1007.9,795.62
1008.8,751
1008.5,950.5
1015.3,1117.1
1018.7,1088.4
1020.4,310.17
1023.5,367.09
1030.2,888
1050.6,870.96
1051,907
1056.8,986.58
1058.5,607.78
1061,942
1064.7,1118.5
1067.5,351
1069.2,1092.2
1070,585
1072.1,1171.2
1075.6,1134.6
1077.4,1079.9
1081.8,948.71
1088.2,1034
1094,19.686
1096.5,368.5
1101.3,28.545
1106.4,345.35
1116.5,204.02
1115.7,867.08
1114.5,1155.9
1124.9,1174.4
1128,214.17
1130,86.211
1131.5,1014.4
1129.9,882.71
1139.5,286
1151.4,1194.8
1158,1087.3
1158,1153.5
1159.5,583.5
1168.4,309.04
1166,343.5
1168.5,836.76
1171.9,213.25
1176.1,441.69
1194.6,22.105
1195.5,878.5
1201.7,355.99
1208.6,384.86
1215.2,946.31
1213.1,194.29
1227,448.53
1228.9,141.82
1231.8,1.95
1240.1,116.63
1246.8,603.87
