3.5747,913.13
28.131,1200.7
36.855,1160.2
39,792
45.191,126.24
62.013,134.11
63.5,58
68.453,1167.8
72.12,521.5
77.758,455.43
77.972,828.55
78.081,1233.7
79.646,47.062
81.579,759.89
85.897,613.42
95.306,1111.5
107.38,135.38
109.98,41.878
119,314.09
121.91,666.6
123.11,602.14
122.95,1086.9
129.82,577.95
136.23,899.86
134.5,1083
148.1,866.48
143.32,1093.8
149,83
164.85,31.462
179,810
182.1,1093.6
187.76,366.35
193.15,294.44
192.81,660.72
193.22,986.5
193.09,1176.1
193.93,341.93
199.87,617.33
225.17,921.43
246.34,1239.1
256.7,7.4386
257.87,373.52
268,550.5
270.79,1189.9
274.18,149.61
293.07,751.59
311.14,628.19
312.61,908.14
328.05,180.15
331.58,256.89
332.46,839.92
340.18,1167
351,121
351.9,923.62
366.21,744.5
376.79,155.79
375.97,449.56
377.94,949.43
387.18,145.89
386.5,357
392.89,779.63
393.92,1237.4
406.5,1074
413.13,517.82
426.48,470.81
428.15,900.4
438.55,95.857
438.9,214.62
461.32,610.45
462.95,838.64
462,685.86
485.62,1245.9
500.26,309
506.62,928.18
511.54,1118.9
537.12,83.64
535.43,451.39
548.17,457
556.57,313.58
556.5,1186.2
560.02,627.9
562.58,227.57
574,327.5
577.93,603.05
580.47,1044.8
585.83,784.7
588.18,405.61
592.52,926.89
593.45,1065.5
596.48,352.94
596.67,1179.6
602.77,16.018
602.84,771.11
607.94,148.1
608.5,288.5
610.61,1169.9
612.07,1112.6
656.19,778.72
658.45,276.55
662.85,680.41
681.08,309.59
710.55,732.19
710.62,117.85
709.86,1190.5
711.97,600.09
715.86,890.39
720.35,759.94
720.24,1085
735.9,365.8
735.05,1160
742.87,1097.1
740.07,129.74
747.5,1232.5
756.83,277.64
760.79,1018.8
767.29,181.92
767.5,64.37
769.58,1226.7
779.63,627.12
795.52,160.67
795.56,497.67
801.27,800.3
803.08,863.08
807.47,744.56
806.8,380.8
809.75,4.6818
809.38,935.22
814.36,1152
815,344.25
828.99,607.31
832.3,673.46
838.96,90.5
836.09,717.91
836,1208.5
852.93,347.56
854.19,1172.3
860.22,1031.9
868.6,621.82
869.55,409.59
878.5,274.5
890,753.5
903.28,206.86
908.05,1125.6
909,488
910.69,892.91
915.89,244.41
915.64,400.31
914.3,904.12
921.3,1081.1
929.63,1139.6
931.34,85.246
936.65,955.57
931.82,1215.3
955.58,742.58
960.98,134.19
965.45,857.42
966.47,1143.3
968.66,788.38
972.91,483.1
994.63,1075.1
994.56,564.92
1000.1,31.025
1017.1,1057.9
1018.5,617.5
1027.6,473.47
1054,847.5
1073,527.93
1075.2,33.333
1082.6,549.89
1086.7,403
1096.5,949.46
1107.1,812.68
1108.8,245.37
1118.4,706.89
1119.7,241.83
1125.9,719.56
1127.2,1237
1136.5,698.36
1152,630.61
1166,400.4
1174.9,133.19
1180.8,555.2
1179.6,843.24
1184.1,272.84
1191.1,770.08
1206.7,241.85
1209.6,766.79
1211,1116.5
1210.6,15.041
1213,233
1223.9,1057.5
1241.6,388.01
1240.4,1177.4
1241,1048.6
