2.4386,20.877
3.3667,530.37
8.0098,389.22
12.31,612.42
13.548,1075.8
27.951,837.16
27.218,287.96
26.333,273.69
31.044,118.18
31.045,1032.5
31.109,902.37
35.511,1209
35.367,1128.4
49.804,982.89
50.059,259.55
53.79,809.24
56.424,333.75
64.5,270.5
69.792,497.47
68.878,739.49
72.312,420.7
73.963,296.63
76.351,188.07
81.985,32.962
83.59,78.53
97.442,308.56
108.92,789.49
110.61,219.18
113.63,364.59
123.9,1230.8
123.4,1107.4
140.51,74.696
138.58,243.45
139.17,378.95
143.4,44.371
143.12,1194.6
154.98,1104.4
159.97,382.24
160.1,535.47
162.98,866.11
170.38,572.86
175.06,227.93
174.94,475.15
170.58,751.11
174.17,981
178.48,168.58
177.9,31.95
181.59,667.89
186.57,902.8
185.17,31.333
194,757.74
205.55,676.87
213.52,1196.4
227.59,494.31
225.76,1091.1
228.17,1239.3
258.19,915.96
273.62,1046.3
279.06,216.03
293.5,188.5
300.31,1223.4
299.02,1162.1
307.9,26.62
308.5,1017.5
311,318.32
315.38,43.551
328.73,1214.1
328.5,884
330.46,181.84
330.87,1048.7
346.46,719.17
346.65,112.06
346.39,428.86
359.58,483.89
360.91,1203.1
367.94,1117.7
374.59,31.984
378.73,1067.3
380.94,575.74
383.58,1021.4
396.34,859.72
406.41,144.28
405.42,384.11
407.07,233.77
406.5,243
414.37,189.53
417.49,15.778
420.28,424.28
425.2,561.97
431,1049.5
435.07,737.07
444.5,1166.5
456.7,361.13
458.17,1184
461.74,950.32
463.34,745.53
470,581
470.95,770.48
471.58,789.61
471.42,879.53
482.25,1225.6
475.42,1086.9
477.5,303.5
479.86,739.5
487.07,45.045
497.79,227.23
494.63,1027.4
505.95,205.37
505.5,87
508.06,146.57
512.75,54.858
516.29,110.56
519.1,418.41
523.3,3.1964
522.3,224.16
530.37,495.48
533.55,629.96
537.07,522.07
540,883
561.92,489.38
570.47,257.21
570.57,202.34
571,880.5
581,2.2667
596.37,551
595.66,619.38
600.5,282.5
601,707.82
604.11,1015.4
605.45,604.69
613.22,369.44
614.17,154.75
622.54,477.69
623.13,742.18
632.73,649.18
631.74,964.74
634.71,808.11
641,268.5
645.76,293.18
647.92,200.42
649.32,444.22
650.58,944.11
656.27,557.41
662.14,1025.6
669.83,541.69
676.11,435.05
680.93,1039.4
689.01,1193.1
714,639.5
720.24,6.1636
717.62,163.81
722.35,408.62
723,594.75
722.64,868
722.68,1013.1
725.21,680.4
723.5,848
737.79,579.28
743.84,137.02
738.08,2.9167
740.33,913.61
740.89,208.6
743.82,489.03
742.46,874.85
750.91,347.77
754.84,176.9
763.02,145.95
761.4,1188.6
765.14,787.5
780.83,549
784.5,402.29
791.71,992.71
795.09,846.91
799.81,758.06
802.41,1229.1
808.69,399.06
811.44,523.43
823.21,1221.1
825.16,103.89
832,240.26
831.6,277.01
833.44,1170.4
837.9,49
837.25,3.6333
835.25,873.17
842.08,583.75
840.12,409.1
842.49,133.82
842.74,955.43
848.12,302.09
847.6,1243.6
870.74,465.45
882.48,874.25
881.55,160.31
882.69,253.6
894.19,756.14
904.18,761.54
901,1061.5
907.96,1110.1
918.62,467.77
909,77.5
910.69,120
922.61,984.39
921.94,1079.3
924.08,223.92
926.8,417.79
929.2,57.869
935.53,354.53
933.1,930.35
935.26,229.43
954.06,11.701
952.72,830.42
956.5,1241
964.32,998.73
964.37,902.2
967.64,518.87
975.63,559.69
975.62,1172.6
975.68,722.05
982.05,1032.5
984,758
991.46,1231.8
990.47,168.26
994.94,202.48
993.27,300.01
995.61,956.86
1002.7,261.58
1000.6,360.43
1011.3,421.12
1023,1159.5
1033.4,355.06
1033.3,1024.3
1038.5,101.19
1046.1,204.17
1042.5,982
1054.1,1056.1
1054.4,1157.5
1061.3,532.96
1058.9,863.41
1059.1,1201.9
1064.8,157.18
1072.7,1225.1
1073.4,442.75
1076.2,516.22
1078.7,1090.9
1076.6,1186
1083.7,659.84
1089,828.5
1096,714
1103,1202.1
1111.1,413.8
1120.2,369.57
1120.5,1146.3
1123.3,754.14
1123.7,161.56
1121.9,461.5
1127.3,741.41
1145.4,253.24
1150.4,333.03
1158.4,107.35
1157.8,636.48
1161.6,150.41
1171.1,38.716
1169.7,589.64
1171.1,127.05
1177.5,997.25
1178.4,71.179
1182,789
1193.1,674.85
1194.9,548.31
1195.5,1186.1
1195.7,811.03
1199.8,776.63
1201.4,1120.6
1197.9,955.91
1201.6,618.5
1206.2,120.35
1213.2,970.99
1225.1,282.5
1224.9,623.41
1227.9,637.57
1229.7,1194.5
1239.4,495.11
1239.5,98.71
1239.4,869.14
1242.4,577.37
1242.6,837.31
1245.4,714.92
