8.2259,65.833
2.5,486.5
2.16,669.44
2.3429,798.4
8.7083,860.19
4.7321,1114.5
3.5789,1243.9
10.682,182.36
11.218,1158.5
12.157,1218.7
18.85,507.68
16.483,41.867
14.926,189.56
20.378,258.42
22.5,105.38
25.396,219.74
20.15,909.05
31.544,384.3
23.328,1169.6
26.228,490.44
29.446,704.72
31.953,680.25
34.664,151.29
35.091,756.67
37.826,316
39.673,909.14
44.117,54.921
40.044,882.33
41.909,734.91
42.727,924.45
44.044,531.42
44.433,629.78
43.231,1014.5
42.565,1032.6
44.8,588.18
48.452,454.42
49.694,841.94
51.354,503.51
55.304,880.12
58.793,437.72
57.11,213.36
56.373,378.86
63.661,335.5
62.681,651.88
63.098,1014
66.914,461.47
67.6,598.12
67.1,852.62
66.6,220.4
69.508,969.66
74.207,1150.8
69.581,837.93
70.386,934.52
74.782,311.17
78,278.66
77.581,748.67
81.69,922.5
81.667,1167.9
80.367,1045.4
85.333,425.83
83.48,606.68
84.771,981.85
90.034,534.32
85.596,246.82
84.897,562.85
84.356,678.31
83.9,896.05
89.88,813.56
85.364,287.68
86.929,334.95
89.377,763.05
90.946,793.03
90.523,1042.8
92.543,1125.2
96.318,668.21
90.889,1190.3
92.486,300.73
93.835,315.14
92.421,898.11
95.4,358.03
94.632,512.97
97.174,468
98.514,159.7
105.32,227.18
100.43,146.39
100.5,423
101.73,1018.7
105.5,45
105,114.5
105.5,1036.9
108,352.5
108,1136.5
110.08,618.63
112.83,849.21
120.46,188.1
116.68,1191.9
117.9,861.93
119.12,105.65
118.83,632
123.05,555.32
123.14,231.14
122.91,254.91
124.33,475
131.32,143.2
129.69,327.17
133,646.5
132.88,1136.6
132,407.83
134.64,1241.8
135.21,727.5
134.58,172.11
135.24,361.9
141.01,922.04
137.41,310.71
136.67,441.73
139.61,748.88
142.53,131.85
146.45,345.84
147,1082
150.84,845.88
148.2,1236.1
151.65,16.147
153.14,70.643
152.5,606.35
156.44,265.98
155.13,3.7105
155.45,317.32
161.54,468.23
167.75,919.46
164.4,404.37
165.56,602.18
165.69,1196.5
164.75,343.06
167.35,821.94
167.15,1170.5
172.91,754.34
180.16,1223.7
173.29,391.45
175.63,716.74
179.96,248.36
178.73,280.47
180.6,401.6
182.89,774.85
182.94,884.66
183.6,323.64
184.5,396.5
195.13,293.17
189.07,711.59
191.73,227.78
197.9,317.66
196.06,57.955
194.65,171.12
193.5,968.5
195.67,562.17
198.01,1062.5
199.04,982.44
201.32,440.2
202.01,832.59
206.2,354.67
207.11,131.71
211.99,461.9
212.35,1124.7
212.83,231.7
209.5,343.5
211.58,891.94
215.06,980.78
213.04,930.26
216.96,290.03
213.5,1063.5
216.52,38.776
217.56,78.2
217,699.5
217.5,102.5
225.53,1170.3
223,350.5
224.15,202.54
224.45,889.42
226.5,760.22
229.07,1245.1
232.13,148.61
232.22,663.37
230.94,1084.1
234.02,73.797
238.92,583.16
236.34,885.66
235.44,465.93
248.94,483.68
249.31,133.62
245.15,1161.4
248.52,1041.2
254.02,222.19
251.72,812.79
254.15,870.99
252,34.826
252.07,1231.6
256.93,1139.2
257.44,1222.1
257.09,794.09
262.05,467.98
261.93,690.41
264.5,789.5
265.18,990.67
270.5,22.5
270.18,257.11
270.14,1123.5
276.25,749.83
275.93,438.99
277.12,642.6
274,885.5
275.54,1065.9
278.13,616.54
276.46,1193.9
277.17,222.93
277.68,364
281.04,844.57
278.93,897.59
280.68,346.95
284.91,1011.3
282.71,564.75
284.61,824.83
287.41,1027.9
288.97,2.1667
289.51,28.256
288.8,600.83
294.16,875.31
289.27,1149.4
293.94,362.32
289.5,556
295.9,1129
293.32,727.22
294.06,307.25
298.34,346.63
304.08,459.15
307.25,641.53
301.14,811.17
303.69,948.76
301.6,320.6
307.76,18.559
305.94,106.69
305.5,408.4
317.22,903.29
309.24,697.23
310.15,1050.5
311.36,313.06
309.76,294.74
317.68,1235.8
313.96,230.17
317.99,507.67
314.5,60.5
315.93,732.98
326.77,537.17
326.55,1098.9
325.3,9.4479
331.36,263.01
333.44,387.3
330.73,716.44
330.52,857.36
329.42,640.89
331.53,816.67
333.61,676.86
335.43,1188.6
339.48,33
335.85,200.77
336.59,483.29
335.47,802.72
337.57,53.086
339.46,1162.5
338.42,1031.9
348.17,758.43
342.37,471.63
343.67,1130.7
345.09,156.91
348.41,403.29
346.35,821.58
355.01,345.04
349.9,387.51
349.56,1148.6
355.77,728.25
352.68,967.36
354.39,265.26
354.46,444.27
357.07,560.25
360.57,1081.9
360.82,1130
362.87,692.83
363.68,164.44
366.03,417.03
370.76,742.74
368.55,298.8
368.21,229
379.95,1082.1
369.84,153.08
374.66,620.15
374.41,92.586
378.05,1196.4
375.42,270.7
377.45,964.45
375.4,401.4
379,496.15
383.07,531.41
391.12,100.13
389.72,709.85
390,1037.2
390.18,599.62
391.79,74.5
398.12,1157.7
397.04,236.96
399.97,756.07
400.05,840.73
400.48,492.66
400.41,813.94
403.48,869.54
403.57,1144.3
406.22,191.26
405.53,542.47
412.13,313.39
408.89,409.63
410.66,691.2
413.45,434.38
416.22,362.9
420.22,1118.8
414,793.65
414.83,890.07
417.83,933.11
427.19,257.12
419.81,1006.1
423.71,897.47
421.67,1030
423.07,1080.6
425.15,417.35
434.13,381.68
432.03,105.07
431.97,962.56
431.35,354.5
435.9,649.51
436.41,692.93
432.63,942.27
437.55,289.19
436.71,678.53
434.42,904.58
435.2,164.68
440.08,183.18
436.47,235.38
438.34,1198.9
440.31,54.674
438.5,876.5
443.56,1109.9
442.41,804.07
465.77,159.78
452.6,881.28
455.2,1213
454.63,311.77
462.06,355.25
456.94,682.86
456.97,1052.9
471.14,539.58
459.39,643.14
463.97,454.38
456.85,83.262
464.22,309.15
461.5,1064
466.08,1049.1
472,437.5
473.85,1124.6
473.38,343.38
475.78,394.65
477.57,737.32
476.5,715
484.78,769.38
478.57,839.61
483.98,1048
487.6,227.33
483.73,674.04
486.85,1175.4
485.96,684.17
485.73,1028.1
491.44,245.05
491.66,41.852
492.53,881.76
494.24,795.48
498.72,956.08
494.4,551.6
497.75,600.09
499.76,930.99
497.4,107.82
498.53,318.68
498.78,341.72
502.94,427.08
505.13,1182.6
503.71,712.38
502.45,853.69
502.5,206.5
502,1208
515.06,243.68
507.5,511
509,987
510.67,779.72
512.57,1004.5
514.08,843.42
515.9,677.8
517.4,897.59
515.59,827.96
514.85,147.54
517.35,542.95
522.42,388.8
523.08,1216
525.32,516.42
527.41,1156.5
531.55,720.86
529.83,937
532.75,862.75
533.05,642.17
535.72,1112.7
537.21,734.05
535.51,1209.6
534.43,374.94
535.5,88
537.04,193.07
536.71,216.55
544.81,162.91
539.1,1051.6
544.87,9.3544
542.77,32.54
539.25,401
544.87,1146.7
545.18,306.76
541.07,327.07
550.42,445.46
546.49,1221.1
545.66,110.57
548.04,927.76
550.71,203.8
546.58,657.11
549.91,57.897
550.06,420.46
550.5,1113
556.09,257.37
559.25,510.95
559.62,599.71
560.18,148.71
562.38,398.61
559.7,225.83
560.82,1173.3
562.7,1188.2
560,1246.1
561.16,379.1
561.64,825.86
564.33,467
576.27,1088.4
569.4,1163.7
576.39,264.42
570.35,282.38
571.93,916.47
573.31,942.09
577,224
581,880.75
581.12,1021.5
585.5,758
589.64,728.43
589.93,858.07
592,2.3846
599.25,79.287
594.09,127.27
590.67,428.83
593.11,42.161
598.83,995.59
594.44,701.46
596.99,10.029
603.33,1048.6
600.67,543.25
595,610
596.08,830.92
599.12,782.79
597.42,302.11
606.59,563.73
617.38,1166.6
610.78,33.541
612.36,422.5
613.5,733.5
614.47,888.31
622.14,1072.1
614.42,909.89
619.11,574.24
620.93,155.9
624.32,505.7
621.04,203.6
626.43,433.2
628.15,478.06
624.53,589.58
626.7,852.67
629,1090.5
629.87,1106.7
633.14,788.97
636.15,233.04
632.9,1119.6
639.78,803.05
640.96,508.04
639,893.33
639,1163
641.17,389.33
640,416.5
640.09,437.09
644.4,934.6
647.39,1195.8
647.55,134.36
646.61,883.14
648.41,1051.4
650.89,763.57
650.5,45.5
654.09,1074.5
656.33,326.5
654.07,549.15
654.7,629
659.26,155.88
660.04,731.02
658.24,369.93
662.03,64.551
662.97,574.54
658.73,1091.3
670.64,1027.7
667.56,1222.2
668.11,810.39
679.61,139.9
673.84,325.06
673.33,5.712
672.08,523.41
676.39,1180.1
672.17,535.43
678.77,702.79
676.97,980.33
684.79,34.205
682.45,816.63
683.4,1038.3
688.88,384.42
686.12,507.24
684.57,785.61
686.5,971.21
685.39,1167.9
686.06,562.91
689.2,1246.3
690,20.587
690.62,101.54
688.42,251.89
691.83,743.04
707.68,167.19
695.39,922.4
694.5,455.5
697.64,241.05
698.5,824.5
698.67,1103.5
703.74,1206.9
701.79,595.97
700.08,662.53
702.98,480.73
700.64,227.5
711.05,544.63
709.61,898.31
708.72,723.88
710.08,860.8
708.12,370.65
708.44,457.67
712.79,807.41
717.69,747.69
719.02,583.57
722.49,610.9
717.5,1158
721.1,235.62
722.83,1064.9
728.64,18.1
730.45,773.27
728.2,1107.1
733.26,107.11
728.93,1189
732.04,1234.8
732.07,280.86
728.5,573
731.48,506.33
733.75,651.69
742.55,458.42
733.38,693.5
736.88,578.45
735.47,1154.9
737,525.5
739.14,668.07
738.96,811.56
738.58,1015.6
743,151.73
741.86,250.65
741.56,1216.1
748.66,853.93
744.04,1172.9
745.94,342.18
748.31,1097.1
750.59,106.64
749.63,1195.1
752.58,688.89
754.14,704.61
753.12,1055.5
755.6,950.79
755,1203
759.55,162.47
758.84,196.34
764.19,674.43
762.18,992.45
762.78,648.55
760,958
764.09,288.91
769.92,351.35
767.14,738.5
767.97,1009.3
767.59,1023.1
767.74,1057.1
770.39,39.205
769.69,483.91
774.6,399.14
775.19,150.99
781.74,494.27
780.09,632.91
785.73,267.42
786.54,1015.2
784.07,59.586
792.17,118.14
785.06,85.906
788.98,647.73
787,730
789,308.25
790.75,912.07
794.03,528.07
794.3,1099
794.61,695.14
797.91,74.433
795.95,636.83
795.42,1242.5
796.15,602.35
798.5,1167
799.46,766.85
801.74,1051.7
803.72,1234.8
802.07,987.41
805.79,224.7
809.21,547.24
813.95,1241.9
810.06,172.43
812.48,142.74
811.93,646.56
813.31,1218.9
814.38,1026.6
818.8,272.15
817.26,316
819.24,41
823.67,797.63
830.2,400.5
822.55,763.43
826.07,163.84
823.64,342.04
824.68,824.05
824.39,906.39
825.44,253.8
826.37,1094.5
837.06,456.39
832.2,651.41
833.39,938.04
831.5,434
835.4,692.2
834.29,1116.6
839.91,66.876
842.13,313.32
845.6,20.771
843.08,152.95
846.13,223.97
850.86,874.61
849,1174.5
855.13,741.53
854.66,1161.2
858.87,49.777
858.72,229.99
860.54,830.46
859.11,919.67
865.75,87.972
864,177.5
872.29,273.7
867.59,774
866.99,793.08
872.85,206.35
869.59,503.01
867.63,852.78
871.76,867.53
871.89,304.63
872.61,1082.7
873.34,567.62
881.07,219.86
883.01,432.43
880.94,1062.6
880.48,1161.4
883.25,364.86
882.26,492.14
883.57,10.766
884.28,502.67
886.34,886.87
887.05,180.56
890.64,405.06
889.77,383.91
902.93,75.229
892.42,907.42
893.5,343
893.5,353.5
895.54,1094.4
899.15,529.85
896.07,39.067
901.14,988.55
901.92,1011.2
903.57,688.9
904.09,219.13
907.09,613.38
905.89,559.14
904.45,1079.3
906.86,196.06
908.63,427.96
907.44,110.46
908.19,19.115
909,1236
911.52,267.79
912.62,256.66
914.52,858.89
929.72,694.79
915.11,1081.4
918.52,137.82
921.06,1197.8
919.64,613.5
921.61,1005.1
927.93,575.7
926.43,268.43
925.33,974
929,11
932.43,88.569
934.64,717.83
934.58,106.55
936.18,556.65
935.9,408.62
941.09,70.092
944.33,470.74
941.25,379.57
939.82,621.73
939,264.5
947.73,940.16
952.73,582.12
947.2,788.07
949,1094
951.54,259.74
952.6,642.99
952.32,1011.6
957.5,366.35
959.16,448.12
956.94,1241.4
961.44,326.44
963.38,210.78
967.98,408.57
972.55,742.04
968.82,645.32
967.85,691.46
969.37,919.63
972.8,680.77
976.2,13.69
972.86,181.86
975.35,605.38
980.19,767.37
976.84,136.99
982.89,539.39
983.93,237.17
980.5,354
980.93,1002.1
986.62,397.35
986.9,85.2
984.42,1057.9
989.58,1114.8
995.02,924.38
998.38,181
998.44,340.22
1002.4,105.74
1006.2,154.83
1001,495.14
1001.6,679.52
1002,960.66
1004.8,472.76
1007.5,420.54
1005.7,882.41
1007.2,320.01
1005.3,264.83
1010.6,298.22
1009.5,533.1
1013.1,23.303
1015.5,499.96
1019,792.42
1016.1,1087.8
1019.7,66.564
1015.3,1046.5
1017.5,1120.1
1021.2,262.99
1025,321.7
1018.4,777.2
1022.2,355.77
1024.1,1195.7
1031.2,301.85
1032.4,655.25
1032.3,728.08
1029.7,986.17
1030.7,1065.3
1034.3,187.34
1036.4,795.18
1041,1102.6
1044.3,295.71
1043.6,886.11
1051.8,157.82
1044.7,620.41
1044.6,905.86
1047.8,1146.4
1046.8,650.19
1048,840.23
1047.7,666.29
1051.9,486.54
1053.2,1221.6
1054.2,272.82
1053.5,802.08
1055,691.17
1055.5,1079
1057,126.43
1057.5,311.27
1061.8,1156.2
1062,357.88
1064.9,787.07
1062.4,821.11
1063.6,1229.6
1068.5,245.04
1074.3,129.9
1069.4,272.06
1068.5,863
1072.4,52.875
1072.6,700.41
1073.5,533.66
1075.5,40.375
1075.4,568.94
1089.1,184.13
1081.9,502.11
1077.5,770.5
1075.9,820.44
1077,958
1081.3,829.12
1082.3,1071.1
1081.6,519.93
1087.8,47.486
1082.9,422.91
1089.5,7.1597
1088.5,215.5
1087.2,704.35
1090.3,290.5
1095.3,1013.4
1092.7,144.97
1095.2,399.14
1096.5,600.79
1093.6,691.42
1094.9,711.29
1095.8,1149.9
1102.6,358.01
1110.9,405.91
1109.9,320.66
1109.3,1114.6
1113.5,693.7
1113.9,219.49
1116.5,817.65
1118.8,880.48
1120,161.06
1121.6,508.45
1119.9,854.89
1119.9,44.848
1126.2,1096
1119,772.25
1126,920.12
1127.7,630.57
1129.5,1146.7
1132.3,105.78
1132.6,475.93
1130.3,644.88
1132.3,1236.5
1139.8,376.77
1135.1,1001.1
1135.1,1211.1
1141.4,40.812
1138.5,210.59
1140.9,236.46
1140.6,1098.6
1143.5,4.5065
1145.6,1075.9
1152.4,140.8
1143.5,617
1147.2,744.9
1149.8,223.48
1148.1,712.36
1150.4,1211.1
1151.2,261.5
1151.8,178.93
1153.9,639.39
1156.4,159.33
1157.8,785.73
1154.6,820.89
1156.1,1124.4
1157.8,691.07
1157.2,767.26
1160,1110.4
1159.4,503.4
1162,805.74
1168.4,903.4
1162,201.83
1165.4,750.96
1164.9,839.1
1164.4,50.591
1169.7,298.26
1165.7,360.61
1173.9,533.24
1166,1165
1172.5,130.75
1169.7,947.46
1180.1,736.41
1177.1,801.72
1181,344.55
1176.4,1244.8
1178.9,401.63
1179.4,485.37
1184.1,216.05
1181.4,1202.1
1184.9,254.39
1186,417
1187.4,670.45
1190.4,951.31
1189.1,655.46
1193.1,158.96
1191.7,1085.4
1191,97.5
1191.9,428.2
1195,516.59
1196.7,928.27
1205.7,625.87
1202,883
1208.3,597.48
1204.5,890.5
1206.9,997.69
1207,152.64
1207.4,272.34
1213.5,711.99
1211.7,400.44
1210.6,1082.6
1216,1115.7
1215.5,428.39
1215.9,85.479
1221.2,1134.9
1221.2,371.21
1223.6,615.71
1226.8,874.17
1232.3,431.71
1228,382.5
1229.1,1194.9
1230.6,1177.4
1237.5,1239.7
1240.9,1081.9
1242.6,409.86
1238.1,1059
1239.7,793.43
1243.1,33.314
1242.1,564.57
1242.5,206.5
1244.5,1000.9
1245.2,382.04
1244.7,542.96
1246,88.135
1246,283.91
1246.4,486.66
