4.303,152.88
3.0732,727.17
3.32,890.14
7.2692,24.279
12.946,244.69
15.204,669.67
14.661,327.9
15.06,739.15
20.435,970.35
20.132,188.42
25.177,106.21
27.569,918.53
28.403,1236.5
31.516,351.65
30.415,944.68
31.5,1165.8
35.414,336.47
38.476,473.93
41.403,595.03
41.081,35.459
48.411,894.69
46.032,112.68
45.314,541.91
53.091,1203.9
55.581,1073.5
62.5,481.29
68,943.24
69.5,626.65
72.132,442.96
73.091,161.91
82.627,62
82.217,1097.9
82.5,345
84.303,651.31
83,437.75
87.962,480.92
90.957,233.35
88.5,766.5
87.926,832.59
91.612,1238.7
91.174,1110
93,1063
92.92,1121.6
100.95,63.833
100.5,203
106.73,87.011
105.88,370
108.61,1055.1
111.06,3.6061
109.07,512.95
118.52,158.98
128.09,218.29
129.54,933.35
125.63,1210
134.75,416.35
131.17,1192
131.5,296
134.57,1159.6
134.88,267.08
135.91,693.91
140.42,882.55
145.65,866.23
148.75,135.32
147.21,154.01
151,523.67
158.73,71.978
157.47,507.36
156.5,300.5
160.93,927.56
165.4,1037.8
165.17,888
167.32,241.83
167.93,464.59
171.87,907.53
171,100.57
174.13,1196
173.58,707.58
187.01,1016.9
184.5,843.47
179.5,406.5
183.88,456.25
188.75,383.85
192.93,997.41
198.84,849.93
198.35,894.75
201.88,1103.3
201.66,444.21
203.58,81.686
206.39,1227.9
209.71,436.59
215.06,220.06
214.5,558
221.33,507.3
216.63,962.37
219.39,198.98
220.29,462.43
231.65,268.39
224.5,36.5
227.92,1205.4
231.42,358.22
231.93,1128.4
237.55,429.31
240.02,229.88
246.27,303.49
245.06,577.03
244.07,1102.4
252.02,791.39
251,684.86
254.62,1232.9
255,332.17
260.86,1048.9
265.6,201.76
267.79,23.889
266.5,979.5
268,64
271.05,1241.5
274.27,269.26
277,119.5
279.5,787.88
276.84,964.57
282.56,829.94
288.38,508.77
284.85,588.71
282.42,711.89
287.05,873.74
287.48,386.52
288.53,168.15
292.61,455.14
294.92,402.92
298.06,674.17
298.45,133.06
301.57,1210.9
305.19,829.67
303.94,118.09
308.43,993.92
307.3,180.5
310.05,634.07
315.54,381.55
321.89,570.08
320.58,726.11
323.85,830.88
327.51,326.55
327.19,300.74
330.07,90.414
331.5,206
332.03,223.95
333.49,568.78
338.97,1041.9
336.15,117.62
338.94,1097.9
339.17,1151
340.41,493.07
340.92,1005.2
345.31,524.8
347.78,299.15
349.76,189.77
347.89,375.89
349.64,908.77
354,417.03
354.17,352.62
356.13,545.94
355.86,734.33
359.11,5.1769
359.57,1157
360.91,328.53
361.77,1059.6
363.28,589.12
364.38,97.524
368.55,1032.4
371.19,366.14
374.83,535
377.7,1081
380.66,712.28
379.6,1219.1
380.79,1117.1
387,963.5
388.46,82.415
388.67,39
395.86,592.56
392.16,891.84
391.86,1040
394.5,652.45
398.57,249.63
403.85,496.55
400.32,53.064
400.26,859.51
402.19,761.92
403.43,1027.9
407.72,834.08
407.42,73.746
410.63,122.31
407.81,172.19
408,204
408.58,1146.1
410.38,915.62
412.8,694.44
416.07,355.44
416.07,1001.6
423.04,978.33
421.89,773.73
421.17,1096
425.17,506.65
427.38,182.85
428.56,1021.6
429.09,306.91
430.74,693.8
435.59,554.56
439.54,140.82
437.68,457.2
440.46,216.57
441,1008.5
445,4.6538
447.2,1119.1
446.82,1242.6
448,253.5
447.5,66.5
454.03,475.1
456.02,188.42
455.08,434.75
453.14,818.5
454.5,927
464.88,155.59
467.68,568.2
468.5,440.5
470.17,459
473.4,262.96
471.5,1024
476.15,54.624
475.8,599.19
485.02,1033
483,968.5
489.34,231.81
486.78,901.08
487.88,1091.1
489.92,559.83
491,1151.5
493.14,1166.5
498.95,342.53
498.44,71.8
499.85,546.1
500.08,420.08
506.19,296.89
506.65,15.246
509.09,1213.1
513.63,1003.6
520.46,226.42
518.43,1036.9
523.26,32.353
523.69,155.45
525.04,1173.9
533.5,342.5
536.9,195.62
546.79,642.53
540,1247.1
542.6,98.762
543.69,946
546.11,1147.8
545.27,388.55
548.75,1169
552.28,1085.2
549.35,1227.7
550.42,1193.9
554.34,484.21
557.13,1136.6
557.84,321.35
562.05,300.92
559.61,806.59
563.08,149.6
573.75,424.11
565.5,1202.5
580.19,554.33
575.69,392.16
577.22,682.7
576.91,94.045
579.57,343.13
578.4,193.36
577.5,601.5
580.52,746.93
581,1198.5
588.39,285.96
590.57,318.34
592.42,767.97
593.5,530.5
595.27,743.65
596.95,1072.1
600.44,22.923
602,45.5
605.03,590.87
606.32,845
607.86,898.79
607.86,1147.1
611.42,814.42
613.91,791.03
618.56,1077.9
622.83,708
627.23,91.289
629.67,316.59
630.58,1142.1
634.35,207.33
636.73,441.46
635.52,1035.4
638.37,505.96
638.02,1125.9
645.02,176.75
640.5,704
646.23,1059.6
649.49,44.599
651.13,438.29
657.03,1229.4
656.56,626.55
656.5,127
661.5,956.5
661,859.5
666.07,1129.4
669.39,775.86
673.93,117.1
675,93
675.36,966.92
678.42,223.55
679.9,246.4
680.67,22
681.93,1121.6
682.5,703
683.91,736.91
690.43,343.37
694.19,8.9057
695.09,118.49
694.91,382.91
701.41,627.83
700.06,1154.9
700.8,1015.6
701.66,1088.9
700.76,563.65
711.04,63.84
707.34,362.41
710.06,576.02
710.86,598.58
713.04,436.89
710.31,708.97
711.1,1077.5
714.88,816.48
722.88,270
726.45,236.58
724.94,477.04
728.24,197.2
730.17,501
732,221.5
731.42,627.42
734.36,702.58
737.52,157.44
741.74,731.44
739.09,1000.9
745.67,1121.1
743,1241.5
746.82,65.825
747.48,444.98
744.71,618.55
743.5,681.5
746.89,324
749.51,1230.1
749.86,423.36
751.5,791
761.11,285.07
758.35,393.33
758,869.25
757.38,1245.8
767.88,172.62
770.93,1204.5
770.16,114.95
771.23,502.08
772,1075
777,816
778.89,657.49
777.83,47.854
780.9,989.63
781.31,407.59
783.16,485.48
785.42,1227
784.55,679.29
786.11,645.42
788.74,804.24
788.12,1109
787.58,383.55
788.88,561.88
794.69,824.47
801.27,856.93
796.94,677.98
804.65,26.846
805.62,319.19
809.74,489.97
806.17,694
808.5,355.5
809.69,829.66
815.43,408.95
820.67,809.56
823.17,1142
826.12,84.64
824.94,372.2
825.43,1183.4
833.39,407.14
842.65,1124.1
841.32,366.22
843.91,741.84
851.65,1244.6
851.68,930.05
851.42,679.89
855.36,373.9
857.8,411.93
864.85,975.29
865.53,734.15
863,914
869.2,757.56
873.21,530.02
873.5,637.13
875.43,336.17
879.45,965.64
879.31,821.53
882.74,1031.9
883.08,992.54
883.5,1134.5
885.92,468.46
887.73,544.2
892.75,749.65
890.71,130.45
894.09,923.6
896.45,68.449
897.27,1134.7
905.03,946.62
909.55,648.28
910.35,820.98
907.93,1144.9
910.32,1067
913.2,874.22
916.11,788.53
919.55,19.677
919.5,470.5
918,637.5
920.88,507.88
928.8,648.37
923.5,559
929.62,535.62
931.02,982.48
939.56,953.27
932.07,1152.8
936.31,464.93
937.5,860.5
949.7,483.68
944.83,1183.6
944.8,1134.1
944.57,535.05
944.37,1095.4
950.6,822.03
956.07,84.045
958.18,16.06
959.47,127.03
958.43,565.43
961.2,909.93
961.63,501.63
963.29,799.29
969.59,814.53
968.09,380.09
971.55,986.51
971.54,1177.1
976.47,637.73
978.07,1131.9
978.14,1208.4
978.48,584.71
980.16,315.08
984.05,1170.9
984.52,612.6
990,3.0962
992.06,821.43
996.94,240.92
1003.3,1186
1001.8,277.57
1007.2,688.12
1004.5,1165.6
1006.4,508.89
1010.8,85.266
1013.3,37.5
1015.6,589.41
1016.8,991.05
1018.4,792.2
1017.9,862.32
1023.2,1135.4
1023.8,90.571
1029.3,279.49
1029.5,1111.4
1030.7,385.98
1035.3,688
1040.8,257.95
1039.7,172.46
1039.6,392.61
1044.2,436.28
1043.1,603.71
1042.5,76.5
1046.6,648.6
1047.8,459.67
1047.1,523.44
1049.6,545.62
1053,975.54
1057.7,993.31
1057.8,334.07
1055.2,472.54
1056.2,44
1057.1,299.59
1063.6,553.25
1074.8,199.9
1071,1069
1072.1,50.184
1074.9,674.51
1073.6,729.78
1075.7,747.41
1077.9,112.16
1075.6,825.45
1075.3,1022.5
1082.3,1005.4
1083.5,419
1086.7,1142.2
1094.2,260.06
1088.9,1089.1
1089.7,485.31
1089.1,14.955
1091.5,934.28
1100,988.5
1097,3
1100.9,16.055
1099.8,187.83
1100.7,176.11
1102.1,236.65
1104.1,736.44
1106.4,524.16
1108.2,1024.8
1114.3,1147.3
1119.3,737.21
1124,128.56
1137.1,1141.4
1135.1,985.41
1137.3,1071.3
1137.7,1238
1150.6,1007.9
1150.8,71.709
1152.9,873.21
1151.4,691.46
1153.1,330.09
1159.9,365.28
1158.8,1161.2
1164.2,1238.3
1166.1,107.26
1164,1026.3
1167.1,1078.5
1165.6,525.11
1173,149.48
1184.4,576.65
1177.1,1036.1
1179.5,1197
1180.9,705.33
1186.2,1080.5
1185.4,730
1188.2,225.8
1191.2,910.17
1193.3,1200.9
1196.3,86.554
1195.9,275.54
1198.6,237.32
1199.8,1177
1203.3,1244.9
1209.1,51.5
1209.5,291.15
1211.8,1229.7
1216,394.29
1227.4,3.127
1219.5,54.445
1216.2,408
1217.5,1156.4
1230.7,878.97
1232.3,509.32
1230,238.5
1233,401.31
1231.7,1024.7
1237.1,335.22
1233.9,692.09
1233.5,1126
1240.3,848.08
1244,1131.9
1243.6,778.39
1244.1,1019.9
1245.9,1098.3
1246.1,764.42
1247.1,976
1247.1,1216
