3.3889,739.14
13.424,721.08
13.654,292.19
20.571,1171.9
23.429,339.14
29,1022
32.481,575.4
32.432,4.0541
31.5,404.5
49.37,343.7
57.271,58.729
60.641,138.59
71.541,357.08
75.681,459.64
73.058,1008.9
76.5,1236
78.14,1043.7
83.926,549.41
90.08,33.56
91.389,1121.1
94.5,232.5
99.194,9.3241
100.74,42.943
106.91,208.87
120.21,606.03
144.54,871.99
143.09,999.09
142.42,1096.9
147.2,241.09
147.5,1217.5
171.59,894.34
174.06,1236.6
177.53,1014.2
180.9,1096.6
191.22,664.88
191.53,890.76
196.89,70.37
196.5,198
196.5,621
218.46,439.09
216.86,691.5
235.11,1094.4
244.5,1243.5
248,368.5
268.19,903.81
267.33,767
268.98,1194.2
291.53,853.54
295.81,93.078
296.69,1100.9
306,401.25
310.31,631.28
320.41,461.4
347.3,624.46
350.14,927.23
352.49,783.58
362,654
380,347.5
388.48,151.13
394.63,645.63
406.12,1210.7
411.45,523.45
416.23,483.62
426.51,904.42
458,616
474.6,1167.1
478.21,506.87
483.07,740.59
485,105
493.15,293.4
513,923.75
532.25,401
531.42,324.89
545.63,555.47
547.24,186.61
586.75,486.68
590,929.67
591.41,1236.6
598.85,368.37
605.14,153.14
608.71,1061.8
611.14,1117
649.05,971.47
651.33,444.38
653.62,839.97
667.98,755.21
676.71,857.88
675.39,563.14
705.04,737.71
702.52,91.217
710.37,603.93
720.54,587
718.31,1089.9
719.17,258
757.66,506.15
767.5,1008.5
768.03,1234.5
774.9,531.38
777.74,630.92
785.07,1208.8
793.96,156.76
807.38,8.57
808.14,448.56
819,112.5
821.31,506.84
852,351.5
864.44,1216
868,413.28
875,47.857
877.5,62
905.17,210.35
908.94,1127.7
912.64,248.85
912.03,1007.8
917,407
927.47,1095.7
929.92,994.92
950.79,50.98
959.34,139.06
981.2,1123.9
982.63,1087.9
994.08,658.2
999.64,35.36
1003.9,105.51
1008.4,595.15
1012.5,1100.9
1022.5,1049.5
1031.3,748.6
1045.5,152.44
1047.3,784.18
1055,425.62
1053.1,657.44
1064.9,1139.5
1080.8,553.56
1085.1,567.53
1092.9,76.587
1106.6,250.11
1121.9,250.55
1126.3,1041.7
1133.1,149.41
1143.3,1126
1148.4,131.38
1149.4,635.41
1175.9,903.5
1177.2,848.45
1180.6,1093.5
1189.1,1.8333
1191.6,574.89
1196.7,422.42
1206.4,246.35
1207.6,771.02
1207.9,1120
1208.1,290.41
1245.2,1103.5
