5.5952,605.64
5.2647,734
7.5,1098
10.897,677.67
14.723,169.47
18.922,65.882
14.286,314.57
26.6,1129.1
26.5,39
32.067,802.42
27.074,1110.4
30,663
35.864,627.57
32.576,777.42
38.732,3.2439
38.581,100.29
38.267,726.87
41.593,830.93
43.6,475.4
47.011,549.61
47.919,592.46
51.936,1245.7
52.053,866.08
57.216,353.34
59.992,733.04
58.936,1198.7
60.846,265.17
62.067,871.17
66.213,762.77
72.5,395.5
73.417,808.49
75.516,24.137
77.923,745.53
77.333,253
81.185,1051.8
80.29,498.35
87.188,268.96
98.866,714.11
97.034,920.36
96.424,632
105.57,152.33
103.05,446.2
107.27,596.4
105.9,1239.4
114.3,37.079
111.63,876.89
112.16,1222.1
113.22,756.44
115.49,349.16
115.36,1007
118.28,1051.5
118.94,732.09
122.56,854.27
122.5,274
125.8,593.56
128.13,212.63
132.57,346.42
132.86,781.84
131.88,679.88
132.48,835.64
134.39,137.61
140.59,665.72
137.58,1142.9
142.53,15.146
141.92,953.08
149.12,512.74
152.86,358.1
155.51,550.43
159,253.65
159.03,645.4
165.14,392.73
165.87,218.26
166.84,496.78
164.5,917
172.4,731.6
178.16,460
177.92,500.44
183.96,528.75
183.42,572.77
184.5,1026.5
189.21,71.661
187.5,157.5
188.32,446.95
194.86,681.79
194.48,1087
197.7,1047.7
198.44,629.17
204,559.5
209.83,62.82
210.5,903.71
208.58,699.42
214.79,433.43
214.31,862.91
220.41,132.51
221.2,1111.1
222,188.5
224.04,835.22
221.45,699.73
222.83,482.58
226.61,814.84
227.38,218.96
230.09,1184
233.83,745.83
233.72,473.67
232.62,996.5
236.52,785.8
233.77,964.77
237.98,90.449
239.22,335.54
242.4,980.26
247.68,1223.9
247.6,798.43
247.59,654.39
250.96,609.48
247.86,1129.5
251.31,1090.6
253.12,290.83
251.86,437.86
256.71,827.12
261.95,504.33
259.78,239.53
261.24,945.12
260.72,209.57
262.09,799.64
262.78,1104
263.44,124.44
263,463.5
270.07,1030.4
284.32,868.28
283.65,909
293.16,172.68
298.46,190.56
295.57,1078.5
291.5,425
293.09,693.69
302.45,273.76
296.58,948.11
298.23,1048.3
300.5,8.5
303.36,420.11
306.05,1134.9
309.34,338.69
313.51,55.429
310.2,387.44
316,1171
316,934.83
318.53,773.8
323.58,812.58
321.98,462.05
321.72,754.5
323.56,145.17
324.32,1097.6
329.7,972.16
326.55,1018.5
334.5,1.8
333.98,344.14
339.51,572.15
343.17,447.95
344.13,155.95
344,716.17
349.41,435.07
351.6,1000.6
353.43,52.931
352.04,72.429
351.8,778.8
353.91,242.19
359.25,888.67
363.49,990.11
367.35,1112.1
374.34,621.2
373.56,807.17
375.01,1208.7
372.91,244.09
374.67,1017.3
376.55,355.29
374.65,851.12
375.37,864.37
382.26,879.07
382.17,231
389.06,479.5
389.93,1175.4
390.13,320.34
390,209
396.96,28.546
396.08,1062.4
400.29,422.74
401.93,71.593
406.83,375.43
409.52,536.93
408.67,643.11
408.72,935.47
408.55,1133.7
417.5,574.87
419.92,174.56
423.75,774.03
423.85,506.8
428.59,130.54
428.88,1127.4
426.5,24
428.34,218.41
436.99,1100
433.08,565.38
433.48,865.71
438.25,951.6
440.2,78.419
438.4,632.12
443.97,873.64
444.28,412.3
448.09,236.4
449.67,356.09
450.49,569.95
456.59,1081.7
457.25,492.39
464.91,310.81
465.98,242.38
465.5,764.5
470.14,945.18
469.4,712.11
471.75,417.64
476.52,196.47
474.07,848.01
474.07,1104.4
476.99,152.24
478.1,880.09
480.38,1192.1
492.7,706.39
492.83,7
494.89,1035.6
499.36,612.98
498.17,394.72
500.4,357.74
502.93,1072.6
499.37,428.5
502.29,1235.2
503.8,1036.5
503.92,28.083
506.72,475.86
506.21,944.24
513.49,205.12
510.91,707.91
514.93,1052.5
512.35,1146.5
513,685.5
520.07,1142.1
520.31,239.09
526.44,1164.4
527.15,1110.9
531.83,57.893
530.16,191.94
532.21,571.53
534.72,325.42
533.09,375.57
536.68,648.71
537.91,790.91
537.37,458.27
538.5,990.5
538.58,1224.4
539.86,1185.3
543.61,534.74
540.11,1019.6
541.57,1036.9
544.14,938.59
545.44,679.89
546.54,602.95
544.58,724.11
550.94,866.17
551.51,4.7652
550.48,1110.7
551.5,97.5
555.7,157.82
554.71,1049.4
555.5,1167
557.5,1055.5
560.81,1028.5
560.5,44.364
561,680.5
562.46,502.17
564.99,204.79
567.66,299.25
564.43,1047.9
566.08,963.98
569.29,244.14
570.65,76.685
571.41,124.16
566.38,1013.8
572.61,870.57
574.8,939.2
577.12,382.12
577.29,157.29
579.47,1009.1
584.88,356.76
583.07,1220.9
583.42,66.548
587.11,21.1
587.51,784.16
589.63,1044.5
592.69,1129.1
597.36,479.05
595,988
596.63,340.63
596.07,1069.6
604,267
604.5,202.5
611.17,1201.5
612.37,603.38
613.21,940.21
612.5,92.5
620,1055.5
623.19,473.14
628.23,1196.8
630.5,269.71
629,602
628.6,363.6
632.08,417.36
634.27,58.106
634.42,477.93
637.02,675.13
634.93,1227
636.23,876.6
636.22,942.59
640,734.5
642.02,989.79
642,37.5
641.42,622.58
641.42,1205.1
644.81,109.98
646.43,344.37
650.46,1046
651.85,575.49
649.07,936.41
653.61,1184.4
658.82,275.81
662.19,184.87
660.65,826.53
658.84,1021.9
666.95,719.03
665.5,331.43
668.74,424
670.67,511.94
671.14,636.33
674.23,979.74
674.08,1180.6
677.96,485.56
680,811.5
680.64,758.68
685.52,852.43
686.29,1201.5
694.25,42.549
690.09,494.91
692.78,872.3
697.08,430.59
696.56,937.08
698.23,803.23
700,1001.5
705.31,853.4
711.31,783.94
710.06,1182
711.46,865.41
715.11,899.35
717.36,109.68
720.92,828.08
722,1205
724.4,18.379
726.5,167.5
729.45,470.28
727.39,858.61
729.02,332.27
728.09,695.91
728.57,968.05
740.58,735.17
733.93,279.59
741.04,431.22
737.96,90.179
743.84,528.69
739.88,206.12
744.03,174.99
743.6,851.64
745.86,704.91
745.46,546.78
750.49,655.76
749.8,870.91
750.44,912.45
753.89,817.96
751.3,1084.6
753.33,1098.3
752.42,151.12
751,542
753.1,939
757.4,607.81
756.24,118.67
758.36,1245.9
757,960.75
761.95,11.671
763.09,994.04
761.54,400.29
762.67,408
766.93,1048.9
771.82,722.09
770.5,925.5
776.07,129.97
773.17,1132.4
772.15,1161.2
776.95,276.68
775.6,1104.6
784.11,801.53
779.1,870.44
777.09,604.91
782.62,737.78
779.98,1172.2
783.42,930.73
781.36,376.58
780.58,703.11
785.91,442.97
787.94,1029.9
790.6,858.49
789.08,179.52
792.97,626.37
791.12,562.88
796.92,656.19
795.46,1200.8
803.91,727.79
801.5,968.76
799.63,1230.6
810.93,747.92
806.18,780.03
807.95,145.53
808.61,84.887
810.33,805.92
809.92,656.5
824.58,317.43
819,631.99
820.39,14.361
819.96,343.55
821.08,996.97
822.85,558.82
821.63,842.84
824.45,1109.4
825.66,773.77
829.06,141.03
827.07,250.41
828,797.15
829.77,889.04
835.26,675.69
831.49,1075.2
830.76,180
832.5,721.76
832.36,493.5
834.85,1041.3
833.63,1116.6
836.82,208.25
836.89,425.05
840.87,755.72
838.51,1218.9
837.47,337.84
839.5,358.21
845.9,813.96
846.26,143.92
840.58,166.11
844.62,643.42
845.26,1004.9
852.09,582.66
849.58,236.11
851.02,850.55
856.91,1118.8
853.98,157.04
858.06,743.86
862.76,723
868.15,825.87
864.61,862.14
865.82,789.24
869.6,1002.6
873.25,966.95
873.09,487.87
876.42,538.71
874.9,100.82
880.35,309.98
875,894.14
876.59,698.59
877.94,1235.5
879.09,1133.9
882.53,1111.6
880.5,768.5
887.26,671.35
891.13,525.53
889.01,922.9
893.35,869.55
893,95.5
895.57,724.67
895.85,632.89
902.47,748.16
898.58,1206.9
899.91,29.091
900,392
912.28,1040.4
908.34,10.043
910.23,1155.5
911.44,415.54
913.91,945.13
916.15,1235.5
914.96,188.43
919.63,883.65
920.3,400.7
919.35,627.82
921.38,857.61
924.2,652.15
921.68,908.22
920.92,840.08
923.59,1021.3
924.91,139.91
926,77.5
931.23,504.69
931.44,728.93
939.91,770.51
933.91,394.87
936.48,549.08
937.55,1094
939.76,741.44
943.66,363.06
942.27,404.85
945.56,603.06
943.22,696.1
943.89,79.421
953.33,383.73
963.48,1154.4
952.67,809.15
952.45,1067.1
963.43,30.163
953,542
957.02,552.94
958.49,888.59
956.03,730.59
959.04,193.28
960.47,110.95
965.06,372.04
966.18,1166
971.23,440.5
969.35,359.98
976.88,266.12
978.55,589.86
974.7,397.56
986.04,685.98
987.08,499.65
980.5,741
985.27,823.98
987.08,851.95
983.34,1039.9
989.01,771.31
987.1,632.34
986.52,1196.9
987.94,142.07
988.64,649.26
989.96,564.71
991.85,666.08
993.09,965.09
998.51,402.23
995.2,540.9
997,620.5
1000.6,1008.6
1004.6,316.83
1008.8,262.81
1008.4,1105.3
1015.3,589.73
1013.8,676.5
1011.6,1006.2
1016.2,1206.3
1016.4,143.4
1013.9,1028.8
1014.6,867.89
1022.9,859.62
1024.5,957.76
1022.4,273.07
1023.9,1080.5
1024.5,832.1
1021.9,1106.3
1026.5,638.48
1023.8,16.462
1028,316.86
1035.3,1137.5
1031.7,562.21
1030.9,228.41
1032.4,998.38
1037.4,752.56
1041.4,817.14
1041.5,943.37
1040.3,141.71
1043.9,1045
1045.9,675.52
1048.8,604.35
1047,785
1055.2,416.4
1057.4,42.07
1059.9,508.34
1063.3,674.1
1061.9,250.43
1063.2,600.11
1064,918.73
1065.8,801.16
1061.2,188.3
1064,963.83
1065.8,438.5
1068.6,535.32
1071.5,1186.4
1075,744.45
1076.1,1054.5
1079.1,102.04
1076.2,427
1085.8,1039.1
1086.8,720.94
1086.4,64.483
1089.5,576
1087.1,297.42
1088.5,52
1091,265.17
1097.1,899.11
1095.4,1234.9
1100.2,546.41
1101.3,597.81
1102.7,919.07
1104.4,569.87
1103.7,936.97
1103.4,960.88
1108.3,2.275
1111,679.26
1113.4,342.46
1111,657.83
1114.6,281.5
1113.9,923.68
1119.7,173.73
1118.9,972.6
1125.6,515.86
1124.8,822.13
1123.4,315.68
1124.6,66.633
1123.6,450.32
1125,678.15
1127.9,1032.6
1125.7,344.7
1125.9,245.41
1135.1,905.62
1134.9,645.84
1134.3,135.29
1142.3,919.92
1138.2,55.218
1139,586.75
1142.3,1240.4
1142.6,413.89
1147.2,288.4
1150.1,149.08
1156.9,806.09
1156.1,271.46
1157,297.5
1159.1,238.59
1160.7,229.5
1167.2,1206.2
1165.2,176.31
1167.1,916.92
1169,592.5
1174.7,689.83
1168.4,896.04
1170.6,851.96
1169.7,942.64
1175,975.73
1173.6,148.86
1175.3,434.06
1173.6,881.03
1174.2,18.809
1184.4,810.77
1181.1,530.92
1186.7,889.69
1180.5,1034.5
1185.5,1171
1185.5,986
1187.4,150.09
1190.2,615.86
1189.9,692.62
1191.5,1135.1
1192,172.5
1193.1,430.57
1200.4,908.55
1195.1,314.94
1193.9,651.92
1204.7,377.15
1200.4,521.14
1202.4,206.02
1207.6,589.51
1205,805
1208.6,1176
1207.1,1141.6
1208.8,52.739
1212.3,149.36
1213.1,263.28
1219,555.27
1219.1,448.35
1223.6,778.1
1221.5,856.2
1223.9,908.83
1230.3,1005.6
1230.6,1123.1
1233.5,807.5
1235.9,153.14
1242.9,487.65
1242.2,600.07
1240.6,714.6
1243,1032.5
1245.7,520.5
1244.4,725.11
