6.4472,542.36
2.5806,896.74
4.7701,1024.8
1.7727,1206.9
7.2917,253.01
11.244,750.74
10.151,990.11
7.5263,1067.8
9.971,157.33
11.333,348.98
10.679,429.42
11,901
10,1114.5
10.452,1179.3
16.504,860.7
13.143,313.86
16.591,1030.9
18.182,626.92
16.647,949.5
18.119,1013
19.109,402.83
18.154,442.35
24.828,166.9
22.875,753.38
28.575,145.43
31.402,308.46
31,352.5
32.782,662.22
33.538,945.22
32.78,750.96
36,238.5
35.5,570
37.81,42.929
38.054,1079.7
40.926,960.59
43.795,482.68
42.421,184.89
44.968,314.13
52.811,1056.8
52.916,467.16
52.85,721.37
52.647,561.67
56.767,1143.9
63.888,769.04
57.125,842.23
59.021,550.56
60.46,906.97
59.837,1004.4
60.5,127.5
67.542,187.02
67.986,431.91
68.793,758.14
70.679,934.95
68.926,981.59
71.5,318.5
73.197,855.52
77.331,24.746
81.793,829.14
74,84.5
77.319,1041
74.286,385.43
78.139,1099.6
81.461,375.87
79.917,612.08
83.092,535.59
85.627,282.43
86,568.5
85,781.5
87.424,148.42
91.82,796.15
89.881,293.31
92.5,514.38
98.833,751.07
99.5,936.5
106.43,436.93
106.38,659.5
107.13,228.87
107.5,270.5
108.2,1004.1
111.2,698.11
115.16,117.91
114.69,751.83
113.37,1214.3
115.2,937.48
118,522
120.44,76.439
125.84,559.67
125.39,1073
126.01,1095
123.31,487.91
124.42,990.55
135.94,523.42
128.68,259.23
129.58,355.58
132.61,1000.1
134.26,182.37
131.91,919.87
133.43,945.1
133.71,2.3214
135.61,125.2
135.76,787.76
140.88,294.67
137.55,210.31
149.52,622.44
146.26,540.31
146.2,340.56
149.24,413.06
148.37,1162.4
150.35,1022
156.51,560.05
157.41,903.54
153.92,197.35
155.85,297.53
161.23,974.72
155.98,1206.9
164,366.25
169.1,1222.9
168.86,336.98
176.12,822.52
177.32,641.49
177.68,756.07
177.02,1089.9
178.5,911
183.35,60.455
179,433.82
183.1,1233.4
196.98,277.5
190.1,168.55
191.21,1068.4
193.46,334.88
189.29,892.29
193.88,254.13
199.29,830.95
202.73,123.55
208.63,585.04
205.53,852.88
204.07,964.5
212.67,328.1
209.54,990.92
209.5,40.5
212.39,706.86
217.75,1226.6
218,132.79
224.02,12.573
220.87,1099.1
221.37,1058.4
225.83,387.77
224.09,817.09
228.78,554.51
228.6,1132.4
233.29,845.52
235.97,1003.6
237.3,1164.9
236.29,153.06
234.39,863.86
236.17,679
237.07,924.41
239.09,1112.9
243.14,942.57
243.83,879.04
248.4,122.14
250.95,817.93
247.89,1137.6
261.47,1218
263.18,1031.7
259,350.5
261,355
264.78,658.63
271.18,789.52
277.09,1047.1
275.19,904.41
276.31,867.09
279.5,429
282.03,679.9
287.52,336.87
293.24,1040.7
291.63,690.22
293.15,558.94
292.97,1091.6
294.35,1172.9
295.55,1121
298.94,414.2
297.89,1153.4
306.89,904.41
303.72,1004.5
305.91,782.9
303.83,1072
305.82,969.4
309.57,1049.5
307.57,1233.8
309.45,555.55
314.13,459.95
313.86,395.39
317.6,109.89
313.95,936.09
315.75,1144
318.42,665
317.48,237.58
322.33,375.24
322.39,491.84
318.83,261
324.78,28.541
325.71,507.65
329.89,588.73
326.83,101
329.19,1031.7
333.31,801
332,1087.5
337.4,1193.3
339.34,421.52
337.74,826.8
340.78,337.11
340.72,914.42
342.73,186.37
345.6,316.26
343,768.75
344.93,463.23
343.56,997.92
345.66,548.62
349.24,1205.6
351.35,288.43
352.29,725.66
351.97,781.07
352.86,643.24
355.98,592.93
353.71,983.83
356.5,16
355.89,207.55
356.54,857.63
357.29,471.94
363.08,606.29
359.83,970.35
362.47,578.47
365.32,673.72
363.04,490.06
364.56,823.95
372.29,1095.3
364.69,633.55
367.92,1033.6
366.58,562.89
370.5,958.32
368.37,998.37
369.62,648.78
369.7,763.5
371.34,501.53
371,855
377.89,435.75
381.2,206.62
378.4,625.11
378,49.5
381.2,731.7
387.73,306.99
386.29,653.91
382.16,966.35
384.54,998.86
386.13,1068.8
387.13,1152.6
387.45,1086.5
390.07,133.59
392.44,1206.8
394.28,1048.2
393.89,578.61
398.6,680.79
400.43,839.68
398.82,20.746
415.83,331.01
405.44,234.38
406.09,901.91
416.12,547.72
408.14,1061.5
413.76,405.3
415.13,24.455
412.76,106
416.64,372.43
416.96,1212.7
415.31,931.17
417.69,265.61
420.17,585.52
424.94,1170.7
424.91,770.91
435.72,371.75
428.71,950.55
430.28,312.47
430,780
434.09,136.14
436.43,911
441.25,1043.2
437.18,861.06
434.84,442.43
434.5,293.5
436.31,548.45
436.4,721.6
449.72,915.5
453.11,1245.6
455.58,477.88
458.55,737.52
459,836.69
461.5,330.5
462.18,1126.9
466.17,398.9
468.36,1018.5
465.44,637.79
469.76,606.9
466.43,1186.9
472.87,238.5
469.89,1002.2
472,1237
475.11,629.42
478.14,695.14
475.72,784.47
479.06,1101.2
481.6,96.727
481.2,188.07
479.68,10.24
480.17,451
486.13,75.358
494.8,233.95
491.35,1026.1
492.43,279.05
494.53,801.69
499.12,1162.2
498.46,570.99
499.09,730.11
501.48,1131.2
501.18,1237.1
507.76,363.19
504.39,498.86
510.38,796.95
521.15,1207.3
522.34,208.69
527.67,78.136
523.94,635.31
523.58,248.11
528.91,922.91
532.46,992.62
529.07,1027.6
530.75,25.75
535.09,138.43
529.42,785.89
534.62,1.875
532.89,373.42
532.93,620.96
541.17,513.58
537.58,1015.1
541.5,125
546.47,290.54
542.5,404.5
545,44.862
545.46,56.07
551.05,1097.5
555.3,632.01
555.03,117.22
554.5,439.62
551.93,493.41
554.91,191.96
562.33,902.9
562.92,488.26
559.5,71.5
560.08,1069.4
563.84,3.102
573.94,157.94
563.43,106.18
567.03,225.35
564.6,541.6
566.94,61.549
569.47,195.33
569.93,266.84
569.5,1084.6
573.94,562.34
574.97,43.303
575.1,656.77
578.43,738.8
578.1,503.61
579.15,417.68
584.88,787.83
582.85,107
581.97,455.56
595.5,1160
594.11,1060.9
596.59,463.98
597.15,612.55
598.51,16.721
599.26,157.94
599.89,1008.4
601.53,256.97
605.67,375.58
604.34,410.51
603.33,737
605.78,34.324
607.92,146.57
605.07,883.59
606.71,71.531
608.26,327.48
612.6,1110.4
611.44,18.164
613.02,217.96
614.5,63
617.15,80.485
617,461.5
618.25,842.69
629.08,1161.6
623,145.3
623.54,667.16
623.87,902.7
624.15,829.46
627.5,598.5
627.82,580.95
631.63,241.52
631.5,776.5
633.43,1098
634.7,204.08
641.55,705.65
636.6,903.89
637.93,1199.9
646.37,119.62
642,590
648.81,1059.4
647.95,360.56
650.26,102.11
653.5,9.5
654.79,1220.7
662.39,40.926
658.56,882.08
662.83,175.33
663.08,513.92
663,1101.3
667.76,1003.4
670.63,94.296
671.75,301.92
671.06,630.53
674.04,676.89
672.71,990.71
672.41,422.94
675.96,1118.9
675.4,1129.4
679.28,362.29
678.41,1099.5
684.27,828.02
684.75,15.311
683.61,147.43
688.58,103.81
691.53,735.85
690.26,1136
688.56,80.923
694.39,911.32
694.91,254.91
698.47,270.65
697.72,752.53
701.16,823.8
699.94,335.7
699.5,468.5
702.29,544.84
710.25,60.455
707.87,848.95
722.09,1033.9
725,67
726.7,981.04
726.61,945.57
732.09,113.76
731.75,424.09
728.9,651.03
731.87,805.6
739.92,1154.9
734.18,780.78
734.07,955.62
734.56,1207.9
737.94,740.08
736.37,1242.4
739.09,293.28
739.97,1039.3
751.59,1108.1
747.42,308.89
751.82,597.09
760.87,15.882
758.92,665.36
759.61,432.6
760.73,946.12
758.92,906.08
765.45,1007.1
767.48,590.48
771.78,66.33
776.79,502.91
769.58,778.45
770.56,222.08
774.82,111.15
777.29,369.84
772.54,307.92
780.68,667.12
784.01,551.89
782.06,927.03
781,823
784.04,902.3
796.3,974.2
787.72,999.53
786.36,655.71
791.04,373.43
792.6,1106.7
791.58,529.55
797.19,64.719
794,821.74
797.28,203.06
795.62,418.82
796.73,349.35
800.79,734.97
798.73,766.41
800.95,900.47
800.94,48.094
802.67,594
809.26,1066.4
807.15,566.17
809.91,650.05
807.78,1191.6
808.54,1234.1
815.73,192.42
813.38,895.54
816.19,415.74
826.7,540.17
827.24,883.1
829.97,715.03
827.54,1152.2
824.1,783
825.1,1070
829.57,1010.4
830,1113.5
829.49,320.51
828.95,488.93
840.23,918.79
832.94,31.702
836.81,757.49
833.5,787
839.96,682
840.61,121.24
839.63,802.63
845.34,768.08
849.5,438
852.59,608.54
856.47,35.617
854.15,298.81
852.23,392.11
860.4,1224
863.72,394.47
864.74,451
866.54,655.73
868.9,760.96
871.41,194.3
876.66,129.03
877.79,480.63
874.5,620.5
874.42,43.895
875.93,460.59
878.62,690.35
878.4,896.4
880.44,505.96
883.71,799.03
880.31,1084.3
882.93,295.93
886.18,446.73
886.09,572.25
886.5,701.5
891.08,356.59
892.35,52.568
891.5,848
892.09,204.5
897.98,161.97
895.85,438.06
895.89,582.51
898.39,1205.5
896.62,731.65
900.38,533.3
906.05,970.22
907.1,1031.7
905.58,219.55
909,543.5
913.56,628.7
911.5,877.5
918.21,502.58
915.67,316
920.42,394.48
922.1,121.96
919,209.5
925.9,860.69
923.61,61.88
924.55,579.94
926.55,748.42
930.21,277.16
929.09,976.4
933.57,710.02
933.35,637
939.17,1058.8
938.5,357.5
943.79,201.15
946.91,839.91
950.29,1095.5
951.5,308.5
952.75,115.83
952.42,865.89
956.03,754.62
956.84,790.57
955.67,1038.9
960.96,75.874
957.5,1111
964.66,1139
964.55,1215.5
967.42,402.11
969.66,262.59
975.82,835.89
976.26,947.14
973,885
980.14,1152.5
986.98,640.62
985.47,685.03
989.12,1187
991.67,316.47
992.07,67.5
993.45,923.38
995,1155
994.58,179.12
995.38,331
996.18,958.98
1002.5,213.41
1000,787.79
998.69,547.52
1000,425.52
1005.2,1124.9
1006.8,438.88
1005.8,141.93
1008.7,1014.5
1007,988.5
1009.4,343.92
1011.7,585.14
1010.5,914.2
1016.8,415.82
1017.1,702.56
1015.9,1111.5
1022.4,1067.3
1023.4,594.16
1020.1,508
1028.7,30.902
1025.6,566.71
1029.2,1155.2
1028.8,483.26
1028.4,90.891
1033.5,1197.3
1033.9,217.6
1035.9,65.345
1035.3,242.98
1035.5,1118.1
1040,433.4
1039.7,925.74
1045.3,329.06
1044.5,960.5
1045.6,184.69
1050,1050.7
1047.4,1181.4
1052.5,745
1059.5,68.169
1061.8,528.29
1060.2,701.97
1058.4,568.02
1063.1,824.28
1066.5,852.28
1062.3,1078.7
1064.1,789.41
1075.5,231.79
1071.1,777.12
1075,594.38
1074.7,269.45
1077.3,70.016
1080.6,768.07
1081.5,667
1082.9,1042.5
1086.4,728.21
1092.8,872.23
1097.8,611.43
1091.9,165.92
1092.5,267.78
1094.5,711
1095.8,475.94
1095.9,954.12
1102.1,418.73
1112.2,496.47
1109.1,985.14
1115.2,582.9
1111.6,674.96
1113,956
1117.5,273.54
1120.4,775.49
1116.8,880.54
1119.8,1245.8
1118.9,762.91
1121.7,394.48
1123.4,1029
1124.3,1120
1128.2,145.96
1133.3,635.13
1127.8,986.33
1130,284.88
1130.3,218.13
1138.9,63.994
1137.1,971.36
1144.5,1066.1
1140,118.31
1138.6,298.84
1138.2,394.41
1139.6,763.78
1138.9,706.3
1139.6,451.62
1140.6,30.571
1142.9,203.53
1144,92.22
1147.9,720.58
1149.4,622.89
1156,318.58
1154.5,492.46
1161.8,1063.1
1175.4,1238.8
1163.5,625.5
1169,741.17
1168.5,167.71
1169.3,1049.3
1168.3,208.21
1174.7,968.48
1173.5,438.65
1178.1,709.95
1176.2,1119.7
1176,563.5
1185.9,659.71
1187.7,91.73
1185.5,145
1185.8,373
1189.6,384.42
1191.8,726.48
1195,277.76
1191.9,1082.9
1193.6,932.39
1196,1117
1198.6,1223.8
1200.5,323.5
1201,1237.5
1205.2,132.1
1201.5,891
1210.7,24.629
1212.3,573.47
1211.4,859.45
1209.3,1107.3
1212.4,550.08
1212,330.14
1213.1,268.91
1215.7,664.17
1224.4,1029.5
1226,405.85
1230.3,696.36
1228.4,77.609
1232.4,187.48
1231,366.5
1235.6,1215.1
1233.1,1104.9
1236.8,577.27
1236.9,977.25
1240.4,205.23
1241.2,1083.5
1239.1,139.87
1245.2,561.07
1245.6,448.94
1246,488
1246.4,949.55
1247.1,871.37
1247.1,903.5
