2.7273,392.2
8.5862,263.22
8.6111,356.14
18.056,162.99
15.421,693.11
21.552,121.11
23.535,531.58
31.5,327
33.333,1239.6
37.538,539.48
38.76,619.26
37.611,800.61
38.792,689.5
48.571,559.18
52.534,544.96
52.382,1235.6
56.322,954.1
59.804,347.77
64.795,259.15
61.75,1186.1
63,732.5
73.405,514.4
74,170
76.851,747.39
78.231,978.28
77.387,131.21
77.254,249.12
79.209,365.39
78.962,926.02
79.5,1150
82.468,1047.4
81,736
85.899,544.16
87.161,2.7742
87.5,70.132
89.625,990.65
90.122,698.12
91.889,744.52
94,216.5
95.54,963.57
94.162,1123.9
96.557,498.52
97.414,1141
95.421,648.11
99.754,998.98
100.63,710.05
98.934,1166
111.03,145.75
101.93,621.56
115.63,28.996
107.22,447.47
106.26,1157.7
114.36,184.48
115.06,752.51
112.91,395.91
118,1002.5
124.62,593
123.64,980.33
126.14,1194.7
130.55,344.51
129.44,128.08
141.32,494.36
140,658.14
146.43,12.439
144.39,545.37
145.5,53
144.42,343.47
151.46,507.99
150,67
151.15,336.46
153.02,355.37
154.89,1087.5
157.95,1118
157.49,244.69
156.17,548
159.56,47.537
164.26,837.07
168.17,740.54
167.09,1022.9
175.32,895.95
177.14,1214.1
185.03,69.871
183.5,1059
186.08,1196.4
194.74,1086.4
192.09,834.59
193.72,143.7
196.96,677.01
193.91,905.23
195,58.333
199.56,1152.8
204.48,382.91
205.5,919
216.14,55.512
209.66,729.85
211.54,173.16
210.86,96.389
216.06,860.11
224.68,1106.2
223.15,698.02
223.54,1227.6
226.55,670.56
224.83,834.83
228.31,975.5
226.15,786.54
228.68,394.22
228.77,216.84
233.48,1178.4
234.11,23.486
235.61,742.47
232.58,1141.1
235.87,121.22
237.54,553.08
240,978
241.06,1222.7
240.42,534.89
243.42,1198.4
247.08,1032.2
248.57,717.6
249.46,1006.1
252.98,606.94
253.73,1085.9
257,567.5
258.95,123.61
258.2,175.56
261.12,661.29
266.2,304.26
263.47,905.16
266.91,780.04
267.44,973.96
271.5,1028
279.4,202.44
279.59,480.55
281.11,399.37
280.93,1130.5
286.7,862.94
285.92,349.63
285.08,1224.1
289.94,181.96
291.26,297
294.56,675.92
296.54,168.93
300.2,1044.9
296.42,660.89
299.89,1078.7
299.37,429.97
298.8,13.44
300.82,60
305,594.85
307.98,1131.3
312.87,383.92
312.8,802.71
317.46,49.565
325.17,1061.1
323.91,750.13
328.66,968.89
327.58,157.8
329.06,806.38
329.81,1096.4
334.1,1183.6
333.5,1212
339.63,460.87
341.03,672.44
340.55,365.59
341,488.25
342.87,973.99
346.04,443.08
347.58,821.85
351.15,356.07
362.91,985.72
355.58,238.55
359.5,248.5
361.58,591.08
370.74,470.16
370.05,534.18
373.15,969.45
372.02,1208.3
376.03,64.23
373.07,286.59
374.8,781.25
379.58,350.87
378.38,860.13
376.59,1194.6
381.15,671.55
382.55,1102.9
381.91,228.91
382.15,1170.7
386.31,479.35
382.93,573.77
390.5,105.12
394.39,144.65
394.42,363.58
393.5,529.5
397.85,1040.7
400.31,22.921
401.29,196.42
399.57,1165.1
406.11,420.68
402.8,536.44
407.92,756.44
409.5,117
418.24,296.45
416.09,317.09
419.36,568.67
420.94,921.34
420.87,603.68
421.37,166.03
425.17,224.67
426.18,769.66
425.62,502.15
433.14,951.76
434.78,1101.2
429.5,481
433.6,818.33
434.17,298
443.59,380.48
444.43,581.46
447.52,408.05
447.13,492.93
445,555.5
449.11,140.34
449.23,920.63
449.93,595.99
450.12,871.35
451.39,352.86
459.97,489.24
463,1197.8
465.09,7.0909
477.24,192.48
468,240.24
469.22,1036.9
471.46,941.55
474.9,644.62
471.93,1007.6
475.51,580.92
475.29,844.07
478.05,728.92
481.02,149.05
482.98,1187.5
489,1237
490.58,882.11
494.58,288.55
499.51,589.44
497.54,186.11
501.36,353.95
506.52,1067.4
505.49,418.97
508.82,939.36
511.5,446
514.5,1143.5
518.93,714.41
521.39,1138.7
524.53,496.85
527.31,844.76
523.42,217.89
525.39,582.61
528,671
530.08,775.08
535.71,1223.6
534.56,1118.5
534,414.5
537.17,501
540.36,1030.2
541.11,1179.6
542.42,997.89
549.68,608.05
546.35,92.059
546.86,935
546.92,522.08
552.83,1008
558.36,425.72
559.33,152.77
556.02,500.67
555.5,1180
560.56,863.21
563.78,86.174
565.91,369.19
563.08,1134.9
564.89,488.37
564.45,677.29
565.44,539.54
573.93,122.95
572.38,292.39
571.41,239.71
577.16,65.029
575.45,1021.6
577,85.5
578.56,368.05
578,720
580.3,992.32
585.15,1216.6
585.58,354.11
588.54,1091.8
589.33,1193.2
595.68,812.06
596.73,216.55
616.17,1197.7
597.5,846.5
601.58,910.89
607.04,40.233
605.63,742.68
605.6,999.64
613.54,937.04
617.06,159
618.37,714.98
617.58,442.11
622.92,548.92
629.78,670.56
623.37,1178.7
629.64,339.11
628.5,807
632.82,1157.9
633.45,881.54
637.07,1003.8
638.82,54.456
637.94,662.41
641.66,169.47
644.82,397.8
645,1087.5
648.3,1200.8
654.01,571.09
656.18,330.29
658.74,1228
657.15,240.9
662.32,822.54
665.9,441.76
667.4,774.64
672.61,256.39
676.37,508.71
673.09,486.91
676.96,1176.5
680.6,972.53
683.97,316.91
685.68,94
685.44,159.05
683.4,807.4
686.18,846.29
687.44,1197.5
690.11,426.93
697.1,38.451
695.72,1003.6
699.07,932.91
705.15,1211.1
707.09,155.27
704.54,1072.1
708.05,1029.4
708,1246.2
707.18,396.4
711.32,910.64
716.5,254.5
722.28,106.39
720.39,632.36
721,396.7
726.62,470.32
725.49,539.66
727.9,1021
728.92,1143.4
729.5,650.5
734.05,1123.5
735.98,137.71
738.62,735.34
734.5,819.5
746,1184.8
747,1212
749.22,817.44
755.39,1246.8
751.58,166.11
754.32,794.07
754.44,936.62
753.78,948.48
754.8,690.56
758.4,305.04
760.6,30.357
763.13,591.76
763.8,277.44
766.55,212.69
770.42,689.32
765.58,805.89
778.39,122.32
774.44,667.02
778.53,786.79
778.35,639.27
781.82,282.67
784.18,728.15
779.17,868.2
780.84,1059.9
782.13,929.11
780.78,1075.6
783.88,319.96
783.16,513.57
806.09,623.57
787.02,1009.4
792.62,876.84
790.96,1024.6
788.5,1160.5
787.42,189.89
792.03,917.16
795,126
797.98,759.3
796.84,781.46
799.24,967.56
804,317
806.76,166.29
804.42,747.11
807.2,720.2
812.17,749
815.39,766.79
816.5,803.5
822.45,10.475
824.6,426.11
826.29,1059.3
828.68,809.88
830.45,137
839.46,668.64
832.59,885.81
835.76,347.9
840.43,777.92
840.53,420.24
843.57,1214.3
842.13,556.06
840.3,100.91
842,751.43
841.79,815.55
843.2,1091.3
842.78,796.72
851.92,716.92
844.4,59.4
850.21,481.74
852.06,270.72
854.4,738.68
857.12,832.35
856.94,985.91
859,105.41
858.43,178.39
860.85,787.31
859.58,448.11
859.5,592.5
865.55,1212
867.21,80.83
868.38,746.62
874.73,662.59
873.83,793.57
875.63,484.67
874.5,1117.5
874.5,1148
877.31,637.86
878.62,696.32
878,560.5
878.5,540.5
883.47,446.72
883.62,1108.8
890.89,521.44
884.22,1044.2
886.45,921.98
886.24,1190.3
885.61,1086.1
886.47,714.03
890.55,726.91
889.94,948.09
894.64,241.81
901.99,578.74
896.02,666.9
896,256.75
896.87,704.26
901.75,804.19
904.2,43.087
915.34,643.37
903.41,525.03
909.61,5.2846
908.91,1040.3
913.84,172.38
908.94,400.91
910.55,861.35
910.5,1061
913.06,68.144
917.28,1232.4
916.32,1028
920.27,876.74
920.44,415.36
923.13,832.92
926.27,386.67
925.48,892.72
925.17,1019.8
927,136
934.78,500.87
931.07,819.95
931.96,725.43
937.5,547
939.06,780.09
944.34,652.38
944.81,1147.9
950.38,472.45
953.46,543.34
952.08,671.67
952.31,810.07
950.61,898.14
953.89,1108.9
960.58,105.44
959.17,328.59
958.17,362.96
962.76,589.13
960.48,183.84
962.41,22.385
959.86,1061.5
963.11,1126.6
965.5,698
968.1,852.49
972.14,499.36
971,718
971.5,396.5
977.7,769.63
976.35,976.86
979.09,348.91
979.23,738.23
985.96,1035
985.71,512.74
991,848.2
987.11,78.579
987,424
990.64,645.92
990.32,170.58
996.28,664.16
994.38,811.61
992.25,561.92
996.21,616.87
996.34,61.349
995.4,507.55
1000.6,398.51
1000.7,943.4
1003.6,1100.5
1002.6,918.74
1001.9,739.85
1004.4,648.95
1002.5,299
1004,1184
1008.7,259.95
1012.1,827.61
1016.9,531.99
1014.3,1001.9
1019.8,1201.5
1027.8,646.34
1021.2,743.67
1021.1,277.47
1022.6,719.03
1021.9,372.5
1028.5,422
1031,963.7
1034.9,1132.6
1034.7,298.08
1036.6,563.2
1039.9,752.52
1038.5,545.22
1040.5,4.5
1045,442.47
1042.6,692.11
1044,715.5
1044.4,1153.7
1047.6,667.98
1046.9,1134.7
1052.7,738.11
1060.9,708.81
1059.1,38.976
1065.6,595.66
1063.4,149.89
1067.5,670.46
1066.7,960.31
1069.1,766.74
1068.1,1066.1
1071.4,354.22
1068.5,1186
1075.1,728.05
1076.1,1222.9
1076.4,526.2
1074.8,628.25
1081.4,421.75
1077.5,449
1080.8,618.67
1088,91.982
1085.9,161.63
1085.7,219.04
1089.6,935
1088.5,1038
1090.5,400.5
1091.2,784.54
1095.9,534.03
1096.2,27.731
1096.4,911.09
1097.9,582.58
1096.5,271.5
1098.9,6.0833
1100.9,480.91
1103.6,566.16
1105,39.578
1105.5,333.35
1107.1,615.68
1110.2,397.38
1112,1139
1125.8,548.18
1128.7,636.81
1127.5,63.566
1132.6,1026.6
1133.8,102.79
1138.2,202.37
1144,920.31
1140.6,329.05
1143.9,457.26
1152.2,1065.5
1152.5,81
1158.5,847.85
1161,234.83
1167.2,519.84
1168.9,916.21
1171.2,588.14
1167.6,880.61
1177.1,139.82
1175.6,201.02
1177.6,646.3
1180.6,1041.6
1178.2,1153.9
1177.4,901.89
1178.7,923.29
1181.9,58.407
1178.9,354.41
1183.5,888.06
1181.7,410.09
1186.4,982.44
1189.2,908.19
1192,450
1194,168.5
1194.8,581.23
1198.3,615.04
1196,800.86
1202.4,549.37
1207.5,373.45
1202.5,822.5
1205.8,1112.4
1209.8,265.95
1210,898.6
1213.1,47.974
1211.8,573.82
1216.9,626.92
1225.4,1229.7
1217.9,306.56
1229.5,906.64
1230,791.5
1230.3,549.62
1235.9,419.2
1233.9,316.74
1235,363.33
1238.9,148.05
1240.6,738.3
1239.6,718.11
1244.9,483.63
1243.5,1051.2
1243.3,596.17
1245.5,1097.2
1245.8,1019.5
