4,130.81
3.6905,1038.3
12.535,684.88
14.118,152.61
13.86,292.72
16.907,1020.5
20.434,340.84
16.821,357.26
16.926,1236.6
21.373,845.44
22.936,62.894
24.174,981
29,628
30,284.5
33.085,383.58
31.627,1108.6
32,141.26
37,116.2
38.653,1209.3
36,1139.2
39.532,466.06
41.448,735.54
42.083,214.08
50.791,841.8
50,398.65
56,1185.5
58.101,507.91
57.154,30.654
58.5,106.32
58.939,568.37
60.717,156.88
66.566,172.06
63.484,54.75
62.613,42.613
63.519,617.71
66.744,416
68.77,402.67
68.5,787
74.381,147.4
78.408,446.52
76.261,583.5
77.838,57.297
82.365,380.03
78.5,27.5
85.096,1104.2
81.439,1141.2
83.444,163.25
89.114,565.83
87.843,237.45
87.6,77.6
97.331,281.95
91.277,1175.3
90.92,624.56
95.531,1087.5
95.593,101.07
100.09,452.09
106.19,1170.5
106.33,290
107.67,1082
113.67,1032
116,1.5
116.03,533.57
120.44,172.41
119.67,378.3
122.89,113.07
135.13,27.859
133.17,297.75
131.24,256.68
134.92,345
138.27,622.73
141.88,582.5
143.5,229
149.48,212.99
150,169
148.06,1165.9
157.52,762.66
152.56,1185.7
150.5,102.5
154.87,935.62
159.41,5.8103
158.59,947.89
162.28,600.98
162.2,700.75
160,864.5
166.68,127.71
165.48,459.07
169.05,478.11
168.38,635.97
171.73,69.034
170.38,108
176.67,385
179.96,241.64
182.99,343.92
182.57,301.2
183.89,184.58
186.24,599.97
187.79,51.196
188.48,111.29
187.94,317.05
189.21,284.37
187.58,530.89
190.68,244.49
191.94,176.04
192.66,22.661
190.5,942.5
196.98,395.95
199.86,137.37
199.5,439.5
202.24,987.7
202,119.5
207.78,647.32
205.5,866.5
208.35,291.16
211.76,6.0141
209,223
214.79,369.32
211.95,634.91
213.44,77.558
213.69,257.17
217,715
224.02,19.87
225.84,543.63
223.58,478.89
225.62,335.09
226.09,504.91
233.85,749.5
236.3,244.82
237.5,11.5
239.96,608.71
238.94,998.43
239,211
245.46,141.26
241.94,267.09
244.55,419.47
244.59,655.5
243.91,1125.9
247.7,350.37
250.06,13.058
250.07,369.7
253.5,644
258.05,179.89
258.94,279.77
258.39,1120.9
260.12,115.97
260,647.66
262.19,371.87
263,15.5
263.04,411.46
262.94,474.41
267.29,841.79
265.41,446.94
269.58,259.55
271.47,359.66
270.9,660.52
281.67,112.52
272.27,329.73
273.76,1069.6
276.25,149.29
274.5,1106
278.15,99.463
280.15,163.34
280.32,574.01
278.79,15.744
278.7,65.303
278.96,292.62
279.41,380.61
279.91,939.09
284.27,1058.8
293.15,327.13
285,171.5
286.09,483.91
289.33,771.16
291.82,30.88
293.03,184.17
292.98,441.2
295.57,521.33
290.58,1228.1
295.46,69.97
292.5,1022
297.43,796.86
316.43,103.87
300.13,310.25
300.59,376.38
301.28,614.31
305.78,1191.3
311.98,346.79
309.86,255.71
312.07,490.62
315.67,983.36
313.08,509.49
312.58,634.55
315.58,599.42
318.09,183.91
319.54,567.83
322.03,727.59
321.7,310.9
324.94,227.94
325.16,701.52
326.57,824.02
326.05,901.54
331.36,137.72
330.78,457.16
331.08,213.92
335.49,775.33
332.58,480.11
341.19,23.913
339.91,144.03
341.92,271.5
341.44,324.08
351.75,50.794
348.17,495.79
347.12,630.5
348.5,309.5
349.27,666.45
351.83,207
362.32,476.6
359.83,342.36
361.6,15.643
365.55,112.99
365.2,283.07
374.68,627.9
373.05,34.763
375.27,171.87
374.09,661.06
381.99,284.01
377.56,88.309
378.5,73
376.58,451.89
380.78,1119.6
394.02,269.12
393.07,491.19
388.57,1110.6
394.63,400.45
399.3,596.82
396,512
401.55,431.41
405.09,280.51
402.71,576.57
405.63,550.22
413.59,142.12
412.16,867.69
412.84,402.81
418.91,957.09
425.64,1014
424.89,77
426.63,402.16
433.62,480.61
449.4,526.71
435.93,160.95
432.42,469.89
442.81,239.77
438.71,379.75
443.56,461.03
439.34,1099.2
443.22,69.031
444,94
451.75,664.38
454.43,446.71
457.84,465.75
459.6,1152.9
455.95,346.1
458.86,296.06
463.25,256.57
463.15,86.538
471.39,366.74
475.79,593.62
471.75,288
468.85,505.08
472.42,379.58
472.69,558.91
478.74,1046.4
479.28,1033.2
479.07,255.41
483.02,211.47
486,555
486.93,1233.4
493.63,133.33
493.58,580.12
491.94,635.2
495.09,436.6
492.5,260.5
500.69,557.7
500.04,491.41
501.85,1061.5
505.48,397.97
509.91,591.1
510.09,120.04
512.09,1114.1
514.4,1223.1
515.29,287.71
522.72,451.62
522.24,168.06
517.94,1199.7
519.12,629.38
518.89,111.58
519,323
527.8,667.28
534.16,335.01
528.09,482.05
532.33,650.02
533.5,391
536.63,228.63
535.86,524.86
540.44,170.87
540.59,492.38
543.65,753.83
542.29,1175.7
545.59,327.96
544.84,608.36
558.9,336.6
548.5,637.5
553.43,515.26
551,1221.8
551.34,820.38
552.55,501.79
557.97,593.9
553.14,736.91
557.17,609.39
554.56,710.44
556.6,16.643
556.63,564.5
562.86,396.89
560.36,1175.6
563.14,278.61
575.1,370.02
564.43,822.26
565.6,768.91
567.45,896.52
566.31,1141.1
568.53,200.07
569.05,439.86
572.09,790.43
572.87,100.87
576.5,869
585.17,313.08
581.31,951
582.91,676.8
587.64,648.41
584.05,1167.9
585.35,181.17
587.76,232.95
589.19,448.71
593.35,198.06
592,428.86
595.19,278.13
595.44,386.27
594.5,626.5
596.5,678.5
606.46,688.73
610.72,189.41
607.25,405.75
610.74,160.59
610.53,250.93
618.2,82.303
612.44,784.25
611.58,1162.9
617.46,412.4
616,144
613.5,432.5
619.96,332.88
618.85,1131.6
620.83,685.16
623.26,584.22
625.74,907.01
624.88,196.18
623.93,440.41
628.99,172.36
633.15,497.92
632.47,42.117
633.15,334.16
638.3,410.93
635.38,259.62
637.42,226.88
640.08,316.47
637.25,698.36
636.5,301.5
643.15,989.63
641.07,540.36
642.77,873.91
642.13,457.56
646.2,927.39
647.02,1026.7
643.93,1107.4
655.9,87.273
650.38,243.9
652.5,522.59
655.4,821.92
657.97,281.24
656.5,540.5
658.14,784.02
661.4,423.64
670.77,613.13
665.92,1003.2
667.29,815.76
679.96,875.33
673.7,281.89
673.18,234.18
673.45,451.65
678.85,560.09
679.94,83.938
682.4,458.44
683.44,537.08
692.03,904.55
685.66,759.91
687.15,230.46
688,1151.5
693.84,491.96
693.41,828.59
694.14,1018.4
693.5,1038.5
706.84,306.94
696.5,110
697.5,394.5
700.45,693.7
699.77,1228.8
704.65,162
704.42,439.17
708.78,32.586
706,508.5
709.76,330.21
712.84,628.41
713.69,179.77
709,905
712.62,479.05
713.3,451.91
713.45,981.29
713.58,589.89
717.65,1014.9
723.62,400.91
718.5,1077
724.09,1031.6
722.44,869.92
723.09,281.09
725.92,957.24
723.64,995.91
731.59,561.3
726,184
732.03,819.94
732,1090
737.08,73.671
735.59,221.19
739.18,1065.3
743.5,232.5
746.48,838.14
743.5,134
745.71,250.17
751,208
762.09,638.18
756.74,661.87
758.59,827.61
757.42,526.89
757.91,1019.1
760.04,730.46
768.1,1117.8
762.41,901.86
764.38,365.93
771.5,769.03
768.4,1178.4
768,993.5
771.09,6.2182
772.65,300.68
770.91,746.91
774.35,448.5
775.43,655.95
777.08,99.053
790.79,980.46
780.78,438
793.49,871.7
786.47,390.67
790.1,437.1
787.91,844.52
790.15,508.85
789.52,659.21
796.5,647
796.5,859
800.2,720.8
802.34,1226.1
802.57,170.05
807.36,453.06
802.81,563.61
804.54,909.45
804.5,25.643
813.07,801.98
815.29,1066.7
812.37,584.4
812.58,618.58
811.91,1125.2
816.23,1098.7
818.11,994.63
821.26,1235.5
818.4,335.72
824.32,916.85
823.43,1126.9
826.56,1039.4
825.42,1165.6
828.43,851.94
833.28,768.86
835.04,528.07
833.9,1155.2
833.5,707.5
837.12,796.84
841.47,732.92
838.58,12.424
840,706
845.47,1188.7
843.52,487.54
844.88,769.7
844.95,137.85
854.03,100.5
856.33,1153.1
852.6,630.6
858.09,899.57
857.83,379.13
861.69,790.67
863.96,831
863.17,253.2
870.14,459.08
870.61,525.72
873.34,594.23
877.16,765
879.92,111.44
881.94,622.79
884.74,693.06
884.94,730.55
887.52,475.49
889.66,748.07
888.62,512.13
886.44,1143.1
890.46,812.78
890.89,908.98
891.29,854
892,928
894.16,1206
911.36,529.73
899.31,1022.9
900.09,414.09
902,1117.5
912.76,202.69
911.19,1023.1
914.83,655.42
912.77,268.25
915.58,489.06
919.5,583.5
927.39,1040.2
921,988
925.06,976.23
927.64,128.67
932.15,498.02
924.92,437.46
932.16,796.39
930.04,513.96
933.46,1124.3
934.78,105.83
939.28,480.56
935.07,616.49
938.91,870.09
950.43,945.71
948.93,1247.2
949.6,1051.1
948.86,550.04
951.85,687.76
957.24,465.53
952.42,1168
955.22,4.4842
955.66,1070.4
961.04,273.7
957.62,704.86
958.92,990.53
958.87,831.39
957.43,287.95
957.69,817.91
958.5,216
958.29,610.55
959.5,377.64
963.59,254.59
962.47,394.14
963.84,742.65
965.38,680.43
969.48,356.84
968.24,114.29
968.14,426.41
967.5,621.5
967.69,1171.6
971,176.5
977.97,832.47
975,459
978.08,1079.6
980.65,1039.3
981,857.16
983.49,199.31
983.45,1199.4
986.64,819.66
986.99,590.94
987.8,606.95
988.71,1143.2
986.95,687.8
988.47,789.73
988.17,745.07
996.95,1159.6
995.54,439.89
991.76,836.93
993.41,1182.4
993.93,324.53
993.09,805.09
995.56,976.83
997.08,1126
998,1070.5
998.8,358.44
1001.1,489.88
1001.1,887.8
1002.5,420.5
1003.1,623.31
1013.7,810.88
1012.2,702.18
1011.4,959.88
1013.3,1077.8
1010.5,872
1012,1215.2
1013.9,987.04
1013,1013.4
1022,624.79
1024.1,923.04
1017.9,267.56
1025.5,489.59
1023.4,564.28
1024.5,105.93
1023.6,550.41
1024.7,146.71
1027.1,691.06
1031.9,217.39
1030.2,883
1038.1,719
1035.7,745.08
1037.3,1103.7
1041.8,956.44
1043.3,229.71
1043.2,861.34
1043.5,262
1044.8,612.31
1046.7,81.71
1048.5,923
1051.5,477
1052.2,1231.1
1053.2,592
1059.1,328.45
1061.6,645.33
1058.8,176.54
1060.5,908.4
1062.7,159.7
1064.4,1163.7
1064.5,1010.5
1065,743.05
1066.1,861.9
1067.8,821.35
1070.7,775.5
1075.4,356.6
1073,672.5
1079.6,621.28
1078.5,750.69
1077.1,214.07
1076.5,552.03
1078.8,663.38
1079,1180.4
1079.5,491.61
1086,57.355
1088.4,776.24
1092.2,1074.9
1092.3,911.24
1095.6,930.02
1098.2,795.79
1097.3,992.93
1096.9,166.42
1102.7,421.29
1105.1,674.34
1107.8,842.31
1102.5,967
1108.3,509.5
1107.6,274.47
1108.4,1030.9
1107.7,1175
1110.4,811.02
1111.1,126.04
1113.1,199.89
1114.2,642.52
1118,621.96
1117,286.75
1122.1,429.52
1123.3,301.68
1119.2,1161.1
1121.1,403.93
1125,745.27
1126.6,773.17
1130.6,920.89
1128.9,607.5
1127.6,979.58
1129.1,848.91
1132.1,966.72
1131.6,508.03
1132.9,350.09
1134.7,704.42
1133,1192
1135.4,292.4
1139.3,400.64
1135.1,528.92
1142.7,652.94
1142,875.48
1148.4,748.25
1143.5,825.5
1146.9,717.02
1147.1,83.421
1148.9,786.55
1152.2,251.12
1149.4,344.44
1149.5,821.94
1155,473.53
1155.4,722.57
1158.1,918.74
1167.3,890.15
1164.5,678.07
1164.1,726.83
1170.6,435.19
1169.8,827.54
1172.9,492.94
1175.3,301.33
1175.7,141.92
1176.5,1123.5
1177.9,653.91
1189,271.66
1186.2,441.75
1183.9,774.68
1196.1,354.04
1190.3,467.32
1191.8,1076.2
1193.8,750.27
1189.6,1203.9
1190.3,193.45
1191.8,542.62
1194,859.62
1193.3,769.89
1193.3,1063
1197.7,481.88
1197.4,1211.8
1198.3,903
1201,59.878
1202.9,936.69
1201.1,1137.1
1201.6,968.2
1206.6,519.77
1204,735.94
1206.5,1086.5
1209.3,803.67
1208.9,539.39
1212,1048.8
1212.5,469.5
1227.7,557.07
1228,471.57
1223.1,758.89
1220.3,413.45
1223.8,348.48
1223,195.32
1227.2,1020
1228.9,361.89
1231.5,695
1231.6,729.11
1236.8,1045.3
1243.5,421.72
1240.1,7.4
1241.7,355.47
1244.4,615.78
1244.3,980.49
1245.8,1192.5
