1.8,168.5
6.3688,224.6
4.2283,960.77
6.9911,40.411
5.6562,80.375
12.284,154.2
18.542,773.68
20.876,670.02
20.926,598.59
24.517,833.87
28.069,147.59
45.54,264.2
49.421,870.89
50.8,210.44
53.06,1152.8
58.86,542.92
62.788,1226.3
66.265,200
68.232,257.52
67.083,1246.1
77.333,549.62
76.661,410.41
76,348
79.286,267.07
91.013,757.91
90.941,262.41
96.505,608.08
97.744,71.125
96,504
98.712,1175.2
104.54,590.02
108.05,1167.5
108.24,306.56
112.36,2.6389
113.53,491.15
129.19,1220.8
135.38,145.36
134,246.17
147.91,1058.3
149.31,385.82
148,947
157.61,234.25
161.55,271.43
163,600.43
169.45,1002.2
170.34,218.29
177.52,1139.2
180.76,617.23
187.72,721.88
189.14,544.14
190.49,602.16
192.5,107
193.17,221
198.56,165.28
201.77,445.59
203.29,197.6
203.14,185.95
208.32,146.41
205.56,213.92
211.98,742.42
219.82,25.026
218,1044
223.67,235.38
227.11,81.938
227.66,1002.8
230.95,196.03
241.18,862.9
240.4,28.6
243.94,340.68
243.57,645.66
244.8,7.2868
244.54,319.89
251.08,302.23
254,132
260.42,827.58
263.85,16.544
268.33,77
270,643
270.65,886.5
271,1056.8
281.3,1136.2
282.13,660.02
290.26,29.747
289.48,380.78
291,355
299.06,1173.9
311.17,749.3
311.42,615.11
316.43,692.62
320.02,286.15
319.58,1145.1
322.32,463.05
332.84,898.07
335.46,940.74
342.24,228.93
345.08,142.04
344.23,474.1
344.37,640.66
346,893.25
347.91,48.868
350.07,214.59
355.06,949.09
356.5,368.5
366.18,490.67
371.42,967.58
373.85,398.34
381.34,672.89
384.55,1226.5
388.59,1206.4
388.34,875.62
391.14,642.48
398,531.5
400.87,116.02
400.09,753.09
401,1040
403.72,979.47
406.08,513.1
414.7,275.93
414.36,1111.9
417.11,1171.8
417.81,8.9651
431.74,649.14
430.6,102.5
429.5,477.91
430.63,495.36
431.07,1083
439.44,630.4
437.63,1113
445.62,715.63
442.5,288
445.17,932.76
445,57.5
449.66,113.15
451.95,195.48
459.02,132.14
466,1086.7
467.69,590.76
469.44,986.32
481.38,1157.6
482,748.5
486.66,835.56
485.09,249.09
488.07,610.56
490.3,856.44
488.93,74.741
491.42,273.42
491.04,998.48
499.61,565.14
506,422.5
506.5,1063.9
513.9,693.28
512,166.25
513.09,33.909
514.62,391.98
522.5,653.5
529.56,530.2
535.55,618.03
535,588.5
538.55,510.29
548.87,1224
548.58,461.89
551.37,1012.3
552.17,511
559.29,205.88
559.57,573.15
565.75,1133.9
566.59,973.11
568.7,657.71
571.91,55.667
580.8,626.69
581,230
580,573.5
585.35,435.51
585.32,791.37
593.46,424.84
596.99,1089.5
594.73,1227.4
596.7,399.17
596.82,167.67
599.5,580
602.76,522.07
604.57,721.08
606.4,902.93
606.5,313.5
608.5,776.5
609.1,881.48
613,754.5
615.09,357.87
614.3,846.28
625.39,614.39
624.9,262.4
624.83,843
625.92,417.92
634.72,429.02
647.61,430.14
650.54,1146.5
656.54,933.94
663.01,380.76
663.93,1117.6
666.15,626.73
664.58,821.11
668.5,264
671.48,932.15
670.48,1076.8
672.31,22.628
677.07,224.41
677.93,671.95
680.46,740.87
684.89,114.55
683.36,865.44
694.34,33.906
693.67,1196.3
704.27,557.35
707.25,980.88
717.38,1026.4
717.48,300.29
718.2,124.56
719.12,1005
725.55,290.91
737.07,773.49
734.42,909.61
738.31,1013.1
740.58,39.105
742,395
744.04,716.97
747.09,237.87
747.5,404.79
750.5,125.5
749.35,448.95
750.74,540.81
750.12,616.42
752.5,858
754.61,1021.3
761.08,479.98
760.85,239.65
764.58,310.89
766,820.5
767.48,1243.2
769.56,679.44
770.5,567
770,1149.5
772.94,361.79
773.66,839.55
780.29,868.04
777.16,1069.5
783.42,490.68
783.88,1036.7
790.38,209.27
788,341
789.79,523.31
791,589.25
790.77,643.6
794.79,1082.1
799.08,771.37
798.9,803.62
804.74,698.18
809.39,35.139
817.93,940.85
820.84,1169.4
818.29,698.29
820.89,1047.6
823.45,1153.7
825.92,994.64
823.89,1022.9
826.78,401.83
828.65,1105.7
826.45,791.69
827.87,1223.5
833,722.37
830.02,831.4
829.79,1192.8
828.42,685.42
833.91,513.09
834.14,476.14
841.31,947.09
843.35,3.027
847.82,402.81
849.21,111.21
853.24,448.49
857.08,1007.2
856.67,1122.2
861.04,772.68
861.42,1031.2
862.59,1018.9
866.09,692.91
870.26,439.72
867.89,1223.4
873.67,984.07
872.56,355.92
875.61,658.01
878.47,1231.9
884.87,941.5
883.47,1025.3
883.61,503.21
882.94,1063.9
884,991.5
890.21,523.56
887.42,1005.7
891.76,875.57
895.55,1193.6
902.33,1124.1
904.32,1232.2
900.85,1004.2
900.59,868.94
906.63,243.01
903.34,1063.6
909.78,61.067
907,740.5
910.72,1027.6
911.32,1138.2
913.22,223.56
918.1,424.78
919.59,154.32
919.37,463.11
920.2,54.32
929.32,1073.8
932.5,1128
934.53,1039.4
939.12,49.496
937.78,293.47
943.2,986.75
945.31,776.83
949,1155.6
958.64,357.14
956.58,206.42
966.21,121.47
960.83,142.28
958.91,232.09
962.99,1061
965.59,17.15
962.2,398.3
966.1,308.48
976.38,769.9
982.98,1108.3
975.16,1200.9
978.45,167.49
977.87,1063.5
977.71,372.2
980.41,917.3
981.07,112.4
980.68,196.5
987.04,153.29
989.4,1061.6
992.37,255.58
994.33,209.46
997.41,476.93
997.94,150.56
998.5,182
1002.9,677.08
1004,930.5
1005.8,1244.9
1006.2,111.23
1004.5,129.86
1006,352
1008.1,703.65
1011.5,169
1016.2,123
1020.8,33.504
1021.2,377.59
1019.6,792.89
1024.6,3.4058
1021.5,696.22
1027.5,1031.9
1027.1,170.2
1037.7,783.7
1033.8,30.75
1035.8,767.05
1038.5,1.9091
1036.6,1154.1
1040.1,257.65
1041,899.37
1042.5,18.456
1041.6,739.36
1045.4,865.93
1052.6,671.43
1052.7,990.91
1061.6,85.586
1057.7,290.2
1061.6,392.45
1063.8,1193
1065.3,725.99
1064,1119.7
1068.2,896.55
1068.1,275.91
1070.6,130.53
1074.5,682.64
1071.4,265.09
1073,405.82
1074.8,554.76
1076.4,1051
1077.5,576.78
1080.6,243
1085.1,1005.3
1086,125.65
1086.4,260.38
1085.4,1172
1089,798.95
1089.1,350.91
1096.1,44.994
1093,688.1
1099.6,564.76
1095.9,582.69
1102,736.01
1096.5,211
1096.4,980.11
1101.4,173.09
1103.4,94.586
1104.4,811.37
1108,862.48
1107.5,80.437
1110.9,514.62
1111.7,1011.8
1114,848.08
1115.1,275.37
1115.5,923
1117.6,117.08
1123,533.19
1123.2,354.02
1126.2,884.43
1124.4,862.41
1128,189.16
1129.2,842.32
1125.9,1104.4
1127,704.17
1130.1,800.66
1132.1,1236.4
1131.4,92
1131.2,1044.6
1133.7,592.25
1134.1,721.81
1140.1,177.62
1142.6,128.41
1145.1,734.45
1143.9,969.09
1145.9,545.25
1148.8,796.74
1147.4,1000.7
1148.9,191.95
1149.4,1074.1
1153,929.81
1150,217
1154.8,147.44
1156.9,66
1159.6,1045.4
1158.4,733.95
1158.1,1105.6
1158.5,302
1158.5,827
1163.2,1192.9
1166.6,911.63
1168.6,654.66
1174.2,88.062
1177.2,288.19
1168.8,697
1169,1039
1172.4,835.73
1172.8,1092.4
1178.2,649.35
1179.8,1172.5
1183.2,709.68
1181.8,751.96
1186.7,421.36
1185.7,1159
1185,849.4
1185.9,81.909
1195,562.63
1187.6,729.9
1190.5,803.53
1189,782.86
1190.4,1005.9
1192.8,1179.5
1192.9,505.35
1195.7,605.13
1200.6,705.27
1197.6,1127.5
1199,592.67
1202.6,525.02
1201,632
1205.2,982.89
1215.5,62.134
1213.7,235.35
1214.9,301
1222.9,1072.6
1218.7,861.15
1219.9,778.44
1223.2,635
1228.1,1217.2
1234.1,138.63
1236.2,744.42
1236.9,1097.5
1236.9,92.2
1242.9,14.81
1242.7,205.76
1244.4,282.05
