4.9204,86.345
2.3333,818.19
6.2857,939.61
3.8082,1058.8
5.1731,923.23
5.4921,1028.7
15.769,955.15
17.676,116.05
20.875,902.32
26.159,81.818
27.043,3.1571
34.108,678
34.041,983.12
45.462,702.44
44.526,806.49
48.352,398.47
52.232,314.9
50,977.39
53.5,1003.9
61.184,936.17
58.774,1012.8
67.83,983.52
65.867,604.64
64.204,8.7222
70.836,567.84
70.378,122.22
72.769,1011.1
70.364,1152.3
73.414,460.55
74.667,97.833
78.941,644.55
79.5,101
92,195.98
94.045,18.091
97.623,1207.6
98.694,777.44
102.44,162.73
110.97,1244
108.41,384.07
114.41,888.69
112.53,394.14
111.5,60.619
113.54,566.16
118.33,939.19
118.72,346.46
122.17,378
128.09,300.26
128.08,1176.1
129.4,399.69
132.87,643.66
133.81,698.78
134.43,387.73
150.33,616.14
148.39,243.1
150.88,144.68
155.29,332
151.67,668.56
158.52,856.7
155.38,659
159.48,605.09
162.33,1063
165.74,984.32
167.56,120.32
170.33,786.76
170.75,1007.9
172.52,371.75
170.33,1048.4
171.36,772.5
175.21,78.241
175.53,994.51
175.35,1161.5
186.95,833.39
193.69,141.57
180.5,602.5
191.56,1156.1
198.16,1136.2
193.82,1091.5
192.33,1178.4
192.91,106.09
218.76,1019.6
206.68,812.22
217.45,1218.2
217.42,1171.9
223.86,809.14
226.67,178.17
227.76,846.21
229.75,192.17
235.85,571.46
236.85,222.69
238.47,405.39
242.18,715.73
236.14,997.22
237.07,26.05
236.93,898.05
238.91,73.705
249.29,177.4
248.05,508.05
248.87,845.13
250.41,149.53
260.14,213.59
258.4,279.78
258.8,569.33
252.5,294.5
254.5,821.36
255.82,804.33
258.48,711.57
260.66,465.53
266.52,416.41
264.36,241.34
271.5,255.86
268.66,733.55
269.55,1175.5
277.01,835.49
272.26,870.76
278.93,120.61
282.11,660.02
284.77,644.47
300,749.19
286.18,813.67
288.65,1010.5
290.77,83.492
293.5,53.5
294.37,1146.5
300.77,817.49
303.26,1060.4
305.72,17.468
300.67,347.98
304.23,400.91
309.42,799.07
308.97,837.07
313.7,871.72
315.06,1217.1
321.93,16
321.09,340.05
325.34,935.7
323.67,224
326.5,915
335.44,402.58
333.23,190.21
333.93,80.048
338.36,910.91
343.5,813.29
344.38,833.5
352.93,75.497
349,193.5
353,36.074
352.3,207.8
361.87,280.84
359.94,56.241
372.33,97.646
368.82,1230.5
367.76,1076.1
383.68,280.8
384.64,59.01
378.91,973.5
383.9,928.31
385.44,566.81
386.11,458.42
389.94,764.91
394.05,531.95
395.73,957.55
400.46,856.88
407.61,911.32
408.75,887.47
406,749.5
409.05,52.698
408.42,758.42
414.09,96.068
408.58,510.89
410.04,277.11
415.26,299.69
428.54,276.77
425.2,3.6638
427.71,504.84
423.84,581.69
424.46,695.98
442.77,385.98
429.58,398.11
432.39,25.431
431.71,1224.6
436.33,412.17
440.14,810.75
439.32,961.19
438.32,1161.1
447.13,651.94
448.18,89.182
452.06,1234.9
449.05,519.57
454.23,1021.2
452,451.5
451.42,1179.1
457.95,737.02
458.96,1125
455.4,408.27
458.43,492.77
455,664.5
460.11,841.42
457,362.5
460.9,554.18
457.5,907.5
462.31,37.43
468.17,1106
464.04,1066.1
470.22,648.08
463.31,931.71
469.31,503.06
482.09,547.2
472.79,362.94
474.57,18.801
481,807.22
480.75,237.52
479.11,44.829
489.32,395.12
502.63,448.6
476,863
481.78,1078.9
481.03,278.18
484.62,698.7
482.65,966.75
482.58,495.11
485,407.5
499.43,760.48
486.57,925.48
498.29,155.81
496.78,715.98
494.24,300.74
490.5,828.5
496.4,1165.2
495.69,118.69
498.99,784.84
498.43,824.39
504.56,591.25
503.7,700.88
505.69,996.83
505.83,940.92
506.03,40.031
511.23,286.26
513.06,1130.4
513.11,99.468
514.57,77.627
514.07,1162.7
518.21,736.5
517.64,964.93
517.98,884.9
522.73,513.87
523.12,935.52
523.95,498.09
528.26,780.78
531,981.73
532.63,21.143
528.33,888.83
533.56,806.1
540.68,71.257
546.17,168.9
532.6,186.6
536.79,103.18
535.11,232.58
537,851.59
546.14,747.68
542.53,968.06
546.05,37.093
542.5,267
544.27,839.57
546.49,290.33
547.02,921.35
547.86,266.86
551.38,1234.6
548.41,912.94
581.02,986.31
550.36,237.5
555.8,1130.2
553.86,314.71
557.22,909.35
555.95,89.9
566.67,74.685
558.31,106.45
565.36,1082.4
566.63,34.454
573.49,105.45
574.64,373.77
573.23,954.09
575.05,279.1
579.31,939.56
584.96,439.2
582.99,1165.4
588.47,555.25
583.34,84.414
585,22.5
591.68,43.881
586.15,263.96
593.13,17.32
593.52,977.01
606.54,217.22
604.07,31.964
606.51,1206.5
607.09,280.91
616.92,327.56
618.03,160.77
624.57,970.99
628.11,397.75
628.76,472.18
630.91,59.941
631.96,1154.9
632.67,791.73
635,288.32
643.44,363.07
640.09,54.091
646.65,76.5
653.85,63.359
657.69,107.21
662,278
663.92,338.87
664.42,301.11
673.63,273.67
670.5,1172
671,338
674.61,221.79
672.73,1102.3
676,1136.5
679.05,627.43
682.5,250.3
686.07,932.68
688.11,64.5
693.32,592.86
699.07,69.833
698.09,542.49
699.46,130.41
698.67,782.68
699.5,385.5
704.92,104.52
711.5,75.393
713.23,48.091
715.38,457.74
716.63,36.871
716.07,136.04
720.82,522.3
716.46,574.22
719.65,185.22
720.97,1204.2
724.93,711.17
723.46,596.89
728.08,236.41
723.52,1181.9
730.27,55.868
735.9,663.82
727.91,974.77
728.56,614.08
732,483.79
730.91,168.23
739.83,202.76
740.89,1225.4
741.95,1085.4
752.78,744.78
754.51,599.88
755.37,650.26
753.85,562.65
753.9,611.95
755.4,267.4
757.92,899.39
762.14,1149.4
762.08,1073.4
771.28,224.5
765.6,107.4
769.26,186.14
773.93,574.02
776.6,609.59
773.14,551.14
777,217
779.29,278.82
783.98,32.373
779.91,131.91
787.22,335.08
785.45,628.46
786.54,118.36
793.84,723.53
789.31,968.83
792.09,1133.5
795.09,22.909
803.96,262.17
799.72,1209.2
798.86,659
798.27,477.35
802.01,1186.4
804.11,174.27
811.01,734.66
811.51,81.317
809.75,231.93
816.63,356.45
819,325.2
822.02,12.266
829.3,66.949
822.11,116.41
822,182
825.14,47.422
833.62,240.4
829.14,678
834.12,84
842.67,101.16
839.68,302.35
849.68,362.99
849.08,53.617
850.41,954.94
854.21,343.95
854.21,2.2917
858.12,823.61
859.66,1202.8
864.47,1037.1
867.44,152.29
874.28,382.23
876.87,331.36
875.24,514.2
871.95,895.41
885.86,707.95
883.74,81.978
881.05,267.52
885.96,171.39
888.61,397.85
893.81,1242.3
895.46,474.75
892.73,1037.1
897,108.1
907.11,92.571
912.47,542.78
914,163.75
911.31,566.41
914.26,29.386
919.24,671.28
920.08,647.32
920.42,99.895
922.5,72.647
924.31,200.6
928.62,305.46
928.18,665.64
930.11,113.42
929.44,599.11
936.37,199.39
964.63,220.74
939.94,295.85
944.45,510.99
945.89,325.32
955.25,110.58
947.32,162.92
955.43,1054.7
952.96,554.87
959.26,722.43
957.26,658.98
957.5,191.5
960,67
965.55,596.44
967.36,1133.8
970.73,48.036
969.78,382.14
968.58,361.55
971.06,692.67
976.64,267.6
978.44,110.5
982.07,368.79
981.44,712.73
983.72,541.82
978.58,1240.9
989.27,71.48
981.58,432.89
988,523.5
992.89,6.4667
994.3,271.07
994.49,917.08
997.18,24.193
993,518
993.5,537
995.42,892.55
1000,42.5
1001.6,738.06
1003.6,652.89
1003.4,1241
1004.9,435.11
1011.3,285.86
1012,739.02
1009.7,618.93
1011.4,671.08
1009.8,240.93
1013.9,106.26
1011.7,496.33
1013.9,321.32
1012.6,888.25
1013.6,50.4
1022.6,985.2
1025.5,932.55
1020.2,191.4
1023,1036
1022.6,712.91
1028.1,802.52
1022.5,460.5
1028.9,320.88
1025.6,964
1033.1,1057.7
1032.4,1141.1
1034.2,3.2647
1033.2,591.87
1038.5,826.5
1046,365.79
1040.7,890.8
1043.8,579.04
1046.4,594.46
1049.4,631.65
1052.6,1013.6
1050.1,31.967
1048.4,656.54
1050.5,972
1060.6,400.06
1054.2,761.44
1076.3,503.88
1058.3,565.14
1057,906.5
1062.2,660.16
1062.1,864
1062.9,415.67
1067.3,144.2
1063.9,448.59
1066.4,714.32
1068.3,767.3
1068.6,908.07
1069.1,461.35
1069.1,481
1069.5,437
1071.4,842.78
1071.8,560.9
1072.4,220.06
1076,676.82
1079.7,930.11
1079.6,912.51
1079.7,1235.3
1079.1,625.15
1079.9,309.56
1083.6,415.99
1086.7,452.62
1082.8,226.11
1084.9,1201.2
1086.5,675.5
1091.7,790.83
1092.8,632
1092.5,685
1095.5,1245.4
1097.1,996.5
1104,524.4
1108.5,85.85
1110.6,659.14
1108.3,1212.5
1110.1,1144.2
1113.4,444.44
1116.9,196.41
1120.8,614.93
1121.8,781.89
1125.1,853.06
1126,669.51
1128.6,148.19
1127.8,185.66
1132.9,1060.6
1141.7,910.91
1135.9,1119.1
1137,292.12
1144,374.37
1138.8,446.54
1142.3,831.89
1140.6,650.01
1147.3,700.11
1158.7,309.19
1158.1,488.81
1162.6,807.93
1162.9,57.46
1160,1061.5
1166.8,1028.9
1164.8,737.18
1168.5,696.6
1170.8,655.39
1179.8,984.38
1176.4,757.51
1176.2,555.87
1179.2,619.9
1181.5,694.82
1178.9,928.71
1182.6,662.69
1179.8,259.12
1183.2,1054.8
1185.6,384.45
1192.8,423.3
1201.3,739.22
1192.4,1210.6
1195,501.5
1202,896.59
1202.3,151.35
1203.7,353.55
1204.1,40.579
1204.1,779.16
1205.4,1196.6
1205.8,1244.6
1212.4,523.59
1211.8,305.79
1215.8,705.88
1225,1019.4
1215.8,1110.2
1214.4,247.33
1219.5,1190.8
1217.4,762.4
1226.3,1224.7
1228.3,1067.5
1227.6,1054.6
1229.8,1245.8
1239,45.208
1240.2,721.91
1241.7,1110.3
1234.5,1133
1238.5,271.5
1243,1179.9
1241.2,408.93
1242.4,184.58
1243,773.57
1245.6,567.81
1246.2,1129.8
