5.1753,84.784
9.9982,941.72
6.5765,1058
3.0714,1137.1
5.6066,134.3
4.8846,309.65
8.0921,243.53
7.0714,1026.2
8,489
8.5,1243
13.296,880.9
23.986,4.7379
23.004,79.867
19.556,113.24
24.924,694.05
27.246,1015.2
30.453,888.31
27.345,1238.4
31.09,738.6
32.944,677.5
31.446,826.89
33.087,849.52
34,979.68
38.701,793.77
48.914,396.96
44.571,505.29
46.29,92.548
49.464,867.87
52.139,314.23
62.55,9.8267
48.909,1029.1
53.605,54.868
61.238,934.68
57.5,300.5
60.694,825.89
66.752,603.63
62,665.27
67.582,982.28
72.725,566.54
72.576,264.1
69.926,544.41
74.8,1009.5
76.816,1175.4
79.675,1061.2
88.385,193.17
87.788,1114.4
91.813,352.41
87.5,865
89.188,422.06
91.977,1036.4
94.981,14.385
105.11,1203.5
103.07,158.86
112.5,1241.3
114.95,888.05
118.65,937.61
116.06,434.41
117.43,809.43
124.14,1175.8
126.01,397.83
126.71,669.99
130.55,733.91
128.62,832.9
131.34,1224.7
134.7,646.74
133.6,677.6
135.53,686.76
135.92,321.08
136.5,800.5
140.63,929.33
138.5,611
148.09,1092.9
149.48,241.26
150.48,332.18
143.14,542.86
144.34,993.94
146.57,980
150.98,143.28
149.5,614.39
151.21,673.36
151.82,1017.4
152.92,641.92
159.68,854.4
154.66,981.94
159.86,169.84
165.84,425.83
164.44,228.93
169.66,1077.8
173.01,369.81
168.94,645.91
171.4,784.85
187.31,826.86
176.15,77.175
177.57,707.05
182.59,603.93
188.75,135.58
183.2,797.44
184.5,1183.5
187.91,806.05
190.9,201.67
196.8,280.92
196.53,1165.9
194.24,395.89
196.64,1133.9
197.16,341.18
199.12,1041.8
208.9,37.568
203.42,737.89
207.14,601.58
209.64,818.75
212.23,1012.9
212.07,834.6
218.03,1217.4
216.43,1169.6
217.2,220.68
220.61,1035.4
220.5,1003
222,305.5
233.8,69.484
229.29,846.8
228.25,1021.1
226,1052
228.22,191.22
230.83,319.95
237.27,569.48
233.5,56.882
239.06,221.66
235.37,1070.6
237.22,206.44
242.79,899.91
251.71,169.1
239.55,404.45
242,719.12
258.8,848.64
250.29,513.28
244.81,707.32
244,236
245,1010
257.83,210.39
256.75,272.64
250.07,1152.6
259.2,568.73
256.48,291.68
261.59,462.72
258.3,712.35
260.15,682.65
266.49,416.02
265.76,246.83
265.6,897.24
265.91,534.91
267.27,792.08
276.42,1128.3
275.06,574.87
275.79,196.38
275.5,500
278.72,390.72
282.17,636.4
282.74,658.25
279,866.5
280.3,119.7
282.5,985.53
279.5,1141
281.33,774.17
292.59,7.6126
287.3,563.83
283.58,750.11
294.55,815.47
291.34,276.25
288.98,1007.9
285.89,852.58
290.64,530.11
296.06,738.73
291.42,89.105
292,110
293.56,702.06
293,47
295.72,55.912
303.22,1058.4
298.12,972.5
307.3,19.898
308.76,755.35
308.63,99.872
306.64,261.43
305.43,725.4
307.83,798.48
310.39,834.87
308.17,1227.4
309,214
309,353
309,358
311.09,332.05
316.19,869.49
312.73,524.11
313.17,738
315.23,56.326
319.53,644.55
315,1216
319,1244
322.5,15
326,225.47
328.41,533.14
327.4,932.67
328,99.5
332.92,187.69
337.51,400.78
332.5,1074
338.22,1146.6
334.19,821.16
338.41,144.43
342.77,871.84
343.83,753.31
346.71,281.03
344,200
343,820
345.12,1187.5
347.34,471.83
348.49,841.2
354.26,74.976
354.31,38.281
357.68,1009
358.45,1180
375.18,279.97
363.51,122.58
362.32,243.36
361.29,3.4286
373.85,96.962
376.24,1009.8
396.58,54.451
380.78,972.19
385.7,927.11
385.2,565.23
387.1,235.9
387.06,766.96
396.05,176.81
389.5,630
395.45,616.35
398.44,954.5
400.99,754.65
399.25,437.93
406.05,25.009
402.31,1152.3
402.57,140.39
411.63,899.97
407.94,242.99
408,145
415.16,93.915
435.42,273.98
426.03,3.3611
443.02,388.09
428.56,505.4
425.49,580.38
426.5,336.5
430.64,1033.5
437.1,160.74
442.02,810.09
438.59,878.02
441.05,1238.1
446.58,88.061
450.41,514.47
450.31,188.35
451.14,351.36
452.68,426.08
451.73,224.4
458.38,735.93
455.43,1019.2
456.16,663.24
460.16,840.73
456.68,102
458.62,454.72
464.5,929.85
457.16,1122.1
459.98,36.286
460.42,550.65
465.72,232.63
463.41,900.56
465.41,492.66
465,1065
471.22,648.14
466.56,613.11
479.4,392.02
476.4,17.558
470.76,894
477.7,44.824
481.3,693.63
475.89,862.37
480.39,1106.6
475.93,499.72
473.88,528.62
478.45,219.25
482.59,768.68
481.93,806.11
479.32,198.99
492.14,964.88
481.41,275.53
486.1,556.06
483.92,124.75
482.84,1076.7
492.66,823.77
487.16,846.77
487.73,456.37
488.39,680.57
494.48,467.24
491.37,712.37
491.22,97.222
505.21,438.36
494.36,155.64
497.21,1163.8
496.54,408.56
495.5,1061.5
498.45,135.29
500.11,864.07
501,111.94
508.04,753.49
503.04,371.1
506.03,40.706
508.74,283.21
507.08,994.64
506.71,776.57
507.32,155.92
513.13,1128.9
509.5,689
511,98.5
513.5,106.5
519.65,66.526
520.61,883.12
518.65,964.5
518,159
521.84,1207.3
520.15,473.41
520.96,734.56
520.55,766.42
524.16,371.74
531.16,782.46
526.76,934.44
524.77,511.04
537.07,175.49
529.5,277.36
529.35,1223.3
530.88,983.27
548.38,76.151
533.82,19.818
533.91,269.85
538.4,446.2
534,802.5
537.21,300.07
536.14,229.14
536.69,426.52
542.79,890.07
540.5,962
550.39,1231.5
547.86,745.47
550.52,216.99
545.36,863.55
545.61,1217.6
551.23,310.26
549.27,34.346
557.52,1127.8
567.12,935.53
565.38,31.963
566.28,1081.2
571.71,98.995
564.5,874.5
566.64,680.9
566.24,548.1
578.45,988.92
570.94,313.69
569,352.5
575.18,955.95
578.85,278.8
581.73,1164.7
587.47,21.766
577.58,46.895
586.24,553.47
580.93,200.81
582.5,1116.6
585.97,755.25
593.68,448.01
584.5,1045.5
592.61,42.564
605.47,1029.3
600.16,953.63
600.71,1055.6
607.7,216.19
609.87,603.41
622.45,154.3
618.63,417.8
626.57,330.22
627.14,277.14
630.09,469.16
630.9,54.314
631.87,244.61
633.56,791.64
636.63,81.14
636.95,261.16
639.16,283.69
643.65,360.05
643.74,54.652
645.14,1241.9
647.92,612.38
649.39,1105.8
649,48
653.35,63.504
657.44,105.88
657.32,522.42
662.93,271.24
665.6,686.08
666.51,87.386
663.07,52.512
666.92,339.47
665.76,416.63
673.77,1031.2
675.54,48.457
677.41,165.04
678.17,625.95
677.3,802.3
677.33,216.83
683.15,245.6
688.72,931.58
683.91,139.09
684.61,1006.1
694.45,71.35
694.15,161.08
691.85,201
690.54,62.707
693.75,589.87
692.08,657.46
693.78,1244.8
698,25.5
699.74,537.94
700.89,1225.8
700.36,519.55
704.07,107.61
713.97,491.23
716.96,459.11
715,40
721.3,138.06
721.72,519.3
719.36,333.06
728.38,60.834
735.11,673.43
725.29,712.42
724.32,595.28
726.57,973.8
728.5,166.12
729.62,240.64
737.65,1076.3
738.42,1143.5
751.03,744.17
740.5,204
743.23,322.88
750.31,1245.6
755.54,706.85
756.71,650.01
759.6,1066.3
755.89,1235.4
757.27,542.38
758.35,900.62
761.71,275
772.13,226.5
766.59,107.95
766.78,668.48
768.79,189.7
766.5,342.5
768,642.8
769.34,1236.3
774.85,569.27
776.98,601.97
770.67,697
774.38,268
777.86,871.52
786.23,33.43
786.8,628.03
787.83,334.09
785.83,758.33
800.3,262.79
794.69,722.16
797.91,50.772
803.45,159.4
802.08,1209.4
807.28,722.07
818.55,321.06
814.18,958.24
816.39,187.97
823.14,46.973
821.55,114.41
828.42,675.93
823.5,1189.5
828.93,63.556
829,314.5
835.1,239.87
831.5,403.5
843.07,100
843.01,135.84
848.8,57.755
847.12,257.48
845.43,174.57
852.53,192.76
853.5,658.5
854.85,344.54
857.69,823.11
864.77,1034.8
869.14,150.67
877.52,330.99
873.14,183
876.71,379.91
888.64,709.05
885.84,77.683
886,172.5
897.13,476.6
895.01,1034.8
892.5,3.1667
896.42,1241.9
898.58,274.63
895.45,103.58
909.75,535.47
911.94,565.06
915.69,162.72
916.27,26.781
921.8,670.43
918,373
929.64,202.09
928.02,306.23
928.02,1198.7
930.66,283.94
930.05,544.18
933.12,361.17
933.77,844.54
939.45,21.091
937,222.5
937.42,339.94
969.93,224.92
944.65,509.83
941.34,293.73
948.09,553.06
943.5,227
955.61,109.06
950.12,921.29
957.26,1052.1
952.53,594.19
959.15,1194.6
957.33,384.5
957.85,657.65
971.85,595.68
961.14,755.14
961.8,305.1
965.62,336.38
968.03,1131.1
966.41,576.24
970.19,690.01
968,379
979.05,711.14
975.74,149.72
982.6,365.76
978.28,383.23
979.77,1.9091
992.02,63.511
979.6,84.6
982.83,433.44
993.99,272.76
990.95,524.54
988.07,623.04
994.75,915.51
997.79,20.598
993.58,1096.1
995.58,543.7
1003.2,667.45
1000.4,700.27
1007.2,890.95
1007.4,619.19
1008.5,240.38
1013.1,318.71
1009.1,442.38
1013.6,283.03
1009.4,734.89
1013.8,103.23
1013,595.17
1025.2,798.87
1015,666.09
1021.2,352.98
1016.9,226.09
1017.5,60.5
1021.3,1035.5
1018.1,1084.4
1021.1,455.3
1026,928.8
1020.1,535.78
1023.4,712.42
1023.5,983.1
1032.4,1140
1029.5,319.59
1036.1,4.9862
1039.4,746.8
1035.8,585.98
1035.9,346.14
1038.3,948.05
1041,887.54
1046.3,366.77
1049.9,1015.3
1041.9,422.56
1046.5,654.62
1044.5,797.05
1052.4,1232.3
1059.1,721.62
1057.6,81.103
1052.2,903.27
1065.6,398.16
1066.8,691.11
1066.4,927.55
1068.3,764.61
1067.4,143.37
1075.6,908.04
1080.3,504.09
1083,417.67
1077.8,676.26
1081.3,1235.2
1087.5,1161.3
1089.6,452.23
1089.8,1178.5
1090.1,1081.3
1089.9,582.98
1093.1,789.54
1091.8,1246.8
1095,482.66
1094.4,535.47
1100.6,248.45
1107.9,1202.9
1103.2,740.15
1108.2,414.97
1111.8,1144.6
1125.5,615.26
1118.9,811.4
1129.6,184.05
1124.9,851.77
1133.2,669.09
1133,501.93
1131.6,148.9
1132.1,83.909
1137.4,566.19
1145.6,904.35
1145.4,372.41
1142.6,830.07
1144.4,1193.1
1150.4,699.6
1163.4,803.46
1159.9,307.86
1163.1,56.205
1165,1216.2
1161,952.09
1167.8,1027.4
1175.4,984.1
1176.7,556.26
1176.3,757.36
1179.2,925.17
1178.4,970.44
1181.3,259.87
1183.9,1044.4
1183.5,453.42
1183.6,660.57
1195.5,420.87
1189.9,610.56
1200.3,737.54
1195.7,772.07
1194.1,1066.4
1197,1236.8
1200.3,895.05
1201.9,1122.9
1203,151.5
1210.7,1190.2
1217.8,1024.9
1214.1,1085
1215.3,762.06
1216.8,1133.6
1225.4,692.92
1223.6,370.38
1226,670.43
1226.8,409.51
1230,601.55
1224.9,202.41
1224,753.5
1224,1194
1234.7,1115.8
1231.5,1057
1240.2,43.967
1239.3,270.18
1240.9,721.19
1242.1,1177.5
1244,686.94
1243.7,771.59
1245.8,171.65
1246.2,1209.7
1246.7,567
1246.8,870.08
