7.9007,80.974
2.7,170.18
3.6857,203.91
2.931,234.41
2.2766,631.62
3.541,713.82
6.5492,1046
2.3421,1243.2
4.1538,50.654
8.1985,574.56
3.92,608.56
8.1639,955.68
10,304.13
13.768,812.43
10.654,358.62
9.9516,453.05
15.361,1203.1
18.086,488.54
21.421,260.11
26.959,82.517
25.227,1167.7
27.157,861.59
29.07,1043.1
27.071,1149
25.579,1205.1
29.79,24.025
38.857,542.93
37.968,835.21
40.198,1145
43.343,974.66
41.8,244.44
46.109,181.91
45.846,665.46
52.107,649.43
50.5,494.79
51,81.5
51.405,1196.6
52.297,1171.9
60.522,1001.2
57.324,1116.7
61.281,432.12
58.436,1082.9
65.496,870.49
63.89,794.54
62.333,975.99
68.924,324
70.409,956.61
70,365
74.632,128.98
73.367,442.5
72.333,980
82.534,460.51
77.074,1027.6
82.905,211.7
83,156.14
83.909,777.91
86.909,80.091
91.243,530.46
96.83,564.43
93.286,1206.4
96.696,376.05
95.225,1151.8
95.083,1061.1
96.593,808.54
103.06,599.56
109.47,31.985
105.56,150.54
110.57,1079.1
107.14,878.08
111.42,1222.7
112.58,1160.9
117.91,218.42
121.68,275.8
119.86,668.5
120.16,799.75
121,311.5
126.47,1230.3
124.6,3.66
141.83,512
146.89,9.2556
146.76,444.61
150.32,314.25
155.02,298.7
152.86,453.06
158.97,276.08
155.37,800.2
157.87,858.08
162.62,246.9
161.08,1082.1
165.86,1039
164,530.17
170.14,430.1
171.14,183.64
173.38,823.1
177.25,656.51
177.42,711.42
183,1092.5
184.77,208.92
190.77,756.43
190.62,372.6
192.19,187.86
195.04,255.85
199.5,705.7
201.1,812.52
202.74,1113.8
211.82,338.29
208.57,25.054
211.96,752.16
211.37,1126.6
216.71,6.0458
214.13,713.84
220.69,496.15
219.88,557.88
220,871.75
225.3,547.32
223.74,1026.1
226.47,127.76
232.87,956.68
228.37,348.63
233.48,45.826
244.65,1003.3
239.74,714.3
244.22,17.936
244.08,33.917
244.81,182.91
255.38,792.51
256.65,767.65
264.19,51.973
258.92,173.08
262.27,900.4
259.12,980.65
262.06,5.3377
259.5,215.5
261.92,813.54
263.09,610.91
267.34,668.32
267.08,849.67
266.58,1188
268.33,938
268.5,1144
271.26,1215.4
274.05,306.58
274.08,210.46
280.4,476.26
277.07,804.51
277.4,834.81
283.11,264.12
279.45,1025.3
287.44,1061.9
285.83,151.07
286.96,1016.5
287.09,333.09
292.92,1043.3
295.12,644.5
291.29,439.03
293.77,854.15
300.72,794.06
291,899.83
293.11,337.42
296.52,744.58
296.82,1001.1
295.89,263.58
298.06,1074
304.36,548.84
301.13,232.33
300.61,689.14
303.44,481.08
305.58,363.04
306.33,507.97
304.09,982.23
311.99,171.49
306.58,607.58
312.49,45.062
313.04,825.76
320.76,1017.4
313.54,455.85
315.91,100.09
315.86,899.64
316.93,606.41
322.74,217.49
326.17,842.12
323.84,1075.2
323.73,967.55
329.15,732.65
332.49,779.71
334.8,1159.3
339.85,115.19
337.84,211.5
336.02,1027.9
338.73,1081.8
336.5,588.5
339.18,944.92
343.93,657.32
350.43,414.15
342.47,549.67
346.24,797.51
345.28,254.86
344.03,307.87
346.94,893.06
351.44,1003.3
347,1032.7
348.22,874.12
349.38,9.1
351.6,1186.3
348.97,214.6
355,761.5
362.45,776.59
364.94,645.09
365.14,1030.5
367.48,184.65
366.7,436.85
367.63,12.395
370.8,997.79
369.73,835.4
369.96,47.074
372.9,216.96
374.24,911.47
377.05,23.024
375.82,80.6
375,1163.5
374.43,1243.4
376.55,688.71
380,560.74
380.67,1006.3
384.05,46.329
381.53,318.28
386.02,283.99
384.59,418.07
387.87,461.42
387.08,238.68
385.42,824.97
399.63,29.959
388.93,141.07
390.86,662.39
390,192
395.58,502.58
400.36,602.83
402.9,1217.5
398.07,216.41
401.88,736.36
402.43,1238.4
406.89,549.16
408.84,985.55
407.08,1172.1
412.78,119.18
413.91,1022.4
415,540.5
419.36,507.49
424.89,829.07
424.64,173.6
424.9,892.1
429.48,1042.3
426.71,1187.1
428.81,191.69
431.56,524.27
427.89,1130
432.18,589.71
434.28,713.8
430.15,768.43
438.75,641.07
430.58,277.11
434.66,571.47
439.94,856.57
445.67,833.98
449.34,1085.9
447.56,1197.5
448.12,371.88
449,634
454.35,114.46
455.43,592.8
453.87,786.3
454.13,1229.9
457.2,617.38
460.26,952.36
463.32,856.78
463.42,779.89
469.31,68.5
467.5,912
469.95,99.571
468.92,1010
477.41,152.75
472.34,254.93
475.23,125.33
492.11,971.84
485.27,480.41
482.39,49.139
481.6,139.4
485.92,941.08
488.48,284.11
486.26,755.81
487.17,1230.3
490,456
495.81,353.85
492.16,377.9
496.41,111.05
500.2,1129.8
500.38,925.86
498.19,944.87
500.55,528.85
502.62,331.62
507.06,1019.6
506.12,192.12
506.31,983.83
507,758.5
519.22,560.92
516.95,1100.2
514.98,1191
513.21,345.88
525.52,1143.7
524.28,933.73
531.35,875.43
532.87,506.52
539.49,190.65
541.27,108.64
539.74,355.79
540.95,77.075
540,133
543.39,860.82
550.66,380.05
553.34,163.97
551.87,1175.2
550.09,281.09
551.46,848.73
562,1189.6
569.52,313.46
564,1220.5
571.01,269.93
570.93,835.5
572.3,1044.2
575.37,99.589
574.29,1188.3
584.9,572.08
580.88,915.76
585.32,117.42
582.43,373.7
583.15,264.17
583.26,357.85
584.12,1134.4
586.94,414.57
594.04,262.67
599.59,418.39
599.55,5.1121
596.35,281.33
601.46,77.209
599.39,1108.8
605.17,949
613.1,960.27
617.13,936.28
618.73,1137.5
619.71,1110.2
617.58,264.42
621.34,382.18
620.43,5.9459
619.5,107
621.1,1040.9
620,1154.3
623.45,1226.3
626.45,331.79
627.06,424.53
626.95,1011.1
625.5,823.5
632.32,16.46
629.25,1159.7
638.1,580.63
639.86,830.01
646.85,67.327
638.5,222.5
641.06,1047.1
645.35,562.98
654.62,698.84
645.42,767.89
646.45,1094.6
653.6,1151.8
654.75,336.02
656.17,216.4
656,318.74
662.86,928.99
665.82,103.71
661.64,1089.5
671.04,91.175
667.79,518.85
667.29,149.43
667.8,322.44
668.59,527.06
677.5,530.5
679.35,812.5
680.62,395.69
679.83,506
685.29,721.53
683.72,383.99
684.27,41.275
683,239
685.79,320.47
690.92,1195.8
692.7,577.19
690.94,1173.4
692.81,494.07
692.92,1075.9
692.94,214.96
696.44,912.05
694.91,1022.7
702.48,1044.3
699.15,982.92
701.46,132.46
700.16,966.58
703.55,350.71
703.89,823.41
711.62,682.05
713.74,7.2414
711.5,72
711.87,905.06
712.9,255.72
715.37,1163.1
718.06,140.1
716.38,201.62
719.18,879.22
716.5,488.5
719.45,935.24
724.56,187.09
721.54,964.26
722.34,374
722.92,1142.9
725.45,1081.6
731.7,81.024
725.38,471.15
727.51,847.09
734.55,686.29
738.08,477.95
748.54,277.4
740.65,331.05
739.86,186.61
739.27,440.65
743.38,1119.7
746.43,386.25
747.24,1039.9
746.5,606.5
748.85,243.54
753.34,1208.7
750.58,42.424
754.5,508.64
757.88,557.59
758.31,350.83
765.13,308.77
766.99,484.85
768.89,953.59
772.87,142.36
779.5,50.776
788.5,741.23
780.9,1098.4
780.23,419.78
786.88,958.67
783.85,5.5385
786.67,256.17
789.71,430.67
795.35,411.97
791.58,1172.9
794,295.5
797.56,553.75
795.5,921.5
800.44,166.48
800.45,1184.6
802.65,580.5
803.5,461
806.09,526.34
807.3,790.2
805.83,563
807.1,42.95
808.09,238.91
812.56,378.73
813.7,724.47
813.94,1177.4
815.47,1154.3
823.18,992.06
830.62,624.34
832.42,147.58
839.58,461.81
839.65,935.66
841.02,251.05
844.17,329.91
842.95,280.83
845.7,714.09
855.2,939.11
855.11,239.96
856.95,615.26
856.43,899.57
860.09,793.87
861.69,261.06
870.69,67.538
871.57,1238.4
869.98,279.12
878.2,522.17
869.91,1208.9
870.73,582.65
871.61,663.14
874.56,222.01
876.44,651.48
878.33,824.46
876.67,558
877.09,614.91
876.92,762.4
880.92,547.95
887.31,903.04
887.42,65.889
886.07,688.41
888.92,4.1774
886.89,799.58
889,849.26
891.71,829.92
890.53,923.42
893.14,151.74
897.5,1142
911.76,842.91
900.35,971.46
906.34,209.89
907.5,881.12
907.21,803.07
918.68,586.95
914.88,948.47
912.14,1153.3
914.31,458.76
918.59,228.47
918.33,360.92
920.74,1189.4
919.91,1200.1
926.1,259.34
920.91,535.09
924.76,551.56
921.94,1232.2
928.41,18.933
925.93,178.59
930.77,691.99
927.43,1153.9
933.17,849.07
937.63,1136.3
938.69,334.19
942.02,472.17
960.76,682.62
945.89,934.68
954.98,94.093
954,175.5
957.06,283.74
965.45,487.97
956.96,162.31
959.36,79.723
966.5,215.77
958.56,783.92
964.66,526.62
963.12,1033.2
965.03,542.08
966.96,183.67
969.9,450.85
972.48,361.69
980.58,542.36
975.07,706.59
978.31,975.61
982.71,658.3
980.93,464.81
983.42,1044.4
983.91,429.06
983.58,881.11
985.5,321.65
986.78,219.88
987.46,230.22
987.98,80.122
987.09,1067.9
991.25,108.06
995,826.81
996.6,935.8
990.86,372.86
994.83,797.99
994.74,548.33
996.31,712.28
996.93,998.07
1006.9,1008.5
1005.4,69.125
1004.4,494.28
1007.7,163.29
1006.3,715.16
1012.1,101.45
1010,781.07
1022.8,287.09
1016.6,725.67
1019.8,426.26
1021.1,681.59
1024,927.5
1023.3,92.652
1028.6,145.45
1028.5,819.63
1029.3,575.96
1039.1,994.56
1038.6,769.75
1039.6,314.11
1040.5,972.5
1045.8,758.95
1045.5,456
1058,353.48
1049.2,685.97
1053.3,130.45
1051.3,246
1052.5,618
1056,178.94
1055.5,53.147
1062.3,803.5
1058.4,468.29
1062.5,732.55
1063.1,674.73
1064.4,1234.4
1060.3,485.57
1068.2,3.5849
1066,67
1065.9,380.77
1067.4,85.286
1076.3,321.31
1076.8,270.85
1083.5,1214
1081.4,129.09
1082.4,349.97
1087.5,869.6
1083.9,6.7407
1084.9,1026.1
1090.9,845.64
1094.6,807.16
1095.5,194.5
1098.2,424.97
1098.5,497.93
1098.3,775.11
1096.4,992.89
1100.8,439.91
1105.4,1114.8
1105.3,359.67
1102.5,962
1106.9,1161.3
1106.8,1229.5
1107.5,1206
1120.2,128.17
1112.4,1009.4
1117.2,534.48
1119.1,609.25
1123,266.99
1127.1,1033.4
1125.8,422.53
1128.4,105.89
1133.8,347.06
1135.1,1244.1
1134.9,465
1137.7,150.72
1138.4,1016.4
1142.8,200.72
1144.1,421.01
1150.9,72.816
1153.9,887.18
1148.9,587.5
1153,640.89
1152,606.41
1156.3,796.77
1161,333.69
1155.5,227.57
1155.7,706.62
1156.1,10.643
1162.7,261.94
1161.9,187.52
1163.7,657.83
1163.5,944.31
1166.9,1203.9
1167.8,452.64
1165.1,474.66
1169.3,138.11
1169.1,732.19
1167.2,346.29
1174.7,155.72
1175.4,522.84
1174.6,698.92
1178.4,805.13
1177.7,487.17
1179.7,82.811
1180.5,763
1177.7,100.67
1177.4,231.19
1179.4,413.48
1178.4,321.37
1184.9,121.5
1178.6,824.89
1179.8,355.7
1190.5,1051.5
1185.8,162.34
1190.4,277.94
1196.1,164.1
1196.1,256.66
1196.2,604.56
1198.6,476.58
1199.2,933.13
1201.1,586.09
1207.6,668.06
1202,1009.4
1204.2,1237
1205.9,21.868
1212.4,890.14
1207.4,144.89
1209.4,321.84
1218.4,914.15
1212.1,1029.3
1211.9,440.91
1223.7,115.05
1224.4,428.08
1225.1,973.59
1225.8,353.62
1230.3,18.795
1230.9,411.63
1235.9,543.22
1232.1,1124.6
1232,1159
1233.5,123
1240.1,688.25
1237.1,90.579
1241.8,373.48
1239.5,189.17
1239,1103.2
1244.4,35.058
1243.6,8.2188
1246.2,484.12
1246.8,197.2
