3.4048,232.36
7.2577,1115
4.6593,1198.7
4.5862,1231.1
5.6964,730.88
8.875,1018.6
10.021,973.52
10.532,689.97
6.1053,1184.6
7.4211,750.89
14.153,151.44
11.897,636.66
18.419,1149
19.68,1229.6
15.826,799
17.576,892.55
25.608,26.211
24.615,749.68
26.721,1114
36.46,961.1
42.469,277.55
38.395,1008
43.14,598.98
41.339,867.93
41.564,1036.9
47.591,180.11
47,1219.2
52.609,1018.4
57.86,301.26
62.477,832.18
60.28,96.301
60.656,870.53
62.808,514
70.817,683.44
67.895,460.42
69.525,1159.9
69.564,1110.9
75.2,24.8
74.6,654.4
75.116,829.3
75.448,1231.6
79.177,1043.1
82.642,153.87
81.091,227.09
83.779,856.25
91.058,71.227
88.508,1026.1
94.468,113.24
95.085,1046.6
98.579,772.89
108.18,1021.4
107.08,39.984
108.92,276.88
117.37,989.26
111.5,1225
123.42,834.86
124.94,531.6
123.54,920.92
129.56,946.19
134.9,1156.5
128.12,1035.9
128.93,247.81
135.87,581.94
135.86,903.86
144.63,780.66
146.06,629.75
146.7,520.38
148.58,1054.5
149.23,540.77
150.29,1105.7
153.64,1001.6
156.99,256.64
160.82,134.11
161.69,369.36
162.68,805.77
160.93,1176.4
163.32,604.2
166.78,1016.9
166.46,73.914
170.07,1230.5
169.51,1128.1
168.56,1057.8
171.35,1087.3
176,414.18
176.41,1152.1
177.89,289.37
180.72,875.89
178,1089
181,1204.5
191.13,1183.8
194.31,1097.4
195.57,642.79
199.07,832.91
200.68,1234.2
202.26,1069.4
200.13,1112.2
203.53,1190.1
206.48,99.6
205.29,1156.4
206.18,1034.3
207.76,1170.8
209.26,793.54
211.6,778.4
211.68,1218.4
213.53,1139.6
216.97,423.59
220.95,167.97
221.25,449.94
224.65,1146.5
229.09,923.52
236.74,1033.3
231.53,626.67
239.5,216.76
241.56,821.26
240.78,893.38
249.32,667.5
253.11,637.85
251.1,1238
254.11,177.78
255.14,778.28
255.85,1154.5
256.79,455.02
258.65,1105.9
264.1,1050.3
259.34,1224.5
262.76,727.22
267.45,401.24
274.21,308.51
273.16,857.87
275.99,328.04
275.63,696.03
281.21,834.24
282.67,147.67
281.85,560.46
285.98,608.77
283.23,405.77
285.96,746.54
288.1,295.47
292.9,678.59
294.18,641.4
295.59,560.07
295.42,660.11
297.11,1040.4
302.11,804.58
303.69,337.83
303.71,1245.6
304.2,636.56
304.91,563.91
311.34,719.79
311.56,755.97
313.34,838.47
317.5,483.5
320.63,338.04
322.1,544.15
320.89,522.07
321.36,1245.1
321.5,816.5
323.77,776.54
326.49,251.08
328.04,717.84
324.59,800.41
327.8,943.11
333.85,1088.6
333.86,1211.9
338.44,310.55
342.05,113.97
349.44,803.98
344.32,1104.8
340.77,1123.7
343.95,1206.9
349.64,429.77
347.48,893.61
349.63,1146.1
359.07,696.61
356,1173
356.57,535.39
358.64,1032.1
361.21,91.038
371.39,336.57
368.74,26.132
375.39,1028.6
380.57,1242.7
383.2,185.82
383.98,165.85
386.14,11.763
388.45,260.15
395.57,582.96
402.94,824.12
399,1229
402.86,172.43
401.43,1049.1
404.72,103.95
404.82,619.98
410.17,219.62
412.3,629.8
412.69,1143.3
412.14,1236.5
412,991.5
414,1060
423.66,588.05
425.99,272.64
431.16,1029.9
432.07,389.14
438.36,481.67
444.1,1210.1
442.5,16
447.55,1121.9
445.37,507.63
461.58,893.88
457.44,444.05
453,281.17
457.24,311
462.23,611.35
463.96,631.52
473.02,9.5584
471.98,504.85
472.56,1216.5
473.79,784.14
471.73,580.62
471.93,1163
477.84,277.42
477.22,1047.7
475.84,194.35
479.44,961.05
493.07,127.9
491.47,1245.4
492.5,844.5
504.93,56.676
505.7,803.44
507.45,1241.7
511.71,774.03
516,190.5
516.5,967.5
517.42,130.11
519,648.83
520.93,685.07
520.41,993.59
527.55,24.709
534.49,1241.4
536.78,502.78
534.42,730.58
539.57,690.04
541.15,773.96
543.85,192.6
545.15,1203.9
549.37,677.63
558.81,686.18
559.31,1026
557.4,19.4
557.93,188.59
567.19,952.99
560.5,997.5
564.26,733.2
565.2,288.38
566.09,698.23
569.97,969.23
572.44,1067.5
571.37,583.37
576.87,481.59
585.12,1111.8
585.11,147.7
582.78,1247.2
584.65,233.5
592.29,462.75
591.27,833.43
594.71,51.71
600.68,879.48
600.57,924.95
600.5,1069
602.57,819.34
603.91,294.09
614.66,226.14
620.43,975.49
622.54,674.55
625.6,950.63
624.07,1167.4
630.06,113.76
626.69,181.91
634.59,716.51
643.02,756.23
636.89,500.42
640.09,359.75
643,1212
646.5,742.5
646.37,1204.5
656,8.5
659.06,895.91
660.43,202.39
667.58,583.78
667.15,613.51
666.2,723.08
674.05,1074.6
677.93,369.41
689.15,130.94
690.59,700.9
692.73,229.99
690.12,849.78
696.03,832.09
695.35,1171.8
696.39,1026.1
698.14,988.61
700.29,1216.5
702.19,786.72
706.87,902.69
707.75,389.71
706.48,715.87
706.19,577.68
706.28,679.12
711.84,856.56
708.74,421
716.93,755.93
721.3,335.74
720.1,1055
720.44,243.08
727.88,1112.1
731.22,372.69
738.04,164.67
741.35,143.69
740.49,1119.9
743.08,386.95
748.79,443.68
747.96,700.6
748.3,1009.4
750.39,269.03
750.07,658.09
751.08,1070.1
751.63,995.27
756.14,816.77
752.07,852.59
753.43,1053.6
757.67,151.57
756.8,976.52
762.7,894.18
762.93,354.59
766.26,499
765.5,678.5
768.29,1044.3
772.55,439.98
773,900.25
774,227.5
776.45,945.52
790.83,1085
783.23,1066.6
787.5,861.35
787.91,326.84
790,908
797.31,374.53
794.83,612
799.05,898.08
802.49,1019.9
801.13,1192.2
804,575.91
804.97,333.95
807.86,67.471
809.12,1242.9
812.67,1126.8
834.9,524.38
836.24,919.34
835.8,999.68
846.54,346.22
853.6,635.15
855.87,569.29
856.65,1187.7
857.46,126.03
858.03,749.96
857.61,529.98
860.44,104.02
865.45,1105.9
867.15,837.37
875.99,406.64
870.17,532.91
875.87,99.213
879.21,454.53
879.04,245.68
883.53,1241.5
890.48,1209.9
892,556.5
896.32,602.78
896.55,827.31
899.37,57.367
901.42,726.89
905.69,311.91
908.93,29.593
912.66,1103.1
914.5,109.5
917.5,643.5
923.29,260.5
926.88,1045.4
927.64,1157.9
930.37,872.96
929,552.76
936.72,128.88
939.5,151.91
949.18,351.71
950.75,548.65
951.59,129.2
950.62,436
952.09,780.59
954.28,180.43
959.52,252.22
960.75,497.31
970.37,877.64
958.14,23.857
963.46,1239.1
966.07,931.53
965.5,616.5
970.64,712.07
972.8,288.58
972.15,1218.8
973.5,586
975.64,1010.1
978.01,1240.5
983.91,830.33
989.74,36.465
985.5,262
985.11,1138.6
988.79,738.63
986.42,1052.1
994.91,1245.7
991.1,849.62
995.63,210.63
997.63,568.15
997.68,946.85
997.55,1038.3
1004,433.08
1006.6,774.55
1007.9,1088.6
1010.9,253.95
1012.5,1051.1
1015.9,86.119
1018.9,309.07
1022.1,165.07
1021.5,1194.5
1025.1,630.69
1028.5,790
1032.7,294.55
1030,225
1032.3,233.62
1036.4,885.77
1035.8,177.92
1045,1243.9
1044.6,207.11
1044.3,356.55
1043.5,143.5
1048.1,980.42
1047.4,764.45
1052.5,111.18
1054.9,236.73
1066.8,499.54
1062.5,809
1068.4,559.2
1073.8,77.56
1073.5,1017
1076.7,994.64
1081.4,329.68
1087,831.72
1088.1,891.85
1089,1203.5
1093.8,1077
1093.5,613.5
1098.2,700.47
1117.6,533.62
1117,707.68
1122.9,815.87
1124.3,981.1
1122.7,1151.1
1125,296.86
1131.9,158.15
1132,321.78
1130.1,772.41
1160.2,279.36
1160,128.5
1161.4,397.58
1163.6,344.85
1169.5,1030.3
1181.2,128.87
1171.6,432.14
1173.5,372.84
1177.4,187.25
1181.1,965.8
1191.1,549.87
1189.2,842.07
1189.1,439.63
1195.5,597.48
1196.4,383.05
1201.6,1183.4
1203.9,673.25
1203.9,843.11
1206.4,444.36
1210,321.16
1207.5,1222.5
1210,110.83
1218.4,529.1
1221.5,479.11
1219.5,282.76
1217.9,797.97
1223,722.04
1221.2,423.54
1222.9,844.59
1224.8,620.4
1224.1,105.09
1224.1,639.56
1234,72.574
1235,974
1242.1,767.13
1240.8,816.18
1246.1,73.593
1246.3,324.38
