11.283,201.88
4.679,274.62
3.7527,372.35
1.5,444.5
1.5,452
7.3645,533.96
3.0909,613.51
4.5217,648.13
11.917,745.4
7.7256,1110
3.1807,1208.4
11.668,492.42
6.1053,1070.6
6.9091,515.91
11.182,417.91
22.387,1129.7
11.5,29
22.641,673.19
19.488,373.05
19.18,444.31
13.543,1185.8
15.609,16.281
16.094,92.165
15.061,1041.9
15.2,1145.8
18.964,1173.3
18.515,516.5
15.167,1229.7
21.649,708.32
24.341,784.3
24.125,1228.8
29.823,47.304
35.751,403.31
31.426,1206.8
36.138,314.06
28.647,614.03
33.322,1061
33.452,296.79
33.559,1079.7
30.8,1163.2
29.941,1186.4
32.349,1238.6
35.079,1033.9
37.133,1087.4
43.751,113.13
40.047,135.11
48.402,513.56
50.142,714.04
45.125,1247.1
48.996,1155.2
53.343,1207.9
48.683,766.84
49.986,998.47
50.351,668.04
52.44,460.04
58.518,598.85
61.04,468.38
53.174,622
51.199,1185.5
56.154,581.08
64.272,1226.8
68.6,146.53
57.704,1008.7
57.091,283.91
67.678,628.88
60.895,371.58
62.189,675.74
64.275,1246
66.811,1085.7
75.106,225.9
67.456,332.59
68.833,425.25
68,452.5
76.521,1023.1
78.175,103.76
74.925,310.88
87.209,564.43
74.091,1188.9
90.829,673.95
79.946,606.54
79.784,691.68
82.321,250.32
85.5,206.5
90.341,950.32
85.346,483.12
87.963,999.59
92.409,614.85
92.058,1012.3
97.041,179.85
101.69,304.34
94.75,21.062
94.143,1107.9
100.06,968.21
99.103,506.6
97.05,982.1
101.5,128.86
104.93,19.179
111.15,409.72
116.14,1194.5
105.5,643.5
108.57,666.2
112.23,908.18
108.93,989.5
110.65,100.04
120.6,612.68
123.18,168.51
115.14,354
120.61,43.452
122.14,362.86
128.67,559.55
124.42,1050.8
124.95,1115.3
123.91,399.58
130.68,202.43
127,455
138.74,997.7
130.79,255.23
142.93,1064
133.07,912.98
137.6,942.34
132,1028
133.5,1242.5
154.06,498.66
146.47,670.13
146.95,170.39
144.29,439.81
145.48,598.91
144.93,1107.4
147.15,372.35
149.63,899.8
149.5,713
150.78,1082.4
152.88,322.71
151.61,466.57
158.77,1244.2
156.2,1110.6
156.46,958.46
157.02,378.35
162.18,837.28
159.6,110.77
164.81,1126.5
158,283
159.88,591.74
159.93,632
162.24,439.66
163.32,273.64
164.09,1010.6
163.83,1053.1
173.87,888.79
174.25,1229
171.81,134.19
173.76,694.94
174,1041.9
176.81,331.94
176.11,101.58
181.47,256.55
182.37,679.84
178.5,1076.5
181.27,595.76
185.45,933.92
183.85,1153.7
182.73,169.24
187,67.069
189.5,1137.3
193.38,219.2
193.04,534.52
190.4,670.4
202.4,260.15
195.6,811.03
195.53,718.76
198.16,129.69
198.58,282.92
198,1217.5
200.5,690.63
208.5,340.8
205.29,922.78
208.28,469.55
210.18,139.93
210.29,635.58
211.12,294.37
215.02,535.87
213.3,987.58
212.75,1123
224.04,28.448
216.21,403.45
213.5,785.6
213.44,503.93
221.66,830.8
226.19,1180.2
221.44,685.67
218.71,1043.5
224.79,768.66
248.33,200.02
229.14,230.83
225.25,513.83
229.53,287.09
226,808
233.79,59.261
231.49,644.17
228.63,1067.4
233.13,173.83
230.5,1008.5
232.48,1234.2
240.26,307.49
234.41,556.91
234.59,140.87
244.4,241.52
240.5,11
242.05,670.47
240.42,1157.9
242.57,279.57
242,388
249.34,543.89
247.38,261.96
252.93,957.18
254.28,496.02
252.81,568.45
252.99,586.07
254.76,745.9
258.95,897.07
261.79,791.9
256.53,156.73
261.43,111.24
260.07,638.62
258.54,1027.6
262.08,406.52
261.19,170.04
257.93,827.36
260.94,509.41
263.5,259
268.18,1202.2
274.58,12.988
265.59,1115.4
271.85,369
276.18,511.15
270,956.83
271,436.33
271.89,1013
270.89,1098.4
274.31,767.67
280.55,489.02
276.47,82.953
279.05,843.83
283.18,95.336
281.11,663.58
282.09,1164.3
291.37,1230.8
284.35,405.83
284.73,655.73
284.29,1011.2
290.8,1183.2
289.67,1209.9
283.83,615.33
283,1108
289.83,79.772
288.47,674.89
287.4,596.96
287.09,1143.9
290.27,1105.1
289.5,443.62
291.35,1134.9
293.88,743.25
299.85,344.85
305.65,18.18
306.7,368.99
313.51,733.16
306.98,538.42
306,674.6
308,253.83
313.7,303.83
314.67,1041.6
316.68,154.41
315.23,456.8
313,1189.1
320.79,227.41
317.46,1172.4
323.81,522.71
326.92,427.39
324.2,130.37
327.44,1080.3
324.59,538.07
327.44,479.11
341.07,1180.9
337.3,353.44
337.01,68.757
332.41,681.93
339.66,1157.1
341.93,265
336.38,1100
335,677
343.04,695.71
342.55,830.92
343.12,562.97
346.48,1014.4
346.67,82.902
351.02,506.39
358.11,447.86
349.13,13.444
355.68,468.69
350.8,937.97
351.77,1000.9
357.78,579.07
361.8,602.42
355.96,721.2
375.44,992.04
359.49,955.04
360.79,427.75
364.17,886.05
363.33,690.08
364.71,814.14
364.09,27.045
377.01,502.87
365.5,736.5
371.23,518.88
370.73,422.36
378.52,53.907
371,139.5
371.5,480.12
371,9
374.63,1165.9
373.85,1072.4
377.09,3.5217
388.84,1240.8
386.33,273.8
382.44,333.8
384.12,485.3
394.05,429.1
383.27,1092.4
389.53,1160.4
387.55,417.58
389.31,723.51
388.51,1223.1
389.68,462
391.55,664.64
396.53,958.21
396.99,634.55
398.4,499.7
400.56,568.8
406.85,287.24
406.47,518.55
400.65,790.36
407.97,353.38
404.19,542.19
421.4,88.63
409.71,7.7463
408.79,125.08
409.41,1086.4
412.38,442.97
414.61,1008.3
416.07,1153.6
413.47,1105.7
414.66,898.55
416.01,229.17
420.54,1047.9
419.98,255.2
420.42,692.81
425.31,188.06
426.56,466.9
424.51,1242.9
426.85,881.02
432.2,120.87
428,1025
425.83,138
430.36,205.14
431.98,267.25
431.92,220.35
430.78,925.68
433.26,1175.1
432.6,1221.8
433.5,1057.5
435.18,238.95
438.18,166.02
442.23,1115.5
438.98,673.79
445.77,474.98
439.86,302.59
455.41,41.647
443,615.17
454.73,895.86
451.22,540.47
464.78,984.94
455.77,267.46
455.36,565.96
457.58,10.741
452.91,105.91
456.91,1069.4
464.6,166.19
456.79,797.25
472.18,415.83
460.77,348.4
458.75,199.36
457.5,660
462.98,1148.6
461.17,581
461.59,25.977
460.42,1203.9
469.02,295.66
462,551.67
474.6,508.43
470.84,332.71
467.33,1088.8
482.51,132.18
473.01,547.28
475.59,396.71
479.37,93.408
475.68,705.73
479.62,103.68
477.26,1223.8
480.11,1014.9
485.12,611.28
479.89,266.58
482.49,352.06
482.63,27.046
481.87,564.83
485.64,185.26
494.84,322.43
486.9,855
492.73,227.54
489.79,294.29
489,448
497.12,668.65
491.56,802.86
491.14,1063
495.88,376.15
497.4,79.899
506.48,249.38
496.58,516.49
499.7,599.12
499.57,769.93
500,279.59
506.16,304
506.06,464.23
507.97,98.434
501.5,508.5
504.83,208.9
508.01,552.5
518.01,18.289
514.33,541.05
527.68,621.63
512.54,122.88
519.27,312.2
521.07,410.06
524.65,656.02
520.5,775.88
527.08,983.4
522.89,110.45
523.29,600.83
531.58,364.13
528.81,197
535.81,271.69
528.55,904.42
531.49,98.099
535.61,3.1311
531.5,441.5
535.03,744.45
537.11,1243.2
540.15,427.81
537.25,515.15
539.8,856.82
541.32,960.8
560.23,287.81
546.77,409.95
544.6,531.67
566.41,89.847
551.89,324.85
549.36,559.52
547.41,709.07
549.21,1214.8
554.74,430.6
555.85,171.48
556.92,898.21
558.54,516.56
570.71,178.07
567.31,616.92
564.44,936.32
566.71,479.53
566.89,45.457
569.63,1230.6
572.86,683.27
570.24,348.1
572.48,974.89
572.02,1120.5
576.91,790.77
574.34,145.45
574.06,209.65
580.26,864.74
579.09,638.7
580.02,648.82
582.05,585.26
587.53,706.19
583.18,409
591.29,171.89
590.37,690.47
591.43,13.429
609.96,472.5
599.23,636.83
605.33,210.89
604.51,591.64
607.62,696.07
601.77,1101.8
611.46,242.54
607.15,510.83
605.09,839.09
608.12,976.18
607.59,798.93
607.43,807.61
613.98,818.07
612.3,1096.6
611.11,1148.3
613.45,1022.4
623.51,637.43
612.91,171.72
616.47,1045.9
616.56,85.644
616.12,1131.2
622.46,191.91
622.71,601.54
623.77,932.26
621.47,872.95
624.48,284.21
625.64,502.44
625.1,995.29
627.9,1152.9
625.18,1213.9
626.67,24.481
630.47,439.4
627.16,831.71
627.83,306.75
638.05,528.73
632.44,748.56
634.32,843.68
638.82,706.46
642.44,76.826
636.74,1071.7
645.82,185.5
651.23,773.05
642.64,1103.6
644.75,216.81
643,449
651.79,286.18
644.23,822.15
645.4,363.27
647.3,380.58
655.43,460.6
648.55,1160.5
651.38,507.77
656.07,322.64
657.77,1010.6
660.54,1241.3
661.93,442.43
661.43,651.84
667.54,923.36
665.8,530.07
665,806
668.94,257.41
670.88,1125.1
676.56,429.94
681.65,50.266
678.18,634.39
687.91,538.58
689.99,480.91
684.54,1217.2
693.95,174.94
690.46,394.04
689.53,122.42
694.08,688.04
697.48,202.23
692.55,113.79
695.89,237.24
696.67,729.72
694.8,805.89
692.29,999.45
691.5,1231
701.4,632.67
699.54,460.44
700.22,833.65
706.4,1085.4
703.11,439.36
704.03,1046.4
704,102.5
712.05,724.36
719.12,319.57
716.63,92.733
716.61,130.5
716.48,278.03
717.11,355.96
718.65,531.12
719.12,755.07
724.39,1118.2
725.86,87.848
723.51,667.32
729.41,643.37
732.78,445.68
734.6,497.77
735.63,857.14
742.01,772.57
740.4,161.54
742.29,382.15
744.92,13.885
739.11,400.58
739.51,679.71
751.25,1083.2
742,1222
743.87,319.55
745.28,258.72
748.31,184.64
755.96,658.03
749,23
748.33,843.83
765.79,715.38
757.5,88.759
760.31,1103.9
760.14,335
763.16,855.22
760.58,598.11
766.49,209.1
767.96,399.78
768.21,581.94
769.15,445.92
772.05,1243.4
777.65,239.99
779.18,322.08
776.13,846.64
774.07,736.59
776,1099.5
778.29,115.83
777.5,1085
782.18,171.03
779.59,336.66
782.5,3.5909
782.89,63.421
787.07,681.75
784.92,1232
786.32,510.43
791.03,630.5
787.1,83.15
789.41,354.98
788.95,221.09
793.16,153.96
804.95,488.07
801.48,604.73
800.83,297.5
798.07,65.107
799.52,1134.3
800.43,166.86
800.5,510.39
803.25,534.34
801.17,616.67
809.4,125.17
810.18,325.83
813.24,267.33
811.29,655.92
812.11,345.66
816.11,1224.6
811.89,1038.4
816.74,1083.2
827.6,1033.9
818.22,50.16
821.59,793.89
817,191.5
818.46,521.15
824.17,161.73
820.6,715.6
829.46,665.51
835.18,345.44
836.1,1069.5
838.35,1226.5
834.82,150.05
835.97,371.67
838.86,1017.1
837.36,1196.8
839.35,189.89
837.28,824.15
840.99,171.3
838,75.5
843.11,213.17
839.73,469.12
844.84,1246.2
846.8,18.921
853.1,92.376
845.27,273.03
841.92,605.44
843.77,655.51
847.46,836.91
848.5,398.71
850.68,78.561
852.33,461.13
854.6,299.56
857.81,317.97
854.5,1155.1
855.21,121.54
855.38,199.85
856.29,643.35
861.54,180.78
866.23,385.47
862.17,862.39
865.35,1004.3
866.32,597.48
867.65,907.12
871,282
873.84,780.44
879.56,162.32
880.62,700.18
883.05,739.07
886.11,154
892.14,282.2
896.34,1242.4
891.26,165.71
892.48,404.02
888.5,819
890.83,986.17
893.16,38.432
894.83,185.81
894.63,884.15
892.65,787
894.52,1081
894.06,471.21
894,814
899.12,829.2
903.12,1096.7
913.51,151.49
908.2,607.05
904.34,535.97
906,123
909.39,196.16
908.1,675.98
909.62,241.01
912.39,565.43
912.91,641.09
920.27,283.42
915.35,177.58
916.72,386.13
925.12,966.74
923.48,856.11
922,361.5
923.75,544.93
927.8,715.74
924.88,444.5
931.12,218.09
928.06,351.96
928.6,1154.7
930.77,333.56
934.89,183.33
929.67,979.83
934.26,622.31
931,784.83
936.41,271.67
935.84,840.18
935.08,1110.1
936.97,536.43
937.57,293.61
939.81,730.91
941.5,236.7
940.5,483.5
941.09,379.09
948.13,1042.8
950.27,634.01
946.58,494.93
944.71,345.81
947.44,937.11
946.09,248.51
947.7,674.1
948.22,977.56
949.46,321.98
951.83,520.5
955.15,1100.3
956.64,1170.7
956.5,153.12
962.24,295.12
960.27,1201.9
963.11,55.579
963.71,99.714
965.61,5.5652
976.18,261.6
971.89,312.5
978.31,1224.2
977.64,537.64
982.53,404.69
977.34,644.69
982.11,97.865
978.42,920.89
983.06,128.62
980,637.5
984.27,995.35
987.55,637.97
991.38,361.74
986.77,675.23
988.56,716.93
999.82,1079.9
993.59,53.926
994.23,1190.8
997.46,112.86
998.12,643.56
998.38,1169
999.89,531.31
1003.4,196.51
1004.2,274.56
1002.6,1044.9
1003.8,457.41
1005.2,1145.8
1009.4,771.54
1007.9,1118.1
1014.4,572.92
1016.4,65.81
1016.5,673.84
1013.9,731.66
1029.3,1151.3
1016.8,471.9
1020,1032.1
1021.8,1127.5
1027.4,813.81
1024.6,276
1023,790
1026,1176.6
1031.6,142.38
1034.6,622.52
1040.2,1006
1038.2,1033.2
1034.8,167.26
1034.8,203.63
1042.2,255.42
1043.8,126.91
1039.8,817.19
1039.5,977.91
1041.1,317.88
1044.7,1175.2
1046.7,737.85
1048.4,231.75
1047.6,646.8
1051.3,52.943
1052.4,609.09
1048.7,693.79
1049.6,716.32
1056.4,905.14
1053.6,552.53
1055.5,778
1064.6,83.125
1068,429.79
1064,1246.4
1062.5,1230.5
1063,576.33
1063.6,829.07
1067.3,588.55
1070.9,144.1
1072.2,327.48
1071.7,673.72
1073.5,10.846
1078.7,234.04
1078.1,132.09
1080.4,62.818
1086.5,308.77
1081,520.9
1082.5,490.23
1089,708.96
1090,1134.9
1101.3,587.89
1101.5,1140
1102.4,387.43
1105.6,611.56
1104.4,657.4
1110.3,1175
1112.7,234.86
1114.2,295.64
1115.5,854.59
1111,261.5
1114.3,269.01
1127.1,481.69
1122.8,704.67
1129.3,1157.4
1131.7,323.38
1128,380.5
1134.1,866.11
1147.5,839.06
1136.9,57.379
1131.8,66.846
1140.8,92.005
1134.1,259.47
1131.6,372.94
1132.7,404.65
1134.9,617.88
1141.1,354.88
1143.6,3.7714
1141.5,455.84
1138.6,950.38
1144,143.66
1146.8,375.9
1145.5,1169.3
1148.5,1216.5
1148.5,1193
1159.1,323.12
1153.4,698.81
1157.3,390.93
1162.2,1141.5
1165.2,1077.5
1165.3,1016.9
1171.2,363.65
1169.1,431.42
1170.1,775.85
1177.8,623.51
1173.8,305.27
1173.1,986.91
1176.9,839.2
1181.4,61.129
1179,1149.4
1186,1039
1187,176.9
1184.9,386.34
1185.9,1227.4
1193.5,866.71
1197.1,546.31
1200.1,444.71
1202.9,49.542
1207.9,424.93
1207.3,127.75
1220.2,387.85
1213.3,1213.9
1209.9,277.52
1207.9,482.09
1217.1,1029.7
1210.5,703.89
1216.4,1058.4
1219.1,931.61
1221.7,495.1
1228.5,201.99
1225.8,253.31
1226.8,1011.9
1226.6,30.6
1232.4,530.41
1231,600.5
1233.2,123.23
1236.5,154.91
1234.3,388.83
1242.6,1016.1
1242.7,1156.1
1243.7,557.47
1241,746.33
1243,513
1246.1,690.58
1245.9,791.41
1246.7,201.21
1246.9,456.23
1247.5,1077
