4.6778,41.822
2.3143,246.2
4.2857,520.75
5.7879,617.88
15.626,633.8
2.4211,672.11
4.8043,884.63
5.6026,1154.7
4.8,1175.3
17.458,1031
10.7,265.37
9.6852,873.63
9.5641,793.54
13.245,496.66
13.152,735.21
15.218,403.39
14.976,1197.6
17.039,961.75
17.721,134.31
13.938,509.25
16.902,853.6
18.866,48.597
18.143,899.86
19.405,248.36
24.96,1089
25.506,1176
22.576,215.55
24.094,1123.1
23.579,656.89
26.537,331.81
32.484,876.14
26.564,582.05
28.586,1237.4
28.75,762
33.496,37.697
37.374,982.44
34.5,256.4
36.541,368.92
37.667,1190.5
41.885,55.837
43.431,945.12
40.304,1227.4
40.942,145.6
40.81,547.19
40.349,906.56
43.915,346.56
41.949,570.49
42.75,770.77
47.133,227.89
44,483.67
47.335,1048.7
45.5,186
46.581,1004.5
46.435,1160.4
51.5,408.16
51.125,37.062
49.565,983.61
52.174,1142.5
61.282,817.7
55.116,953.12
65.033,1097.3
58.302,968.42
59.393,224.62
58.389,744.86
60.2,110.2
63.884,712.31
67.486,1169
63.08,209.56
66.064,843.39
67.617,1025.4
69.032,62.853
66.468,950.09
67.544,899.88
69.632,1119
69,832.5
71.217,1078.3
75.12,476.73
76.522,275.35
77.845,407.77
79.026,832.46
81.825,1094.2
80.259,39.815
81.761,711.74
81.962,1130.7
85.575,68.026
84.429,945.61
84.4,287.77
84,1150.5
92.212,218.1
90.827,1079.1
89.333,14
96.615,758.51
93.481,876.13
91.618,929.24
93.566,517.47
94.424,98.424
94.143,974.5
95.681,1244
96.302,1227.5
103.81,411.7
113.16,634.29
101,342.32
103.78,499.43
106.52,29.519
110.85,679.73
104.89,148.08
108.17,581.07
109.13,900.87
108.77,525.77
115.86,197.36
109.32,978.08
113.29,1121.9
112.2,736.59
113.82,225.1
113.54,331.15
113.55,502.71
112.57,1240.4
119.8,250.64
118.87,1062.7
118,864.5
141.28,790.44
123.56,1186.5
128.4,304.41
125.01,1215.8
123.08,278.08
126.91,538.61
123.65,1090.4
124,333.5
124,1001
125.31,830.89
129.68,1229
129.63,202.34
131.73,680.21
137.36,1122.2
133.55,500.83
131.08,1022.1
136.73,912.03
131.5,1052.5
134.45,1192.4
132.93,1040
134.39,1153.4
135.42,744.58
140.14,175.9
136,606
142.54,574.62
137.7,1061.4
142.54,872.79
138.5,1110.5
142.96,143.26
142.68,33.545
143.84,1032.5
144.92,304.98
147.65,249.59
145.43,971.98
151.62,1074.7
148.75,529.97
151.54,883.74
150.63,128.36
148.5,611.5
149.97,1148.6
156.55,642.01
154.35,217.39
156.62,57.112
157.4,832.85
157.25,574.42
158.51,708
165.96,435.72
169.98,794.04
165.59,279.14
172.19,1229.7
166.24,1099
167.76,995.09
166.86,498.86
168.69,101.17
172.23,752.26
180.74,898.42
171.3,1134.7
171.75,455.5
175.7,818.55
171.26,656.68
172.04,849.33
172.49,934.84
174.96,500.32
175.83,710.22
176.63,284.63
182.04,769.17
178,52.5
181.92,224.15
182.51,345.04
180.94,104.67
179.56,1050.4
182.96,297.97
186.39,124.87
184,850.5
187.8,255.22
189.23,197.13
193.69,613.41
199.18,22.688
192.42,78.474
194.15,585.83
192.57,1226.6
195.69,797.09
199.23,52.538
199.11,206.84
203.38,760.52
197.58,999.55
201.27,824.31
201,1228.5
204.23,1128.1
205.58,274.37
202.94,390.55
206.83,930.15
203.5,1075
217.94,1181.5
217.2,1070.7
222.95,106.02
210.18,628.6
225.47,1005.1
215.24,480.75
215.33,539.89
214.86,37.357
221.97,1101.7
221.4,1221.8
220.07,822.41
223.09,88.941
224.51,796.6
224.68,345.13
225.54,903.36
225.08,916.44
226.04,863.46
229.59,722.49
233.77,1085.9
229.7,66.612
231.14,607.06
231,543
239.44,926.67
241.23,192.99
234.12,683.88
234.57,839.06
238.19,222.71
239.66,448.12
234.43,1136.4
236.19,648.06
238.94,876.57
240.7,300.5
243.56,63.962
242.78,1197.7
249.3,383.58
244.93,80.933
260.81,857.68
246.74,809.93
251.54,24.733
250.05,1234.1
256.98,95.667
256.47,531.5
254.02,1160.7
262.23,159.06
258.55,690.26
259.62,1048
262.77,455.79
261.24,181.21
260.59,643.07
265.93,117.23
263.77,895.85
267.18,1212.3
266.33,500.39
263,1123.5
266.74,1191.8
267.86,952.81
266.23,134.23
266,966.67
266.9,68.839
273.99,689.56
269.05,87.091
268.91,614.95
275.82,916
270.4,45.4
272.77,430.09
272.92,530.44
278.02,803.2
277.19,898.68
285.53,965.16
282.12,523.94
281.28,731.33
293.4,329.7
286.06,115.67
287.18,1043.4
287.05,1084.5
290.58,819.42
289.04,1187
288.11,205.42
289.45,707.59
288.93,1161.4
296.71,1132.7
291,515.33
293.76,807.71
294.12,15.654
297.58,165.46
301.01,920.72
301.37,135.06
301.05,984.29
300.24,1010
300,1075.7
299.42,902.15
301.93,434.59
302.67,379
305.39,495.69
305.34,638.1
310.77,354.57
309.5,967.5
313.13,3.2353
310.35,783.07
312.13,1058.3
313.29,1125.4
309.77,704.77
316.72,1012.4
312.64,627.5
316.09,801.76
315.5,821
315.95,981.58
316.75,714.08
318.74,11.214
317.58,111.89
324.36,198.83
325.48,261.21
328.21,564.58
323.18,1109.2
323.82,654.33
322.5,907
323.5,1087
327.05,165.89
325.65,279.45
325.93,123.49
334.68,433.9
326.95,846.53
327.93,962.34
331.58,928.12
328.09,727.88
328.77,1175.3
337.34,4.2763
338.19,389.23
342.22,670.93
336.9,586.88
336.18,832.13
339.63,1243
346.63,960.87
342.11,88.527
339.5,1172
340.95,141.41
345.56,1024.7
344.51,1150.1
344.25,1218.8
353.02,728.46
344.51,480.91
344.9,256
346.69,292.37
346.39,868.39
348.07,16.259
349.5,760.5
358.28,935.2
354.5,61.189
354.09,635.03
354.88,846.93
356.92,779.68
353.78,1246.7
356.82,6.7143
361.44,31.914
359.13,236.18
357.74,799.47
360.95,159.24
365.85,1146.6
363.11,369.46
362.69,691.07
363.37,890.87
367.23,449.79
364.07,831.59
365.43,586.43
368.54,1000.8
366.79,1164.5
368.77,902.93
372.05,977.21
373.91,1204.3
370,48
375.31,221.87
373.84,772.51
376.42,13.026
380.97,62.019
390.31,741.59
378.03,825.7
375.17,1156.2
375.83,238
381,548.5
394.22,806.93
384.88,534.54
384.53,495.93
384.5,687.81
389.49,1106.8
389.15,117.97
389.93,303.09
388.63,914.11
393.93,273.29
391.35,320.54
393.89,1142.8
394.5,628.26
394.04,727.25
420.8,39.752
396.94,876.53
398.24,1246.4
397.94,917.76
398.17,938.94
402.64,855.14
403.53,6.0781
405.12,311.11
403.93,960.4
405.02,416.88
407.64,278.28
406.71,834.5
408.86,25.076
406.28,1059.8
406.11,1150.7
411.32,67.733
414.06,230.65
413.78,973.57
442.63,1095.3
411.93,116.26
412.26,1216.1
416.19,430.61
421.46,1135.6
413.65,404.53
415.33,716.57
415.96,887.43
416.7,830
421.05,365.75
423.23,691.8
439.92,724.35
427.19,949.08
423.31,1244.7
428.99,121.92
429.22,597.48
427.57,771.95
424.86,858.86
426,239.17
427.52,1031.3
434.73,318.89
434.3,804.55
429.85,255.46
442.42,851.93
436.25,76.776
445.23,774.79
444.23,637.3
444.39,494.66
440.46,1177.1
442.46,477.54
442.42,982.38
444.84,1153
448.58,152.23
444.1,390.16
455.72,308.7
448.4,436.4
451,511
450,575.5
452.45,292.91
451.64,106.68
453.58,455.09
455.54,1005.1
455.54,1235.7
456.32,546.04
456.83,979.36
456.66,716.93
456.61,792.84
468.04,1155.6
457.31,1219.8
458.73,25.455
460.7,149.69
458.5,901
459.35,422.94
463.23,1049.3
462.57,1244.7
463.89,738.9
465.62,966.62
465.86,529.86
473.5,1225.2
468.25,1118.4
472.61,248.68
469.5,376.5
471.63,401.56
476.02,120.68
475.83,1070.4
478.06,534.8
480.86,370.53
482.5,953.19
481.48,726.99
485.76,665.35
482.86,108.86
486.05,1033.1
490.18,1206.8
488.88,242.29
487.67,907.92
489,637.33
492.99,180.94
489.94,1107.9
491.62,349
490.14,747.36
497.81,999.5
494.37,764.63
493.14,820.15
497.09,802.32
494.94,944.29
497.47,954.11
500.92,56.163
498.11,231.58
501.62,202.29
510.32,619.98
502.11,857.66
507.3,259.14
509.47,80.899
505.5,662.91
508.03,743.96
509.51,243.73
507,871.35
508.98,1102.9
510.19,125.3
507.6,1244.6
513.08,107.74
510.63,314.11
512.06,672.47
513.65,1120.3
512.58,835.55
514.85,35.538
517.21,225.24
531.25,895.56
516.09,1241.9
519.41,419.29
516.5,607.5
518.44,767.35
518.45,932.56
519.76,131.21
519.93,10.955
526.53,1137.1
521.97,1024.5
524.61,192.02
535.54,976.58
523.56,1067.1
526.33,365.03
523.88,1180.6
528.58,1199.3
530.59,614.09
529.71,1225.8
529.82,528.94
528.86,1043.9
530.95,586.46
531.96,288.58
535.95,553.27
534.1,1156.2
535.77,26.462
536.47,807.9
560.06,479.95
538.41,758
539.42,630.15
540.98,430.39
541.73,788.52
544.32,1065.4
540.81,541.94
546.78,1229
544.14,20.322
546.67,52.12
546.42,918.09
547.86,673.43
550,588.88
550.11,551.21
551.78,863.93
550.15,1162.2
552.36,169.53
554.07,531.9
553.44,211.74
552.15,326.35
554.19,415.7
567.63,1200.5
558.34,143.46
557.99,357.57
558.89,890.59
562.3,955.04
562.74,307.89
561.62,560.16
561.44,279.56
562.64,694.32
565.26,745.7
571.95,993.2
569.26,867.02
566.47,974.98
569.6,382.39
568.75,404.39
568.33,206.83
571.54,816.65
571.61,286.14
571.14,642.5
571.08,784.08
570.7,1130.9
576.29,362.9
573.58,427.11
575.58,877
578.04,929.55
578.5,797.5
579.12,1235
580.33,862.33
582.5,906.9
585.47,1046.6
587.7,589.33
585.81,622.64
592.37,713.47
585.94,1241.2
589.76,759.91
590.19,887.98
586.77,1150.4
585.36,1166.6
598.9,59.276
588.45,429.69
595.24,350.19
592.67,244
599.63,646.4
597.41,1141.3
599.41,1204.8
601.28,607.44
600.41,271.47
600.33,522.46
600.68,541.36
607.26,142.18
604.3,1121.4
606.17,98.906
610.99,243.73
604.79,474.44
608.19,901.09
619.4,1148.8
614.58,33.723
607.42,204.11
609.82,288.98
617.05,361.71
614.22,1041.2
609,1091
613.06,482.22
615.08,527.04
615.83,733.49
617.49,1236.9
616,55.5
616.43,924.84
618.15,16
622.06,260.04
623.82,825.23
625.07,839.49
627.26,310.9
630.79,880.6
627.73,104.82
623.42,864.6
629.66,132.62
628.37,56.367
630.88,717.51
634.3,529.52
638.76,1191.7
634.21,1072.4
632.24,1131.5
669.07,584.5
634.67,971.04
638.98,405.6
634.58,761.11
637.5,1247.1
638.14,553
641.34,735.53
638.41,1119.1
642.59,255.01
643.2,1138.9
643.58,126.56
646.53,666.21
645.19,714.65
647.35,631.23
646.09,1005.1
649.7,1213.4
652.78,550.92
652.32,774.48
649.91,875.91
655.67,190.5
656.82,988.3
652.36,1060
656.81,1187
656.76,211.48
658.16,679.42
657.54,1081.4
657.79,641.18
657,800.5
658.5,260.71
656.89,876.58
660.96,29.381
668.05,848.33
659.35,1126.9
661.74,923.46
664.05,227.52
662.07,449.95
662.09,1147.9
667.62,625.88
664.92,718.92
666.4,387.64
671.71,1123.8
673.69,1022.1
669,676.32
673.37,465.89
672.65,1188.8
676.47,1087.2
677.66,880.07
677.12,815
676.59,1105.1
682.02,495.04
680.51,793.72
680.75,1174.8
682.5,24.277
687.38,325.49
690.11,949.43
699.68,11.958
694.09,402.65
683.5,996.38
685,508
693.81,199.66
691.39,350.74
693.93,1050.7
700.6,1172.8
695,107.33
699.14,1216.9
704.15,985.57
706.32,295.6
703.91,815.35
705.26,277
706,127.5
710.93,248.83
710.64,830.25
707.4,223.4
709.95,1209.1
710.82,796.67
718.33,630.75
717.5,515.27
718.17,162.27
717.83,674
722.73,880.42
722.27,730.65
730.04,287.23
725.5,794.5
727,1156
732.21,69.5
731.83,784
733.62,859.41
738.89,1170.8
738.56,429.05
736.95,473.65
740.6,816.68
740.39,146.33
741.05,1088.2
740.21,272.72
738.95,22.366
738.6,883.62
740.54,975.62
742.12,258.38
742.5,74.5
745.09,949.34
743.36,1030.5
747.63,227.85
745,398.5
751.04,7.911
749.59,1197.7
750.79,455.65
752.12,1133.7
751.55,744.59
756.19,1233.1
754.8,177.27
765.02,906.55
760.08,566.2
759.42,582.58
765.98,380.58
762.87,653.13
762.91,858.25
766.05,418.78
766.5,1217
764.57,131.91
771,544.84
770.2,807.48
769.33,37.223
770.53,173.33
766.93,845.07
768.83,1040
774.81,113.77
781.02,1101.6
774.92,497.94
774.42,664.06
780.35,1079.4
777.75,1180.5
779.44,676.05
781.05,829.32
778.92,476.08
781.88,235.88
782.75,993.79
783.23,862.6
790.28,874.33
784.11,1148.4
790.69,311.12
786.86,412.5
795.12,913.33
792,1173.7
794.62,1158.4
801.39,953.31
798.61,338.14
801.12,530.5
800.32,1075.1
812.63,822.42
802.47,247.42
803.72,1119.1
805.38,285.6
803,689
805.37,1229.7
808.22,71.603
805,366.5
809.46,307.46
810.92,917.52
810.79,1070.7
813.98,1097.7
813,206.5
818.3,1016.2
813.02,638.89
817.79,345.02
815.69,432.92
813.6,661.6
817.86,963.45
821.84,520.12
820.24,1122.9
820.69,784.83
821.5,1152.5
826.21,152.95
826.11,32.486
824.23,995.84
827.26,571.92
825.93,694.07
829,772.42
826.45,928.29
835.44,1020.2
831.56,646.69
833.91,1217.6
831.56,263.41
847.03,1096.4
836.83,448.02
833.47,1062.8
839.61,633.93
833.93,1188.6
835.83,339.44
835.09,387.77
837.36,892.79
836.63,669.63
839.43,761.18
840.44,575.75
842.88,127.36
842.14,939.43
844.47,60.429
842.5,167.5
849.83,381.73
844.45,1034.1
846.2,698.34
847.43,1150.9
844.33,1166
845.9,1242.9
847.68,1196.2
851.07,240.41
852.42,563.42
855.39,587.33
856,33.064
859.34,1009.6
856.14,675.24
861.33,140.69
859.7,493.13
864.98,1146
859.5,119
868.49,974.37
871.08,645.91
867.42,900.02
867.16,121.13
869,332.65
868.5,811.78
869.24,1037
868.87,102.17
868.42,574.89
870.7,1207.8
876.93,525.37
877.82,556.75
873.66,758.47
876.5,313.43
877.39,252.7
879.84,781.89
880.97,230.43
882.5,837.94
881.2,957.44
882.94,433.47
884.89,854.66
883.52,1226.1
886.02,26.398
884.63,388.5
889.71,254.58
885.4,1211.4
900.77,135.98
892.96,573.66
899.26,662.81
891.24,1111.6
891.89,1095.4
894.8,823.15
894.47,1087.6
894,1010
904.23,164.01
897.1,925.6
899.57,25.2
902.28,278.24
897.64,297.5
911.06,1236.6
902.52,1169.1
903.52,217.17
900,556
904.15,258.53
909.85,958.5
902.92,1020.9
905.53,548.75
907.81,1045.2
908.75,616.88
906.56,894.42
909.98,90.122
911.09,804.4
911.06,413.7
914.71,700.15
916.31,758.62
913.65,286.72
924.43,1092.2
916.74,343.92
915.77,1209.6
917.57,476.02
920.15,587.28
920.71,382.59
920.18,509.52
919.42,1073
921.55,1188.7
920.57,201.57
923.94,684.96
926.66,1059.3
923.93,34.414
924.3,48.5
926.88,303.88
926.94,1124.9
933.35,427.69
930,436
932.98,227.57
935.42,808.31
936.81,1021.7
936.05,1080.1
938.94,350.43
940,145
942.28,751.47
944.97,1205.1
943.56,417.2
945.92,1058
949.01,17.422
948.08,107.05
946.76,289.69
946.46,694.17
946.5,1006.5
950.83,489.58
949.96,535.9
948.05,658.66
949.59,882.86
949.62,233.5
950.58,1036.1
956.04,562.56
951.7,904.1
954.78,411.03
952.5,791.5
959.41,161.7
958.9,704.64
958.33,1062
963.52,345.07
963.18,231
966.73,450.2
963,1172.9
963.41,859
964.42,730.89
969.08,120.35
967,648.5
968.45,489.06
968.39,939.28
973.39,966.97
971.73,89.153
971.38,754.22
969.93,567.59
973.56,909.28
973.49,188.36
970.89,1007.4
974.58,233.9
973,322.5
974.12,223.35
975.1,717.9
985.94,833.8
979.5,797
987.09,255.11
987.1,399.88
985.05,1122.1
996.94,718.19
989.66,864.78
990,1007.4
992.82,280.59
994.75,368.67
992.17,1225
994.4,746
996.27,703.08
999.17,815.37
1009.1,1026.1
1001.1,169.46
1000.6,187.61
1002,404.37
1005.4,1095.8
1005.2,336.87
1006.9,564.81
1003.5,774.64
1002.5,549.5
1010.5,8.0265
1005.3,275.45
1006,532.5
1008.2,248.17
1014.4,394.18
1008.6,597.11
1012.1,669.42
1015.4,870.85
1012.1,1067
1013.5,1055.1
1014.2,629.56
1015.6,793.93
1019.6,850.93
1015.3,63.429
1018.6,1188
1021,222.53
1020.5,97.731
1022.3,170.83
1023.2,144.65
1024.8,1057.7
1025.2,609.72
1025.1,638.7
1027.9,969.13
1028.2,715.33
1031.2,792.27
1030.2,945.2
1029.8,1159.5
1032.1,435.76
1030.6,897.5
1035.8,774.83
1033.6,986.91
1038.6,959.31
1035.3,631.08
1039.2,689.73
1042.1,880.86
1039,1182
1040.8,420.92
1043.6,723.3
1044.2,669.74
1043.9,546.9
1046.8,140.76
1048.2,703.7
1049,1131.1
1051.7,286.39
1055.3,647.86
1052.6,1041.9
1055.7,199.39
1055,462.57
1057,1193.6
1056.7,617.38
1058.8,551.11
1057.5,1070.5
1063,665.14
1059.3,1094.1
1060.1,224.08
1061.6,304.98
1062.3,835.11
1063.2,383.68
1064.6,579.66
1070.4,119.9
1068.9,1002.3
1068.9,878.74
1068.7,1210.4
1075.7,1241
1071.1,925.38
1071.4,1130.4
1075,467.86
1077.1,663.3
1075.4,712.34
1074.4,729.6
1079.5,682.96
1082.3,1188.2
1090.9,555.54
1081.2,729.87
1085,1172.1
1082.1,780.58
1085.5,446.63
1083.4,620.08
1088.8,239.58
1089.5,890.5
1091,601.89
1090.5,506
1091.4,354.81
1093.2,175
1099.2,459.56
1097,648.17
1097.5,1162.9
1099.5,57.441
1098.5,1097.5
1114.6,176.58
1102,105.8
1103.2,1202.1
1100.6,406.6
1102.9,1225.7
1103.6,1048.6
1108.2,240.06
1103.9,489
1104.9,1017
1106.2,780.09
1108.9,695.09
1112.2,142.54
1112.8,206.52
1116,327.17
1114.8,107.22
1117.1,983.12
1121.1,734.61
1117.6,848.86
1120,286.94
1118.7,125.6
1122.9,806.53
1122.6,1152.1
1121.3,1168.6
1126.2,865.61
1129.4,148.95
1124.1,543.98
1124.5,900.78
1125,75.074
1130.1,494.76
1127.7,196.32
1127.1,372.95
1131.3,429.32
1132,942.39
1129.2,1070.7
1128.1,1214.4
1129,94.5
1129.6,104.75
1130,215.5
1133.1,406.43
1132.8,301
1139,849.56
1137.2,1235
1137.5,72.333
1139.6,225.95
1145.3,986.6
1140.2,1040.5
1141.7,1114.9
1149.2,1164
1141.3,472.45
1150.7,8.386
1148.9,834.28
1149.3,1126.6
1149.9,345.05
1153.7,596.32
1153.1,816.97
1153.7,901.77
1150,685.5
1154,774.78
1154.4,730.78
1155,438.66
1156,1216.2
1160.5,711.14
1159.5,176.5
1164,229.52
1166.4,512.7
1167.5,152.53
1165.1,124.32
1166.1,1091.4
1164.8,11.654
1167.8,1200.1
1168.7,972.23
1170.1,378.98
1176.3,345.64
1172,1232.8
1175.5,1009.9
1174.9,702.5
1185.8,78.577
1183.6,1080.5
1179.4,2.3333
1181.8,802.36
1181,987.5
1185.3,609
1187.3,113.42
1189.6,1098.1
1190.7,1190.8
1189.8,211.12
1187.9,520.31
1187.4,1215.9
1192,1243.3
1189.7,421.12
1192.8,753.62
1198.2,1139.4
1202.2,1023
1203.7,26.915
1202.6,1172.8
1203.2,136.78
1204.6,1108.7
1210.6,372.68
1207.8,1068.5
1207.2,463.5
1209,143.5
1210,530.83
1216,759.06
1214.7,391.59
1218.9,1110.3
1217.2,221.65
1218.4,786.04
1219.4,1179.3
1221.3,307.41
1222,666.5
1225.5,966.87
1221,1069
1223.3,1169.3
1227,67.121
1225,117.5
1231.5,320.32
1228.5,1215.5
1228.4,803.68
1228.9,615.09
1230.6,702.54
1231.5,46.862
1232.4,821.56
1230.5,949
1232.6,409.54
1234.5,911.5
1236.4,763.92
1237.8,397.33
1243,436.86
1241.1,739.91
1244.4,504.73
1242.5,627.91
1244.3,955.6
1244.7,1051.4
1245.1,641.04
1245.5,102.12
1246.6,530.38
1246.7,615.91
1246.7,795.29
1246.6,904.39
