1.9091,6.5
6.4317,173.91
8.0476,285.99
4.8438,310.31
3.4045,329.97
5.1746,588.37
2.7742,648.16
1.5,794.5
8.0866,66.315
8.9434,222.3
21.938,742.32
16.427,29.879
13.25,245.08
14.585,917.32
21.559,320.97
16.074,665.74
17.306,835.86
20,83.75
21.87,460.15
24.819,1043.5
27.311,1233.7
24.656,631.53
25.5,14.5
35.651,275.22
36.264,664.26
31,1060.2
33,1156.8
35.8,1098
34,1125.5
37.569,775.47
41.776,959.03
37,814.5
39.162,1075.2
41.211,647.31
42.421,1185.1
43.794,1142.4
47,490.92
51.214,580.11
51.15,616.99
46.564,1027.1
46.857,65
48.078,396.02
49.953,747.23
51.403,426.89
54.328,849.39
52.725,982.99
60.216,787.25
59.803,54.545
58.312,569.38
63.432,457.42
64.732,674.95
61.174,429
62.3,515.3
68.753,22.858
75.725,728.52
64.424,1028.4
66.738,1208.3
76.323,370.41
67.037,578.11
69.919,40.568
69.5,833
74.831,610.82
81.922,1083.2
79.033,1213.4
80.157,1045.6
76.421,113.89
77.143,266.5
84.163,903.74
79.317,753.02
80.393,919.12
82.314,968.91
84.397,1159.4
88.19,50.226
91.597,323.53
87.436,413.56
90.844,495.44
94.008,864.89
95.509,717.09
99.376,276.62
102.99,459.83
102.25,305.42
102.06,348.57
104.88,888.68
103.18,640.8
106.4,1148.3
106.07,736.07
108.26,150.93
121.67,1227.1
109,38.174
110.07,407.56
113.83,748.11
116.46,1032.6
118.15,1052.1
115.37,68.561
115.44,651.8
120.51,358.34
118.3,469.71
122.24,385.63
133.03,161.65
120.95,954.9
126.85,1130.4
123.5,843.5
125.17,536.93
132.91,991.27
129.05,1182.4
128.5,8
132.58,1152.5
130,347.5
136.84,285.79
138.82,602.45
137.7,497.92
139.76,456.23
138.33,245
141.65,707.25
143.58,873.52
151.76,258.62
140.85,740.35
153.16,60.576
151.33,293.44
152.11,441.16
151.13,572.64
152.82,684.52
151.78,491.62
156.69,762.47
152.42,153.89
157.26,719.88
162.27,905.32
158.5,591
160.42,404.11
162.92,655.56
167.14,1106
171.06,1173.9
170,228
172.24,584.87
173.79,751.85
176.46,336.94
177.66,201.21
184.61,438.38
176.25,168.36
179.18,523.01
180.34,798.77
178.94,939.47
180.96,1240.4
182.86,179
184,593
186.2,1056.1
193.83,303.47
194.33,338.36
196.43,1097.5
198.07,238.47
199.58,766.03
196.42,226.89
200.7,201.02
201.27,979.43
218.31,804.16
222.52,993.59
210.5,393.5
212.5,887.5
212.5,1105
215.5,623.5
218.95,1190.6
219.53,540.14
223.14,321.27
220.44,759.92
223.71,242.55
226.8,501.33
230.84,77.617
227.57,266.61
228.08,1055.6
232.62,132.67
234.24,308.03
235.62,47.891
235.5,331.5
241.01,272.66
243.95,364.93
248.29,543.55
248.06,793.45
248.57,1119.4
256.11,645.58
251.19,1184.2
258.14,7.2994
252.48,143.43
253.6,871.62
256.33,413.42
263.13,1235.4
257.29,1012.6
265.94,987.59
267.55,121.4
272.16,909.8
270.43,998.67
273.62,150.92
274.43,802.67
277.22,237.56
277.18,1178.3
291.92,364.19
288.04,488.62
284.6,180
284.35,1034
289.31,947.53
293.82,217.51
299.56,241.57
295.75,651.1
298.95,880.99
298.41,202.92
297,592.5
298.94,666.55
298.5,599.5
299.5,1188.6
303.13,57.705
302.45,471.37
306.9,1118.3
305,1091.4
312.43,794.99
309.23,951.23
310.97,70.424
318.8,13.881
317.19,51.69
318.99,146.39
322.12,373.31
318.72,763.91
318.86,620.5
328.88,468.35
332,249.75
336.86,109.65
335.39,1015.6
339.64,209.91
337.62,335.62
339.33,1221.1
342.16,820.27
337.37,1081.6
342.23,154.59
340.56,508.8
347.64,610.59
345.26,890.45
347.55,906.79
346.38,492.38
348.75,1059.9
350.56,1092.2
358.63,878
357.17,919
358.5,1236
366.78,98.195
365.11,51.207
366.39,715.19
370.2,352.22
365.04,548.58
366.57,1172.3
369.73,1017.7
369,444.5
369.91,374.09
375.76,938
374.19,69.259
374.33,268.44
379.43,514.15
378.89,1191.8
377.5,51.353
383.11,643.45
388.96,432.83
388.29,153.46
388.98,224.06
388,198
389.47,264.77
393.74,211
395.36,101.25
393.42,1173.1
396.32,560.42
395.34,671.53
407.63,961.01
403.04,21.086
400.07,336.41
399.85,502.46
405.27,1095.2
415.43,468.67
402.86,315.86
409.12,149.58
404.42,39.895
407.78,248.61
407.93,53.243
409.56,177.08
413.28,886.47
414,325.83
415.07,390.53
429.2,239.25
420.07,668.96
421.14,697.36
422.6,772.89
421.93,368.74
429.52,1237
428.41,335.41
428.08,87.63
427,917
430.17,375
433.8,601.18
440.67,727.49
441.78,867.98
448.89,706.39
447.61,657.43
448.38,1013.2
449.99,1049.2
450.62,107.94
455.44,1130.8
464.87,402.73
454.09,519.91
460,503
460.09,569.09
463.12,947.87
463.42,450.9
462.5,962.5
464.6,343.6
468.37,1066.5
469.11,1.8333
468.61,515.14
469.14,742.14
470,435.32
470.17,478
475.17,494.02
475.55,76.329
476.68,335.42
481.84,285.33
481.62,945.03
481.27,1119.4
481.5,60.5
482.62,1009.4
486.63,1129.4
494.83,92.052
485.42,729.89
489.89,657.72
487.6,674.75
494.88,1027.8
492,57.5
494.77,583.48
493.5,529.5
495.99,255.06
496.81,417.96
497.58,570.42
501.42,32.47
502.71,713.39
504.69,434.18
502.3,653.3
504.07,291.61
505.42,757.89
506.87,83.097
507.17,187
510.48,219.13
507.58,963.58
510.56,499.92
512.39,1246.6
513,761.65
517.79,577.64
520.12,646.3
517.39,24.482
521.67,406.9
527.09,325.4
522.07,106.33
522.74,132.06
525.56,555.71
522.87,468.35
532.22,303.35
525.42,219.81
524.55,278.29
531.1,67.736
536.91,370.37
540.72,167.56
546.43,756.14
548.94,1195.1
543.49,292.4
547.46,114.11
556.76,82.753
555.36,421.56
556.18,1106.1
557.83,150.44
556.53,167.57
558.23,324.74
560.69,1123
564.14,289.9
568.93,65.195
568.09,221.25
572.33,1014.9
575.07,536.03
571,813.5
573.17,1146.6
574.28,247.34
582.9,663.01
584.25,238.14
586.43,695.19
580.5,811.5
582.43,268.95
592.05,767.63
590.4,367.17
587.86,476.46
590.7,1232.7
593.1,58.378
589.74,258.93
590.63,959.63
591,342.5
596.78,1003.6
600.06,299.59
598.5,347.5
605.09,245.07
602.92,855.92
605.33,269.83
609,1058
610.63,48.633
618.8,692.91
620.78,803.27
626.8,15.852
620.09,101.91
624.91,332.09
637.43,227.22
628.58,1022.1
633.93,1138.8
631.94,91.184
632.67,819.55
633.03,386.17
633.54,550.81
637.5,1061.6
639.84,291.43
636.53,1079.2
638.77,972.49
639.43,649.52
642.2,1211.3
642.16,17.053
647.05,453.71
651.59,559.73
647.64,29.632
646.7,269.19
658.05,1009
645.81,1129.3
651.81,58.067
653.37,783.37
652.07,298.41
661.04,177.91
667.88,501.54
661.94,875.09
659.05,690.46
659.12,1107.9
660.96,673.33
664,134
668.35,38.095
668.23,983.9
667.94,831.25
670.12,76.413
670.31,1081.1
677.4,360.56
675.55,1146.8
680.32,152.54
677.83,1006
685.01,385.03
683.93,1027.6
682.58,191.11
688.58,52.712
687.88,1009
690.29,553.97
693.7,851.22
694.34,525.08
698.98,89.055
704.29,298.45
696.62,663.87
700.31,720.79
699.08,738.77
702.94,869.85
702,138.5
705.82,254.18
713.98,189.61
716,933.14
720.11,1023.6
718.81,55.429
718.17,346.52
719.14,919.3
722.3,542.87
719.06,1174.4
726.55,747.08
722.51,155.62
726.44,1086.7
722.08,236.22
724.7,45.217
729,180.39
727.73,627.72
729.83,95.899
732.52,579.48
733.19,782.42
730.5,830.5
736.03,463.57
732.71,996.55
732.5,734.5
734.09,854.91
747.35,253.13
746.4,963.93
738,533.5
741.45,263.28
741.67,488
749.47,1181.4
750.67,1205.4
750.78,274.95
750.92,737.31
750.7,1029.8
753.83,570.87
758.09,131.06
763.5,808.93
764.46,577.22
766,417.1
763.46,976.92
764.29,550.45
768.83,114.22
771.2,765.61
773.55,162.34
772.47,282.96
770.94,530.21
770.95,862.91
772.38,750
775.13,629.26
775.76,588.59
779.4,906.02
777.06,95.298
777.07,271.56
786.71,812.64
779.44,424.92
779.5,606
784.72,886.29
786.94,35.906
790.36,692.85
787.93,1157.4
790.21,253.96
790.8,468
795.36,300.54
794.52,504.58
806.17,377.13
799.07,25.067
800.64,138.77
802.82,254.89
801.5,359.5
803.34,945.44
803.5,737
807.95,1140.3
807.88,545.1
805.86,860.61
811.45,902.29
813.46,27.351
825.21,170.03
816.85,359.22
816.57,429.24
818.87,94.442
817.29,124.71
822.53,442.47
824.62,475.93
822.58,872.11
822.58,1185.1
828.45,304.04
827.37,147.01
824.58,545.11
829,763
829.91,419.91
834.03,677.77
836.42,1186.2
840.03,1069.8
844.63,692.79
843.56,848.08
848.57,218.51
849.14,633.31
866.93,28.686
852.85,1074.5
854.96,258.7
853.25,894.69
851.59,1223.9
853.14,959.67
854.66,993.52
857.67,483.76
855.63,797.87
858.36,906.7
858.82,776.6
859.3,211.26
862.91,821.38
862.09,1227.9
869.31,256.11
868.13,563.6
866.07,738.59
869.2,754.92
869.5,409.5
871.09,534.95
872.71,1170.3
876.02,1000.5
878.87,343.55
883.13,672.96
887.56,1166.2
886.06,1198.9
900.41,474.31
891.9,98.331
890.55,157.85
892.37,814.08
891.32,538.53
891.78,635.2
896.22,413.26
892.43,904.95
895.75,206.12
894,1027
898.71,33
897.64,249.5
901.79,653.5
902.42,564.55
902.07,949.41
904.69,401.47
902.57,822.57
904.36,728.32
910.26,1046.4
910.63,773.41
911.42,608.12
912.05,415.19
911.84,111.3
913.2,1186.5
915.58,627.89
917.59,1141.1
929.15,83.578
917.58,143.89
925.38,911.6
924.93,212.74
925.77,614.2
926.07,1129.9
932.54,972.58
932.58,1006.6
931.91,17.909
933.4,200.64
941.17,1242.1
934.19,34.741
936.22,509.56
940.96,649.76
940.84,1042.6
939.75,294
941.4,349.47
941.05,458.73
939.94,144.94
946,735
950.14,423.5
951.71,1124.9
951.42,22.895
952.86,485.8
956.91,1190.4
958.5,944.65
961.23,311.95
966.91,521.27
966.67,636.36
966.09,460.67
970.04,265.52
964.93,488.36
964.81,808
965.64,498.57
970.89,214.57
969.69,76.914
972.4,108.71
973.03,248.94
975.39,1106
977.36,731.28
983.27,71.19
984.82,219.06
986.59,651.46
987.76,680.31
989.85,181.59
992.45,427.2
997.11,1179
1000.5,59.681
998.5,749.5
1002.5,532.23
1003.4,273.76
1006.3,850
1010.7,205.4
1011.2,509.92
1017.2,881.6
1015.1,810.8
1013.9,1242.6
1014.4,417.89
1019.5,1024.4
1019.6,842.03
1025.1,1202.6
1021.1,290.41
1026.9,472.59
1023.4,964.55
1028.6,950.96
1023.4,1014.9
1027.6,232.46
1024.9,275.03
1027.3,505.85
1027.1,603.07
1031,119.33
1032.4,701.69
1034.7,184.89
1032.7,657.7
1036.4,330.72
1038.5,674.04
1039.5,593.5
1045,72.128
1042.2,909.33
1046.2,130.61
1044.8,501.36
1042.9,886.09
1059.1,34.386
1049.3,594.61
1047.4,267.48
1054.5,786.07
1047.6,165.94
1049.9,175.15
1052.5,23.219
1054.1,905.37
1054.4,1135.6
1054,936.81
1056,378.26
1058.5,341.37
1062.6,295.91
1063.9,1051.3
1074.8,595.23
1071.3,1004.6
1067.1,719.8
1066.6,420.39
1075.6,876.41
1071.6,216.55
1073.5,792.59
1077.3,832.5
1073.3,1187.3
1073.6,69.85
1076.2,971.26
1076.5,262.92
1076.4,709.59
1076,936.5
1077,126.5
1077.5,359.5
1085.2,1054.9
1085.2,45.628
1087,338.92
1093.2,382.77
1088.2,553.61
1094.7,311.39
1091.6,437.2
1094.6,471.33
1095.7,1118.8
1098.4,875.9
1100,1089.4
1098.8,126.02
1105.9,65.098
1104.4,375.49
1105.1,1041.1
1107.3,1155.7
1108.6,34.669
1108.1,633.77
1106.6,170.86
1106,476.6
1110.4,1172.7
1111,445.82
1110.3,550.32
1110.5,1100.1
1118.2,339.8
1115.9,71.283
1117,898.68
1120.5,176.5
1120.3,504.92
1123.3,666.42
1126.6,646.27
1144.5,196.67
1128.2,418.93
1127.9,1014.5
1128.3,464.5
1129.8,139.53
1138.7,578.82
1134,327
1137.8,434.05
1137,921.26
1136.8,980.98
1142.6,150.65
1146.7,166.38
1144.6,402.94
1143.9,818.5
1147.9,319.57
1148.6,1167.9
1152.3,366.85
1150,306
1151.2,337.58
1155.6,1237.2
1154.5,396.33
1157.8,71.058
1158.7,288.89
1160.5,349.58
1169.7,536.72
1166.1,813.41
1171.3,1052.2
1173.2,685.71
1173.9,339.07
1172.7,1216
1175.5,714.37
1179.7,352.64
1176.4,367.91
1180.3,658.38
1176.4,785.39
1181.8,1159.5
1185.1,251.05
1182.5,935
1186.4,848.79
1184.8,1174.4
1190.4,782.07
1187.5,499.63
1189.1,765.1
1188,515.5
1192.9,434.44
1193.6,726.06
1195.9,133.58
1196.9,959.07
1202.4,874.62
1201.5,451.62
1200.9,1161.8
1205.2,254.03
1200.4,317.89
1202.1,510.95
1211.1,488.53
1204.5,860
1209.7,1140
1210.9,83.588
1208.5,652.13
1209.3,546.16
1213.4,337.44
1212.7,515.42
1216.2,239.66
1216.5,137.35
1218.4,1058.6
1219.9,1105.8
1224.7,123.64
1224.9,1235.4
1228.7,247.62
1230.9,232.97
1230.4,197.37
1236,641.65
1239.3,801.52
1234.5,981.5
1238.8,1103.3
1242.4,496.55
1238.9,148.32
1239.9,75.091
1243,135.78
1243.3,216.44
1245.8,154.87
1245.6,608.78
1245.5,859
1245.9,890.46
1246,737.29
1246.7,389.38
1247.2,378.3
