6.3873,11.185
4.6163,140.31
5.1722,209.91
7.5,253.07
3.2857,396.94
5.75,508.17
1.92,797
7.767,944.48
5.1111,1039.5
12.013,1121.4
1.5,1136
9.4476,274.15
6.6782,673.54
6.9655,750.55
23.902,225.73
8.0909,634.09
14.268,617.33
17.162,815.21
14.453,1149.6
14.978,442.87
21.629,1041.7
21.18,193.33
21.2,748.32
22.466,853.79
20.6,935.6
27.973,158.53
23.024,768.8
28.96,1073
29.283,830.71
29.484,42.442
29.709,1221.3
31.373,890.2
33.419,142.55
36.248,550.62
40.969,1102.3
36.161,635.23
53.729,241.32
37.472,516.43
41.844,789.9
42.032,971.68
37.828,1011
38.091,1172.1
41.837,600.35
42.167,1030.5
45.886,678.04
44.403,1154.4
44.595,1235.5
46.894,287.89
46.05,22.1
45.926,493.59
54.891,885.55
54.682,1172.9
54.903,590.47
56.009,754.8
51.6,836.6
57.247,470.95
57.078,931.25
53.9,984.43
56.532,38.085
59.541,618.61
64.296,847.52
60.115,725.65
68.811,1036.3
62.857,1072.7
71,391.66
63.333,600
73.922,940.13
70.286,1004.1
66.917,35.917
70.211,1115.5
68.231,1155.1
76.78,1099.4
79.291,697.18
78.633,9.6333
81.571,39.61
78.926,525.41
79.5,809
97.039,572.41
88.62,343.2
95.772,725.79
101.83,761.2
94.56,1060.3
91.027,282.78
89.5,1077
94.06,825.77
92.83,1016.4
96.049,69.469
98.503,325.82
98.387,631.52
102.51,840.57
105.78,49.88
105.05,453.38
110.88,311.53
112.43,856.33
105.21,10.816
110.93,275.64
106.81,33.75
111.52,481.76
108.67,967.33
108.27,157.41
112.57,787.64
109,1204.6
118.1,832.77
110.3,743.23
113.84,1195.2
113.08,1078.8
121.48,426.15
123.95,544.26
124.56,560.62
119.64,654.5
123.79,701.45
121.82,926.08
118,989.5
121.88,593.98
124.22,1089.1
152.31,894.22
123,992
126.82,95
131.49,300.37
131.07,275.2
130,790.14
133.91,984.88
136.82,815.37
145.49,592.91
142.05,423.63
136.07,730.93
139.26,793.72
135.58,971.11
143.48,941.73
139.5,7.5
143.43,1027.2
140,1046.4
141.68,122.83
141.35,963.35
140.78,1004.3
145.15,776.71
143,1170.7
144.22,1240.9
145.22,830.32
145.15,974.49
149.17,333.57
151.44,1136.3
150.43,77.059
149.83,2.8696
149.58,988.89
157.8,305.66
156.09,545.82
157.17,1185.9
159.72,176.81
156.39,385.24
173.87,467.94
157.83,955.68
160.46,1232.6
157.95,194.43
156,799
157.64,632.5
164.65,1013.1
161,706.83
172.4,1078.5
164.93,588.2
165.41,694.83
172.51,45.667
167.91,814.95
169.84,398.1
172.04,762.61
173.74,64.67
173.45,524.2
174,602.35
179.08,1122
187.42,676.58
174.59,986.06
176.54,425.08
183.72,852.76
176.89,877.5
180.82,82.333
185.39,169.64
182.82,220.45
182.79,260.95
179.63,628.25
178.67,810
182.07,238.96
181.5,418.5
189.14,1022.4
186.03,718.87
184.99,909.88
188.92,1000.5
185.85,1181.2
196.69,438.45
192.25,531.36
186.44,1060.1
188.65,389.28
189.64,509.34
190.31,578.7
191.79,810.56
189.93,733.86
192.3,308.97
196.32,1190.7
199.14,356.66
194.73,1218.6
200.41,612.91
195,764.5
197,195
200.56,491.12
201.43,96.861
200.37,1101
198.12,846.06
202.88,1038.3
204.95,134.25
208.77,1081.1
203.16,1112.7
207.43,676.97
211.64,146.8
208.74,467.42
209.33,637.37
212.55,301.47
213.77,776.92
212.25,751.12
216.88,1117.5
213.24,1179.5
215.36,394.64
218.77,454.91
219.68,546.89
218.36,843.79
219.78,1041.1
219.13,484.67
221.24,987.2
218.35,63.853
218.27,602.35
218.41,697.07
224.1,332.63
222.44,664.93
240.04,263.83
227.81,683.28
223.67,1130
223.77,180.77
225.55,808.86
228.18,126.91
232.19,795.84
233.46,514.47
239.06,380.5
233.39,964.13
238.51,190.34
236.43,597.27
234.91,89.909
244.36,431.36
243.22,994.93
252.44,1164.7
239,206.5
243.45,567.54
246.9,17.309
240.44,1110.1
243.73,747.24
255.67,1231.8
245.29,1137.8
251.4,1071.6
250.82,653.28
245.89,800.58
256.07,74.713
254.7,634.53
275.65,1199.7
254.25,813.63
253.36,238.28
251.89,894.05
263.42,1098.2
251.93,363.76
266.98,911.21
251.6,1149.6
256.54,953.77
252.43,1213.4
261.45,572.1
256.63,975.37
257.23,413.17
257,773
264.15,121.36
263.97,468
264.85,801.17
266.23,936.94
272.45,767.9
270.65,969.79
277.16,227.02
268,609
273.79,1139
270.86,1021.2
271.71,377.07
274.77,1044.5
273.28,267.64
275.53,431.28
272,450
277.59,407.37
276.28,1158.1
275.45,302.35
278.89,546.87
276,867
276,365
278.54,846.7
277.41,8.9259
285.52,474.3
282.02,183.92
278.5,342
281.93,447.56
286.92,519.79
278.59,999
289.91,593.28
284.05,653.68
290.91,804.98
292.54,146.04
287.5,328.5
293.95,998.52
293.58,544.67
300.89,384.77
298.7,96.4
292.42,502.89
292.86,563.5
296.45,23.524
295.13,73.632
297.56,634.99
303.04,445.32
296.27,859.37
295.14,1124.1
299.52,256.79
300.4,1151.9
305.66,273.53
300,567
300.07,579.56
302.26,1088.8
302.75,61.917
308.87,1174.7
307.49,1194.6
307.97,926.11
307.8,525
307.29,667.78
322.98,206.88
314.79,985.17
314.98,136.43
311.93,480.4
305.65,780.1
316,608.09
314.71,699.71
320.31,644.62
317.91,304.89
322.08,87.982
317.6,540.4
320.4,877.94
322.17,248.9
321.45,443.4
338.59,1168.6
324.04,552.23
325.66,1070
324.15,346.07
323.91,717.87
328.15,1128.4
325.49,1207.2
323.6,626.6
325.74,831.63
324.5,116.5
331.88,281.71
329.77,476.56
325,620.5
328.9,122.67
329.57,152.84
338.41,324.59
330.18,1007.9
343.29,17.94
333,1181.5
340.34,847.41
333.05,1053.6
339.24,803.69
336.14,456.43
336.75,583.25
337.41,714.56
337.5,1221.1
338.15,46.825
352.89,632.98
339.12,928.26
341.53,393.05
342.4,236.63
341.45,433.89
344.77,558.13
341.44,879.97
347.38,504.84
344.73,955.25
347,593.5
346.5,685
349.05,1046.1
348.15,1116
353.1,456.62
349.5,541
352.62,825.62
353.58,249.03
355.95,879.62
363.34,722.03
355.77,332.69
363.6,550.69
357.41,212.06
363.86,805.55
358.35,848.12
364.25,770.08
361.58,251.53
370.79,106.91
370.15,610.46
369.45,1106.6
366.9,61.484
372.43,698.83
366.76,577
367,1024.7
369.06,215.06
373.38,85.831
374.26,678.82
372.7,439
379.04,589.07
378.92,1171.8
379.83,326.61
378.21,458.66
376.36,1024.8
380.01,959.18
378.17,1082.9
378,372
385.53,431.19
382.56,926.44
381.33,1152.5
398.05,534.79
385.89,989.63
387.9,1198.3
390.17,630.91
389.29,1094.2
385.43,1246.2
384.74,259.5
391.97,710.76
388.35,772.06
388.27,846.08
388.81,396.7
399.7,1061.1
391.42,1169.9
399,118.81
397.86,1226.3
396.55,1136.9
396.71,16.185
403.26,174.29
399.08,834.75
402.43,673.29
410.99,761.35
405.05,420.55
405.99,561.03
405.75,987.22
409.95,320.46
406.84,856.31
409.82,578.98
427.36,677.73
417.58,922.98
410.56,973.25
416.51,105.96
411.94,739.74
412.08,1031.4
420.66,15.145
413.59,824.35
414.64,488.32
420.13,989.76
418.28,59.651
417.39,567
422.03,851.3
421.47,225.58
422.55,306.47
423.17,878.37
421.7,1120.5
422.25,1099.6
422.92,480.87
440.68,802.91
426.97,1220
427.85,1015
424.57,1092.4
430.3,70.632
426.5,901.5
433.85,442.62
436.16,939.13
434,888.32
450.87,369.58
436.43,458.86
437.18,491.35
440.44,400.58
440.91,1068.4
438.28,1000.8
437.57,1032.6
442.18,599.96
443.6,906.5
441.35,156.82
442.77,779.02
443.97,880
451.36,944.38
442,994
449.21,849.57
448.59,577.27
456.61,741.23
446.5,541
453.99,105.59
453.14,967.68
447.94,1040.6
455.67,1169.9
462,1233.3
452,4.5
452.58,394.65
456.42,615.03
458.46,1047.5
467.74,507.88
461.99,466.01
463.43,192.72
465.42,908.93
465.44,12.041
464.95,68.945
467.8,583.56
467.78,680.05
469.85,268.18
468.41,846.18
473.7,1117.3
475.23,995.46
480.97,441.08
479.04,823.22
474.17,1036.1
478.55,26.834
476.15,326.61
478.31,1139.1
485.13,912.97
480,954.02
481.1,11.778
500.94,645.96
487.92,134.86
482.94,67.04
509.34,769.19
485.17,298.21
492.17,551.5
485.73,672.59
494.85,259.99
507.83,852.3
493.68,210.69
489.42,574.85
495.29,396.67
499.86,78.241
495.88,828.23
493.52,1223.5
498.06,944.38
495.4,230.4
507.23,305.39
505,444.34
505.78,674.29
505.54,24.771
506.06,98.938
505.41,1144.9
507.68,542.48
508.11,810.04
509.37,573.1
508.91,604.46
506.38,1242
509.2,785.34
509.15,726.54
509,928.83
514.05,1051.6
514.42,1167.8
513.1,472.75
515.01,278.68
511.5,1015.5
512.88,187.5
512.32,373.92
513.28,798.22
517.29,45.342
516.57,207.98
516.79,1244.5
526.58,960.74
518.43,368.91
519.8,409.6
530.16,1096.4
520,349
529.63,114.16
528.98,933.64
530.3,640.76
526.14,882.63
524.5,1109
528.31,398.94
532.89,551.69
529.47,183.15
527.11,351.58
529.83,984.14
535.63,810.73
533.66,1151.9
531.58,451.91
532.62,684.21
532.08,1052.9
532.5,615
535.39,568.91
541.47,1209.6
541.76,712.74
537.77,594.77
542.6,12.522
540.27,267.85
540.39,487.51
544.46,509.16
542.74,154.65
542.14,749.9
542.62,920.12
542.82,1238.8
553.89,867.4
549.64,425.81
546.5,1053.5
546.59,1168.1
553.45,256.11
552.21,662.24
552.57,1127.4
560.37,352.54
553.94,917
556.39,90.394
554.98,616.23
557.71,4.0723
565.11,840.3
557.39,1103.9
556.03,1184.6
556.83,947.71
562.07,117.3
560.57,764.26
557.86,417.14
560.45,597.44
565.78,514.85
571.44,143.54
575.71,941.1
568.22,470.3
580.66,449.36
574.23,744.64
570.42,1126.7
585.56,802.73
572.69,1058.7
570.05,987.09
574.42,1177
580.23,897.36
576.83,778.29
579.5,259.2
578.62,333.5
594.48,416.75
589.49,1027
584.6,5.0241
582.59,211.96
584.13,825.82
587.09,1141.1
586.54,370.36
584.5,875.71
601.4,39.074
589.44,85.926
590.9,297.4
590.75,559.29
591.19,857.3
595.03,183.64
591.86,652.79
595.76,1113.5
602.54,460.81
601.31,1231.5
597.27,780.54
602.17,72.471
597.33,620.37
605.58,1057.7
599.55,639.84
601.55,838.73
602.87,877.15
602.69,933.44
602.1,1245.9
600.71,1182.4
601.67,1041
606.48,956.12
616.67,346.21
611.24,224.47
611.08,1198.6
609.59,156.52
633.21,865.06
615.62,178.93
627.57,907.21
616.55,6.3373
625.67,1239.1
620.85,660.38
618.87,930.41
625.93,634.35
620.07,882.59
621.85,133.07
625.96,279.94
628.84,555.25
622.86,733.73
629.73,1137.4
636.72,109.05
658.84,441.97
628.35,499
639.23,703.08
630.92,942.02
632.35,1007.3
654.59,606.14
633.49,1068.5
637.16,747.51
637.68,135.89
644.6,854.31
643.98,57.243
647.54,813.7
653.34,193.81
641.67,633.29
645.37,503.35
640,1057.8
646.08,1109.1
642.87,971.23
651.63,521.63
648.8,763.15
653.08,653.66
651.29,1195.7
649.73,1053.7
664.98,125.49
660.29,157.78
661.62,792
665.98,229.92
675.68,813.16
664.99,301.33
666.23,1238.1
665,109.5
665,475.5
681.87,907.39
666.86,959.6
675.73,856.32
675.35,207.17
668.42,978.89
672.5,176.46
688.34,474.52
675.39,1083.6
672.45,445.44
672.49,632.07
673.56,54.8
673.93,343.59
679.49,785.77
683.68,579.99
684.11,7.6705
680.76,756.91
683.74,1191.2
684.15,28.8
683.7,954.94
682.95,1170.3
686.28,997.48
685.43,215.61
689.28,243.03
695.96,280.79
690.64,698.31
690,864
696.53,713.72
696.66,942.06
694.67,217
696.12,378.17
696.27,1167.4
702.07,207.4
696.57,836.09
699.68,1050
704.91,780.82
701.98,1096
706.66,122.66
719.32,16.445
703.11,563.58
707.25,1139.5
707.39,1157
709.67,59.803
710.42,72.419
712.44,798.55
716.79,221.25
717.9,1107.1
714.08,969.98
716.2,338.58
717.27,723.27
719.26,413.28
727.03,899
724.63,866.82
722.58,321.11
731.39,1039.7
726.73,533.56
733.62,583.04
729.47,999.07
729.44,1229.8
731.44,84.455
731.93,204.93
737.25,1208.1
740.11,135.26
740.29,924.86
739.6,1066.5
742.92,157.43
740.61,88.964
747.67,80.257
743,557.5
744,1157.2
745.34,828.68
748.16,432.35
749.91,841.36
753.55,377.41
751.43,4.9286
752.91,411
756.19,478.29
752.41,1022.3
754.29,1090.6
760.42,959.35
760.03,345.3
756.04,712.15
754.5,1034
757.39,534.57
762,1210.6
764.03,811.43
769.08,1020.7
765.5,1177.1
768.56,1060
769.42,3.5455
773.09,932.1
774.35,1113.5
775.03,1194
779.15,831.98
776.64,669.15
785.41,532.34
779.18,790.52
787.28,598.99
784.62,305.33
786.12,114.38
797.56,1084
787.83,1200.9
789.07,366.63
789.94,960.09
790.36,1025.5
793.28,895.07
806.56,379.93
796.69,788.88
798.61,1188.4
797.26,804
804.57,1141.8
800.89,1110.1
800.15,97.275
802.34,749.8
805.91,1240.6
803.12,580.35
807.71,7.9868
808.98,1173.5
806.56,645.8
816.17,664.7
808.82,914.26
813.86,295.39
815.27,1059.7
812,132.5
821.89,343.49
818.43,403.24
817,780.25
814.9,1193.1
816.97,1008.2
818.85,322.46
826.46,885.95
828.2,972.87
824.94,187.91
842.52,1022.6
829.79,140.93
833.05,14.262
839.21,1239.3
851.44,1126.4
843.98,1151.8
839.83,139.7
845.52,967.96
839.27,1056.4
842.59,313.41
842.63,876.87
847.2,895.78
841.5,1200
847.22,192.91
846.87,694.06
847.81,91.309
846.98,446.8
847.87,269.14
854.41,776
853.85,606.08
860.62,384.93
866.09,850.09
865.58,937.89
866,1016
868.7,17.37
873.5,582.29
868.5,860.5
880.16,98.938
874.67,455.8
877.12,84.902
876.35,183
878.88,352.47
880.92,1061
878,193.5
884.09,339.23
889.49,46.853
889.4,1152.4
887.34,388.53
886.86,744.5
894.31,1132.3
889,1210.5
890.86,266.14
893,1042.9
894.56,191.54
896.44,572.67
904.98,739.24
899.78,255.83
904.01,546.74
898.58,12.895
905.8,274.71
918.19,4.267
911.7,36.112
909.18,108.87
916.93,664.17
916.61,782.57
924.08,704.19
913.5,462.5
915.87,1144.8
916.55,1183.5
927.25,902.74
924.55,1115
920.28,71.781
918.5,221.5
921.75,874.02
928.38,1079.1
923.33,213.18
924.74,678.19
926.47,744.57
926.56,1220.1
933.76,48.022
935.05,1175.2
931.67,530.24
933.16,824.9
943.81,450.42
933.25,178.15
932.22,729.95
938.41,860.06
938.64,60.083
941.97,120.57
948.45,321.48
950.05,893.58
947.53,1005.2
947.04,524.59
948.16,995.24
950.8,1183
949,569.17
953.33,81.598
963.25,838.51
952.44,858.44
953.68,371.22
955,571
957.09,910.09
964.98,933.54
963.17,182.38
962.09,537.54
976.96,674.36
965.17,1144.1
964.29,358.17
963.5,98.5
967.95,57.547
973.43,269.77
969.48,30.934
973.47,1195.7
975.77,1012.7
972.89,115.42
977.49,393.58
981.67,290.43
986.01,1056.9
985.66,235.71
984.44,605.72
985.38,1037.7
989.36,76.249
985.82,117.67
992.33,787.75
987.58,849.42
990.96,1168.4
989.1,1224.7
991.42,948.86
994.91,1199.6
991.29,286.31
990.18,995
994.15,717.58
996.44,10.56
1001.9,936.47
1003.3,827.1
1004.6,985.97
1007.1,9.5349
1005,93.138
1006.2,183.23
1006,1181.1
1010.1,1034.5
1012.1,394.46
1017.4,414.78
1007.3,773
1011.1,761.92
1015.6,91.863
1018.4,1054.9
1021.5,1121.2
1015.5,1152
1019.8,793.49
1023.1,30.798
1027.2,318.92
1027.2,854.39
1029,678.17
1034.8,1152.1
1033.7,266.87
1027.6,1228.5
1033.3,77.393
1038.6,169.16
1038,946.77
1039.7,1041.2
1037.4,1067.7
1037.1,219.09
1044.7,63.067
1041.8,883.72
1047.1,1183.5
1042.3,1090.9
1049.1,375.46
1047.8,829.67
1058,122.3
1056,1003.8
1054.1,1224.8
1060.2,1122.8
1062.5,657.87
1056.1,953.59
1062.8,72.598
1060.1,357.69
1058.5,737.5
1062.6,274.34
1063.2,452.58
1067.2,1105.1
1071.7,183.07
1075.8,821.31
1072.6,241.11
1073.5,1096
1079,632.44
1076.4,276.36
1077.8,318.71
1085.4,102.78
1085.7,128.75
1086.8,453.7
1090.6,1091.7
1091.6,582.41
1091.3,790.75
1087.7,693.7
1087.2,883.35
1093.5,492.18
1095.4,963.53
1096.6,212.37
1100.1,553.5
1099,398.9
1096.6,993.62
1097,636.5
1100,624.92
1105.6,650.36
1108.1,1026.9
1108.3,282.76
1120.7,599.81
1109.7,1124.2
1114.4,752.45
1112.6,1089
1112.9,1040.8
1115,965.07
1119.1,1059.6
1125.4,192.18
1123.8,558.64
1125.7,701.25
1127.9,888.65
1121.5,904
1132.1,89.397
1129.8,854.96
1130.9,1144.9
1136.5,252.46
1135.1,838.9
1135.6,979.93
1138.8,659.98
1142,1231.1
1141.9,129
1146.1,103.22
1150.5,902.36
1157,1113.2
1152.4,450.26
1158.1,920.5
1158.6,968.61
1158.1,516.31
1156.7,1171.1
1164.1,52.322
1158.6,778.89
1164.8,432.62
1161.7,987.84
1172.5,152.31
1177.8,870.75
1169.5,750.79
1171.4,845.85
1172.6,545.16
1182.3,1124.6
1173.1,1026.6
1175,1154.6
1173.9,637.57
1174.7,713.26
1177.2,218.56
1174.3,445.17
1184.3,120.57
1184.7,1099.1
1181.9,937.44
1184.4,238.24
1189.9,266.83
1185.5,472.55
1187,693.96
1191.5,167.57
1192.3,32.115
1196.3,972.62
1195,156
1195,1037.3
1199.2,426.76
1203.7,1151.3
1198.4,1240.9
1198,34
1207.3,289.19
1204.1,441.93
1216,1086.6
1208.1,599.56
1209.8,864.76
1214.6,618.45
1227.2,649.66
1221,736.77
1222.2,1209.5
1218.5,1174.5
1234,222.12
1233.3,986.88
1234.3,191.57
1241.9,1201.4
1240,265
1243.1,771.21
1244.1,250.23
1246.3,1220.9
1246.2,1153.5
