6.3025,103.39
1.92,231
8.5661,272.36
4.6869,1012.1
5.0156,1100
2.3143,1174.6
3.5,791
13.065,1053.4
11.25,164
14.013,841.36
17.197,757.7
14.353,1183.1
20.301,423.54
20.558,322.6
29.717,1097.6
25.333,955.89
24,242.32
26.617,1204.1
27.19,69.143
30.37,1121.6
32.5,553.25
30.891,781.37
33.86,2.6047
33.891,267.74
33.942,1175.1
35.744,42.535
36.939,801.31
36.579,752.11
38.5,1004.5
46.282,134.56
48.153,80.847
51.116,411.12
53.067,1054.2
51.3,995.5
55,1220.4
56.849,967.59
59.973,147.31
62.382,232.35
69.587,618.86
71.442,1113.8
64.167,872.2
64.421,69.105
66,1182
65.909,978.91
72.224,1082.2
73.307,849.45
76.5,822
80.373,928.57
90.329,41.662
90.75,1065.5
102.69,849.55
97.091,392.91
96.917,1050.1
101.72,964.23
104.74,1099.4
102.5,985
107.4,189.41
106.07,445.59
105.32,553.92
107.05,1192.1
110.21,1032.5
110.98,1051.1
110.07,334.41
111.5,290.85
112,792
113.33,973.38
114.56,349.08
114.42,941.03
119.04,1069.5
121.67,1132.1
119.32,1165.2
122,116.07
123.46,613.21
123.08,176.44
123.03,377.53
129.32,1144.7
126.44,203.55
125.58,1098.1
131.21,469.7
130.65,939.02
142.97,1059.7
132.6,1129.6
135.43,237.95
133.27,355.35
135.48,610.43
137.47,900.04
137,544
139.89,44.5
136.58,510.11
138.07,1017.9
138.42,93.424
138.72,1106.7
140.48,1048.2
140.74,1116.5
140.42,1232.2
144.44,841.93
142.84,933.98
141.78,971.14
150.04,606.34
146.92,519.08
149.56,997.63
151.13,550.64
151.55,1144.6
154.01,942.88
153.88,1082.2
157.45,1107.4
156,364
160.87,1192.8
158,766.5
162.26,39.586
165.01,1139.8
162.52,999.78
162,1025.5
165.36,1056.8
163.5,120.5
171.02,399.54
167.74,371.71
170.3,1204.3
172.16,462.49
176.14,924.07
181.14,1001.1
179.16,224.43
180.12,494.12
178.93,40.593
180.11,143.63
179.61,368.86
185.94,345.27
181.89,1016.4
187.01,1101.8
183.62,1147.7
186.2,865.25
185.63,587.52
187.6,1088.2
189.6,80.643
192.6,1062.3
193.43,136.65
190.68,656.78
197.35,1156.9
197,25.659
197.6,1039.6
199.19,849.51
202.25,1118.4
204,990.5
205.63,244.16
204,1201.2
208.41,906.35
207.06,1167.1
213.29,1008
215.5,1127
217.66,32.531
218.86,526.98
220.73,837.77
219,909.75
223.93,493.3
221.83,336
224.97,963.17
228.11,897.58
225.87,559.52
227.66,632.92
236.87,971.35
229.89,1009.5
232.41,422.1
234.31,938.59
233.73,132.51
237.08,282.49
244.7,1039.7
240.59,911.07
244.5,20.13
243.93,1142.4
247.98,592.13
248.7,1067.4
250.41,1014.6
257.01,205.4
255.22,889.58
256,515
256.44,991.2
258.23,1164
262.25,3.9762
259.78,308.8
259.16,1040.2
261.78,1244.3
267.71,951.03
267,1081.5
264.58,1172.4
271.37,452.52
277.65,358.49
276.17,827.85
279.57,1214.7
275.92,980.08
277.24,1122.8
285.29,525.38
283.3,389.35
283.86,687.87
281.8,1074.3
288.3,846.25
286.51,960.77
286.74,1131
289.45,1172
289.5,1048.4
290,226
289.37,898.37
294.09,199.91
300.22,970.89
298.71,1018.5
299.16,836.47
303,1198.6
302.4,1226.5
303.94,1091.6
304.45,448.28
301.58,997.58
307.57,801.34
308.44,855.02
308.12,957.02
310.78,617.88
310.91,192.09
313.35,922.42
314.06,867.25
314,885.5
319.57,1095.7
321.5,1246
320.5,773.5
320.64,1129.9
321.86,1003.4
326.14,1151.1
323.59,807.16
328.31,829.85
327.22,1045.1
334.64,190.69
333.58,715.11
336.36,1081.9
335.5,1230
336.11,57.421
339.09,893.12
340.66,772.08
345.01,554.95
348.88,311.88
347.01,989.35
349.06,1184.1
347.49,901.18
350.67,1044
351.58,813.11
357.02,71.815
358.32,703.58
360.86,969.07
361.5,1074.8
365.16,91.653
366.9,1028.9
368.68,450.73
368.16,1060.8
370.53,1100.1
371.1,410.61
371.77,1158.5
377.2,914.56
380.61,1010.4
383.41,1029.2
387.15,5.3462
395.03,274.07
399.8,1000.4
395.12,437.99
393.56,525.92
399.2,669.03
400.07,769.07
404.31,1220
409.4,77.639
411.93,832.49
426.6,396.35
411.93,667.41
421.24,914.47
413.5,861.5
416.09,1018.1
425.05,355.79
427.42,588.16
425.72,968.46
427.41,1086.6
424.64,293.5
433.73,678.02
437.12,538.12
442.33,71.713
444.09,333.69
442.94,406.91
447.06,367.74
457.11,723.42
464.78,185.52
463,374.5
464.32,889.78
464.43,1246.7
466.42,542.45
475.16,284.06
475.89,360.63
477.92,778.63
483.95,1004.2
486.35,187
486.74,655.47
490.44,66.292
496,1135.6
499.5,1216
501.31,9.0968
506,1090.5
506.95,210.82
509.82,1067.2
516.86,560.5
524.01,186.56
519.12,764.5
519.39,823.86
526.05,932.89
528.66,952.76
525.3,210.61
528.46,306.54
527.44,626.07
532.06,128.43
536.32,1080.4
537.75,253.68
535.55,577.31
549.41,1125.1
550.2,80.56
552.36,701.31
559.09,114.39
559.07,167.26
559.72,429.19
563.42,194.89
568.89,983.42
570.07,1128.5
577.54,878.59
580.9,430.18
580.39,164.99
584.5,2.3636
588.81,1113.9
590.1,383.62
591.33,515
608.6,748.8
613,623.76
620.8,1156
624.69,656.42
632.5,568.5
633.72,849.47
634.59,1171.1
635.12,109.12
641.77,963.68
641.94,823.87
643.96,218.64
648.33,898.44
652.39,860.39
653.08,697.92
655.79,82.444
656.5,637.2
658.07,1104.4
662.56,837.08
671.24,919.23
668.86,90.136
673.57,713.96
674.34,876.44
676.07,598.7
676.21,1011.8
677.25,983.44
682.47,499.35
679,218
684.38,1113.6
681.42,58.895
683.08,900.8
683.71,965.5
688.78,325.72
692.96,701.82
692.53,79.615
692.05,169.34
698.11,870.5
698.48,996.13
704.12,296.02
712.36,880.99
712.39,931.68
716.15,679.22
717.07,1009.4
724.31,207.93
725.22,928.56
731.01,42.173
728.61,313.86
731.29,562.29
737.5,1170.5
734.5,375.5
741.78,360.21
743.71,726.73
741.93,1227.6
743,877.17
747.6,198.6
749.94,250.06
752.5,370
756.92,1035.9
760.92,179.2
764.36,144.93
761.73,842.65
774.44,214.33
779.32,918.29
780.72,529.33
783.5,559
784.14,849
783.88,1157.2
788.28,72.634
786.63,1215.4
791.18,1077.8
793.15,839.34
798.06,798.34
798.04,873.44
799.94,711.22
801.57,1215.8
805.15,725.13
807.35,810.76
808.38,756.12
812.59,643.71
812.65,296.8
810.58,1187.1
813.56,980.62
815.1,503.1
818.59,620.08
818.14,927.43
821.23,916.26
822.67,777.91
823.45,262.42
824.58,677.89
830.16,948.31
834.71,624.61
834.78,406.98
836.5,850.5
837.72,974.2
837.6,1129
840.27,1229.7
841.5,192
845.05,884.02
845,637.84
845.4,1178.3
846.13,666.19
846.54,740.1
846,98.5
848.43,910.92
847.88,176.65
857.5,430
857.46,351.2
857.17,888
858.81,271.93
860.5,1141
865.98,713.8
865.62,106.92
865.29,610.56
865.81,1102.9
869.22,736.23
870.31,121.86
870.4,587.36
873.05,1065.6
876.28,753.14
878.27,605.17
886.47,767.38
887,83
890.8,843.97
892.44,585.96
897.47,362.93
903.47,216.86
901.07,1193.4
907.5,718
916.12,669.37
916,793.32
923.46,10.284
920.36,935.29
923.29,1094.2
925.5,1150
927.93,294.59
929.13,875.87
932.12,723.12
932.47,434.56
931.07,1198.6
937.91,300.73
939.45,1243.2
965.31,452.22
952.47,976.45
958.32,1220.5
963,1075.3
961.86,314.5
975.5,419.5
995.18,426.64
993.23,504.78
996.16,353.43
996.08,1031.2
997.84,1194.6
999,754.5
1005.1,339.9
1006.3,434
1011.6,115.98
1012.8,1071.5
1013,1174.5
1014.4,1191.4
1022.2,399.08
1023.9,949.61
1026,582.18
1030.9,935.92
1036.6,37.852
1036.7,49.683
1037.3,824.46
1036.5,274
1041,606
1044,963.47
1046.9,220.41
1052.8,199.41
1051.4,891.13
1058.5,271.3
1059.1,594.41
1059.7,128.83
1063.1,1158.9
1062.2,1191.5
1070.2,1228.6
1070.6,537.11
1076.8,1096.9
1079.5,1121.2
1086.6,432.71
1086.5,139.98
1088.9,990.76
1091.2,1201.7
1091.9,293.14
1089.4,1117.4
1097,1230.4
1097.1,224.87
1098.1,102.41
1103.5,1094.4
1107.3,213.14
1113.4,221.78
1116.4,593.02
1118,4.5
1130.9,619.91
1140.3,581.18
1136.7,286.53
1138.3,526.41
1144.3,1002.5
1148.1,438.05
1146.6,763
1149.1,505.13
1150.4,988.37
1153,1083
1150.9,1197.9
1155.9,492.38
1155.8,1217.9
1161.6,1040.3
1164.7,257.72
1175.2,10.629
1173.1,471.02
1175.2,972.74
1184.4,313.41
1181,41.5
1192.1,1227.9
1194.5,48
1201.6,204.58
1200.6,556.68
1204.7,701.83
1206.6,447
1207.6,578.3
1209.8,263.6
1211.6,322.59
1214.2,370.76
1215.5,522.05
1224,594.59
1223.4,956.35
1225.1,1181
1229.1,121.94
1227,458
1229.9,100.75
1228.3,1159.7
1234,775.8
1235.5,303
1242.6,107.9
1245.4,317.89
