2.3793,157.17
4.5185,167.91
11.106,481.09
10.451,666.7
11.385,354.6
11.528,1158.3
17.304,440.8
20.328,297.86
17.407,385.07
18.824,982.02
27.656,116.17
29.882,284.43
27.324,588.78
35.5,322.5
39.46,548.62
48.528,389.54
53.438,809.83
60.373,356.29
65.726,230.48
65.884,88.116
76.967,565.45
82.762,128.22
82.336,784.95
87.597,589.11
86.926,755.41
96.191,868.39
95.611,305.86
110.17,218
114,269.69
113.96,702.68
114.71,1205.3
117.71,901
120.04,1183.7
120.91,1012.1
127.27,102.97
128,744
130.93,472.96
131.5,357.5
136.75,821.97
135.95,872.59
137.73,342.24
143.85,1081.3
156.95,100.88
151.4,582.36
159.53,709.12
161.38,175.07
162.97,627.36
160.84,962.44
163.9,524.99
166.76,404.51
169.07,775.79
172.8,324.13
171.4,793.89
170.42,687.89
179.47,1210.6
189.55,1046.5
194.45,1149.3
200.03,465.68
209.79,1220
201.5,121
203.55,589.91
204.91,268.91
208.13,1193.7
210.63,1103
215.81,535.58
225.03,1111.5
223.59,909.93
227.15,209.67
242.63,1181.9
243.15,26.768
241.24,347.76
251.38,120.02
252.62,1245.9
256.93,232.91
260.15,480.46
262.45,82.419
263.3,627.56
267.64,1187.5
265.79,793.82
266.35,551.14
270.98,294.98
278.65,724.34
283.95,810.81
284.91,1018.1
291.11,493.54
296.26,649.65
297.95,2.5714
295.96,443.07
296,1014
297.55,1110.6
300,307
310.09,330.23
308.54,604.55
309.42,676.42
319.42,416.79
317.21,73.253
319.71,1242.9
323.02,813.13
319.35,685.71
322.12,121.95
325.29,582.69
326.63,718.42
328.45,338.07
326.45,1030.7
330.39,480.73
336.95,294.88
335.12,908.64
336.7,146.3
348.2,1083.9
346.2,258.92
344.54,1049.5
347.57,1166.5
353.21,782.55
372.37,626.59
375.01,949.4
372.3,1225.2
371.43,1242.6
370.86,326.61
373.49,550.88
375.64,732.33
374.58,180.55
374.5,749.5
374.73,477.77
384.85,82.944
387.91,248.69
389.21,498.3
385.89,1053.4
392.04,346.87
393.79,53.345
397,947.32
398.5,255
401.53,985.76
410.55,370.77
410.85,1192.8
416.28,784.85
417.61,707.14
420.39,38.139
425.48,1081.5
426.05,1225.5
428.44,778.98
430.43,648.95
437.04,577.44
438.99,117.35
443.64,606.77
441,562
442.12,762.12
447.77,707.06
444.93,1040.9
446.85,1106.8
453.6,569.94
453.42,1138.5
462.95,333.3
463.12,1245.8
464.26,399.89
472.52,313.33
478.67,1005.7
482.88,529.12
495.32,1199.6
493.62,831.5
491,2.8261
490.5,1240.5
501.22,1045.3
501.43,653.24
499.65,912.15
497.5,1190
500.56,1010.5
502.07,697.41
512.52,494.25
510.58,561.58
513.52,582.92
513.29,470.55
520.32,621.58
521.93,117.59
531.2,1246.4
530.92,176.92
539.27,516.45
536.09,963.09
544.62,456.39
544.05,912.32
545.58,33.105
551.44,1099.3
551.31,103.14
557.43,252.97
558.56,749.34
555.37,1116.4
564.65,1034.9
562.71,365.55
570.42,652
568.4,980.19
580.57,898.36
575.64,1197.9
575,454
583.06,266.29
580.89,639.29
581.42,371.58
584.08,506.56
587,1159.2
589.96,691.92
594.82,574.18
596.62,118.81
604.81,1145.7
614.1,12.698
615.5,646.5
620.55,191.97
627.05,85.129
626.59,467.5
633.83,876.98
630,483
638.44,1175.5
645.14,908.04
646.72,804.01
645.45,35.31
649.26,258.26
646.37,685.95
651.54,469.87
656.56,650.1
656.23,1166.6
660.42,216.58
667,609.5
669.7,1123
679.17,60.298
674.07,958.81
675.41,19.074
677.09,973.91
684.57,493.66
690.52,633.03
687.36,1081.9
684.5,1020
698.63,87.681
696.59,1055.6
701.65,553.97
697.46,621.15
698.8,315.68
716.47,101.54
703.93,637.44
705.85,466.12
708.88,382.12
710.25,1194.2
710.06,229.09
714.2,690.99
715.06,1154.2
721.86,905.09
719.93,618.41
726.71,142.18
730.29,448.97
734.39,648.21
737.71,1245.7
743.29,607.94
747.11,217.15
743.94,1089.7
750.22,642.65
756.81,630.86
760.2,902.44
763.75,1246.4
764.96,80.557
770.88,997.59
770.5,490.24
773.58,1163.6
777.65,394.74
783.85,562.95
782.18,101.2
783.23,235.96
785.73,919.17
787.92,1151.2
794.68,267.42
798.22,809.09
795.37,496.37
796.95,93.921
802.35,4.8699
806.42,873.84
807.19,1242
810.47,148.85
815.17,67.619
815.53,443.53
817.54,208.08
822.56,891.2
820.18,93.6
823.07,471.37
829.93,19.593
833.5,104.5
834.69,80.552
837.54,165.65
842.89,998.7
842.5,212.5
847.4,1079.8
845.6,586.4
849.35,343.46
851.77,3.4462
848.92,68.568
848.08,224.92
852,313.93
859,198.94
861,94.808
861.36,762.69
863.28,279.5
865.62,332.35
866,210
869.04,81.5
871.1,132.03
870.02,155.91
868.5,420.11
875.22,46.659
877.6,424.22
885.4,813.73
889.11,536.68
888.09,255.05
892.07,708.88
893.26,953.53
892.71,522.12
894.38,8.1803
895.08,618.08
899.32,38.784
899,494.17
900.08,264.92
903.95,206.9
909.61,117.19
910.65,103.45
911.87,28.826
915.07,956.2
922.86,717.57
919.85,262.35
940.35,173.06
942.06,397.26
941.87,907.06
943,963.17
955.71,53.526
960.46,347.98
964.74,949.17
961.53,723.44
966.18,752.09
966.96,163.03
967.08,973.92
973.62,38.522
974.31,392.61
983.6,472.93
986.4,809.76
987.9,513.16
991.5,646.39
1002.9,1053.4
1014.4,173.49
1017,78.603
1028.1,673.99
1029.4,63.71
1033.5,1151.2
1031.9,1191.1
1040.6,931.4
1041.9,198.62
1050.5,1197.8
1053,772.5
1060.3,72.656
1061.6,838.83
1059.7,389.2
1062.5,58.5
1071.3,963.49
1072.5,664.16
1078.2,299.44
1079,376.83
1081.5,1222.6
1085,405.27
1098.3,1226.9
1099,496.5
1102.4,872.73
1119,1234.1
1120.9,501.15
1122.6,72
1130.2,743.45
1134,1235.1
1134.9,72.493
1136.5,665.9
1141.8,574.91
1140.7,1212.2
1145.4,939.7
1151.7,972.76
1152.5,50.538
1151.6,491.16
1157.3,672.92
1161.6,348.89
1166.6,1003.9
1166.5,1217.5
1168.4,531.06
1168.9,696.42
1174,758.15
1173.5,158.5
1175.5,81.455
1176,920.74
1176.5,1015.5
1178.1,694.12
1187.7,386.4
1186,1212.9
1192.2,1240.1
1193,405.5
1195.5,834.84
1196.6,789.07
1196,661.32
1202,814.1
1202.5,525.93
1202.5,599.98
1202.4,867.38
1205,1141
1207.6,1178.2
1212.9,128.36
1211.5,266.29
1210.5,956
1214,1211.4
1225,887.99
1225.5,1159.6
1230.5,1229.3
1238.7,1243.8
1241,360.65
1241.5,825.46
1239.4,1200.6
1242.2,1029.4
1244.1,121.4
1245.4,921.08
1246.7,150.78
