2.36,272.88
1.8571,539.62
4.022,779.18
4.4455,1112.5
1.7368,1130.6
5.5,310
6,325.5
8.0213,1019.6
10.194,11.806
13.771,853.48
12.861,509.39
19.196,310.69
17.103,401.59
18.615,1206.3
18.405,1001.4
23.568,770.68
22.133,326.56
25,487.5
29.473,496.79
33.561,343.77
37.657,607.66
33.917,455.92
40.602,91.852
37.955,290.91
40.978,494.81
42.345,560.26
40.586,326.41
46.788,370.99
49.326,534.52
46.237,1018.9
47.761,1162.4
46,48
48,456.68
53.347,1073.4
54.773,1089.3
52.654,430
53.667,94.167
54.5,581
56.13,473.74
64.811,562.91
66.435,760.47
63.826,257.87
65.062,629.91
66,32.5
69.489,99.574
70.223,1138.6
72.96,254.76
72.167,443.37
76.932,175.01
77.943,51.113
75.927,329.76
78.956,1088.5
81.815,1068.7
80.122,12
80.605,842.13
83.611,305.86
85.208,1190.5
90.785,219.97
92.071,177.04
96,107.75
99.6,1.8
101.24,970.76
100.31,465.67
101.85,195.46
104.15,69.978
103.5,405
109.19,621.55
107.92,750.08
109.69,841
113.06,325.66
111.62,462.22
114.13,1227.8
114.5,376.22
112.83,1049
114.5,1081.5
117.66,606.66
120,17.5
121.48,121.5
125.51,1069.3
127.76,1140.5
125.87,588.9
130.1,369.89
138.01,707.59
131.89,659.8
132.63,791.37
132.58,162.11
133.7,1038.5
134.24,522.41
134.5,974
137.93,419.07
143.5,802.03
138.58,116.89
146.19,239.49
142.12,668.5
141.41,69
144.12,154.12
146.98,371.82
148,763.26
147,1204
150.97,15.8
152.45,451.59
151.56,548.08
157.43,88.798
159.35,146.66
158.95,869.17
163.91,337.96
163.78,638.34
162.41,1018.6
161.81,1065.7
165.06,739.09
165.44,1150.3
166.98,63.478
167.22,443.62
167.86,884.07
168.09,1132.1
171,319.89
176.33,343.1
177.8,386.2
178.6,675.4
176.07,1054.4
179.96,403.46
180.21,480.5
179.06,772.09
180.9,498.22
186.45,757.52
186.08,1202.3
188.83,98.933
194.6,1002.5
191.5,123.13
190.43,593.39
193.58,678.28
194.07,321.55
193.95,385.94
196.54,717.34
199.22,1080.5
202.44,217.92
207.68,753.92
206.27,549.69
207.26,464.07
208.58,701.83
218.45,19.756
216.09,733.09
216.92,994.08
224.09,229.91
226.75,635.61
227.91,362.91
234.15,447.51
233.11,1246.6
237.46,901.86
241.12,136.7
241.84,719.21
240.11,303.87
241.52,1181.1
246.26,211.51
246.92,619.29
246.27,808.35
246,939.83
246.91,114.91
247.43,1128.4
252.3,768.67
255.28,957.02
256.36,273.31
256.93,542.59
259,171.5
264.3,82.91
265.59,397
267.03,515.94
274.36,363.12
268.68,1077.6
268.6,214.08
270.1,981.31
269.23,180.6
271.94,703.03
275.71,340.14
274.06,275.59
276.32,577.31
280.97,100.67
284.33,129.26
281.88,1047.3
287.38,547.31
286.24,1020.4
290.09,439.55
287.82,923
291.46,840.23
296.91,894.4
292.67,669.56
297.95,97.246
298.91,112.09
301.15,751.73
304.93,1183.7
303.31,686.83
305.96,1167.2
309.41,1210.1
312.2,480.73
314.31,554.97
312.84,781.89
312,141.5
317,305.5
319.5,848.5
326.93,210.52
327.98,624.35
329.61,159.24
330.11,457.58
333.39,1202.9
333.31,535.84
335.05,750.59
338.06,685.29
341.13,698.67
342.56,399.67
343.47,151.42
344.8,204.28
346.88,540.12
352.91,328.79
349.93,279.59
353.45,555.03
353.19,800.43
352.44,859.44
360.6,509.25
359.74,50.213
361.4,496.22
363.44,1057.9
366.63,794.04
365.54,1126.9
369.67,198.9
374.7,371.56
379.6,940.4
381.6,1094.5
385.75,109.07
382.94,298.02
387.68,380.47
388.98,670.85
389.28,970.31
389.58,928.73
391,1109.9
393.42,1242.3
396.14,261.27
395.08,958.11
397.27,373.56
403.04,745.9
403.63,602.69
402.96,1127.4
406.76,897.59
407.98,37.426
407.91,779.13
411,322.5
411.87,400.23
412.56,789.44
413.54,1130.7
414.23,276.03
415.16,1158.1
420.68,1104.9
421,932
422.58,918
426.68,784.52
433.53,872.59
432.37,247.63
435.62,499.38
432.09,1217.9
434.71,134.71
438.93,721.86
438.98,1091.7
437.87,631.17
439.5,883.5
442.88,340.86
442.04,1161.4
444,642.5
452.57,425.71
450.99,1146.1
452.39,473.77
450,295.32
450.81,806.86
454.69,488.75
453.55,700.55
455.08,782.05
457.21,821.21
458.16,851.08
458.48,1172.5
459.42,1191.5
464.63,112.54
463.9,250.47
462.52,1206.6
468.38,913.91
473.45,18.637
470.64,72.579
470.92,710.08
473.5,1220.5
477.33,148.17
478.15,1177.5
483.13,562.06
484.72,865.78
483.82,1191
485.7,1242.6
488.67,691.92
487.96,1177.2
487.22,1141.2
488,1222.5
496.85,516.03
497.63,747.36
499.81,261.99
497.36,143.56
502.08,817.5
503.97,1205.3
508.02,156.89
512.09,210.91
512.76,1124.1
514.69,906.17
520.23,645.37
519.1,702.24
525.78,324.2
526.5,1182
530.6,727.4
532.78,896.78
530.5,1129
536.23,457.16
536.5,569
541.45,804.15
539.3,78.919
542.9,96.767
540.67,837.17
541,866
546.74,543.76
548.59,355.01
546.34,1187.5
551.46,37.127
550.08,986.56
554.54,422.1
555.03,461.56
557.58,690.75
556.17,884
561.88,485.76
560.56,601.75
562,93.5
565.22,120.4
564.3,672.91
563.85,33.538
563.38,628
572.36,974.94
573.61,351.14
575.9,1128.3
582.49,881.41
581.8,592.7
581.87,520.12
584.06,467.11
584.73,155.38
585.91,1219.3
596.72,100.32
597.88,278.66
596.18,1140.4
598.73,878.27
602.92,1062
602.56,339.88
605.98,895.12
603,1050.7
605.22,1246.6
607.69,574.81
614.23,1059.2
613.91,1119.9
619.12,111.9
618.65,432.42
621.47,807.03
620.54,37.784
621.5,611
625.72,385.56
629.27,223.94
629.31,915.85
630.89,646.24
635.78,545.27
637.43,581.82
637.99,694.09
637,109
640.53,1026
640.84,516.55
642.45,1012.6
645,158.07
645,656
645.42,275.55
652.52,480.77
651.56,410.07
655,869.56
654.71,149.75
655.43,822.32
662.18,276.53
659.62,460.87
665.33,1216.8
666,899.5
668.65,230.42
670.59,854.21
671.27,617.38
671.83,786
674.06,572.91
676.11,1157
675.5,72
679.27,266.27
682.59,35.377
681.49,417.74
680.32,634.41
680.42,892.89
684.13,149.87
687.42,801.24
689.1,994.54
689.07,1119.1
685.96,68.506
687.15,1067.3
691.85,727.97
692.97,896.63
695.31,449.45
696.91,280.77
697.29,592.38
699.46,92.216
703.03,45.803
703.91,1011.1
705.5,666
710.44,138.58
707.53,834.33
713.73,424.59
715.89,509.65
715.56,71.074
720.42,228.01
717.2,733.56
728.77,101.17
718,1003
727.31,905.62
726.5,607
726.95,1203.9
730.08,46.395
733.25,487.39
733.35,869.07
735,807.45
736.71,989.98
737.5,412.5
741.13,1036.7
740.14,1184.6
741.06,1018.5
742.56,250.17
743.29,916.71
750.77,636.07
755.68,16.545
770.65,127.34
761.3,849.43
762.07,3.9545
764.74,559.07
763.93,1092.6
767.27,478.11
767.53,886.05
770.89,1186.2
770.41,953.41
774.71,821.95
776.88,31.428
775.4,49.357
780.49,207.9
788.01,582.35
779.5,749.5
782.83,800.83
782.05,866.32
782.68,997.26
784.25,268.55
785.95,936.84
786.5,103
786.07,429.59
787.43,1089.3
787.66,1218.5
788.57,387.05
795.5,812.5
799.91,306.67
801.07,760.61
800.5,1075.5
803.23,1165.8
806.9,162.31
808.03,649.45
808.38,1030.7
808.5,606
809.07,77.407
811.58,996.58
817.71,234.08
816,842
818.53,4.5625
820.2,663
820.63,902.71
822.79,1153
826.68,323.31
820.89,521.75
826.07,383.75
823,1074
826.91,288.08
828.54,502.92
830.11,1168.1
831.14,1054
833.12,529.5
834.3,756.92
839,406.5
842.6,518.89
845.09,988.88
845.94,1185.3
845.93,102.61
846.12,8.7907
845.09,1163.9
850.95,817.84
850.07,364.41
853.35,906.49
853.09,313.02
854.43,90.609
857.27,1241.7
857.44,522.59
857.91,571.09
863.77,752.86
860,1067.5
866.4,591.09
865.08,125.92
865.74,192.14
869,473.92
867.7,620.7
875.25,2.9322
875.49,222.14
876.27,789.65
878.57,1225.9
880.5,922
883,209.5
883.95,907.16
887.17,410.46
895.64,1102.9
888.17,1241.9
890.18,895.2
890.76,872.93
892.5,598.5
897.57,295.25
898.75,308.94
896.5,955.38
899.94,1151.1
900.68,456.04
904.66,380.53
907.05,114.57
907.59,702.52
907.96,336.69
911.98,922.79
913.45,130.5
919.38,587.95
925.62,1008.6
922.91,123.09
928.3,898.82
926.24,1095.6
931.37,330.45
930.09,1080.9
934.74,390.11
937.44,428.33
934.61,670.14
939.13,154.76
944.28,641.69
943.91,818
943,45.679
946.23,264.29
945.42,361.19
946.08,833.59
948.05,130.13
950.7,308.41
951.76,331.88
953.09,515.09
954.09,1000.8
959.72,253.54
956.89,648.53
958.89,712.39
958.39,951.29
962.13,3.1522
961.96,297.42
963.57,412.2
964.22,592.46
965.16,194.75
966.32,982.27
972.89,1105.7
977.75,405.12
975.16,1187.9
976.42,237.06
977.38,1173.2
983.61,274.12
982.95,138.53
985.22,84.926
986.7,666.22
987.43,1079.9
992.81,799.93
996.56,386.54
996.65,266.44
997.37,310.87
1000.6,358.77
1000.8,37.976
1000.2,593.24
1001.3,658.77
1006.9,190.14
1007.6,253.07
1006,849.17
1008.2,311.78
1011,994.61
1011.1,298.35
1009.5,1173.5
1015.7,691.97
1013.4,170.64
1013.6,606.86
1013,869.5
1023.7,539.09
1022.3,1075.9
1024.2,378.99
1020.8,645.68
1028,479.66
1029.5,664.57
1029.7,1124.2
1031.2,107.77
1040.6,1161.2
1039.2,885.08
1038,1042.3
1042.5,247.69
1040.3,97.654
1044.4,13.879
1042.8,1182.4
1044.7,355.63
1047.4,477.49
1045.1,395.59
1046.9,607.57
1053.1,795.77
1046.7,338
1048.6,689.82
1054.2,646.11
1050.5,189
1057,85.907
1056.5,172.83
1061.3,128.97
1063.8,1098.7
1065.5,101.5
1066.5,895.43
1068.5,452.68
1070.1,644.38
1071.5,1232.3
1071.9,329.29
1072.5,696.73
1071,402.86
1076.7,618.74
1074.5,1006
1074.4,1215.6
1081.1,792.97
1081.9,932.89
1083.7,184.78
1081.7,996
1084.2,426.16
1086.6,199.86
1090.8,151.18
1090.9,112.1
1092.3,581.47
1089.9,455.92
1092.5,60.831
1092.6,256.71
1102.1,851.83
1100.8,924.56
1098.5,285
1103.3,716.84
1102.1,154.41
1104.4,941.44
1112.1,21.087
1109.4,423.73
1115.5,110.1
1118.1,8.3889
1123.5,407.47
1121.6,529.53
1124.3,613.11
1126.5,373.45
1128.1,392.27
1131.7,337.07
1133.5,668.85
1133.5,759.37
1136.7,58.424
1136.9,739.77
1137,985.17
1141.8,303.34
1140.8,575.92
1141.4,507.61
1143.5,111.13
1142.7,410.23
1146.7,947.62
1154.6,1077.2
1152.7,155.07
1158.3,1041.5
1158.1,844.48
1158.8,717.34
1162.5,406.36
1162,934.15
1167.5,24.673
1166.3,600
1172.1,284.95
1172.7,418.06
1171.5,389.5
1172.9,1190.7
1172.8,260
1173.4,5.92
1177.6,809.47
1179,932.67
1178.7,68.037
1180.4,329.25
1178.6,1015
1182.2,949.3
1183.9,361.41
1187.6,409.87
1190.7,883.18
1188.7,775.64
1190,190.93
1193.3,744.27
1193.6,272.28
1191.9,956
1195.1,251.08
1207.6,23.192
1196.4,117.89
1199,152
1207.6,932.11
1209,542.32
1211.7,961.49
1212.8,58.855
1214.3,669.71
1214.2,92.364
1212.1,1239.6
1212.1,70.741
1212.4,265.63
1215.2,1166
1216.9,1219.9
1228,489.42
1222.5,820.1
1222.7,283.4
1222.7,146.74
1224.6,316.39
1229.4,722.31
1226.3,1010
1228,324
1231.5,340
1228.1,928.41
1232.3,61.915
1230.1,175.05
1233.1,26.407
1232.6,906.11
1233.9,1071.1
1237.6,618.77
1238.5,91.755
1240.1,260.58
1241.6,310.8
1242.7,1021.5
1245.1,740.08
1244,178.5
1245.7,951.5
1246.4,879.59
1247,1244.2
