2.8276,41.897
3.5,67.118
1.7368,372.42
2.3111,548.91
7.5253,616.85
5.7365,676.17
4.7019,854.13
2.8444,928.78
4.5119,1041.9
4.52,1153.6
8.8333,332.2
11.436,868.16
14.179,261.47
10.852,909.02
13.321,88.218
12.556,1063.1
12.815,646.26
14.081,987.46
16.802,71.079
19.311,958.56
19.468,127.38
14.333,463
17.742,886.08
19.613,163.34
20.062,473.24
22.293,820.26
25.809,39.594
25.917,762.13
27.99,1083.2
28.774,699.75
28.452,510.29
28.869,1117
30.843,327.53
32.169,880.16
30.024,955.66
31.447,977.12
35.471,1177.3
35.672,1139.4
37.61,215.86
35.836,403.09
36,138.5
37.5,574
40.624,1159.2
42.837,364.36
39.5,637.5
40.625,914.65
42.233,314.88
41.81,903.93
43.727,226.82
44.978,941.26
43.5,1224
45.452,565.29
46.5,24.5
50.164,35.806
48.85,1247
54.373,404.29
49.439,1108.4
52.115,865.65
55.149,856.45
56.5,816.5
61.974,217.17
60.143,964.23
70.181,1165.6
58.074,446.59
62.939,1243.5
63,542.33
67.326,801.05
66.178,286.4
66.208,1101.5
66.069,614.41
69.062,840.01
66.636,980.5
73.598,539.76
76.25,947.87
78.569,595.44
76.551,781.92
81.087,471.19
85.595,119.89
82.5,506
82.091,574.09
84,48.5
88.067,71.966
88.151,1090.9
89.203,830.61
89.893,211.64
87.955,295.09
89.639,172.08
91.174,713.15
98.157,29.066
95.712,924.26
94.071,847.93
96.753,520.01
95.735,960
97.99,1240.4
97.924,496.76
103.22,163.06
97.667,203.53
99.5,616.5
107.34,215.12
105.16,632.52
108.29,406.99
104.83,1131.9
108.16,195.47
108.38,547.29
112.69,1029
112.43,1156.3
118.01,9.2308
122.73,328.53
114,844.5
129.38,307.57
123.73,245.31
120.86,280.71
121.54,562.4
120.54,866.92
120.85,1133.1
122.03,219.93
123.31,654.69
123.65,887.31
121.43,1114.4
125.9,527.53
126.97,376.05
128.41,1210
128.9,203.81
128,956.83
127.93,995.07
136.46,513.89
133.93,1172
142.97,571.09
137.3,963.65
139,1037.9
137.76,604.95
143.55,907.77
138.23,535.58
139.37,130.47
147.55,5.5429
145.38,785.94
145.08,838.44
145.81,687.14
151.5,483.5
152.88,125.45
153.65,603.7
151.02,760.43
154.67,244.11
157.1,711.66
153.58,1012.9
162.57,1153.4
159.43,1026.6
162.44,782.12
161.81,899.37
163,263
163.66,457.2
166.66,642.11
167.08,433.55
169.86,1091.7
167.08,1226.6
170.03,1109.6
167.5,171
172.88,659.58
175.57,994.45
170.93,1241.6
179.41,767.51
179.25,1070.4
185.34,221.15
175.83,929.45
181.7,253.51
180.69,852.77
183.71,124.65
182.11,748.32
184,388.75
185.31,288.98
188.1,895.63
184,1159.5
192.69,92.606
186.97,1204.4
189.22,537.28
193.01,179.76
193.62,916.7
194.11,941.8
194.09,1060.2
194.5,249
201.25,749.09
197,17
202.38,44.448
203.5,72.991
205,821
206.62,132.35
203,1071
202.5,218
208.22,1123.7
211.34,98.982
211.87,1166.3
207.73,389.56
206.85,446.15
208.13,1209.9
216.76,949.02
211.95,416.93
211.55,557.42
213.19,624.94
212.07,530.41
215.38,991.63
212.95,7.9091
217.66,477.03
227.11,1183.9
217.13,125.16
218.95,1132.9
220.45,1004.4
225.33,1216.7
229.94,272.71
230.83,922.38
235.21,111.33
232.44,1084.6
233.89,17.677
234.82,602.54
239.79,191.46
241.12,872.68
245.41,59.349
245.64,240.36
246.11,338.37
245,372.32
245.6,1079.4
249.01,581.95
249.85,928.89
254.55,3.125
251.39,198.58
250.55,854.73
250,898.86
252.29,298.87
251.42,783.58
260.35,525.52
255.31,49.929
264.33,92.14
256.5,676.5
263.13,852.99
267.3,1210.3
261.07,25.906
260.98,148.88
260.19,184.25
260.94,960.47
262.44,205.03
263.4,637.11
262.57,1123.6
264.07,892.59
269.19,130.22
268.11,922.58
283.82,337.4
273.42,829.58
275.3,700.44
275.5,427.5
279.14,1010.5
280.62,686.38
280.33,1151.3
282.24,792.04
285.32,718.51
285.37,78.174
285.67,258.64
287.12,860.7
285.91,701.91
289.32,295.85
287.5,307.86
288.25,537
291.39,1038
290.27,748.35
290.38,906.78
291.39,1237.3
294.38,224.65
294.48,655.88
292.8,704.1
293.17,872.07
297.28,1134
296.06,14.183
295.25,326.75
295.25,437
298.49,804.43
298.93,719.17
299.74,630.31
304.55,556.77
305.36,916.52
301.9,535.16
306.41,129.64
304.84,245.41
307.19,1179.4
306.73,1209.9
304.67,1221
309.5,295.83
308.45,603.66
307.64,761.14
311.95,790.76
315.5,1053.3
313.93,351.56
314.74,594.7
313.93,994.93
315,855.68
320.76,1133.4
319.14,817.57
317.23,726.23
323.76,1040.4
324.22,904.55
324.63,559.27
323.06,688.91
326.93,332.51
330.55,83.272
328.42,585.09
329.17,799.45
340.49,1026.4
333.32,106
341.87,666.06
340.22,708.48
333.92,765.92
336.19,227.19
337.09,918.09
343.62,380.22
340.1,869.86
344.39,214.53
342.35,958.15
343.7,835.06
346.73,139.59
344.88,267
344.94,1236.1
347.93,476.25
349.74,978.38
349,369
352.86,928.26
364.23,12.886
352.89,648.42
358.19,842.71
354.5,399.5
357.77,779.72
359.88,1245.4
358.59,434.62
363.29,59.488
360,720.35
361.16,971.32
364.25,363.13
362.66,1217
363.63,155.6
363.93,236.95
365.32,273.81
366.89,887.47
365.72,864.91
367.26,827.4
367.31,122.45
369.11,260.45
369.07,1102.4
373.38,220.26
372.38,1065.7
373.57,1144.5
374.35,294.8
375.53,632.43
374.76,768.26
373.07,743.18
375.61,1046.2
380.13,1005
378.1,412.31
378.76,822.46
378.42,114.86
379.79,1245.8
388.56,53.101
386.94,784.8
385.26,1139.1
386.55,15.833
385,143
388.26,529.88
389.96,470.04
386,760.5
396.47,302.35
391.48,872.78
389.14,120.86
390.5,1015.5
395.11,425.77
393.44,898.08
396.62,1129.2
398.14,5.1111
396.88,756.35
399.35,833.32
404.81,809.19
402.92,1242.5
406.9,431.32
409.66,353.67
408.49,934.76
412.19,735.95
419.16,223.88
410.72,1102.8
411,907
411.98,1058.4
416.27,1128
414.07,377.41
414.09,1030.9
413.5,1071.5
417.07,458.07
418.7,821.88
421.53,41.303
420.93,631.9
429.56,776.13
423.5,309
434.42,591.86
426.08,504.08
427.56,854.21
429.69,12.846
434.39,128.89
432.04,210.43
437.21,730.96
443.13,1069.8
434.77,358.26
436.51,803.46
433.68,1164.9
436.51,870.92
440.89,313.79
437.83,157.48
439.15,72.553
444.03,847.02
439,932.17
440.97,957.94
442.6,778.74
441.54,1171.2
444.44,1023.7
443.45,23.576
444.11,646.41
447.41,332.79
452.05,1001.4
447.18,691.14
447.79,386
451.62,943.46
449.66,109.14
450.19,783.47
450.6,1093.3
451.47,1158.2
453.62,507.72
453.2,1204.6
456.73,173.04
456.2,357.55
457.27,210.12
457.61,748.72
457.5,872.5
459.9,417.38
459.02,1101.6
460.12,304.88
463.78,1222.6
462.35,539.65
463,149.5
465.08,473.71
463.37,1173.3
468.96,315.52
465.42,17.895
468.03,283.13
468.6,528.64
471.66,588.21
472.02,136.12
476.02,243.46
475.69,202.82
475.14,816.64
476.81,1062.6
477.42,511.75
483.48,1091.3
476.58,445.11
477.83,618
479.65,277.88
479.61,1002.1
484.32,178.8
488.52,599.52
489.06,224.74
489.29,73.5
489.81,546.31
491.46,298.81
493.27,123.88
491.93,1221.4
500.21,50.583
495.08,137.37
497.34,1162.9
496.6,816.64
498.08,992.56
504,204.51
502.22,306.96
503.8,536.7
509.51,752.64
507.71,80
509.36,342.08
506.08,662.44
508.57,851.52
507.06,902.43
513.11,255.12
518.2,127.55
519.28,63.538
514.59,403.89
515.71,622.48
514.46,912.91
516.08,986.81
527.24,215.09
522,890.5
521,1086.5
528.73,1061.5
528.84,663.41
530.8,1041.3
533.43,1192.6
527.56,427.07
532.19,602.36
529.93,1130.3
533.44,915.78
537.71,237.48
540,340.36
540.67,545.73
539.63,804.18
541,964.3
543.02,825.61
542.68,626.48
542.88,1211
543.5,276.87
546.06,1228.4
547.66,669.22
545.07,786.41
545.5,1092
551.51,751.95
551.42,591.24
552.9,863.52
552.81,1149.1
555.36,44.642
559.42,209.35
554,479
558.24,528.66
556.24,1064.6
562.93,1123.3
564.45,141.7
559.88,481.55
559.09,600.91
563.02,554.05
562.68,769.94
563.68,951.22
566.03,6.5116
564.88,823.65
566.93,844.59
570.58,379.55
575.85,450.72
581.34,1150.5
574.64,152.13
588.91,352.35
576.84,933.32
579.62,477.08
586.55,885.27
580.74,793
582.44,71.222
585.61,38.986
587.04,1239
586.09,1128.1
593.15,64.724
591.78,757.82
592.77,1044.5
593.24,605.63
600.48,642.96
597.31,1098.1
595.92,1206.6
600.1,255.88
598,966.5
602.38,1135.2
598.31,1148.9
602.57,671.54
602.35,498.71
603.54,52.2
604.39,186.79
604.46,1080.1
610.89,22.71
607.14,722.08
606.71,1117.5
605.5,37.5
610.81,137.9
614.67,410.83
610.33,275
613.42,929.58
616,1130
621.55,524.17
622.17,861.44
620.15,374.47
621.2,1064.4
625.36,1082.2
622.5,1174.5
628.73,1028.7
636.87,875.86
631.34,100.24
629.11,665.42
629.17,686.13
629,732.17
631.5,125.5
629.42,785.89
631.92,60.2
631.5,653
634.59,271.39
635.42,584.11
638.79,927.76
637.54,1118
640.7,135.8
640.16,1246.2
641,310.96
640,407
644.03,748.95
646.52,1184
642.5,301.5
643.61,329.39
650.08,845.42
644.4,402.4
647.36,77.333
646.1,474
646.05,561.5
648.76,440.67
647.58,686.89
649.33,1001
649.91,536.09
655.78,207.94
652.58,772.55
651.93,1012.4
653.5,866.87
655.42,244.8
668.06,560.78
658.44,325.98
658.87,536.2
660.66,179.48
662.16,672.64
659.22,637.64
662.52,502.43
659.91,797.95
660.74,987.37
662.86,876.63
667.25,907.95
668.16,222.59
663.39,1009.4
666.59,243.76
669.03,829.74
669.82,429.11
669.12,621.05
669.91,265.9
668.5,889.5
673.83,1008.1
676.91,89.506
673.35,479.15
682.62,508.27
676.17,67.754
675.32,661.56
676,288.5
676.94,449.18
676.88,535.44
676.42,1108.1
681.8,346.03
686.32,821.71
679.5,838
682.7,789.42
685.67,927.99
688.02,595.31
685.89,842.68
688.92,16.367
691.59,762.93
694.33,558.88
694.92,945.08
697.15,188.54
695.68,347.36
693.98,440.31
693,326
695.16,749.13
695.8,1004.8
696.7,1048.4
698.44,230.11
699.54,61.058
697.12,378.67
694.93,546.59
695.62,629.22
697.42,105.89
698.71,475.71
703.85,582.23
703.75,417.45
703.77,1216.9
709.09,216.38
707.21,504.19
704.9,627.54
709.81,1099.4
716.2,129.93
711.72,244.18
708.37,1240.3
710.36,823.43
708.47,521.21
711.66,1123
708.67,688
718.78,151.34
713.46,931.37
713.97,761.4
711.58,851.89
717.39,492.27
718.74,420.63
718.69,585.33
718.8,1049.3
724.33,771.04
725.01,728.54
723.98,606.11
723,457.5
725.78,101.13
727.91,509.6
727.92,802.55
729.29,112.22
730.16,197.93
728.09,1078.9
733.29,867.83
736.04,421.54
731.86,1045.5
735,228
743.39,1165.9
740.39,575.39
739,655.35
739.38,1097.8
740.09,551.91
742.09,1229.1
750.7,258.77
745.21,438.72
748.17,814.83
746.38,70.517
745,241.5
748.25,945.41
750.07,201.79
746.58,140.89
749.65,377.14
755.33,451.96
754.7,1078.5
760.02,1225.5
752.75,275.25
754.77,856.19
756.67,901.29
759.89,1153
770.04,376.37
767.49,687.2
766.36,856.85
772.12,168.92
767.29,354.71
768.08,416.92
774.76,950.69
778.11,536.42
776.93,592.59
779.16,1180.6
779.17,623
783.15,1103.3
782.29,826.25
782.88,1017.1
782.07,3.6905
783.61,176.94
782.89,763.58
785.59,288.07
785.18,908.76
787.01,1213.7
793.45,307.45
789.54,395.85
791.5,943.5
796.29,335.95
793.91,808.12
795.88,911.2
794.5,82.5
797.32,777.98
799.34,1098.7
798.5,1205.3
797.9,415.9
804.48,650.85
802.98,182
800.5,756
804.59,898.55
804.9,579.1
804.52,821.37
806.83,1227.5
804.5,466
811.01,1155.2
809.08,304.42
809.95,361.63
809.09,97.309
811,505
812.25,415.36
817.43,965.22
814.03,115.09
816.21,912.22
813.11,721.42
813.86,1130.9
816,1053
817.86,1229.7
821.38,593.11
822.93,817.05
820.5,1012.7
821.35,1211
823.13,509.73
824.04,696.43
823.75,658
825.75,678.56
827.23,1109.1
826.23,771.98
826.25,899.09
828.64,1171.1
827.85,1245.3
830.02,419.41
830.86,349.61
831.11,1140.4
836.35,499.61
837.18,1016.3
836,1064.7
836.47,1239.2
840.07,372.38
838.22,1095.5
838,621
839.81,806.07
844.78,151.73
845.81,1162.6
848.07,1227.6
843,625
846.1,708.15
849.45,443.26
848.28,191.09
848,894.5
848.54,1029.2
851.09,1099.8
851.19,995.07
852.42,68.452
854.73,967.81
861.97,1079.6
856.22,1179.1
857.49,579.43
858.59,1007.8
858.1,508.35
861.67,780.81
856.5,1152
858.88,670.87
861.6,147.61
860,760
864.79,1209.9
865.97,887.45
867.1,549.7
865.63,814.97
867.39,71.158
871.79,175.89
870.02,751.57
870.59,159.93
871.31,229.92
875.08,1161
881.57,520.03
878.98,419.57
880.02,878.23
881.31,1027.6
884.07,685.15
884.05,763.52
882,856.82
883.5,846
891.08,1006.1
888.34,1089.6
885.97,1222.9
893.42,1204.4
891.06,417.68
893.67,132.33
894.96,822.67
895.89,201.67
893.5,941.91
894.78,1244.8
898.54,385.46
899.04,634.54
906.61,655.46
901.23,1181.4
901.67,350.05
902.09,1047.6
902.43,278.36
905.07,850.84
906.58,915.22
901.5,954
906.33,989.82
907.81,823.93
912.89,612.06
912.9,281.88
913.65,1103.7
922.84,1041.4
919.43,950.79
918.5,1206.5
918.5,1055.5
919.17,1233.9
923.38,102.62
921.46,174.93
922.94,508.84
924.81,822.02
922.5,1113.5
928.43,393.56
928.21,201.5
929.42,1244.8
931.39,1060.7
942.34,1184.4
933.23,146.77
933.5,975
936.62,224.38
935.54,523.91
938.32,764.08
937.97,805.19
940.82,1017.3
941.96,1231.5
945.4,125.12
944.64,402
943.5,448.5
950.98,646.81
948.71,913.53
945.58,1066.9
950.3,311.47
955.14,101.48
952.82,172.28
952.29,688.18
952.03,531.19
949.86,756.61
950.36,561.56
953.04,140.83
952.84,506.66
952.07,618.41
952.67,206.83
954.94,711.45
965.01,473.68
962.22,448.98
962.16,152.1
962.15,1210.2
967.62,1172.2
967.77,1241.2
968.14,226.45
966.56,344.02
965.08,386.92
967.36,640.06
965.11,709.42
968.07,527.61
968.61,658.61
970.74,920.94
974.18,113.54
969.16,733.32
972.91,156.09
975.94,168.41
976.34,417.15
976.88,905.35
982.72,455.84
979.99,714.94
984.06,830.71
982.47,40.853
982.5,375.5
983,794
987.92,127.59
983.08,236.4
989.78,430.84
985.37,1061.6
989.46,1175.2
987.43,962.57
991.22,936.79
988.36,1217.3
995.09,363.91
990.42,1002.6
998.41,711.5
993.54,203.85
995.97,276.93
996.65,734.44
1001.1,1019.2
1005.8,666.07
1002.1,795.07
1002.4,618.93
1004.4,9.0545
1006.6,759.78
1005.5,999.06
1010.2,328.26
1008.5,577.28
1007.1,609.84
1008,958.32
1017.8,864.02
1014.4,1185.4
1010.4,806.11
1015.2,910.85
1014.6,1030
1012.9,387.59
1014.7,776.27
1013.4,989.37
1014.5,1057.6
1017.2,1230.8
1019,58.074
1019.7,6.8899
1019.1,739.08
1024.2,999.59
1021.5,622
1025.4,677.89
1027.7,1080.6
1029.4,356.27
1034.6,585.32
1031.5,639.43
1031.2,927.9
1032.9,755.1
1034.9,788.48
1037.6,970.78
1032.8,1139.6
1033.5,623.31
1036.3,41
1037.6,1035.7
1035.4,1165.5
1037.6,331.42
1038.3,825
1045.7,875.99
1045.7,611.03
1045,638.27
1045.7,810.19
1047,64.066
1046,757.5
1046.6,1179.7
1048.1,701.14
1051.1,449.62
1055.6,281.65
1052.8,1161
1062.4,653.23
1053.6,130.39
1056,979.77
1056.6,52.891
1057.5,795
1057.6,895.93
1058.8,737
1070.9,1097.5
1058.9,1025.1
1059,1133.5
1062.9,1121.3
1061.9,233.07
1060.4,1192.9
1061,942.5
1064,383.07
1071.1,428.48
1066.9,753.08
1067.3,32.531
1069,250.93
1071.1,67.938
1069.2,626
1073.9,874.57
1071.6,792.11
1071.4,117.93
1072.2,372.57
1075.4,812.69
1080.1,214.94
1078.3,461.36
1073.5,1177.5
1076.1,24.935
1075.6,709.94
1079.2,1080.8
1081.1,726.56
1081.2,1155.9
1083.5,764.6
1082.9,528.36
1082.5,885
1084,1236.4
1105.9,548.62
1087.9,614.95
1089.2,740.57
1086.7,1167.7
1134.4,141.54
1088.7,958
1095,421.84
1096.2,1108.6
1095.4,1050.7
1098.7,887.85
1100.7,404.72
1101.9,101.5
1100,868.5
1103.7,1173.8
1101.6,377.07
1104,264.27
1103.6,452.54
1109.7,236.69
1109.2,349.45
1105.5,517.91
1110.6,582.33
1109.7,755.55
1109.5,773
1109.9,610.5
1112.5,740.05
1113.2,96.745
1114,366.89
1117.8,324
1114.9,30.094
1116.4,434.05
1119.2,854.18
1124.5,281.18
1124.8,803.54
1125.5,1169.3
1121.6,1239.9
1125.5,398.5
1122.4,509.11
1127.1,1108.8
1126.5,1043
1129,237.68
1131.6,747.58
1129.6,965.44
1128.4,28.895
1132.8,431.81
1135.4,490.23
1132.8,1067.1
1132.5,357.57
1137.5,936.67
1134.6,296.56
1135.5,274
1137,808.67
1141,977.05
1138.5,446.51
1138.8,1131.2
1138.1,652.59
1142.3,1167
1141.5,523.44
1140.1,831.91
1142.2,1007.1
1156.4,8.9713
1145.3,179.6
1150.1,703.19
1159.1,895.69
1153,333.5
1155.1,191.92
1154,456
1159.5,433.16
1159.6,1158.1
1159.5,835.5
1163.1,154.25
1162.1,805.85
1163.2,1121.5
1165.5,221.21
1162,955.5
1164.5,1069.8
1163.7,199
1164.4,169.89
1169.7,969.96
1170.9,514.1
1175.5,780.36
1171,64.267
1172.1,1197.4
1175.5,956.68
1174.7,1230.1
1178.3,1006.5
1179.4,402.03
1178.4,698.08
1179.7,1113.3
1182.4,754.63
1186.3,887.99
1183.5,527.5
1187.2,606.37
1193.4,1091.1
1192.9,1241.5
1190.1,77.7
1190.4,139.5
1191.8,487.65
1188.4,516.11
1189.6,1184.9
1192.2,24.493
1195.6,102.26
1211.7,755.5
1204.9,1019.3
1203.7,439.62
1206,88
1207.1,487.2
1205.2,1238.8
1206,188
1210.4,335.77
1210.4,1160.5
1214.3,367.25
1213.8,1107.4
1217.2,897.62
1216.2,1231.1
1221.5,131.38
1218,397.27
1217.7,559.89
1219.1,295.87
1219.4,55.5
1221.3,536.04
1224.7,358.24
1225.1,444.41
1236.4,314.93
1229.9,1087.8
1231.8,640.56
1228.9,4.0909
1229.4,114.86
1234.9,22.062
1234.3,543.78
1237.9,467.49
1236.4,1006.4
1238.6,433.52
1238.9,5.5789
1245.2,352.43
1245.7,952.75
1246.1,189.07
1246.2,503.88
1247.2,156.11
1247.1,839.26
