3.2593,2.8148
3.8272,70.543
15.428,115.21
2.4444,252.56
2.8148,453.5
29.276,551.35
6.4074,1159.1
8.9701,366.03
6.5,392
6.6364,1181.5
8.5,405
13.614,808.83
12.468,145.79
10.349,170.56
10.115,502.35
14.405,514.96
14.256,1145
20.184,224.19
19.275,912.27
21.877,980.74
21.529,1063.9
25.043,962.03
24.588,840.31
30.913,387.47
26.5,406.5
28.5,1226.5
32.317,704.51
36.359,808.02
31.098,998.04
31.057,506.06
32.105,448.42
33.8,719.56
41.896,401.83
41.765,1145.5
40.5,482.5
44.296,53.857
39.971,107.15
41.463,313.57
45.844,753.28
42.836,502.47
44.769,1031.5
45.871,879.84
47.906,472.89
48.061,1224.6
50,347.5
52.182,1184
52.324,26.946
55,85
54.728,200.6
55.543,331.31
62.766,1084.5
54.286,248.57
54.5,580.5
59.132,262.71
67.247,280.53
57.886,360.32
58.2,1015.4
61.804,127.25
62.149,545.23
61.738,557.4
63.831,154.08
68.703,672.83
65.949,354.23
70.456,885.74
68.877,633.42
70.962,731.01
78.473,407.1
74.464,649.47
72.138,489.43
71.57,1150.1
71.75,696.83
76.015,317.15
80.316,780.28
77.125,925.39
78.064,1121.3
80.731,249.21
80.353,466.09
82.169,946.82
85.738,537.32
85.5,993
87,900
90.708,363.15
88.5,675.5
90.452,647.29
94.408,1034.8
91.395,574.13
97.722,195.61
98.614,163.35
103.57,1176
96.405,330.64
97.625,148.34
100.76,611.6
99.095,1059.8
102.44,47.966
101.44,428.08
104.69,715.82
103.29,97.29
104.04,394.43
105.1,448.37
105.68,1081.3
106.55,895.82
106.69,532.09
109.36,306.58
109.25,850.78
109.06,1047
115.5,223
116.83,403
119.5,67
120.09,682.91
121.4,844.03
123.78,1031.9
125.75,1045.2
125.61,952.39
128.75,463.18
125.46,526.8
135.73,350.92
134.22,627.57
133.04,443.78
136.01,750.53
134.73,534.35
140.67,1177.8
142.95,314.59
143.92,839.91
144.54,667.58
146.32,1145.6
147.18,867.59
146.5,272.5
149.6,479.89
153.23,8.6759
148.5,695.5
150.41,50.069
159.09,777.1
159.48,406.86
159.49,838.81
158.1,902.62
161.35,923.79
160.53,939.61
160.88,47.884
162.33,65.327
169.29,489.62
162.22,800.44
163.47,821.77
164.57,192.09
164.43,1154.9
166.94,1224.1
171.17,648.26
171.12,885.52
172.71,283.78
172.75,991.83
182.39,113.1
179.78,202.08
181.58,576.6
176.29,817.42
178.88,441.58
181.7,1205.5
186.86,1076.3
184,1161.3
191.04,321.39
187,475.41
189.92,290.84
188.44,368.08
192.22,587.24
193.69,204.08
196.53,1173.1
196.86,606.17
198.16,1107.5
197.96,453.36
198.61,769.56
198.78,523.46
202.71,357.07
206.61,713.19
202.79,1206.2
205.35,1126.5
202.55,337.58
202.65,585.42
207.02,81.443
207.6,236.55
213.77,461.75
212.33,778.52
212.88,290.73
216.84,48.524
216.49,897.88
223.76,254.63
218.31,732.66
219.24,554.91
222.21,503
221.07,1168.4
223.82,764.49
223.83,574
224.79,804.79
225,859.5
228.54,152.39
225.5,1077.5
226.5,408.5
229.47,967.73
230,951.5
234.03,573.88
237.66,595.74
234.88,30.649
240.27,381.42
245.68,229.83
242,531.58
240.85,933.87
242.05,272.64
243.24,137.28
249.68,817.16
243.97,805.63
244.93,760.07
245,28.5
251.68,741.86
250,782
255.91,886.9
250.75,906.83
252.8,1011
252.84,421.86
254.42,942.19
260.58,485.55
260.03,545.1
260.07,1103.4
262.39,1005.2
260.88,1140.3
263.71,154.47
268.58,1088.5
264.42,1127.9
269.82,129.48
269.39,579.97
271.94,414.68
273.23,848.61
273.6,497.64
277.21,880.75
275.03,1036.1
284.1,4.931
277.05,802.2
280.66,444.38
278.43,1174.6
285.46,1105.3
286.04,819.69
286.79,71.676
290.03,754.37
295.61,740.73
298.69,158.67
296.52,554.34
302.42,359.48
301.06,76.521
301.27,1183
303.31,597.89
304.07,640.6
302.67,922
306.54,841.04
306.45,425.94
306.75,755.81
308.14,492
312.72,1163.3
312.45,511.93
314.62,442.97
321.59,15.447
315.9,77.62
315,412
323.11,1119.9
320.33,900.29
322.13,750.7
323,1102
330.95,729.12
322.73,1226.9
325.61,83.449
325.83,404.21
325.37,447.96
328.07,541.84
328.94,300.47
328.69,322.93
329.48,363.84
331.54,787.31
331.44,391.92
339.84,598.15
340.37,1040.7
338.32,1098.3
345.72,672.15
344.48,398.35
344.02,266.21
342.58,163.11
352.02,754.61
349.07,350.2
344.32,384.44
346.03,1231.7
347.57,1054.6
347.8,37.283
348.18,980.79
349.4,1104.9
348.93,210.95
358.72,233.56
349.46,470.15
360.39,813.86
360.15,437.4
354.26,1083.2
354.58,1181.9
357.38,1113.9
364.17,321.26
360,165
362.32,1199.1
370.39,917.91
365.32,1099.4
366.47,1013.4
368.92,380.53
370.78,1084
373.92,599.58
373.18,414.94
372.53,1021.5
375.98,191.92
377.4,1235.7
381.07,270.02
378.17,567.91
378.66,289.68
379.08,533.5
379.55,214.71
384.36,122.35
383.12,342.98
383.5,52.5
382.33,437.17
383.4,367.6
386.53,1118
387.48,702.48
387.76,502.98
385.88,541.5
386.75,1031.8
391.27,103.77
388,388.92
390.12,554.88
392.31,1003.3
393.98,844.1
394.04,957.91
393.85,70.766
394.98,1174.1
395.15,689.46
396.5,578
397.43,941.18
401.29,880.16
405.49,718.04
403.07,1185.1
404.56,696.37
406.23,318.8
404.33,452
405.91,1233
410.99,507.84
411.98,860.97
418.36,898.29
408.5,936
411,225
416.26,989.43
412.93,797.41
414.7,1036.4
413.26,837.93
417.5,265.44
414.66,943.32
415.56,753.56
420.29,778.87
416.81,980.31
417.83,62
422.01,1003.9
422.63,1020.5
421.23,578.91
425.89,1079.8
426.96,960.93
424.67,305.29
426.96,386.23
439,113.62
425.77,595.94
428.92,843.66
429.57,946.4
428.5,346.5
429.26,696.26
430.65,712.06
434.14,823
431.91,1181.1
433.5,441.88
432.83,623
436.98,805.8
434.09,932.43
434.93,59.222
440.99,541.68
442.87,1107.7
447.58,317.68
449.12,43.892
446.58,144.11
448.76,408.04
449.5,749.87
458.81,359.1
452.88,460
457.56,1107.2
459.88,281.77
462.65,98.07
461.3,312.17
466.06,543.88
476.65,1200.6
472.41,1070.9
472.57,688.53
476.98,228.12
474.35,352.35
476.98,839.84
475.97,165.13
478.53,1133.7
480.59,763.87
484.11,369.36
489.24,885.77
490.62,113.77
485.92,606.08
492.15,958.12
486.58,871.89
488.08,179.56
497.83,264.79
491.38,519.62
493.37,325.52
494.43,239.7
494.61,218.14
495.93,1236.6
498.58,146.62
498.15,430.93
497.71,1204.7
503.76,189.88
502.84,799.03
502.53,45.721
501.91,208.91
504.08,878.8
507.22,1133.8
509.54,352.4
510.59,899.88
506.07,942.59
509.14,490.81
508.65,627.12
512.08,679.67
510.15,231.8
512.35,822.64
514.62,1013.5
517.58,719.51
519.73,391.69
518.95,89.321
518.21,844.67
519,328.83
525.77,140.56
527.6,583.21
525.39,546.52
530.15,75.536
535.18,194.98
526.78,959.54
528.49,1043.7
527.12,1057.7
531.84,32.508
535.54,10.128
535.73,979.94
533.22,1112.9
542.84,291.75
538.88,402.88
542.3,682.51
542.2,1157.2
551.81,852.43
546.09,959.36
548.38,446.95
546.05,1014.1
546.46,423.35
552.42,515.52
552.78,601.35
551.41,644.45
549.42,798.11
555.62,1109.5
554,810
559.16,672.48
563.76,773.02
561.13,795.87
564.35,1197.4
562.23,249.23
569.42,263.68
569.89,864.62
571.73,18.678
572.8,74.8
573.59,599
574.5,406.5
574.29,1090.7
581.08,87.644
578.33,728
580.09,765.22
580.56,895.62
585.54,224.14
579.6,554.4
581.37,298.37
582.32,148.95
583.78,708.47
583.67,927.76
585.18,595.11
585,563.5
588.63,367.11
587,1011
586.42,1220.1
592.07,948.56
593.65,398.27
595.42,1182.1
601.88,1169.6
604.4,255.1
607.99,136.47
605.45,1060.5
602.32,667
613.1,18.207
614.14,53.32
608.39,489.03
616.06,721.81
618.56,1073.7
617.53,159.93
619.04,654.03
617.45,637.41
621.09,482.75
624.97,508.8
621.43,855.31
621.68,261.71
624.17,370.55
625.38,909.88
628.16,793.9
628.5,1121
636.78,1165.6
646.86,1223.4
638.58,347.68
642.53,726.12
641.04,105.61
640.4,876.44
639.58,841.89
644.57,609.65
645.5,565
645.95,483.92
645,1240.1
650.39,330.23
648.16,1037.5
647.35,529.02
651.11,116.5
648,842
662.7,146.96
653.16,290.63
652.07,878.41
653.44,990.92
652.9,1127
653.5,859.5
657.43,904.29
656.22,1005.4
655.5,370
655.56,583.54
655.78,941.58
656.94,623.45
656.14,1159.1
657.87,662.13
658.71,776.15
660.72,1185.9
659.42,441.11
663.58,881.91
662.14,313.5
663.55,479.24
664.87,242.39
663,1220
668.5,466
668.14,648.5
668.41,970.07
670.26,734.87
674.01,706.94
674.34,830.96
676.02,1181.4
679.46,1244.6
684.79,253.63
687.5,121
688.64,390.41
688.33,813.33
692.2,1159.3
691.52,176.6
691.03,658.36
691.71,413.45
692.67,457.33
692.62,767.18
693.63,1093.8
696.5,820.33
695.45,563.58
700.15,1032.9
707.02,331.42
696,673
698,421.5
702.02,549.5
702.29,901.87
703.35,995.61
706.76,167.43
710.44,371.29
705.42,1088.4
707.86,252.51
710.45,109.12
710.21,463.7
709.72,750.11
712.19,807.66
713.82,698.98
712.17,436
714.31,285.79
716.74,617.48
713.07,865.59
712.93,1002
715,303.5
724.59,970.28
719.08,101.08
724.48,1053.7
724.66,21.225
726.71,262.75
727.4,1032.7
729.84,563.14
736.43,458.98
734.43,335.26
732.91,527.66
731.65,1160.8
733.58,370.37
738.2,664.23
733.49,1148.6
733,686.5
734.6,116.98
736,384.68
734.39,922.14
738.67,253.87
737.68,608.78
739.74,127.77
739.33,1230.6
738.5,896.5
740.45,999.45
742,801.75
743,93.5
749.1,885.49
753.26,697.47
759.99,826.51
748.14,965.5
749.42,1056.9
752.17,444.2
753.91,1240.7
754.58,26.576
757.8,944.99
760.41,676.03
755,758
760.14,575.4
757.93,116.41
758.19,469.74
760.45,798.02
771.13,1040.4
760.93,534.35
768.54,317.14
760,882
766.55,862.57
771.18,1209.4
765.24,56.742
767.15,759.84
766.27,159.28
774.22,200.97
770.55,76.06
768.68,115.05
770.09,391.09
771.95,646.05
774.92,272.33
772.85,604.54
777.88,235.69
775.5,1016
779.15,370.57
776.53,816.24
777.28,286.81
777.77,636.21
787.1,748.06
794.12,8.655
786.55,85.455
787.36,130.42
786.09,401.91
791.35,487.62
791.62,1113.5
791.29,1158.6
790.73,76.346
791.69,301.93
793.65,94.912
800.21,955.26
796.27,287.82
795.56,631.78
799.51,418.16
801.3,683.29
802.41,229.87
804.15,265.85
801.09,812.09
801.07,895.41
804.87,1237.3
805.11,306.55
816.98,1001.8
803.58,824.42
803.19,908.74
806.81,98.378
805.61,493.14
807.12,634.73
808.5,745.5
807.35,1191.1
817.06,522.44
810.66,16.734
812.78,244.57
814.06,42.909
812.03,189.57
815.2,769.67
814.09,31.091
814.35,166.5
817.97,362.97
818.14,1091.1
817.89,822.58
820.13,643.02
820.57,131.09
825.13,1131.7
826.16,766.31
831.07,588.01
833.52,312.79
827.4,815.24
830.37,234.11
828.15,416.65
828,1058.5
831.43,1202.2
835.23,343.93
834.1,86.014
834.09,269.94
834.39,1182.5
837.05,898.78
834.94,511.91
839.01,258.09
844.57,881.1
840.95,813.26
843.99,946.92
843.51,540.28
854,416.07
848.02,334.81
850.49,759.39
850.3,98.13
854.1,10.259
861.06,669.89
854,460
866.3,721.54
858.88,1243.3
866.49,373.84
859.29,856
865.5,1078.5
861.57,304.57
863.13,793.74
863.95,402.08
867.88,273.81
868.8,504.77
868.11,232.63
868.82,1050.8
872.25,871.69
871.78,155.12
883.11,393.66
874.1,684.92
872.15,1103.8
876.67,221.4
876.41,587.95
875.77,185.37
892.57,817.69
875.8,435.22
879,365.91
882.96,348.02
882.93,653.95
883.09,694.94
886.93,37.881
885,146.5
885,1048.9
887.74,208.17
890.33,1103.3
896.25,194.41
891.51,232.42
892.23,100.47
895.17,626.26
906.81,990.12
900.02,80.824
896.79,111.71
895.94,476.1
897.72,1160.3
899.71,785.36
899.5,309.13
900.1,589.75
900.44,804.84
902.51,9.3333
901.45,182.29
903.79,401.18
909.93,429.34
902.37,464.24
905.6,48.989
908.57,264.57
907.21,617.66
911.79,1203.5
913.71,685.17
913.86,86.628
916.58,413.03
915.61,748.15
915.53,914.45
917.37,312.08
927.97,371.51
916.46,468.35
918.43,3.6531
918.46,491.59
922.15,665.52
926.89,351.64
919.43,523.61
923.69,814.9
928.24,1016.9
927.42,708.11
940.52,48.266
929.91,245.57
932.06,585.08
937.25,1046.2
945.53,504.92
937.19,430.27
949.7,127.48
946.41,544.91
941.63,940.65
940.91,82.018
940.74,1025
941,806.5
942.39,439.14
946.17,750.12
943.21,1235.1
945.64,192.03
945.49,470.33
945.5,881
946.92,256.44
949.61,916.3
950.06,5.7037
949.07,970.41
951.16,314.57
951.5,95
953.59,450.75
959.23,401.31
957.28,461.33
961.16,1234.6
957.21,1246.7
959.5,231
960,924.5
960.07,980.59
962.47,53.279
978.06,211.76
974.84,91.412
966.66,163.47
972.19,462.56
972.73,964.6
973.47,770.68
972.98,139.56
971.38,525.97
977.88,189.64
974.4,1061.6
977.94,502.26
978.36,565.66
992.93,11.199
980.61,718.14
980.11,1172.4
983.22,811.25
991.48,1098.5
983.54,1120.8
988.23,148.73
986.63,579.63
985.74,690
987.57,794.57
992.11,635.86
992.2,498.93
996.55,685.82
994,1062.5
1001.2,742.09
1001.8,160.94
998.5,252.5
1003.4,186.04
999.67,1045.2
1006.9,333.34
1007.3,448.69
1019.8,890.43
1006.6,484.09
1013.8,601.76
1008.9,379.08
1008.1,41.5
1015.3,789
1012.2,1179
1012.4,1053.6
1016.9,174.32
1017.6,517.42
1018.9,50.556
1027.1,638.16
1020.7,211.71
1024,150.89
1022.4,1222.2
1023.8,935.67
1024.6,366.57
1031.6,576.71
1024.4,715.07
1026.6,1100.5
1030.2,194.31
1028.8,525.54
1030.9,999.64
1032,310.45
1031.1,390.92
1033.4,177.28
1045.2,888.14
1041.7,796.94
1041.6,1150
1046.2,200.03
1043.6,850.93
1044.9,151
1047.6,821.06
1050.6,1000.1
1059.5,620.41
1054,526.24
1056.4,325.4
1055.6,1046.1
1061.7,55.077
1058.8,475
1060.1,254.09
1063.2,1109.6
1069.8,133.6
1062.8,994.05
1064.9,270.15
1070,384.36
1067.5,3.68
1069.9,414.18
1066.6,524.19
1066.8,90.462
1077.8,1075.3
1071.7,1211.4
1078.7,36.53
1076.5,505.55
1075.3,819.09
1076.2,175.25
1074.7,450.58
1075.9,567.94
1080.7,1176.2
1080.8,989.94
1079.4,921.11
1083.5,9.7159
1080.4,382.11
1080.8,649.56
1082.4,231.86
1087.5,216.05
1085.7,682.97
1085,585.5
1086.6,437.14
1088.2,80.44
1090.1,147.6
1089.4,476.73
1097.5,174.51
1091.2,315.5
1090.5,272.5
1099.7,702.15
1098.5,1064.9
1101.6,669.78
1101,358.5
1100.9,1040.4
1105.9,334.69
1116.4,416.66
1109.2,783.17
1111.7,44.16
1111.1,813.04
1113.4,1057.5
1112.9,1113
1121.1,88.138
1119,669.25
1122.6,243.41
1117.4,756.81
1118.8,485.59
1119.5,741.37
1120.4,511.62
1123.4,73.2
1125.9,629.75
1122.4,1149
1125.8,567.63
1129.6,876.54
1126.6,110.92
1127.3,499
1131.7,279.25
1132.9,382.49
1129.7,1087.3
1131.6,299
1132.7,334.48
1135.3,806.54
1131,925
1132.6,768.92
1136.3,134.07
1136.1,262.99
1135.5,1136.4
1135,981.5
1136.9,214.59
1140.6,649.11
1140.1,1111.9
1140.9,1152.5
1146.9,363.29
1148.2,1165
1146.9,1098.4
1155.8,429.53
1150.7,179.44
1150,302.68
1157.8,811.25
1153.1,112.7
1154.4,519.67
1167.4,136.8
1154.1,289.09
1156.9,647
1161.1,336.16
1156.6,1095.4
1161.5,492.93
1163.4,173.47
1161.9,23.969
1164.1,402.94
1164.4,435.07
1168.6,1164.8
1172.9,741.8
1167.9,2.7
1168.5,545.27
1167.5,517.5
1177,950.07
1178.2,498.46
1172.4,1134.4
1172.2,896.18
1176.4,1004.1
1177.3,518.71
1182.1,93.929
1178.6,797.22
1182.2,1158.8
1182.4,6.4528
1181.9,239.59
1183.4,935.63
1187.5,161.98
1190.5,870.52
1184.5,441.5
1186.9,911.93
1188.5,662.68
1191.7,286.53
1192,1209.9
1193.2,1236.2
1191,579.32
1192.3,1224.3
1198.7,627.6
1199.3,923.55
1198.1,99.77
1197.1,330.92
1196,1009.5
1195.4,1089.6
1199.9,1121.6
1205.5,28.829
1200.5,966.44
1202.6,477.07
1201.4,548.13
1200.5,613.74
1204.1,308.66
1205.4,1197
1214,87.57
1207.3,342.21
1206.9,1024.9
1212.1,704.85
1208.7,1055.2
1210.2,139.38
1211.3,647.26
1214,111.75
1214.8,886.25
1211.8,1104
1215,1191.5
1215.6,6.125
1218.2,360.25
1218.6,800.49
1217.5,133
1220.5,941.41
1220.4,162.41
1225,190.42
1223.1,517.35
1224.2,456.51
1223.5,1140.2
1228,9.5055
1228.4,687.61
1229.1,1176.6
1229.3,438.43
1236.1,372.03
1228.1,789.45
1227.9,1006.1
1233.2,20.538
1237,407.99
1236.1,602.66
1237.8,1075.5
1240.5,445.53
1242.6,1007.8
1243.8,58.304
1241.6,2.9259
1240.6,1111.4
1243.4,91.132
1244,315.5
1245.3,226.32
1244.5,1029
1245.5,540.58
1246.3,485.89
1247.2,433.2
