4.4528,616.36
3.8118,658.87
3.3864,1162.5
5.8718,245.87
17.878,884.87
19.68,551.21
21.74,1212.3
20,140.14
23.899,450.83
27.848,1008.9
29.628,1142.4
30.708,1027.8
28,1156.2
35.032,814.52
34.884,352.25
31.452,386.42
31.5,958
36.417,722.39
33.091,1101.1
37.287,750.13
41.885,589.92
40.79,652.85
36.091,675.09
43.986,561.54
41.588,1066.4
43.945,481.52
44.353,78.5
46.478,609.37
69.762,644.07
47.613,765.02
50.193,143.66
68.029,1005.7
49.957,673.25
52.687,1239.1
53.467,469.33
64.41,851.98
54,1206.4
53,454.5
55,662
60.364,200.5
63.457,839.04
73.113,1212
75.763,283.68
74.538,399.57
77.198,455.59
74.5,1069.5
78.036,122.65
81.091,212.91
85.307,247.99
84.636,735.91
84.074,1108.6
98.59,1203.1
92.032,1245.5
91.667,1064.5
96,684.93
96.71,1047.7
97.843,121.45
110.78,157.5
98.889,1080.5
100.27,892.35
100.33,565.17
110.1,767.43
102,1036.2
105.47,696.88
107.67,819.62
115.06,450.91
111.63,570.63
112.5,28.885
118.36,236
114.5,259.5
117.18,410.74
120.34,666.27
120.85,536.27
136.05,703.27
129.54,109.52
134.35,843.47
137.92,724.86
138.98,808.45
136.4,350.08
139.44,1214.6
142.87,127.87
155.94,1149.1
146,189
151.32,495.86
154.26,953.86
154.46,835.16
156.44,92.023
160.36,335.7
166.86,8.9342
162.02,28.607
162.82,782.27
163.04,686.07
167.39,860.01
166.21,986.73
166.29,1202.1
172.43,250.62
174.35,753.83
171.92,138.73
173.86,517.5
179.43,201.45
181.1,597.57
181.12,653.66
183,709
186.16,1245.5
182.88,159.88
183.07,542.22
185.64,237.86
192.35,1103.5
197.11,292.15
197.29,347.7
195.26,743.72
198.33,517.6
203,89.868
201.28,897.42
203.83,754.39
203.87,997.79
200.92,1084.1
211.66,245.42
206.17,846.13
208.5,540
208.77,864.64
208.44,213.92
212.75,49.345
213.26,1028.3
217.97,762.44
218.7,807.36
219.11,653.67
220.98,927.57
220.08,1107.9
221,1139.7
224.51,364.39
230.29,1061.8
227.48,200.9
227.23,1083.2
230.57,125.49
233.8,458.31
235.69,931.83
235.5,687.5
241.49,1115.9
241.16,776.59
246.3,313.8
243.46,606.8
243.58,614.89
245.5,972
250.92,83.038
254.56,489.46
256.29,255.39
258.64,839.46
269.61,1152.2
267.5,321
269.91,989.91
275.33,13.97
277.37,444.49
283.24,1003.7
286.95,785.57
279.11,800.58
283.02,1048.3
285.59,2.931
293.38,17.603
283.34,227.62
283.27,737.02
287.67,588.4
285.91,191.09
293.04,342.15
286,601.14
288.85,284.9
287.87,366.87
292.25,34.686
291.66,829.02
294.5,174
299.75,366.34
300.4,574.11
305.49,960.42
305,320.17
305.32,725.52
310.5,103.05
307.43,1083.9
309.12,356.65
316.27,248.03
315.62,401.62
314.84,1007.1
311,7
318.84,272.29
316.01,846.59
318.33,457.59
318.04,380.79
324.66,722.1
326.45,1113
326,899.72
328.5,156.5
335.55,747.09
334.38,507.43
335.68,1072.5
335.57,607.57
339.37,1243.9
355.5,547.13
354.97,615.12
355.62,976.51
352.57,351.43
357.73,2.5778
355.9,29.2
355.94,1083.5
362.35,1144
366.32,160.87
366.08,498.92
368.52,1184.4
377.41,284.85
380.83,688.8
384.43,1246.4
381.5,649
384.9,28.076
385.09,457.4
389,1187.3
402.51,1047.4
398.8,197.07
405.62,591.74
403.58,760.31
406.37,851.51
405.92,871.08
407.89,1034.6
409.32,828.05
415.04,234.48
413.31,923.9
411.43,1119.1
413.5,105.38
419.58,28.895
427.08,569.55
426.01,546.61
426.33,151.22
428.86,295.83
427.68,34.619
432.6,529.36
429.02,651.32
431.93,260.47
437.83,95.343
436.89,601.16
435.92,130.08
440,278.24
441,1240
443.05,755.38
443,1130.5
450.3,48.08
444.2,202.44
444.87,624.13
446.35,744.29
446.5,499
453.66,456.69
458.38,474.26
454.39,613.61
458.97,239.74
458.4,791.92
455,805.5
460.09,969.65
461.81,1065.2
462.43,19.946
464.94,1082
466.94,4.6154
469.73,666.47
467.11,873.45
476.21,759.32
478.06,104.81
478.23,193.1
478.2,342.97
485.69,1114.6
479.5,181.5
479,944.17
481.4,995.08
482.42,833.42
489.66,361.98
487.55,790.4
486.16,73.073
493.36,401.18
506.28,971.09
498.65,376.46
497.23,722.04
499.83,1059.5
497.65,633.17
497.32,1075
506.13,756.06
501.27,866.65
506.79,62.936
508.62,430.84
506.93,1215
513.37,416.26
511.58,1148.6
515.53,121.82
516.21,266.76
517.38,324.42
518.89,1089.5
519.52,386.97
520.46,991.85
519.85,162.33
526.98,1195
530.8,744.64
532.02,589.12
533.34,414.89
531.27,888.33
533.21,1142.7
530.93,570.93
543.02,622.17
540.46,27.77
541.4,253.18
541,187.65
546.02,272.28
543.35,1178.4
551.07,226.61
555.52,767.19
554,113.75
557.46,91.231
555.24,641.63
555.2,662.74
558.05,537.76
561.7,1029.4
582.26,598.97
570.22,787.51
572.22,650.49
569.55,190.87
571.72,9.9174
573.42,1005.3
576.49,250.49
574.3,983.54
573,1065.5
575.06,687.43
579.66,1218.2
574.08,1237.9
576.95,32.071
577,1116.1
584.72,130.7
583,323
588.54,501.45
586.5,851.73
586.44,618.8
588.42,1016.6
589.55,410.59
597.07,757.11
593.3,236.34
595.43,134.96
595.43,669.39
600.78,52.688
605.92,201.95
602.5,263.5
604.87,409.92
603,711
607.64,10.1
607.92,525.02
613.5,1013.7
612.08,778.44
618.04,362.47
614.95,513.15
614.6,984.41
614.5,885
618.85,1165.9
622,46.818
623.77,426.97
618.09,686.09
621.53,1100.4
621.17,71.952
621.5,949
623.92,174.08
628.72,905.36
626.95,27.346
625.97,918.44
625.58,480.11
633.07,319.92
630.93,517.93
629,790
632.75,437.17
636.92,1122.1
635.09,356.94
631.05,942.09
632.07,575.59
635.87,880.51
635.5,173.62
638.79,489.81
638.96,603.41
642.42,906.22
648.71,74.548
652.56,999
653.52,445.22
651.37,860.53
654.35,1186.3
656.12,177.29
673.11,64.109
659.53,627.84
664.4,947.3
668.8,133.87
666.85,908.99
667.35,701.99
664.4,597.6
665.89,504.58
673.77,537.33
668,1068.5
670,376.5
673.04,269.9
678.99,33.021
673.08,1045.1
688.28,989.3
688.81,402.13
686.89,190.69
695.49,87.663
687.4,623.83
689.01,717.48
689.05,146.64
689.19,841.15
693.1,667.48
690.95,502
693.54,605.48
695.76,307.8
694.6,730.6
698.1,64.472
700.58,1073.5
702.63,405.82
704.14,482.12
702.36,360.5
706,253.5
703.92,532.92
713.14,183.91
707.07,1122.4
713,603.21
716.71,913.37
717.37,611.72
719.5,24.5
733.67,24.604
719.83,253
733.2,156.4
727.4,597.74
727.05,215.44
724.42,331.89
727.95,80.048
729.86,423.32
728,1228.2
733.51,351.75
729.07,441.59
731.5,311
733.48,473.73
733.06,320.91
734.13,991.41
734.09,281.09
736.14,458.5
737.57,241.47
738.93,175.17
738.77,53.773
741.39,411
743.64,1163.9
745.39,923.35
746.55,304.29
751.4,676.98
763.74,548.25
749.25,575.05
750.18,68
752.97,1244.9
762.07,11.26
761.39,108.19
761.91,266.85
760.28,336.79
757.4,629.6
766.38,888.06
763.08,960
766.98,1150.6
767.65,182.35
769.37,127.13
772.16,349.11
769.94,1023.8
770.57,215.61
773.61,205.25
775.63,2.2593
775.46,1167.4
778.34,759.89
802.6,993.79
776.81,1050.9
777.4,147.6
789.53,34.422
784.96,83.807
783.71,720.25
781,867
782,248.84
782.5,6.5
788.56,375.37
788.3,68.919
788.31,361.83
792.91,819.09
813.25,752.93
798.27,240.53
796.04,141.57
799.83,1042.2
799.29,122.35
800.1,158.62
802,53
804.09,274.09
803.83,977
808.26,139.59
807.64,292.17
809.31,1154.1
810.05,15.1
810,411.5
812.94,823.69
817.13,36.788
816.18,1200
822.14,265.79
819.91,201.91
826.55,9.0452
824.54,836.09
830.03,443.97
827.12,1157.3
828.05,56.721
832.31,226.71
833.69,23.284
831.4,282.59
829,1137.5
834.56,254.35
832.55,697.36
831.91,521.91
836.03,299.74
835.54,378.91
837.95,313.77
849.17,942.09
837.5,1118.5
840.39,128.56
843.89,340.38
842.42,653.68
847.33,67.841
846.77,840.31
844.92,883.92
846.86,6.449
847.18,218.82
847.94,30.306
847.09,453.91
849.43,1092.6
856.5,570.41
854.12,870.65
859.49,927.26
861.61,145.86
863.94,116.91
866.02,556.67
865.29,1235.9
867.55,520.1
866.94,45.094
882.96,176.17
875.09,407.03
875.6,457.91
879.01,840.69
877.64,876.65
879.98,556.04
884,87.223
878,1030
880.91,783.11
881.93,623.59
886.96,998.24
887.86,4.8571
887.23,504.07
886.6,748.26
888.34,19.98
894.61,224.8
890.48,804.73
896.35,382.48
897.28,193.51
899.26,59.139
903.4,804.92
903.15,1052.2
903.59,322.93
909.92,857.52
910.52,144.02
907.75,593.25
921.14,103.01
908.92,211.92
909.4,654.71
910.43,30.086
917.72,195.06
910.73,267.48
914.38,334.75
914.49,543.98
914.54,50.944
915.94,898.06
914,209
915.82,1194.3
918.07,284.05
919.09,440.91
919.86,644.43
924.89,16.615
926.5,360
928.84,815.93
932.03,280.89
935.19,36.665
935.48,376.88
933.55,1234.6
935.05,533.83
938.61,898.61
943.05,186.67
940.4,748.49
940,20
940.37,564.37
941,1090.7
945.78,547.56
952.95,822.7
949.91,1172.4
958.3,303.65
955.47,346.43
957.78,157.39
957.16,938.93
965.28,545.24
959.51,602.77
962.21,692.95
962.24,460.76
965.59,132.93
967.89,505.31
970.23,275.54
969.58,1020.1
975.28,426.71
973.53,166.26
975.43,715.06
979.16,1202
977.5,618
989.78,775.32
988.94,1057.4
985.58,489.89
989.89,581.05
990.56,107.59
990.84,90.196
993.61,720.14
999.68,526.11
997.78,466.54
997.42,410.11
1001.9,906.75
1000.8,1125.3
1007.8,220.17
1003,817.63
1006.2,601.74
1008.4,624.09
1008.4,1246.2
1011.9,932.2
1008.3,1108.4
1009,115.5
1013.5,205.17
1027.3,630.53
1025,170.17
1026.8,404.25
1022.4,663.89
1027.9,508.06
1025.4,554.41
1027.4,309.58
1035.8,210.5
1030.9,243.58
1031.2,528.56
1039.3,802.6
1036.7,890.62
1040.9,751.99
1042.8,588.91
1046.1,314.38
1049.8,451.55
1052.6,112.06
1055.8,641.6
1055,865.5
1056.4,1103.6
1071.6,229.23
1061.5,283.4
1064.4,1173.7
1069.2,952.49
1073.2,116.55
1069.7,990.53
1072.5,609.79
1076.9,43.196
1074.4,1201.5
1079.7,1073.1
1080,555.14
1081.1,1047.5
1084.1,11.938
1084.4,1245.3
1086.7,82.458
1088.5,100.24
1091.3,239.1
1090.3,977.53
1094.3,808.8
1103.4,697.02
1092,921.14
1092.9,128.81
1094.7,398.62
1104.3,1008.4
1102.4,1138.7
1111.5,503.63
1116.3,454.49
1116.5,642.09
1108.5,731.78
1114.3,478.29
1121.4,537.73
1116,669
1118,984.71
1121.8,95.582
1120.7,591.23
1120.8,221.36
1123.6,940.35
1130.4,419.83
1133.7,1145.4
1132.9,452.93
1137.2,1079
1138.8,351.12
1138.5,494.57
1141.7,594.63
1142.7,1099.6
1141.5,646.23
1141,664
1145.8,870.12
1150.7,458.46
1141.2,851.31
1146.9,168.01
1145.1,978
1143.8,1017.7
1151.2,925.88
1156.6,347.09
1154.5,622.02
1155.3,116.17
1160.5,505.64
1162.1,555.05
1155.5,793.47
1152.1,840.5
1162.1,37.564
1155.8,1090.4
1157.6,1136.5
1160.5,1149.6
1162.2,1224.4
1160,523.33
1163.8,824.47
1162,179.5
1165.9,391.29
1170.6,1052.9
1172.4,233.29
1169,785.82
1169.5,11.056
1172.6,1172.9
1177.4,664.68
1173.5,999.23
1179.3,734.54
1184.5,683.74
1183.6,391.61
1188.1,433.02
1188.6,583.94
1190.6,318.4
1194.6,1195.5
1195.3,1215.7
1199.6,1114
1203.8,24.303
1201.8,472.96
1204.4,429.02
1204.9,225.39
1209.1,393.08
1205.8,552.52
1207.3,328.58
1208.1,793.09
1210.1,1097.2
1209.9,601.05
1212.1,478.41
1212.2,851.72
1211.3,1107
1211.5,1163
1219.4,1115.3
1221.4,1226.6
1220,1019.2
1219.5,877.22
1220.1,37.5
1222.2,1033.4
1222.4,336.16
1228.1,540.84
1225.4,1165.1
1231.4,188.14
1235.4,9.8684
1228.9,400.26
1231.9,446.71
1229.4,1133
1237.2,1100.1
1240.6,611.7
1242.9,820.16
1238.9,711.08
1240.1,935.09
1241,1222
1245,432.02
1246.1,950.57
1246.3,55.432
