2.6111,74.611
3.25,98.286
8.7172,371.99
11.5,781
10.145,902.97
9.1739,255
13.106,803.42
14.481,65.481
17.615,603.75
13.962,884.46
18.826,180.46
17.591,490.11
18.116,869.12
20.08,132.56
26.976,1084.7
25.875,26.5
26.062,65.906
28.5,1005
33,115.66
35.667,11
41.179,421.93
41.815,1129.3
44.409,538.03
45.5,685.39
47,873
49.806,262.88
50.647,8.5
52.17,412.78
54.029,80.382
51.333,213.17
56.154,284.54
58,520.88
64.983,945.85
62,1055.5
64.333,134.06
67.3,1186.4
72.129,212.97
77.17,305.07
75.611,923.14
78.951,473.79
79,640
79.5,889.5
83.938,851.01
83,269.68
85.807,145.34
85.5,1111
86.074,1240.4
92.202,1207.6
91.027,668.33
89.917,111.08
94.169,804.23
91.917,1158.9
97.921,1136.4
98.447,979.34
99,1124
107.12,853.71
109.76,40.689
106.58,624.22
106.33,375
110.02,220.9
108.8,765.3
109.11,882.37
112.83,424.91
113.75,355.64
113.33,485.18
117.19,1130.1
117.82,1178.3
121.37,663.9
123.04,841.75
126.54,375.93
128.12,1049
128.07,805.64
137.59,1151.6
127.91,319.23
133.14,1218.8
132,530
135.84,57.925
131.57,403.39
134,588.42
136.37,1034.2
136.34,356.16
136.05,644.67
138.58,920.98
138.72,6.4882
145.56,555.03
144.23,814.63
148.44,245.74
148.77,465.55
147.14,338.11
149.48,79.538
154.17,1224.3
151.62,1108.8
155.68,748.27
158.48,549.87
160.33,315.48
161.35,479.63
160.4,1207.4
164.09,430.53
164.33,770.63
165.26,1139.6
167.5,141.14
168.84,387.87
174.49,761.93
167.85,795.54
175.46,321.62
175.11,988.84
175.61,706.33
174.12,1227.1
176.92,350.32
178.44,1174.1
178.96,648.4
182.06,382.91
183.61,434.61
184.66,25.918
197.3,1193.9
203.16,104.34
202.74,1114.8
199.44,833.42
213.71,1061.9
204.75,570
208.57,92.093
210.87,349.85
213.8,71.176
214.89,198.91
216.68,911.51
215.58,148.11
218.4,318.18
226.12,1237.3
220.37,784.11
223.69,964.26
224.92,277.41
224.93,852.59
227.23,324.23
229.04,805.31
230.19,433
229.29,1162.7
235.7,916.25
234.93,500.44
235.66,1211.6
235.63,473.97
242.06,775.7
240.17,10
243.4,318.74
243.76,634.65
256.26,193.69
250.51,523.16
251.09,442.91
251.37,1229.6
256.51,19.238
259.15,5.6861
258.18,223.09
261.02,295.72
263.43,973.83
267.34,647.34
261.5,936
264.22,1245.8
264.09,332.09
266.89,994.2
265.17,160
269.73,1156.9
270.55,869.73
273.71,559.94
276.5,1005.4
279.44,20.644
284.36,546.64
285.89,748.09
284.44,976.08
289.02,666.03
292.42,54.679
299.27,875.89
302.02,573.43
296.94,1208.4
299.75,631.91
302.27,1077.1
301,858.75
304,585
313.63,207.82
307.93,278.59
314.75,438.22
313.46,558.15
317.75,674.09
315.82,1177.1
319.04,420.58
318.58,1112.4
331.31,815.3
324.58,50.038
335.4,1110.6
334.5,260.5
350.9,962.96
352.3,380.26
353.08,691.35
352.76,1010.3
354.75,313.8
351.73,456.35
360.49,630.2
359.28,751.91
371.09,294.6
362.42,910.45
363.3,739.23
373.9,878.58
383.45,464.51
383.41,1106.4
387.6,888.67
390.3,200.8
393.42,948.8
396.06,601.6
393.19,685.07
393.44,1218.7
395.12,506.88
396.56,543.16
399,649
401.4,664.21
403.25,117.79
409.45,138.89
408.86,191.2
409.43,1023.9
411.73,941.48
413.42,545.58
419.08,423.41
420.88,859.4
416.28,337.41
417.88,255.9
418.33,814.02
421.66,169.56
420,214
423.2,439.52
426.81,1201.9
435.1,1217.8
435.76,93.456
434.84,285.74
436.24,1203.3
442.87,620.08
442.09,832.95
446.05,1029.3
448.94,563.72
456.1,113.52
446.76,890
447,244.5
454.15,399.07
452.36,1158.7
451,1129.5
455.45,749.03
458.78,634.91
456.67,825.53
457.67,287.83
464.89,138.64
460.5,1104.5
463.45,554.97
467.29,375.38
468.46,245.39
468.98,785.2
466.9,889.9
467.62,600.68
467.61,936.14
473.09,469.09
469.04,667.33
474.68,856.07
470.37,4.3667
480.29,300.05
474.98,91.576
477.09,1206.9
481.14,728.55
478.99,981
480.08,433.56
482.85,490.95
488.48,932.78
495.72,117.74
488.87,1174.2
488,1242.3
491.15,868.69
490.4,5.2143
490.17,741
497.91,327.59
497.48,660.38
497.7,1204.2
497.92,416.92
500.47,475.57
507.56,141.36
507.85,1094.3
503.93,888.05
507.5,37
513.41,521.67
508.09,700.09
509.88,958.9
518.95,5.7364
514.6,1195.6
522.37,171.16
528.25,58.478
527.62,1122
527.86,142.98
528,1094.5
533.39,203.97
534.46,1079.7
539.73,793.69
538.58,1096
541.17,211.93
544.59,154.11
548.25,372.61
544,563.35
546.19,471
545.46,811.07
551.82,197.5
551.44,437.03
551.06,511.04
549.58,1162.9
554.21,1024.8
551.47,1239.8
554.56,544.14
556.18,25.818
559.08,1094
559.03,77.189
563.27,392.37
566.12,663.18
562.9,1178.3
573.93,323.47
575.11,90.463
579.09,729.74
576,344.5
576,367.5
577.93,804.44
581.06,178.55
583.02,816.91
585.99,680.58
589.59,1095.6
589.29,1139.4
587.3,1114.4
593.26,139.16
592.59,323.79
593.81,435.63
609.86,89.672
607.14,462.5
609.93,1085
616.91,325.06
616.07,1190.7
612.5,11
613.26,70.739
620.05,563.57
622.38,793.66
628.12,25.5
627.13,819.11
631.08,936.48
632.45,845.79
634.29,1156.9
639.4,58.882
644.43,808.02
643.04,448.93
644.31,483.94
649.41,649.6
648.82,1159.6
652.91,199.07
650.91,1189
656.08,324.34
652.92,672.64
650.59,355.06
654.36,78.348
652.5,1083.5
656.73,111.4
657.56,1223.3
665.91,5.5429
662.94,544.33
662.29,1245.5
671.26,381.29
667.45,1035
672.82,513.26
670,494.83
669.36,624.09
673.17,193.97
675.91,480.46
679.54,835.15
682.25,944.02
683.5,695.35
689.04,105.03
691.56,144.92
692.63,318
693.42,510.11
697.35,951.69
698.68,1241.9
699.52,491.24
708.69,731.17
712.91,382.09
717.55,439.61
723.44,578.96
725.19,700.31
723,878.67
724.22,253.44
731.02,600.06
728.31,553.1
731.39,1002.4
729,122
732.34,70.883
731.39,1163.8
734.49,981.68
733.91,378.95
737.39,265.5
736.56,727.31
737.49,864.43
742.46,212.49
739,933
741.75,528.49
740.55,487.59
742.5,374
749.18,82.472
749.54,1118.6
747.15,999.65
749.73,63.571
750,110
751.12,381.62
755.71,1064.9
752.75,1213.3
760.54,225.46
772.93,280.53
761.14,252.04
762.76,898.82
765.18,78.985
765.15,2.25
771.13,375.22
765,801.67
769,119.83
770.6,963.76
777.17,395.46
774.39,91.139
774.5,252
778.15,7.4615
781.73,49.441
782,82
782.91,684.91
788.9,1144.4
793.7,952.61
798.85,775.46
799.05,980.52
800.26,561.9
803.94,249.18
808.68,1049.9
811.91,118.6
811,756.5
815.78,1229.1
816.63,613
817.39,212.5
822.15,83.779
824.49,497.8
824.5,718
826.54,177.42
830.2,137.94
828,666.18
828.57,1205.1
830.82,4.3061
834.26,778.79
836.57,559.8
839.92,1014.1
839.03,378.58
837.88,508.12
850.01,167.36
840.85,888.35
842.55,1126.5
846.63,205.21
846.67,1088.3
848.13,1246.8
860,687.37
854.08,358.44
855.68,382.24
856.25,885.92
858,875.68
860.4,115.89
858.4,137.4
863.81,6.1618
864.54,201.09
866.95,359.07
870.84,623.93
873.29,443.88
872.43,104.39
875,1135.7
884.26,3.8947
888.09,200.95
882.79,273.64
884.61,217.14
886.93,382.95
893.51,337.08
890.12,80.173
892.36,1014.6
892.8,1093.7
890.89,408.98
897.41,418.02
898.87,231.65
906.07,1196.5
910.35,345.15
912.35,842.18
911.41,460.93
920.25,130.25
922,1218.6
919.5,51.5
920.49,605.32
922.11,858.39
927.39,965.35
928.07,631.72
936.58,404.23
937.78,54.587
939.23,186.54
946.67,1134.1
947.92,11.805
949.49,480.67
946,537
954.3,735.82
950.17,185.92
950.87,512.5
952.51,943.73
950.41,99.931
951.96,665.09
951,312.5
951.58,419.11
952.5,1.5
954.92,429.72
960.95,351.38
965.64,628.9
961.62,906.86
962.45,754.03
962.5,45.5
964.47,583.93
963.9,1138.5
969.91,861.7
972.44,413.8
972.83,105
974.43,519.91
974.4,748.4
978.17,87.75
985.69,377.06
982.98,298.05
982.09,748.55
981.69,788.64
986.62,177.44
984.91,838.09
992.44,1214.7
1001.1,713.7
1013.1,779.49
994.32,649.16
996.93,36.593
997.84,441.86
1000.1,200.35
1004.4,396.26
1003.5,980.78
1007.4,230.79
1009.9,368.98
1013.5,101.37
1013.6,912.92
1011.3,460.35
1016.9,1046.9
1016.5,52
1015.6,1037.1
1023.8,971.74
1022.5,156
1023.4,1005.9
1028.1,549.56
1032,6.0829
1034.6,145.18
1029.4,422.42
1029.9,1167.1
1033.7,121.02
1032.8,692
1034.4,894.67
1035,625.43
1036.6,1068.6
1045.3,439.29
1043.7,475
1046,712.84
1048,2.3846
1053.2,368.21
1052.4,753.4
1051.6,641.38
1055.4,79.136
1055,544
1053.4,926.63
1054.8,1081.5
1053.4,605.11
1054.7,616.65
1056.4,270.37
1058.5,1186.5
1061.4,1235.3
1065.1,244.43
1062.8,435.52
1067,672.7
1068.1,987.89
1066.1,1153.1
1069.7,854.32
1083.7,218.63
1074.1,376.29
1073.5,1041.5
1080.6,1150
1079.4,1169.1
1079.6,281.06
1083.6,602.57
1083.6,793.36
1086.5,639.47
1084,1005.7
1086.9,80.857
1087.6,687.37
1089.9,288.78
1087.5,562
1090.1,389.86
1089.6,487.23
1093.2,38.274
1093,955
1094.9,882.59
1096.9,977.43
1097.5,311
1107.3,190.31
1103.2,796.31
1101.9,775.45
1102.2,1093
1103.8,76.356
1105,825.17
1112.1,880.99
1114.3,479.55
1114.4,584.59
1114.6,743.81
1116.6,991.98
1117.6,1203.2
1119.4,627.3
1120.2,713.14
1125,1113.2
1124,919.32
1123.9,790.67
1130.2,188.56
1137.2,640.92
1133.9,1072.5
1133.6,1018.8
1138.2,1157.2
1140,814.2
1138.2,488.32
1137.9,511.41
1152.2,939.17
1149.3,58.349
1145.8,555
1147.5,351.58
1149.2,169.92
1153.4,95.088
1157.4,311.36
1151,602.5
1154.5,890.65
1159.3,1200.7
1153.7,837
1160,912
1163.6,781.56
1169.6,549.95
1173.5,671.61
1176.5,305
1178.4,361.98
1179.9,818.52
1180.3,853
1184.8,1028.1
1184.8,95.394
1187.8,124.89
1184.1,883.65
1187,242.92
1188.6,1156.7
1188.6,907.11
1191.1,22.375
1193.3,307.78
1196.1,585.76
1196.7,232.94
1197,52.654
1198,83.5
1198,1236
1215,19.113
1205.5,794
1218.2,1243
1211.2,99.604
1209.8,969.64
1211.6,755.81
1211.5,1057.3
1212.9,57.37
1221.7,963.41
1228,282.71
1224.3,515.29
1229.4,567.73
1229,1014
1231,1232.1
1234.1,370.3
1231.2,393.83
1235.7,527.48
1236.5,657.02
1241.2,180.37
1240.5,954.62
1240.2,395.44
1244.3,143.94
1243.6,677.03
1243.5,1016
1246,1161.8
1246.8,715.62
1246.6,812.32
