5.0411,435.26
11.611,942.86
19.164,382.93
22,750
29.175,1065
29.067,506.07
33.762,961.9
43.057,252.84
44.97,803.96
46.926,823.56
57.53,392.21
58.028,201.72
56.369,751.95
57.5,287.5
56.571,1183.4
59.077,1112.6
62.76,1206.1
62.143,983.86
71.226,1246.4
68.662,33.986
69.074,429.59
73.2,1176.8
72.926,240.59
73.4,382.6
78.957,1213.8
85.85,67.483
80.091,966.91
93.758,862.85
91.174,1106
98,521
105.14,932.56
103.42,398.04
108.21,79.787
104.07,917.41
108.84,174.62
106,554.5
116.03,1053.3
118.34,70.375
120.57,1176.5
130.75,556.92
144.25,1193.7
135.13,63.4
139.39,286.15
135.42,920.11
138.31,230.59
139.37,1002.5
147.19,882.47
148.29,394.51
145.84,944.11
150.49,1169.9
153.83,89.507
150.15,115.4
150.79,18.052
150.47,496.23
156.03,848.98
154.68,1133.8
157.08,624.36
163.38,580.21
169.36,164
170.17,939
175.53,927.31
179.37,1092.2
176.5,1110.5
176.43,946.61
181.8,488.46
184.43,1039.4
181.61,1134.9
184.78,832.74
184.81,1012.3
186.08,369.44
190.36,326.68
196.21,53.784
190.54,805.32
191.55,847.96
198.88,436.36
196.43,506.61
197.89,907.58
204.97,1198.3
207.04,458.63
213.53,1008.8
210.6,581.38
221.29,788.78
215,854.68
215.26,1241.4
216,619.36
215.86,195.14
226.14,571.05
221,45.5
229.71,1224.2
228.59,559.11
234.39,762.26
231.82,91.667
229.5,1133.5
240.02,75.317
252.14,610.78
264.72,287.46
252.5,708
256.5,1114
264.44,357.23
274.3,5.5
261.96,1171.5
264.44,785.23
265.53,1239.7
269.27,834.11
272.41,957.11
276.55,748.52
276.95,1134.5
277.11,473.42
288.22,578.98
288.47,1023.1
290.5,1079.5
297.97,646.87
299.45,146.75
303.46,564.84
304.53,180
302.9,1227.1
306.37,702.54
304.59,411.07
312.58,219.79
308.57,669.61
309.4,303.4
313.75,808.46
312,987
318.41,293.71
318.98,763.16
327.17,1220.6
346.19,457.44
336.02,1241.3
344.79,776.27
340,227
342.28,257.39
341.93,998.59
344.71,363.55
346.58,1135.4
348.32,1028.3
350.92,1156.9
365.41,1153.4
363,687
367.77,41.511
370.55,583.83
375.55,635.38
372.94,802.06
382.89,662.52
382.36,823.32
395.73,1062.9
388.78,458.69
389.64,1244.3
387.38,255.11
384,1008
387,1001.5
393.79,859.55
397.6,480.64
405.81,683.55
401.57,753.43
406.14,66.458
408.48,704.41
408,1148.5
413.93,9.3285
418.63,212.37
427.21,248.87
424.58,384.97
423.5,736
427.63,871.2
425.7,1069.4
427.43,421.51
432.51,1170.3
433.5,639
436.75,1074.1
442.08,128.98
437.5,331
439.9,731.41
438.4,912.4
441.97,1147.2
446.31,51.384
442.47,755.58
447.76,640.21
447.87,870.16
449.59,423.38
452.2,936.32
454.62,1034.2
453.5,648.62
463,294
474.58,862.57
472,360.5
477.06,1145
477.91,750.24
480.89,763.42
485.81,928.53
487.64,160.82
486,835.5
490.01,12.069
490.31,725.18
494.09,890.91
505.33,222.01
503.95,496.91
516.61,522.94
520.93,1129.6
521.04,582.78
521,424.77
522.11,216.34
526,306
525.92,816.4
536.84,861.39
540.28,1232.5
543.85,1247
549.99,961.4
548.05,825.85
560.56,209.78
549.86,854.5
556.76,4.6053
553,793
556.13,1101.2
557.15,799.24
559.39,144.53
559.93,709.59
564.46,444.2
570.07,637.97
573.02,368.75
581.5,505
588.96,135.72
593.31,1233.4
592,388.5
591.72,571.09
593.92,739.44
594.88,784.77
596.83,886.96
596.5,561.88
602.5,946
607.42,574.17
616.51,68.753
616.95,1243.9
622.89,481.98
618.5,876.05
618.35,297.93
618.37,702.37
618.08,821.92
622.75,331.49
623.7,596.9
635.21,1041.2
633.56,33.81
633.64,778.99
641.51,1138.7
642.24,1105.6
641.88,134.1
646.14,239.99
651.12,1226.8
644.39,1088.8
645.5,899.5
656.11,756.58
663.27,268.52
661.89,463.63
669.18,877.87
672.21,920.92
670.56,107.56
670.63,846.98
674.49,318.52
674.27,465.1
674.34,711.38
677.5,727.77
676.92,262.89
683.84,578.86
682.46,178.71
689.01,344.32
688.76,203.67
689.44,695.87
691.24,1024.2
693.19,1091.6
690.7,512.18
696.15,555.95
694.92,780.56
702.92,163.52
699.5,925.5
703.42,501.91
703.71,611.55
706.54,228.91
716.44,476.56
713.58,1094.4
714.58,543.42
716.45,1114.6
721.5,308.83
720.46,285.91
721.7,561.76
719.58,1169.1
726.13,769.78
732.94,741.91
734.61,928.86
736.86,971.59
738.78,678.5
735.42,634.11
742.45,558.03
740.07,691.41
739.58,851.89
750.63,714.4
750.13,917.85
749.91,253.91
754,849.17
758.98,1022.8
761.69,262.83
760.52,1138
759.77,234.46
775.17,752.27
765.91,71.8
767.92,782.01
770.61,82.861
771.22,509.33
771,1142
776.63,1104.2
777.5,26.5
782,625.67
782.5,1011
785.32,146.13
792.12,77
786.42,222.11
794.77,784.56
787.58,503.11
791.42,157.89
793.23,935.7
794.91,849.09
796.09,480.95
799.78,637.9
799.72,254.86
801.11,1135.3
802,319.83
802.34,1103.5
807.71,942.83
809.5,1086.5
811.48,730.06
814.18,229.89
815.65,514
821,613.32
818.58,922.42
830.4,537.92
825.31,990.93
828,511.66
831.88,592.54
832.58,1071.4
837.2,767.61
842.49,1003.7
839.92,425.92
844.93,879.41
847.6,334.62
846,211
853.27,485.82
849.29,119.57
856.91,647.36
856.96,413.41
859,458
867.66,326.72
862.43,855.61
878.56,1218.5
870.8,556.45
873.12,22.762
871.05,230.05
869.93,252.93
870.42,136.97
874.48,534.96
873.09,44.909
876.1,710.01
882.69,954.49
883.22,1177.8
880.5,119
889.81,794.18
895.84,468.01
892.94,567.45
893.57,600.57
898.18,92.08
904.08,627.44
907.68,201
904.14,645.14
908,1177
907.83,271
912.07,848.53
919.33,991.94
915.63,3.5833
916.58,807.45
919.63,334.37
925.69,706.34
923.3,758.46
919.42,880.11
922.31,561.77
925.88,26.023
940.19,238.73
940.28,262.83
950.14,401.24
949.15,361.65
952.15,1022.3
955.22,436.27
959.46,1107.1
965.93,267.16
968.5,445.7
967.44,909.45
968.56,1008.5
966.06,1226.4
967.96,893.82
969.5,920
969.5,812
971.25,935.93
971.2,67.46
970.2,785.56
977.7,841.95
975.36,1020
980.8,123.85
982.07,207.05
985.55,456.93
985.26,6.4149
988.77,263.06
985.09,311.09
992.36,662.58
989.88,360
988.19,955.72
995.22,831.45
998.82,203.23
992,702
995.03,299.29
996.8,534.96
999.17,174.4
998.23,1122.6
998.94,245.39
999.39,470.64
999.9,926.1
1006,1154.7
1003,434.5
1006.5,1200.1
1008.3,51.262
1006,62
1012.6,244.6
1014.5,816.77
1015.9,387.2
1016.8,1045.4
1013.1,120.56
1016,1218.1
1018.7,1237.6
1017.9,1016.9
1031.1,137.59
1034.5,945.67
1031.6,251.89
1033.6,416.5
1039.6,496.62
1042.1,1196.9
1043.7,43.083
1042.9,1030.2
1043.6,110.42
1044.5,165.24
1046.8,725.11
1045.1,1044.1
1053.6,74.225
1049,803.27
1053.7,192.14
1049.8,964.44
1054.8,920.36
1055,893.17
1055.2,424
1057.6,628.39
1064.8,221.89
1063,1175.1
1067.3,1212.9
1071.2,366.73
1069.8,693.02
1072,194.72
1068.7,108.55
1079.2,155.11
1078.9,1102.6
1078.6,1146.5
1080.8,61.481
1079.2,513
1082.4,274.55
1083.6,457
1091.1,536.84
1092.6,1033.8
1097.6,275.72
1095.9,330.43
1096.1,217
1097.6,1130.1
1108.1,444.41
1114.7,268.41
1113.4,1221.9
1110.4,105.36
1116.4,228.18
1116.7,283.58
1117,201.08
1121.7,598.57
1122.2,929.27
1122.1,974.44
1129.9,5.128
1123.2,844.77
1126.4,33.772
1126.5,657.94
1129.2,756.61
1135.7,590.79
1134.3,1088.4
1141.8,905.89
1150.8,930.61
1144.2,785.65
1146.2,678.59
1148.1,318.15
1148.5,391.5
1156.4,709.72
1157.9,877.42
1157.5,167
1161.3,247.71
1167.1,427.53
1169.3,571.64
1164.2,340
1167,1131.9
1168,1098
1174.9,254.8
1170,547.18
1182,483.39
1181.5,731.34
1192.5,243.8
1189.5,394.5
1196.1,558.77
1192.4,637.31
1194,656
1200.9,620.48
1200.6,67.931
1206,801.79
1205.2,2.6829
1205,23.728
1203.8,511
1207.3,1228.4
1212.2,104.53
1208.4,841.89
1221.2,777.93
1223.7,167.71
1229.2,419.56
1224.9,1120.1
1226.5,1198.7
1228.2,2.3438
1228.7,690.28
1230.2,861.09
1231.5,89.617
1231.8,203.03
1231.9,390.59
1231.9,448.01
1234.9,828.86
1239.7,286.64
1235,683
1238.1,488.21
1238.8,1057.6
1243.2,83.259
1243.5,638.56
1242.1,1118.5
1243.3,622.4
1240.9,1244.6
1243.1,365.98
1242.9,388.63
1241.6,984.11
1246,558.37
1245.8,823.98
1247.2,223.5
