6.7285,28.805
4.6071,476.94
1.8947,612
3.6164,627.74
3.4706,920.59
1.9091,966.5
5.5211,1196.8
14.872,85.835
8.1912,341.84
14.359,704.41
8.4516,1024.3
14.658,109.82
15.843,885.31
21.389,941.03
23.557,187.84
29.811,686.56
30.05,1176
28.933,8.5556
28.633,1007.3
31.221,437.01
29.5,788.5
38.51,409.01
42.724,1005.9
37.857,1088.1
38.579,36.105
44.822,90.4
51.133,112.02
51.493,432.94
51.062,892.91
58.57,483.28
58.691,359.98
53.5,1220.5
57.493,791.91
55.81,858.93
59.141,204.86
61.441,1128.8
62.89,297
61,28.5
64,264.25
67.949,168.25
64.917,528.08
67.154,1025.5
69.041,50.571
71.2,107.66
70.81,392.93
73.457,380.91
77.276,539.75
74.898,790.81
77.429,473.83
79.071,233.07
81.77,414.45
85.5,728.5
88.584,686.47
89.065,21.261
95.427,108.48
92.25,398.25
94.519,760.23
93.244,931
99.575,1100.5
108.21,170.57
101.58,685.42
104.86,346.85
110.45,987.82
108.5,1099
110.69,1069.1
113.28,748.29
113.2,914.68
117.07,88.407
117.92,182.5
123.93,305.9
121.62,196.45
125.38,645.22
126.21,629.53
127.08,148
128,664.75
128.82,740.62
134.03,166.37
136.6,270.51
134.5,1246.1
145.69,936.54
143.41,572.89
143.66,907.35
141.76,1033.2
146.94,1092.7
145,668
146,198.5
160.05,711.31
152,962
154.41,657.5
154,979
155.55,196.41
157.93,510.59
161.48,148.45
160.1,678.76
163.75,173.85
163.48,629.74
166.75,570.23
169.03,669.79
168.71,1124.7
173.5,349
182.46,728.15
183.74,292.78
183.69,1039.3
192.26,1231.2
184.96,916.81
187.37,114.41
187.72,711.57
187.61,416.71
191.18,677.54
189.37,172.63
190.88,569.3
189.61,589.57
198.88,592.06
202.69,950.4
197.17,1048.3
203.22,444.11
202.02,714.39
208.91,111.65
202,571.83
209.47,536.84
207.22,682.91
206,665.68
209.03,1065.2
215.26,27.914
209.9,698.84
212.62,826.54
217.59,331.07
215.93,730.59
219.57,597.34
220.28,1126.9
228.5,848
234.21,49.433
231.32,356.35
235.55,454.42
234.53,275.85
236.18,233.82
239.5,656
240.14,414.86
241.67,702.4
242.5,768.62
244,957.83
247.51,622.27
248.59,280
260.78,1028.1
253.37,612.13
253.94,652.7
255.95,461.04
258.2,364.62
263.48,331.83
259.5,668
264.02,25.071
266.69,609.94
265.46,491.2
270.19,530.91
268.42,882.89
272.28,659.98
274.19,228.42
274.56,1129.3
274.65,1204.9
280.94,191.68
283.12,212.38
286.23,50.865
288.98,1026
291.56,275.3
290.15,353.62
290.42,902.11
295.45,138.68
297.17,243.45
294.17,397
301.09,98.613
302.53,321.67
299.43,665.39
303.4,561.4
308.87,71.111
313.87,165.08
318.93,954.7
317.03,1076.4
317.17,719
321.69,830.53
320.5,755.5
324.24,413.05
320.5,673
326.9,70.38
331.82,806.18
332.58,30.895
336,472.5
344.72,1006.7
343.32,551.78
347.11,517.58
350.15,1116.5
350.5,744
351.6,154.4
354.55,806.03
356.58,596.42
360.49,239.27
361.34,1206.9
362.37,98.704
360.93,349.59
364.92,552.74
365.61,471.28
370.85,942.94
376.48,137.84
372.26,821.13
375.53,1100.5
380.86,363.1
376.09,510.09
378.18,424.4
392.77,328.23
398,1219.3
400.57,785.67
396.38,1075.3
398.68,210.44
398.02,130.02
403.2,97.32
412.45,733.39
407.56,111.92
410.26,943.43
411.55,169.42
413.35,235.14
412.17,930.87
412.89,126.58
417.1,440.25
415.02,1083
416.93,91.786
416.75,402.16
432.28,790.03
422,64.5
422.42,334.89
428.51,906.09
425.38,453.54
426.26,806.79
428.37,757.8
428.78,1105.1
430.42,280.89
435.17,251.93
437.02,1156.9
439.06,179.49
439.37,314.58
440.28,968.37
441.6,762.86
451.27,21.735
447.98,1046.7
447.37,1194.6
449.64,933.02
448.86,195.47
453.41,103.79
457,1192
464.48,750.7
465.9,258.88
465.38,1119.1
469.48,988.28
471.95,479.16
470.57,492.61
478.93,400.53
484.47,654.3
483.04,515.81
485.37,911.93
484.98,927.97
482.08,951.92
487.25,245.45
487.02,824.46
483.88,1033.9
488.36,751.87
488.5,210
491.92,942.67
491.54,1082.5
491.8,548.69
492.33,574.51
493.11,1068.4
495.45,701.22
498.05,439.15
498.21,520.55
501.74,542.07
502.84,607.33
501.42,619.89
502.42,1053.1
506.61,718.86
512.71,1221.6
510.82,953.95
519.39,636.54
523.83,936.43
522.63,330.56
522.75,67.75
523.45,214.96
523.71,404.71
523.07,1111.4
524.15,1201.3
533.01,1244.7
537.29,620.19
534.73,312.2
534.94,880.65
541.85,251.73
547.37,834.15
540.42,240.11
543.92,966.71
545.2,166.17
549.48,63.711
549.39,372.24
550.31,1038
555.46,535.68
557.53,660.74
557.9,1102.6
564.38,894.07
565.9,444.96
566.66,913.43
563.83,1238
568.89,262.5
572.62,586.9
574.94,1042.2
584.74,423.97
586.59,140.1
585.04,724.57
588.28,312.07
589.27,95.656
587.39,1225.9
588.94,929.09
595.32,1188.1
589.38,1245.8
594.17,976.72
593.91,124.09
597.41,370.84
602.13,580.11
602.27,1140.6
599.5,999.58
601.28,233.16
603.99,43.854
601.19,1059.7
605.93,870.68
610.6,4.2647
610.37,647.16
611.55,1199.9
613.91,969.5
625.77,33.271
625.14,210.04
626.38,795.52
633.85,242.05
633.09,2.8438
636.22,183.88
639.31,425.07
643.43,799.57
645.91,137.09
655.78,907.64
651,574.5
653.89,663.25
653,1173.5
655.26,567.14
656.58,1110.3
656.79,302.17
659.96,863.97
659,978.15
671.08,1136.1
667.42,1213.9
670,422.76
679.94,368.85
672.88,530.12
678.48,93.333
682.42,570.23
683.49,992.9
684.75,927.84
688.03,624.18
688.2,343.94
689.96,1109.7
687,598
693.23,695.61
690.42,141.42
691.55,52.941
692.86,400.4
693.92,320.81
699.94,1164.3
695,503.68
697.6,1122.4
700.04,1003.1
700.53,810.84
702.45,840.03
702.1,83.171
712.99,264.33
707.36,416.89
705.31,99.829
710.13,1190.2
710.14,583.86
711.35,465.93
713.55,614.3
714.32,1107.2
717.15,689.73
717.7,378.54
723.62,1051.6
720,1189
724.06,653.57
723.09,930.91
733.9,578.3
728.68,67.216
735.48,274.03
733.92,392.92
735,143.5
734.5,626.5
738.25,536.03
741.39,120.04
745.13,505.98
746.88,687.27
746.8,891.41
750.65,1132.9
760.92,1149.7
764.14,755.42
757.69,163.41
766.29,544.38
760.02,713.74
758.5,1111
765,302
769.54,926.03
767.91,151.88
769.38,207.71
769.42,193.45
769.84,435.24
769.58,581.42
775.17,1198.6
774.46,1087.9
774.98,168.95
777.82,992.94
781.2,57.259
778.79,143.45
779.42,1068.9
785.9,814.91
790.31,582.15
795.67,316.47
790.96,637.8
790.21,1022.3
793.28,414.38
792.61,922.86
796.71,102.88
800.64,556.42
799.57,783.15
799.94,53.449
802.39,748.84
806.71,43.16
805.5,426
812.55,1116.4
815.42,255.28
813.5,513
818.15,438.24
825.34,1089.2
817.39,384.21
819.41,326.11
820.38,181.38
830.31,962.83
827.47,778.24
828.54,71.652
827.54,267.08
836.17,977.42
836.54,516.87
834.48,1223.9
836,1107.3
843.13,625.33
843.65,657.28
854.07,21.316
852.86,167.85
857.36,682.65
858.15,1122
861.87,469.77
865.14,646.82
866.93,751.27
868.15,218.33
866.59,373.46
874.4,1158.2
874.51,244.78
872.62,718.15
876.72,328.03
876.47,847.07
877.57,204.57
883.27,153.31
883.2,547.32
888.65,256.47
890.16,932.56
890.38,285.65
892.07,1034.5
891.45,132.03
895.46,863.06
901.48,85.048
901.04,795.2
904.46,296.47
908.42,1051.4
908.75,228.08
908.36,49.5
909.11,1067.4
911.89,696.02
916.38,867.09
916.42,550.73
911.86,749.64
913.5,1152.4
916.83,428.57
917.91,573.02
927.68,169.22
932.26,1020.9
933.74,817.05
932.12,85.654
937.37,569.63
937.43,319.05
939.54,172.22
939.82,447.9
941.31,851.66
940.64,181.91
945.5,970.64
946.01,932.36
949.77,616.51
950.26,718.92
955.76,17.199
954.82,448.7
957.16,80.245
958.34,800.53
964.67,624
972.19,730.55
972.86,1108.7
971.5,1030
973.67,220.17
979.29,646.02
980.58,824.42
983,39.5
984.06,695.43
986.97,119.04
987.58,398.55
989.53,506.73
991.53,32.208
997.52,1014.1
996.93,320.41
1001.5,597.31
1015.2,255.61
1005.7,1229.3
1013.2,644.51
1012.4,296.92
1011.2,181.06
1009.6,353.14
1017.5,212.48
1030.8,30.581
1020.9,477.73
1024,56.013
1023.8,398.45
1024.4,1129.5
1024.8,289.89
1029.3,1003.4
1029.5,108.2
1031.2,1208.8
1034.8,1017.2
1035,1049.5
1037.8,1138.1
1037.7,236
1037.4,371.39
1039.5,175.2
1041.5,1245.3
1042.6,147.5
1045.3,227.08
1045.7,1150.6
1046.6,1167.5
1049.3,775.06
1054.2,3.5833
1054.6,1214.3
1062.1,893.93
1070.4,195.09
1069.2,999.31
1074.9,416.89
1073.5,134.57
1076.1,663.57
1081.6,917.27
1082.3,234.29
1088.1,1002.2
1090.7,378.63
1091.6,297.72
1088.4,616.91
1089.9,465.1
1089.8,1208.5
1091,95.826
1095.8,563.47
1093.5,445.51
1093.2,631
1097,502.76
1099.6,273.33
1102.5,968.02
1104.3,473.02
1102.7,843.12
1102.4,620.35
1103,780.43
1108.9,384.06
1109.6,797.79
1111,695.5
1112.1,1242.1
1115.7,263.17
1113.9,1126.4
1116.5,858.5
1121.8,308.23
1121,1020.5
1123.9,912.56
1123.7,238.1
1125.6,781.23
1125.3,1061.8
1127,798.5
1130.8,251.46
1132.2,173.46
1138.5,115.67
1137.1,797.62
1138.6,885.03
1149.2,775.01
1139.7,735.09
1141,1047.2
1150.7,1080.4
1150.7,349.42
1149.4,805.89
1156.5,1038.7
1157.1,235.7
1159.8,284.99
1162,1153
1165,209.12
1168.6,955.41
1172.2,484.6
1166,769.5
1172.6,101.46
1173.3,689.05
1176.4,55.203
1177.4,713.78
1175.9,632
1179.5,441.43
1180.6,264.5
1182.7,653.17
1191.2,630.16
1188.1,742.02
1191.4,914.63
1193.3,668.4
1197.8,1197.1
1196.8,1229.4
1200.9,549.09
1202.6,636.14
1206.4,563.23
1207.1,346.1
1205.2,794
1209.6,76.908
1209.8,478.08
1211.3,493.52
1215.4,612.51
1209.7,1209.6
1213,679.89
1212.3,873.47
1216.5,834.76
1216.2,1018.7
1220.9,983.66
1223.5,635.41
1225.9,305.91
1232.5,464
1234.5,625.21
1237.6,752.35
1234.6,953.89
1240.3,176.7
1242.5,445.78
1243.1,591.07
1245.8,467.67
1245.8,325.56
