4.8796,136.63
3.5455,307.16
2.1613,451.61
3.3253,903.93
12.034,1032.5
8.0968,1069.7
7,316
10.542,848.68
11.385,1219.9
17.836,644.9
18.683,1169.8
20.402,184.75
17.903,1146.1
22.895,757.98
21.784,270.46
25.645,383.1
30.982,410.55
26.231,888.94
22.5,1115.5
29.302,456.6
27.78,808.46
27.371,127.24
32.768,1078.1
29.182,1221.6
31.636,721.85
38.894,508.71
42.183,638.3
47.762,283.14
47.86,58.904
44.917,348.36
54.561,600.94
49,1155.7
56.763,880.59
55.206,564.79
53.651,459.72
59.603,237.52
59.123,637.22
78.839,845.72
65.748,908.68
61.407,1070.1
65.693,142.4
64,1146.8
72.317,1126.2
75.131,1236.1
74.281,115.07
74.2,156.07
79.313,783.9
79.038,1005.1
76.116,423.21
81.256,505.64
79.789,759.12
77,972.5
98.256,354.46
83.5,66.5
82.927,1076.6
88.892,1164.6
85.614,1202.9
86.895,395.42
90.674,793.6
89.535,911.42
92.978,309.62
91.694,710.51
94.64,291.2
98.152,674.78
94.436,272.46
96,1247.1
108.51,474.37
101.55,254.65
99.949,629.46
104.95,1125.5
101.53,114.86
101.79,146.38
103.24,715.41
106.63,808.15
105.04,639.59
106.5,891
109.14,1232.1
113.93,497.85
116.19,441.03
124.98,91.78
128.28,371.14
125.96,1178.8
132.49,118.44
129.67,615.6
127.86,838.64
131.78,1120.8
130.74,712.89
134.06,435.26
139.34,639.7
136.16,946.78
137,683.15
145.19,104.36
137.94,395.09
141.59,51.926
141.09,657.91
147.73,516.85
146.11,859.94
154.07,480.17
150.01,222.06
148.29,181.45
161.19,455.31
162.21,403.34
155.73,589.43
157.03,1066.2
157.88,258.5
158.17,363
160.15,957.41
162.11,1227.6
174.59,185.4
164.47,814.94
164.42,320.89
169.19,916.98
175.9,1108.3
172.01,1184
179.89,858.59
179.2,551.25
176.86,626.69
176.52,315.15
178.3,794.45
179.84,463.59
180.86,831.6
186.94,673.48
183.59,879.53
187.05,1231
185.9,265.53
183.08,595.44
185.09,750.91
189.03,818.25
196.56,989.34
196.47,902.99
194.41,330.02
197.98,443.76
190.83,1217
200.75,11.793
205.49,589.88
209.68,81.009
208.78,164.92
210.54,127.56
215.7,311.65
265.84,450.24
220.22,246.2
223.76,111.11
218.62,1208.3
223.78,3.2289
217.42,1062.9
223.11,66.841
223.44,46.8
229,1000.5
230.9,326.87
235.83,1020.4
233.33,432.53
242.92,766.52
240.21,1220.4
239,784.5
243.35,689.1
246.83,1164.3
241.85,1243.5
247.19,195.19
245.82,495.83
244.61,600.59
243.74,678.31
244.98,1002.4
245.32,97.636
252.35,479
250.59,1191.1
251.06,730.95
250,813
249.23,855.23
251,873.5
254.52,577.8
252.5,128.5
254.8,1014.4
257.83,349.19
256.5,555.5
257,927
262.06,1208.2
259.59,650.41
260.41,1052.7
269.85,330.32
267.65,537.61
272.68,409.97
274.96,497.1
275.47,510.94
275.5,605
281.2,655.56
290.98,555.96
286.34,1163.5
283.14,838.04
282.31,592.06
286.57,942.78
288.2,690.59
290.8,527.82
292.68,154.46
291.32,1031.8
301.29,996.22
304.64,141.45
304.18,582.15
305,897.5
308.22,454.4
313.38,331.06
307,1204
313,354
317.86,985.94
319.89,898.95
318.71,305.14
320.41,155.12
343.31,418.3
323.5,295.5
333.96,966.89
325.11,198.42
325,365
333.06,453.63
334.13,500.07
332.23,596.93
332.03,1187.9
330.83,991.93
333.63,718.16
338.72,1064.4
338.63,523.63
343.33,242.91
343.88,169.5
344.92,139.25
346.47,452.61
348.54,155.48
347.63,843.98
357.09,352.51
351.48,1003.3
356.64,58.95
363.75,801.69
351.14,835.14
353,1247.1
356.9,482.77
357.33,564.13
357.74,863.82
362.85,155.82
362.5,400.5
363.25,621.75
366.96,22.725
365.77,231.92
369.26,694.31
367.94,471.63
375.52,964.91
378.91,552.08
375.17,988.42
375.85,449.4
372.89,512.41
373.73,1052.3
379.56,83.252
374,207.5
384.37,897.56
378.01,850.1
382.99,740.09
381.93,176.64
386.64,587.89
393.32,1098.8
399.27,279.7
402.07,359.38
404.97,578.32
410.06,221.46
409.23,293.62
408.32,398.8
409,975.5
413.44,867.47
414.43,1224.6
421.18,107.85
421,1.8947
420.44,1038.8
433.24,749.65
426.88,1173.1
428.31,42.949
428.1,291.05
434.2,982.82
429.52,387.59
429.66,1210
429.5,165.5
434.6,463.12
433.72,648.61
433.99,447.93
439.16,1246
438.96,376.12
441.04,628.06
445.45,1001.8
443.89,349.55
443.29,1093.8
445.93,962.41
447,293.83
450.68,598.58
453.26,952.93
460.06,75.953
462.52,12.386
456.58,137.45
461.92,381.17
461.07,363.86
463.32,311.92
467.6,55.75
468.86,519.39
473.16,740.96
472.3,851.17
479.8,409.25
477.9,577.57
481.64,816.12
482.49,289.44
483.47,6.4314
482.5,597.64
493.31,957.74
487.24,151.81
488.17,1093.6
491.68,471.1
489.92,1147.6
494.83,249.73
498.85,182.56
498.35,852.96
500.15,1018.4
497.89,758.68
502.29,538.47
500.04,1213.5
508.87,215.21
511.77,719.27
508.48,746.59
513.03,151.89
518.17,124.43
519.16,807.09
520.65,364.97
520.13,905.38
522.56,243.2
529.53,295.62
522,932.67
528,1215.7
528.98,1169
538.26,406.66
539.38,1244.4
536.44,640.67
539.71,939.78
539.4,1004.2
546.67,779.29
543.97,703.49
541.06,813.42
543,609.1
545.04,880.16
545.59,345.16
548.39,509.96
551.21,557.13
545.14,1078.1
545.91,1218.1
546.5,218
550.99,322.28
552.13,269.99
551.06,481.32
552.68,663.2
561.52,53.523
552.02,753.17
555.03,992.98
555.41,16.033
554.4,894.76
559.93,456.96
557.96,921.37
558.14,101.9
554.89,1112.4
564.62,232.15
564.09,1145.5
569.48,1191.4
569.24,596.06
585.56,125.28
577.94,831.6
572.11,1126.4
578.06,219.38
588.69,332.47
585.68,363.68
583.5,457.83
580.36,654.5
584.32,1060.7
584.17,920.13
585,861
590.6,300.6
598.92,471.59
597.18,1014.4
603.17,770.16
600.68,410.3
603.71,669.18
603.64,213.14
603.86,449.24
605.34,133.27
606.2,162.98
607,1188.8
615,311.66
614.79,646.8
613.5,291.5
630.95,114.98
625.61,678.11
631.5,464.36
632.62,1192.2
631.46,203.51
638.57,127.68
639.49,405.82
641.86,1057
642.17,204.65
641.5,1221
650.58,309.52
650.74,451.63
647.5,1096.5
651.94,787.13
655.22,1154
655.68,1136.6
660.14,391.29
662.09,520.09
660.42,331.53
664.34,668.57
667.01,933.32
664.44,415.92
673.1,816.83
674.78,430.25
670,615
680.91,254.13
675.91,149.57
683.39,686.8
676.71,889.75
680.15,46.11
695.1,1212.2
695.44,751.73
684.78,785.71
686.93,655.46
688.28,1150.6
697.33,303.82
695.4,356.9
698.08,11.459
695.64,151.34
694.86,190.86
703.7,516.87
700.42,43.042
703.8,691.38
706.13,332.47
703,1094.1
704.85,1107.9
709.3,184.28
719.6,412.6
707.67,213.6
706.6,733.6
711.29,1225.5
709.53,251.07
712.4,845.31
716.73,134.68
712,236.86
715.94,501.96
720,665.36
716.34,874.41
716.5,760
719,374
723.46,593.66
725.19,90.364
722.11,349.58
727.59,469.17
725.65,1033.9
735.33,276.37
725,972.76
731.13,1059.2
735.01,321.39
727.9,1222
737.08,652.89
738.34,991.32
737.02,302.2
739.12,211.63
737.42,498.89
744.25,735.45
743.12,1150.1
742,602.5
749.55,355.77
748.05,117.88
751.94,5.1349
752.93,197.45
755.16,983.57
755.23,558.07
754.53,650.12
758.26,809.17
761.82,480.51
760.07,143.48
759.2,56.682
762.42,225.14
766.52,362.09
770.15,270.55
766.19,567.43
767.21,656.65
768.73,536.48
774.12,867.11
774.82,683.15
775.29,956.96
775.15,314.58
771.04,826.44
777.55,625.3
771.84,1235
779.16,135.18
783.13,1004.1
779.56,345.78
793.82,450.6
782.89,537.42
796.38,1206.6
787.65,582.62
787.29,1111.5
799.28,1073.2
796.06,1138.4
794.19,145.62
800.57,396.65
801.24,355.11
811.53,70.679
807.49,872.93
809.74,488.95
807.41,1158.9
810.67,138.9
826.37,192.69
815.64,88.801
814.41,253.93
822.05,361.66
826.91,953.23
822.13,109.62
819.96,654.63
823.28,1097.7
824.28,292.08
821.13,52.368
827.5,220.38
824,666.14
827.89,1191.4
826.5,316.5
831.19,802.51
840.94,1166.5
838.58,250.1
837.96,703.57
835,1206.6
837.44,1026.2
837.58,74.808
838.09,1054.6
844,1133.1
845.26,307.97
845.15,589.57
848.81,917.76
849.54,565.99
847.59,111.59
851.44,240.61
859.56,1227.1
857,606
858.92,694.68
868.43,507.34
861.95,256.91
868.62,669.18
865.68,293
879.48,1176.3
878.48,1209.8
875,477.6
874.16,895.64
873.5,170
874.27,943.37
878.05,1148.4
878.15,1244.3
879.17,196.17
884.51,603.64
892.96,140.44
887.57,41.571
887.39,1234.4
889.18,624
895.86,447.43
894.07,501.04
894.36,965.99
894.5,405
896.85,1185.5
899.92,256.51
895.42,887.65
897.2,4.56
906.21,347.44
900.72,1028.7
899.62,1165.4
903.97,88.738
904.61,214.21
904.55,320
904.17,862.12
904,1152
905.12,226.88
918.9,782.88
905.86,810.86
911.31,367.46
910.93,532.93
910,1110.3
911.44,1016.8
913.08,571.3
918.15,196.38
916.55,839.5
921.63,142.86
921.51,175.16
922,63.086
935.35,1130.7
924.7,537.5
929.5,205.18
933.28,1102.1
934.92,413.38
933.78,325.26
933,17.5
938.61,456.17
940.73,176.16
938.19,852.75
937.31,97.861
938.2,290.7
949.44,695.8
963.97,1176.9
948.96,491.46
944.8,512.41
952.18,59.557
948.3,214.62
949.03,548.86
954.88,807.8
950.35,272.94
951.99,89.876
954.25,123.01
958.16,874.88
964.4,981.91
957.25,435.84
957.52,406.09
961.57,1090.1
959.93,1212.3
963.05,354.75
969.32,850.99
960.87,1225.3
966.17,287.71
969.47,1066.6
972.65,469.56
975.67,444.49
980.69,140.92
977.58,676.78
977.4,1041.1
980.51,935.25
980.69,213.19
984.87,569.67
984.31,44.883
987.4,304
989.63,406.87
989.07,529.75
992,177.99
990.3,838.8
995.59,1198.5
995.07,50.948
996.73,601.87
1002.3,507.91
1010.1,938.81
998.46,231.85
1002.5,1025
1002.4,701.76
1002.5,481.73
1002.8,108.59
1004.4,67.705
1006.3,152.75
1008,526.68
1003.3,746.83
1005.9,852.06
1007.4,1084
1010,256.01
1013.5,303.91
1011.5,808.89
1021.1,631.53
1026.9,462.41
1024.5,559.26
1025.1,692.47
1031.3,815.88
1027.4,520.32
1028.4,543.25
1030,739.78
1029.4,596.81
1033.2,1245.6
1033.7,1198.9
1031.6,350.88
1040.7,652.21
1030.9,5.0909
1035.3,489.87
1033,1095.9
1037.6,369.27
1037.5,763.97
1036.8,252.08
1034.7,1222.4
1039.6,523.52
1038,80.5
1045.6,1185.5
1049.3,1092.1
1055.5,417.88
1053,513.84
1051.5,219.92
1052.8,1132.6
1064,775.24
1055.2,233.79
1054.5,932.5
1059.6,261.54
1063,904.55
1058,1209.6
1056.5,1246
1064,1020.6
1060.7,352.11
1062.6,213.02
1067,611.52
1066,1116.4
1063.6,1243
1068.7,1081.6
1069.8,99.434
1071,493.83
1068.8,559.08
1070.9,798.28
1070.9,693.02
1075.8,66.885
1079.7,1163.3
1083.3,530.74
1082.1,753.52
1084.1,899.58
1084.7,612.24
1086.3,307.22
1084.9,974.44
1086.7,265.09
1084.4,331.11
1090.4,1132.3
1086,1199.1
1087.8,431.9
1088.9,703.07
1092.1,1246.4
1096,764.83
1098.4,133.31
1101.1,291.23
1096.4,567.5
1097.7,1197.1
1105.3,735.05
1102.7,1174.4
1103.8,504.29
1102.2,875.44
1105.4,34.633
1109.7,1048.7
1107.5,1076.5
1118,38.904
1113.4,722.96
1113.2,950.16
1123.1,1063
1115.5,1105.6
1120.6,301.02
1117.5,59.769
1119.1,96.346
1120.6,580.5
1128.3,599.39
1127.3,171.17
1129.4,272.64
1150.7,1055.4
1133.4,747
1127,553.41
1127.7,974.05
1132.5,988.49
1132.2,459.64
1131.4,662.03
1143.6,314
1132.9,409.64
1137.2,790.5
1145.6,711.24
1144.1,1200.7
1146.2,618.84
1147.3,518.33
1152.3,766.51
1153.1,533.91
1150.9,594.28
1150.6,135.68
1153.2,469.53
1159.5,870.21
1154.6,390.85
1158.9,669.2
1153.4,431.4
1154,437
1160.2,294.7
1163.2,505.65
1170,201.19
1167.8,846.46
1170.9,6.621
1166.5,245.5
1170,394.72
1169.5,282.24
1175.9,1193.8
1177.5,540.01
1175.9,367.62
1174,481.5
1177.5,701.08
1177.8,68.305
1178,290.09
1184.2,493.73
1189.5,818.71
1182.6,947.96
1188.9,306.79
1189.1,1055.5
1192,290.64
1206.4,330.58
1201.7,961.21
1200.2,1165.8
1198.6,278.6
1204.1,690.35
1204.9,160.44
1206.9,778.93
1206.9,46.091
1214.2,1206.8
1209.7,812.17
1215.5,709.19
1211,739.83
1212.4,472.91
1228,280.74
1215,409.05
1220.5,901.55
1218.1,1178.9
1221.5,257.62
1225.4,229.55
1230,879.7
1239,79.467
1233.6,210.11
1241.2,502.31
1232.5,55.213
1239.8,823.59
1235.9,532.58
1237.9,1216.1
1241.1,521.67
1243.7,758.29
1244.2,1005.9
1246,543.69
1245.9,1225.3
