3.8143,154.17
10.363,437.45
16.337,53.931
12.057,257.43
23.68,1118.1
29.81,105.07
42.698,902.53
43.395,1015.5
46.343,721.05
50.925,242.48
51.959,466.39
47.667,600
51.571,402.97
52.93,489.26
62.517,803.54
58.5,948
64.984,42.448
64.04,203.4
74.47,1112.8
73.048,650.83
81.45,1240.5
80.057,70.131
86.355,263.71
91.562,961.21
93.697,660.56
99.402,1071.3
99.222,885.5
95.074,304.74
102.43,231.67
106,640
122.42,1213.8
117.15,212.38
130.84,826.25
139.58,895.33
142.72,539.46
143.95,936.94
146.62,47.097
152.35,1036.8
155.44,263.46
158.79,905.15
160.17,1232.2
160.66,550
162.54,816.61
183.92,712.24
183.81,1002.7
192.3,360.89
203.85,1110.4
204.08,979.08
211.47,769.3
224.13,857.07
219.68,446.58
224.79,339.5
234.72,133.72
237.68,1145
239.87,604.67
245.02,414.34
244.4,158.47
251.99,950.71
259.72,636.79
264.23,262.69
263.04,773.43
264.33,4.4286
274.98,348.69
278.4,723.17
279.83,1149.9
297.24,192.78
296.54,996.07
309.94,1095.8
319.57,596.88
320.02,285.73
328.17,155.95
340.43,232.14
339.16,830.65
339.56,1011
352.92,102.84
349,310
355.72,1219.9
355.05,327.34
359.35,676.24
357.61,1246.6
358.03,1047.7
359.08,275.92
364.49,859.72
366.07,5.9053
366.18,595.18
377.12,186.8
367.88,384.19
368.92,1167.1
372.81,308.32
378.12,637.47
383.14,125.16
378.5,228.5
381.34,788.86
391.7,706.23
394.46,322.84
402.38,773.38
408.11,170.41
419.77,647.34
416.11,34.964
415.74,1214
420.65,595.42
429.81,296.95
431,902.5
432.92,263.92
439.66,866.97
442,2.2222
450.29,499.55
453.51,467.34
460.5,940
469.37,875.11
469.33,38.031
474.37,484.29
477.69,775.14
477.57,541.29
474.57,226.26
475.74,668.04
482.33,1025.7
490.79,893.8
490,263.75
498.86,108.11
499.58,308.47
501.66,380.35
502.21,745.38
501.83,351.14
504.37,495.17
505.38,427.62
509.43,771.81
512,943
510,1142
510.41,53.074
525.9,111.43
529.09,1238.4
531.97,597.48
537.39,72.276
537.36,520.25
551.32,822.9
553.21,962.8
557.88,1070.1
563.44,298.88
570.15,380.19
574.19,863.65
580.2,132.73
577.54,657.59
586.87,79.968
588.52,1022.6
591.7,284.45
591.67,889.77
600.35,453.04
601.05,111.82
598.91,848.06
607.93,1133.7
613.1,675.38
618.05,1188.6
627.75,927.35
630.5,1238.8
628.42,605.11
632.32,680.31
638.74,40.329
641.35,609.84
639.93,778.59
647,498.24
654.85,938.65
660.87,1136.6
658.2,626.81
676.29,995.45
689.92,336.66
692.24,1017.2
696.9,535.47
706.2,597.8
713.71,769.29
714.48,155.02
734.52,409.91
738.74,1064.1
738.59,735.36
736.2,1206.4
741.88,466.33
746.83,71.698
754.41,386.88
751.08,697.56
757.37,1156.3
757.5,992.5
763.43,1088.5
766.55,927.39
771.22,459.85
778.01,1156.2
776.95,317.82
779.39,748.61
778.07,1231.7
787.47,577.94
792.15,380.13
795.06,1006.4
803.56,858.77
800.5,1229.9
800.54,674.65
811,266.32
824.02,343.46
826.24,1146.4
837.14,160.63
836.97,287.97
836.81,906.7
849.13,68.917
850.96,985.37
850.2,279.7
848.5,923
861.74,312.02
866.3,208.96
872.77,271.92
879.75,305.19
885.58,1031.7
894.19,1147.2
904.19,1212.1
906.65,501.02
905.22,1192.9
907.81,1051.2
908.81,740.4
916.78,828.41
919.66,1242.4
921.44,88.833
933.08,359.08
937.26,622.42
930.5,1212.5
932.79,1189.5
938.46,29.652
939.43,1071.9
944.61,264.87
943.93,1199.3
953.1,711.63
955.79,1245.9
961.2,1212.2
962.4,332.35
971.61,895.45
973.52,403.14
973.16,761.19
982.81,287.88
978.16,1160.5
981.2,607.3
999.7,52.739
994.94,782.09
1010.3,135.15
1018,402.15
1028.1,176.14
1024,280.43
1041.7,238.39
1040.5,898.46
1040.5,871.69
1045,10.478
1046.9,54.078
1050.7,989.4
1050.1,158.36
1058.6,1234
1057,377.69
1069,110.99
1071.7,435.28
1073.6,615.53
1083.3,221.83
1080.8,1131.8
1079.6,1245.3
1080.4,1046.2
1083.7,27.863
1095.2,1033.9
1093.7,422.73
1099,719.09
1097.6,180.18
1098.9,915.56
1099.7,103
1108.2,1237.6
1107.9,509.24
1110.6,572.53
1122.3,80.44
1108,1068.5
1119.5,1105.2
1119.6,301.48
1127.1,1059.9
1124.5,1178
1132.4,316.42
1131.3,126.09
1134.8,1009.9
1136.4,1209.3
1137.5,171
1145.6,1141.3
1139,388.5
1141.2,772.5
1144.5,141.91
1144.7,99.452
1147.9,167.16
1143.4,1121.1
1145.6,127.89
1153.5,588.5
1159.4,261.83
1155.6,1025
1156.8,382.61
1156.5,937.57
1163.4,295.12
1170.2,1209.2
1164,458
1164.6,1235.6
1168.4,784.99
1166.6,1199.6
1185.6,559.72
1176,1240.5
1181.2,1162.7
1181.1,117.51
1180.4,537.39
1184.6,1098.1
1183.3,316.86
1184.2,1141
1183.7,1196.5
1204.8,157.42
1196.2,67.225
1193.6,543.92
1198.4,1209.1
1196.6,333.11
1195.6,1168.9
1196.9,1243.9
1200.3,319.25
1201.5,688.26
1214.1,1169.1
1206.8,841.46
1204.7,541.45
1205.4,1160.9
1207.7,348.96
1210.2,633.3
1212.6,650.02
1210.4,327.88
1224.6,419.9
1226.7,197.33
1226.7,34.93
1223.3,331.23
1229.1,678.34
1230.2,598.96
1231.1,1071.5
1236,311.35
1238.2,494.41
1235.9,1032.1
1235,853.61
1241.9,1180.2
1244.6,387.12
1245.4,149.29
1245.3,287.47
1244.5,1158.3
1246,555.86
