3.8829,450.64
6.2541,1003.1
9.0392,207.88
10.245,166.18
11.193,51.273
13.081,1152.2
19.614,280.36
18.057,448.51
39.946,1058.6
41.576,111.42
48.181,635.45
56.39,576.94
52.38,1127
55.938,452.09
73.481,791.95
92.5,117.3
113.31,1019.1
91,1242.2
94.333,1138.5
93.593,847.93
107.05,74.474
104.39,1169.3
109.58,910.99
118.88,508.88
126.46,380.99
128.96,1160.2
128.3,201.91
128.69,648.42
138.38,625.15
139,271.5
139.29,781.71
143,541.39
141,977
142.86,947.5
151.12,959.01
150.74,687.05
152.5,1131.8
158.42,1107.6
156.7,8.1957
160.49,50.103
161.13,665.64
165.15,946.56
163.83,1148
167.35,255.15
171.48,611.84
172.32,695.1
177.44,789.15
180.09,1201.1
176.24,476.33
174.78,579.15
178.76,876.59
184.03,916.38
182.69,1013.3
188.06,433.64
189.28,860.2
184.6,1188.4
195.5,1224.5
198.94,701.7
208.95,533.79
200.67,810
203.85,732.14
206.38,1173.6
207.64,438.84
206.07,1198.4
209.92,270.8
213,875.99
218.21,924.62
218.66,1064.6
219.37,952.37
224.3,591
226.28,1205.6
224.19,78.071
223.58,344.42
223.94,644.91
226.85,521.62
226.38,1092.5
229.35,699.52
231.03,487.19
246.59,797.36
234.66,581.25
235.22,983.35
237.93,17.16
236,282.5
242.34,204.17
241.64,516.49
250.05,1167.4
241.32,1120.2
248.84,762.14
248.74,999.77
248.28,782.19
249.43,613.09
249.9,641.52
253.21,904.31
254.88,1046.2
264.44,484.26
263.67,1138.8
265.17,85.426
265.4,222.57
267.46,1079.3
269.8,1049.2
268.01,816.44
279.93,921.24
276.62,526.27
276.94,1002.9
279.39,261.03
280.52,633.68
279.35,75.216
283.79,722.35
283.79,981.89
284.5,1043.5
288.28,334.33
290.65,357.43
293.06,748.22
298.46,1115.1
292.86,435.14
295.51,922.86
299.02,1232.7
299.89,995.07
307.47,1038.9
312.04,596.62
312.72,655.92
307.67,26.643
312.11,70
312.22,101.6
317.14,475.41
316.32,857.58
321.44,195.38
319.2,412.91
329.46,1059
334.29,599.15
328.63,1124
337.61,985.73
334.36,126.59
335.02,446.52
336.64,14.453
340.27,1097.6
341.48,369.27
338.86,1148.6
349.99,1029.6
351.76,671.74
351.65,886.69
358.8,781.72
353.57,1055.4
356.86,1121.3
360.51,630.15
360.24,1233.9
361.9,299
368.13,1052.1
384.83,892.1
373.71,242.71
373.5,308.5
374.71,578.5
379.51,676.17
381.85,472.62
385.24,784.91
380.61,1244.2
383.57,151.94
391.84,972.45
396.09,777.38
397,619.18
401.31,1204
400.3,189.68
408.42,172.58
415.5,1046.5
420.67,354.17
428.84,728.48
423.68,1016.2
427.53,996.73
431.64,591.48
429,1226
434.17,654.64
439.76,106.21
437.83,151.4
436.39,441.14
445.64,1181.6
446.21,1213.8
449.76,1164.4
454.35,252.27
452.19,482.34
452.63,753.65
452.87,384.39
456.36,613.82
460.73,635.15
458.13,1141.9
474.43,1133.5
471.76,1000.3
480.07,169.07
472.5,977.42
481.26,905.8
479.09,940.91
490.09,1162.9
495.83,839.92
494.12,909.88
495.12,625.98
506.39,139.84
503.73,37.703
510.83,1235.4
514.11,52.447
514.16,704.4
520.29,563.21
521.49,898.31
520.9,1044.4
523.99,259.29
523.65,446.09
528.21,782.48
525.53,990.08
526.58,1210.4
538.61,899.35
538.09,523.97
543.05,417.54
540.4,861.77
540.09,1055.5
550.98,935.62
548.51,806.43
552.5,70
561.79,117.22
561,815.82
563.77,463.44
564.29,970.55
568.5,415
569.76,591.1
572.44,360.9
573.88,734.12
576.31,956.16
578.56,844.9
579.44,325.56
591.82,915.33
597.84,463.73
599.94,155.36
600.31,225.17
599.96,446.48
600.33,566
613.13,886.23
614.91,974.65
618.59,621.07
622.18,177.4
622.92,1134.9
629.17,824.8
627.83,894.96
638.96,612.82
638,1216.5
645.33,970.9
644.91,119.13
648.04,280.95
651.92,44.892
652.66,567.85
656.79,6.3869
658.5,499
663.66,354.84
666.87,563.19
662.5,814.5
669.77,1228
673.32,675.75
674.53,213.88
674.46,88.465
676.17,1159.5
681.07,877.44
680.83,1123.1
683.67,1144.9
688.08,141.1
696.88,489.12
698.32,983.03
702.78,440.56
707.03,874.21
715.58,840.45
721.69,145.85
723.51,1136.6
725.86,108.64
733.53,374.84
739.91,1246
739.11,306.57
738.5,1029.5
747.27,451.19
757.31,1056.2
755.82,1100.3
758.75,1157.3
759.96,247.34
764.08,331.8
776.12,668.31
786.53,843.71
794.22,21.104
800.56,974.46
802.85,227.12
806.28,338.86
828.78,773.65
839.21,200.74
851.94,882.19
852.41,160.19
866.77,81.594
860.5,871
867.71,624.52
870.81,979.03
873,1049.5
876,1103.5
885.96,1235.6
885,704
887.77,253.48
888.85,421.1
893.56,1072.5
899.05,182.37
904.48,871.29
910.32,661.16
910.46,600.09
909.79,425.35
910,464.32
915.22,68.012
921.23,364.07
920,514.5
924.95,161.93
936.61,809.36
939.05,449.13
943.21,108.34
949.65,1004.4
957.24,81.323
965.15,47.246
961.88,228.35
972.65,297.06
978.07,457.27
978.16,159.18
981.21,1064
991.5,1135
997.85,1165
1033,498.46
1030.5,230.34
1044.9,1166.8
1061.3,312.35
1057,753.34
1065.1,111.07
1072.5,1085.3
1078,1204.7
1085.4,1195.4
1089.5,1048.2
1093.5,1031.7
1102.2,789.93
1103.7,1157.8
1103.3,1235.9
1115.9,1210.8
1119.9,1228.7
1122.2,641.54
1130,963.28
1132.1,145.41
1135.2,471.5
1133.9,196.41
1144.6,1143
1147.2,1225.1
1150,362.5
1156.4,48.558
1161.6,861.74
1168.6,263.74
1166.8,145.22
1180,176.82
1191.3,1091.8
1196.5,1217
1197.1,353.93
1220.1,278.61
1238.6,379.02
