3.0926,1227.7
9.3036,38.821
15.545,72.479
15.579,584.25
16.214,1179.4
17.312,970
24.038,1224.6
26.847,282.77
27.654,16.617
26.229,267.02
27.271,496.44
28.565,838.55
27.909,29.909
28.81,826.14
29.781,1002.6
31.707,927.62
42.551,5.1121
40.956,37.422
46.193,104.72
46.891,261.37
53.478,807.66
55.44,887.24
53.564,1017.9
60.842,1132.8
74.6,125.6
85.118,542.11
89.5,431.5
90.857,1119.1
92.409,941.66
92.864,405.41
98.574,351.65
97.571,1246.7
99.059,757.55
109.75,547.97
114.47,977.77
110.68,623
114.12,695.58
114.61,582.32
126.45,435.02
130.09,457.4
140.21,430.55
143.83,867
150.26,394.02
151.65,600.27
149.09,967.87
150.71,184.25
148.5,753.5
152.94,279.58
153.59,1068.8
153.84,1085.2
154.23,1101.8
154.95,333.09
152.94,169.94
158.96,557.96
159.44,993.08
166.04,1128.5
166.45,355.42
168.96,1101.5
166.93,1233.7
178.33,907.29
181.37,729.36
180.21,2.2917
179.9,338.38
181.37,362.37
184.28,1010.6
181.83,1203
190.42,990.42
196.9,1084.1
202.37,786.37
206.63,992.06
210,365.15
207.58,981.89
215.32,73.061
220.53,868.15
215.6,188.89
214.08,1013.1
221.73,236.61
220.66,663.04
223.42,444.45
228.38,35.852
238.95,1055.7
256.61,1184.5
254.21,1015
254.71,1089.4
253.94,73.532
256.26,187.83
256.11,307.42
257.77,434.77
263.55,362.53
262.57,62.946
268.59,23.568
268.43,332.87
271.76,608.12
275.71,107.08
272,910.5
273.53,241.17
274.4,1095.4
276,1183
281.44,407.93
281.64,670
289.09,545.91
290,302
300.4,833.84
298.77,995.83
299.29,214.91
302.87,300.71
305.21,1146.5
308.01,409.68
305.5,146.5
309.07,1047.3
308,48.5
312.02,284.06
311.09,348.09
322.94,545.07
321.19,1035.4
324.21,655.66
325.98,1113
329,983
335.88,67.134
332.48,850.4
335.95,735.46
340.08,191.23
340.38,120.32
342.18,755.19
346.97,349.64
350.73,498.65
350,1093.5
352.65,408.47
351,619.5
355.12,1125.7
360.71,2.3214
364.62,169.74
373.09,454.44
372.5,147.35
372.67,674
373.5,115.5
383.23,795.03
378.43,89.057
392.05,228.85
393.97,513.15
394.68,792.94
399.03,285.82
398.36,330.82
403.92,962.44
403.89,63.604
405.82,1234.2
408.36,365.79
407.92,1184
414.35,440.55
412.56,318.03
412.76,1002.7
412.8,1074.9
419.29,285.14
430.65,561.87
430.3,126.18
449.07,940.38
447.5,337.67
445,57.321
446.15,958.19
449.21,211.74
449.89,611.39
448.93,1184
451.09,1241.1
454.64,567.16
458.93,102.95
460.75,459.51
460.98,358.86
466.48,486.55
466.99,174.71
470.04,501.02
471.5,1154
474,863.68
477.89,372.67
479.84,443.93
481.09,760.09
486.57,800.81
483,123.76
489.14,364.5
493.14,590.43
502.71,236.5
499.37,1129.6
504.92,490.07
510.92,279.84
509.55,965.29
510.94,1102.5
511.99,1206.6
522.23,1042.4
522.47,914.73
524.01,405.88
522.5,353.5
524.46,441.07
524.17,1097.7
526.68,172.42
525.93,774.59
529.91,100.09
534.5,1183.5
537.5,635
535.63,1100.6
540,461
542.97,1126.9
542.88,1229.3
545.06,651.91
548.33,1056.7
551.64,712.35
550,1084
554.79,383.18
557.91,574.91
561.5,352
567.5,127
568.63,64.698
569.93,330.9
572.5,722
575.93,1025.8
574.42,75.105
576.97,491.95
579.09,161.55
580.34,539.87
577.07,1166.4
587.43,251.41
587.46,1079.1
589.74,1230.5
589.22,592.85
586.92,925.92
594.45,407.91
595.46,145.52
606.49,990.96
605.58,255.45
609.88,203.54
610.66,322.47
612.52,1126.1
613.92,767.92
620.63,1202.1
623.93,505.37
623.76,877.98
626.1,652.59
627,446
633.91,302.13
643.57,108.53
646.73,204.93
650.78,427.86
646.08,988.92
649.86,913.1
652.31,1230
661.05,600.36
662.43,834.31
671.01,290.25
668.91,381.23
675.3,1074.7
675.11,874.79
686.97,110.97
689.28,603
687.07,294.59
699.09,165.84
698.44,29.22
696.42,1220.1
707.3,90.026
710.66,545.99
709.6,792.5
715.15,975.1
712.09,58.911
710.5,761.5
715.58,217.12
717.3,1145.1
720.05,6.5478
715,271.76
725.1,949.38
726.24,1136.8
728.17,876
728.83,487
734.53,1193.2
734.69,167
735.63,725.04
737,228
746.39,819.68
748.78,903.65
748.41,219.45
757.49,1111.9
754.76,1154.1
758.69,482.67
783.8,1171
768.58,692.89
772.05,846.25
777.77,466.73
777.97,1111
781.33,1027
791.1,71.161
789.12,938.12
795.19,505.62
795.19,580.62
796.58,693.89
801.78,385.94
800.37,1034.9
806.71,237.65
805.96,437.63
808.77,711.87
815.2,874.9
807.42,574.11
815.71,1005.2
813.93,846.41
816.5,549.63
819.73,674.59
819.11,1244.6
821.95,566.35
824.15,624.5
822.17,226
825.36,179.62
825.09,432.09
829.21,771.71
834,347.83
837.59,865.03
836.08,1045.6
840.48,359.39
843.03,572.31
850.11,255.56
844.42,814.11
850,202.26
854.95,498.49
851.5,445
852.14,680.35
852,805
858.52,958.3
857.5,26
859.21,460.98
862.82,274.9
860,334
859.67,164.17
870.36,977.12
871.23,756.05
873.35,556.11
872.16,961.23
875.97,885.14
876.43,476.35
880.09,586.91
881.47,822.44
883.4,534.08
882.67,1086.6
889.66,708.71
893.4,502.1
894.09,1122.1
894.17,395
896.18,597.33
898.18,458.24
896.88,804.65
908.73,319.73
912.92,960.54
912.57,29.607
914.82,53.845
914.88,362.45
914.09,518.09
915.5,299
924.55,1172.6
923.47,1220.7
925.92,277.44
927.07,174.59
931.47,1040.9
930.67,554.37
934.9,862.93
934.46,1140.4
931.69,1229.2
934.07,804.68
934,484
938.66,509.38
944.06,76.239
953.46,466.05
953.9,510.37
953.54,718.13
959.35,288.14
961.92,654.46
962.07,1069.6
964.43,788.04
966.78,618.26
965,204
972.08,1191.5
972.33,695.8
974.09,718.18
972.5,304.79
973.6,1238.6
976.39,567.14
981.56,1216.7
983.97,438.88
989.02,832.57
982.92,505.2
987.69,304.94
985,354
986.05,522.91
988.68,975.03
992.07,245.01
994.35,515.5
999.66,1118.4
1004.3,236.15
1007.2,588.12
1009.1,731.2
1016.7,1143
1016,524
1016.4,638
1023.8,151.06
1023.5,909
1029.3,1016.4
1030.3,248.16
1033.6,81.765
1032.8,496.66
1032,513.5
1034.4,1073.6
1033.5,611
1038.9,238
1047.1,167.14
1052.7,1062.2
1056.5,1225.5
1052.5,153.94
1062.8,755
1061.7,816.7
1061.9,420.51
1063.7,49.423
1061.9,1080.7
1063.2,180.06
1062.8,1246.2
1068.3,624.37
1067.7,1191.4
1073.1,396.63
1074,926.99
1073.8,371.41
1079.1,741.62
1081.1,1184.5
1087.3,947.16
1088.9,893.7
1090.3,328.42
1094.9,405.63
1096.5,972.97
1095.8,1067.7
1099.3,312.2
1101.6,533.3
1102.3,590.51
1106.4,1118.4
1106,866.5
1109.6,364.11
1114,927
1119.8,422.89
1126,149.75
1128.6,467.36
1131,551.68
1138.3,1045
1146,999.27
1142,1095.7
1141.9,88.5
1144.9,744.69
1147.5,772.67
1148.9,506.13
1149.8,1222.4
1153.6,728.31
1154.5,844.22
1165.1,550.53
1167.9,1166.1
1171,138.04
1175.8,1072
1175.1,687.7
1174.4,870.61
1177,947.5
1180.2,984.6
1178.4,1025.5
1181.4,1140.1
1181.6,193.36
1185.3,649.16
1184.7,1101.9
1186.1,1212.6
1185.5,457.5
1187.3,939.5
1188.6,707.94
1192.4,479.62
1192.5,973.5
1195.6,650.89
1203.4,287.56
1204.8,3.9643
1203.5,415.24
1204.5,989.74
1203.7,857.95
1210.4,708.26
1208.9,831.55
1210.4,1094.4
1211.9,213.5
1216.4,879.71
1214.4,153.05
1215.9,806.11
1219.9,308
1218.9,744.5
1224.1,550.52
1225.8,865.53
1233,1191.3
1229,454.75
1232.8,584.84
1232.9,842.79
1235.4,924.87
1235.2,995.05
1238,241.83
1236,170.5
1240.6,979.3
1240.4,1151.1
1245.6,53
1245.8,933.15
