2.3333,136.87
2.2941,215.88
5.3372,400.74
3.2674,430.38
4.6859,458.85
6.6263,478.06
3.8737,564.06
6.3234,616.37
2.6538,699.06
5.3,878.14
2.3333,903
5.3247,1041
10.895,585.03
12.405,660.69
11.061,639.45
15.15,53.885
14.267,828.63
17,596.5
17.105,727.42
19.048,167.81
21.891,253.18
23.772,1229.3
20.171,38.629
21.435,299.61
27.622,1012.7
26.368,341.53
29.819,601.49
27.919,856.62
29.12,819.45
31.832,1159.8
29.687,539.18
28.818,1111
30.177,791.89
31.333,1180.5
33.798,128.58
36.273,1081
35.6,231.6
43.162,153.65
42.745,434.63
44.084,216.34
42.308,1145.8
40.944,709.7
44.988,872.1
42.5,1215.4
46.789,46.554
51.76,745.73
47.07,955.63
44.115,461.65
43.412,728.06
47.889,480.44
47.135,563.76
52.637,633.35
53.904,178.01
59.094,792.7
56.631,994.37
64.162,196.66
66.116,412.64
60.365,1079.7
61.395,331.37
65.024,451.71
70.34,594.32
62.053,777.02
63.272,883.49
61,1197
63.477,71.492
65.561,579.25
63.64,1110.5
65.4,477.78
69.464,229.89
70.775,1214.9
68.419,150.65
75.5,154.5
78.064,655.47
77.455,1078.2
82.07,1067.1
88.72,1086.3
83.861,786.67
83.759,522.96
85.243,1188.9
86.667,42.449
88.861,345.5
90.831,1012.9
92.284,1147.9
93,633.5
92.719,97.942
95.062,586.29
95.556,385.58
98.956,503.26
100.54,139.77
105.85,896.06
101.64,851.87
99.951,1123
104.2,433.09
110.51,229.45
107.95,1103.5
108.73,1189.9
113.67,448.39
111.56,653.36
113.21,803.74
112.9,768.15
116.06,66.978
114.51,824.24
119.67,5.3737
120.82,543.82
123.2,677.54
120.5,1070.5
123.77,698.04
124,1153.2
126.45,142.53
134.18,378.13
130.76,406.74
132.43,768.59
133.25,433.88
137.15,639.93
135.89,365.04
138.48,485.09
140.06,708.55
139.58,274.89
148.77,1058.2
144.96,103.34
149.73,631.47
146.12,727.15
154.07,784.95
153.54,1116.9
154.09,285.64
156.11,1012.7
159.15,484.33
157.15,732.63
158.1,178.17
159.83,990.31
159.28,1179.1
167.01,348.76
165.43,1132.3
163.71,75.569
166.61,312.25
175.06,1004.9
169.86,371.59
171.5,1069
176.41,420.59
177.43,522.55
179.84,617.56
177.73,704.6
180.56,4.2394
180,381
182.4,870.98
185.59,795.15
187.86,1194.8
192,348.77
187.42,1029.1
188.22,1110.5
193.41,989.38
194.08,448.3
202.97,712.25
194.42,414.89
202.64,322.03
204.5,1157.1
198.57,609.43
200.69,236.97
206.61,1097.9
203.82,646.55
217.27,1066.6
204.58,488.11
216.09,811.76
210.64,985.06
213.58,169.34
214.02,247.09
212.36,454.7
220,1240.3
218.24,585.55
214.63,768.63
221.75,640.94
218.02,785.68
221.94,439.68
222.93,618.38
225.21,101.55
229.12,188.74
224.67,715.67
225.72,944.66
229.3,852.97
225.5,896.5
227.68,119.78
227.93,513.05
233.11,17.885
231.67,1146.7
233.16,537.88
234.45,770.38
236.1,352.56
233,982.25
233.58,294.89
237.99,309.73
239.08,722.01
239.18,837.81
240.03,1008
238.18,595.62
237.6,639.6
245.69,951.03
239.95,1056.9
243.27,702.87
247.92,426.48
254.07,170.43
247.3,288.2
250.14,915.76
249.44,204.08
252.3,99.083
251.86,629.63
252.5,638.5
253.91,803.39
260.32,1024.9
262.51,128.86
259,1188
262.86,836.48
261.11,626.58
263.9,574.48
265.36,739.55
267.41,310.95
263.55,750.09
267.74,1130.2
266.07,619.41
266.15,1061.5
269.11,213.61
268.3,876.06
273.77,541.24
273.17,588.04
276.04,859.64
274.07,1061.5
278.94,628.21
275.5,969.5
282.55,564.79
280.94,403.03
291.48,850.61
287.58,801.58
290.5,58
294.79,891.05
295.49,1098.8
297.5,54
304.22,756.31
300,591.5
310.23,827.6
304.89,1041.7
309.14,353.21
308.57,494.68
305.79,431.2
308.07,661.36
308.83,514.62
305.5,778.67
306.12,133.65
309.97,1113.8
310.39,1242.1
313.86,328.53
315.07,561.18
315.94,1076.1
323.24,623.45
320.29,761.5
327.96,7.6854
328.37,1031.3
328.12,640.5
333.48,858.51
329,211
333.45,229.65
345.22,366.8
332.9,646.94
334.8,820.24
338.3,627.33
336.59,458.07
338.11,1053.6
345.39,743.59
343.64,1173.4
348.29,151.52
357.18,642.91
361.27,860.37
356.52,274.7
355.42,19.895
358.07,923.12
362.1,944.81
362.75,470.57
362.95,1241.9
363.12,353.84
365.06,512.66
365.74,554.43
364.12,979.32
364.59,607.07
371.13,1005.2
372.09,136.41
370.78,40.417
372.9,410.87
376.66,1054.5
378.65,980.54
382.72,875.63
377,544
385.08,1112.7
388.34,603.35
383.43,785.67
389.91,505.55
388.27,636.11
387.75,739.42
391.94,1062.1
396.2,100.95
398.78,582.45
398.76,383.91
401.2,1006.2
399.37,782.55
401.77,636.77
409.4,850.88
408,634
409.86,834.86
420.73,677.64
422.46,893.66
422.42,929.23
421.43,18.943
422,238
424.95,449.24
435.36,969.91
424.45,502.35
424.64,116.82
430.79,357.5
428.49,655.9
430.52,1093.9
430.71,153.47
436.26,396.38
435.71,285.14
434.57,872.06
434.5,42
441.82,779.48
439.42,477.89
444.42,1185.4
445.47,112.66
456.98,473.61
451.76,519.24
450.72,575.69
452.55,612.55
451.15,1247
461.52,911.34
464.59,75.118
473.6,785.03
467.91,853.14
466.89,215.92
469.11,749.64
476.94,947.01
479.98,667.16
480.27,523.3
480.52,544.48
479.58,715.89
481.73,1087.9
489,1212.7
483.97,609.65
486.55,1032.4
484.86,365.16
492.14,752.61
486.4,337.6
488.5,559.5
488.59,703.94
495.91,549.24
496.26,79.935
491.38,949
497.6,936.77
498.61,50.641
494.95,322.68
508.01,648.79
500.74,1094.4
504.12,166.3
507.1,390.17
512.66,508.8
512.94,576.01
511,563.5
512.6,843.4
516.3,868.43
520.67,1202.3
526.42,946.02
528.77,634.43
523.78,682.15
527.15,70.537
533.77,1044.4
536.25,795.93
532.21,755.16
531.89,98.541
531.63,208.63
536.15,519.6
537.16,1219.5
536.52,195.32
537.13,443.64
538.9,173.69
589.64,609.26
540.64,501.8
540.4,494.4
543.31,89.583
555.75,530.54
551.93,804.05
556.83,827.89
553.42,1214.1
555.67,165.1
558.92,687.07
557.31,1183.1
561.67,112.48
566.61,1131.9
567.07,224.49
574.42,882.2
569.08,1078.9
570.08,429.71
569,393.4
569.79,657.06
571.91,1168.2
575.83,82.578
577.08,506.12
576.6,824.94
583.68,469.87
583.51,323.1
579.69,789.45
586.54,775.14
585.51,1104.9
587.37,381.27
592.02,852.75
590.08,915.71
591.15,14.985
595.72,1083.8
596.4,203.89
599.43,686.18
595.61,1228
601.17,323.02
601.92,252.54
606.1,1199.3
612.57,782.95
608.61,1066.9
613.18,969.19
613.78,447.59
614.53,548.19
618.84,270.73
625.19,24.471
624.93,492.89
625.13,1093.2
631.62,203.56
633.85,318.97
632.2,462.83
635.33,348.04
652.94,575.04
640.53,1220.9
640.56,506.44
643.87,816.72
644.63,1195
646.46,60.043
654.59,1122.4
652.08,20.268
658.34,529.88
659.88,387.07
662.57,1066.1
672.74,1147.4
664.63,1207
666,464.58
668.45,959.21
673.44,404.28
669.26,870.61
671.18,134.5
676.39,919.86
677.85,840.39
682.92,284.77
683.96,719.4
686.54,204.59
704.08,549.04
683.89,1067.8
689.23,770.15
688.26,575.38
690.43,1194.9
695.45,491.68
694.36,943.2
697.82,154.62
700.52,1169.4
698.54,313.63
698.75,978.62
695.36,47.682
698.43,717.53
700.61,886.08
711.94,630.69
714.46,744.82
706.9,422.86
700.08,687
701.19,85.857
710.52,818.77
715.65,478.96
717.96,454.09
719.63,382.64
718.98,1039.9
720.45,1226.8
723.76,714.23
724.96,1126
731.45,18.632
735.79,561.11
731.72,1108.5
734.65,164.49
740.78,203.26
731.82,519.27
736.95,32.868
738.57,112.62
735.47,540.12
736,634
742.79,850.07
742.83,273.28
743.47,1161.7
743.84,993.76
753.52,941.8
744.67,529.83
749.47,580.68
749.83,435.67
756,322.38
755.54,520.05
750.9,542.02
751.89,31
753.43,445.85
754.58,902.3
753.58,1029.1
757.9,302.82
759.63,115.63
760.26,875
763.68,1244.9
767.68,1090.3
772.29,537.88
774.87,380.96
769.86,621.58
781.45,1143.9
784.39,265.14
784.37,293.27
783.5,480
796.54,1212.2
786.63,978.46
789.61,874.2
791.81,650.17
790.24,1108.6
795.03,841.29
795.93,1042.5
806.22,1083.6
813.34,333.85
806,1016.5
814.65,870.83
823.63,918.23
817.48,946.11
815.64,969.7
817.97,1149.6
820.05,635.13
818.83,474.93
820.52,761.79
826.47,277.99
823.45,1003.1
829.52,714.41
834.5,1036.6
834.48,645.17
838.5,84.429
837.42,947.35
843.82,279.03
842.5,436.98
842.64,1011.2
849.49,802.97
850.33,1052.5
854.86,977.61
854.39,775.84
852.19,828.63
852.55,243.72
855.53,1155.5
870.79,272.97
870.17,223.09
871.86,1048.5
878.64,121.51
882.57,546.12
883.13,1089.7
883.84,1189.1
884.91,83.091
887.43,1119.5
901.95,475.87
905.03,390.27
903.6,537.07
902.45,1082.7
903.47,970.82
907.67,435
912.18,556.77
913.36,193.03
917.26,287.02
921.02,1024.2
918.04,215.42
918.16,517.78
924.94,460.28
925.4,147.76
923.12,757.65
926.04,534.65
928.39,1109.4
934.09,39.75
943.91,374.46
935.65,1010
936.95,541.18
945.12,422.81
953.97,728.75
946.98,598.88
951.63,520.45
955.28,357.04
964.1,310.89
961.07,1232.5
956.14,148.04
961.1,1153
958.29,880.55
968.21,398.22
969.78,1115.3
967.49,783.27
969.53,907.08
971.79,760.15
971.37,1095
975.6,161.86
970.41,235.93
972.47,368.29
972,1213
975.09,891.47
975.84,1075.2
988.93,652.28
985.94,108.57
987.6,1223.9
999.03,271.52
1002.5,689.05
1004.9,519.4
1007.4,1119.1
1011.9,1222
1007.6,146.17
1011.3,443.1
1015.3,269.74
1016.3,179.51
1013.1,1057.1
1012.3,1197.3
1018.1,504.16
1014.6,1241.5
1017.3,861.4
1016.4,1015
1018.2,547.8
1017.8,773.41
1020.8,1127.5
1023.5,309.02
1020.2,895.3
1029.1,530.65
1028.9,844.24
1038.3,269.43
1036.2,927.31
1034.6,1046.5
1038.1,1073.4
1036.3,1111.8
1041.8,744.72
1045.4,1125.1
1048.1,691.2
1048.9,1182
1052.6,1219
1054.2,1086.9
1051.9,851.41
1066.1,181.45
1070.1,351
1069.5,907.02
1070,126.5
1072.9,809.96
1070.9,286.09
1073,1207.5
1075,270.5
1080.1,1042.9
1079.1,1128.7
1086.1,135.02
1081.8,213.84
1086.8,948.22
1085.1,671.75
1091.9,1107.6
1096.7,536.49
1095.2,179.28
1096.2,1053
1101.4,25.937
1107.1,864.79
1106.6,1014.7
1106.5,1099.1
1108.5,333.95
1108.5,598.08
1112.8,740.47
1114.9,1178
1116.1,575.86
1120.1,261.12
1116.4,588.11
1118.1,215.05
1125.2,319.03
1119.4,457.71
1122.4,910.76
1125.9,281.88
1129,33.837
1129.1,1102.9
1129.8,371.51
1132.5,602.96
1130,730.5
1140.5,933.56
1141.3,1002.9
1149.5,144.16
1150.9,32.817
1153.5,219.5
1154.7,1178
1160.1,550.65
1158.8,724.3
1160.6,193.63
1160.1,920.65
1163.9,635.41
1165.1,1184
1165.9,1076.9
1178.5,1128.8
1171.4,844.93
1177,453.1
1182.5,1238.5
1180.8,1174.1
1180.3,223.81
1181.7,584.16
1185.5,44.687
1189.9,954.83
1189.5,687
1190.8,6.6667
1192.7,447.35
1193,1014.3
1194.5,744.09
1198.7,251.09
1198.4,1119
1198.5,537.29
1203.6,266.63
1203.7,98.308
1210.4,1220.4
1218.3,374.04
1216.2,1083.9
1213.7,743.8
1215.8,827.31
1214.1,1238.9
1218.6,159.33
1218.6,643.3
1219.8,707
1223.5,1118.1
1223.9,42.75
1231.1,162.9
1236.5,455.55
1238.1,515.12
1247.1,1240.2
