2.4231,243.77
4.4615,383.44
5.2796,409.45
2.7,618.9
6.4589,730.91
3.2188,967.38
6.7797,219.37
5.5789,539.11
12.876,605.08
10.471,48.863
16.527,117.28
13.581,1004
17.545,40.545
19.731,921.67
20,551
22.419,857.07
24,1049.5
26.918,1242.9
30.483,310.22
35.084,1127.3
36.126,1157.1
33.702,249.81
41.496,13.203
36.268,801.96
43.591,658.93
44.739,161.89
44.532,200.96
44,1008.3
51.128,584.45
46.773,404.91
49.059,418.41
50,645
58.943,631.74
66.769,769.58
68.596,659.66
71.354,985.24
75.395,587.19
78.569,1008.7
79.657,839.32
78.884,1043.1
84.094,1188.1
86.655,1157.6
95.829,708.86
89.471,435.78
90,954.33
91.205,11.759
95.851,750.54
96.15,885.61
94.78,927.34
99.808,1056.3
103.08,104.44
104.06,1220
112.4,534.21
106.8,551.2
110.47,668.57
112.46,756.47
116.75,159.1
117.26,591.86
122.01,613.69
120.66,1187
121.73,1219.1
120.5,641.5
122.09,1205.4
128.8,864.7
139.5,457.88
130,559
137.23,824.3
132.86,1073.9
134.6,301.6
136.34,620.47
142.1,556.71
142.22,69.054
143.43,272.43
152.13,1134.8
161.03,672.8
163.15,62.077
163.21,633.87
165.5,922.03
161.95,255.23
170.4,442.36
178.47,1170.2
172.86,1093.9
177.66,570.23
173.1,770.97
181.52,403.17
181.26,59.686
180.4,606.85
180.5,1031.5
187.83,34.599
187.97,155.81
185.66,689.17
188.68,1068.2
191,899.33
194.07,76.63
196.48,649.22
203.75,143.91
204.89,674.37
206.02,217.72
203.5,280
204,1077.7
209.02,1204.4
210.8,64.09
208.32,741.5
213.33,155
213.8,1190.4
231.71,628.83
235.36,655.98
231.08,1212.4
235.69,711
231.95,1204
233.03,430.41
238.07,1140.4
243,69.231
242.58,443.11
246.64,488.31
247.18,217.49
248,686.85
259.46,1217.3
251.8,193.32
258.82,425.02
268.5,994.33
270.14,183
274.33,191.47
274,43
282.29,168.39
284.47,210.27
296.16,739.49
296.31,973.38
294.79,70.326
297.91,687
297.07,148.93
300.07,51.466
302.78,1165.8
305.15,824.95
306.65,1128.7
308.8,1099
306.83,715.67
312.3,1209.6
317.63,323.78
316.23,56.154
316.28,724.66
322.15,148.85
320.11,339.44
322.2,552.75
320.65,44.204
327.61,751.14
327.02,503.74
326.64,1179.1
332.55,1133.5
331.79,1114.5
334.47,43.656
339.41,594.59
349.47,855.05
346.07,900.35
343.1,1165.2
345.98,266.64
354.44,608.25
352.63,563.03
357.02,739.11
361.86,1063.8
360.32,411.24
359.12,806.75
366.53,286.9
363.25,533.03
367.95,1162.8
371.33,98.384
370.26,1206
374.9,465.26
378.59,514.46
382.92,756.37
382,940.5
385.83,361.13
389.96,1206.9
390.5,235.62
392.86,504.43
392.59,872.24
397.96,1025.6
399.4,480.4
405.49,54.541
404.59,551.07
406.54,706.19
407.88,838.24
410.94,1166.2
407,415.5
407.94,247.55
413.48,483.63
416.81,347.78
420.5,569.94
417.33,113.44
420.22,721.16
420.08,594.42
421.78,4.6567
423.36,921.3
422.33,864.38
430.77,639.97
429.73,298.17
428.39,1032.8
426.42,1166.1
435.29,424
449.55,661.54
449.74,391.71
442.65,577.5
444.54,32.487
445.04,682.69
449.07,624.07
457.24,344.68
459.97,774.37
464.14,1192.3
466.41,854.25
466.32,359.48
470.41,485.08
473.05,785.16
469.66,424.53
472.89,1119.1
478.05,1230.7
476.5,803.5
499.02,331.09
482.46,1245
493.68,807.18
494.09,1153.4
495.17,1230.1
496.55,307.57
501.5,19.654
500.73,485.45
499.08,790.6
500.46,782.69
509.5,574
513.82,1022.3
510.39,1144.5
515.22,19.608
517.03,630.37
525.54,1115
520.29,734.27
523.34,679.61
523.98,875.74
528.48,1196.7
527.45,1033
528.62,423.5
529.27,1057.9
530.8,415.3
531.96,385.31
531.11,435.58
531.84,1095.7
534.63,713.16
540.91,1146.8
535,1156
541.47,758.77
545.48,573.76
547,565
550.68,1220.8
560.05,920.04
561.62,78.625
561.86,992.86
571.25,412.36
564.08,163.08
564.49,856.85
575.86,366.73
574.05,559.57
580.61,1209
580.8,348.68
589.26,944.47
585.5,1090
588.72,1187.9
588.46,658.15
588.56,1238.8
592.84,337.87
591.77,1139.8
594.82,967.95
608,1211
613.53,304.71
606.06,756.73
606.8,525.92
607.7,574.87
610.43,781.23
612.97,946.63
610.87,772.31
611.59,1090.5
619.02,1232.3
627.32,597.99
629.17,1046.5
629.13,1104.7
627.61,1198.6
630.39,885.25
630.24,474.74
631.53,193.83
633,954.5
642.42,1144.7
643.9,67.403
643.93,944.97
643.72,756.4
647,1089.5
655.74,1161.1
653.92,1226.3
660.67,125.2
653.41,877.93
655.36,1016.8
657.31,463.26
661.96,184.2
674.93,816.73
666.09,1104.9
675.49,1192.9
670.22,1089.7
671.73,738.62
677.44,747.64
683.62,561.95
683.52,95.567
690.97,977.77
683.5,226
690.63,730.74
697.76,874.87
694.67,1058.9
699.89,1232.1
702.28,1144.5
722.54,312.8
715.17,120
715.5,179
724.16,1150.3
717.4,255.6
718,888
728.07,13.14
722,299.56
725.58,627.89
728.68,1030.9
733.2,283.43
743.95,1234
747.03,300.73
749.7,115.96
748.57,896
749.61,1044.1
749.01,950.35
751.15,11.391
748.86,160.9
755.78,663.62
754.59,70.074
757.44,139.77
761.89,1176.4
767.79,1193
772.93,1163.4
769.92,485.58
783.44,575.14
774.22,645.44
778.33,57.507
776.5,640
785.49,1015.9
787.84,89.747
783.5,931.42
781.68,1105.2
788.7,618.64
794.23,308.66
801.38,351.62
804.06,985.91
810.44,1209.9
815.44,533.5
813.65,318.12
815.48,805.13
816.86,358.61
825.96,549.54
822.5,520.5
839.66,617.24
834.28,972.52
835.5,1154
843.59,1081.2
848.95,1187.1
847.47,1134.4
851.76,940.73
861.3,263.79
857.66,1228.9
860.42,31.035
857,277
861.5,19.5
864.8,1126.1
870.05,630.55
877.43,450.37
872.22,372.69
872,911
875.36,275.43
880.13,682.3
881.65,249.31
887.43,1139.1
885.11,628.42
892.19,867.54
892.14,1244.9
895.54,133.88
893.5,599.23
910.95,672.72
899.68,511.01
910.74,1198.4
923.16,480.73
911.58,631.98
911.42,1161.1
923.23,1230.6
920.82,518.88
927.44,18.47
925.85,140.05
931.53,182.97
935.97,416.33
932.76,853.02
931,1092.5
939.49,1045.9
937.62,913.91
940.08,1189
950.05,1227.9
947.51,679.36
941.91,976.48
946.29,531.28
947.16,118.55
946.81,641.72
949.28,1147.9
956.72,1205.5
956.61,824.56
955.56,396.2
955.6,1029.4
961.15,384.77
959.35,940.12
964.64,884.72
967.4,162.63
969.04,139.9
969.03,125.49
973.15,218.37
973.72,1228.7
978.3,1240.9
972.44,173.64
975.31,671.46
974.77,470.19
975.72,1185.4
976.08,231.92
978.22,115.7
974.85,627.58
982.95,156.82
989.64,1143.7
990.06,481.42
988.27,599.07
999.17,118.26
1000.1,850.45
1006.7,1053.5
1009.2,151.68
1013.1,893.46
1013.6,1181
1017.1,711.38
1014.6,593.3
1015,1230.7
1017.2,254.77
1021.8,984.47
1021.9,208.84
1023.4,799.68
1024.1,1163.9
1025.1,94.421
1033.4,158.57
1039.4,801.9
1033.3,1043.8
1032.6,497.57
1034.7,128.85
1036.7,667.31
1040.5,289.83
1043.6,888.4
1047.2,1164
1048.4,999.25
1047.1,1242.4
1046.6,174.2
1051,868.6
1047.4,1183.2
1048.3,1021
1048.5,593
1049,209.5
1053.5,218.55
1054.4,615.46
1064.4,161.32
1057,200
1064.9,876.21
1068,1057.8
1066,769.64
1063.2,485.67
1064.7,605
1078,527.48
1068.6,988.43
1069.4,652.92
1067.6,1083.9
1070,1227.3
1071.3,596.87
1072.1,482.05
1073.3,543.67
1073.7,199.32
1081.8,704.6
1085.2,260.06
1079,864
1086.3,116.74
1080.9,185.58
1089.8,588.55
1084.1,664.56
1091.6,1032.3
1087,677.5
1090.4,626.38
1090.6,791.11
1097.4,90.257
1098,962.48
1098.5,125.06
1100.2,997.48
1105.2,105.86
1107.5,1122.9
1104.9,135.24
1112.3,891.44
1111.4,1098.4
1117.7,561.37
1118,768.43
1114.1,1021.7
1115.6,472.2
1120.7,1050.6
1117.9,966.07
1125.4,678.3
1127.2,954.68
1132.1,1226.4
1127.2,154.64
1130.4,511.92
1133.7,928.59
1130.4,466.42
1133.1,498.13
1136.7,569.93
1137.3,274
1141.1,449.92
1139,965.73
1148.3,488.69
1144.2,768.42
1144.6,1172.9
1143.5,604.66
1149.2,517.28
1148.4,588.6
1154.8,616.23
1154,717.59
1158.5,407.32
1162.1,130.97
1157.9,1234.3
1161.5,1034.3
1164.2,784.21
1163.3,195.8
1167.1,821.57
1167.5,34
1173.1,1124.6
1174,676.08
1177.7,952.22
1181.3,449.63
1181.9,693.71
1184.9,72.73
1183.8,1003.3
1185.4,285.92
1193,432.81
1192.5,1042.3
1196.2,561.2
1196.8,993.46
1193.4,1026.1
1196.1,630.37
1195.5,1080.5
1197,46.5
1203,760.49
1202.3,144.16
1204.6,707.66
1204.1,25.143
1209,122.04
1204,161
1205,354.5
1207.8,967.42
1212.5,395.3
1208.5,558
1210,1088.2
1212.7,12.185
1214.3,198.75
1214.5,819.2
1219.2,1150.3
1216.4,645.66
1219,794.57
1217.6,728
1223.8,767.7
1228,976.22
1225.4,945.4
1231.6,125
1230.7,995.62
1234.2,901.25
1233,917.18
1234,74.375
1238.1,451.8
1237.1,20.765
1237.4,400.97
1237.9,945.86
1242.7,748.34
1242.1,161.32
1243,1016.2
1245.3,49.75
1245.8,605.71
1246.4,969.5
