2.7368,21.105
14.417,187.46
6.3296,288.92
3.1039,323.7
5.25,505.15
14.685,793.18
5.9114,911.81
3.2568,948.76
6.0208,965.63
3.1728,1139.6
6.5794,992.42
14.027,250.9
8.9921,633.28
6.5676,208.95
6.975,669.92
11.071,880.81
14.605,225.73
12.98,460.77
23.775,1228.2
15.114,445.17
20.05,422.68
19.189,495.39
16.216,616.05
18.188,1126.6
16.909,535.09
18.81,813.14
20.769,1045.2
24.291,1066.3
24.527,1028.4
29.782,157.26
28.354,862.02
26.296,1089.7
25.062,1186.9
31.984,582.55
27.541,824.22
42.283,627.44
34,705.69
32.87,910.17
37.936,119.95
41.788,216.09
41.702,503.79
36.854,533.85
41.985,29.629
41.698,569.38
52.472,1101.8
42.95,1240.8
42.324,781.11
44.235,971.18
49.048,1055.8
55.028,242.85
52.974,755.5
50.086,446.91
49.868,956.36
53.217,727.35
57.374,885.4
56.495,1082.9
57.943,812.13
63.12,844.2
54.613,927.33
56.639,588.97
57.935,1170.9
59.676,544.64
59.397,1144.2
58.344,1192.5
59.04,304.6
58.909,468.91
62.678,986.9
61.654,36.885
60,972
69.69,1009.6
71.101,921.95
70.838,89.5
69.652,379.84
66.65,1037.8
77.91,237.7
73.429,944.43
78,675.66
76.579,6.8947
82.142,32.516
79.548,347.34
79.213,525.39
78.541,469.08
79.656,582.53
82.447,701.89
87.011,409.96
90.032,1114.5
85.5,463.5
85.895,1074.1
85.846,951.46
90.13,1030.3
88.25,941.68
94.808,328.42
92.838,564.26
104.66,756.79
90,878.5
95.359,1060.2
94.394,445.15
95.317,195.37
97.287,628.19
100.03,678.72
97.091,996.23
106.19,134.26
99.894,507.15
104.76,721.37
106.73,34.845
103.96,843.56
108.12,53.065
115.19,989.47
118.16,304.02
112.1,278.65
109.11,833.58
110.54,1121.8
113.95,203.67
118.12,589.29
126.35,832.01
111.58,452.11
112.5,182
116.56,505.57
114.41,480.06
122.62,901.06
125,924
124.91,429.19
120.59,1066.9
129.22,333.26
126.51,56.242
124.91,551.57
125.94,1087
129.57,1156.7
128.83,91.048
134.42,709.85
136.52,767.36
142,8.935
142.28,472.1
135.65,594.4
142.61,725.97
139.82,1043
140.68,979.53
144.51,1172.9
139.42,353.11
141.84,892.3
156.53,1007.9
146.38,406.77
144.17,1026.3
149.56,1135
150.09,692.12
148.37,586.87
153.33,893.08
153.85,36.697
152.33,291
153.16,534.32
155.17,1146
159.28,549.22
158.64,1185
158.91,1202.7
162.83,67.806
161.9,177.06
173.73,889.6
166.11,467.73
170.86,109.63
167.43,1086
173.15,45.701
169.49,215.42
169.16,689.69
172.06,167.49
191.16,1004.7
172.27,510
173.33,179.67
171,544.5
178.84,1121.9
176.57,196.28
175.66,952.53
189.67,852.11
182.88,385.03
184.61,717.76
180.91,461.94
189.97,807.09
186.23,218.23
186.55,168.85
194.27,437.82
186.54,644.85
187,157
190,603.5
193.32,56.29
193.09,530.6
196.64,1190.2
199.53,629.88
199.83,186.03
196.89,241.71
200.45,892.25
202.77,1094.7
199.74,1153.9
204.11,1040.6
208.3,137.92
199,234
201.36,610.73
208.89,468.1
213.26,784.58
217.71,641.31
211.86,1174.4
225.14,384.04
220.36,979.77
221.5,548.92
218.86,516.14
222.61,579.01
220.6,1200.4
225.51,126.88
224.3,808.24
226.4,853.94
230.17,1082
230.67,258.3
229.98,681.74
231.79,1129.5
231.9,1244.8
231.65,1157.1
234.54,729.45
233.5,1003.7
237.78,895.64
240.03,189.53
247.12,429.63
242.2,1185.2
244.05,521.09
255.01,1174.8
247.81,263.76
247.7,1219.9
252.2,593.4
255.39,26.122
252.76,884.39
251.18,68.788
252.93,631.93
254.34,1074.3
251,96
256.49,1151.9
258.18,234.84
254.11,249.89
258.94,1103.2
254.58,1230.1
258.1,407.24
261.47,843.83
259.77,292.84
259.78,771.54
262.9,1125
259.32,1204
261.76,77.578
263.28,571.32
272.48,918.81
265.64,1007.2
268.69,808.7
265.13,1245.3
266.5,397.5
265.9,465.92
268.59,1232
270.33,1093.5
269,8
270.44,970.44
275.94,1137.7
270.91,762.91
271.47,1078.7
272.43,91.429
275.17,162.88
278.59,1053.9
274.25,260.34
278.38,219.79
278.34,449.65
274.76,871.01
283.61,475.77
290.25,580.28
281.81,5.3646
278.95,504.43
279.48,544.9
284.37,1184.8
292.89,376.41
281.74,998.26
287.38,1079.3
284.91,394.79
285.86,654.07
283.65,847.23
282,232
293.38,302.55
285.87,515.98
290.7,1217.8
284.92,499.84
295.37,705.34
292.4,178.23
291.04,77.019
293.32,148.17
292.88,774.94
298.23,1124
300.76,25.33
297.72,634.28
294.44,996.11
295.59,556.06
301.37,5.0556
304.47,479.8
315.94,525.46
303.31,724.48
307.17,1148.9
307.92,923.42
308.64,784.68
313.79,1183.7
310.32,280.95
312.06,1012.3
316.7,983.38
313,668.84
323.21,420.66
318.98,90.248
315.89,135.8
320.2,643.48
318,220.28
323.84,340.22
323.37,885.87
329.9,1129.9
334.77,190.49
318.88,996.62
336.41,1011.5
321.04,1053.3
325.68,621.46
322.07,205.59
326.74,833.46
340.28,13.569
329.24,153.45
327.08,37.917
332.37,481.68
331.04,214.58
333,772.7
337.35,1185.3
332.93,34.067
339.57,714.73
338.82,45.238
341.44,802.42
336.24,970.56
339.65,926.66
398.93,636.45
337.29,648.71
342.98,434.92
342.77,636.78
339.59,893.51
345.9,139.28
345.62,507.12
352.66,842.03
347.35,102.25
357.45,254.22
357.07,550.05
344.96,595.89
352.28,685.22
352.23,484.33
353.53,1170.4
355.43,455.73
359.11,144.84
356.72,1069.3
360.54,310.78
358.42,723.33
363.64,764.3
364.85,29.506
361.53,1186.5
371.6,1025
373.45,604.19
365.23,964
377.99,1146
371,699.5
373.81,212.14
372.5,106
375.59,1101.1
383.37,461.15
382.42,963.12
389.41,12.021
384.66,1049.7
385.67,1213.7
380.5,326
386.55,986.25
382.5,288.12
385.41,768.35
381.87,1119
387.57,1088.3
386.05,426.59
393.46,714.38
389.83,266.57
393.23,848.43
390.22,947.25
394.33,1173.6
389.39,437.86
389.43,1197.1
400.61,44.535
396.05,97.624
397.61,308.62
403.79,246.32
400.11,689.5
403.54,1112.4
404.89,184.74
405.78,423.76
400.31,878.37
398.91,903.91
406.52,336.24
402.21,838.79
393.61,535.24
408.78,476.96
408.88,526.53
417.99,759.1
409.88,855.2
415.84,319.9
411.38,687.89
418.14,924.82
413.86,211.29
417.94,104.31
415.54,1032.1
416.29,19.452
417.42,279.78
424.29,1148.1
445.26,800.29
420.15,704.54
424.24,675.58
431.01,851.28
435.14,70.461
423.83,224.33
422.56,361.54
422.83,563.33
427.6,1220.2
424,988.5
425.25,874
442.45,448.64
434.32,2.36
432.95,943.09
435.45,218.06
439.47,400.35
437.44,468.89
443.36,155.37
443.17,602.73
441.68,1067.5
445.29,537.65
450.52,20.029
446.18,297.37
449.53,370.03
492.12,798.16
452.48,738.41
445.93,904.93
449.34,266.89
457.78,1138.3
448.92,480.08
455.48,105.79
451.53,578.72
451,995.5
454,213.65
456.35,503.78
455.06,941.09
457.44,618.95
466.41,72.939
465.62,192.07
459.93,1046.4
464.18,705.85
464.45,894.94
464.23,1232.4
465.27,428.37
462,511.5
473.85,323.8
474.65,371.38
471.07,763.25
474.11,50.788
486.36,623.84
477.4,996.74
485.04,449.11
478.43,1181.6
481.74,513.08
479.03,1050.1
477.15,741.52
481.92,925.92
481.02,218.32
486.08,6.9706
483.59,109.85
481.09,414.94
480.5,259
484.69,533.61
490.63,289.42
484.48,399.6
483.9,553.88
488.96,671.74
485,1237
492.25,67.856
491.4,1225.6
492.58,342.84
492.62,1119.6
493.8,137.25
503.76,859.11
493.67,1176.3
495.39,210.02
497.06,482.76
495.81,551.84
504.77,259.17
501.64,724.98
499.35,222.35
498,394
505.67,409.82
502.15,100.54
508.9,303.62
505.85,442.19
503,287.5
503.33,641
505,650.5
511.77,1017.1
508.57,78.327
509.46,279.21
517.56,661.65
527.22,956.52
511.72,235.85
528.79,817.76
511.56,1060.9
524.44,929.12
514.54,1167
514.59,8.9412
522.81,873.19
521.21,458.32
519,575.5
527.58,1091
525.05,398.53
525.06,1004.6
532.22,558.45
529.31,634.32
535.08,275.16
531.27,1123.3
533.32,1240.2
534.96,1150.4
531.57,474.43
537.39,105.39
546.6,481.92
541.06,449.04
543.74,591.81
543,916.83
542.29,714.87
542.09,1208
545.73,508.52
543,9.8571
553.45,356.81
545,177
545.45,409.36
544.93,232.56
546.51,751.59
572.43,832.74
551.29,872
557.89,665.05
552.01,825.15
553.9,255.45
556.32,89.373
568.77,753.93
552.85,1245.5
558.94,1204.8
558.33,1106.4
562.34,302.06
561.47,148.71
572.71,921.5
564.4,509.82
560.93,1135.6
566.65,985.15
568.75,445.09
569.2,479.82
569.62,139.19
572.05,729.73
573.6,1039.5
569.93,1158.4
573.23,162.02
573,1057.7
574.2,378.44
586.15,435.18
587.04,1147.4
581.5,106.88
585.1,141.62
586.91,873.12
585.39,1234.9
585.17,1102.7
589.27,40.533
589.04,368.05
591.04,260.02
590.35,237.31
586.58,57.105
592.69,682.88
596.53,523.27
591.6,560.6
601.86,1208.5
604.89,182.03
602.5,221.18
600.34,928.8
593.64,650.5
599.88,115.4
602.17,606.77
597.59,781
604.89,876.22
600.95,968.59
607.14,1230.9
599,646.17
609,1056.5
605.65,1178.8
613.02,859.25
604.43,30.69
606.12,837.24
604.35,992.06
608.03,239.76
607.48,793.59
613.63,7.338
612.78,46.149
609.64,457.68
614.09,751.38
619.88,925.85
623.09,712.06
617.41,1016.9
636.32,892.09
620.13,346.71
619.12,555.26
632.65,109.35
636.36,445.21
625.96,200.21
627.32,941.09
627.28,336.2
625.8,119.56
629.85,491.99
626,604
629.94,553.91
630.73,1133.5
633.38,1153.3
633.24,1008.6
637.1,1234.9
639.07,141.2
639.14,703.98
635,1067.5
640.27,2.9375
642.9,818.58
638.23,1191.8
644.46,483.4
640.3,61.242
642.8,608.87
643.24,357
640.5,750
641.67,1182.8
651.3,1155.8
645,208.83
645,563.33
646.29,1072.7
647.25,193.96
648.09,511.72
648.7,960.38
648.12,1049.1
653.13,1195.6
652.82,709.11
656.3,934.84
652.77,107.11
653.07,650.9
654,641.86
656.25,447.44
670.59,598.95
663.04,684.14
661.55,769.9
676.92,576.2
679.61,856.15
662.07,120.41
666.21,303.05
662.42,731.89
669.44,973.37
663.58,482.11
665.75,106.17
671.95,132.25
670,807.65
675.18,924.32
672.84,428.82
671.41,158.06
673.59,206.59
675.35,664.24
677.95,513.45
683.5,10.07
680.56,739.73
676.57,1083.1
679.16,1145.9
676.59,490.06
680.51,821.66
681.56,998.36
683.22,1055
680,1180.5
684.95,161.04
696.11,279.1
685.05,77.949
684.77,1192.2
689.4,239.83
693.04,805.93
691.74,926.05
694.57,1125.3
691.17,466.2
691,968
696.62,367.73
693.71,560.55
697.18,833.91
697.64,940.09
698.11,1236.6
701.23,1026.6
703.49,203.68
701.33,665.17
707.79,739.95
704.17,313.95
704.68,465.68
706.33,950.33
707.57,1095.6
707.19,143.22
707.93,121.59
712.88,687.69
710.37,929.23
715.33,344.02
714.18,967.79
716.45,797.21
713.2,844.71
715.95,5.5567
715.05,618.49
715.92,205.06
718.85,996.47
718.71,648.34
721.64,1244.5
717.5,219.5
722.17,321.84
722.97,912.69
724.31,1076.9
718.6,1106.6
720.07,409.59
722.46,864.44
722.41,1116.1
731.63,1035.9
726.98,245.56
728.13,533.28
727.23,891.54
729.5,36.5
736.2,996.78
737.45,1208.8
738.64,574.71
744.62,81.53
740.64,136.16
738.11,822.58
740,1065.3
741.71,614.52
741.89,890.91
748.25,187.55
745.71,956.71
748.75,500.79
750.75,429.45
750.45,678.64
754,848.78
752.46,1020
757.05,477.7
757.24,214.45
759.99,376.74
760.8,873.74
761.68,958.95
760.34,17.128
761.08,344.08
769.81,1057.1
768.79,1016.9
766.7,183.77
769.52,976.37
774.99,752.47
780.21,247.82
784.36,725
787,534.91
779.7,831.77
776,965
778.27,668.63
782.12,206.95
782.78,339.31
781.06,1000.2
784.3,565.26
788.29,598.52
793.23,1076.4
786.21,61.913
785.94,1025.5
786.74,280.93
786.4,818.4
810.81,141.52
803.2,378.36
801.07,964.41
807.35,477.99
808.31,1095.9
805.71,1141.5
804.11,330.11
809.35,211.12
817.53,663.21
819.3,381.09
814.94,294.04
817.59,1059.6
817.8,833.82
819.27,778.28
817.15,1030.9
817.5,1003.5
822.8,341.47
819.5,402.13
825.93,885.33
821,47.826
823.52,186.43
832.26,58.386
830.26,355.14
836.39,974.08
834.61,935.69
832.38,13.227
834.75,1018.8
836.47,286.18
836.3,674.36
836.92,184.16
835.57,258.29
836.56,498.07
840.5,328.32
840.84,1238.4
847.05,165.02
845.18,1152.1
843.86,758
847.97,692.48
848.76,268.14
846.62,966.31
846.74,8.7647
850.57,747.26
847.68,892.58
851.43,1029
848.21,526.31
849.29,1099.3
855.86,775.02
850.96,93.44
854.48,1121.9
859.76,578.45
862.32,384.68
865.54,457.46
864.45,982.45
864.45,1130.9
878.31,95.721
866,950
869.05,400.24
894.99,737.65
871.5,285
881.08,799.26
876,246.28
882.63,1086
882.74,1115.8
883.05,129.62
886.09,509.82
894.48,36.716
887.97,1211.9
889.43,610.14
892.64,1133.2
902.93,4.6231
898.77,168.19
896.07,190.41
911.21,725.1
906.12,69.519
902.72,801.97
907.77,274.85
904.63,544.97
906.27,693.7
905.33,1078.8
906.5,670.5
908.9,1208.5
908.5,640.5
910.78,107.96
916.63,796.13
924.68,1112
928.66,1077.2
920.58,778.53
924.1,215.55
923.44,273.53
925.32,350.26
940.01,899.53
927.43,1100.4
926.9,3.8387
926.5,492.5
929.5,702
930.91,1148.3
937.69,48.678
933.98,176.85
938.74,448.74
935.24,1199.4
937.17,109.93
936.75,858.77
944.3,153.01
944.54,124.94
945.15,732.42
944.09,648.91
947.94,572.74
955.02,745.59
947.96,998.37
955.39,833.39
954.56,449.97
954,958.17
959.7,1198.9
957.54,848.91
959.4,86.04
966.1,933.86
963,539
971.1,223.52
971.31,269.48
968.42,818.03
974.75,1015.7
969.5,166
977.75,73.89
976.97,704.16
979.07,444.33
976.92,1080.6
975.77,1223.8
980.65,41.879
985.29,681.19
979.02,1176.4
982.34,287.83
980,466.5
983.6,589.78
982.67,200.17
986.6,353.46
985.84,946.65
987.31,1055.2
990.5,12.5
991.39,1139.9
996.81,1222.4
994.4,631.71
997.12,65.153
994.13,1151.7
1004.2,9.9721
998.03,310.56
1006.7,352.47
1004.2,158.88
1011.4,89.517
1003.8,735.25
1014.6,791.81
1007.4,883.57
1012.1,315.43
1010,986.48
1018.8,1056.9
1023.6,29.119
1016.4,708.89
1018.9,238.86
1035.4,113.06
1025.1,194.53
1028.1,294.5
1027.5,589.15
1025,1105
1029.9,317.45
1029.9,924.92
1034.3,1151.6
1037.7,217.58
1038.5,263.2
1038,908.1
1042.9,941.77
1034.4,76.92
1042.3,1013.3
1038.2,712.7
1045.8,10.357
1040,167.5
1040.5,1040
1049.9,375.03
1048.3,570.13
1046.1,492.86
1057,806.49
1052.7,1105.5
1058.4,738.68
1057.3,1234.9
1058,115.3
1057.5,661.43
1060.6,1122.7
1055.3,1244.2
1061.9,134.54
1063.3,75.538
1058.9,754.42
1063.5,450.95
1065,567.85
1064.4,756.89
1084.4,583.11
1071.5,396.73
1071,697.23
1077.5,820.24
1075.2,234.05
1075.1,1155.4
1078.2,1089.9
1090.7,129.31
1088.3,174.55
1092.3,1088.5
1093.5,441.79
1091.6,740.75
1092.1,789.39
1092.5,89.344
1098,514
1100,217.61
1100.3,553.48
1096.6,961.61
1100.4,37.03
1100.1,763.16
1104.1,1120.9
1103,994.86
1104.8,142.29
1108,1089.2
1113.4,872.2
1111.7,58.178
1125.5,600.97
1115.1,6.6732
1116.3,623.25
1115.6,750.97
1117.8,28.286
1117.9,167.94
1122.9,500.2
1128.5,884.06
1127.9,240.14
1129.9,921.99
1125,1116.1
1123.6,465.89
1124.5,191.67
1133.3,1001.1
1130.6,1244.1
1129.2,1229.9
1137.9,20.415
1136,836.62
1138.6,660.18
1136.8,1060.8
1142.1,253.62
1138.6,431
1138.7,779.15
1141,1090.7
1148.4,228.14
1143.2,478.08
1142.6,579.27
1143.5,1230
1144.6,544.08
1144,1240.9
1154,1134.4
1160.4,50.132
1149.7,498.25
1149.5,353.83
1153.1,981.31
1160.4,883.63
1152,901
1155.3,966.6
1157.1,714.21
1161.5,776.44
1166.3,163.66
1167.5,993.22
1179.7,472.75
1177.7,588.81
1173.2,1210.5
1175.5,148.93
1178.7,63.971
1178.8,216.34
1187.5,1128.6
1182.8,552.54
1186.3,1092.2
1184.3,1181.2
1189.1,672.42
1186.8,228.88
1185.5,237.5
1187.9,507.89
1191.1,278.42
1188,537
1194.3,4.4757
1191.6,1067.6
1195.6,262.63
1197.5,972.38
1197.1,314.39
1195.9,930.35
1198.5,1036.9
1202.5,1146.9
1200.5,1239.1
1205.3,441.66
1218.1,1084.8
1206,525.8
1208,286.82
1208.1,584.91
1214.2,5.0171
1211.6,837.82
1217.6,242.08
1215.2,863.51
1211.5,1225.4
1214.7,1159.8
1220.1,99.089
1215.3,776.47
1224.6,202.48
1222.1,740.7
1223.3,1208.6
1235.8,889.22
1234.4,221.89
1236.9,779.19
1235.6,331.74
1233.9,408.91
1236,393.5
1236.5,598.5
1238.9,446.35
1240.2,971.56
1243.6,1202
1246.1,1028
1246.1,1107
1246.8,1219.6
1247.1,1184.4
