2.7059,454.5
2.566,662
10.483,1232.5
11.955,834.52
8.4359,1043.9
8.7143,174.43
13.34,931.55
18.968,983.38
16.667,98.652
20.858,739.71
19.091,310.91
24.461,555.71
29.722,361.87
26.125,696.89
26.5,669
37.879,1205.1
29.5,235
31.061,1014
41.265,407.39
41.516,82.806
43.549,1030.6
49.647,968.95
57.655,305.34
56.346,1132.7
55.526,401.84
62.415,48.699
61.143,845.67
63.644,985.98
63.178,444.6
64.164,1079.9
66.514,109.86
66.27,1190.5
65.926,1062.6
72.185,601.76
83.421,833.89
87.65,1184.5
87.826,1024
88.826,238
90.895,407.5
91.586,1099.6
93.5,272
98.062,1193.9
105.15,158.79
103.21,237.81
102.72,1014.7
104.73,429.03
105.94,650.81
105.35,211
106.41,473.82
107.57,330.92
108.96,850.95
118.61,791.68
119.62,925.22
123.17,221.73
124.91,737.57
127.32,1173.6
131.37,309.33
136.96,696.92
142.58,1017.1
142.94,1079.8
147.15,1229.7
148.63,712.48
146.94,381.31
149.91,778.91
147.11,956.63
152.34,902.23
158.93,831.38
164.74,1021.3
165.81,561.07
171.93,304.93
172.57,782.09
175,39.244
176.65,1140.7
177.26,806.35
187.02,259.48
187.86,290.43
189.75,445
194.58,341.78
204.33,28.222
202.06,669.42
206.28,473.97
203.93,1129.2
205.62,1160.3
203,1121
212.53,543.27
217.52,1113.5
217.36,718
218.09,1157.6
224.74,1206.8
235.73,750.8
231.24,144.03
241.14,1121.9
248.64,1063.3
257.05,381.09
259.02,299.18
259.16,545.47
265.79,28.553
260.81,1048.8
266.09,143.54
267.95,569.53
270.93,353.38
269.5,1037.5
274.27,97.451
287.34,503.51
288.54,460.06
289.9,1232.1
291.78,97.926
296.87,11.008
298.44,761.92
301.19,564.73
304.5,310.33
312.61,452.14
317.21,194.36
317.67,608.33
319.67,267.49
326.41,161.28
326.44,184.36
326.88,120.15
327,35.5
333.94,43.734
335.05,1123.9
338.84,572.15
341.39,81.991
343.94,518.8
344.48,614.94
344.29,1198.7
350.04,206.67
355.66,769.53
357.03,1018.6
359.05,258.26
370.27,886.07
371.69,524.93
373.57,406.49
372.92,510.09
379.29,1117
377.2,258.44
384.06,32.029
385.74,511
386.07,293.41
390.2,97.56
400.61,573.61
402.73,910.89
409.78,766.22
409.94,406.09
410,683
417.38,1234.2
416.43,1170.3
414.86,1100
418.61,322.88
428.49,870.98
430.75,195.16
429,262.5
429,1234
435.32,330.59
434.42,77.105
436.6,1066.9
436.54,158.09
438,1122.8
441.65,377.4
448.3,271.08
444.69,1034.2
450.43,50.115
456,666.5
466.18,467.21
463.9,575.78
464.5,1227.5
468,233.5
475.48,88.52
472.5,37.5
475,540.5
482.9,498.38
484.35,674.25
485.08,1141.1
490.5,333
495.13,242.28
498,609.15
504.14,1146.6
505.52,118.58
509.34,931.29
507,620
513.49,601.35
515.07,742.59
517.27,357.6
523.21,715.58
524.36,978.93
529,570.89
530.82,913.85
540.38,1179.8
547.93,813.56
550.99,144.74
556.38,651.26
556.76,1124.1
561.52,519.46
562.87,903.13
572.86,1126.5
577.07,983.41
578.95,451.05
588.5,257.95
587.81,469.87
593.77,710.71
592.24,412.09
595.15,75.855
593.65,840.5
595.5,1013
601.24,32.635
599.33,737.17
604.39,1091.2
604.59,718.06
608.77,1021
628.59,1032
617.5,1159
623.89,400.27
624.88,1069.3
623.5,89.5
636.78,777.14
632.35,1136.6
633,647.32
637.61,419.14
643.69,450.68
645.31,209.67
648.37,881.06
650.42,1037.9
666.62,2.5897
666.31,871
675.01,473.42
682.52,677.84
683.63,871.35
679.63,404.58
677.5,270.5
682.46,715.57
681,1220
683,730.5
688.25,638.83
690.37,551.65
692.88,407.9
696.45,734.89
695.89,1163
697.9,847.03
698.09,653.09
701.17,1232
704.29,410.16
708.54,298.13
711.72,1015
712.71,985.96
712.85,737.56
714.36,900.52
720.89,685.01
720,1127.5
724.02,1196.5
722.73,259.27
729.48,292
733.09,144.94
740.07,477.38
735.04,914.39
737.15,863.23
741.26,1115.3
737.5,616.5
746,335.92
746.37,1007.4
756.41,1182.2
763.86,134.34
763.81,947.94
770.47,321.53
766.54,874.85
775.77,543.28
771.93,805.41
774.06,368.79
778.82,993.27
776.5,657
780.68,863.27
780.02,921.38
784.94,22.429
789.49,146.3
786.06,192.7
793.05,511.07
794.43,460.39
799,319
800.42,540.89
804.95,1057.6
802.7,148.13
806.5,167.56
808.85,1033.5
812.88,995.12
813.83,1180
818.59,629.13
816.91,963.91
823.54,549.44
827.92,9.0132
830.14,1196.5
837.65,318.57
836.65,798.26
835.31,723.29
840.2,458.39
843.07,612.41
845.6,1222.1
851.9,536.96
855.67,179.84
860.53,389.96
861.95,610.47
866.9,261.1
868.99,1077.9
869.5,794.62
870.77,829.57
873.54,985.46
871.45,52.29
880.24,523.52
879.4,375.44
880.54,452.37
879.33,845
880.94,1131.6
885.3,641.84
882,665.83
886.5,327.62
885.29,535.55
886.93,921.59
890.42,351.11
891.17,888
895.26,993.07
896.22,92.463
895.25,675.75
898.01,951.52
896.52,602.78
898.05,274.07
897.5,420.88
901.73,312.06
904.79,3.5814
907.59,1238.5
907.7,468
915.67,666
923.97,857.85
921.52,162.12
923.07,212.41
929.25,1217.4
926.55,147.27
935.56,115.36
935.29,1102.7
932.28,1074.5
941.48,617.62
940.72,305.53
942.37,1161.2
943.84,166.87
947.97,208.91
953.47,732.25
950.64,601.06
957.47,877.31
959.63,563.66
957.13,378.87
963.07,225.16
961.09,199.09
966.56,386.95
970.72,163.63
970.34,254.04
973,294
983.57,248.99
983.57,281.95
983.17,819.78
985.42,917.58
986.53,517.34
990.98,441.08
1000.7,318.11
1001.5,454.83
999.62,848.19
1004.5,390.61
1003,939
1006.2,807.05
1006.7,154.48
1007.5,642.29
1004,494.5
1010,417.5
1016.4,217.43
1017.4,37.614
1030.3,681
1026.3,430.79
1028.7,908.56
1026.7,137.22
1030,652.72
1030.8,525.88
1030.4,1112.1
1032.2,840.55
1034.4,1094.9
1035.6,934.5
1037.5,854.69
1038.7,641.53
1056.9,987.35
1055.8,397.41
1059.7,1055.3
1065.6,31.387
1059.5,338.5
1061.1,429.55
1066.4,407.94
1073.3,2.3333
1074.8,708.53
1086,549.04
1087.5,160.5
1097,829.33
1093.7,262.74
1094.8,318.7
1096,805.32
1098.3,492.09
1107.9,753.4
1120.2,637.34
1115.5,586.83
1113.9,1153.6
1125.5,713.24
1129.6,883.07
1133.8,809.52
1132.3,107.78
1136.1,532.91
1141,938
1146.8,743.19
1143.4,1119.9
1144.7,452.54
1144.5,975
1150.2,249.39
1147.6,904.11
1147.4,553.31
1156.7,684.7
1156.3,658.41
1156.4,502.4
1163,1192.5
1173,1178.8
1168.1,1070.1
1167.6,1109.9
1173.4,1144.6
1172.7,430.32
1175.5,867
1180.8,356.3
1181.7,407.92
1180.1,712.91
1188.4,1050.6
1193,481.83
1197.5,546.78
1201,1189.7
1202.6,1227.3
1202.9,387.92
1206.9,757.43
1210.1,956.98
1211.7,720
1215.1,235
1216.3,498.21
1221.3,249.16
1220.8,1002.7
1222.1,709.92
1222,868.32
1233.1,360.62
1235.1,751.33
1234.5,447.28
1239.2,497.48
1244.2,471.14
1243.4,232.78
1244.7,435.28
1247.1,417
