12.227,838.69
10.38,1047.1
14.488,1066.7
17.57,433.58
27,306.86
28.957,79.543
31.783,751.55
33.275,642.27
33.984,157.66
40.851,917.27
42.614,870.26
43.625,466.49
59.92,262.59
51.083,204.08
57.145,690.79
59.411,1011
64.004,874.2
63.081,724.32
65.061,644.18
65.926,830.41
71.766,480.72
78.272,911.45
76.71,588.45
87.838,1025.4
94.631,996.67
93.476,712.06
95.759,754.89
102.2,640.17
105.42,678.35
106.8,768.54
110.84,1091.4
120.63,295.76
121.09,433.42
128.76,1128.2
129.12,1015.1
149.56,967.99
151.5,579.17
162.65,451.64
153,1238.7
153.5,1032.5
162.77,1077.2
159.55,239.04
161.09,783.91
164.99,341.52
170.26,826.21
171,591
177.83,581.51
174.96,403.59
177.91,927.75
183.05,352.13
186.72,678.1
190.32,309.41
192.62,813.23
200.5,1029.5
206.1,557.44
208.15,844.81
211.22,12.795
213.77,883.92
214.45,106.25
216.05,828.4
214.89,33.886
216.5,63
224.62,505.21
225.11,412.97
242.43,305.43
247.64,185
251.03,1140
251.83,1102.4
256.11,418.08
259.01,704.88
267.39,154.46
267.2,625.3
280.8,54.428
278.79,867.62
280.97,979.15
285.78,658.62
293.54,1203.9
296.97,1163.6
311.61,13.661
315.89,295.75
319.8,488.6
328.34,604.21
323.4,574.6
327.67,849.89
329.95,208.38
331.66,349.59
332.22,410.98
334.17,654.33
334.5,896
337,692.37
342,662.87
341.18,734.75
355.57,205.23
358.18,470.45
357.56,836.46
361.38,1111.1
367.5,271.51
373.51,1229
371.69,186.12
384.04,1001.2
382.87,1035.7
383.8,308.56
384.51,744.18
388.64,272.07
393.42,374.16
399.08,1154.3
396.5,783.65
402.16,339.8
405.37,188.25
417.09,957.95
428.24,123.92
418.8,1014.4
449.75,800.1
452.74,1211.5
457.23,326
460.45,228.75
457.07,672.59
460.12,344.26
464.13,1146.2
463.18,87.878
465.31,985.8
472.58,895.7
478.29,572.61
478.14,1046.1
481.31,806.94
483,1114.5
493.55,102.3
493.64,986.12
493.5,354
500.67,847.87
500.56,275.13
499.78,868.68
504.85,1087.6
517.76,126.34
535.51,975.36
533.56,311.44
534.79,103.12
543.26,556.89
547.8,533.79
548.72,427.33
554,859.08
553.04,1094.4
559.53,415.5
567.16,246.45
573.04,750.84
579.74,320.93
582.31,158.44
586.01,475.07
589.61,874.37
601.83,1175.4
621.09,1213
600.11,680.42
609.89,529.6
611.5,739.91
615.46,615.6
617.74,1059.2
618.55,152.42
620.48,563.57
638.42,1118.9
641.32,1057.2
644.77,803.77
645.68,1030.6
651.44,1169.9
657.1,499.62
658.17,259.13
665.45,423.97
669.94,31.896
673.68,46.256
678.71,1038
681.22,283.76
684.04,652.21
684.5,220
694.9,1007.8
700.52,740.18
705.45,138.51
704.65,886.86
705.45,387.06
706.17,63
715.9,763.39
717.28,93.771
717.39,46.861
719.76,237.72
722.98,1107.6
724.29,916.57
732.55,675.28
733.36,619.15
733.7,1042.6
737.11,363.71
735.95,696.14
739.04,579.29
739.55,831.5
744.5,968.09
757.57,645.32
747.92,685.72
749.94,229.52
752.39,311.14
755.2,1024.1
759.89,265.39
759,137.5
759.89,841.3
768.41,445.99
767.12,77.5
774.43,893.11
774.54,1140.4
781.89,141.17
783.88,666.74
780.33,1089.8
786.55,5.2439
785.57,263.47
786.9,1033.6
788.29,730.89
789.97,418.82
788.62,656.32
789.33,683.22
797.17,707.31
801.6,914.65
792.12,1127.7
798.47,577.97
797.93,477.56
804.29,603.05
801.1,1080.5
804,1045.7
807.47,360.93
807.15,629.95
809,60.5
813.87,994.26
815.14,946.86
819.31,677.17
819.47,1180
820.05,161.93
823.39,1231.4
824.8,354.44
828.99,314.72
826.44,492.08
829.46,380.77
830.63,592.78
837.01,145.09
835.63,41.633
841.76,541.82
837.42,1158.9
842.4,422.04
843.14,40.143
850.18,805.94
850.07,609.41
859.25,167.73
863.13,15.874
867.19,91.549
864.92,629.92
869.95,565.38
869.44,200.97
871.17,1005.9
886.51,393.04
885.45,259.56
900.63,204.94
903.31,780.9
899.37,760.29
907.35,1008.8
906.61,711.02
904.39,254.14
908.53,920.98
917.68,6.1479
919.19,268.32
927.4,95.67
926.25,915.27
930.28,1118.3
929.11,1228.1
930.09,172.49
933.71,71.481
943.04,407.37
934.58,596.89
939.86,644.01
938.4,813.02
941.21,437.62
944.25,691.59
951.24,61.953
953.17,1203
950.78,75.24
961.87,1020.3
961.06,860.76
958.68,1086.9
960.58,616.89
967.17,335.69
977.04,1099.4
980.72,803.8
982.72,622.2
984.28,1183.9
981.5,1019
983,936
992.05,959.85
999.74,267.11
1000.1,724.57
1005,457.17
1002.8,513.12
1005.2,810.94
1009.9,1240.8
1005.4,991.97
1011.9,348.94
1016.9,430.47
1015.9,710.08
1021.1,1101.2
1020.6,468.69
1027.9,65.596
1030.9,910.53
1037.9,850.17
1034.5,938
1040.2,1089.7
1043.8,53.431
1051.8,770.78
1071.6,937.49
1069.4,406.96
1071.6,1027
1082.7,972.43
1087.5,811.5
1094.7,776.45
1101.4,119.1
1099.7,341.23
1104.2,306.35
1113.4,1243.2
1110.6,1134
1129,1150
1135,1079.2
1145.4,156.52
1159.6,131.78
1157.9,605.69
1169.7,1066.9
1173.9,453.34
1175.3,1039.4
1180.2,696.59
1190.8,981.59
1192.2,859.91
1194.7,1196.5
1197.5,559.56
1200.6,172.71
1201.6,1174.5
1220.3,1094.1
1226.2,374.4
1238.2,28.869
1242.2,201.44
