2.2927,169.41
4.1124,480.1
4.2,508.12
2.4348,644.61
8.1765,746.96
2.6939,1093.6
9.8095,902.14
16.483,250.12
13.5,472
15.955,34.299
21.091,198.64
20.895,288.5
19,522
27,551.9
25.839,997.9
33.905,429.45
41.627,713.51
40.756,239
42.955,577.61
43.56,1227.9
54.045,376.09
54.661,6.5424
60.263,634.03
59,267.4
75.139,339.48
71.679,1142.5
72.346,982.12
74.633,270.76
77.937,994.92
83.229,327.6
84,379.32
87.277,237.53
87.149,605.45
91.688,445.95
94.379,222.85
97.966,199.58
101.34,663.91
101.97,1168.5
107.07,873.12
108.05,1077.9
110.62,1151.5
123.1,783.48
133,933.27
130.93,652.81
134.68,1169.4
139.73,1219.4
143.5,369.5
152.7,492.81
152.28,349.53
155.31,684
156.07,137.41
155.42,1241.1
160.31,553.65
157.09,866.09
159.07,247.41
162.19,193.68
167.19,157.81
169.5,620.39
175.78,1044
177.68,746.43
178.93,908.41
182.45,510.99
186.46,218.48
193.57,601.66
196.78,434.64
195.5,911.5
198.76,655.98
198.57,675.14
200.45,559.53
200.07,999.91
205.19,358.38
202.88,38.884
217.49,319.55
231.84,1022.6
237.43,725.64
236.92,381.56
239.77,1181.6
244.76,993
250.41,715.07
252,47
254.36,141.45
251.93,565.59
256.5,34.291
255.08,868.08
270.38,202.04
267.08,1200.1
271.82,1006.4
277.89,25.63
279.71,438.61
279.41,871.39
279.11,43.63
281.89,283.07
279.88,1138
282.6,99.6
289.84,748.87
292.46,643.22
290.79,901.45
300,748
301.91,182.91
312.7,361.15
315.14,21.5
319.1,636.9
321.29,756.54
323.46,172.22
323.65,741.88
326.4,1174.2
345.53,550.77
343.93,64.593
346.62,1205.7
348.48,258.9
353.76,689.25
370.31,50.829
377.03,977.01
384.04,1005.6
382,789.68
386.89,746.42
393.72,816.53
396.66,511.53
398.5,758
399,203.5
400.14,1196.3
404.65,425.29
411.96,339.9
413,1013
413.63,1101.6
417.45,64.586
419.93,83.952
423.78,279.4
426.9,576.48
428,597.5
431.41,1202.8
433.73,38.826
432,8.5
437,944.5
449.82,762.61
450,731.16
459.28,914.05
464.63,492.97
465.79,642.79
467.2,979.56
472.16,936.01
475.17,124.37
475.21,233.96
478.68,408.51
477.04,837.44
476.42,535.45
477.09,694.06
482.09,147.9
482.79,756.74
490.84,821.45
490.5,65.5
501.94,266.02
504.5,622
506.83,451
528.63,1245.4
530.32,247.78
532.26,664.47
535.92,1004.2
560.88,611.12
562.9,43.62
572.49,312.58
576.24,1147.9
574,517.85
574.86,916.56
578.6,1055.5
580.83,1108.6
585.32,1029.2
599.24,706.45
600.15,277.54
606.48,302.57
608.91,1170.6
609.07,1226.6
616.41,221.93
628.09,334.39
631.29,292.67
633.46,1061.3
635.15,388.73
645.03,101.88
643.5,1229
645.21,1244.3
651.31,360.91
654,1208.5
660.72,1232
665.69,758.59
665.5,882.59
665.06,90.531
672,62
673,1193.5
679.68,88.217
680.45,906.01
685.39,807.35
688.8,592.37
695.45,339.17
701.21,128.76
697.44,82.327
705.58,892.45
709.71,213.65
717.23,1203.1
715.89,957.5
715.92,37.917
720.62,994.62
721.42,518.58
723.29,392.45
730.5,1097.6
735.29,604.87
736.55,938.58
746.91,1149.1
748,746.5
751.57,1173.6
759.44,22.077
763,133.5
767.15,898.42
769.93,636.82
772.57,992.06
780.49,1183.4
783.05,830.53
786.79,573.13
788.08,627.08
802.51,314.63
803.71,746.29
809.17,213.47
812.5,476
813.72,785.12
825.86,177.14
830.12,765.02
834.01,158.96
831.58,799.89
836.19,820.94
842.62,904.46
844.77,315.63
844.63,131.63
845.42,90.576
849.7,527.86
849.86,39.611
857.57,82.867
859.5,718
860.5,366.64
861.5,1005.5
864.24,751
870.87,853.48
875.89,80.391
876.24,1054.5
876.08,394.08
885.5,1131.5
892.14,912.7
894.49,531.69
899.5,2.7727
900.38,289.69
900.37,478.97
902.81,202.4
912.46,1153.5
910.87,275.13
920.51,609.33
926.05,721.16
925.74,823.04
927.92,655.92
933.51,393.33
935.63,1024.3
936.03,1106.6
939.63,518.63
941.35,569.87
942.61,421.05
947.88,214.43
950.54,334.6
946.82,614.24
944.6,1229.6
949.32,309.98
948.06,489.09
958.11,717.15
955.42,789.89
960.68,1076.5
964.11,133.95
965.8,1215.1
977.48,717.11
980.71,737.03
983.14,754.14
990.16,589.19
987.91,850.13
995.53,1038.5
1000.7,169.22
1010.2,492.4
1011.8,10.707
1013.5,376.5
1014.3,764.45
1022.5,316.16
1028.4,306.68
1029.5,1105.2
1030.2,233.72
1035.5,348.67
1038.8,696.96
1036.3,251
1044.4,785.58
1047,361.5
1050.4,126.28
1049.4,886.58
1049.7,147.17
1050.7,869.71
1055.8,1245.7
1064.6,348.75
1064.7,645.13
1067.6,1013
1073.6,528.53
1073.1,884.9
1075.1,1089.7
1078.4,356.66
1076.9,108.44
1078.5,175.07
1078,1069.5
1082.5,289.24
1083,727.56
1084.6,689.89
1087.6,1110.9
1087.1,1137.9
1092.9,840.29
1091.6,190.89
1099.3,536.62
1107.7,1210.3
1107.1,973.58
1113.2,1025.3
1113.3,538.35
1111.6,937.91
1118.7,268.36
1122.8,1062.1
1126,1232
1127.8,101
1133.5,1222.7
1132.9,755.36
1133.5,1168.2
1136.5,369.96
1139.8,426.72
1138.1,7.0455
1145.1,309.87
1153.7,51.529
1159,698.03
1169.8,674.67
1170.6,932.39
1172.6,1246.8
1175.2,492.47
1177.4,585.59
1182.8,744.92
1194.3,836.97
1195.1,1095.4
1190.4,15.4
1192.6,108.02
1195.8,429.73
1209,1063.5
1213.7,259.81
1220,530.37
1229.6,1243.9
1235.9,393.55
1240.9,832.13
1246.2,414.17
1247.2,824
