5.4122,46.892
3.5972,318.4
2.2188,1222.7
16.067,544.44
13.742,131.41
13.818,1170.1
26.7,700.81
14,282.32
20.512,927.94
19.419,1138.6
23,743
26.062,1094.8
24.062,720.09
41.437,557.77
45.236,732.86
45.593,798.85
55.807,329.06
52.796,214.83
53.934,1183.1
53.424,449.58
55.808,789.36
54,130
54.714,313.57
61.15,549.92
71.096,591.2
65.378,398.04
61.917,737.92
63.391,1235.5
66.159,1215.7
72.385,230.19
76,537.5
77.262,66.615
77.647,1020.1
81.796,238.22
78.543,467.09
86.704,521.19
80.957,1043.8
82.2,378.56
84,450.5
84.576,729.88
94.343,1047
92.367,1148.6
101.65,37.409
101.84,457.09
100.63,700.03
109.54,784.06
111.81,54.242
109.97,317.77
111.91,490.5
112.51,1164.6
123.51,1061
117.42,1109.5
119.23,44.161
130.94,141.31
123,376
126.27,8.6538
128,376
134.58,90.424
144.72,884.69
141.05,333.74
141.37,17.5
147.71,1153.6
151.5,905
156.26,1074.2
158.1,1237.9
154.83,448
163.76,89.25
158,65.818
161.51,819.36
169.16,166.72
161.89,595.63
165.12,409.62
163.42,1082.1
164.4,552.4
165.94,867.04
168.5,219
172.18,1190.6
170.93,712.73
183.48,22.062
183.56,906.33
183.5,965.38
187.88,49.411
189.64,220.77
189.59,619.59
195.87,797.32
187,816.76
188.82,382.4
194.54,658.63
191.63,1226.6
193.95,865.91
200.88,840.51
203.99,500.51
205.17,704.62
203.66,301.62
208.74,1154
209.38,200.54
211.66,999.37
210.08,173.86
212.47,1139.4
211.1,308.62
217.09,21.552
222.96,95.108
225.49,882.27
230.95,1094.3
234.6,667.6
240.29,116.5
243.87,905.11
244.85,979.61
245.67,44.289
248.08,2.2308
249.97,691.92
249.93,939.76
260.08,171.44
264.42,1105.4
265.32,874.78
269.28,1132.8
273.02,629.65
276.75,207.69
278.51,68.964
276.18,697.02
283.58,776.02
284.5,1127.5
290.45,378.52
286,420
287.52,529.29
289.9,304.71
290.98,1246
292.35,541.84
299.65,495.38
294.44,1019.9
298.08,1054.5
298.12,463.44
303.94,541.43
310.27,196.35
310.54,510.22
317.3,608.88
317,543.5
324.71,312.11
324.8,669.11
324.43,1001.5
326,180.5
327.6,433.4
334.88,896.19
335.52,592.27
334.43,813
341.65,1038
334.94,47.906
335.87,1238.9
339.3,1176.8
342.18,84.047
346.24,272.36
342.61,369.63
343.5,184
342.86,1233.9
347.95,766.91
356.26,1035.7
358.16,767.02
356.96,839.62
360.9,966.17
365.72,61.713
362.09,786.91
368.09,303.91
376.41,92.414
376.42,815.55
383.87,326.32
393.98,207.01
396.81,1003.6
394.58,382.11
394.92,907.92
398.89,1200.6
399.74,63.212
407.78,193.45
404,511
405.75,114.25
410.11,845.74
410.09,677.54
410.08,125.4
410,665.33
413.09,14.091
415.5,977
423.01,717.74
421.76,395
420.67,859.17
432.04,224.08
433.64,103.5
433.3,856.34
436.85,249.09
434.11,524.58
434.43,658.05
435,274.5
446.96,871.04
443.58,1120.9
446.39,1089.5
451.78,1014.4
455.29,1200.7
454.18,794.02
454.25,1057.8
467.3,552.53
458.17,413
464.11,739.12
465.12,449.77
463.91,752.91
467.74,885.1
470.74,985.84
466.33,641.83
471.22,182.08
470.63,530.3
475.6,1190
472.78,399.56
478.12,136.06
481.94,774.45
489.38,229.85
485.4,609.4
492.11,579.95
487.07,1036.4
492.37,878.57
495.5,75.033
491.63,726.87
493.81,205.74
498.95,671.51
502.32,969.69
501.64,596.13
506.07,754.59
512.05,1189
510.29,53.452
511.24,605.82
515.97,116.7
515.41,906.39
518.21,1126.3
520.23,822.12
524,368
530.24,131.43
529.46,27.086
536.97,531.9
536,745
538.09,1116.1
536.64,1165.5
542.35,15.077
545.99,864.29
547.93,574.81
544.91,308.09
551.22,6.3929
552,731.85
557.87,431.98
559.14,327.3
554.8,848.9
560.65,765.93
559.87,815.74
567.15,954.35
565,181
565.8,994.77
572.08,344.89
571.43,195.33
570.63,233.37
571.71,549.19
575.2,40.204
573.07,129.41
576.99,750.68
578.08,1017.7
575.88,471.5
579.86,642.1
577.86,684.05
581.53,855.72
584.5,719.5
588.62,949.85
591.59,925.55
592.61,199.14
597,386.17
597.42,127.11
600.07,730.93
605,1171
606.08,16.078
609.79,626.34
608.14,902.08
611.82,143.42
607.42,459.55
608.44,59.077
611.58,1019.1
613.44,798.09
618.97,291.58
616.63,377.93
622.76,277.18
630.45,408.39
624.67,848
626.73,26.325
634.77,203.7
635.94,320.65
634.5,62.5
636.53,395.19
639.06,1193.2
648.49,1021.8
644.58,842.42
646.82,651.33
649.17,524.2
658.91,815.66
661.86,568.64
671.08,649.48
660.59,328.41
664.41,348.93
665.5,318.5
671.02,1049.2
671.54,159.92
676.81,400.2
673.68,763.54
675.06,1229.1
676.94,421.7
680.48,366.08
679.5,84.5
682.35,40.5
691,486.89
694.71,219.11
699.96,523.63
694.93,1115.6
697.85,586.46
701.3,354.82
705.63,883.3
704.31,761.01
708.81,267.92
712.18,1245.3
713.69,39.914
715.23,121.56
718.13,805.74
719.4,1030.2
724.42,229.61
723.99,1171
726.65,879.85
734.02,1245.2
729.09,1209.1
736.37,354.33
735.64,20.887
734.17,526
738.75,630.69
736.36,213.11
740.46,552.12
738.62,770
741.47,332.43
744.03,106.45
744,574
751.01,159.55
754.08,923.47
747,303.5
751.83,23.068
752.71,1016.3
753.09,861.91
758.27,183.27
763.95,260.44
761.49,361.4
760.79,139.16
765.04,687.76
763.37,775.66
770.12,397.59
766.07,432.59
767.21,1051.5
768.89,1177.9
790.19,563.33
787.53,1165.6
790.42,588.11
795.44,855.96
796.71,1175.3
799.38,26.652
798.62,404.38
801.46,82.892
799,1243.5
805.94,902.54
804.46,789.78
806.06,713.65
811.63,503.65
809.94,13.944
816.23,443.94
814.75,752.43
815.6,331.04
814.63,147.5
820.93,975.04
825.1,284.91
826.09,554.91
826.5,812.5
830.29,729.4
831.92,769.1
832.5,1119.4
838.83,605.51
838.5,1218
841.69,792.18
841.39,1055.9
841.46,145.91
845.5,6.5741
848.45,751.04
849.94,167.24
853.79,1102.5
856.05,278.41
863.2,90.144
859.2,152.56
858.58,218.11
869.25,1036.8
878.52,981.06
872.13,285.2
869.35,663.58
874.97,786.71
875,233
875.55,750.71
877.93,1177.2
881.49,552.07
882.85,238.65
886.05,510.65
885.75,1114
890.35,585.44
888,451.86
891.37,609.51
891.11,910.36
889.5,1091.5
890.8,855.56
895.43,483.09
897.26,726.86
903.53,236.72
905.31,994.17
926.91,244
927.57,616.12
935.97,603.75
941.12,974.7
937.26,413.19
939.26,864.79
942.54,551.44
943.3,1187.3
945.06,960.43
952.97,744.76
950,825
951.58,655.03
962,217
966.56,356.41
967.07,807.59
973.48,33.883
976.37,468.25
982.36,1174.9
988.7,627.87
983.41,658.59
992.45,651.94
997.56,739.96
997.43,204.09
1001.4,339.06
1003.6,431.59
1009.8,728.04
1010,419
1011.6,678.16
1013.1,494.47
1014,1162.4
1014.3,292.59
1018.8,963.1
1018.9,700.5
1023.2,249.78
1029.8,464.82
1027.1,321
1026.9,538.95
1032.7,554.05
1036,450
1038.5,160.5
1040.5,732.12
1040.1,795.91
1042.9,1182.6
1047.9,134.46
1046.4,488.38
1049.6,220.71
1052,557.73
1051.9,796.3
1053.4,385.75
1063.3,501.07
1062.3,891.88
1055.9,354.06
1057.9,717.42
1065.2,294.37
1063.9,935.09
1070.2,665.25
1072.9,995.68
1073.3,701.45
1072.8,123
1076,59.635
1072.9,548.86
1075.1,1016.1
1080.3,1096.2
1075.9,731.59
1076.6,291.89
1077.1,420.42
1079,1037.7
1081.5,241.66
1079.2,917
1083,120.58
1082.6,394.57
1082.3,1024.1
1087.1,1225.1
1085.6,774.07
1085.4,983.62
1089.4,536.74
1087.6,710.42
1092.1,350.74
1094.6,1016.4
1096.7,631.32
1103,910
1101.8,117.56
1115.6,1118
1104.1,1014.4
1115.5,774.7
1114.5,408
1124.7,701.64
1119.6,721.16
1121,227.19
1124.4,1239.2
1121,550.48
1120.3,804.29
1119.8,1201.2
1127.1,610.93
1137,995.42
1141.5,1225.5
1144.6,939.38
1145.8,550.62
1142.4,867.42
1150.1,1045.3
1148,184.69
1147.5,1098.5
1157.3,272.89
1165,40.635
1155.8,4.2558
1155.6,847.62
1159.2,1084.1
1157,1196.8
1158.5,1151.3
1162.3,1021.6
1164.7,410.82
1162.9,904.72
1161.5,150
1162.9,587.09
1167,297
1171.2,725.28
1171.5,799.68
1173.7,548.55
1181.2,775.5
1177.5,452.2
1174.5,704.45
1177.4,852.28
1178.8,307.69
1180.2,509.44
1179.1,381.59
1182.8,347.44
1192.2,302.54
1188.7,752.93
1190,851
1190,1182.2
1194.5,413.9
1197,1208.8
1198.4,851.94
1212.8,124.22
1215.6,84.419
1214.2,483.86
1216.9,224.37
1223.2,22.611
1225.8,1216.7
1225.3,268.17
1226.1,936.09
1228.2,1110.4
1229.9,876.19
1230.4,329.92
1229.6,760.4
1234.2,644.56
1234.7,719.22
1239.7,1171.6
1245.4,910.42
1245.8,120.27
1246.2,481.93
1246.7,5.7778
1246.7,398
