3.569,471.74
2.6429,942.5
4.9877,1000.1
9.7042,1091.6
15.436,661.33
36.023,634.94
39,1149.5
41.415,703.15
41.949,549.36
43.263,124.29
49.653,366.39
54.19,1167.1
55.594,1185.6
59.856,194.02
67.489,606.15
61.892,1028
66.273,654.89
67.746,136.03
71.117,1042.3
72.903,965.29
75.56,161.08
79.959,587.43
81.312,249
84.5,31.429
89.016,743.38
94.525,731.17
98,289
96.344,978.53
99.861,451.97
103.72,749.17
106.66,853.31
108.92,948.41
111.18,1134.8
110.58,262.33
114.15,19.674
114.11,185.37
113,125.5
113.89,132.67
121.97,1223.9
126,174.5
127.56,356.83
127.5,1069.9
128.56,988.04
134.52,383.13
131.33,409.17
133.08,642.92
141.88,1142.4
153.96,656.04
157.42,772.83
157.29,603.14
161.42,187.11
171.17,992.43
172.58,822.11
176.78,1199.4
176.5,43
182.13,252.12
179.5,667
179.5,332.5
185,185
188.51,977.1
194.12,659.98
190.89,20.196
196.01,1138.5
193.06,394.91
201.07,472.42
206.01,509.69
208.99,110.91
215.35,11.708
219.5,1244
220.53,671.3
222.75,1018.3
224.83,313.5
223.83,1043
226.69,234.14
228.98,1080.1
235.93,1056.2
240.8,822.87
245.65,465.69
240.7,580.7
248.5,673
249,547
252.87,866.84
252.58,902.08
253.55,752.3
260.65,486.91
258.92,470.67
259.7,995.61
264.88,166.47
264.61,884.14
272.5,914
279.91,984.57
277.19,1084.3
285.65,1003.5
284.75,307.81
292.45,697.2
293.5,988
296.26,465.74
299.31,377.34
300.34,780.53
299.64,1005.2
306.42,350.47
307.33,1173
312.47,592.85
316.42,457.82
322.02,622.07
325.39,358.32
325.34,751.52
331.74,1109.5
332.68,462.59
335.55,972.53
336.69,317.26
344.41,1157.4
342.77,865.06
349.41,672.96
352.45,781.98
353,1196
356.17,1179.5
359.81,857.78
360.95,1080
364.5,1051.1
370.83,177.85
368.86,1009.5
371.33,1228.5
372.19,402.57
376.72,1192.5
386.28,214.77
383.77,441.4
389.06,373.44
386.57,228.09
395.33,1117.9
397.34,922.92
401.7,607.18
404.58,5.4242
409.02,933.39
411.4,372.4
417.06,1222.6
420,1004.5
426.68,648.43
425.07,138.44
425.09,480.91
429.22,258.46
433.03,1035.4
434.65,496.97
432.29,722.89
437.11,838.25
439.02,447.28
442.5,485
444.5,386
454.74,299.78
448.12,501.65
451.92,432.08
456.14,234.72
462.19,1102.1
460,654
463.03,755.88
461.73,996.18
463.19,418.53
465.04,586.22
463,711.5
464.85,118.1
465.25,830.75
467.5,954
470,215.5
471.96,635.45
477.01,823.77
473.92,1187.9
479.9,872.04
476.88,381.46
489.6,555.89
492.44,225.07
489.89,1048.2
492.5,337
498.63,521.1
498.48,32.599
499.66,1066.6
513.09,1200.5
516.15,279.93
520,81.71
517.63,564.05
518.94,175.82
522.86,395.09
523.4,507.84
523.59,374.97
522.38,660.62
523.4,110.4
526.78,700.42
526.09,808.43
529.69,911.87
532.79,30.603
530.5,220.5
533.5,54
534.46,571.35
538.93,779.26
542,916.19
543.91,700.59
551.77,741.46
549.64,490.64
550,31.756
549,1156.3
550.34,51.531
557.8,312.25
557.67,780
560.32,859.22
573.71,607.12
574.28,1018.1
578,645
580.54,697.79
585.04,912.22
588.19,1096.1
592.61,337.14
600.04,269.64
602.2,54.908
607.58,567.11
611.95,1245.3
612,537.5
613.69,1145.9
624.32,1182.2
626.93,537.23
625.67,550
633.64,399.79
633.14,594.85
635.71,377.5
637.69,152.18
636.83,127.87
643,812.5
645.92,1223.6
646.42,1065.1
652.13,1205.8
657.07,432.05
660.2,687.6
663.1,608.61
670.78,287.53
678.54,275.73
679.73,1146.5
686.26,389.52
684.5,287
685.04,101.4
698.25,433.87
693.12,598.58
696.92,1150.9
703.01,621.85
703.57,413.02
706.37,248.89
716.02,1197.2
711.32,200.36
716.24,837.24
716.84,491.73
716.34,864.53
724.45,1145.7
726.5,731
726.89,847.93
732.58,35.438
731.5,77.5
741.48,284.95
748.02,131.16
742.08,920.44
745.63,1034.6
745.07,493.59
754.57,1244.5
754.68,548.78
755,112
760.12,802.12
764.18,599.71
765,249.5
764.93,341.59
767.92,379.18
769.5,703.5
774.01,241.04
787.1,79.486
787.49,1148.4
790.93,131.63
789,156.5
790.3,728.72
794.26,321.76
801.66,1202.2
805.03,442
809.9,154.54
810.37,1182.9
811.09,106.91
815.17,417
816.5,335.5
817.68,871.42
819.83,232.57
820.96,203.19
820.07,360.41
826.06,474.01
832.98,658.95
826.46,917.17
826.21,387.76
831.1,1240.6
827.91,519.45
833.81,248.24
844.85,1156.6
845.97,664
850.45,231.5
847.12,1001.3
850,1124
853.11,894.11
852.11,983.63
863.22,772.96
858.27,1089.6
861.16,171.24
862.25,1226
864.15,157.64
867.22,1138
866.93,322.41
867,667.32
872.78,537.6
873.95,216.8
874.39,703.14
878.33,1027
881.89,79.579
891.07,204.95
894.4,968.11
894.09,774.91
898.2,89.525
901.71,932
899.89,613.58
902.42,1225.3
903.15,1189.5
906.54,1147.3
908.09,317.39
909.7,650.61
910.71,501.46
917.18,89.688
918.19,125
924.06,596.69
922.23,529.63
920.39,571.86
924.35,618.93
927.88,177.53
927.49,1128.1
927.9,409.94
930.54,257.03
933.63,497.22
934.38,693.98
938.81,1206.1
936,307.45
933.5,792.5
938.72,1092.6
939.03,31.562
940.59,516.24
941.97,966.94
940.92,438.44
942.66,725.47
944.4,937.01
949.91,76.538
947.54,198.2
952.96,1186.1
956.83,95.806
959.74,697.99
955.17,408
957.63,860.37
959.54,652.22
964.32,314.09
959.42,1009.9
965.91,419.91
969.49,798.59
969,1176
970.45,1098.2
970,218.33
982.48,498.93
981.8,337.48
982.44,1191
982.82,795
983.61,250.14
986.85,906.13
988.37,533.89
988.17,876
995.64,288.76
994.71,641.5
996.07,916.05
1003.1,363.48
1000.1,610.39
1003.1,1149.9
1006,1027.9
1005.5,1130.7
1008.5,516.71
1013,578.21
1008.5,636
1016.9,876.23
1016.1,743.43
1015.7,616.18
1017.9,203.54
1017.7,101.87
1022.6,704.9
1022.4,1020.6
1022.2,1099.5
1025,456.92
1029.6,1214.2
1035.8,105.99
1035.4,929.42
1039.1,1094.8
1048.5,757.44
1041.5,45.789
1046,973.67
1048.1,1141.1
1052.5,849.08
1058.4,1226.6
1064,150.17
1067.1,449.44
1069.3,1138.6
1065.5,1228.5
1072.3,1084.9
1072.4,538.55
1075.6,468.97
1083.3,153.96
1102.9,25.466
1077.7,86
1078.6,625.89
1079.2,998
1084.4,902.39
1087.4,333.35
1090.1,1123.4
1089.9,770.8
1091.4,1223.9
1093.5,929.03
1096.8,1059.7
1094.4,261.41
1100.1,69.389
1102.5,434.08
1103.5,981.43
1112.3,205.93
1120.7,53.594
1116,121.05
1115.6,489.72
1122.2,896.19
1115.8,523.85
1116.1,178.59
1120.1,683.79
1127.7,78.41
1129.8,247.17
1130.1,847.35
1132.4,518.11
1134.9,681.21
1134.5,5
1139.3,643.12
1143.3,319.5
1142,595.08
1143.5,50.604
1143.4,1164.4
1147.5,454.95
1148.1,525
1150.4,115.42
1149,24.857
1153.7,189.59
1157.6,711.38
1158.8,290
1162.2,623.45
1162.4,765.47
1173.6,303.76
1175.2,334.86
1175.7,1245.1
1179.1,421.85
1182.6,573.18
1185.1,677.5
1188.7,905.63
1194.5,175.49
1196.3,197.09
1194.2,711.92
1196.6,1154.5
1194.5,1175.5
1201.1,433.57
1202,1081
1203.4,1143.4
1207.6,7.8983
1208.1,240.65
1207.1,286.85
1210,913.5
1212.6,1003.1
1215.9,709.73
1218.3,1149.2
1219.4,1209.8
1219.6,377.6
1227.3,661.45
1229.4,67.092
1226.4,130.6
1227.7,167.33
1231.1,404.06
1238.8,380.67
1239.4,181.55
1236.5,1105.7
1241.7,232.23
1240.6,245.14
1240.5,655.5
1244.2,427.32
1246.5,604
