2.3214,218.71
5.3772,310.68
1.95,348.85
1.8889,549.37
7.7551,613.76
14.341,720.09
3,1005.5
9.5,388
12.959,327.55
14.966,777.07
23.527,633.5
20.5,837.5
24.81,678.93
27.326,1155.7
29.973,57.759
38.021,306.9
34.054,560.2
37,442.5
37.174,980
39.953,339.97
42.94,1062.4
44.239,49.62
43.134,1007.9
48.29,418.45
55.973,333.81
56.551,1186.5
65.357,827.97
57.421,1106.9
64.5,546.5
65.095,489.94
66.5,872
67.5,606.5
70.63,796.52
73.87,1118.3
72.929,144.73
71.8,246.91
73,629
81.221,924.7
84.627,251.88
83.56,775.97
81.091,1184.1
87.235,180.72
84.885,312.65
85.937,1111.2
89.72,790.99
91.733,54.884
93.411,337.58
99.078,701.56
111.16,750.15
112.2,825.99
109.78,65.5
114.21,452.99
117.91,311.09
119.36,364.58
118.92,678.44
121.11,251.47
127.21,688.87
124.96,737.37
124.55,1026.5
126.42,300.22
129.5,199
130.01,789.29
131.88,773.37
133.61,7.6828
133.73,257.35
134.56,809.92
141.58,410.26
139.07,631.53
145.61,1109.2
143,707.68
148.79,744.32
146.91,1165.5
149.12,184.47
149.14,778.5
151.5,117
151.43,594.19
155.73,818.11
154.32,77.486
154.5,1207
156.76,1082.7
158.69,497.63
156.58,142.89
159.84,700.55
160.94,42.532
160.71,299.45
164.08,89.976
163.78,356.15
166.08,133.03
167.6,756.11
164,1245.4
166.73,280.28
165.5,1191.5
176.27,206.78
174.44,834.07
169.48,182.86
183.6,700.54
171.72,586.62
172.84,31.451
178.55,731.34
177.83,233
179.31,490.83
185.55,61.775
186.7,632.14
185.88,1189.9
187.97,761.59
188.37,970.63
189.72,999.11
190.91,7.2133
199.58,783.86
195.81,1205
196.09,80.5
197.51,113.58
197.78,202.56
198.69,855.09
201.22,904.13
202.06,991.97
208.85,169.43
203.56,698.13
212.46,255.39
207.05,839.42
207.07,735.5
206.58,1189.9
214.54,1118.2
212.18,1180.8
211.58,140.11
214.29,93.173
214.92,349.53
220.73,681.69
223.07,725.8
220.93,67.586
222,482.5
226.66,257.38
230.58,71.452
232,577.33
230.43,407.43
231.08,1219.1
232.36,156
232.78,203.75
239.95,734.3
236.5,1228.5
239.07,141.5
239.38,853.46
241.86,27.099
244.86,529.65
247.94,763.2
244.32,304.51
248.34,278.45
247.95,574.65
246.88,698.79
248.36,1210.2
255.5,1226
256.07,1242.8
259.04,917.52
260.23,851.23
260.97,1126.7
260.95,357.53
264.33,425.61
266.53,654.04
265.96,387.27
270.25,250.35
268,292.24
271.66,602.52
270.5,619.5
268.86,685.86
281.61,636.9
284.64,1245
289.1,138.52
288.71,925.28
290.07,1178.6
292.36,1211.1
292.64,575.85
299.65,613.44
296.95,214.47
296.92,759.8
296,1192.3
299.56,798.33
300.52,941.71
300.54,153.78
301.39,383.86
308.91,674.71
311.12,177.81
312.11,1242.6
313.31,198.65
318.08,600.16
317.27,716.18
314.5,983.5
319.34,38.994
319,1187
328.79,459.14
320.93,93.407
324.66,1091.8
323.58,657.45
327.05,61.456
331.48,123.14
333.37,1062.6
341.51,558.61
335.65,966.57
335.06,1016.5
336.12,864
338.36,153.72
339.48,55.786
337.09,1224.9
339.94,771.48
340.61,832.14
343.54,937.22
348.24,280.53
349.22,335.41
356.97,81.878
357.63,206.52
357.4,8.6
372.84,550.78
362.5,649
361.85,972.54
364,684.57
367.54,244.41
369.03,791.74
370.6,77.446
372.08,746.61
376.83,398.3
374.84,234.13
373.72,1137.1
388.13,63.321
389.4,200.53
388,761.25
392.54,1150.9
392.68,91.216
396.75,896.74
400.7,30.775
405.25,112.87
406.66,707.04
408.14,1050.4
413.74,379.86
412.09,337.47
411.8,239.44
416.27,1240.3
418.31,947.05
419.71,1167.9
419.75,797.52
425,564
426.54,607.92
430.61,236.75
435.72,1204.8
437.33,1189.6
435.42,511.89
442.45,610.53
445.61,290.83
442.2,435
445.19,181.87
446,507.14
450.88,331.89
448.09,1201.9
454.71,127.65
456.37,749.84
459.58,666.42
460.89,187.63
461.74,979.9
461.41,40.892
465.36,302.54
466.43,733.09
468.48,1028.1
477.06,709.59
478.87,150.95
479.55,1212.2
482,1138.7
485.9,82.38
485.54,970.22
491.66,572.02
490.02,457.91
491.08,770.41
497.66,196.08
495.58,361.11
497.59,1184.9
500.04,90.352
502.59,713.87
506.36,928.88
506.56,950.03
509.25,438.44
511.95,71.534
512.65,223.7
515.1,706.67
513.5,906
516.7,1048.7
518.38,185.46
516.63,25.633
520.5,1207.5
523.11,500.42
528.06,265.43
529,324
534.11,164.52
533.64,738.91
534.43,822.65
534.6,902.63
534.73,75.854
538.62,131.05
535.48,216.48
537.14,1219.1
542.1,439.92
547.04,1142.9
540.5,806.5
543.39,112.48
542.12,390.35
546.02,243.06
565.14,841.33
557.42,900.89
561.66,558.47
566.11,688.63
569.06,475.03
576.02,356.96
573.48,384.84
574.32,1167.9
574.9,1139.5
578.13,1085.1
580.38,921.54
581.9,800.94
585.63,427.83
598.55,423.42
604.82,657.92
601,395.65
603.61,199.25
601.54,689.09
603.53,637.72
606.54,899.72
605.65,289.94
611.34,453.94
612.29,870.88
615.65,559.11
612,1231.3
622.91,223.71
622.91,206.91
627.84,337.51
628.36,663.39
626.83,56
626.5,457
629,880
633.74,164.03
633.93,1190.3
631.33,555.33
649.22,475.9
654.12,492.49
652.34,911.72
652.9,844.48
658.58,761.14
658.8,117.9
660.5,282.44
663.07,223.41
667.05,21.182
667.93,408.93
671.35,791.84
668,914.5
672.08,182.03
671.58,331.89
673,363.17
675.09,132.91
679.39,254.55
677.75,681.25
678.11,1117.4
682,830.5
691.89,143.75
688.4,159.36
689.58,810.55
693.18,454.71
694,783.5
698.76,8
701.59,685.82
702.5,498.5
705.19,1112.9
706.09,279.91
709.1,406.44
708.89,824.55
713.67,353.8
714.13,209.46
715.57,474.61
720.5,908.65
723.5,764
730.25,72.451
741.12,917.65
746.5,487.5
751.94,803.7
752.47,143.67
757.66,54.368
762.31,90.984
763,792.08
768.31,21.177
770.1,1010
775.44,485.97
778.48,145.5
776.09,308.91
787.41,885.36
785.24,47.98
783.4,956.4
785.58,280.42
787.2,686.68
790.13,113.97
792.28,444.12
796.46,263.42
798.37,728.01
798.43,406.39
806.35,1029.2
804.83,635.02
806.5,236
809.67,26.951
819.06,862.43
816.73,745.55
818.42,1140.7
818.5,273.5
822.16,991.23
821.08,243.15
820.45,1201.4
825.57,153.57
825.57,923.61
830.36,180.5
841.51,361.07
846.09,255.87
847.92,1036.7
849.51,799.4
851.55,920.55
854.43,1172.2
868.66,181.91
862.58,497.37
864.73,1083.5
866.9,1192.6
875.18,624.4
876.96,1202.2
884.58,116.45
890.33,448.8
895.25,480.32
899.97,553.47
900.23,964.27
906.11,151.42
915.55,815.42
920.59,85.185
919,1166.5
927.89,293.3
929.58,921.11
934.86,273.98
944.33,158.56
937.76,801.6
939.73,406.85
948.47,661.82
940.68,927.36
950.5,11.314
945.93,91.756
946.09,898.91
946.5,961.5
947,110
949.82,1243.6
951.95,1056.5
955.23,381.63
959.7,141.08
960.02,35.617
958.63,682.37
961.54,298.09
966.71,393.7
969.35,105.38
968.51,513
970.96,363.66
971.3,45.609
971.42,198.42
975,1.92
974.88,244.39
974.33,871.56
977.5,72.5
982.46,152.06
980.56,776.83
984.47,167.61
991.19,118.72
986.95,1036.9
989.62,1061.7
989.94,1195.5
990.91,68.909
1000.4,173.3
997.32,1072.9
998.1,58.103
1000.9,480
998.08,283.56
1000.8,692.59
1008.8,312.44
1011.2,132.68
1008.8,681.04
1008.6,1093.4
1011,45.737
1018.5,948.74
1020.3,66.531
1025.4,835.92
1034.3,119.42
1033.8,744.22
1033.9,43.8
1033.4,75.217
1036.7,139.6
1035,334.25
1037.1,402
1035.5,644.57
1035.4,59.926
1035.4,362.96
1038.5,17.5
1040.6,33.517
1043,187.03
1042.4,470.45
1054.3,131.65
1048.3,752.53
1052.1,1016.2
1054.9,147.88
1053,625.5
1053.5,29.8
1057.2,1238.6
1056.7,1160
1058.5,87.215
1056.5,186
1060.2,815.06
1070,911.93
1069.5,458.5
1072.6,1230.1
1075.6,1069.4
1077.3,117.07
1077.2,369.49
1078.5,15.5
1079.5,45.537
1082.1,845.09
1084.7,156.13
1086.6,506.6
1085.4,181.8
1086,326.57
1087.1,732.2
1087.5,57.721
1093,948.11
1093.6,194.06
1094.2,541
1105.4,81.47
1096,1126.9
1098.6,1205.4
1099.5,417.85
1102.8,344.31
1102.4,626.02
1105.1,905.32
1112.8,204.5
1110,391.09
1111.4,773.56
1110.8,671
1114.2,1005.9
1117.2,1045.3
1121,405.64
1124.6,259.42
1127.1,30.509
1124.6,335.94
1137,580.71
1138.5,172.41
1136.2,1005
1139,903.42
1142.1,8.0154
1143.8,28.56
1146.1,1113
1148.6,680.6
1148,1186
1150.9,938.56
1150,507.09
1151.3,721.92
1152.9,184.95
1161.8,424.07
1157.9,65.256
1160.2,824.06
1164.1,451.84
1165.3,164.63
1165.2,889.55
1165,373.5
1168.1,786.7
1173,212.13
1173.1,919.33
1182.4,392.49
1182.6,807.41
1186.4,55.54
1184.9,891.91
1193,941.65
1189.2,1103
1197.7,569.46
1197.1,39.421
1201.7,518.83
1201.7,617.65
1203.7,778.55
1205.7,1208.4
1209.8,237.93
1205.8,66
1205.6,1071.4
1205.4,1178.1
1207.1,748.56
1207.9,556.13
1207.9,1119.9
1208.6,1235.1
1215.8,1055.6
1218.8,163.41
1217.5,121
1221,427.53
1219.1,1179.9
1221,58.965
1226.1,300.7
1223.6,604.64
1225.5,577.57
1225.6,630.64
1225.9,71.586
1232.2,871.05
1233.4,549.55
1233.9,952.15
1238.1,54.821
1241.3,171.85
1238.7,616
1238.7,1133.8
1243.8,910.27
1245.7,541.31
