1.8333,500.89
2.3226,546.9
8.8,566.19
11.551,856.79
6.6786,949
15.734,1094.1
11.056,527.42
9.1739,423
13.148,673.54
13.091,163.91
13.091,1203.9
17.579,778.91
16.297,145.08
19.707,28.293
28.097,299.54
25.7,130.02
24,160.67
25.415,422.77
25.915,960.68
26.46,1206.4
31.057,433.57
30.857,383.5
35.633,38.633
36.414,1223.9
39.5,568.85
39.395,815.87
40.905,343.93
40.143,720
41.327,1045.6
43.476,533.94
50.474,855.66
46.65,1231.4
49.367,3.6333
51.81,727.05
81.573,1091.2
58.972,1065.4
57.5,430.5
59.167,386.6
61.857,1040.9
65.287,1084.6
64.808,765.4
71.107,1017.5
69,99.174
69,640.5
70.2,229.56
76.883,1117
72.711,982.93
72.936,396.47
75.521,663.73
73.524,812.52
74.926,871.41
76.483,91.414
84.061,331.89
86.649,1034.4
80.745,701.35
86.626,5.8384
81.174,282
84.851,383.46
90.568,219.95
92.091,241.09
96.697,642.88
96.333,72.549
95,261.32
98,1232.5
100.82,144.2
101.15,1001.9
107.06,161.01
104,351
103.91,982.09
112.27,867.59
109.6,1026.6
115.19,1082
111.34,493.38
113.66,342.41
116.15,665.36
119.02,1138.2
117.46,592.78
118.4,610.89
124.44,145.85
120.79,509.05
122.5,970
124.5,336.36
131.63,250.77
134.57,552.59
135.91,462.63
134.07,1048.9
137.22,499.15
136,1094.5
141.18,1121.4
152.18,403.12
138.67,69
138.4,255.6
139.91,449.91
142.55,1223.3
149.88,588.31
146.61,470.86
148.81,769.01
152.81,219.15
150.96,754.25
149.66,967.83
156.3,37.308
154.03,1066.6
156.79,700.74
159,1179.4
156.91,135.09
157.98,291.6
161.57,19.528
168.12,474.46
178.23,845.91
171.97,1077.8
174.89,795.45
176.65,68.07
175.93,568.07
177.44,201.07
179.2,9.4773
181.6,467.44
181.77,991.02
184.94,416.61
183.42,887.89
188.41,782.08
187.16,1196.5
195.68,720.08
197.37,26.353
202.09,441.96
201.41,213.15
199.5,402
199.86,648.41
204.66,1142.3
204.39,381.61
203.38,265.73
204.8,534.76
207.34,402.13
206.56,673.25
206.94,662.34
207.98,21.26
207,706.5
212.61,230.66
214.01,832.08
210.85,943.5
213.6,377.6
218.05,352.97
219.71,1102.7
219.5,322.5
220.76,432.9
224.95,298.37
224.74,591.32
226.29,560.55
228.44,820.42
229.29,520.83
233.31,1073.7
232.97,154.58
237.47,376.66
237.5,1148
242.88,168.37
247.03,685.44
261.02,51.529
254.22,507.87
258.55,827.58
258.66,1101.8
256,1180
259.13,39.13
258.67,437.31
260.08,1191.4
265.41,978.19
265.76,775.19
264.14,480.5
265.98,581.98
274.01,728.79
274.53,4.0482
274.6,1167.7
278.16,284.89
277.37,981.21
278.36,960
287.09,1241.6
280.89,407.58
283.37,807.63
285.48,381.83
284.42,842.11
286.86,1132
297.45,763.66
296.1,90.101
294.41,340.93
294.95,849.9
296.27,1023.2
306.17,552.44
305.95,412.93
306.12,94.5
307.18,1064.8
309.14,75.611
309.09,348.95
310.5,1239
314.02,136.59
314.26,440.1
310.92,527.6
318.24,193.39
313.07,249.56
316.46,383.21
321.6,330.32
323.73,648.81
318.5,69
322.55,367.26
329.13,455.54
331.94,531.27
327.5,854
329.07,669.41
331.93,800.58
337.1,276.5
332.79,358.47
333.23,1232.1
337.54,297.09
338.29,505.71
342.8,845.84
340.64,11.191
344.43,201.61
347.86,32.839
347.14,960.5
349.96,581.13
350,458.89
349.38,653.38
354.4,696.31
351.55,114.43
355.61,435.25
356.09,966.91
362.25,19.774
362.54,870.35
362.67,119.17
367.39,184.74
368,265.17
372.23,376.44
371.57,610.41
371.75,934.51
371,401.5
373.33,345.04
372.92,29.02
372.58,328.89
373.08,740.08
373,787
375.04,494.67
374.58,812.11
377.59,251.93
379.44,1237
383.52,590.69
387.25,630.85
381.93,1055.1
385.48,464.45
383.5,501.5
386.46,147.11
384.88,1119.7
388.93,106.36
394.21,421.93
396,851
396.41,927.9
395.86,1051
403.57,657.15
404.91,382.4
407,912.05
412.02,97.686
409,773.5
411.65,1175.9
415.89,85.421
417.33,455.68
417,1148.7
422.24,16.739
425.19,556.08
424.02,207.61
423.83,621.66
428.6,365.55
428.73,728.55
431.42,922.58
428.89,217.58
434.11,144.58
448.07,671.89
436,172.5
436,832.83
440,559.83
451.76,906.17
446.88,276.26
445.08,466.38
446.5,140.86
450.99,1175.4
459,610.18
456.82,1192.2
456.5,1117
458.9,24.38
466.32,800.48
467.62,748.3
469.81,15.345
469.46,372.92
471,123.68
481.89,1098.6
479.08,142.97
481.24,762.62
479.37,1196.4
490.22,721.99
490.28,193.38
485.58,112.11
486.58,269.55
490.61,469.25
498.35,1211.7
499.46,601.94
502.08,305.91
506.67,103.82
513.75,293.89
507,508.9
509.94,1153.6
521.05,250.02
521.59,278.22
528.82,779.49
527,1089.3
532.94,558.67
532.49,895.3
529.81,666.41
532.35,286.75
537.21,1244.2
539.3,735.5
545.34,96.631
546.06,1090.6
543.29,4.7097
543.41,647.07
546.37,965.81
549,857.24
550.5,198
554.24,639.28
558.71,265.46
557.08,524.08
562.17,126.5
563.16,286.55
560,1157.2
570.37,675.37
575.45,831.66
576.16,446.94
573.17,904.07
575.78,646.9
576.69,1079.1
576.91,286.77
583.07,605.42
584.41,1108.4
585.84,78.5
586.99,692.75
583.83,844
590.67,513.72
590.77,194.94
594.2,432.5
590.5,572.5
592.69,26.333
595.91,363
599.51,945.26
597.86,784.17
599.82,1038.5
601.38,224.62
612.54,477.95
601,1106.5
603,752.5
606.04,99.143
610.83,501.13
608.88,1120.6
611.36,1184.4
610.81,440.86
615.23,881.52
617.56,1219.9
615.62,1088.3
618.02,178.58
619.74,1129.4
622.44,772.26
620.88,33.346
626.45,316.18
630.47,121.73
636.19,841.83
640.35,342.68
640.61,325
642.66,874.95
645.78,208.27
644.07,233.67
649.62,806.69
644.04,118.92
646.89,434.43
650.27,1171.4
647.61,160.61
657.85,406.89
648.5,1222
650.84,299.61
655.51,738.97
652.21,727.45
654.32,181.95
656.95,794.13
661.28,150.93
657.92,721.92
660.44,274.8
664.16,491.22
660.65,683.2
660.83,544
665.52,896.19
662.65,1175.9
667.58,365.12
664.89,462.37
670.71,40.962
674.21,1044.4
674.38,835.09
673.21,737.93
675.5,143.5
682.24,217.21
679.81,787.02
679.68,981.4
680.62,1178
682.44,770.55
682.08,955.87
680.5,583.5
681.67,462
684.56,803.74
689.32,191.63
687.95,1020
690.62,1196.3
693.41,510.8
696.42,965.43
695.69,634.09
695,1029.3
698.91,362.92
696.91,623.09
699.47,824.31
702.51,136.64
705.77,788.19
705.45,1138
699.29,106.45
701.47,1213.4
701.91,307.48
702.45,862.33
706.13,1065.3
703.93,558.59
704.91,229.91
712.96,350.7
711.17,322
712.58,306.42
720.08,40.63
721.38,418.34
721.41,655.11
727.7,1200.8
725.6,206.41
724.66,635.06
727.03,156.73
729.4,934.38
728.81,68.766
732.45,1235.5
733.97,603.36
730.53,698.07
734.77,970.55
735.21,886.52
739.28,802.3
735.5,535.5
741.66,250.76
741.2,644.07
744.22,564.23
753.44,269.18
751,942
755.16,1116
754.5,1220
762.22,1062
760.65,4.8254
762.7,104.36
768.34,436.59
763.5,476
765.6,801.37
768.11,557.42
771.42,676.12
775.54,1110.2
776,482.24
779.88,472.49
778,458
779.34,48.375
782.23,118
782.58,177.42
782,630.83
787.3,452.3
792.44,545.3
786,915
786,1246.2
791.77,205.3
791.06,527.43
791.18,1134
794.54,271.85
795.55,894.71
797.33,856.08
799.06,351.03
800.7,485.75
800.85,1179.2
797.85,397.46
799.81,938.69
801.73,247.35
805.45,912.5
803.91,948.91
808.07,543.02
810.61,92.613
810.71,634.1
812.18,424.01
810.41,998.07
811.58,443.89
814.67,726.56
813.35,823.6
815.91,712.57
817.43,1076.5
827.29,1186.9
818.53,381.28
821.91,758.58
821.97,130.75
822.66,147.59
822.58,433.42
826.94,545.23
830.64,648.82
829.54,379.8
834.47,1017.1
830,967.83
834.55,872.52
840.25,404.18
837.64,300.5
837.8,939.44
841.18,346.69
839.83,1131.6
847.28,21.828
844.89,582.11
845.96,765.28
845.08,131.08
849.87,868.58
848.86,50.033
852.11,252.26
850.28,566.77
856.36,1164.2
849.92,1177.7
853.82,1233.3
862.35,1121.3
860.56,373.08
863.38,181.89
863.25,1065.4
863,506.5
864.5,238
865.06,398.3
863.5,414
870.19,669.89
867.58,1136.6
870.46,111.84
868.5,987.5
870.12,831.35
874.79,611.8
874.11,380.43
875.11,707.66
876.85,1062.3
875.11,1018.4
875.56,68.923
884.42,913.22
878.87,38.333
881.18,98.264
883.22,1116.4
881.55,194.71
882.5,463.5
883.83,1196
890.27,403.69
886.42,26.105
893.09,471.72
891.88,1012.5
895.79,386.5
893.11,585.58
897,1032.3
906.22,817.37
899.71,424.75
899.49,1080.3
899.57,1241.3
902.59,248.38
901.5,1214.5
904.7,296.95
905,1189.8
912.25,578.54
906.86,95.143
911.82,153.75
907.86,484.86
910.33,615.09
910.6,231.8
911.32,419.22
914.96,465.88
910.58,1064.4
911.78,1174.4
914.81,847.81
920.84,828.5
923,193.97
930.25,855.46
924.5,277.5
935.1,554.99
934.92,1005.5
928.82,1025.9
928.54,303.34
928,720
929.59,2.931
930.82,642.2
929.92,756.08
934.21,787.04
941.7,278.71
933.81,573.26
943.57,886.63
935.56,911.48
936.76,1223.3
937.29,538.83
940,1.8947
942.63,989.37
946.01,444.38
950,26.5
954.87,589.72
954.53,146.17
952.4,781.11
958.76,112.35
965.09,127.34
963.66,205.86
962.31,686.63
961.14,477.5
963.55,347.42
963.5,498.5
967.68,814.8
966.45,1029.4
969.65,1162.4
966.63,290.63
967.56,142.78
977.23,648.58
968.58,949.77
969.09,419.13
968,743.83
973.92,63.975
977.38,471.58
979.11,1236.8
974.91,194.09
978.25,212.51
976.65,1134.5
982.3,330.95
983.4,943.56
980.73,989.82
982.34,870.62
986.18,157.22
989.48,253.91
985.5,427.5
988.75,1103.1
995.28,178.78
989.85,1051.5
991.83,524
995.64,966.5
999.88,106.8
997.35,331.13
998.64,211.07
999.64,85.983
998.38,947.82
1005.2,414.64
1001.9,258.7
1010.4,1043
1006.8,464.33
1009.5,818.61
1013.1,172.96
1012.9,1160.6
1015.1,1064
1019.6,84.345
1017.9,199.44
1017.6,970.84
1022.7,923.25
1022,1159.5
1028.9,821.46
1035.6,277.37
1037.5,133
1043.1,1.9
1041.5,538.5
1042.9,436.1
1047,127
1050.4,1099.3
1052.1,1202.1
1051.8,599.23
1057,214
1054.5,449.5
1055.8,944.46
1061.6,1007.7
1062.1,1101.6
1070,473.38
1067.5,994
1077,1203.9
1067,792
1069.5,224.22
1075.2,894.91
1084.1,380.65
1083.8,1029.1
1085,156.59
1093.9,512.92
1098.8,718.83
1091.6,1176.9
1091.9,10.409
1092.6,983.4
1092.6,349.58
1100.7,220.35
1101.9,613.05
1099.9,1148.5
1099,245.5
1107.8,1246.3
1108.7,1047.5
1108.6,86.648
1108.5,888.77
1112.4,58.054
1111,996.5
1117.5,19.438
1119.9,366.66
1117.4,100.05
1117,915.57
1119,72.5
1119.9,1143.4
1131.3,287.61
1121.8,538.84
1122.4,1223.1
1128.9,442.82
1130.5,1117.5
1135,146
1134.4,567.09
1136.3,1095.2
1137.3,165.56
1138.6,120.4
1139.8,83.212
1145.5,100.94
1137.5,650
1143.2,1160.6
1144.3,497.32
1146.5,404.58
1142.7,529.97
1143.4,827.67
1149.9,813.42
1150,543.93
1149.3,469.29
1149.5,1111
1156.6,335.89
1158.1,367.09
1164.3,63.226
1162.3,278.84
1167.4,563.02
1168.4,653.63
1173.7,365.75
1177.5,1183.6
1175,107.19
1179.9,627.31
1175.5,1087
1178.4,142.36
1178.7,458.86
1179.5,89.5
1182.9,314.91
1181,875
1183,468
1186.2,735.8
1194.4,162.14
1191.4,924.85
1194.1,870.43
1190.4,517.42
1190,1243.5
1191.9,1163.5
1191.8,749.54
1197.5,205.5
1200.3,1197.9
1205.1,490.09
1203.1,999.59
1209.4,471.82
1206,30
1207.4,411.37
1208,623.07
1211.8,591.98
1213.9,1184
1213.7,992
1218.1,743.12
1218.4,295.19
1217.6,727.93
1218,370
1218.8,1039.2
1224.1,568.91
1223.2,1117.8
1225.3,935.86
1228.1,850.57
1234.8,1077.7
1233.2,399.6
1236.7,726.94
1235.2,684.4
1239.6,1114
1244.9,276.73
1245.8,78.358
