5.6463,44.646
1.8261,162
3.831,546.04
7.5,569.24
3.5,739.5
6.0584,1054.6
15.626,1113.9
4.8037,346.15
11.69,1078.5
18.555,89.711
13.549,1004.1
20.711,956.77
20.641,256.37
21.47,286.24
25.272,1135.4
23.119,371.2
24.853,490.07
23.785,1043.7
22.915,441.11
26.765,234.52
32.627,353.07
28.547,612.45
37.296,1076.6
35.563,213.2
37.877,1014.1
35.701,474
38.208,146.57
40.211,1041.2
41.407,799.27
40.597,1167.7
39.537,817.54
44.324,986.13
42.906,578.17
44.525,599.48
45.319,689.33
49.094,324.09
49.39,1120.9
58.417,1202.7
55.883,90.865
61.705,633.42
52.949,1093.6
54.118,509.49
66.493,1026.8
56.095,155.29
58.077,1159.2
61.542,38.22
61.657,1142.3
73.798,41.901
70.216,351.72
67.056,706.29
111.28,1069.2
69.283,19.833
69.903,370.39
70.552,211.69
78.868,1110.5
88.015,601.97
75.346,991.3
76.694,238.75
86.959,1230.2
88.311,967.75
80.654,584.27
81.029,1067.1
81.8,74.333
81,800.83
83.887,843.32
84.341,713.76
91.03,777.34
95.914,1013.8
93.822,398.18
90.269,1160.3
94.655,3.1455
93.574,1123
102.49,100.85
98.398,351.82
105.85,233.9
98.771,274.57
102.17,708.6
107.11,426.66
109.82,477.95
104.06,668.91
110.56,839.43
115.04,798.71
107.56,132.03
113.61,729.2
112.77,288.71
111.05,598.75
111,1107
112,345.5
118.29,660.13
117.37,1010.4
121.63,989.86
121.28,248.59
119.61,400.13
127.02,1211.1
128.95,141.11
128.39,506.32
126.79,17.434
131.11,266.48
127.73,309.12
132.83,475.27
139.81,963.98
142.12,704.15
142.73,74.362
139,735
145.08,640.08
145.63,1185
145.76,511.66
143.31,664.7
146.39,335.98
148.97,1021.2
146.91,286.09
150.86,722.03
163.44,481.25
160.55,953.39
151.83,1140.7
153.5,306.5
161.08,1212.7
169.11,789.99
163.58,247.92
160.5,380
163.02,1236.6
165.37,8.76
170.52,115.17
165.95,995.9
169.77,375.63
174.75,718.63
172.31,895.71
176.51,669.55
174.2,1077.7
174.59,970.41
178.43,589.98
182.12,176.64
179.72,347.82
179.26,867.62
189.82,400.56
185.61,111.07
188.3,521.25
186.12,553.06
191.08,1135.2
188.64,6.6505
189.16,245.24
188.33,1154.4
196.19,642.68
193.62,444.62
199.09,1012.6
202.35,371.5
214.44,282.46
216.09,523.08
204.85,801.85
213.53,1086
207.86,479.32
214.18,876.27
210.69,261.38
213.39,556.44
217.09,1204.3
238.45,67.222
218.32,343.94
215.08,444.88
218.98,928.19
210.6,1004.6
214.89,779.97
213.68,954.06
219,649.62
213.14,909.86
217.38,760.98
217.94,887.47
222.71,107.2
221.25,169.52
223.52,19.417
225.94,593.06
227.81,428.7
233.94,263.07
230.98,369.93
234.46,1228.6
237.76,495.83
234.56,1049.6
238.14,379.51
243.05,97.092
240.21,455.49
239.6,757.38
242.28,18.289
239.52,130.09
241.44,807.05
243.85,942.49
240.36,1192.9
244.55,669.03
241.92,965.92
248.84,854.02
249.96,1037.4
255.88,144.89
249.41,405.8
254.62,214.38
265.47,988.8
254.58,978.96
255.09,190.91
256.94,419.21
261.25,736.36
270.31,605.51
265,688.5
269.18,326.48
273.54,95.319
266.56,346.31
269.18,1186.4
270.57,490.12
268.53,574.53
273.6,961.65
273.07,1236.8
277.64,19.85
279.17,636.59
277.12,660.05
275.83,1048.8
277.83,299.95
280.78,774.66
285.42,823.7
283.4,373.5
286.54,1095.7
287.16,1194.3
289.1,41.982
285.06,859.41
297.15,1160.3
286.23,1132.2
293.98,248.69
289.79,1057.9
291.52,177.77
294.34,1007.9
292.78,102.84
295.05,7.4887
295.16,506.8
298.32,754.57
303,704.46
303.88,571.49
305.32,526
306.28,769.87
305.71,661.4
309.6,277.56
313.45,340.05
324.58,112.89
309.32,368.64
313.61,416.95
319.12,605.65
315.59,785.47
318.34,314.27
336.74,568.04
316.14,1144.9
318.53,627.34
320.8,394.12
321.35,23.86
327.3,1209
326.13,366.16
331,270.65
329.89,10.259
328.23,76.148
343.58,508.46
327.39,976.43
332.61,960.28
334.08,720.83
330.76,1169.1
333,354.39
333.44,455.3
337.71,653.14
337.15,870.18
335.71,631.55
336.93,1131.2
339.06,601.03
342.92,59.951
343.32,1212.4
346.07,587.91
344.97,614.33
350.61,148.85
349.54,443.85
349.93,1174.9
350.39,461.29
358.46,693.86
355,438.5
366.48,467.43
363.67,620.99
359.38,1177.4
361.61,418.15
363.42,927.82
364.79,287.5
365.78,991.74
368.12,35.369
367.2,558.65
367.45,115.44
365.05,1035.1
367.55,59.673
372.67,426.44
368.5,599.5
373.55,848.25
375.83,1147.7
373.2,1159.7
389.36,494.06
377.44,583.75
374.5,712.5
376.89,280.58
381.1,545.43
380.48,1052.9
379.37,334.48
380.89,111.22
380.72,697.28
379.5,875.5
382.5,725
385.68,1112.9
387.83,14.909
386.65,87.246
387.19,563.43
390.78,37.865
391.52,237.72
391.86,161.22
391.84,272.82
393.54,936.84
395.03,521.37
404.48,208.43
395,414.5
400.65,890.71
401.67,138.14
400.36,799.91
401.64,1153.5
401,1065.2
410.04,515.16
405.9,582.59
405.59,17.439
408.32,1027.9
406,856.5
412.44,401.91
423.21,446.07
415.26,731.33
411.5,927.41
416.49,680.61
422.77,594.23
422.63,378.42
424.88,345.33
418.09,1223.9
419.65,109
421.29,552.45
425.25,79.237
423.86,22.143
433.19,459.42
429.56,131.56
430.59,1173.8
431.25,309.75
436.37,276.92
434.92,682.44
436.79,1064.9
443.15,1175.3
441.23,400.35
444.32,852.83
443.8,85.303
444.1,624.2
447.56,384.13
457.39,704.1
450.17,993.69
450.5,167.5
455.93,538.55
455.4,478.38
461.6,378.01
461.11,962.84
460.06,137.45
459.46,1019.1
461.31,516.84
463.04,495.96
466.29,323.55
473,1114.3
468.54,220.38
466.11,125.58
470.58,395.19
468.16,362.1
476,170.72
470.07,432.96
469,893.64
470.79,243.73
473.58,606.61
472.65,1196
470.5,307.5
480.17,74.423
488.47,481.03
486.17,8.7891
481.16,452.5
480.84,520.39
492.06,422.32
489.77,530.11
490.06,919.42
491.45,565.04
497.35,321.69
497.32,367.71
504.64,69.37
505.07,246.92
506.49,1194.9
509.88,445.33
516.09,271.63
520.2,177.07
520.69,198.98
520.08,517.44
520.91,1000.2
521.53,1087.7
521.38,1231.8
528.12,386.16
530.97,426.94
531.56,873.4
532.27,667.82
537.75,215.12
532.2,298.42
532.44,326.91
530.44,599.46
532.34,69.147
532.12,750.75
537.49,949.43
531.38,998.78
538.93,84.511
537.69,512.9
548.11,47.185
550.74,144.69
543,331
550.52,497.76
548.93,1095.9
554.74,543.44
550.35,575.47
560.05,638.21
552.82,415.24
560.13,1235.5
560.71,829.8
569.67,200.53
562.05,403.09
568.77,573.31
569.41,1148.7
569.03,883.74
575.41,335.56
575.96,418.56
575.88,172.92
583.68,292.15
576.5,97.139
577.93,119.93
581.31,785
581,82
589.79,224.35
585.28,864.92
585.96,103.84
589.77,921.37
591.49,473.26
587.34,1091.6
588.78,194.17
590.49,257.37
588.34,526.06
595.58,370.46
593.26,953.65
596.92,59.375
607.55,520.14
609.77,591.32
603.87,1041.1
609.87,9.443
616.65,453.78
613.16,469.72
611.58,669.21
613.09,268.77
613.77,49.724
613.84,98.395
614.18,925.4
618.16,322.64
617.28,1008.8
619.34,607.22
626.76,170.01
630.35,481.51
626.18,106.18
629.69,354.65
628.69,638.8
630.77,1037.6
635.4,266.17
634.55,586.85
634.91,225.57
644.73,1094.2
637.71,946.55
638.36,1119.5
642.45,251.69
657.54,213.18
647.69,1038.4
646.96,1197.7
653.93,723.8
656.98,31.053
649.11,598.11
656.44,166.27
649.57,393.14
657.38,92.966
652.79,237.79
660.29,107.43
663.83,657.87
668.13,560.21
674.72,1029.1
676.15,913.92
678.3,509.17
685.52,287.39
685.38,83.66
688.23,627.97
693.41,480.53
690,754.12
692.77,187.77
696.47,104.53
695.52,245.09
699.56,431.51
698.71,157.64
701.55,981.71
706.32,54.843
709.54,589.58
711.71,901.13
726.78,422.44
717.21,332.71
719.36,552.85
718.64,747.62
720.43,720.17
720.37,22.132
731.5,148.29
728.94,45.429
728.5,740.5
732.34,810.73
730.14,217.64
731,1082.9
740.97,101.53
734.51,1143.3
743.63,645.78
751.55,1045.1
756.62,389.2
759.97,7.9111
768.72,329.99
766.84,446.81
766.37,267.51
764.29,668.71
770.18,733.04
782.4,248.63
783.78,1087
792.42,627.63
793.95,558.52
785.78,139.46
796.6,392
791.61,197.62
795.53,217.61
800.54,454.84
798.77,295.88
798,584.58
803.89,97.842
798.61,177.57
802.98,1066.6
801,527
801.2,1136.4
809.53,540.95
810.79,1225.7
815.62,441.09
819.22,241.62
817.42,287.88
818.11,466.42
825.55,88.224
823.31,125.86
830.37,724.58
824,584.5
828.13,220.13
828.15,651.43
833.67,521.74
832.59,1087.1
836.89,360.64
834.49,484.7
836.05,970.67
833.08,1024.3
834.94,536.41
835.88,104.38
836.39,1137.6
844.89,125.4
848.92,561.89
849.82,400.09
849.24,1190.2
848.78,110.08
847.91,671.75
849.58,217.85
847.86,650.61
855.8,1222.8
849.71,720.5
853.84,259.24
857.28,1009.3
857.53,444.16
857.68,60.191
860.8,89.657
865.15,119.76
881.44,222.57
877.7,285.43
869,321
872.96,1040.9
880.58,542.61
875.29,594.61
880.44,424.54
874.59,482.06
882.69,1227.5
879.79,72.598
882.3,142.45
887.09,169.3
890.13,998.81
888.2,1115
887,934.5
899.37,343.05
892.62,656.01
894.68,457.49
893.11,603.58
897.49,547.76
900.91,846.55
903.54,82.214
905.55,533.89
908.96,682.93
906.27,893.63
910.09,185.44
920.31,556.13
919.92,709.45
917.4,479.11
924.06,501.53
916.71,592.71
916,1218.5
919.77,1243.1
918.94,301.9
924.54,21.966
926.93,147.57
932.67,404.62
933.39,845.52
934.73,303.75
946.3,598.53
950.54,25.442
937.33,930.91
938.21,943.47
941.44,1107.5
942.07,193.93
944.58,324.62
955.69,113.82
946.73,1185.8
948.62,708.05
950.31,258.45
955.83,496.09
961.36,540.08
961.19,303.33
958.82,421.71
965.89,389.8
967.14,268.58
968.88,977.84
970.83,139.76
975.56,69.863
979.85,468.12
973.92,245.6
974.08,569.41
979.24,410.63
983.83,645.01
984.86,4.0849
987.44,286.26
988.09,443.91
990.5,551.61
994.92,171.51
996.27,205.58
996.67,336.7
1000.6,699.38
1004.1,25.713
998.65,66.258
1001,1168
999.27,1232.8
1006.5,596.74
1008.8,913.59
1009.8,550.59
1017.6,1237
1015.5,1121.9
1018.8,615.73
1019.5,209.04
1014,221
1029.2,141.63
1022.9,847.49
1025,402.11
1032.9,314.56
1034.1,368.48
1033.1,666.92
1033.1,520.13
1046.2,542.51
1039.6,1100.4
1040.7,685.94
1041.2,338.95
1041.4,834.79
1042.4,355.16
1045.7,18.467
1045.3,220
1048.7,637.35
1047.1,1241.5
1054.8,278.71
1052,437.14
1053.7,174.09
1057.8,341.95
1066.2,626.89
1066.9,819.25
1073.3,221.07
1068.4,1213.4
1066.6,369.5
1073.4,682.22
1078,451.94
1087.6,411.86
1081.1,559.32
1085.7,24.603
1084.3,291.73
1082.9,755.41
1086.2,2.2424
1087.6,733.08
1090.3,146
1099.9,61.45
1104.1,268.67
1101.1,434.82
1099.9,336.32
1101.4,638.67
1101.7,312.71
1101.2,926.35
1102.2,1136
1100.1,1007.3
1105.3,553.48
1101.3,655.3
1104.4,762.93
1103.9,945.62
1106.3,152.36
1137.1,595.17
1111.4,210.91
1109.4,569.36
1108,681.5
1109.3,1054
1115.5,731.23
1125.8,25.878
1114.5,798.87
1116.4,49.052
1117.4,1075.1
1121.2,985.13
1128,563.68
1123.2,429.5
1132.2,531.01
1128.2,829.98
1124.5,1220.5
1130.8,256.63
1129.1,763.31
1132.6,882.92
1131.1,227
1132.5,496.94
1134.4,388
1137.5,634.07
1138.1,652.42
1141,369
1156.1,43.329
1145,209.42
1144.4,753.62
1151,778.94
1147.7,1153.8
1152.6,387.71
1159.5,6.3533
1159.8,927.67
1161.8,408.53
1163.4,1211.3
1168,566.58
1166.8,1108.5
1168.5,607.09
1174,208.65
1170.1,541.19
1175.3,1134.3
1175.5,645.66
1171.2,750
1175,736.07
1178,157.26
1175.3,924.69
1181.5,15.408
1181.1,543.34
1184.9,860.38
1187.8,555.24
1184.8,844
1191.5,38.744
1196.2,991.32
1193.1,242.19
1195.1,360.99
1196.8,253.07
1204,623.69
1199.6,442.15
1196.4,1193.1
1199.4,118.55
1201.3,279.58
1204.4,318.28
1201.4,472.01
1202.1,642.65
1203.3,882.44
1204.4,925.85
1210.6,132.44
1206,422.6
1207.6,961.24
1204.5,1049
1212.5,559.57
1216.7,724.27
1213.6,745.07
1218.6,821.26
1218.8,989.95
1223.3,939.29
1230,540.21
1230.1,1234
1231.5,613.92
1238,888.92
1240.6,471.33
1240.6,350.36
1238.5,510.09
1240.2,1247.2
1243.4,561.64
1241.7,678.14
1243.4,721.35
1242.9,984.35
1244.7,1131.1
1245.6,56.304
1245.7,328
1246.1,768.27
1247.1,648.37
