7.005,205.85
8.5781,363.59
53.66,424.38
9.9645,474.2
8.8802,530.77
10.221,579.78
3.2,595.63
15.336,748.94
3.8019,876.42
2.25,945.7
14.949,1176.8
9.5086,1113.9
4.9,1142
9.1587,250.48
16.405,409.39
21.224,1233.2
13.024,943.16
13.931,792.45
14.587,1041.1
11,780
20.734,1009.8
14.122,1204
19.273,1097.8
18.346,107.27
19,13
22.409,169.18
25.776,38.139
22.105,283.42
40.516,720.77
45.812,342.94
26.143,56.286
52.638,504.67
29.535,567.81
31.395,1141.6
31.926,181.41
44.063,1175.4
36.771,198.56
35.045,696.09
36.185,622.26
39.449,966.78
38.556,163.04
37.033,253.07
40.523,1028.2
45.643,567.44
46.319,538.66
48.048,169.07
52.553,1042.3
52.254,962.44
57.027,201.65
59.64,169.77
53.844,926.44
69.064,571.27
72.389,449.27
61.974,1154.4
62.491,296.66
62.948,1119.6
67.785,1228.4
64,945.17
68.333,980.89
75.198,80.12
72.271,693.97
71.952,468.05
78.83,1246
78.268,632.86
79.891,618.27
84.381,128.38
81,276
86.898,358.48
85.097,376.13
86.913,1134.8
85.5,464.86
86.412,312.85
91.835,644.62
87.718,601.77
94.925,920.12
91.731,63.346
94.603,622.24
98.854,1172.3
99.316,10.513
98.424,156.58
98.953,474.65
112.04,435.25
108.26,184.1
103.18,209.27
112.19,1089.8
107.35,228.4
106.63,464.07
109.69,992.29
107,258
110.17,1019
112.36,579.52
115.33,163.72
113.44,945.97
115.17,253.08
126.36,328.43
115.09,356.41
124.91,399.46
119.53,367.94
121.09,1009.8
120.11,586.42
124.7,889.83
126.77,1055.6
122,979
126.9,106.3
124.6,563.4
131.05,954.41
131.08,1111
131.53,1122.8
134.81,39.444
139.85,993.44
137.69,1160.2
138.29,139.81
142.36,1087.8
141.11,288.71
141.56,368.8
146.1,1053.2
144.77,1192.6
146.47,453.57
144.64,399.07
142.88,521.35
156.93,114.81
152.21,323.61
154.96,513.86
152.35,163.18
152.51,563.41
165.09,1237.7
157.9,17.104
156.12,97.5
162.23,954.79
160.86,1025.1
167.39,399.86
159.42,350.89
168.03,1106.2
162.92,1177.9
168.14,1064.7
167.6,877.6
179.38,520.55
170.29,995.16
171.75,135.22
176.82,300.27
175.45,477.8
174.71,147.71
179.25,164.58
179.16,318.66
190.09,138.94
195.66,1005.1
186.84,986.47
189.18,496.27
190.76,970.02
189.41,336.96
190.35,541.27
197.44,34.79
193.51,327.56
192.04,389.07
191.83,1236.5
194.76,182.09
199.89,113.14
195.88,233.31
194,915.5
200.2,97.244
202.89,278.07
203.66,929.18
204.73,1168.3
204.03,437.87
206.76,339.76
206.96,473.07
218.59,1043.4
207.56,775.11
212.32,1154.5
225.58,196.7
222.72,412.11
218.66,275.93
219.24,934.12
229.61,773.28
225,48.062
228.24,475.3
232.54,829
230.32,33.107
236.14,913.63
232.76,950.18
239.32,62.065
238.64,42.506
236.61,896.57
235.14,1226.9
238.73,155.98
237.03,1154.5
239.07,290.12
242.15,957.65
248.01,384.42
243.77,11.884
242.92,524.35
244.91,886.09
247.33,419
251.35,1245.1
248,453
248.56,112.11
253.55,779.68
258.35,1028.2
270.94,17.771
259.63,896.31
258.05,823.88
256.42,98.895
259,491.17
261.93,764.54
269.21,962.21
267.94,369.85
269.57,927.09
276.42,387.85
274.22,457.92
273.8,749.93
276.06,945.87
275,289
277.66,988.79
279.93,329.17
288.16,1187.3
281.17,406
283.91,1234.6
282.5,568.5
283.04,1046.6
284.11,1246.4
293.01,794.58
290.06,321.9
295.17,128.52
291.57,306.91
299.44,236.72
295.5,256.15
294.37,384.58
298.01,666.89
298.25,468.92
305.77,403.75
304,142
305.74,1.8947
306.93,1050.6
307.88,269.62
306,1115
312,733.68
319.69,607.08
313.37,663.37
316.04,155.75
316.76,252.05
319.71,1095.7
321.11,1123.3
325.68,681.73
325.63,1157
326.65,368
328.15,1055.9
325.5,531.5
327.15,1043.7
329.11,558.59
330,88
338.26,1224
336.89,80.421
342.94,264.6
341.01,376.01
340.46,1113.9
343.75,648.94
343.87,60.298
341.51,538.1
341.5,824.5
343,620.33
343,1196.5
359,580.81
352.06,496.78
350.01,766.79
348.56,26.415
350.93,151.22
350.33,1145.8
361.33,454.25
355.42,814.18
356.3,989.8
357.9,477.69
361.16,1100.1
364.11,87.871
363.06,835.42
368.72,103.75
363.8,1153.4
367.03,939.52
370.39,887.17
371.85,987.93
373.04,474.29
378.2,1043.3
377.16,1236.2
384.48,677.89
381.44,396.13
381.38,992.92
383.76,91.286
386.13,373.37
390.1,14.219
385.39,802
387,104
388.05,1112.9
391.97,1208.5
390.89,1221.5
395.18,154.23
396.05,1162
400.24,59.568
402.42,349.63
405.05,632.21
401.74,272.93
402.44,1176.4
403.69,561.38
405.77,928.77
411.56,1086.3
419.76,83.018
414.59,365.03
415.42,313.89
417.15,1028.9
421.72,21.315
429.73,45.359
425.37,339.73
422.28,652.33
421,561.67
423.82,1057.2
425.62,177.86
429.45,388.84
427,846.11
429.71,698.26
429,956.5
433.29,1231.9
430.76,1035.9
434.74,161.53
450.57,351.82
436.92,145.52
450.56,189.13
444.72,560.09
441.58,592.11
445.38,1073
451.58,1095.4
446.51,990.06
447.65,1020.2
452.47,1141.1
449.96,469.96
453.69,630.33
456.61,804.98
469.64,130.28
452.37,706.93
454.24,36.523
455,672.31
458.08,73.269
454.5,544
459.65,305.06
461.08,511.54
463.69,168.1
465.51,262.73
459.91,1003.1
463.22,1236.3
463.59,462.31
462.63,872.47
471.07,938.75
471.66,327.33
477.55,277.15
470.79,602.56
477.17,428.76
478.06,237.97
483.28,200.53
484.43,297.41
482.42,75.895
490.39,327.31
485.09,718.91
485.5,646
492.36,673
494,35.5
498.47,548.11
498.02,654.62
504.63,458.88
502,243.17
507.72,689.12
511.49,1013.5
514.59,1189.9
513.97,912.2
516.94,1107.9
512.04,1154.7
515.62,195.21
514.58,305.95
522.27,707.36
525.67,606.35
525.43,1048.3
531.63,248.19
534.47,803.32
532.8,27.344
538.45,365.07
535.17,478.73
535.86,170.39
539.17,772.58
543.35,291.65
543.17,683.79
543.59,735.24
544.22,1072.6
545.67,98.272
546.97,129.03
548.01,151.69
549.99,1183.6
552.42,112.13
553.27,467.81
553.4,231.78
554.36,550.23
552.89,77.409
556.89,216.12
553.5,1124
555.5,531
560.15,1059.1
562.54,382.57
563.97,415.16
560.46,627.97
564.32,127.11
562.12,164.62
561.15,501.46
563.56,701.2
564.92,96.392
570.42,927.85
577.7,625.43
581.94,805.64
580.3,255.4
580.38,524.5
580.1,126
585.54,4.8462
591.58,13.083
589,1040
597.83,256
592.34,600.98
595.5,641.09
597.09,299.17
596.45,71.625
596.6,153.67
600.78,950.28
599.93,851.83
600.59,930.93
613.12,459.87
605.34,542.9
604.77,504.77
610.55,912.31
608.69,206.26
612.78,370.2
608.5,1090
612.7,217.67
615.63,86.177
618.51,311.4
621.84,933.41
623.93,335.12
630.64,652.96
630.39,877.03
627.5,185.5
629.18,225.07
629.16,443.71
629.54,325.08
633.85,793.52
638.99,457.28
635.27,75.128
636.72,293.19
645.16,624.47
644.46,175.71
635.5,512.5
637.96,245.37
637.58,824.65
641,701.25
646.44,556.93
647.98,919.45
651.94,434.38
651.5,271.62
659.49,517.16
655,528
664.78,242.4
665.79,444.5
662.55,643.44
665.67,274.92
686.19,401.78
668.95,455.84
668.36,347.44
671.3,1056.1
668.58,1116.7
672.74,902.07
673.02,1037.6
673.5,525.93
676.88,281.62
678.34,761
676,168.5
675.91,1224.1
683.18,61.969
683.58,144.23
679.19,1081.4
683.61,554.64
685.51,366.74
688.98,1232.3
685.15,206.34
687.7,497.31
682.93,635.59
683.4,934.4
689.38,171.45
687.71,273.63
688.21,534.85
685.9,1096
695.85,641.73
690.92,336.6
694.15,620.07
694.09,669.02
696.88,287.24
695.29,749.92
706.44,589.68
698.69,1174.7
702.22,439.36
697.78,1056.5
700.08,520.65
699.82,84.182
700.09,963.09
703.07,501.5
700.92,914.08
702.74,859.79
702.5,235.5
709.08,191.03
715.67,755.7
714.66,622.73
711,630.33
712.88,291.54
717.41,275.6
712,635.5
725.23,958.91
715.5,833
717.69,497.46
726.31,840.08
721.43,864.39
735.92,773.5
735.15,672.55
736.56,174.66
735.96,419.62
734.02,1085.2
732,751
735.19,439.37
736.16,934.1
742.99,1098.9
741.07,85.182
737.85,505.47
747.37,904.75
745.51,353.09
744.95,1168
742.24,607.83
748.95,1041.7
756.16,92.51
755,711.5
757.97,663.36
757.41,846.24
777.12,660.2
767.51,600.53
768.5,1215
777.04,116.79
777.25,1200
773.82,467.26
783.09,713.29
774.57,1067.4
781.55,171.23
782.06,968.35
784.67,1071.1
787.8,54.602
784,191.75
788.7,405.06
784.89,875.48
785.16,629.39
790.17,352.52
794.73,590.8
793,152
798.48,917.39
794.89,89.421
814.19,365.86
800.41,160.64
800,723
803.23,1049
801.88,1199.1
803.74,255.31
815.43,456.26
810.92,695.08
810.3,344.56
812.63,1212.2
813.78,1246.7
815.4,316.4
817.98,671.4
828.72,1022.9
821.57,186.91
825.46,68.584
822.83,175.2
830.15,613.5
826.23,126.6
832.11,921.53
827.79,662.62
831.35,97.912
832.42,827.5
835.41,708.29
834.49,681.6
845.66,134.15
850.05,14.492
836.29,30.806
836,438.5
851.34,985.13
840.71,214.19
840.55,1111
842.97,173.95
841.71,342.29
841.5,663
843.66,1245.9
843.5,94
843.58,356.11
856.32,549.88
846.94,367.18
844.91,790.09
849.66,493.96
860.02,630.79
852.48,1202.1
857.63,323.21
859.98,261.68
858.59,94.074
863.38,201.33
867.13,45.068
871.79,290.14
867.21,847.41
870.04,165.89
885.04,358.96
873.23,954.74
874.5,675
880.66,872.47
875.5,1196.5
882.55,104.42
878.64,375.57
883.65,35.93
882.89,1179
883.55,213.27
895.08,791.18
888.83,1103.7
893.62,584.62
897.35,739.45
900.95,850.54
900.44,286.26
898.09,863.91
901.3,905.53
898,1212
908.02,204.76
906.69,642.83
914.19,465.52
911.3,713.67
908.4,832.4
914.61,259.22
913.3,913.43
911.77,1093.4
914.84,648.03
915.5,313.5
919.94,1057.7
918.95,1016.4
930.31,89.112
924.73,155.1
920.55,1218.7
922.14,850.98
930.45,784.99
933.76,624.22
926.53,749.76
928.67,574.83
929.14,805.14
932.71,491.86
932.57,532.87
949.28,329.72
943.37,176.86
938.88,743.46
944.52,1082
942.54,1046
949.32,604.92
951.25,507.25
949,1106.5
956.66,823.53
952.67,881.51
951.72,1099.1
958.75,69.218
954.12,230.65
960.11,130.29
960.09,150.05
966.1,478.66
968.84,1185.3
970.64,204.53
965.44,930.82
968.05,1004.7
970.23,1149.9
984.29,126.54
981.14,161.41
984.16,1163.7
987.06,98.683
982,774
981.5,802
990.83,363.29
988.08,513.27
993.22,936.13
988.94,980.43
997.44,1087.8
988.12,1198.8
995.6,34.847
1000.9,591.93
1003.8,504.59
1004.4,205.63
1005.4,622.75
1005.4,829.39
1007.8,768.86
1005.5,996.36
1010.7,46.283
1011.1,700.75
1011.9,797.18
1011.8,22.27
1013.4,482.03
1018.7,985.87
1017.8,672.96
1023.1,730.46
1021.9,244.42
1025.2,966.21
1027.5,436.85
1031.7,637.42
1029.8,128.61
1034.6,203.64
1036.9,20.566
1039,74.519
1039.3,1128
1037.6,110.69
1035,609.5
1037.9,985.35
1036.5,1071
1039.6,686.23
1045.8,884.84
1041.7,174.57
1047.3,310.41
1046.1,408.13
1048.7,1031.6
1045.3,698.83
1047.9,527.92
1054,584.88
1053.4,152.94
1052.4,1240.5
1054.1,938.03
1056.3,911.37
1068,1242.7
1066,82
1066.5,106.62
1074.6,977.3
1070,701.13
1077.8,284.67
1075.7,800.62
1076.7,629.13
1077.8,363.58
1083,1197.2
1082.9,389.39
1085.8,819.28
1084.5,1100.8
1084.3,26.771
1083.1,504.35
1085.6,139.46
1085.5,717.85
1093.2,243.02
1092.3,664.35
1092.2,54.486
1097,188.32
1100.5,483.28
1098.8,259.65
1096.1,625.14
1100.8,1181.8
1101.3,1028.6
1101.5,312.5
1104.1,149
1105.2,420.24
1102.7,688
1104.5,633.02
1105.8,389
1108.2,937.66
1112.1,294.07
1119.7,1169.4
1124.2,492.9
1119.9,360.92
1119.6,723.88
1121.1,1058
1124.3,834.07
1124.5,846.64
1127,929.86
1129.9,19.199
1131,78.812
1137.6,276.21
1131.1,855.09
1133.6,141.6
1133.4,1182.5
1139.9,1011.3
1143,456.77
1140.6,1245.9
1146.6,1030.4
1148.8,469.89
1157.2,328.77
1156,932.62
1162.6,639.55
1156.9,488.56
1157.5,779.57
1161.6,116.04
1157.1,139.11
1158.3,1207.2
1157.9,1232.1
1171.5,613.03
1162.5,623
1163,725
1164.1,1034.6
1169.3,1116.2
1166.5,372
1173.6,194.23
1175,121.75
1175.2,1222.1
1178.1,62.927
1185.2,179.42
1186.8,417
1180.6,676.13
1184.1,795.87
1186.7,92.2
1186.7,932.96
1188,268.91
1197.5,623.74
1197.9,182.3
1204.1,508.68
1208.1,998.8
1218.4,117.74
1212.9,727.08
1215.2,832.39
1209.9,1115.4
1213,870.08
1221.3,935.05
1213.9,1167.2
1218.4,306.95
1222,262.49
1217.5,900.29
1219.1,1031.4
1223,673.4
1224.8,1085.1
1231.9,164.1
1233,75.135
1235,1067.4
1237.2,338.95
1236.9,367.86
1243.3,545.32
1244.1,1017.6
1243.8,646.79
1245.8,198.91
1246.3,514.42
1246.8,1192.1
1247.2,932.96
