4.2468,532.09
2.7959,656
4.2596,939.17
7.0568,25.33
16.386,988.38
16.5,616.5
20,1130.5
20.936,849.7
24.067,820.93
30.048,247.49
27.844,858
39.234,399.97
35.115,680.17
39.318,701.73
40.235,34.99
39.71,787.71
55.086,141.83
52.116,174.12
56.217,1208.9
59.525,475.07
59.942,1174.1
61.903,191.76
66.021,1023.6
67.672,241.22
70.324,1098.5
77.989,839.29
71.965,1038.4
77.606,601.37
75,324.82
75.174,1242
82.165,75.078
84.802,1205.2
82.5,1054.5
91.091,808.91
95.718,1082.1
103.33,220.48
103.72,448.71
107.09,161.61
105.2,59.109
106.91,956.09
108.45,136.29
108.9,289.38
125.93,793.49
125.93,1133.6
130.07,329.07
131,271.95
131,351.9
134.65,405.45
136,638.23
141.43,1120.7
142.43,1039.2
141.5,541.5
151.96,1150.1
154.1,1109.4
157.24,989.94
160.2,494.9
160.03,599.74
159.48,653.22
164.05,476.17
162.92,689.08
164.9,184.38
167.09,514.91
173.36,670.57
180.75,577.02
179.55,914.85
180.83,1194.5
178.75,1167.8
191,195.5
192.26,410.83
190.17,23
194.68,1065.7
200.19,650.97
201.4,469.22
197.22,669.22
200.51,1135.2
198.36,543.58
201.04,861.63
201.5,511.5
206.06,348.43
212.45,711.87
216.04,118.89
216.17,9.604
214.53,189.58
213.7,470.89
219.01,280.98
222.25,1191.3
222.96,1242.2
223.41,1016.7
225.83,311.57
227.6,37.1
235.85,580.32
238.5,300.18
239.09,1053.4
244.98,326.15
250.12,651.1
252.56,668.93
251.61,735.86
252.88,944.41
251.93,544.41
257.32,898.38
254.48,1118.7
260.69,483.83
258.09,842.4
269.77,161.41
267.26,850.43
277.09,664.91
281.57,978.46
281.17,347.88
280.43,1080.5
285.98,964.94
288.34,839.89
287.07,938.41
287.73,1087.3
288.2,388.56
292.1,4.38
293.26,537.43
292.45,282.73
300.88,462.23
306.58,891.89
312.49,813.95
308.91,1164.9
316.35,589.47
316.25,1059
320.21,455.13
318.8,473.63
319.39,334.86
320,304
327.78,748.39
325.8,1119.6
336.22,686.39
341.5,564.35
340.09,1171.3
345.23,192.44
348.15,865.36
349.99,938.18
354.35,138.15
353.77,505.01
356.49,735.3
354.91,1156.3
356.87,432.83
356.5,635.5
358.16,1039.4
363.28,853.82
361.56,1227.8
362.04,981.41
366.5,351.65
373.18,174.45
371,1006.5
374.25,1194.8
374.5,405
390.13,224.56
396.81,439.97
414.44,370.62
409.5,492.73
408.94,188.69
414.85,1061.6
414.4,453.11
419.43,204.1
424.96,602.21
424.85,821.97
422.9,898.03
432.26,1030.4
430.04,134.7
435.97,716.28
435.58,838.3
443.65,441.83
443.96,651.29
445.72,1177.4
447.9,779.56
451.53,303.04
448.92,1157.3
450.3,697.5
453.92,595.58
458.54,552.08
460.98,289.13
463.43,1100.2
472.86,841.94
470.64,948.99
474.35,208.7
473.93,1197.3
484.4,869.49
477.08,441.08
481.74,376.98
488,675.74
487.2,785.15
488.83,343.18
488.66,1104.5
487.87,389.32
490.78,36.856
495.14,222.43
498.5,534.99
496.34,1040.9
502.8,28.736
500.83,1234.1
507.73,1245.5
510.81,11.565
514.2,1076.4
521.99,498.42
521.08,379.83
519.5,1216
519.32,789.78
528.38,696.5
529.97,1195.7
531.59,1001.3
532.93,363.47
532.09,1061.9
537.13,285.11
539.46,454.04
543.91,890.53
551.79,407.33
555.28,737.12
561.43,307.85
564.22,645.13
565.5,733
575.22,1056.5
574.33,568
578.34,1014.2
585.14,355.93
596.36,701.81
597.8,649.03
595.98,669.28
596.8,94.202
598.6,520.4
597,111.5
600.07,862.73
601.61,1179.8
602.69,345
603.33,52.205
607.01,1159.4
612.5,421
619.92,598.08
617.46,886.91
627,258.26
629.5,400.86
639.1,138.58
638,308.86
643.64,1155.3
651.38,255.06
648.53,1219.6
651.72,5.6842
650.92,410.27
660.68,813.11
661.09,1198.1
667.9,604.43
665.92,383.02
665.69,1065.9
668.65,79.018
670,333.5
670.36,1243
676,730.75
679.67,480.02
681.5,1145.2
679.92,1230.1
683.17,905.45
683.43,438.61
684.07,1057.6
688.8,97.854
687.77,1164.4
687.5,184
695.63,1213.8
694,726.5
697.02,1119.2
695.93,529.41
698.54,869.62
699.8,679.78
700.44,290.12
700.55,702.66
700.03,777.27
700.85,1084.3
701.93,1023.4
705,618.11
718.55,1198
720.5,229.5
723.93,676.05
730.15,390.35
730.57,483.05
732.23,844.06
729.66,970.06
732,280.21
734.27,320.62
733.93,161.56
734.64,34.5
738.17,208.31
737.39,1048.1
749.92,489.62
747,147.5
751.66,88.782
753.29,688.12
756.21,1053.2
758.5,760.5
759.39,130.12
763.88,52.116
766.31,623.85
770.9,829.71
770.08,248.08
771.84,376.41
771.27,169.45
776.24,237.8
782.25,557.08
787.09,982.81
791.13,1144.8
791.77,717.77
797.52,527.68
801.48,726.02
804.14,833.86
805.07,490.59
811.04,153.55
812.91,139.82
815.13,379.65
812.53,1100.7
813.92,849.44
819.64,162.19
822.83,984.53
822.5,995.5
826.1,100.21
828.07,913.57
826.93,592.41
828.93,176.64
829.41,684.39
832.21,516.82
832.12,562.76
832,553.5
841.13,1157.4
837.41,137.49
854.08,227.03
848.96,673.38
848.86,779.59
854.6,482.41
851.37,747.37
852.81,1091.9
857.29,889.31
860.02,346.28
855.5,980.5
861.59,1053.6
860,92
864.18,778.93
864.68,203.05
869.64,544.07
868.07,965.41
871,1077.3
873.2,505.44
879.87,1237.8
895.94,201.48
902.4,84.878
906.51,1156.3
906.7,269.88
910.34,808.83
909.95,689.44
912.37,648.68
913.83,544
918.48,366.48
918.64,935.88
919.84,87.622
922.16,309.44
929.92,589.32
924.88,227.44
930.03,1125.5
927.93,505.05
928.19,844.93
933.54,253.64
935.1,375.88
938.33,358.44
937.29,691.06
938,305.5
944.71,962.92
946.52,511.81
952.44,74.152
951.75,944.02
956.34,531.98
957.36,553.15
960.28,775.52
960.89,855.98
963.73,161.17
968.78,311.47
969.35,1053.7
968.58,572.58
972.82,173.4
977.97,215.58
979.96,135.31
980.55,853.44
980.58,575.94
981.95,191.85
981.92,499.46
990.91,798.91
999.14,626.42
997.51,701.98
1000.9,768.12
1006,1105.9
1010.1,1024.4
1009.5,1127.1
1009.4,18.481
1016.4,1052.6
1018.3,611.98
1018.2,808.69
1021.8,871.6
1020.8,1025.8
1023.2,14.326
1026.8,504.87
1025.8,628.65
1026.3,1085.8
1029.5,457
1030.3,82.217
1031.4,426.79
1030,996
1033.5,1245
1035.9,880.62
1035.9,921.57
1040.9,325.85
1049,200.22
1046.4,151.93
1047.5,344
1049.4,595.6
1049.9,445.91
1055.5,865.53
1056.8,497.94
1056.1,761.58
1064.4,69.874
1064.1,135.44
1064.2,819.44
1066,548
1068,705.76
1071.1,755.82
1069.5,612
1070.7,105
1071.5,1089.9
1071.6,1127
1074.4,436.42
1077,468
1081.5,1173.5
1083.9,400.28
1089.4,43.417
1087.5,151.5
1090.7,563.3
1093.6,1118.8
1093.7,1238
1096.7,344
1094.3,621.95
1097.6,655.07
1101.2,945.32
1103.9,430.11
1105.5,76.216
1110,181.5
1114.5,893.77
1113.3,28
1115.2,283.99
1117.5,48.5
1116.5,195.5
1119.9,519.51
1118.3,2.7308
1122.6,118.57
1121.7,681.8
1124.2,777.25
1121.7,411.47
1126.5,589.16
1124.9,23.593
1130.2,389.17
1132.9,53.97
1134.6,76.294
1133.3,849.45
1139.6,570.11
1145.2,847.16
1154.5,448.57
1160.5,643.23
1159.2,708.93
1158.4,28.195
1159.7,13.275
1167.2,521.12
1165.5,809.83
1170.3,911.88
1173.4,300.49
1174.9,1074.8
1186.2,1062.3
1185,560.03
1185.9,154.46
1186.9,984.06
1188.4,418.17
1189.9,443.77
1191,885.5
1196.2,197
1195.5,1193
1199.1,171.43
1200.3,849.98
1200.5,475.39
1202.5,1079.1
1200.4,407.47
1201.3,1002.1
1201.2,610.07
1206.7,1023.7
1209.3,150.78
1209.9,282.76
1211.1,380.27
1212.5,441.21
1211.5,878.56
1215.2,634.5
1214.6,1112.8
1218.5,273.8
1217,412
1219.1,705.88
1216,553
1219.4,1218.7
1217.6,77.367
1219.1,330.5
1224.6,120.27
1226.4,372.61
1225.8,792.67
1232,163.9
1229.2,1129
1231,51.826
1234.3,535.39
1233.1,952.87
1242.3,228.39
1240.5,1102.4
1243.9,1122.4
1245.1,470.15
1244.1,518.39
1245.9,375.75
1246.2,399.33
1246,1149
1247.1,426.12
