2.0769,138.31
3.6279,152
4,258.88
3.5577,753.5
1.8571,852.62
27.642,910.82
15.37,956.49
4.5351,1001.6
5.1307,1032.9
10.072,1157.3
6.5309,1211.2
3.9512,1245.6
6.5,1082.2
7.8969,875.79
14.886,554.37
13.376,1181
10.444,308.07
13.135,537.2
16.076,724.02
14.386,764.86
14.606,815.67
15.147,1064.2
16.043,836.43
22.635,1239.1
17.333,328.53
48.132,1122.2
31.926,1208.6
21.148,1041
26.049,22.311
21,371.5
23.213,168.23
29.182,97.038
25.741,227.19
28.357,547.27
29.114,1008.2
52.965,533.06
36.368,795.99
31.295,1166.2
30.326,743.78
30.44,221.04
33.831,714.44
44.97,599.02
38.094,830.84
37.105,179.58
44.74,379.49
45.975,776.45
46.565,501.19
62.507,933.21
52.267,574.98
50.976,1167.3
55.426,691.76
55.113,358.51
58.899,68.97
62.481,99.937
78.709,1064.9
58.833,1241.7
62.64,427.54
65.514,505.38
62,902
70.13,451
87.75,1218.2
66.148,410.83
81.426,692.5
68,862.81
68.343,1003.5
91.641,1170.4
73.919,8.2973
75.733,985.69
86.168,656.18
86.615,902.87
92.817,91.258
85.091,881.75
86.465,4.7442
88.159,125.67
86.531,940.12
88.662,336.78
89.537,569.05
89.811,258.36
92.526,838.42
90.617,1104.4
96.143,1144.4
94.435,1196.4
110.87,683.94
98.75,863.84
101.92,800.78
107.12,1098.2
102.95,283.91
111.05,847.57
123.7,990.42
107.46,492.42
113.93,351.22
126.59,1187.3
112.72,584.92
119.82,919.65
114.12,479.65
118.02,646.92
116.09,114.95
119.15,666.5
115.83,1106.4
118.04,1063.1
149.25,1136.7
127.96,1119.1
129.11,715.64
136.77,262.83
128.62,897.79
127.08,1144.8
130.06,537.12
128.42,885.89
129.6,863.6
138.1,1081.8
139.21,1041.6
138.34,671.5
135.83,826.07
137.43,1208.3
147.6,734.55
142.1,846.05
145.09,686.73
145.5,881
164.5,1070.6
149.89,843.42
154.34,1032
165.11,1048.9
156.95,191.43
159,277
163.56,638.52
165.27,926.01
164.28,259.6
168.36,243.62
175.73,1235.7
169.97,998.86
169.44,834.12
167.86,1181.9
169.5,986.5
171.05,460.9
186.11,1129.4
175.9,440.1
182.94,526.87
179.11,754.42
189.73,836.29
212.38,970.73
181.5,599.88
183.47,817.55
185.92,357.06
187.15,768.8
184.5,992
184.29,1098.4
190.5,323.89
192.41,36.87
194.53,1181.5
193.36,984.82
198.98,1064.7
194.39,681.5
196,78.5
197,634.35
202.16,656.54
207.97,1088.9
200.6,567.6
205.57,901.72
204.94,947.23
208.84,1004.5
203.5,1121
207.18,25.901
208.22,72.922
204.5,182
205.6,990.69
211.03,126.59
210.23,560.46
209.11,171.58
209.45,274.58
223.4,783.41
216.83,762.11
214.62,953.65
217.5,288
222.68,348.2
223.36,1195
225.67,359.58
224.08,567.88
227.95,296.59
225.84,1168.1
232.81,945.02
241.58,605.24
235.21,71.171
233.92,1103.8
235.6,277.27
243.37,922.76
238.7,1010.5
240.99,7.1549
243.87,1225.1
248.11,630.3
245,1058
253.4,1154.9
249.38,997.73
250.35,869.65
253.85,813.33
255.09,1168.1
261.31,148.33
262.92,929.29
264.11,953.6
265.78,49.416
265.2,855.17
267.45,1226.3
264.89,1238.1
266.92,560.77
268.38,1207.6
269.39,304.71
279.15,1245
277.18,143.62
276.15,197.88
275.67,1125.2
285.66,301.94
284.69,545.55
289.57,866.71
286.53,923.61
285.98,1016.7
295.1,605.52
288.93,389.49
291.87,138.33
290.38,413
287.59,830.07
291.91,974.83
290.38,1233.5
299.2,438.7
298.86,487.61
305.41,120.87
309.69,183.09
306.57,807.94
306.58,466.89
310.14,436
325.03,581.03
312.42,663.58
316.7,140.86
315.6,522.4
318.61,1093.2
321.07,518.74
324.66,3.541
335.71,1152.9
331.41,821.95
347.78,953.67
335.44,562.06
346.43,874.24
344.05,86.401
343.5,407.69
344.07,850.81
348.15,455.91
351.94,915.53
355.95,664.38
353.74,331.05
354.86,843.16
355.61,377.43
351.5,445
354.36,304.04
358.7,823.85
360.05,157.63
361.29,113.46
364.48,707.31
372.12,797.24
368.23,495.93
370.52,544.38
366.63,1082.5
366.29,1216.8
372.7,678.17
371.33,200.96
380.33,223.27
375.17,482.07
380.72,370.95
375.37,927.58
376.82,1039.2
384.51,446.34
381.72,893.61
384.53,637.06
387.07,831.32
389.42,658.24
388.59,955.93
394.52,321.93
392.36,763.4
401.09,62.663
393,1242.5
394.05,800.09
396,1127.5
398.44,518.13
396.6,213.4
400.2,1061.6
403.23,1187.6
403.97,283.11
405.3,42.984
405.75,415.25
411.87,658.85
410.08,629.92
416.09,1044.4
410.09,1209.5
415.22,346.43
415,773.56
420.96,556.35
426.86,905.82
421.69,227.1
420.22,55.521
419.87,735.21
421.53,695.32
422.83,150.25
428.23,1175.1
428.7,1208.6
434.52,120.36
435.4,1089.2
431.28,830.81
435.07,660.82
438.44,306.31
437.86,82.857
443.69,335.06
443.34,408.91
445.55,159.89
443.8,242.56
446.21,1246.8
449.26,255.81
446.09,1173.9
450.38,1110.6
450.22,466.32
451.39,678
459.15,8.1126
458.3,333.23
455.17,579.07
456.31,944.88
457.77,1151
456.49,1177.5
460.47,409.81
457.74,884.79
462.9,354.99
467.56,209.72
463.53,521.84
464.15,473.43
463.09,38.909
465.94,268.33
463.61,974.75
465.76,750.83
467.33,1080.9
467.64,902.86
469.58,335.42
478.16,1120.1
487.14,318.55
473.88,419.12
472.17,728
476.3,744.34
479.63,4.5
472.58,327.11
474.48,380.63
474.86,656.53
477.12,476.62
480.16,242.95
479.08,897.32
481.29,104.32
485.63,1206.5
481.77,221.65
481.18,676.16
487.56,454.44
482.43,24.391
485.4,360.38
488.21,766.43
487.84,807.77
493.85,511.54
491.74,265.96
496.54,925.42
494.88,1001.6
495.65,956.76
496.09,477.66
495.52,705.76
495,356.5
499.03,82.821
503.38,235.36
506.85,803.42
502.98,1067.9
504,407.5
503.89,1110.4
507.36,142.5
509.24,204.63
507.49,373.75
512.69,904.71
512.59,870.99
518.82,258.52
510.89,1219.6
511.5,458
516.91,1061
518.6,746.6
523.88,1205.8
524.43,2.75
527.46,1093.7
529.2,921.95
526.1,201
527.12,87.08
533.39,685.33
527.5,1037.5
533.16,751.25
537.39,787.44
532.55,294.36
532.81,373.33
536.26,838.99
533.66,221.8
539.22,348.81
538.61,414.21
538.15,1168.5
535.17,435.33
538.95,145.48
547.73,1108.6
541.63,1136.7
541.9,642.05
545.69,479.53
542.8,617.9
552.76,1046.2
547.11,142.58
549.27,1079.7
580.22,90.731
551.71,235.17
555.62,226.02
555.29,261.97
555.77,423.21
564.72,380.2
561.47,979.53
570.17,1141.4
564.5,503.68
572.93,1177.3
562.93,1225.6
565.92,245.62
570.26,681.5
568.48,937.45
565.93,598.96
567.6,754.43
570.24,828.04
570.74,903.74
572.06,1111.8
578.61,1227.7
574.74,873.38
575.59,918.07
574.94,955.41
579.85,1004.5
578.57,1200
580.49,946.45
585.27,829.68
587.72,318.46
598.03,1089.2
588.14,694
592.18,285.72
594.08,970.72
592.05,420.38
598.06,368.63
595.91,637.5
596.72,51.326
602.25,264.14
605.51,137.85
608.56,777.15
605.02,166.68
603.11,891.41
608.85,1032.1
615.48,824.12
609.23,1204.2
610.75,678.05
610.84,623.77
615.68,931.56
620.25,977.97
614.53,1049.9
613.27,192.41
614.23,900.77
618.97,1150.3
616.58,359.89
617.12,748.08
618,1166.6
628.43,690.37
627.18,461.02
627.38,150.25
629.88,63.494
636.82,258.62
628.5,799
627.85,905.65
631.26,946.52
632.05,1031.5
633.5,1.9286
634.97,543.64
635.09,88.909
654.57,1114.7
637.15,813.46
645.05,643.67
639.08,391.08
641.17,441.02
644,192.83
645.5,875
648.17,802.03
649.5,578.5
650.2,771.43
652.7,165
650.09,947.95
652.13,1053.1
656.15,1077.5
654,609.5
655.38,1092.1
660.41,491.15
657.5,519.39
657.97,838.11
658.65,1144.1
658,1137
662.96,377.94
663.2,409.16
664.54,935.54
669.94,1125.4
674.95,329.45
681.71,1139.8
678.25,256.18
679.43,1087.6
680.19,291.9
680.39,792.8
682.79,803.51
688.27,713.42
698.86,1032.1
688.46,901.97
685.27,493.18
686.68,1109.6
692.02,355.72
688.89,1224.4
691.95,948.13
691,42
690.8,693.32
696.01,786.51
693.92,812.24
696.5,415.5
697.59,458.41
699.36,849.26
697.34,1059.6
701.43,1080.8
699.41,1204.6
700.37,153.29
700.55,802.23
697,1124
700.5,255.23
705.65,183.25
702.21,936.21
703.62,1175.5
715.21,682.42
716.76,726.87
714.6,558.72
722.72,643.12
710.22,665.24
708.5,389
715.39,935.18
714.33,225
716,788
725.86,174.55
719.47,994.38
722.75,507.6
725.6,5.4286
722.45,407.96
722.11,740.42
722.05,748.9
730.24,774.3
748.45,1007.6
734.99,820.44
729.43,210.04
735.24,479.57
732.52,1086.6
733.39,1173.5
737.89,1160.8
736,685
739.81,860.69
739.52,912.96
736,1007
744.35,423.57
739.4,399.4
742.33,620.9
740.89,835.7
751.77,973.07
750.93,734.35
746.41,53.438
744.75,715.83
748.06,605.92
749.72,1042.7
750.66,633
750.52,286.38
755.62,687.22
753.58,396.1
754.66,460.68
755.93,1167.6
759.41,245.82
757.34,563.37
762.08,863.43
758.89,905.39
765.43,417.5
760.07,8.5172
764.74,711.22
763.54,887.38
763.71,167.55
762.86,754
764.67,315.67
765.99,652.01
767.79,438.16
767.29,628.66
767.42,1245.7
773.68,593.17
773.98,477.94
774.62,365.7
773.87,524.92
775.14,1204.1
779.62,653.5
781.14,973.47
785.05,509.33
788.89,779.41
793.99,610.99
795.68,1119.8
798.5,946.53
794.86,698.71
799.51,148.45
797.04,841.64
802.01,800.73
799.5,836
800,1089.5
800,1208.5
802.5,999
810.42,27.727
807.93,459.55
808.01,514.44
812.69,394.42
818.66,924.07
817.54,1144.9
820.07,441.63
820.06,951.18
819.74,12.815
828.58,574.43
820.27,587.17
824.53,1009.5
829.31,1117.9
828.91,732.09
834.66,492.87
831.24,721.93
843.53,592.11
832.14,650.86
842.15,628.48
841.83,671.86
835.38,506.38
837.5,760.5
842.44,902.56
844.89,456.71
845.18,746.94
845.4,854.81
847.64,137.06
848.24,1094.1
850.29,55.225
849.03,542.97
850.5,880.5
858.32,752.14
855.09,690.91
857.92,1123.1
859.98,156
858.5,858.5
860.14,638
868.77,291.58
868.07,591.28
867.77,1241.5
870.63,917.13
873.11,532.43
870.65,578.12
875.27,1191.9
874.96,83.325
884.6,312.26
880.16,258.72
877.26,155.35
878.62,935.83
879.08,758.94
879.15,783.69
879.15,1007.1
885.95,1164
885.09,588.32
888.62,712.6
890.11,1155.6
894.21,2.6897
897.94,537.74
896.52,35.13
899.49,362.26
903.5,1178.9
901.92,427.89
906.05,736.55
907.88,1010.4
908.15,335.62
909.5,358.12
912.62,540.78
914.74,1220.9
916.81,779.75
916.6,504.6
924.36,728.65
927.78,13.66
927.81,471.12
925,655.41
929.78,565.13
932.41,695.07
952.73,224.54
939.2,40.346
939.99,1060.6
951.79,723.86
939.56,1084.1
947.74,574.41
946.5,904.73
951.95,743.26
953.42,975.04
950.88,1196.2
952.6,297.94
954.38,692.97
955.88,776.59
966.04,797.91
963.06,1018.5
971.31,85.44
968.5,281
972.82,889.78
974.75,181.14
988.1,716.6
975.56,782.67
982.09,759.9
980.56,644.92
982.57,362.65
983.64,297.43
985.67,794.03
988.77,144.56
990.91,875.31
990.15,609.85
994.85,312.62
994.1,549.04
994.79,1067.2
998.39,759.52
1002.7,22.423
1002.7,537.74
1004.5,1187
1005.9,189.59
1010.2,689.58
1007.5,948.5
1012.9,991.92
1012.5,782.59
1012.6,59.074
1015.5,1075
1019.2,956.74
1028.4,705.78
1027.8,754.84
1026.5,228.45
1030.6,1103.1
1036.6,1178.8
1044.6,596.64
1045.6,397.11
1063.7,714.31
1052.2,629.7
1053,595
1054.3,906.83
1056,1168.1
1061.5,275.33
1055.5,735
1057.6,1212.4
1064.7,937.74
1063.7,258.92
1068,833.21
1065.4,800.74
1066.3,1154.4
1070,869.38
1075.8,1093.8
1073.8,1195
1076.8,592.45
1077.5,879.88
1078.8,1027.2
1078.9,543.74
1081.3,138.56
1082.6,323.91
1087.6,812.29
1081.2,1224.7
1087.5,867.64
1101.9,761.01
1094.7,565.07
1096,155.5
1099.8,208.43
1105.8,584.58
1111.1,781.66
1111.9,519.8
1111.7,547
1113,630.5
1113.5,896.06
1116.6,1062.4
1114.7,272.46
1122.3,636.52
1125.7,64.518
1125.1,779.83
1135.2,841.08
1124,922.86
1132.3,128.04
1125.5,143.45
1124.5,826.5
1133.4,32.659
1134,205.12
1136.3,871.6
1135.6,1168.3
1137.2,166.96
1136.3,801.07
1140.3,649.52
1138.6,478.03
1137.3,17.636
1145.5,264.54
1147.1,781.29
1158.3,506.3
1156,489.5
1157.3,900.42
1166.1,765.18
1164.3,740.77
1165,856.49
1164.5,621.5
1165.8,145.15
1172.2,986.4
1172.4,1074.3
1170,577.21
1170.1,591.73
1169.9,873.72
1176.6,106.03
1177.2,706.39
1185.7,834.22
1190.3,46.753
1190.4,118.42
1192.8,1199.7
1189,4
1192.1,530.57
1201.1,687.74
1193.1,725.14
1226.7,597.59
1195.1,1184.1
1198.8,760.93
1197.5,167.36
1200.1,973.09
1212.5,1241.7
1205.7,620.77
1205,202.5
1207.2,270.04
1204.5,1224
1208.4,746.6
1212.2,1061.5
1215.4,550.98
1218.9,218.59
1215.5,885.34
1214,67.667
1216.9,425.98
1217.4,779.5
1224.5,1029.5
1221.1,872.41
1226.6,718.31
1226.4,1202.4
1229.7,73.548
1232.3,442.3
1234,541.32
1235.2,893.01
1234.5,268
1241.6,854.54
1237.3,1144.6
1240.4,794.23
1236.2,1244.6
1239.6,638.85
1237.7,878.62
1240.6,1096.5
1242.6,360.56
1246.2,86.067
1246.8,811.86
1247.5,765
