2.5789,81.105
1.8947,151
15.667,1184.8
29.607,540.28
35.9,1136.4
45.368,461.03
48.956,921.07
49.611,627.14
51.822,101.6
50.826,402
55.988,495.31
60.576,356.55
68.921,1020.1
76.81,988.67
72.154,576.65
84,222.5
88.633,884.37
90.541,1217.8
96.681,859.48
98.868,1123.3
103.42,114.89
112.9,74.383
110.5,397
115.58,433.55
119.64,562.89
118.55,39.29
119.81,764.4
136,814.5
138.89,322.19
140.63,448.11
142.14,259.25
146.57,152.64
145.93,645.41
149.94,175.43
154.12,1106.8
154.23,701.43
156.97,129.22
157.8,194.44
161.09,1023.3
161.88,10.86
168.24,86.721
166.9,831.38
172.67,642.21
170.23,174.02
174.26,774.19
173.04,255.17
190.36,1042.3
197.14,978.64
197.43,595.39
207.09,553.91
217.5,957.5
238.32,1135.7
239.57,626.53
240.35,98.597
254.42,1165.9
258.06,1150
262.94,478.97
265.5,849
272.43,449.61
273.89,602.3
275,98
282.24,1037.8
282.5,867.11
282.26,1068.3
286,622.68
287.53,886.33
290.56,483.08
294.42,976.55
296.33,1040.8
308.92,977.54
308.91,41.091
308.83,995
310.36,187.5
315.42,959.89
319,469
324.93,1013.8
322.59,1064.5
323.09,565.91
325.88,856.41
328.3,406.09
326.89,907.58
333.31,303.61
336.04,614.56
332.4,292.6
341.08,1129.1
345.6,1212.9
351.74,1115
357.8,1132.6
360.53,443.91
359.5,1199.5
364.45,290.59
365.65,820.65
366,743
365.58,135.89
369,595.5
376.18,1080.7
374.33,900
380.8,347.83
378.29,1067.4
376.42,928.11
386.49,1113.9
388,5.5
391.93,360.82
389.58,231.11
393.33,460
394.09,901.91
406.41,429.37
400.58,841.42
402.5,602.5
404.91,657.09
410.37,942.76
411.38,131.7
418.73,219.98
421.64,967.19
421.01,241.99
419.25,620.29
420.53,785.95
421.7,563.33
427.25,385.84
429.94,844.03
434.88,966.38
438.38,265.13
444.76,35.103
447.94,790.82
451.43,225.49
461.82,589.18
459.58,1096.6
461.5,130.78
463.71,336.63
463.05,81.596
467.37,615.44
466.93,1055.4
473,711
475.81,309.35
488.72,579.39
482.12,603.84
489.72,455.89
484.5,621.5
489.64,858.92
493.18,270.11
497.26,539.45
503.1,693.95
503.7,185.28
504.23,569.56
507.51,352.25
505.09,1168.1
520.84,1011.8
521.82,939
523.61,438.39
523.4,607.6
527.16,1065.7
526.42,984.11
536.06,776.01
536.54,792.2
534.6,1137.4
544.13,251.45
540.45,170.21
538.26,830.87
545.43,376.61
543.49,585.21
547.5,150.26
548.64,1039
549.94,830.3
553.04,318.62
554.01,619.77
557.96,168.55
556.83,589
559.71,1203
565.47,245.45
569.8,1119.9
567.07,728.59
571.89,456.16
574.22,255.78
571.35,756.33
575,702.6
580,901
584.58,50.348
584.88,406.36
585.16,582.01
603.07,285.44
603,607
607.66,359.7
606.08,458.54
610.92,304.44
618.04,24.695
616.5,142.5
627.75,1071
634.9,477.42
633.57,711.41
637.21,177.76
651.58,238.1
650.35,372.21
648.85,311.65
650.92,1199.9
662.62,610.76
662,290.5
665.62,518.5
667.08,913.8
672.14,977.14
674.26,392.43
672.14,175.93
673.32,334.31
672.56,1011.9
676.57,370.75
677.24,434.61
684.67,77.918
677.92,516.98
684,477.5
688.5,420.5
693.39,225.86
698,291
703.81,723.12
702.93,247.91
703.74,847.68
704.4,936.36
712.82,578.04
712.64,626.32
718.52,354.03
724.2,141.62
728.26,163.74
727.91,421.23
729.93,983.45
729.62,402.62
731.18,45.333
732.05,844.35
731.5,917
739.43,1067.2
740.03,732.92
737.58,858.11
739.58,801.11
741.15,441.54
742.91,214.09
747.88,553.28
746.06,197.06
750.63,1015.4
750.58,284.11
752.91,186.91
758.01,195.36
773.7,865.45
775.61,147.7
778.35,703.94
779.66,534.85
790.24,76.793
794.8,620.52
796.96,569.69
800.92,507.13
799.5,195.71
803.05,993.88
812.47,1242.8
814.24,208
813.17,364
832.74,924.71
841.7,1079.2
841.88,880.81
852.06,322.28
844.94,144.47
849.93,439.41
853.59,902.72
850.84,948.44
858.31,588.9
870.06,175.76
869.45,10.69
871.73,125.16
875.96,31.333
879.36,472.99
878.94,517.91
882.94,936.09
892.22,392.85
891.25,957.39
892,163.22
894.73,577.14
898.5,508.5
908.34,719.33
908.15,835.83
912.78,348.9
915.04,474.13
913.96,178.64
911.38,939.38
914.4,762.5
916.09,1028.9
921.34,251.53
923.68,377.12
925.05,286.7
928,840.5
937.09,540.09
937.5,435
941.88,895.02
945.57,1067.4
942.88,605.35
952.89,166.63
955.76,664.89
954.6,962.89
958.81,355.19
957.35,1048
960.08,120.92
973.82,917.16
976.55,176.22
977.12,1009
974.58,625.11
986.51,749.53
985.1,1129.6
995.59,299.7
992.37,1232.6
999.92,1057.2
1005.4,399.37
1005.4,134.47
1021.8,165.83
1020.5,213.5
1022.8,473.22
1022,1179.8
1024.9,1031.7
1026.5,997
1034.5,940.62
1037.7,773.71
1041.3,403.89
1041.7,623.35
1051.8,1144.2
1054.6,685.53
1054,1113.3
1055.1,531.93
1058.6,736.48
1062.3,640.07
1060.5,958
1079.4,876.72
1080,306.03
1079.4,990.43
1079.6,681.11
1083.6,786.11
1086.7,674.41
1088.5,660.67
1091.7,123.71
1091.4,406.95
1089.4,768.42
1097.2,826.47
1096,1212.5
1101.9,147.13
1099.2,1163
1101.4,963.11
1103.5,68.167
1109.5,795
1116.8,730.15
1115.4,939.5
1116.2,681.35
1118.1,220.88
1118.5,298.14
1124.7,281.29
1124.4,395.11
1127.6,1016.7
1125.7,363.27
1130.7,1072.3
1140.1,163.9
1137.5,1051.5
1146.6,484.92
1142.6,1103.5
1156.3,709.06
1155.4,326.07
1159,1176.8
1163.2,1136.9
1162.6,667.4
1168.2,570.2
1166.6,841.44
1173.1,137.68
1170.4,349.11
1172.4,744.64
1178.5,927.47
1179.3,970.65
1189.5,1239.5
1191,264.32
1192.7,603.55
1193.7,994.91
1203,157.5
1204.8,597
1204.5,913.5
1213.7,518.71
1213.5,241.82
1212,264.76
1216,807.86
1218.4,78.982
1222.3,501.2
1224.6,194.92
1224.8,572.44
1230.4,626.46
1231.4,1077.9
1232.4,515.7
1233.5,663.56
1234.5,173.67
1237.4,586.86
1240.5,557.92
1239.7,862.05
1244.9,181.07
1243.7,475.71
1245.3,512.42
1247.1,540.5
