2.4444,531.11
7.7969,25.836
6.4638,1004.6
8.863,1096.5
9.9259,1040.6
10.424,1210.4
23.677,984.9
21.562,752.76
23.073,1166.9
23.377,1195.5
22.444,582.24
27.335,956.21
25.367,438.93
26.957,150.66
30.176,6.6622
29.5,1100
34.176,211.46
38.069,548.58
39.66,649.1
37.22,791.46
39.523,38.354
43.25,1093.7
44.141,1048.9
48.45,526.52
45.881,1063.7
47.611,132.14
46.917,592.92
51.409,750.89
53.941,1217.5
53.038,284.15
56.188,580.04
56.5,774.5
57.174,1144.9
60.9,166.38
62.568,726.05
61.683,1057.1
65.945,228.53
64.367,1133.6
72.578,1177
68.926,66.407
72.455,341.05
74,1096.7
78.074,779.41
80.175,488.02
81.032,928.21
84.737,913.99
97.529,34.742
90.88,1038.8
98.457,761.91
99.886,1057.6
100,113.35
107.75,842.93
103.71,950.55
107.97,676.44
113.08,1009
108.74,1066
116.1,576.44
115.69,1097.1
119.16,1127.8
119.43,1049.9
120.48,1172.9
119,120.5
124.53,1246
128.32,542.41
126.42,374.11
132.41,460.93
128.59,502.82
131.53,74.14
131.88,756.77
144.11,921.93
139.07,554.88
142.29,797.16
142.88,87.94
142.58,413.89
150.73,603.93
152.23,1164.4
152.6,462.2
154.13,825.87
155.13,809.33
155.08,175.08
160.9,1191.3
159.46,476.81
165.85,937.85
165.5,6
162.42,236.11
166.03,486.18
172.61,513.96
167.93,533.73
169.04,983.13
168.91,1075.1
170.02,1139.9
170.36,51.406
175.06,454.54
173,1042.1
175.23,1114.9
176.99,150.45
176.6,1020.6
181.86,33.922
180.39,202.86
183.18,1052.3
183.25,65.938
191.77,339.53
185.83,1162.4
183.5,524.5
184.4,983.64
186.24,784
188.71,1067.3
188.41,384.54
193.15,955.64
191.19,512.06
188.5,1011
192.92,134.25
191.5,552
196.87,1042.4
199.02,598.08
205.65,988.37
204.14,542.26
206.98,885.76
211.45,1141.5
208.5,410
208.5,472
211,1123
213.46,1199.6
216.09,515.78
216.56,747.03
215.54,876.22
219.31,353.11
217,477.58
217,1111.2
223.34,617.64
226.34,63.082
226.95,89.589
227.97,718.7
226.54,1132.2
229.09,143.09
230.5,1077.6
235.43,928.83
234.5,1026.5
236.71,250.57
239.17,583.82
238.44,356.44
238,1078.5
239.91,302.91
240.45,965.29
242.58,418.52
245.07,905.5
245.91,661.88
253.29,1009.1
246.1,1036.6
250.66,1132.8
247.05,516.83
252.2,974.68
253.82,1169.9
257.61,238.91
264.27,947.8
262.29,199.1
261.06,4
260.54,714.06
260.32,986.78
259.42,884.89
262.11,1093.2
262,284
264,1049.3
268.89,1240
267.04,968.69
268.51,1136.1
270.44,844.78
273.84,1084.9
278.19,482.46
276.72,878.15
278.37,1071.3
277.5,334.5
279.42,1027.3
280.52,245.61
280.73,354.77
279.54,432.22
281.12,1116.9
280.38,23
280,308.5
284.33,115.36
287.89,681.82
285.69,885.06
290.55,1059.6
292.34,1125.7
293.77,1114.8
298.28,863.4
296.91,914.13
297.95,933.95
304.11,1013
303.5,831
309.05,1219.8
311.95,298.91
311.14,1078.8
311.66,93.585
315.94,648.92
319.16,1149.6
326.39,1125.1
329.08,729.1
326.36,1098.6
330.76,1041.5
332,788.5
333,449.75
339.97,184.13
340.07,766.63
343.42,19.856
343.09,992.59
346.19,550.61
347.92,964.36
348.99,921.68
347,1076.7
353.96,328.73
354.61,191.9
356.19,276.07
360.06,385.91
364.41,142.92
364.28,993.11
368.18,62.761
367.11,427.63
367.8,1111.6
370.29,973.03
368.61,1028.6
369.94,459.91
372.81,1055.1
380.8,702.3
382.44,118.94
380.37,746.37
385.3,82.618
384.52,677.6
389.32,401.91
395.61,270.96
393.88,592.56
404.16,1152.9
409.64,826.86
415.5,176.71
416.14,620.25
426.59,386.05
424.65,831.6
430.48,1100.9
431.62,291.85
434.92,313.37
429.58,636.11
432.24,585.19
440.61,1163
445.06,936.41
444.91,389.06
446.16,359.96
444.11,70.579
448.62,328.98
447,855.83
449.5,646.5
454.5,493.5
463.25,125.5
467,1244.9
470.71,827.1
466.94,1020.5
467.57,673.05
470.31,1083.9
474.53,797.78
480.61,435.87
487.44,183.33
486.52,343.14
486.58,531.58
492.42,989.98
493.71,769.29
501.69,1212.4
506,4.6408
503.5,410.5
507.32,507.52
505.72,658.53
511.84,130.57
515.04,544.21
513.44,1144.1
515.07,252.59
516.19,277.93
521.5,1065
533.56,944.02
526.78,431.56
532.91,389.91
536.08,558.2
537.5,97.5
541.81,403.47
547.09,903.09
556.9,696.05
559.83,3.5926
565.32,110.08
561.39,1243.9
568.9,601.47
565.27,872.73
571.24,364
573.04,1207.8
576.39,469.26
583.72,425.59
581.5,162
580.5,272.5
581,875
585.6,260.07
585.1,1230.2
593.63,89.633
593.11,377.58
594.05,415.83
594.59,843.73
603.88,765.88
609.42,1031.4
607,1195
617.28,1129.9
611.12,1239.5
614.41,841.87
615.84,618.88
620.46,304.2
623.71,161.12
622.47,527.39
625.9,1151.4
629.21,655.31
624.65,64.5
630.18,588.87
628.7,426.5
631.59,462.96
630.64,1092.4
652.79,1066.5
660.77,839.5
656.5,811
660.14,1001.7
662.52,61.567
662.33,979.98
664.13,872.74
665.62,193.7
666.45,304.91
671.56,926
674.35,749.07
675.92,180.8
678.47,595.04
677.43,698.45
682.63,11.271
681.63,822.37
683.61,410
684.91,782.45
685.64,876.27
686,366.5
687.09,531.05
695.64,71.813
696.2,863.12
694.7,652.3
694.5,741.5
697.85,1240.8
699.64,502.35
708.95,146.68
715.62,1032
719.05,376.86
721.12,673.12
721.05,961.53
722.83,519.7
721.5,804.5
721,1228.6
723,1215.2
731.9,179.22
734.5,602.58
735.63,97.158
744.6,718.96
744.72,375.93
747.36,181.23
746.14,612.55
748.86,691.95
752.91,449.95
764.96,718.31
767,626.5
770.17,673
772.21,208.16
770.85,808.9
769,929.5
778.12,637.26
775.5,1121.5
776.66,762.53
784.61,523.12
782.72,1006.8
784.72,599.65
789.71,1151.3
789.92,721
787.09,304.91
790.56,884.63
792.95,745.66
794.33,793.23
800.5,674.33
797.6,995.6
802.93,707.72
810.16,754.18
815.78,886.34
817.84,457.41
820.91,608.29
820.61,1213.1
825.9,237.33
827.02,16.774
847.13,875.04
839.04,970.3
838,1031.5
844.88,8.5409
844.14,805.03
855,1053
861.11,1237.2
865.56,698.92
868.2,571.68
869.85,606.96
872.1,160.95
875.87,547.54
874.05,621.65
877.93,794.14
874.42,201.89
877.74,754
879.93,1025.6
878.82,119.18
880.68,101.73
881.9,645.31
883.75,428
886.62,691.15
886.55,171.58
887.96,398.83
894.25,839.25
914.41,924.61
918.02,47.189
921.03,664.1
921,117.68
922.5,998.12
931.43,5.973
928.85,780.94
936.83,550.88
949.01,1186.1
953.5,160.22
953.94,1026.3
964.31,1220.4
964.65,442
965.66,552.15
965.5,750
973.27,452.35
975.83,1238
976.35,1091.5
984.57,1014.5
984,987.5
987.53,1095.2
989.87,214.65
991.96,600.79
991.49,431.02
992.21,333.5
993.12,46.058
995.22,501.54
1003.3,411.86
1003.3,346.41
1005.9,701.93
1012.5,837.5
1016.7,1108.4
1022,730.61
1023.5,1002.5
1029.4,306.63
1031.4,1062.5
1030.4,320.85
1030.4,831.95
1034.4,930.93
1037.4,771.08
1039.6,518.99
1047,958.93
1057.5,849.85
1055.6,1151.1
1068.8,1193.5
1066.3,285.83
1073.2,394.71
1077.3,516.33
1076.7,345.5
1078.6,10.397
1081.4,179.13
1081.6,34.105
1086,135.77
1085,292.25
1088.4,1024.4
1100.5,528.06
1102.5,170.18
1101,220.06
1100.9,5.5882
1108.5,952.43
1107.6,415.11
1110.9,1243.6
1122.2,494.9
1122.9,958.92
1126.8,1170.3
1136.4,143.83
1133.1,1124.1
1136.2,512.24
1135.1,553.59
1136,396
1137.8,479.93
1140.8,282.45
1142.7,1081.9
1142.6,581.11
1143.9,1037
1149.2,699.74
1148.4,998.68
1148.2,1165.6
1152.2,596.09
1156,932.85
1156.5,976
1161.3,701.48
1163.9,536.19
1167.5,10.346
1166.4,739.44
1172.6,640.07
1177.6,1187.7
1177.7,463.05
1180.1,968.66
1181.9,795.55
1181.4,1237.9
1183.6,311.95
1184.9,419.25
1195.2,487.23
1193.9,720.59
1198.5,188.74
1197.9,911.6
1197.5,1120.3
1201.5,414.32
1198,313
1203.4,535.18
1205.2,895.99
1205.5,1135.4
1207.8,698.65
1213.1,639.29
1215.4,318.11
1221.8,404.35
1222.1,853.65
1225,1029.5
1225.9,800.5
1230.5,453.3
1233.7,740.3
1237.6,773.42
1245.9,324.9
1246.4,1173.2
