2.566,530.6
5.14,853.49
3.1892,910.92
3.7455,961.22
3.6629,1126.8
2.931,1173.6
8.6941,216.13
3.5,608.5
4.4211,1090.9
10.451,705.86
13.109,1180.8
11.909,195.91
15.413,392.72
14.737,754.13
18.757,309.9
16.543,805.09
21.873,1104.6
22.264,930.15
23.127,1066
23.477,996.92
31.045,762.94
30.406,887.25
32.255,492.88
34.273,608.39
32.76,137.97
32.039,592.1
32.736,549.32
31.421,1148.9
35,474.33
37.955,577.75
45.006,294.28
39.774,340.34
45.319,704.55
46.33,26.777
42.894,508.09
45.12,95.5
55.063,366.17
46.196,322.37
52.583,530.79
60.969,450.13
49.286,605.57
59.283,312.95
56.633,582.73
57.926,930.41
59,732
62.209,407.04
62.55,423.11
69.193,558.15
65.507,1241.4
70.702,756.58
73.431,250.7
73.865,96.095
70.766,142.43
73.447,1135.5
74,419.77
77.523,1085.4
84.86,325.61
82.934,613.56
88.189,1063.7
79.714,558.43
85.13,163.52
89.134,218.93
95.565,463.7
89,1188
94.529,350.26
98.91,1216.7
100.63,979.63
100.91,372.23
105.95,930.35
103.24,216.35
107.57,335.22
108.26,400.53
112.02,512.12
114.52,625.42
112.06,837.53
113.5,989.5
114.09,288.09
122.63,318.52
118.29,434.85
118.04,1224.5
121.12,101.29
131.59,361.32
126.63,60.868
133.12,2.3125
133.43,934.82
133.08,1141
140.94,690.79
133.5,1016.5
137.4,517.42
139.38,785.5
136.5,100
145.73,437.46
142.1,563.62
145.18,375.17
148.26,797.92
146.37,129.25
150,660.18
152.94,13.571
155.61,680.14
158.44,736.79
156.5,190
159.08,925.41
161.83,342.63
166.65,1126.6
162.78,220.68
164.9,866.81
166.96,630
169.22,398.38
172.18,439.23
168.5,832.5
175.22,655.56
176.21,1073.1
178,191.33
186.66,759.9
179.89,19.579
183.84,171.25
183.93,321.59
193.17,1001.5
190.81,371.23
190.89,4.4032
191.32,1207.2
193,43.5
199.74,989.86
198.21,19.371
200.35,314.39
197.85,673.98
197.94,128.91
198.08,806.92
200,33.5
206.52,738.38
206.96,211.75
204.5,1107
206.62,1003.1
208.68,547.05
210.18,136.05
214.31,53.741
216,1175.1
217.06,192.09
221.21,941.38
224.42,330.13
221.34,491.53
222.83,575
226.04,596.97
224.41,512.93
226.5,166.5
230.12,423.03
230.24,552.1
238.27,446.48
238.87,824.17
240,348.5
244.56,426.07
243.94,1178.4
247.58,367.78
245.58,1227.1
251.18,337.08
250.46,615.82
250.31,24.171
255.89,868.14
257.73,576.59
261.43,630.26
260.12,268.85
258.07,387.59
265.16,551.49
267.18,75.739
264.67,412
267.95,117
268.34,787.47
271.5,1075.4
269.5,513.13
272.99,976.36
271,622.5
280.21,99.289
280.25,770
281.28,838.66
283.33,897.03
289.49,125.67
291.43,919.26
291.95,379.32
292.58,227.62
295.63,666.07
297.08,906.12
299.33,712.25
297.79,698.29
300,1186
304.9,286.62
312.45,553.91
313.29,895.67
308.67,1166
312.21,1214.7
311.35,1128.7
316.03,118.94
316.69,476.64
314.59,795.69
317.06,186.96
319.67,510.21
321.43,142.94
322,1011
328.5,1065.5
327.82,710.61
335.82,38.837
338.76,455.65
346.31,325.97
341.18,682.62
343.08,845.92
340.98,1207.4
345.74,784.83
344.73,952.55
344.88,1031.9
345.92,753.46
350.18,199.39
346.5,1169.5
347.14,167
347.5,73.5
352.51,117.86
351.91,676.09
357.33,454.87
360.07,693.17
362.94,46.429
362.43,984.35
365.99,235.35
367.89,498
369.46,120.06
373.81,882.06
371.07,1130.4
374.09,476.91
377,730.86
380.13,580.84
380.06,3.9062
388.47,106.49
380,758
383.32,936.75
383.68,248.05
385.09,291.27
386.27,772.27
385.39,1188.9
390.96,668.45
387.5,749.5
388.27,782.68
387.77,325.77
397.22,1236.1
397.12,1182.3
397.71,556.55
398.17,305
401.37,387.63
404.58,538.58
410.64,239.44
413.17,130
416.45,256.47
416.56,667.05
418.13,1154.7
419.17,1173
425.83,1101.2
425.14,736.3
428.16,300.54
429.94,781.68
430.5,192.5
433.81,852.19
438.19,495.92
436.15,577.73
436.43,53.057
436.92,803.08
437,321
439.54,626.16
438.79,1206.1
440.48,1090.6
441.14,913.19
441.17,124.07
443.4,485.6
445.31,603.91
458.66,419.88
453.5,804.5
457.35,697.33
457.79,839.11
459.2,1134.6
467.42,874.06
470.7,251.79
473.06,592
476.6,68.861
470.58,892.89
478.76,12.575
477.82,933.49
480.65,874.94
482.55,1173.8
483.17,1151
483.93,547.59
491.26,689.83
498.93,513.54
501.94,259.17
499.5,1072
503.13,491.87
506.21,789.92
509.98,1201.2
519.42,208.74
511.28,153.12
513.4,1083.7
511.67,251.33
511.4,264.4
513.63,604.63
516.51,1066.2
515.7,1121.3
516.72,194.14
525.03,698.51
521.39,800.14
522.88,1133.8
524.54,82.8
530.21,327.28
531.71,582.33
535.23,1152
541.58,293.41
545.42,800.23
539.29,837.29
543.1,74.738
540,202.5
543.95,548.15
543.69,732.8
543.18,1115.3
547.4,141.98
543.16,994.08
541.94,1022
542.76,662.59
545.56,1088.8
547.28,92.267
550.41,243.9
551.02,351.78
554.99,1245.1
553.65,23.93
556.07,129.91
554.44,201.05
558.73,997.95
556.65,1030.9
559.51,688.06
565,493.5
566.92,907.05
575.91,1126.1
579.56,244.92
580.6,1190.6
586.75,379.57
588.11,766.58
588.67,317.51
586,1143
591.42,1216.5
591.73,80.159
599.02,1243.6
597,433.31
596,520.5
600.04,1031.1
601.5,730.5
604,338
610.05,139.38
609.77,40.604
610.37,351.7
621.45,950.53
626.45,803.09
628.97,398.56
630.5,164.92
631.88,545.03
632.61,220.49
634.17,637
635.39,2.4348
637.27,1161.6
641.48,105.29
637.58,412.11
641.39,955.59
641.57,690.82
640.42,321.11
646.28,38.117
651.88,295.94
654.16,332.54
653.09,160.91
656.39,807.15
658.43,146.55
661.8,222.36
658.58,264.42
662.37,1024.3
666.05,541.75
664.47,1214.3
668.65,146.06
670.66,644.39
674.43,850.52
679.91,547.42
681.43,803.95
678,1154.5
682.14,200.76
686.8,32.115
684.41,631.01
685.1,414.6
682,1106.8
685.78,889.46
693.68,1116.8
693.3,547.8
694.69,725.17
697.94,207.89
697.9,702.38
701.94,924.16
709.07,662.03
709.19,437
712.05,816.78
711.18,101.45
716.39,1032.7
718.69,554.17
721.27,987.65
724.79,820.44
729.86,37.783
730.35,805
732.05,898.53
740.24,482.02
737.42,551.55
738.8,1008.4
741.12,1182.8
744.43,414.34
747,518.82
753.3,433.78
750.09,1092.6
755.71,689.07
754.46,893.43
756.74,1135.7
765.78,31.885
759.93,831.07
767.83,144.07
771.06,1217.2
770.69,1153.2
774.27,1183.3
776.21,743.64
774.6,586.9
773.33,644
776.81,819.74
775.15,1247
778.18,526.66
779.89,1017.6
784.21,204.71
781.11,292.37
779.94,1095.1
783.05,909.92
787.26,796.17
785,124.5
786.96,262.65
791.5,749
797.4,503.06
796.49,166.68
802.03,304.71
802.63,685.95
803.34,613.32
807.87,413.5
806.1,7.0714
806,192.75
809.71,647.71
810.37,675.63
812.91,603.09
815.41,2.931
819.32,76.944
822.95,230.12
820.11,772.37
824.64,899.34
825.46,378.63
823.88,432.09
828.06,1148.7
826.12,517.48
829.86,285.33
830.54,959.22
834.61,4.7097
836.63,327.83
835.91,1100.1
838.91,726.77
849.33,985.48
848.23,1182.4
846.64,73.5
853.62,1019.3
856.06,904.71
858.61,327.97
860.6,644
861.17,1032.7
868.02,432.16
864.5,909
869.57,587.65
867.61,1246.6
870.64,886.37
870.22,402.44
874.82,971.98
873.58,1108.5
882.23,1148.8
881.88,592.5
888.62,65.433
884,377
890.67,950.47
893.1,1237.8
896.91,1205.4
898.29,595.64
895.55,1170.4
900.97,136.53
900.84,760.88
901,292.06
901.28,969.1
902.06,326.45
902.2,177.56
911.73,447.71
905.71,918.63
905.93,1125.4
908.47,303.61
910.93,574.34
911.07,698.76
911.09,20.909
912.88,937.64
911.33,528
916.91,84.091
918.63,487.37
921.12,676
927.3,131.47
925.74,465.35
927.29,607.37
929.52,234.57
933.06,895.14
930,626
933,316.8
937.26,427.24
933.71,696.06
934,461.33
935.5,1044.8
938.71,387.92
943.53,150.52
943.29,612.5
945.47,639.76
945.63,1219
950.12,263.11
950.26,3.1
950.07,775.39
953.35,467.78
955.5,304.46
955.8,998.96
957.53,152.15
954.43,726.05
954.5,410.5
958.99,422.57
959.07,220.41
963.13,946.96
959.83,750.93
967.24,589.41
969.67,64.239
968.27,642.73
974.77,877.5
975.64,1030.5
979.46,1171.5
979.88,403.28
979,669.5
983.9,607.62
984.41,271.14
985,669
990.32,962.46
988.47,384.58
994.04,54.327
995.37,1052.7
996.52,472.13
997.93,183.26
1007.4,767.85
999.91,857.87
1007.5,250.92
1003.1,1130.6
1005.1,1245.8
1005,588.69
1006,656.31
1013.8,721.05
1019.4,1079.7
1019.8,532.16
1020.9,254
1027.1,489.26
1024.8,642.47
1024.9,1062.3
1027.5,1046.6
1027.5,375.53
1026.5,785.77
1028.8,609.86
1029.9,351.59
1033.6,328.11
1036.8,983.66
1038.6,102.62
1037.9,1019.7
1039.7,1157.7
1038.6,793.32
1044.2,246.24
1041.8,766.34
1044.8,1061.1
1044.7,542
1049,9.9563
1047.4,1139.5
1046.1,124.41
1048.4,551.18
1049.4,1218.2
1049.4,312.37
1052.5,646.14
1057.7,84.819
1056.4,627.45
1061.2,796.17
1061.4,308.54
1064.3,332.68
1064.6,920.76
1064,113.24
1070.1,1094.8
1069.7,1233.1
1070.5,893.46
1070.5,746.5
1073.3,904.71
1073.8,942.54
1076.9,554.54
1079.4,616.59
1076.9,756.88
1078,1113.9
1081.8,1212.5
1083.2,828.43
1085.2,431.54
1085.4,1233.4
1091.9,936.96
1088.9,1242.9
1096,372.12
1092.6,631.08
1097.4,172.81
1097,1091.6
1098.4,155.29
1102.1,851.83
1110.3,848
1112,86.63
1122.4,526.98
1121.7,149.15
1127.1,609.52
1123.5,431.84
1125.4,178.48
1124,1090.5
1133.9,297.2
1131.1,846.65
1142.5,661.69
1137.9,756
1138.7,738.71
1148.7,251.55
1149.3,719.61
1148.5,1200
1151.8,435.94
1152.1,851.57
1150.6,508.11
1158.3,35.82
1156,589.5
1158.7,200.97
1161.2,1038.8
1157.9,383.09
1160,218.5
1160.1,1088.1
1162.2,461.47
1163.5,869.74
1165.8,656.37
1167.7,16.697
1168,142.68
1173.8,1079.7
1174.2,977.03
1175.7,321.41
1179.3,626.96
1179.1,82.473
1182.4,34.301
1182.3,805.41
1186.2,408.84
1189,357.78
1187.7,824.16
1190.9,176.95
1194.1,228.11
1199.3,740.99
1197.6,103.78
1198.5,1032
1200.6,1246.7
1201.4,149.61
1201.4,374.31
1214.3,1005.7
1211.9,116.57
1212.9,975.41
1218.2,55.149
1217.4,666.56
1216.5,941.28
1220.9,1160.1
1220.5,1088.8
1221.4,1214.9
1222.7,510.67
1222.5,72.857
1227.2,815.57
1230.1,202.69
1232.4,719.23
1231,6
1232.2,338
1235.4,485.38
1235.1,617.87
1238.4,234.66
1239.5,1020.9
1242.7,88.643
1245,306.11
1246.7,550.22
1246.9,737.18
1247.1,7
