7.5217,288.67
4.8354,386.8
3.641,456.99
2.5714,553.21
3.297,592.13
10.661,779.51
7.4,229.63
7.4767,54.14
8.1475,350.82
11.605,919.47
11.5,274.5
16.827,745.85
14.412,33.176
17.192,323.37
14.575,525.62
26.721,452.61
18.5,480
24.005,1044.2
21.681,1077
25.753,928.04
28.201,674.64
26.291,550.64
25.93,710.35
25.192,943.71
28.104,32.604
34.662,96.114
25.421,585.89
29.694,915.78
32.5,182.5
33.351,1099.8
37.63,271.78
36.6,819.03
42.468,1008.3
41.632,56.596
42.592,958.45
42.2,393.77
42.421,471.89
48.144,617.69
43.32,874.56
44.564,495.92
46.116,851.88
49,1159.4
55.208,582.12
49,764
59.406,676.37
57.426,430.06
57.719,415.11
62.333,515.91
61.595,61.381
61.922,41.578
59.931,342.59
62.115,1210
61.5,228
66.311,268.18
64.353,482.5
66.105,1246.3
65.564,309.92
72.634,729.92
74.111,373.99
70.774,614.3
70,58.5
75.524,1086.3
79.623,924.49
78.421,54.895
81.574,1162.6
84.773,86.825
82.145,844.53
81.5,825.5
83,202
86.253,328.03
86.5,553.5
94.502,1109
92.886,679.79
91.667,927.58
91.731,246.35
94.339,269.52
95.917,626.72
93.722,717.22
97,944.5
98.2,1011.4
103.87,737.81
106.23,75.266
117.47,444.65
111.87,1036.9
108.89,379.37
113.76,362.87
112.18,656.75
110.09,763.05
114.88,131.64
113.97,488.38
110.5,686.5
112.5,860
116.73,216.5
119.48,1231
115.4,966.4
125.08,992.3
128.31,288.37
120.12,521.5
123.11,1132.8
120.91,870.09
126.12,1185.3
128.9,166.93
129.38,835.77
130.67,16.337
131.13,211.45
132.86,604.33
134.96,789.56
136.7,422.49
135.59,246.5
135.39,62.435
135.43,875.05
141.19,262.84
139,358.5
138.43,1242.9
142.47,585.15
142.18,888.58
143.35,921.44
149.95,62.337
145.44,117.95
147.58,818.83
148.19,685.42
152.9,397.45
147.82,1121
148.93,520.41
149.09,1062.9
150.56,357.2
154.39,760.28
151.13,797.68
156.53,910.04
154.65,629.36
153.63,940.5
151.6,983.4
154.85,317.73
154.42,724.11
161.62,19.06
162.18,190.9
162.08,253.51
162,1116.7
169.57,363.65
170.01,746.18
169,285.5
171.98,341.32
169.94,756.77
174.38,527.59
173.81,1074.9
176.32,802.6
182.84,441.84
175.5,701.5
177.42,1244.5
176.8,410.8
175.91,972.91
179.89,177.58
180,650
187.91,1032.6
187,626.82
191.91,262.02
190.14,407.92
187.91,1069.9
192.84,1246
190.56,505.77
195.18,240.57
194.56,61.59
199.17,747.14
198.66,316.53
198.5,450.5
199.64,205.5
200.5,442.5
203.42,518.01
206.4,101.79
206.31,374.75
202.42,151.89
204.31,1109.7
206.02,890.72
212.46,808.91
212.25,77.517
210.23,545.67
211.77,1233.7
232.29,313.29
218.79,997.95
213.55,137.67
211.81,625.74
213.79,1195.1
215.63,667.37
218,31
219.34,1115.3
226.98,628.03
225.96,52.51
226.4,82.152
224.87,1058.2
231.88,692.6
223.36,887.68
229.31,377.94
231.47,182.72
232.78,829.91
238.73,573.5
239.46,874.12
244.44,229.33
246.81,8.3704
253.69,649.65
249.37,147.06
248.26,674
249.91,245.91
253.25,471.73
254.92,950.09
255.63,1229.5
257.07,269.93
259.69,1119.6
269.05,408.77
260.24,16.585
261.82,53.711
268.77,795.27
263.83,988.93
270.91,812.09
273.77,1179.5
279.67,241.21
274.5,1229
276,316.5
283.58,706.16
280.56,99.024
281.59,181.74
280.36,2.8571
286.59,367.63
281.85,496.79
282.75,745.25
280.94,1060.9
283.86,473.15
291.14,1186.9
291.19,292.84
288.59,542.93
288.54,1069.9
294.09,21.103
296.53,190.93
292.08,1014.1
302.05,159.52
303.43,1092.7
301.92,470.31
304.87,294.56
314.16,232.61
305.88,614.44
305.58,722.45
305.83,667.07
308.24,798.61
309,1125.5
310.58,130.97
325.67,379.27
314.12,8.3542
315.34,1037.7
315.25,831.25
323.15,755.54
318.06,40.094
320.64,625.95
317.89,1136.4
319.5,405.5
322.27,146.03
320.36,255.32
322,1196
326.18,20.714
323.35,424.27
327.73,504.22
326.1,603.05
331.87,302.63
331.03,87.968
332.27,414.48
335.58,917.93
334.33,958.49
333.2,943.44
335.5,489.5
351.17,146.95
339.58,822.19
350.95,788.97
339.5,1245
346.11,1136.2
347.3,243.14
346.47,702.56
345.7,1061.9
345.54,1090.2
348.22,605.95
351.87,1017.6
353.11,328.56
355.91,103.28
355.76,710.58
358.22,353.73
357.67,533.36
357.47,563.91
363.36,1095.5
362.88,430.82
361.38,316.5
370.11,67.815
371.06,1125.1
388.67,158.8
372.67,562.67
373,348
378.14,323.32
381.11,1167.6
386.35,565.45
385.65,632.29
388.11,49.346
388.02,126.45
389.31,435.29
386.39,227.57
386.69,268.83
387.6,1203.6
392.46,350.33
392.21,678
400.26,963.94
394,546.5
397.89,409.35
400.5,1200
403.74,63.577
402.57,1217.5
405.33,308.81
410.75,472.99
409.18,93.684
410.34,188.95
408.4,1244.3
414.76,993.54
410,327
409.6,417.7
414.04,242.92
414.22,270.05
414.58,1059.5
413.2,679.32
416,452.74
417.97,355.3
416.58,1038.9
419.74,369.13
420.58,668.19
418.81,703.46
420.28,775.63
423.49,1240.8
427.34,409.26
424.59,918.67
422.05,89.909
423.19,208.85
424.07,161.59
429.09,240.69
426.56,486.92
427.75,533.24
425,994
430.42,192.58
434.8,456.71
433.4,969.46
437.66,440.53
437.14,872.53
439.29,1032.4
447.45,540.44
443.95,922.18
448.62,331.51
444.09,653.09
472.9,716.98
448.34,84.531
447.83,236
451.65,1134.1
450.44,117.5
449.67,591.83
454.79,154.89
453.08,1011.4
453.95,1231.8
455.17,240.06
454,390
456.42,507.11
458,1152.8
464.87,403.58
466.3,997.98
461.94,1108.1
462,276.33
465.97,1068.8
466.67,6.4537
464.42,290.89
472.85,519.63
469.5,1096
471.92,77.917
491.45,336.25
476.22,120.29
479.64,1083.8
483.34,992.76
481.31,374.83
482.63,165.37
488.05,91.444
487.84,12.037
484.33,681
488.06,691.25
491.81,587.31
492.17,1175.7
494.71,790.8
493.37,638.37
494.53,663.94
496.42,398.89
501.51,437.05
503.01,466.93
500.62,580.78
508.04,1160.6
505.46,211.15
505.84,310.16
520.45,107.3
515.05,649.92
511.63,1180.4
513.85,569.87
515.24,434.52
517.54,1144.3
514.43,26.391
518.61,586
523.75,1243
522.5,929.5
526.78,780.86
536.83,323.45
547.32,428.92
537.34,725.83
539.84,175.37
543.59,752.26
542.35,133
550.31,1101.3
552.44,93.639
551.04,1200.7
552.24,277.13
549.87,961.98
553.19,174.59
559.21,293.3
563,211
566.15,222.87
565.08,236.56
566.09,318
566.04,155.59
572.54,413.11
570.12,1149.3
569.5,107
574.61,790.3
573.26,324.07
575.8,361.62
575.63,533.86
576.68,667.35
579.96,760.69
578.48,702.1
584.29,479.83
582.56,1114.8
587.34,267.12
584.72,370.31
586.51,1235.9
585.04,57.893
586.35,446.44
591.45,775.11
588.77,1183.4
591.17,810.07
596.31,303.2
595.87,836.25
598.8,545.56
601.61,1113.9
608.68,657.1
603.37,22.367
604,791.5
608.06,1168.6
607.68,1086.8
612.73,829.13
624.92,23.194
629.34,232.11
619.4,443.6
622.53,1242.1
622.5,519.5
625.93,417.44
630.23,1149.5
630.67,1066.7
631.96,370.87
631.83,561.07
630.58,663.32
635.77,295.17
630.42,818.11
632.68,1128.8
635.75,388.49
636.15,865.51
637.5,576.61
639.34,698.94
646.16,32.195
644.31,456.96
645.67,113.98
648.02,372.02
649.07,563.93
653.54,1013.4
648.4,657.6
656.75,878.63
656.41,88.444
655.06,663.43
656.84,50.337
656.54,186.84
656,765.5
661.62,236.44
661.24,379.26
663.15,506.77
659.16,567.43
665.71,1132.1
672.77,8.0718
664.09,208.91
666.29,317.25
668.21,665.56
672.23,186.69
672.33,1149.2
677.65,160.16
677.1,205.4
677.08,356.7
673.89,382.58
675.12,808.12
680.57,896.77
683.99,547.06
682.97,258.86
693.03,305.49
685.62,415.06
687.24,663.53
686.18,107.95
687.68,123.8
686.58,975.11
693.82,825.34
694.47,91.993
694.94,892.65
700.04,1141
698.31,552.77
704.27,873.28
698.44,1179.6
705.48,909.33
703.6,224.36
719.81,639.98
716.93,350.6
709.2,681.56
712.5,105
718.77,548.45
721.03,787.62
717.15,1218.9
715.74,606.19
715.63,1027.4
721.94,1091.2
719.03,158.73
719.84,1119.5
739.94,251.88
723.44,184.68
723,49.839
725.79,752.99
732.7,997.12
735.09,371.56
734.93,919.53
736.13,464.61
736.5,532.5
738.82,1128.3
739.44,222.75
745.4,566.37
742.36,966.39
740.61,799.14
748.95,1184.8
744.58,1034.9
751.12,133.41
751.45,437.87
754.01,608.6
751.92,26.917
758.21,578.97
758.58,459.55
757.55,526.94
761.57,322.18
761.62,420.33
763.2,41.9
767.28,553.12
764.5,83.5
765.58,746.58
767.4,1034.6
768.89,120.34
770.19,535.72
766,769
770.17,296.34
774.11,807.92
771.56,1119
774.74,970.13
775.45,273.53
776.39,174.65
775.99,603.68
775.37,909.37
781.17,329.52
784.33,223.78
786.49,243.65
786.23,696.05
789.05,1064.9
787.22,471.22
790.4,300.51
790.29,89.29
792.58,1131.9
797.79,378.04
798.59,1212
796,239
800.09,258.2
797.84,866.35
803.43,594.9
804.42,779.36
803.93,463.05
808.09,1171.1
812.36,358.82
812.21,1246.6
817.51,140.82
814.62,430.22
814.17,964
827.84,502.79
821.02,177.51
815.42,923.89
817.4,1131.7
817.91,1194.7
821.75,593.49
822.83,309.85
823.08,812.2
827.33,626.06
825.46,1026.4
828.11,1197.1
827.92,835.44
831.16,48.686
830.41,149.93
835.85,376.16
834.61,1093.3
835.64,462.97
837.47,885.03
838.82,1135.3
837.43,165.05
841.25,639.68
838.07,249.59
838,1039.5
840.95,329.12
843.31,956.53
839.92,79.917
846.65,703.64
845.59,221.42
848.78,982.97
845.54,292.54
846.48,756.87
848.49,1078.2
855.53,869.5
851,262.72
849.5,65
852.62,823.12
855.39,832
857.9,393.73
857.8,675.85
860.25,891.48
856.74,1029.8
859,140.77
864.5,33.516
861.23,504.1
861.91,173.09
867.08,381.96
864.58,315.11
867.21,255.5
869.04,1171.6
868.5,344
875.1,147.27
873.86,212.53
871.89,821.42
873.38,970.38
877.98,682.09
877.64,806.5
883.32,103.9
880.92,244.68
883,54.759
883.24,1167.3
904.48,207.76
885.32,749.89
887.55,10.625
893.88,477.65
889.11,894.58
890.66,815.73
894.96,168.21
892.2,254.58
892.5,513.13
898.87,415.01
896.67,647.6
900.16,128.81
897.29,533.71
899.86,601.7
899.56,952.74
903.16,684.12
906.13,776.87
905.14,1049.9
905.48,1129.6
905.65,1092
905.33,821
908.82,879.79
910.11,612.74
918.09,1232.3
911.36,242.15
913.22,264.67
924.32,1128.2
918.54,424.96
921.07,969.6
922.23,706.5
919.74,841.85
925.98,88.689
923.14,221.16
926.56,107.92
936.65,912.19
933.8,651.51
928.81,36.143
933.49,299.19
927.44,997.11
935.38,1243.8
932.62,1016.9
937.59,191.65
934.83,230.05
933.93,310.59
937.41,1143.9
938.93,200.41
941.82,764.74
942.84,832.83
940.75,1022
941.55,433.12
944.64,606.51
943.38,1041.6
946.48,468.71
948.35,789.45
949.04,716.65
958.05,637.29
969.76,274.58
957.24,719.68
957.26,1075.6
958.75,899.12
968.07,209.92
973.5,538.55
967.28,1083.2
966.31,16.147
968,1199.5
976.59,510.47
970.08,146.69
970.95,1146.8
973.5,733.15
979.1,375.07
976.5,29
986.15,64.832
981.8,340.09
983.81,626.65
986.92,676.34
991.42,181.29
986.71,775.71
996.13,826.87
992.29,203.29
993.82,299.94
994.23,893.17
991,430.5
992,382
992,387
1000.2,390.97
1001.7,2.3611
1002.2,274
999.93,1180.6
1007.4,55.584
1005.5,349.5
1011,364.88
1010,535.42
1010.4,951.55
1011.7,224.84
1010.4,401.31
1012.1,1071.9
1011.1,447.59
1012.6,885.48
1011.9,472.56
1025.3,906.25
1018.6,1177.3
1018.3,687.23
1018,441.08
1023.5,1207.3
1024.1,955.81
1025.5,263.26
1026.8,115.63
1027.7,498.59
1028.2,704.75
1031,822.71
1033.1,605.59
1030.5,53.5
1032.6,332.81
1035,665.72
1037,411.59
1038.8,1112.9
1042.5,987.1
1041.1,313.07
1048.6,41.986
1042.5,818.52
1043,493.07
1048.6,132.1
1047.2,596.62
1047.7,838.11
1050.7,644.45
1050.1,704.65
1053.9,369.55
1053.3,447.38
1054.4,404.88
1056.1,156.44
1056.7,976.71
1059.5,487.16
1059.5,186
1061.9,1053.9
1060,1110.4
1060.5,1148.5
1059.9,725.56
1064.5,792.38
1075.8,360.32
1062.5,577
1063.3,890
1065.2,1008.5
1064.2,152.43
1070.1,1189.4
1063.6,960.11
1070.6,103.19
1068.9,219.43
1072.8,875.16
1072.2,277.23
1071.5,592
1073.4,699.8
1074.7,1078.8
1077.1,1175.5
1077.1,890.98
1079.1,983.02
1080.8,1058.7
1088.1,476.82
1082,415
1083.9,54.235
1086.5,259.5
1086.1,1202.1
1088.5,384.09
1095.2,165.33
1090.3,1105.9
1094.1,23.516
1091.2,316.26
1092,809.32
1096.9,868.93
1116.3,428.2
1101.9,391.7
1105.5,51.131
1112.2,207.28
1102.7,65.72
1112.4,120.14
1100.4,893.89
1104.2,1035
1110.2,583.09
1107.7,742.29
1115.6,343.64
1110.1,508.5
1113.7,1132.4
1114.8,1203.1
1111.5,596.5
1115.6,181.64
1117,894.5
1119.6,643.78
1118.9,970.61
1121.2,498.5
1126,1041.9
1137.1,199.84
1129,541.5
1127,1110
1128.6,1075.1
1131.5,328.5
1130.4,378.87
1133.5,576.71
1134.3,588.38
1148.3,710.77
1137.9,348.74
1139.8,630.35
1142.9,383.37
1145.7,109.03
1144.9,1082.9
1146,499.5
1154.9,156.75
1159.2,350.68
1151.7,654.69
1153.8,403.65
1153.2,521.1
1151.5,732
1153.8,375.97
1153.9,638.46
1160.6,290.86
1163.3,863.4
1161.6,69.059
1169.4,636.94
1166.9,1220.3
1167.9,424.07
1168.4,241.14
1168,809.5
1171,1042.5
1169.1,963.56
1170.2,1019.3
1182.8,786.38
1176.7,661.86
1177,332.88
1173.9,442.58
1173.9,614.91
1178,355.99
1181.2,254.3
1178.1,724.82
1177,852.44
1187.8,767.67
1185,536.91
1185.7,700.89
1191.7,325.55
1191,436.58
1198.6,259.12
1193.8,725.49
1194,207.95
1193.6,689.39
1195.8,880.88
1200,160.93
1204.1,492.56
1205.3,1143.8
1204.8,222.16
1207,86.633
1206.1,957.92
1218.9,1047.3
1209.7,642.4
1208.6,721.91
1215.6,295.23
1216.3,731.92
1213.3,244.94
1211.8,534.12
1213.1,34
1225.5,149.59
1217.2,184.6
1218.7,561.92
1218.4,404.79
1221.9,627.98
1221.5,195.34
1222.3,915.59
1222.8,1244
1229.6,486.75
1228.4,555.94
1233.8,1108.4
1233.9,805.14
1231.2,866.47
1231.2,232.33
1233.1,22.593
1234.1,879.8
1238,219.86
1240.3,537.28
1241.8,1181.6
1242.4,820.73
1240.7,905.65
1240,90.321
1242.1,398.48
1241.9,738.03
1240.8,16
1242.5,347.03
1241.4,564
1245.2,157.17
1247.1,468.5
