7.3,1101.6
12.762,1009
18.516,548.1
18.218,1031.5
20.651,686.72
24.566,996.42
22.209,1222.2
26.596,924.93
27.5,721.78
43.344,642.9
45,439.17
46.256,1189.7
50.5,203.5
54.449,1141.9
55,1024.5
56.861,1123.4
61.812,1008.4
63.797,1198.3
64.976,1174.1
68.5,1212.5
68.732,162.59
75.404,272.09
72.442,326.42
95.069,1148.9
100.26,1028.1
110.34,1045.3
105.32,1200.8
113.22,820.85
114.7,1187.5
123.66,1072.1
117.5,1147.5
119.91,390.31
121.23,462.84
129.28,501.72
128.47,1123.2
134.14,1112.5
136.5,1088
147.85,1121.3
143.81,1141.2
146,510
149.92,489.34
153.87,1100.7
173.28,233.34
173.02,1148.1
178.09,373.91
187.42,341.39
181.33,158
189.72,199.53
190.44,1071.9
207.28,282.57
215.03,124.64
217,1058
218.57,225.57
220.11,523.63
223.41,1129.6
224.34,136.62
241,758.32
248.7,291.08
252.99,62.456
251.75,513.08
261.24,211.85
263.07,1162.2
264.05,1084.1
283.79,999.13
288.44,521.39
288.07,250.41
310.24,307.04
311.22,839.78
316.1,228.57
316.43,539.94
322.41,1126.9
326.59,201.16
326.09,1210.9
333.67,1106.2
337.65,366.5
339.56,798.16
346.31,978.03
352,248.5
355.5,315
355.91,215.09
363.62,395.49
360.09,1051.9
367.28,78.468
373.22,344.56
371.54,1244.7
376.53,645.38
380.8,1044.3
388.5,530
394.8,1116.4
395.66,1222.5
408.05,187.26
413.62,506.69
423.44,11.375
423.86,258
424.5,102.5
427.79,147.7
425.88,231.35
439.91,1113.8
437.42,446.39
441,226.51
442,1195
442.5,703
474.1,560.37
469,346.67
472.53,492.69
475.74,1113.1
480.92,213.77
479.08,575.56
484.09,943.88
482.1,32.62
493.23,470.16
492.1,191.29
491.29,127.71
493.92,708.08
498.11,1021.6
505.89,502.82
502.58,681.11
507.33,466.72
505.63,544.63
510.88,256.11
529.71,546.86
526.12,1025.5
529.55,299.56
539.39,166.35
536,1005.5
537.22,431.53
545.76,285.21
544.17,509.29
546.34,741.89
552.84,526.09
552.02,802.61
549.79,383.38
552.07,477.41
558.57,496.47
558.77,342
559.6,1200.6
564.51,841.62
565.06,917.94
565.5,531.5
568.33,395
569.91,556.09
577.19,662.25
579.95,1128.4
578.5,437
582.25,992.69
584.4,379.36
590.64,201.62
607.26,363.33
609.18,572.22
602.83,45.188
597.5,419
612.27,935.71
604.5,129.5
608.57,706.05
614.61,382.14
618.53,430.63
617,292.5
618.07,528.41
621,493
624.24,822.42
624.18,401.39
624.94,465.69
627.38,796.88
626.58,1014.9
628.93,323.95
627.42,561.89
631.31,361.29
634.66,1239.5
640.95,431.32
641.59,478.93
645.93,326.5
645.6,340.75
649.62,455.3
653,414.83
659.5,867.78
661.4,742.76
660.5,331.5
664.17,397.18
661.91,650.09
664.07,382.59
672.32,841.73
671.12,427.14
670.6,729.89
674.08,525.23
678.32,453.58
682.57,1192.5
695.52,1168.3
699.64,1137.7
699.5,563.5
702.94,421.3
704.3,711.88
710.95,1177.3
715.89,1135.4
722,303
724.91,795.28
732.55,1042.9
738.07,688.53
736.58,227.11
749.48,171.06
745.7,1185.1
748,1153
753.5,677
757.4,1037
763.56,1125.1
766.4,927.42
781.37,710.89
795.1,650.18
787.4,944.52
788.5,303.5
792.23,216.39
794.86,1079.5
795.89,758.54
802.91,755.09
817.1,993.85
816.5,19
835.9,749
848.68,1104.6
851.34,1222.1
849.52,729.54
856.95,192.92
856.32,1042.8
864.13,935.42
870.44,805.18
876.45,949.41
876.88,479.65
883.02,8.1888
892.79,965.37
900.86,1002.5
909.22,828.66
915.57,58.391
931.59,1028
937.1,864.48
950.01,218.09
946.92,1053.1
955,433.5
958.23,497.89
956,615.67
961.85,479.14
962.05,702.53
968.77,1063.4
970.39,1183.5
975.35,1128.5
985.11,1007.5
988.15,1109.3
989.41,166.07
994.07,878.41
996.91,316.5
1013,190.17
1010.9,88.091
1025,232.5
1024.3,780.22
1026.4,1210.4
1031.8,455.05
1043.9,402.08
1045.4,614.09
1049.9,507.13
1052,467.5
1053.7,917.38
1058,1142.5
1067.9,969.81
1065.5,774.66
1071.2,154.97
1074.1,953.91
1071.5,134
1076.5,793.5
1085.2,338.44
1094.6,995.86
1098.1,728.27
1102.2,60.732
1100.3,632.72
1105,686.5
1126,905.81
1133.8,432.66
1137.1,1078.1
1145.7,1168.3
1150.5,1207.5
1152.1,169.01
1149.7,452.53
1152.6,212.37
1153.4,264.57
1160.9,331.51
1163.2,996.07
1165.6,365.24
1166.5,193.5
1174.5,77.957
1183.1,1179
1184.5,51.241
1185.6,623.61
1192.3,753.41
1193.5,1036.4
1195.1,791.23
1196.2,706.64
1203.5,116.83
1208.7,89.621
1203.7,909.03
1207.7,1219.3
1204.6,1245.1
1205.6,728.89
1218.6,1039.8
1233,23.019
1231.4,843.14
1231.4,879.02
1237.3,431.52
1234.1,324.91
1241.4,73.367
1241.2,168.56
1240.9,513.59
1244.1,727.09
