4.2692,750.65
5.303,881.3
4.8947,987.58
9.6757,1014.9
14.252,520.42
16.299,1240.6
14.611,255.86
27.626,94.626
25.648,679.16
23.367,329.63
23.824,592.12
22.5,1177
26.345,1197.5
27.211,483.25
32.749,227.82
30.436,1011.5
32.296,886.4
33.667,934.95
34.826,36.579
30.421,106.11
34.01,837.54
41.41,904.82
41.737,743.11
38.586,721.93
40.083,93.083
44.375,244.62
46.87,841.43
49.615,760.81
51.32,661.56
54.815,393
53.565,119.39
60.33,1118.5
60.375,349.62
61.5,746
67.119,1054.9
62.5,179
68.899,1142.4
65.114,328.7
64.364,816.32
76.798,85.996
83.248,366.59
75.54,665.69
77.286,43.81
78.363,564.12
83.835,425.09
82.982,936.75
82.65,845.73
88.561,163.5
89.581,270.91
90.333,1000.8
96.64,208.12
93.5,934
99.643,844.53
103.92,582.19
104.59,241.27
105.08,891.01
109.75,1240.6
111.93,792.17
114.36,875.68
122.26,60.447
125.74,815.45
130.72,5.3357
126.56,498.15
129.41,253.77
126.02,874.57
129.35,445.88
138.81,157.14
151.41,917.71
141.48,749.63
137.98,36.708
143.43,495.22
140.8,183.17
142.73,589.85
144.58,1060.2
140.8,228.56
146.84,1223.9
145.43,366.28
145.96,438.96
151.19,216.15
161.76,97.501
151.47,1135.9
172.84,160.61
154.88,307.62
167.93,1030
157.12,325.35
162.48,461.55
161.27,6.5513
164.2,117.38
165.28,789.48
170.45,42
173.85,405.88
177.75,120.83
176.5,613.46
174.14,569.89
176.81,719.39
178.98,1153.2
184.04,190.26
182.37,444.43
182.09,79.901
183.51,293.8
180,844.5
181.4,343.4
189.9,373.6
183.64,701.18
186.51,23.4
189.07,245.69
197.13,263.98
195.77,865.09
198.7,733.7
201.19,956.41
200.83,785.83
199.69,497.41
202.97,177.36
200.5,554.5
209.32,129.89
209.72,486.47
211.7,84.951
210.26,1021.9
209.53,1006.4
225.99,321.12
213.1,40.05
216.89,650.05
220.17,243.88
221.65,191.05
224.4,883.93
225.67,107.66
225.17,452.07
224.6,493.64
226.23,1234.3
225.08,705.6
234.69,601.7
231.84,1244.4
235.45,1123.4
235.84,1199.7
236.07,1006.6
235.15,1221.4
236.79,151.85
233,207.5
237.54,825.88
236.47,681.76
242.03,623.55
245.53,928.28
245.23,640.39
245.51,952.53
249.47,1006.2
264.44,451.68
257.06,786.14
259.29,612.24
258.09,411.09
265.46,625.95
278.52,918.87
272.58,285.42
275.02,607.22
277.12,1012.9
281.49,116.48
278.85,1101.8
285.37,996.59
284.81,1169
290.15,1148.3
287.48,75.131
285.96,139.94
288.29,712.09
288.19,1049.6
291.33,374.2
292.53,161.68
293.21,783.27
292.6,60.914
293.41,419.75
297.34,1083
302.63,85.677
296.81,114.94
304.31,947.98
306.19,275.51
305.35,319.84
302,774
310.24,356.28
310.26,110.74
309.87,218.88
311.15,917.35
312.85,901.91
312.19,1122.1
316.97,680.27
320.18,565.76
315.08,612.56
316,694
320.07,595.41
325.35,1059.8
322.61,503.86
328.92,129.78
325,484.83
325.86,186.14
328.15,56.275
330.64,986.7
330.43,7.7059
333.41,441.51
336.79,465.37
340.31,356.67
336.59,206.96
339.08,862.67
336.89,673.42
343.53,538.64
339.41,839.93
340.07,633.41
347.29,790.11
347.63,271.62
347.31,1076.2
352.11,726.13
348.9,41.597
347.64,1006.5
347.93,1137.6
352.14,110.06
351.89,498.75
363.79,61.545
354.5,1236.2
357,348
357.93,1095.6
358.41,362.94
361,356.5
367.15,1086.1
364.54,1140.5
371.19,471.6
369.4,610.82
367.25,105.12
368.84,1047.9
373.66,531.08
377.58,149.57
373.53,930.84
379.73,777.16
378.78,1170
376.88,222.5
383.93,1221.1
381.34,177.32
388.24,854.91
388.96,885.8
386.83,685.7
392.62,108.83
392.44,814.41
400.93,5.7337
399.47,316
405.83,807.12
411.77,1145
405.42,849.2
410.27,571.57
412.02,1027.4
418.79,385.9
414.49,430.65
415.72,607.29
425.27,588.84
431.97,194.15
427.15,6.6538
430.51,71.838
434.74,735.35
428,1006
430.07,692.41
440.11,372.68
438.53,655.6
437,1212
439.95,552.59
443.93,38.333
444.3,803.18
449.5,776.5
454.06,1217.6
453.57,86.571
467.55,96.492
482.32,946.41
458.45,836.29
467.51,1043.2
463.62,675.77
464.31,1074.8
466.41,709.51
465.16,465.35
465,241.86
467,831.33
472.11,402.47
478.12,37.689
475.59,647.28
474.15,582.65
478.29,768.97
478.12,224.78
480.65,628.69
477.64,996.6
481.18,1204.6
482.81,358.16
483.77,79.227
487.84,93.271
487.31,838.17
488.66,212.15
490.03,325.79
489.81,1183
488.88,700.35
492.53,1006.7
493.02,901.38
495.22,672.92
500.32,700.94
505.03,125.92
504.75,839.92
510.29,316.4
506.3,366.19
505.57,669.65
508.4,966.66
507.7,1240.5
506,168
507.65,458.54
513.86,1153.2
514.41,851.21
514.2,188.32
515.88,225.38
516.16,1065
524.72,286.75
521.17,425
527.62,180.98
537.05,476.72
535.74,496.57
534.47,857.65
535.56,346.89
539.76,844.25
543.92,536.66
547.9,145.1
554.26,453.71
550.71,1121.5
550.91,1036.5
550.44,56.923
552.32,997.85
563.12,663.36
556.37,80.6
561.8,26.927
560.66,484
564.09,302.95
567.18,1180.8
568.75,77.035
582.53,1015.1
574.57,1217.7
578,676.5
591.53,841.48
589.33,533.18
590.29,945.27
585.93,987.26
588.5,812.29
597.53,1231.1
592.17,759.93
602.52,1144.4
595.54,511.84
594.46,1038.2
596.59,920.95
597.49,53.895
601.75,998.76
600.12,412.12
600.05,657.95
599.89,1031.9
604,986.38
605.21,341.98
614.71,647.96
609.73,1126.8
617.71,426.92
620.84,843.54
627.67,565.36
629.59,1156.6
628.93,668.59
630.5,818
628,901
633.77,1123.3
634.37,756.42
634.03,927.55
638.43,620.5
641.44,533.78
635.42,136.11
637.98,356.52
640.94,473.6
638.15,679.12
640.51,30.575
644.33,717.15
644.84,59.172
644.08,501.47
644.48,145.57
647.69,756.62
654.16,1111.9
658.93,698.43
663.75,54
673.07,1191.6
667.78,852.83
667.06,1149.5
670.8,1223.1
670.37,519.91
668.82,938.05
671.5,1006
677.43,104.48
678.86,890.45
677.07,46.407
682.26,335.9
678.65,817
681.52,943.34
685.47,132.07
684.09,365.77
682.44,696.89
688.23,739.66
684.5,1155
686.42,57.105
686.82,569.96
688.23,611.17
697.06,18.552
698.23,802.14
700.04,1000.3
696.6,911.4
700.13,862.64
700.93,879.41
704.44,424.01
710.88,212.47
706.29,325.63
709.17,1246.2
716.63,688.36
710.51,928.57
711.08,1075.6
719.47,555.97
720.58,743.32
717.62,824.24
727.98,764.29
720.88,1085.7
723.56,593.2
730.03,607.06
739.47,145.67
737.56,629.62
739.73,798.24
744.36,254.5
748.62,412.21
748.77,547.08
750.15,670.94
753.83,959.86
749.93,198.07
751.94,938.11
755.87,1185
754.07,163.36
760.74,1235.8
761.12,1114.3
760.45,310.41
765.78,669.8
765.57,625.05
770.79,494.64
768.58,1209.1
775.09,56.61
780.59,461.38
782.54,643.02
786.36,1128.1
783.2,780.56
784.39,972.43
825.29,805.94
791.07,619.59
797.29,784.81
802.91,641.67
805.48,442.7
802.52,837.8
805.14,895.91
804.74,230.14
803.59,934.07
803.41,1215.5
804.5,419.5
806.07,669.37
810.03,345.84
809.19,950.74
813.95,745.24
814.5,688.41
820.35,68.689
818.52,908.08
822.26,502.35
821.06,1234
823.71,949.82
822.37,708.73
822.94,1194.5
833.3,145.13
826.23,468.84
829.91,4.6923
829.5,422
833.08,867
833.85,945.56
834.14,895
836.88,313.28
838.56,391.56
836.16,853.76
835.58,1107.9
842.09,642.11
844.8,1013.7
857.9,575.55
853.08,512.9
855.41,230.15
852.58,448.11
853.5,848.15
855.7,1186.6
857.84,762.13
858.69,378.95
862.38,702.21
861.72,916.37
859.43,962.57
860.42,283.11
862.07,409.93
871.84,345.57
866.91,308.81
864.48,970.6
871.02,1201.6
869.69,437.25
871.7,822.08
869,1064
876,224
879.81,1115.4
882.23,447.29
887.88,941.04
882.58,1137.1
885.63,413.76
889.16,786.58
894.62,1127.8
895.28,219.86
897.59,801.43
901.74,370.41
904.5,715.32
912.31,911.53
904.26,606.28
904.09,1188.4
918.59,1081.2
911.93,744.02
912.06,1207.1
914.06,189.02
910.88,593.12
912,949.25
916.34,1030.6
919.93,499.93
919.76,1112.5
917.38,236.12
926.4,722.67
926.29,680.34
930.82,346.45
927.04,772.54
925.86,1186.5
928.58,427.5
931.03,31.459
934.54,174.25
931.98,1053.8
939.55,241.24
949.06,804.69
942.41,829.61
940.15,1121.4
940.68,377.08
945.41,879.11
941.12,1071.5
942.91,535.09
943.42,513.89
947.6,612.71
957.4,1233
950.66,344.72
955.43,846.72
951.92,1176.3
953.62,739.94
953.92,496.11
956.2,934.27
967.02,1088.1
968.7,915.01
967.35,240
970.77,961.4
977.22,24.941
978.34,1170.4
983.47,412.79
978.11,490.58
980.62,857.04
981.37,1072.2
982.08,927.92
983.83,724
985.72,45.028
990.53,367.39
992.64,797.66
987.9,884.84
995.58,1053.8
991.89,923.56
995.48,656.42
993.08,1188
997.79,700.21
998.59,421.4
999.17,293.46
999.8,1155.1
1001.8,606.57
1006.5,238.14
1007.9,898.41
1005.4,958.17
1007.9,795.47
1016.5,172.74
1016.1,444.75
1015.5,488.83
1015.6,507
1015.5,958.5
1017.8,539.11
1016.4,900.4
1023.9,497.84
1028.1,872.7
1028.9,8.3521
1029.4,825.15
1033.8,465.68
1035.6,681.99
1032,146
1037.2,618.07
1037.9,911.98
1043.5,1193
1045,67.729
1046.3,573.4
1042.3,888.33
1046.2,34.407
1049.1,1027
1048.5,1144.1
1048.6,201.62
1049.2,876.76
1051.5,767.17
1057.5,701.07
1054.3,385.08
1053.2,523.41
1055.3,714
1058.4,350.22
1060.2,285.16
1058.4,854.41
1064.6,1009.7
1066.9,201.86
1068.5,39.914
1071,1204.5
1072.5,284.15
1084.4,540.9
1080.7,1233.2
1083.7,771.26
1088.8,36.312
1090.7,1155.5
1091.4,642.41
1092.8,290.04
1097.1,233.24
1101.1,1243
1101.5,161
1106.9,642.84
1102.9,1011.4
1103.9,261.06
1110,499.95
1105.1,993.36
1115.2,6.6139
1115.4,75.051
1111.9,731.43
1116.1,35.036
1116,52.5
1121.3,1160.8
1123,624.98
1123.3,221.36
1124,1031.9
1125.6,387.9
1124.6,1244.7
1129,561.8
1133.1,1072.8
1133.2,898.7
1131.7,756.06
1132.3,1021.6
1135,270.89
1143,46.523
1136.7,194.25
1139.9,526.89
1136,231
1141.4,582.27
1143.4,671.77
1143.1,18.115
1144.9,1101
1148.2,818.53
1152.5,257.42
1157.9,523.44
1157.5,640.96
1155.2,966.68
1157,426.81
1157.2,1072.4
1158.7,1119.9
1164.5,768.04
1167.9,456.85
1164.3,951.62
1168.7,69.45
1167.8,701.45
1171.9,49.426
1171.5,217.81
1171.7,403.62
1174.4,606.14
1182.6,1192.1
1172,923
1176,828.29
1177.1,1091.2
1182.9,734.8
1182,35
1180.4,384.89
1187,542.55
1186,158.56
1186.1,925.87
1184,624
1187.3,684.39
1186.2,1050.5
1186.1,432.59
1187.4,822.94
1188.5,828.5
1193.8,127.22
1201.7,495.57
1196,101
1198,565.32
1200.8,721.09
1199.4,12.448
1204.5,395.74
1204.5,367.23
1205.8,242.58
1203.6,1045
1209.7,1180.6
1209,610.05
1209.2,1076.3
1220.6,455.77
1219,783.12
1220,1017.5
1219.7,822.94
1221.5,35.309
1220.6,581.45
1226.1,967.17
1225.7,1162.7
1227.4,63.772
1230.8,110.32
1228.7,651.62
1229,572.4
1232.5,796.22
1238.5,1091.5
1240.1,632.34
1241.8,1047.5
1244.8,1131.8
1244,495.17
1245.2,909.98
1245.8,712.83
1245.5,1193.5
