6.8174,612.85
3.5,753.5
4,901
5,104
13.339,677.52
10,579.5
17.952,368.74
26.143,450.14
25.19,875.77
25.429,623.57
31.557,361.31
31.835,1137.1
31.905,593.24
34.414,423.61
33.174,909
36.111,346.49
40.086,720.03
48.245,560.02
37.815,1065.6
45.054,600.97
51.354,633.7
54.343,139.75
56.429,997.55
53.656,1205
56.795,450.22
53.133,674.98
53.332,472.52
53.579,952.89
59.355,1171.1
57.5,88.5
59,170
60.514,788.28
60.786,869.41
61.19,590.73
62.407,934.93
64.139,770.39
70.767,116.88
74.037,1139
78.125,394
75.091,367.09
82.462,650.34
80.178,1000.1
85.673,251.03
90.98,771.88
88.579,753.97
91.333,1092.1
92.188,100.27
93.674,1245.8
95.344,928.62
102.54,564.6
102.78,114.68
105.91,21.045
119.92,230.32
111.17,349
110.58,765.89
112.75,153.71
112,1034.5
117.99,482.89
119.71,706.57
126.12,1186.7
126.26,553.42
126.73,448.38
123,395.33
125.07,759.45
128.74,950
144.47,721.07
135.2,97.337
136.01,328.47
136.06,292.56
139.44,848.95
137.93,903.41
147.59,202.2
145.93,558.07
145.56,925.25
147.34,946.61
153.87,638.77
153.7,489.82
150.41,1056.1
154.03,1077.4
156.93,332.2
156.37,950.97
157.09,513.09
157.93,36.407
160.88,1124.4
165.15,566.4
162.5,547.5
164,58.818
168.26,786.93
169.61,984.24
176.03,248.06
174.46,474.81
176.9,752.32
176.17,1101.5
174.77,973.46
176.07,4.4074
180.5,1158.2
183.96,596.63
181.14,166.86
185.22,194.28
186.77,1245.1
186.32,157.33
184.21,1207.8
185.5,708.62
190.15,517.36
195.35,742.34
198.41,429.94
201.95,168.11
201.57,514.94
202.34,1190.1
209.44,362.68
208.46,994.69
204.42,80.895
207.89,96.403
205.2,864.44
205.17,1082
210.28,752.22
214.24,55.151
208,286.85
209.84,402.21
210.66,902.73
211.42,538.48
210.18,675.61
210.04,1096.6
212.68,566.52
211.15,1205.5
217.51,260.08
216.4,546.4
220.56,870.75
223.85,926.37
223.44,601.04
224.86,174.98
227.86,361.74
233.75,242.77
233.04,629.37
231.86,1115.5
237.02,1062
240.21,1101.9
239.73,220.65
236.87,454.84
240.99,1009.4
249.97,309.6
240.35,570.5
241,182.65
242.5,1111
243.5,910.5
245.43,782.94
250.79,107.43
256.97,641.18
264.97,887.76
268.16,1141.1
269.07,322.59
269.85,1027.5
271.42,249.11
275.89,593.54
275.78,1164.7
280.52,441.59
278.3,1219.1
279.54,571.53
277.92,1178.9
279.58,315.89
282.44,539.07
281.8,333.29
286.04,1042.2
295.08,777.17
289.93,1188.4
292.82,836.17
296.81,864.57
297.5,1133.5
299.41,907.74
303.56,317.12
303.02,355.38
308.14,1109.6
320.46,397.68
314.41,101.04
317.61,246.28
313.05,562.21
316.07,1006
319.5,846
323.2,755.9
324.46,433.08
328.51,720.68
325.35,984.89
326.95,1072.4
328.98,651.55
330.03,794.85
329.31,281.65
331.78,302.35
329.5,615
330.6,81.643
332.5,518
337.6,742.17
334.1,762.16
337.48,506.22
337.04,1070.4
341.93,719.31
343.33,70
346.4,10.643
358.06,546.02
356.5,471.13
354.08,875.92
359.71,27.068
358.12,612.36
360,1.8261
363,738
370.04,159.32
366.61,660.3
368.12,497.88
369,468.5
370,279
369,297
373.2,1164.8
375.92,1231.3
373.42,83.895
374.4,299.6
376.59,1060.4
388.2,675.67
392.04,1242.7
386.75,1050.2
386.48,516.77
388.35,482.16
391.76,1185
395.08,192.44
399.03,1152.1
402.09,1013.7
409.73,588.14
407.16,819.93
410.14,235.66
408,77
409.18,113.6
410,964.5
408.93,1046.4
410.69,1098.2
414.45,1121.6
415.93,921.93
420.65,175.03
420.78,1222.5
427.68,826.3
424.37,887.37
425.67,199.17
427.45,544.75
429.03,35.559
431.85,293.19
435.44,934.36
436.9,1200.6
438.16,567.44
439.65,657.4
438.09,706.09
442,302.5
445.73,1035.7
447.44,1138.9
450.12,25.521
447.84,350.43
450.02,42.869
448.91,203.95
454.35,176.56
454.88,225.12
459.07,455.27
457.99,610.21
460.41,852.7
461.92,1215.4
461.99,260.54
460,551.65
462.05,935.27
461.86,145.48
461.42,236.89
463.06,722.7
465.62,18.049
467.22,656.08
469.04,1096.5
467.32,888.87
481.55,101
480.05,756.43
470.71,342.71
481.44,1216.6
477.59,20.818
485.5,312.5
489.46,477.11
489.94,787.63
490.09,1113.9
499.53,196.87
494.82,400.05
501.67,55.143
504.33,404.12
508.86,1214.3
514.09,408.94
513,1050
513.8,696.44
527.57,139.82
522.47,1086.5
520.5,267
532.2,400.29
524.63,831.37
531.9,743.07
527.42,1218.9
534.2,845.31
535.52,411.42
537.69,621.54
542.63,1105.4
546.33,1132.4
550.5,627.5
559.44,764.68
554.82,844.82
557.61,310.61
560.92,88.377
569.97,673.94
560.89,165.58
565.42,278.42
568.42,23.895
581.98,604.9
574.93,1126.2
574.66,247.34
575.56,1077.1
583.14,1213.7
581.56,1085.9
588.35,849.33
588.86,360.14
595.83,894.31
593.71,86.29
599.17,116.77
596.5,452.5
597.78,802.04
602.95,1024.3
609.37,704.49
602.67,951
608.45,199.36
606.85,400.45
624.01,1165.4
613.65,1058.8
614.41,67.392
612,544
616.17,960.88
617.62,982.42
618.22,112.67
622.55,359.59
622,3.5
627,477
629.47,257.27
634.47,1125.6
628.37,723.52
628,421.5
636.12,574.63
635.18,940.09
637.29,280.53
639.74,613.75
642.93,154.19
648.77,390.73
652.97,444.08
655.47,999.35
662.44,862.53
652.91,127.91
660.3,152.92
660,470
661.55,97.419
667.94,748.93
669.49,833.87
669.38,699.54
670.78,462.53
673.61,617.91
669.8,987.1
675.59,134.1
678.81,76.784
679.84,27.581
674.5,1036.5
679.34,166.06
680.94,1244.5
683.16,315.1
687.15,750.03
698.25,663.37
690.54,7.4511
685.5,913
689.97,143.81
699.96,304.94
699.47,192.97
705.54,79.661
705.27,404.97
703.42,360.11
706.31,1036.1
708.37,177.93
710.32,214.05
717.4,506.12
715.58,586.42
717.58,89.895
719.87,1105.9
721.59,455.66
729.84,154.02
723.47,322.87
731.6,348.13
725.55,763.58
729.04,52.94
729.45,416.78
732.44,1094.1
732.71,202.46
735.44,454.27
735.93,975.79
736.14,15.449
737.32,821.69
736.5,525.5
741.97,275.94
752.08,673.19
749.11,46.079
744.81,512.7
747.36,565.48
751.27,17.014
752.21,796.07
753.37,648.69
755.57,95.821
755.66,1243.9
754.69,1164.8
754.95,404.66
754.47,471.77
754.92,288.44
762.89,304.62
763.3,333.83
764.67,264.35
767.69,1149.4
771.74,826.46
773.43,85.876
772.88,42.216
772.53,867.19
770.74,116.6
776.51,430.38
778.47,1050.7
772.88,411.35
780.29,564.04
775.5,950.5
780.99,855.01
780.6,204.11
781.14,1163.8
783.16,144.52
784.51,227.39
786.77,717.92
786.08,348.05
786.98,867.28
787.67,264
791.69,372.76
788.22,448.44
788.63,1240.6
791.95,1041.9
796.14,854.6
795.38,906.62
802.51,753.25
800.86,882.9
804.53,99.278
802.5,1038.9
804.32,49.067
803.93,118.59
812.11,562.7
813.2,455.19
810.4,138.84
811.44,110.38
815,280.27
813.78,497.89
812.4,576.64
814.05,825.17
818.48,324.22
823.78,48.483
821,1185.3
835.07,220.11
827.76,875.54
827.5,250
831.16,1153.3
834.86,254
832.68,280.05
837.4,571.62
840.12,187.63
846.44,236.55
847.94,337.49
846.78,857.23
847.1,925.24
849.57,156.94
847,634
849.5,1097.7
848.43,779.61
854.78,702.78
855.65,257
861.52,925.44
862.58,52.424
868.04,947.46
866.27,1105.3
865.95,935.68
871.38,973.15
870.63,295.44
867.17,427
871.18,517.54
869.98,995.85
872,574.02
869.11,1131.4
878.51,404.51
879.94,691.82
884.55,84.21
881.29,107.65
884.19,1238.1
887.75,54.083
888.56,382.08
889.94,956.36
889.29,484.57
900.46,1047
896.38,91.483
903,189.63
906.65,53
902.8,808.34
907.89,35.078
911.28,660.61
910.15,230.06
913.09,552.27
910.34,370.53
914.63,265.77
913.56,1011.3
921.19,100.59
924.13,762.06
923,833
927.77,240.13
927.12,922.35
929.47,357.66
929.15,573.46
933.4,743.74
931.12,1132.7
936.84,47.778
933.54,667.85
938.86,397.61
934.5,200
937.36,371.85
937.4,1073.6
943.98,20.853
940.56,1006
943.78,560.31
942,1219.2
949.74,132.56
942.63,198.63
949.6,641.76
956.65,817.83
950.26,737.75
956.24,351.9
959.69,295.38
955.63,69.939
961.39,79
968.92,542.71
968.57,922.39
973.42,220.49
973.12,937.12
977.65,280.13
978.83,425.22
975.96,338.62
978.7,359.76
979,1147
979.5,989.65
979.42,1199.1
986.19,201.45
994.43,770.88
992.03,1054.7
992.25,105.06
1003.6,213.79
997,120
999.98,464.88
1001.4,200.4
1005.9,903.73
1004.8,180.5
1005.9,1118.6
1008.6,599.93
1005.7,820.71
1008.9,681.12
1008.4,698.65
1013,569.87
1012.2,1145.4
1015.5,872.42
1021.1,1162.5
1026.7,502.33
1022.6,807.2
1022,1183
1031.4,544.45
1028.6,764.05
1021.9,225.63
1031.4,297.36
1029.5,402.43
1030.1,153.09
1033.9,999.39
1037.5,413.31
1040.8,817.16
1038.9,309.04
1041,574.6
1045.1,964.22
1044.2,749.17
1040.6,800.6
1046.6,1110.4
1051.7,489.86
1052.4,449.94
1053.9,272.91
1056.4,725.03
1055.7,1053.2
1059.2,321.41
1057.9,932.03
1065.6,596.99
1067.6,30.424
1067.4,797.89
1069.8,1137.1
1071.9,613.41
1076.8,112.72
1075,344.75
1077.2,533.94
1080.3,939.36
1081,1063.8
1083,551.29
1080.2,911.44
1080.5,574.5
1081.6,1183.6
1085.9,709.52
1088.4,11.9
1089.2,614.23
1087.9,861.41
1091.7,1024.5
1097.2,805.89
1092.5,965.5
1093.9,918.91
1104.6,380.25
1095.9,1233.9
1098.9,550.62
1099.4,1043.8
1108.8,607.58
1105.2,1005.9
1103.7,821.12
1116.8,452.88
1108.5,56
1114.7,638.72
1110.4,729.41
1112.3,806.22
1115.3,115.41
1117.2,295.35
1128.6,555.01
1118.4,666.58
1119.8,482.74
1123.3,495.6
1122.3,411.97
1121.9,537.09
1126.5,937.53
1124.2,219.97
1127.7,162.32
1127.4,4.6
1134.7,44.078
1132.4,661.89
1138.9,351.76
1139.4,1106.9
1148.3,648.49
1146.9,870.41
1147.9,665.59
1148.4,773.11
1151.2,829
1152.9,621.8
1157.5,691.08
1153.5,845.45
1160.4,6.7431
1160.8,1087.9
1159.8,74.556
1167.8,1209.4
1170.9,38.473
1165.4,195.08
1166.7,931.48
1164.1,957.08
1165,590.08
1168.2,487.94
1172.5,529.44
1171.5,603.36
1175.3,1169.3
1175,424.8
1175.8,83.818
1177.8,67.459
1185.3,659.31
1186.2,389
1188.4,87.766
1192,918.63
1192.1,550.55
1196.7,65.602
1194.6,1224.8
1202,88.521
1199,243.18
1200.6,563.33
1201.2,683.2
1207.6,20.703
1204.1,1128.3
1205.3,1030.3
1208.6,45.891
1209.3,338.22
1212,594.59
1211.2,111.63
1214.2,388.08
1213.3,62.286
1213.2,639.5
1216.4,840.21
1215.6,999.06
1216.9,277.84
1218.4,85.367
1218.7,336.17
1219.2,1229.2
1219.5,169.92
1221.9,534.41
1224.4,444.41
1226.5,118.5
1233.1,85.135
1231.3,256.94
1233.5,443.7
1233,1130.8
1234,699.65
1235,687.84
1240.9,1093.2
1244.3,884.12
1247.2,946.4
