2.1951,418.56
11.157,575.9
9.1471,345.41
8.4444,1130.9
9.9032,412.13
10.5,16.5
10.925,208.2
12.272,552.44
10.576,1144.6
12.946,1184.8
17.133,645.64
14.366,733.34
14.955,1009.8
15.091,1087.1
19.239,121.19
20.156,706.18
18.421,279.11
23.385,964.19
24.608,256
21.647,1030.8
25.611,54
32.235,631.94
31.286,319
34.455,1143.4
38.194,385.33
40.463,590.17
40.826,774.87
49.331,124.15
46,340.31
51.158,301.47
50.091,1228.9
54.244,494.7
55.792,533
59.529,262.24
60.343,1131.1
63.192,109.79
65.008,597.02
64.421,79.053
73.914,518.22
73.509,361.25
74.571,1175
74,388
83.538,445.81
83.667,1225.5
87.113,136.6
88.839,292.9
90.349,940.52
91.068,26.636
89.421,794.89
91.531,1155.4
92.371,1194.5
96.061,1216.6
99.872,841.51
98.29,38.71
102.13,435.84
101.35,1143.9
102.07,367.41
108.22,34.192
104.47,1203
109.16,621.75
108.59,1169.9
108.42,649.89
109.86,1151.6
110.68,565.68
112,695
112.95,1117.7
116.37,635.21
117.94,350.49
117.63,112.03
118.15,280.05
119.63,1186.7
119.45,1136.4
120.6,873.6
126.39,445.55
128.71,360.43
132.09,1126.1
131.14,245.27
130.05,1153.9
133.2,466.39
134.3,906.15
137.14,1192.8
135.52,414.71
140.24,368.44
140.24,608
141.3,1166.7
140,865.5
143.83,320
146.19,799.93
146.2,629.56
150.9,577.71
149.91,11.909
152.48,482.08
157.11,878.82
160.49,1038.5
161.24,1229.6
162.29,512.45
163.96,1074.9
165.61,450
168.85,225.94
165.83,388
170.13,249.44
169.8,609.56
174,560
181.43,143.63
175.91,871.95
181,339.5
182.82,1012
189,360.32
185.53,487.2
188.16,508.67
190.19,669.95
191.29,25.249
188.91,221.09
193.18,807.15
194.09,441.27
194.2,1136.3
193.29,851.55
192.29,1044.1
197.21,312.5
207,322.5
208.5,225
211.38,356.78
216.23,62.949
217.56,170.7
216,751.76
222.77,836.26
221.44,1021.8
223.87,465
222.5,398.5
227.05,149.07
234.77,284.8
234.42,679.55
235.05,466.91
237.83,772.74
239.75,924.6
240,641.5
243.89,591.7
242.17,385.57
246.66,132.25
247.75,652.38
248.97,711.25
250.55,978.16
250.5,623.86
253.78,639.32
253.41,774.59
255.4,406
260.38,918
259.63,1131.4
271.37,266.93
270.26,179.12
273.47,535.64
271.18,233.26
275.16,245.46
277.89,580.58
280.55,373.42
283.35,199.41
287.91,242.26
286.38,410.12
287.22,667.16
285,762.5
294.58,883.09
287.11,3.4211
294.57,726.05
298.87,493.87
301.5,620.5
308.85,53.867
306.92,3.5
306.09,705.05
306.5,346.5
310,790
315.44,275.9
311.2,877.44
314.53,71
318.54,549.53
313.38,781.22
317.79,211.19
319.5,22
322.92,816.58
323,12.903
321.71,580.43
322.42,286.89
328.43,418.95
333.65,358.63
329.57,297.91
332.31,684.04
335.3,777.02
333.67,1041
337.22,376.23
342.1,50.195
340.08,167.92
340.5,277.5
346.56,490.77
345,702.5
351.62,1042.7
351.86,598.65
353.43,1245.1
359,248
358.68,677.34
361.33,495.69
362.09,449.09
361.89,135.58
365.75,1228.8
367.68,764.37
369.28,722.6
384.19,116.71
373.46,136.78
372.85,1217.5
371.6,46.093
379.69,1066.5
395.16,170.74
379.58,234.89
380.64,1171.5
384,889.3
381.77,1199.8
387.36,757.8
386.91,733.09
390.56,413.93
390.78,477.54
390.39,1168.9
394.33,1192.1
395.37,64.839
392.4,695.36
395.53,224.76
400.46,792.35
397.38,2.1875
399,599.19
398,642.65
404.7,567.66
402.49,294.98
403.32,479.63
406.47,93.853
405.95,804.05
406,905.68
408.93,235.36
414.9,1235
418.92,898.49
418.67,1141.2
419.32,655.42
419.38,852.69
430.29,921.02
431.03,3.6838
429.99,188.8
427.82,543.33
428.36,664.27
428.73,740.31
432.43,330.15
432,871.67
437.07,813.3
439.91,852.19
438.14,1011.9
439.07,1115.1
444.94,682.25
446.56,960.92
447.17,71.815
452.6,1235
451.34,868.38
453.08,3.4359
457.73,340.46
451.5,1214
457.77,278.41
456.54,614.41
456.5,1139
462.45,841.26
462.1,551.91
458,603.5
461.6,1189.5
461.26,417.92
460.83,883
466.78,895.99
464.09,1093.9
470.69,597.31
469.5,408
470,826
473.5,398.5
482.36,498.12
474.85,1035.5
478.83,826.96
485.57,992.96
484.53,561.45
484.44,586.32
483.91,892.21
490.51,839.44
492.81,803.05
491.7,510.74
494.35,679.05
493.45,273.67
493.89,361.58
497.07,584.8
500.45,858.43
500.05,1051.1
501.83,64
502.54,136.71
502.29,215.71
506.26,297.34
506.62,428.44
507.75,382.4
511.58,504.48
509.51,769.57
513.65,263.5
513.44,1168.7
511.24,76.471
511.07,638.5
519.16,341.75
516.58,620.49
521.19,215.23
520.87,439.13
527.18,718.15
531.9,836.96
524.54,978.22
524.93,6.4074
530.93,768.34
532.08,223.37
537.16,1237.2
534.93,204.66
531,131
534.92,633.15
536.91,913.01
539.88,42.288
537,735
540.6,162.76
540.09,534.95
542.46,814.44
545,553
549.28,1160.6
553.23,470.59
561.27,432.58
554.75,841.17
559.11,188.86
560.01,239.16
559.25,782.25
563,609
565.61,131.13
568.1,472.84
567.5,65
568,873.5
570.07,10.407
570.06,189.91
571.04,1001.6
569.5,1148.5
579.54,301.72
578.85,579.21
578.61,23.12
574.93,1195.4
578,136.1
588.08,1062.8
583.71,754.68
586.94,354.83
585.43,814.71
587.4,725.67
586.91,840.09
591.09,200.83
590.07,1102.4
593.99,856.16
593.34,904.98
596.65,1218.7
602.38,362.33
604.5,607.48
621.61,79.94
612,1028.5
613.89,228.3
617.1,487.77
613.91,842.48
616.05,1061.5
618.07,692.41
622.76,142.81
619,508.5
621.58,808.42
624.11,416.25
622.58,1083.1
627.37,189.81
629.82,212.71
629.67,1133.6
631.09,533.53
628.42,299.89
629.53,1027.3
633.86,559.93
630.14,1097.1
631.15,1010.5
631,546
633.55,1181.9
637.36,445.89
637.97,426.81
651.32,333.81
640.93,380.83
644.18,255.89
643.05,800.24
647.09,242.09
648.21,833.6
652.45,902.91
653.1,1151
653.31,794.31
656.19,419.09
653.77,758.57
656.63,370.56
658.8,1125.6
658.87,31.924
660.53,584.16
663.86,608.47
662.95,654.26
662,1197.5
665.85,1189.3
667.48,1236.3
670.59,84.257
671.4,789.18
676.02,725.56
670.5,1016.5
678.79,131.36
681.66,563.47
679.56,587.08
693.99,289.75
685.55,807.31
682.63,843.22
683.54,868.22
686.92,268.08
687.93,472.04
687.9,522.58
689.82,1006.5
692.43,541.38
689,1243.5
694.45,927.7
696.47,379.6
696.07,640.07
698.5,629.5
702.61,882.87
704.22,218.65
703.22,1082.6
704.78,621.22
705.7,1112.5
712.17,134.23
710.5,505.5
708.5,993
713.08,383.92
719.52,357.62
716.62,426.07
719.76,954.16
715.11,619.58
716,2.8261
715.93,42.593
716.61,869.14
718.84,531.57
729.2,922.41
726.4,481.36
732.82,1067.5
728.6,388.87
729.39,692.86
739.57,25.953
733.59,332.3
733.5,759.5
737,356.5
743.07,575.57
742.33,94.167
750.3,561.4
747.47,180.42
753.05,644.74
749.27,961.73
755.89,1131.9
755.3,1160.8
759.64,192.93
754.36,921.5
757,276.4
763.37,2.5667
765.8,483.19
764.48,409.88
771.91,12.063
766.89,394.33
769.9,646.4
773.31,1228.5
773.11,353.34
779.15,1169.9
775.66,662.49
776.42,157
779.98,236.93
784,567.14
788.9,948.02
781.11,995.58
788.35,203.51
787.32,1153.6
789.53,290.57
789.29,1233.5
790.57,434.05
794,533
793.09,854.91
795.08,1121.5
797.66,592.83
798.72,909.76
801.91,1146.7
806.91,366.83
801.5,116
803.99,466.55
803.71,937.45
804.58,973.11
810.76,66.908
809.14,1020.4
816.13,169.67
818.26,132.93
815.8,455.44
824.77,796.93
831.61,431.27
825.05,245.21
828.35,321.7
833.6,1095.9
834,457.5
842.94,806.5
842.56,374.92
847.4,462.24
855.08,520.64
848.2,758.56
857.06,1047.9
857.32,72.751
853.54,1030.3
854,275
855.42,901.11
859.5,1226.9
866.49,198.53
871.71,988.58
870.51,78.329
872.01,908.78
877.05,632.31
875.93,720.59
881.64,351
889.33,704.43
890.58,733.11
900.94,584.36
909.12,17.733
906.77,811.77
915.63,939.67
923.28,462.88
916.5,486
919.27,802.18
920.54,1074.9
923.44,283.06
923.76,643.94
924.33,304.34
925.42,524.38
925,829.5
926.17,728.24
935.07,208.55
934.51,351.96
935.4,770.59
940.08,506.03
946.07,746.45
944.39,698.3
949.65,417.42
946.42,944.89
951.81,535.8
955.53,903.95
959.72,12.966
955.5,40
958.89,645.3
963.26,743.87
962.32,692.43
964.62,813.59
963.53,869.78
969.86,667.75
967.64,775.81
973.19,509.24
973.69,962.71
978.03,716.74
979.85,696.62
975.91,741.95
982.86,140.39
986.25,523.87
986.46,937.34
983.5,1171
989.9,201.36
992.7,442.57
988.42,1007.1
990.36,297.02
995.42,577.89
999.14,758.64
997.36,1145.2
1001.5,934.76
1004.9,1048.2
1006,33.909
1013.9,848.26
1010.9,118.27
1010,926.48
1009.9,447.12
1012.1,390.71
1012.6,789.98
1012.8,880.46
1020.9,898.6
1021.2,340.85
1020.4,1039
1021.9,49.917
1026,614.76
1022.4,143.06
1027.3,817.78
1029.5,726.72
1032.1,909.02
1033.8,645.76
1034,681
1033.5,1239.5
1039.8,136.65
1048.6,615.96
1045.6,840.24
1054,899.44
1054.2,364.44
1055.1,506.28
1058.4,565.32
1055.2,523.61
1055.1,1238.7
1056.9,704.84
1060.8,286.44
1060.8,432.74
1064.5,394.45
1071.8,1051
1067.5,750.01
1068.1,1204.1
1069,579.5
1071.4,658.38
1074,864.67
1084.9,1060.2
1083.8,711
1083.7,739.17
1083.5,848.84
1085.2,1019.6
1091.8,260.46
1088.1,883.07
1092.2,350.22
1094,918.12
1091.4,1166.4
1094.9,288.26
1097.2,718.62
1095.5,644.51
1103.6,1013.2
1102.1,79.138
1100.8,198.68
1104.9,752.79
1107.4,444.61
1110,594.34
1107.4,38.111
1114.8,79.652
1117.3,1067.7
1112.7,575.16
1123.8,1242.5
1117.4,898.89
1118.9,688
1119.4,548.07
1121.7,618.6
1123.2,705.42
1121.6,864.07
1127.4,479.97
1134.6,442.6
1139.5,593.2
1135.9,25.37
1138.7,188.7
1141.5,107.37
1142.9,689.65
1140.1,764.42
1142.8,239.98
1142,946.09
1148.4,979.73
1149.5,1129.9
1150,888.76
1155.5,30.139
1151.1,551.33
1152,781.68
1154.5,318.9
1151.5,852
1152.7,1148.2
1154,701.5
1162.1,944.68
1158.7,1056.8
1163,802.66
1162.4,633.37
1162.9,301
1167.1,54.462
1168.4,1031.4
1170.6,749.18
1166.4,243.89
1170.6,411.93
1170.5,813.71
1171.9,1086.4
1174.4,885.38
1178.2,786.72
1177.9,313.53
1176.9,984.05
1180.9,46.976
1181.8,501.98
1181.9,642.09
1186,395.75
1188.3,562.74
1201.3,840.4
1191,1136
1196.5,1092.8
1190,248.32
1193.4,269.02
1191.2,343
1192.8,681.56
1197.8,412.64
1197.1,1184.1
1208.4,229.99
1206.1,960.22
1210.9,859.53
1210.5,1062.4
1210.3,139.05
1212.2,1112.6
1213,124
1214.1,12.909
1216.4,88.609
1230.3,617.41
1230,435.69
1230.1,1037.9
1233.5,936.85
1234.8,902.86
1234.8,263.73
1236.4,730.28
1236.7,751.3
1239.6,635.43
1236.6,1103.9
1236.8,1206.9
1237.3,155.8
1236.9,354.91
1242.6,1151.1
1244.4,696.46
1243.6,1199.1
1244.5,506
1244.6,957
