2.5135,87.541
2.5588,664.35
2.1875,682.88
2.2553,1015.6
9.2727,1050.8
14.584,25.017
14.057,953.47
14.97,502.63
15.938,190.25
17.925,206.03
20.346,75.731
24.869,667.84
26.789,1058.1
25.559,996.2
25.906,510
29.067,406.97
28.5,1073
29.92,695.44
35.565,105.72
32.385,530.55
34.31,1007.9
38.665,980.7
38.5,402.26
37.5,226
42.918,1062
46.673,310.82
42.15,615.85
45.929,723.35
62.063,602.79
51.5,1147.2
51.746,26.884
48.676,740.22
52.397,54.63
53.89,1009.6
53.627,935.02
55.782,686.3
56.143,761.64
59,298.73
58.741,392.33
64.148,627.02
63.908,368.81
59.429,410.57
64.568,241.1
67.041,547.57
62.826,880
70.949,472.04
64.421,1152.9
69,943.5
73.942,440.36
71.926,864.59
71.579,1171.1
74.023,350.23
75.936,421.53
76.421,799.11
82.062,233.04
79.917,1087.9
84.567,498.22
84.2,971.56
86.514,1153.5
85.048,339.9
86,740.76
89.704,769.64
91.935,1083.6
93.682,840.22
89.579,646.89
97.011,207.55
95.529,1243
93.154,937.46
96.24,14.448
95.549,78.549
108.74,575.15
102.56,728.3
102.6,1026.9
106.21,326.05
107.84,185.71
107.94,698.13
108.1,54.063
109.98,424.4
106.86,595.86
108.87,245.33
112.41,717.81
113.22,675.89
124.68,372.24
120.17,707.63
125.73,918.18
125.93,433.57
125.74,1181.3
130.16,53.94
130.43,1104.9
130.82,210.39
131,707.5
134.38,636.89
135.45,668.47
136,102.35
139.91,1210.8
143.5,488.5
151.51,1053
145.42,692.15
148.07,237.44
153.11,1101.6
155.66,50.872
159.29,639.45
161.86,159.5
164.73,131.8
167.13,1073.7
172.84,191.97
171.93,410.21
173.03,552.05
170.43,656.43
178.62,521.79
173.35,427
176.94,445.09
178.44,689.21
182.11,42.461
180.17,754
213.24,951.33
190.71,232.93
191.53,714.93
192.73,10.307
191.28,487.72
190.38,283.3
189.46,1029.9
188.55,1070.7
192.76,1176.4
192.6,257.09
194.15,809.12
195.15,565.93
197.6,626.36
200.27,1075.1
201.6,100.03
204.26,601.71
201.15,189.46
201.72,514.62
202.59,676.93
205.58,429.89
210,456.83
211.87,62.014
212.59,933.92
209.8,1113
212.72,331.29
219.9,142.56
218.57,830.54
214.07,855.59
219.02,87.178
217.85,616.01
222.22,1157.9
219.49,1176.4
223.83,690.85
221.91,1084.5
224.8,466.56
227.14,929.14
246.97,1118.5
228.61,99.75
231.55,1061
229.5,1036
231.09,416.91
231.65,864.44
236.17,16.342
233.38,808.19
233.5,1187.5
236.18,1086.2
242.79,670.53
250.52,788.85
245.57,48.952
252.85,912.85
251.8,1044
250.5,635.32
256.55,359.98
250.64,857.64
255.23,1084.5
256.36,1244.1
257.06,341.75
262.75,508.97
273.09,888.04
262.47,243.33
269.82,50.444
267.8,698.96
278.39,723.5
267.58,318.55
268.4,806.6
273.28,991.25
272.29,91.974
280.05,169.17
282.59,1068.3
278.33,256.83
279.11,1233.4
286.81,946.94
284.8,149.43
281.44,915.92
286.09,6.9231
283.42,383.5
285.89,185.11
287.04,566.45
288.25,537.78
289.77,646.33
293.19,291.38
295.15,1037.4
293.55,1153.7
294.15,330.35
298.32,1126.6
314.01,536.2
300.71,633.3
303.7,821.98
302.11,454.4
300.5,575.5
305.46,481.67
313.01,747.45
306.25,1087.2
307.61,927.43
311.03,1069.6
314.69,652.16
315.14,337.16
315.25,781.95
322.79,1134.7
320.95,129.42
318.94,915.57
334.32,419.83
317,576
326.03,1198.5
319.94,231.09
323.17,575.69
326.06,347.03
323.42,936.89
326.53,970.47
329.7,657.58
330.36,676.93
330.86,1026.4
331.19,698.41
335.96,109.96
332.91,178.91
337.32,264.24
337.36,314.17
337.86,987.92
339.2,1182.5
343.94,748.24
354.12,950.56
345.23,377.44
348.21,805.45
355,1245.5
350.04,520.36
348.27,882.05
347.07,905.39
353.17,1192.6
358.2,488.39
359.01,1064.4
357.99,129.92
358.97,461.05
357.44,338.2
358,88.826
362.52,658.91
359.72,744.43
362.38,1208.2
370.83,1171.4
363.4,1077.5
367.05,349.2
366.56,418.04
365.42,898.11
373.97,516.6
375.52,314.35
374.84,1097.8
384.34,885.13
386.25,810.63
378.77,264.23
384.58,1209.6
381.84,603.37
382,320
388.28,96.255
383.66,679.38
386.03,788.76
385.54,1105.4
387.62,118.29
385.42,431.45
386.43,137.06
390.62,407.75
394.27,1025.1
388.6,1119.9
393.57,18.313
389.04,204.04
389.58,1081.9
399.36,159.82
394.42,360.22
392.11,1054.5
395.21,1186.1
391.24,320.59
391,1223
394.5,43
396.8,1155.3
399.61,601.9
404.12,739.66
399,428
401.22,542.56
399,751.5
404.89,1053
414.06,703.03
402.67,444
407.08,2.2703
408.02,1085.6
406.54,917.29
411.48,652.81
411.62,789.74
413.97,873.91
416.85,548.34
413.23,577.77
414.59,84.926
416.48,34.725
417.73,917.55
417.47,1194.9
418.43,333.44
419.96,1135.6
415.5,1236.5
425.26,474.28
418.82,862.14
419.57,72.1
428.37,1103.6
424.69,1071.2
426.95,901.52
424.36,252.05
446.55,961.26
424.69,750.09
426,793.83
427.65,340.2
427.45,934.94
430.36,1029.4
428.45,1153.9
439.55,560.51
442.58,209.6
434.04,421.87
434.07,169.83
434.93,353.47
434.42,492.32
434.86,1050.9
433.83,1194.3
433.41,26.059
447.7,613.15
448.65,465.97
443.74,353.53
447.04,840.89
445,576
449.61,1049
453,70.077
451.5,664.5
456.66,744.77
455,948
458.99,1136.6
462.07,341.39
456.67,698
460.24,1077.8
464.19,1166.1
465.66,1216.7
465.2,851.68
469.92,1063.2
471.2,170.92
466.5,194.5
469.56,435.92
470.39,739.39
470.5,485
470,925
472.39,578.14
480.35,833.63
483.47,1168.8
485.65,1212.4
489.25,7.651
485.55,131.98
483.42,543.89
484.5,1116.5
496.35,258.58
492.91,770.09
494.68,538.89
497.64,945.06
497.93,321.17
500.59,433.37
507.05,408.05
502.77,671.59
504.03,1039
505.99,728.77
514.39,1120.2
510.99,1010.8
510.94,579.14
514.24,766.7
520.38,645.2
511.21,1208.5
512.98,153.98
511.95,565.1
518.74,315.35
522.2,1039.1
523.35,685.64
523.26,1197.4
526.74,616.59
529.73,906.03
538.4,1088.2
527.87,1059.2
529,218.5
534.17,467.99
531.5,134
533,261.89
533.79,778.19
538.23,89.163
540.76,849.46
540.04,925.88
546.87,1229.7
537.5,330
538.2,706.7
544.68,361.5
542.73,3.2308
546.89,39.254
553.82,9.4133
561,186.64
549.3,497.82
560.53,910.43
561.57,121.25
557,33
556.09,106.91
558.96,597.06
559.13,221.13
569.43,490.95
563.36,545.8
561.49,311.42
563.17,138
567.33,445.22
568.07,374.74
574.32,1021.6
567.91,729.59
567.91,248.09
571.13,332.87
569.3,1161.2
573.53,1221.1
572.91,144.77
575.12,869.34
575.64,262.5
578,823.74
580.07,931.09
600.29,212.55
586.69,403.23
581.74,718.33
583.05,278.09
584.67,690.66
587.29,252.04
586.58,69.105
588.5,346
592.68,671.14
599.99,842.71
597.67,905.53
601.01,247.39
600.19,1065.5
601.22,920.14
600.19,1218.9
604.41,283.44
601,992.32
617.61,673.55
610.05,807.6
607.42,850.89
610.97,185.07
609,354
627.43,1149.6
612.78,1242.6
614.69,746.16
615.75,761.29
613.05,902.68
619.2,312.14
619.49,478.75
615.33,401.17
619.88,44.897
618.63,415.05
621.03,783.94
618.5,1019
620.92,1184.2
617,1237
623.31,552
623.45,860.37
624.32,1050.9
629.14,27.27
623.17,387
624.41,237.81
629.5,231.5
632.29,579.07
637.02,748.9
636.73,993.12
632.23,133.88
633.06,249.12
634.56,1071.8
636.69,356.82
639.11,1049.6
638.58,78.182
639.09,686.09
640.56,705.56
644.77,495.64
644.21,322.44
645.42,1081.3
656.59,592.78
652.6,112.99
656.62,1193.7
648.94,270.7
650.15,981.22
651.03,360.21
657,128.65
662.37,450.34
662.86,719.74
665.4,250.86
663.23,544.76
670.26,1128.3
663,893.62
666.82,1006.7
664.5,206.5
666.23,972.16
669.62,88.383
672.62,1025.9
673.54,485.09
672.67,298.94
674.68,811.92
674.17,694
679.76,162.86
681.75,260.18
679.91,535.94
677.94,653.43
683.61,576.47
687.36,126.91
686.73,720.92
684.35,306.58
688.31,921.97
689.72,203.9
686.62,639.85
689.95,73.327
689.39,459.33
692.78,1216.5
689.58,244.42
692.77,1179.7
692.94,764.09
693.88,1038.2
693.5,406
700.32,976.8
703.08,267.21
705.94,417.82
710.79,41.188
705.2,923.99
706.08,902.08
709.56,964.57
709.4,784.5
719.14,684.1
717.17,869.66
722.86,82.398
722.05,622.93
722.23,310
725.45,802.98
728,1128.5
728,948
730.11,20.809
735.01,165.77
730.29,841.29
732.58,115.58
735.39,487.39
735.2,823.12
737.84,704.74
737.05,981.64
736.21,1177.6
742.68,435.37
735.4,773.3
738.5,227
741.03,875.04
741.69,464.7
747.57,939.24
748.08,75.125
749.98,1025.6
749.9,1107.1
758.53,640.32
753.21,684.91
750,84
754.86,378.65
753.08,115.97
760.15,989
756.47,320.28
757.63,964.69
764.86,480.93
766.59,503.84
762.94,596.69
775.76,524.17
767.12,85.542
771.56,452.91
768.78,431.82
769.5,343
772.67,651.82
773,994
772.5,1015.5
778.34,1225.9
775.66,1204.2
778.53,7.8679
780.31,114.83
778.73,1151.3
780.33,335.3
784.22,392.5
782.1,1131.8
782.42,652.42
785.8,795.1
784.23,1060.2
786.92,681.64
785.5,496
786,127
794.1,5.9936
789.5,711.2
789.56,970.08
793.9,1203.2
798.57,502.48
798,880.37
797.58,1232
798,611
800.68,705.48
804.88,1088.8
808.29,345.17
805.67,534.39
804.07,1010.7
806,848.96
807.01,1036.1
808.54,1187.1
814.19,636.9
814.28,318.8
812.41,516.36
812.37,739.97
813.66,958.58
817.74,120.39
815,502.5
820.05,218.8
825.47,339.87
825.56,603.51
825.83,572.07
829.86,1028
830,112.59
830,1064.1
830.07,303.41
831,824.5
842.05,323.74
837.42,87.3
837.96,435.77
840.27,693.76
849.77,1019.7
845.69,174.06
845.89,65.579
851.02,146.22
850.15,1079.4
852.96,410.54
859.32,800.62
853.5,313
856.42,775.39
859.18,285.82
869.25,1047.9
858.61,1229.9
863.81,653.94
866.38,761.18
866.45,9.1489
866.39,445.87
866.85,906.23
880.22,387.53
872,604.59
867.07,813.59
869.23,69.617
870.42,1246.8
873.55,1078.1
864.03,580.15
871.42,243.89
877.08,845.08
878.52,326.9
876.19,551.06
882.1,199.71
879.38,185.68
885.3,8.1867
884.73,569.71
882,469
886.03,404.84
888.67,611.86
889.83,833
893.96,986.67
898.7,929.98
899.94,399.21
898.56,760.69
900.02,898.04
899.16,587.55
900.58,288.58
902.66,615.07
904.64,379.74
902,1055.5
906.41,83.448
908.13,129.26
911.83,552.77
909.42,70.561
908.92,594.46
911.99,1094
910,649
910.46,805.71
916.6,316.83
914.74,431.06
917.41,484.85
918.95,768.95
918.46,680.99
916.22,992.62
921.05,923.97
918.07,141.59
932.94,1058.3
924.93,403.22
927.59,254.01
928.62,1115.9
926.54,223.91
930.5,173.5
929.89,503.42
929.42,1127.9
937.08,784.47
935.86,1245.3
936.14,484.19
938.54,897.69
939.93,588.76
936.89,655.58
945.47,434.78
947.28,833.03
941.29,1226.3
942.98,523.55
948.77,106.61
947,448
946.61,1024.6
950.31,18.851
952.5,363.5
957.77,985.81
969.65,208.3
958.52,921.78
961.5,897
963.16,302.24
964,428
966.06,164.04
968.95,345.36
966.59,366.07
971.29,854.97
969.88,521.36
972.78,505.94
972.7,1112.2
972.09,1136.1
975.68,88.244
977.54,952.95
977.2,627.3
981.79,679.48
993.04,1081
982.38,41.3
986.35,576.63
981.93,427.41
988.26,22.5
983.5,253
998.08,318.35
988.55,392.53
987,211.5
993.04,901.46
992.29,467.55
993.42,632.45
995.17,351
997.65,1146.1
1003.4,1036
999.42,190.89
1016.1,930.06
1004.5,1072.6
1004,928
1006,1121
1009.2,1002.6
1021.9,1067.4
1017.6,104.86
1019,908.35
1023.1,1100.8
1026.8,400.61
1029.1,11.383
1026.8,345.88
1028.3,1237.2
1031.7,61.873
1028.1,362.56
1029.1,447.75
1032.8,136.51
1032.6,379.59
1035.8,725.41
1032.4,278.37
1032.9,740.5
1037.1,966.5
1037.6,654.04
1042.4,420.97
1040,943.62
1041,1096.8
1043.1,834.78
1043,607.32
1045.9,471.53
1047.1,765.09
1051.6,148.23
1051.4,748.07
1058.9,1120.2
1064.1,1078.8
1061,474.7
1068.4,516.28
1067.3,124.41
1068.6,961.75
1067,1149.7
1066.5,151.5
1071.3,892.71
1078,468.36
1075.1,1246.6
1075.9,39.444
1075.6,598.6
1079.7,1084.8
1081.3,352.69
1081.5,790.5
1085,237.43
1086.6,386
1086.8,704.95
1089.5,1012.4
1090.1,665.68
1089.8,804.73
1094.4,1115.5
1096.1,592.38
1095.9,1218.7
1103.3,29.47
1100.9,1161.8
1104.7,550.47
1101.4,623.64
1106.1,357.84
1103.5,1018.6
1107.6,1054.2
1103.9,316.91
1105.3,837.07
1105.5,861
1108.1,191.43
1112.6,282.63
1110.9,81.414
1115.7,63.868
1118.2,564.26
1119.4,7.9
1119.3,518
1120.4,628.63
1120.9,646.45
1120.7,844.21
1125.5,289
1140.8,1243.7
1133.4,283.11
1135.1,889.9
1139.5,948.45
1134.6,830.23
1139.6,671.75
1141,1045.7
1135.1,69.593
1139.8,104.53
1143.3,1159.9
1149.3,34.899
1146.1,144.51
1140.6,268.89
1144.9,223.39
1150.9,1124.2
1152.7,548.55
1156,796.33
1169.7,940.05
1161.4,1040.9
1165.7,839.94
1170.9,488.96
1168.6,355.5
1171.2,748.47
1181.5,1092
1187.5,839.45
1174.4,672.57
1177,232
1179.9,135.57
1180.5,178.5
1181.6,362.89
1182.9,68.407
1191.8,1178.6
1195.4,713.51
1198.1,1028.9
1202.4,1008.4
1202.9,1114.3
1205,150
1208.6,220.45
1210.9,976.09
1211.8,259.54
1217,878.3
1217.3,467.11
1216.6,695.36
1221.4,218.51
1218.9,928.86
1220.7,738.2
1220,1055.5
1220.9,1073.7
1223.8,598.37
1223.5,85.523
1225,1101.3
1226,717.65
1223.5,792.5
1225.7,191.63
1228.5,673.19
1233.4,406.4
1236,298.83
1241.4,1208
1245.6,205.89
