3.7073,377.66
2.6667,503.21
1.8,691.5
2.2917,948.79
5.9348,5.9348
9.8208,1112.3
10.197,160.01
15.833,506.79
12,842
17.91,434.21
19.311,7.7264
27.713,1038.2
16.909,129.09
21.621,614.65
21.648,836.63
23.464,552.55
23.5,1212.5
25.861,318.37
27.047,989.88
30.872,695.87
34.83,887.93
35.109,708.08
35.683,203.63
37.067,1210.5
38.091,814.91
39.5,470
44.072,975.86
44.701,10.873
41.654,1102
43.568,916.95
44.611,192.86
48.205,1171.4
49.929,1122.1
50.827,106.72
50.092,231.71
51.333,1077.9
50.51,302.35
50.154,357.46
54.935,159.61
52.091,133.91
60,1168
62.083,131.92
65.492,647.36
64,111
64.955,825.93
65.5,870.28
64.829,1212.3
64.579,841.11
67,1143
70,101.5
73.267,256.4
72.611,1174.1
79.151,171.4
79.094,327.83
80.5,36
80.5,890.15
82.354,982.39
85.45,289.06
86.973,931.56
91.174,115
93,63.907
94.747,98.678
99.236,354.26
97.344,205.47
99.747,901.64
100.22,800.22
100.9,747.38
107.21,270.42
112.49,1058.6
113.59,1160.3
116.05,819.46
121.77,1020.9
118.27,1090.4
120.5,787.5
122.26,1144
132.73,483.76
124.58,35.895
129.5,556.5
129.56,693.03
134,1005.2
137.14,762.79
150.22,1071.8
147.19,513.74
149.22,1196
149.5,1091
152.65,375.94
155.63,18.481
161.78,37.595
164.96,651.63
167.04,255.56
170.51,199.7
169.68,525.83
168.16,1075.4
178.93,933.81
192.67,486.98
184.94,391.64
188.07,719.8
191.7,1215.9
190.94,186.55
192.88,808
195.08,300.54
198,84.174
204.33,720.56
206.29,1140.2
209.94,517.66
206.58,867.55
207.63,572.37
208.98,4.4255
210,109
212.19,775.23
214.97,238.4
212.95,376.82
214.64,624.02
221.2,650
227.19,492.76
224.8,37.541
228.32,921.35
228.52,188.37
226.93,962.41
231.44,546.87
234.12,580.12
241.53,316.45
243.95,1124.7
250.5,238
250.89,399.47
264.7,178.53
259.36,979.92
261.58,1234
263.56,84.424
267.21,686.73
268.23,467.91
277.19,485.21
285.08,668.38
283.69,57.914
286.14,230.49
296.8,865.18
296.18,955.14
297.14,1233.6
309,512
309,713.5
309.88,841.24
313.83,275.24
314.5,480
315.14,1128.5
324.92,132.84
324,567
328.45,785.27
342.66,1086.2
333.26,741.87
333.61,911.86
339.49,46.546
341.55,185.48
337.63,663.31
339.72,472.22
340.89,145.58
344.84,984.99
344.04,1179.3
344.59,312.8
345.43,902.65
353.56,604.69
353.14,1170.9
354,138.83
355.42,1183.1
357,223.5
358.36,1108.9
360.07,62.407
360.89,756.37
362,521.5
365.85,639.83
368.03,559.33
366,914.5
368.71,1237.2
371.53,465.71
375.14,747.12
373.09,1102.8
373.11,416.42
376.27,354.54
379.93,272.59
383.41,40.926
396.58,116.11
401.55,369.79
403.48,103.67
401.81,777.73
411.34,957.14
416,855.32
420.8,941.31
427.5,719
434.09,509.09
434.83,393
437.97,923.67
439.6,1147.9
439.94,841.97
441.83,195
443.62,1099.5
443,1216
448.08,537.6
453.25,647.8
459.91,744.77
461.92,664.07
461.58,871.42
463.92,491.8
468.41,178.15
469.62,649.9
470.52,835.88
467.5,1092.5
471.6,472.68
475.65,1056.9
476.5,715.5
480.76,555.27
478.9,1072.4
482.85,629.06
484.2,1170.1
484.02,1208.5
497.01,343.26
489.18,424.82
493.57,799.63
490.09,967.91
493.67,882.01
494.04,113.67
498.38,262.48
499.73,176.8
501.44,709.63
501.21,1181
507.83,203.34
507.5,790.5
510.57,267.83
514.29,53.255
511.48,933.22
523.42,1026
525.31,674.09
521.61,793.86
521.89,266.58
524.08,528.9
524.44,1122
528.08,506.92
535.24,918.53
534.4,811.18
542.39,340.85
538.5,1218
548.47,732.73
560.97,125.56
561.54,624.4
563.56,844.52
562,399.35
567.85,1096.9
569.85,1194.3
571.54,289.57
572.7,897.25
579.9,132.75
579.32,41.054
584.33,1072.2
583,787.17
589.4,304.6
592.69,639.63
594.07,937.93
597.18,1169.4
602.92,10.103
612,484.5
615.54,792.23
623.31,311.41
622,588.5
624.19,1154.4
627.11,628.58
629.96,507.24
629.97,1000.2
630.86,377.5
632.28,428.37
633.27,413.15
635.26,794.49
636.57,972.52
637.5,853.22
643.55,384.46
641.73,1165
649.97,161.87
647.1,550.38
649.6,42.581
662.12,921.06
666.81,609.03
666.07,413.41
670.62,474.27
677.64,205.11
680.94,1227.1
685.58,648.45
685.5,618.5
692.25,809.82
692.32,848.36
697.26,387.76
698.07,525.47
698.35,902.62
699.79,1101.7
699.31,633.91
701,422
703.83,1140.7
705.34,778.32
706.29,98.452
708.77,637.46
710.26,810.29
712.58,360.75
714.24,290
714.41,571.89
716.28,1222.7
716.34,785.72
716.17,1072.7
715.5,1243.5
720.94,129.45
723.73,713.45
729.15,268.82
731.11,969.55
733.7,548.51
729.5,904.5
733.8,612.46
736.05,1176
746.27,1060.4
745.53,308.42
747.07,335.64
750.5,62.625
772.83,155
778.04,646.43
783.63,222.24
781.32,801.59
782.52,731.02
788.13,999.46
794.2,87.335
791.38,182.5
794.3,548.06
795.41,974.95
796.86,875.2
797.56,843.84
798.63,827.5
797.45,895.71
798.92,474.08
807.03,1003
812.57,1187.5
816.59,284.12
816.17,467.83
819.02,1126.4
825.9,1202.7
827.73,823.3
832.71,309.82
839.3,511.96
839,370.35
843.53,731.03
847.37,311.44
845.04,610.33
849.09,289.74
850,1069.5
853.51,1037.2
856.02,544.13
863.13,809.95
864.05,1151
866.69,606.56
878.39,438.36
884.99,1112.5
885.23,407.16
885.12,1223.1
891.44,269.88
892.1,492.31
897.52,939.24
902.19,769.31
903.72,580.91
906.3,217.93
908.7,900.59
910.09,117.89
909.34,38.482
911.88,985.88
916.66,771.28
920.06,1028.5
921.5,894.5
928.26,281.03
928.8,102.8
941.6,12.532
929.13,786.97
930.93,519.41
938.64,376.81
943.09,828.6
940.59,888.34
946.92,361.41
955.98,1145.4
959.35,767.57
961,232
963,384.5
965.6,968.11
966.44,824.03
975.06,167.55
973.33,460
975.85,773.61
976.31,1175.3
977.24,738.18
977.42,351.89
981.99,811.77
981,522.24
983.05,293.07
989.77,533.84
987.91,282.91
988.09,1243.2
990.44,10.12
987.5,212.15
995.29,966.31
990.17,1078.7
992.63,245.45
991.06,734.09
996.15,1181.1
999.51,696.53
995,41.5
1004.6,463.15
1002.5,722
1010.6,296.23
1011.8,617.65
1011.1,525.59
1013.6,761.93
1021.4,116.03
1018,200.75
1021.8,90
1025.5,418.82
1026.4,153.71
1037.4,495.22
1038.1,30.532
1044.4,1115.7
1052,66.365
1050.3,1169.5
1063.5,256.58
1061.3,1136.8
1066.3,52
1063,768
1063.2,798.75
1073.6,649.98
1079.4,1120.4
1081.3,67.411
1086.3,342.83
1086.9,735.64
1087.6,588.58
1087.9,123.86
1087.4,694.89
1096.2,256.6
1091.7,816.17
1096.5,119.05
1098.5,890.16
1106.9,785.16
1106.5,582.5
1111.4,690.38
1119.7,648.15
1129.1,1233.3
1129.5,846.71
1128,1131.5
1130,726
1132.9,1079.1
1133.9,681.41
1137.4,976.03
1137.6,475.43
1137.1,630.34
1142.9,713.36
1145,202.72
1142.4,848
1143.1,456.91
1149,667.48
1150.4,1226.2
1154.2,374.28
1156.2,1192.6
1159,505.13
1159.6,89.716
1159,696.44
1157.9,684.91
1165.1,827.52
1167.6,24.12
1168.6,410.52
1167.1,116.56
1167.3,1106.7
1172.6,751.94
1177.7,35.22
1176,175
1179.6,434.89
1179.9,667.06
1184,1082.1
1185.9,540.91
1189.3,264.16
1190,23.75
1199.9,345.23
1198.1,1033.4
1203.6,360.56
1208.3,273.4
1211.1,1137.9
1217.7,504.28
1223.5,137.31
1219.9,708.73
1223.5,1111.7
1221.9,1224
1225.2,623.97
1225.4,1012
1233.5,127.69
1229.6,392.59
1240.8,1032.8
1242.1,687.46
1240.3,998.36
1244.7,573.72
1246.3,71.105
1247.1,189
