9.875,972.51
5.7055,1227.8
8.5243,154.16
14.395,687.49
15.92,991.82
9.9388,1036.3
15.07,1111.6
13.275,752.73
12.979,1175.4
20.73,1147.8
19.595,895.76
22.576,660.45
24.894,804.27
23.5,923.5
24.174,159
30,68.333
29.6,713.4
34.849,599.04
33.703,412.92
39.931,961.55
38.5,923
47.205,273.35
41.5,181.5
42.349,997.28
42.909,1056.9
48.597,872.18
48.973,197.58
52.988,1019.1
55.253,515.54
58.357,1186.9
60.353,1049.5
62.414,1169.9
63.277,1064.5
68.832,1014.5
63.565,256.39
77.453,677.65
72.177,162.11
69.735,608
71.915,1032.9
79.28,481.45
82.423,651.42
87.542,854.23
90.747,944.01
87.5,972.5
88.538,765.15
89.934,1117.5
92.564,111.08
95.643,159.59
98.326,724.53
102.4,441.44
102.77,736.72
113.45,1013.9
107.78,971.62
109.87,832.66
114.16,272.79
112.46,993.44
111.5,956.5
117.77,773.18
115.66,417.94
116.21,554.24
115,804
118.52,1065.2
117.56,1038.5
119.75,524.27
123.08,58.6
126.68,985.79
122.54,1188.5
125.5,748.71
128.06,945.39
130,319
139.04,1169.2
136.12,790.08
140.98,1134.7
138.47,929.15
153.34,538.92
153.6,1035.4
158.83,372.5
156.58,1054.9
160.91,463.11
157.92,930.56
158,1200.5
160.87,480.64
159.91,792.09
163.5,139
168.76,318.21
174.66,1065.8
173.88,1105.4
174.95,1142.4
178,864.1
177.39,1089.6
177.5,1005.4
179.95,1175
182.78,1015.9
183.55,847.29
186.7,955.51
185.67,1154
197.47,1094.5
190.74,968.99
194.68,899.32
193.61,719.86
196.87,350.48
197.47,807.07
198.73,786.97
196.91,1071
202.2,1237
198.89,640.58
207.71,237.62
208.19,1178.1
209.5,65.208
213.4,1154.9
213.64,188.5
216.22,1247.2
218.79,1197.1
225,405.06
226.85,669.32
228.17,1174.3
231.77,922.51
230.14,422.14
232.46,1133.4
233.18,1245.2
237.09,1093.9
242.38,361.18
241.15,416.7
241.09,1207.9
242.81,62.048
248.5,868.29
251.17,1231.9
251.21,665.77
251.65,410.29
258.73,1104.7
261.37,1041.4
260.87,1063.3
263.03,853.88
269.39,696.14
269.57,1096.4
276.26,604.29
286.27,555.81
286.28,145.61
286.93,396.77
293.34,1173.7
297.39,1013.2
298.85,385.09
296.67,936
303.77,183.25
309.73,955.03
300.07,341.56
301.34,1069.3
306.19,47.071
311.42,1029.5
316.89,837.33
322.49,543.73
323.43,520.28
334.19,930.92
340.36,1097
335.32,643.17
341.84,485.56
345.37,965.43
353.19,426.39
353.04,1114.6
355.13,633.55
354,1044
363.05,692.15
359.71,88.903
360.99,533.29
362,44
369.3,921.75
374.6,104.44
375.83,255
379.35,445
376.53,1146.4
381.89,3.7358
385.63,1051.4
389,743.9
391.22,1060.6
396.04,362.38
397.08,403.43
402.12,1044.7
401.69,954.97
405.62,170.44
408.27,102.42
410.12,889.43
413.54,769.95
413.07,217.64
417.38,1141.6
417.84,39.898
417.13,410.74
420.85,604.95
422.7,965.74
431.46,566.57
430.91,346.09
435.09,1027.4
435.1,715.38
435.17,930.34
435.93,180.41
440.39,1157.8
446.39,867.73
444.9,834.9
451.82,667.53
466.74,629.78
465.18,890.22
466.61,38.139
465.92,402.92
470.21,981.03
472.73,595.19
472.95,1166.3
478.96,7.187
474.48,503.7
472,641.17
476.89,1039.3
475.2,1214.8
478.94,323.95
475.45,769.59
479.52,1230.5
481.01,275.39
483.9,1183.2
487.86,127.84
485.85,1212.4
488.4,642.4
499.09,1166.8
493.73,754.96
502.2,782.57
503.59,1096.5
504.45,747.09
509.14,53.993
514.27,1142.8
514.52,964.71
518,1188.5
522.22,863.54
518.59,1028.1
520.5,499.5
528.91,118.98
527.12,994
531.02,26.217
536.88,1233.6
543.99,902.68
547.25,844.48
547.5,691.5
549.55,4.434
551.18,97.667
552.06,321.69
553.7,796.61
556.25,813
558.17,519.05
560.82,984.46
568.24,405
569.57,1044.8
580.49,477.04
578.9,277.1
582.64,1103.1
581.12,151.35
585.99,797.98
587.29,668.29
591.86,788
593.14,832.55
593.91,979.91
596.58,103.42
597.45,881.57
601.12,727.2
610.67,1077.9
614.24,33.036
612.87,912.04
617.95,58.214
623.25,761.36
624.61,972.99
627.72,561.29
628.5,220
628.5,248.5
632.79,350.48
634.46,382.22
639.85,886.15
638.07,1089.1
642.26,1212.8
641.16,932.47
644.56,356.22
645.45,374.68
651.96,949.58
655.7,480.39
661.39,199.99
667.49,969.29
669.29,815.88
672.48,2.8852
675.27,797.96
673.42,50.452
681.5,367.22
686.2,616.1
693.68,849
698.26,665.98
695.6,1216.4
700.46,1168.9
699.04,882.82
704.17,458.46
709.96,897.49
713.79,809.92
713.06,859.43
718.47,446.77
719,521
724,784
731.8,626.66
736.94,424.41
742.1,594.25
745.26,1119.7
745.74,676.93
746.14,855.14
750.7,793
753.2,204.55
751.67,374.17
753.14,846.65
755.71,265.15
757.8,815.9
760.12,144.07
762,52.5
764.19,344.08
761.32,554
763.5,904.5
764.93,358.59
770,116.6
773.46,499.71
774.57,1058
775.82,1099.1
789.53,1063.6
788.14,574.5
790.5,256
793.94,122.7
801.56,1015
807.41,723.37
810.43,853.89
807,439.26
813.39,65.063
809.06,232.57
809.42,278.89
816,1124.5
824.5,737.5
831.09,679.97
831.75,286.28
836.93,330.54
839.62,1016.4
840.06,1095
846.5,881.5
849.97,503.25
853.63,807.4
851.14,1105
856,403
863.49,102.68
866.8,214.38
866.08,877.08
870.94,351.06
876.1,168.51
874.45,757.71
877,528.15
877.5,153.5
881.46,82.216
884.05,546.08
887.62,1238.6
894.23,602.5
903.76,475.62
917.16,1099.5
915.82,703.6
918.46,232.44
919.58,765.5
920.58,136.11
925.37,14.367
927.68,294.27
930.59,1042.6
931.46,1156
931.59,310.98
935.91,228.13
935,414
946.2,1102.5
945.11,613.37
946.57,1082.6
951.08,1022
953,297.5
953,760.83
962.76,634.54
961.94,882.61
962.63,249.7
960.93,1032.4
967.78,1237.3
969.27,928.33
967.1,1101.2
967.56,714.92
974.01,391.19
975.45,969.28
975.81,779.15
977.78,878.55
976.35,1059
981.76,522
988.54,343.56
989.42,958.46
993.32,540.65
992.59,751.57
994.68,447.16
996.84,1196.4
1001.3,57.625
1006.4,321.18
1007,430.66
1011.4,1087
1017.1,509.89
1022.9,82.973
1023,318.14
1021.4,830.3
1021.5,607
1024.6,1134
1026.6,972.58
1029.4,819.11
1030.6,296.39
1032.8,1209.9
1041,739
1040.5,881.5
1044.8,205.44
1044.5,662.42
1056.4,1210.1
1052.9,324.95
1055.4,765.68
1062.1,320.08
1066.7,788.29
1067.9,335.52
1072.9,556.82
1077.7,1015
1078.2,596.5
1082.1,1150.6
1091.7,830.27
1092.9,368.72
1092.7,1191.1
1092.7,1077.9
1096,640.56
1098.8,1173.6
1104.8,373.51
1105.3,702.24
1110.4,162.51
1110.4,834.14
1114.6,353.26
1121,1204.2
1120.1,364.44
1128.1,82.569
1126.1,906.5
1129.5,136.45
1136.1,580.41
1143.2,828.94
1145.1,1034.9
1143.2,684.93
1144.9,1060.2
1168,339.79
1171.5,711.13
1171.8,587.4
1175.6,397.5
1181.1,774.47
1189.3,743.56
1197.5,597.24
1200.4,165.83
1202.3,876.86
1199.3,433
1205.6,1181.2
1214.4,552.86
1217.9,564.1
1218.5,999.5
1225.7,848.26
1222.6,988.94
1223.5,85.5
1227.4,464.46
1228.5,617.67
1226.3,1072.5
1228,475.5
1229.5,1138.5
1237,70.679
1240.3,844.08
1240.6,378.05
1243.6,818.02
1242.1,864.62
1243.2,765.3
1245.4,1136.5
1246.8,712.61
