3.0909,243.91
4.2688,883
9,159.5
13.288,327.88
17.615,464.08
16.043,1154.7
18.5,109.5
22.066,619.66
22.417,45.167
30.311,796.45
24.831,819.48
25.542,1172.1
25.627,682.27
30,1079.5
36.448,708.31
38.854,747.32
40.595,893.36
43.2,36.086
50.589,632.26
49.735,1175.9
49.6,838.4
53,522.5
58.474,952.04
60.667,927.33
67.635,343.9
68.323,412.93
71.339,165.59
73.116,18.729
70.5,788.78
72.114,944.38
74.488,266.57
70.909,1056.1
79.357,124.68
81.283,1201.4
82.64,427.75
96.002,652
93.909,690.55
94.643,1002.6
93.174,261
97.548,190.51
96.883,342.91
95.333,584.17
102.81,239.27
110.05,594.22
110.19,1141.5
115.27,824.55
118.16,203.53
119.17,101.72
118.17,647.98
120,894.5
122.4,1078.4
128.7,249.37
136.31,541.67
133.5,106
136,1054
138.42,519.5
141.17,641.46
140,618
140.87,1192.1
142.77,375.54
141.42,557.11
143.63,245.97
145.5,582
147.48,107.21
149.08,1168.5
151.17,54
155.91,1145.1
162.61,805.77
172.33,123.15
172.22,479.98
169.53,828.56
172.91,599.42
176.94,169.28
179.48,1049.5
176.09,364.95
179,1139.5
183.7,237.3
180,801
181.5,34.5
192.08,752.59
199.37,616.09
204.23,657.13
203.14,643.31
214.66,1244.2
214.62,712.08
214.79,185.24
214.5,399.5
220.46,438.05
223.35,130.75
220.9,1014.4
222.43,471.09
231.87,556.08
232.34,514.77
233.83,837
237.99,711.73
243.4,884.88
238.61,421.84
244.1,352.59
246.29,762.26
245.3,410.05
247.22,471.73
247,301.5
256.58,1194.3
254.14,742.5
258.44,803.49
259.96,478.67
262.54,660.24
262,862.16
266.24,959.25
264.63,1131.4
277.22,158.98
273.07,385.59
274.1,1244
275.5,483
274.5,1068
281.83,441.99
280.42,349.18
280.55,262.71
283.18,1044.4
291.57,199.15
287.97,827.52
287.5,595
293.68,236.89
289.08,802.08
300.71,252.29
309.54,607.12
305.5,994.5
317.51,249.44
316.07,681.41
320.35,935.13
319.61,277.75
318,317
322.79,772.95
323.21,124.08
322.38,748.31
326.06,830.91
331.07,1198.2
333,292.5
333.6,491.6
334.91,570.12
340.11,911.78
336.25,107
336.79,849.25
345.5,95.5
345,1228.5
350.73,626.49
354.55,761.63
354.02,398.12
363,676.5
366.68,546.02
368.82,1200.4
369.63,737.37
373.37,408.76
375.43,16.054
375.85,457.95
380.52,316.46
378.96,368.55
378.62,870.66
385.83,1193.2
387.5,1074.2
390.54,191.84
386,520.5
392.45,685.98
392.12,944.52
390,660
402.67,687
404.62,904.62
403.5,4
408.8,862.62
406.58,514.89
415.81,960.01
413.45,1026.7
423.45,130.95
416.41,188.1
419.9,101.62
421.29,664.75
429.13,481.74
424.5,1202
432.54,115.93
435.95,1098.4
437,78.321
437.88,434.88
442.71,695.79
442.39,1207.6
447.51,957.25
450.46,572.01
452.64,656
452.92,471.92
459.19,281.39
458.16,974.43
456,458.68
464.46,525.04
463.2,929.44
465.61,636.14
474,146.44
467.6,1140.5
467.54,732.85
467.42,824.11
476.04,10.918
469.07,1003.6
475.8,582.16
473.17,681
476.79,965.46
481.07,915.59
490.17,127.17
489.36,188.11
493.99,966.02
494.07,107.9
493.39,348.42
508.53,936.84
499.54,575.04
497.09,637.95
500.72,723.48
499.94,245.97
502.57,862.79
503.83,1222.3
501.47,1094.9
501.88,1238.9
504.07,474.05
503.92,460.92
506.08,1172.7
505,488.5
514.82,112.98
509.42,640.11
514,501
513.92,563.85
517.56,1077
520.42,518.8
518.41,973.42
518.22,706.78
523.35,6.6716
524.98,722.42
534.68,763.46
533,1242
537.36,342.52
538.65,1036.9
541.23,242.89
539,1212.5
540,633.5
550.5,102.9
546.63,597.62
548.62,653.48
554.44,140.82
550.45,810.48
558.5,491.5
562.58,300.42
565,906.82
572.5,648.5
572.8,154.44
582,192.15
577.04,870.38
578.19,846.78
579.22,1233.3
588.48,745.92
582,1000.2
590.06,17.742
588.63,149.63
588.42,172.55
591.37,801.04
592,161.86
596.63,413.57
598.09,664.09
603.16,205.53
605.39,707.28
602.87,788.26
600.85,973.54
602,589.32
607.28,253.12
606.58,542.6
606.2,113.7
608.54,647.59
609,668
612.66,614.92
614.09,745.4
614.91,801.87
613.83,874
622.74,543.59
625.3,330.52
624.43,451.95
628.59,997.44
628.47,764.86
627.44,592.08
643.22,36.651
640.91,201.91
646.14,860.01
643.69,468.63
645,419
644.83,991
648.58,270.58
652.87,904.03
647.5,66
648.07,953.41
658.9,1076.4
651.75,558.44
656.6,682.83
656.09,1219
664.44,1123.6
664.46,147.61
661.78,1002.6
666.36,757.05
662.91,983.09
666.03,690.72
668.82,384.18
671.66,275.75
672.07,15.407
675.64,1182.9
686.86,89.496
691.28,392.53
679.87,457.84
684.88,254.23
687.34,1141.3
687.23,946.02
695.39,183.49
699.45,684.7
699.11,284.58
703.16,1004.1
705.5,599
707.32,868.7
715.9,84.476
710.39,336.43
719.72,817.15
715.05,224.03
713.21,520.21
717.08,241.71
717.93,1183.9
721.65,290.92
724.5,664
732.42,307.42
734.09,509.57
735.5,92.5
738.5,784
743.1,907.81
743.04,1199.3
746.74,1091.4
748.82,710.57
750.5,806
753.02,1026.7
755.21,466.22
756.38,856.1
756.42,1146.1
757.6,615.4
763.31,260.24
766.47,332.64
764.9,629.41
777.55,922.04
777.77,442.14
777.61,1050.5
778.29,965.56
777.58,298.45
777.06,643.91
780.32,241.87
786.76,574.52
783.32,859.64
785.07,100.71
787.08,1173.7
783.42,116.11
788.66,431.37
786.14,596.7
788.73,621.46
786.2,85.56
789.75,896.64
790,377
790.4,236.6
792.92,326.95
797.37,161.37
802.14,461.42
805.81,989.97
805.01,904.17
810.66,377.26
810.44,835.39
810.34,1154.2
812.6,64.814
831.4,773.09
819.06,54.906
821.76,792.24
824.71,622.6
826.68,704.05
833.98,419.87
833.42,677.89
850.94,1219.6
846.4,219.13
838,828.5
846.41,805.38
846.63,683.13
847.56,133.03
850.77,969.94
848.64,66
860.13,945.28
862.66,207.04
863.41,823.73
869.52,117.89
868.62,321.82
865.42,492.88
868.5,1062
871.74,197
876.1,238.36
873.42,773.89
875.43,339.91
879.3,538.09
880.68,852
882.7,514.3
882.86,801.86
887.5,441
889.24,273.91
888.33,981.02
893.78,405.31
889.03,489.63
891.95,878.38
893.27,50.455
899.52,498.83
898.06,1014
899.29,12.226
899,548
916.68,788.43
909.05,896.68
908.5,1170
914.79,664.06
915.55,805.85
915.94,947.82
924.09,562.68
927.98,873.42
923.66,532.68
928.17,34.273
926.44,663.56
931.1,337.9
928.88,841.5
933.82,276.48
931.61,893.14
934.07,503.59
942.37,905.03
935.34,216.68
935.89,1069.6
935.6,254.6
951.68,956.75
942.57,1001.9
942,1085.3
944.08,922.08
947.88,606.58
948.44,810.54
955.99,733.46
951.07,349.59
958.65,487.95
953.11,799.42
956.77,1037.2
955.5,613
955.6,621.6
963.17,850.88
963.7,904.88
968.1,789.62
970.95,302.7
971.02,1124.5
970.62,686.72
970.94,441.04
975.16,275.52
983.24,160.04
985.13,195.14
983,138.5
981.33,208
986.63,516.53
982.92,630.92
991.92,2.9556
989.36,1199.8
987.52,124.4
987.82,803.11
990.06,352.66
992.93,239.61
996.58,175.97
992.4,748.4
998.09,677.13
996.49,969.17
998.15,1140
994,1181
999.98,642.33
1001.6,597.94
1003.5,502.03
1005,110.93
1010.7,353.54
1007.1,227.09
1010,974.76
1011.6,989
1013.4,242.88
1017.7,591.2
1014.6,933.89
1019.5,1110.3
1022.5,816.58
1024.4,92.965
1023.9,510.08
1029.4,708.41
1030.2,987.96
1030,294
1033.1,796.09
1039.5,558.94
1037.5,305.5
1043.4,529.28
1042.6,1157.3
1044.6,180.89
1048.7,799.94
1057.3,1141.5
1050.8,692
1051.1,676.42
1053.2,1226.2
1054.6,134.39
1057,929.86
1053.5,959
1054.5,546.5
1060.4,1021
1061,698
1066.3,782.03
1068.6,141.95
1069.2,588.31
1067.1,97.579
1071.6,999.33
1076.5,673.58
1076.5,656.38
1073.4,1220.3
1076.2,1207.5
1080.1,1237.7
1076.3,155.53
1078.6,915.14
1080.5,57.5
1084.4,626.36
1082.4,212.29
1085.5,693.68
1087.7,1181.7
1088.6,1028.6
1092.6,712.36
1089.7,1078.9
1098.4,510.6
1102.8,788.92
1107.5,1124.2
1109.4,316.99
1108.8,197.76
1111,379.72
1115,1027
1118.1,703.52
1121.9,1043.9
1122.5,459.33
1125.5,817.56
1126,938.52
1129.8,243.93
1131.1,692.38
1131.2,923.62
1132.5,536.15
1134.6,198.89
1144.2,77.575
1150.1,19.871
1145.9,346.86
1147.1,980.05
1152.8,687.08
1148.7,734.52
1148.2,912.38
1149.4,235.03
1155.5,703.09
1158.7,1152.3
1161.7,378.34
1161,116.86
1163.7,982.74
1165.1,446.46
1172.2,925.55
1165.6,86.105
1173,15.505
1169.1,823.81
1173.7,896.6
1173.6,675.37
1176.5,1050.3
1177.9,51.163
1175.5,852.98
1177.3,253.39
1183.6,907.42
1187.4,444.84
1192.6,110.17
1190.5,678.5
1192.3,855.12
1199.1,528.79
1196.2,735.17
1209.1,298.53
1208.4,681.36
1207.9,994.13
1211.5,51.496
1209.3,454.6
1216.2,1079
1214,356.85
1216.6,1179.9
1224.9,22.455
1215.9,938.41
1216.4,1046.5
1216.8,183.7
1220,288.41
1223,254.23
1223.1,346.37
1222.4,1020.6
1224,1037
1227.2,90.019
1233.1,542.09
1227.5,42
1237.4,222.91
1239,1029.8
1242.6,354.13
1243.7,252.64
1245.1,167.78
1245.4,791.58
1245.2,852.6
1245.6,104.08
