8.452,168.72
5.17,294.96
12.431,382.83
12.067,182.93
28.636,223.01
32.356,982.36
35.535,1100.6
38.696,250.39
37.926,348.41
39.314,443.89
38.333,1126.5
39,165
39.074,235.56
47.368,83.264
45.16,62.52
49.679,704.1
58.537,844.52
59.058,1156.9
57.429,124.97
66.788,658.91
65.048,193.83
68.525,30.6
68.864,1200.8
69.074,860.41
74.5,320.58
71.5,531
75.254,877.39
78.311,1168.4
76.297,48.254
78.657,607.46
90,613.76
93.2,1037.4
97.643,115.12
95,638.75
97.074,587.59
102.88,668.96
104.8,84.982
114.01,500.87
105.5,26
106.59,599.07
106.71,236.71
112.09,606.77
116.25,839.81
121.27,875.81
122.81,55.178
119,254
120,1009.5
126.36,1055.8
121.5,139.86
129.95,124.26
129.15,977.81
128.67,617.19
132.5,637
133.46,674.69
137.54,1195.1
134.94,1151.9
140.81,1232.4
144.62,248.65
144.83,632
144.91,674.61
142.5,689.5
145,273.75
144.92,71.28
148.19,986.2
148.12,1020.2
154.41,331.55
158.25,818.16
157.07,44.593
158.12,988.78
160.6,138.6
166.73,461.77
167.67,975.44
174.8,19.868
175.32,1038.4
171,642.67
176.38,287.59
177.93,678.93
179.44,1067.3
182.48,1095.8
182.31,535.09
184.94,1003.4
191.95,1195.4
190.5,212
191.37,562.05
194.6,1179.1
194.46,54.784
198.86,343.29
200.96,769.55
200.72,653.62
203.23,1131.1
202.69,958.34
208.59,1054.9
204.36,235.56
211.32,510.03
209,137.25
210.8,837
220.29,403.86
222.35,1136.2
230.52,1159.3
229.69,372.76
226.93,355.16
225.5,328
229.96,654.98
230.81,678.96
232.75,17.083
235.43,394.09
246.1,3.2764
237.83,609.8
238.88,721.51
236.93,183.56
238.89,760.11
236.5,836
245.4,668.05
249.85,681.64
253.69,1118.7
251.68,392.95
259.21,257.29
259.94,353.27
258.37,616.39
260.72,293.54
256.39,583.93
260.4,650.95
264.09,805.56
271.1,6.4751
270.38,661.9
276.12,806.08
276.91,1065.1
280.02,884.66
283.02,1102.9
285.93,935.8
299.34,1037.4
304.48,425.28
309,638.89
310.77,1138.6
310.36,798.35
315.37,363.35
314.17,940
315,221.5
318.59,1046.5
319.37,1089.6
325.48,1226.8
324.19,399.36
323.43,432.05
324.32,593.6
330.77,1123.5
327.18,503.48
328.45,279.41
329.44,337.23
330.44,571.92
332.61,1187
335.7,56.267
341.86,457.96
343.6,778.9
349.34,761.62
344.58,214.89
345.43,684.39
347.59,696.07
348.58,404.11
351.23,1077.4
356.84,280.72
357.57,51.426
359.02,510.26
359.06,96.723
360.91,1120.8
359.08,247.08
368.83,1006.9
365.5,1102
370.9,1206.6
377.24,811.95
373.87,105.74
379.95,336.17
378.16,841.55
384.13,514.58
384,1245
390.9,1063
387.5,431.88
390.78,980.81
392,1011
392.22,220.75
393.94,914.09
395.86,499
400.89,68.597
408.76,54.165
410.51,106.4
412.27,1229.9
409.75,507.32
411.29,132.22
410.42,919.89
417.3,485.84
417.71,985.59
419.58,1089.4
430.04,133.91
427.5,562.5
430,856.5
432.97,594.97
432.14,824.86
436.97,1241.1
437.59,246.22
438.34,1044
442.57,873.5
440.44,542.14
449.97,50.353
463.97,341.41
465.17,470.65
470.79,709.88
470,113.5
474.68,237.61
480.39,220.16
478.17,774
479.06,635.94
485.88,121.73
485.5,629.5
491.46,794.98
491.8,553.46
498.02,523.07
510.47,37.38
500.22,97.311
496.39,1130.9
502.27,706.53
504.48,473.68
501.58,1190.1
503.74,258
508.72,916.1
509.11,10.688
514.63,1173.4
515.3,231.46
515.1,1049.6
519.43,1128.3
536.43,60.634
540.34,811.5
533,22
537.77,1154.7
540.45,834.67
542.53,573.43
542.06,611.35
544.46,1190.2
547.64,1238.5
551,697.74
557.09,1205.2
555.94,212.48
559.19,574.31
560.91,1144.5
564,803
573.22,850.98
578.82,863.67
578.16,1170.4
578.85,1036.5
582.31,625.23
584.2,551.68
594.78,746.28
597.82,425.49
603.51,168.94
612.63,202.35
610.5,189.5
613.64,1175.5
613.59,22.333
614.27,539.41
626.55,1044.9
616.24,1124.1
631.17,1137.5
622.58,534.47
631.35,711.26
630.67,156
633.07,1027.3
633.94,627.09
652.08,239.74
638.81,458.5
638.37,1001.4
639.53,188.42
642.64,537.28
643.88,792.94
644.15,358.22
647.67,551.15
649.69,630.83
653.15,695.29
653.41,291.96
661.23,150.6
665.96,467.19
663.39,648.43
676.37,32.591
668.61,925.67
669.78,102.29
672.55,599.49
673.74,563.98
673.71,1053.1
685.45,1171.3
687.82,702.71
688,535.5
696.68,188.87
696.52,107.78
699.17,958.26
693.6,1199.4
703.77,141.81
696.97,686.16
700.32,51.602
702.33,765.53
699.11,1168.4
708.54,325.63
710.58,115.57
709,732.32
711,25.857
716.48,775.77
711,34
713,131
720.91,992.4
730.41,214.28
725.32,588.78
729.27,609.66
728.11,36.421
731.07,1163.8
731.55,156.75
732.42,196.11
737.65,230.86
740.68,262.36
741.92,680.92
743,1190.7
748.4,40.4
748,656
750.43,1025.6
753.78,241.89
753.84,420.87
755.34,311.22
758.24,77.466
754.83,119
758.77,439.8
757.82,468.45
760.99,522.74
760,874.86
768.13,980.99
759.93,1224.6
762.12,273.88
767.54,38.979
771.04,242.1
768.81,702.85
764.57,1152.6
768.5,617.5
776.39,66.471
776.59,1157.6
781.47,648.56
782.23,1071.3
782.09,878.91
784.93,1145.5
788.86,449.5
792,871
795.71,158.45
799.36,340.63
800.7,613.36
809.3,963.74
811.46,163.3
806.85,1049.4
807.47,441.15
809.72,403.62
810.5,453.71
811.08,606.1
811.43,729.66
816.74,221.48
815,1146.9
817.96,673.39
821.72,459.16
836.67,495.57
826.52,1030.2
826.4,996.82
822.86,1140.9
828.04,1074.4
830.61,646.14
834.47,1098
836.55,47.742
832.95,571.41
833.5,616
852.67,903.98
840.14,1213.4
844.41,199.82
841.08,865.92
841.74,958.19
843.9,769.57
856.66,685.34
851.19,462.66
848.41,1045.6
849.23,177.53
849.07,1135.6
855.42,936.45
859.25,640.18
856.42,229.11
860.59,1234.5
864.38,282.49
866.92,4.2421
867.61,369.84
866.58,56.701
865.01,457.65
872.67,1222.4
870.08,45.44
872.11,555.63
877.54,731.87
875.93,203.41
878.81,1044.5
881.81,796.77
880.47,6.6949
880.6,250.8
880.1,997.05
886,849.5
884,969.5
889.14,332.29
896.95,453.9
903.17,940.08
896.82,150.97
897.74,1123.8
902.86,89.17
905.95,167.59
902.88,751.79
907.18,785.89
907.79,602.34
903.94,632.09
911.74,979.37
910.93,42.593
914.92,744.83
914.22,200.12
914.54,1151.2
920.75,1197.7
916.77,474.42
921.45,135.22
923.28,181.53
934.11,74.664
928.43,981.58
933.29,903.46
933.07,1194.9
933.98,1204.4
935.79,197.62
939.91,850.25
939.91,31.909
944.87,160.23
944.14,677
944.91,862.95
956.87,851.58
954.94,753.09
963.66,672.32
964.8,1068.4
962.77,458.77
963.12,472.65
967.9,45.974
968.91,91.724
969.65,969.29
968,84
971.1,422.52
979.51,819.26
982.76,745.09
980.92,51.083
985.64,704.89
980.5,1182.5
994.25,406.09
986.41,225.07
988.77,324.89
986.5,1100
992.53,181.48
990.85,832.5
991.46,667.37
994.59,476.29
992.94,205.09
993.14,761
993.96,1225.7
1003.1,441.15
1006.3,722.93
1010.3,301.77
1014.4,754.21
1011.1,994.81
1009.2,1119.7
1013.9,79.806
1012.2,1105.7
1016.5,25.324
1014.5,424.26
1020.3,936.04
1027.6,1084.8
1020.5,1195.8
1020,775
1020,1244.7
1022,500.86
1027.5,848
1034.2,92.265
1033.3,498.09
1037.3,19.554
1039.3,651.78
1036.4,975.07
1041,1127.4
1043.9,926.59
1052.3,454.06
1051.3,210.53
1056.9,378.33
1060.8,630.91
1054.5,730.5
1056.3,8
1058.7,431.12
1059.9,89.586
1065,979.83
1068.7,836.46
1075.1,83.77
1074.6,157.79
1083.8,908.26
1073.5,1041
1078.2,70
1087,253.19
1085,149.5
1091.1,1069
1091,529.5
1096.4,301.98
1093.5,947.5
1097.5,806.83
1101.1,1241.5
1101.6,931.11
1106.2,216.06
1105.4,254.75
1115,318.45
1111.9,1094.1
1114.2,497.1
1112.5,650.58
1117.5,691.7
1117.1,1226.1
1124.1,141.54
1115,240.5
1117.3,5.3636
1122.1,615.88
1117.7,807.21
1120.6,838.37
1121,731.39
1121.8,397.7
1126,1188.6
1124.8,883.4
1127.6,42.105
1136,121.5
1138.6,490.62
1143.8,72.257
1146,352.76
1141.3,830.43
1143.8,847.3
1142.6,935.47
1160.1,832.96
1164.8,757.29
1168.6,393.37
1165.2,150
1168.2,115.78
1176.1,239.78
1170.2,447.33
1171.1,1159.8
1177.5,935.22
1184.9,708.7
1181.5,640.47
1183.8,532.05
1186.1,1075.2
1187.1,115.18
1189.2,591.55
1194.3,663.85
1194,1121.6
1204.1,874
1194.2,1151.9
1197.6,1212.3
1202.1,46.467
1197.8,4.5385
1200.7,205.68
1203.4,299.11
1205,155.1
1207.8,528.57
1217.8,396.87
1218.4,109
1217.9,910.09
1220.4,878.89
1224.7,142.17
1225.5,604.71
1228,659.12
1236.7,582.29
1234.6,21.105
1236,862.5
1239.7,9.3391
1245,274.09
1245.1,1093.7
1245.7,732.14
1244.6,1235.6
1246.7,698.79
1246.9,887.27
