3.9268,16.512
36.157,42.231
5.6562,255.47
9.38,144.9
16.015,1013.7
12.224,671.47
15.946,979.17
22.252,98.123
19.532,607.79
15.29,880.71
21,511
23.443,116.82
24.436,894.64
74.223,111
33.113,221.11
34.417,261.15
28.531,343.22
34.403,179.75
40.03,1137
43.498,147.73
46.793,686.26
55.909,989.12
55.359,265.99
65.325,560.65
66.517,1217.8
69.593,182.06
77.797,2.5797
74.723,195.59
75.786,494.73
82.649,438.96
73.105,932.58
101.28,22.203
84,385.5
88.515,226.59
96.374,265.33
89.5,534.13
92.842,408.61
103.69,309.91
98.598,445.17
96.1,1171.7
98.793,885.79
108.77,281.71
140,163.73
117.06,407.95
117.14,845.8
124.38,419.38
147.82,11.687
124.59,1151.2
146.06,37.944
127.62,213.1
127.07,261.02
188.6,75.633
128.9,341.55
137.6,300.45
136.52,1212.9
144.26,583.05
143.5,112.72
138.69,407.88
143.78,244.56
152.88,1147
152.73,474.49
155.53,846.13
156.83,149.01
152.5,165
156.68,277.12
161.65,311.42
157.67,972.53
165.94,561.97
170.43,938.71
174.83,21.677
183.1,137.12
177.94,308.45
185.5,530.98
185.9,365.22
180.56,31.971
179.14,851.5
184.98,250.93
184.45,59.024
189.32,98.087
200.82,332.39
191.04,2.7447
200.89,415.02
192.49,1042
188.58,13.105
191.95,34.818
194.23,948.23
195.91,577.46
199.51,925.04
203.82,140.11
200.98,167.36
200.74,274.11
199.5,1053.9
206.48,32.685
213.32,111.94
216.56,55.778
223.24,185.14
225.36,1083.2
230.31,143.15
230.2,46.635
239.01,690.17
234.44,205.92
242.17,10.412
246.03,122.31
251.57,605.48
252.67,304.47
249.56,979.07
252.24,501.97
255.38,346.63
251.95,467.91
260.45,1035.5
280.26,166.03
260.4,485.35
265.38,387.06
266.88,252.55
270.1,1236.8
270.85,523.39
265.95,47.729
271.85,561.79
273.87,31.5
283.61,404.42
284.74,71.066
286.25,1033.2
285.65,1162.1
297.44,2.2051
297.69,1093.7
295.63,98.4
297.75,190.3
307.85,25.765
320.11,74.534
303.08,678.1
305,454
310.33,469.2
314.93,441.29
313.29,104.4
311.95,625.48
315.63,758.05
317.01,1166.7
317.13,164.54
316.27,1012.3
318.07,58.607
319.69,419.99
322.67,561.26
325,492.26
336.91,139.46
332.5,1207.5
335.75,1102.2
337.22,102.27
347.77,196.84
345.72,46.097
367.34,100.09
353.3,530.32
358.63,17.729
352.91,703.33
361.12,782.01
362.75,1030.6
368.86,67.727
377.19,758.57
375.05,165.1
384.49,812.12
381.71,207.42
379.26,704.93
395.33,148.88
381.89,1174.7
390.04,775.96
400.92,389.8
393.31,17.861
394.33,426.65
400.3,35.358
402.93,586.54
401.59,761.42
413.86,94.814
406.19,1025.1
410,132.5
422.68,559.59
418.06,180.66
420.27,523.03
423.09,716.07
422.37,22.651
428.17,203.85
436.08,158.97
435.63,732.66
440.58,490.58
449.74,853.35
450.12,1024.8
448.79,1071.7
453,2.3478
454.38,1103
451.74,189.15
451.68,688.07
458.57,634.71
463.26,905.8
461.55,114.71
466.97,148.7
466.88,209.17
467.3,536.55
469.2,524.8
476.3,74.209
480.79,117.91
490.48,578.57
485.1,100.08
483,603.67
491.06,843.21
491.85,135.32
492.12,1066.5
493.91,641.19
501.37,1243.7
504.05,4.7973
498,948.67
503.28,166.27
502.97,897.53
509.29,520.97
512.66,193.7
509.26,456.59
514.15,72.561
512.77,28.692
516.87,1041.4
523.45,167.86
524.67,428.23
521.5,1104.5
528.84,215.54
531,1.5
531.62,511
529.55,547.42
530,527
536.39,709.19
533.56,818.2
536.87,1040.6
542.86,183.37
557.83,1103.2
561.19,511.3
568.91,444.82
568.44,52
570.67,996.03
568.02,124.67
571.76,26.728
574.82,177.41
576.36,87.557
577.87,199.22
585.56,1153.6
586.39,643.55
586.94,116.6
590.66,239.68
602.5,45
612.76,219.2
614.5,737.64
613.22,895.46
615.88,1006
614.66,235.89
630.64,192.75
634.24,7.27
639.12,563.5
653.05,35.431
657.35,197.58
658.4,296.16
672.99,158.23
665,246.5
670.49,281.86
679.18,642.48
682.02,683.04
682.96,1052.8
680.07,50.929
691.04,741.96
690.14,856.14
702.67,745.1
702.53,2.5111
704.84,201.72
701.61,864.43
704.45,993.98
708.03,615.74
719.6,566.76
726.21,259.24
735.86,103.3
741.28,733
745.34,167.49
744.02,1203.9
747.25,212.65
751.46,31.784
755.68,1136.9
754.42,299.11
764.33,692.37
761.77,237.31
765.48,1107.9
770.23,925.34
770.13,1210.1
781.95,52.639
774.33,645.04
781.59,1103.6
791.63,151.66
786.25,689.59
792.41,945.52
790.24,621.1
792.3,587.2
799.68,514.39
805,113
808.69,245.17
811.2,22.063
815,588.1
815.95,356.43
830.8,135.58
819.67,530
831.55,258.72
834.86,659.67
837.27,493.81
838.8,1042.5
841.81,280.09
839.5,873.5
840.41,93.815
842.69,685.07
843.58,553.11
847.13,797.22
848.07,83.19
849.82,1162.6
855.3,6.292
853.68,1014.2
857.05,247.33
858.55,544.68
861.37,264.17
860.72,231.81
864.68,97.236
864.5,324
869.05,1028.1
875.5,743
886.51,225.81
887.94,679.69
891,586.5
892.58,128.42
895.58,823.74
896.07,1064.8
900.08,256.15
903.42,364.89
914.31,572.76
914.43,280.39
920.19,807.29
924.46,21.093
924.43,585.57
925.88,287.6
925.17,3.8571
927.67,45.376
932.71,162.69
931.47,1210.6
933.89,623.58
949.97,613.61
944.45,302.42
947.04,558.67
950.98,419.93
961.54,341.76
962.54,969.87
964.24,250.17
964.61,766.88
975.02,1241.9
968.37,1085.9
971.59,320.92
985.4,34.446
996.07,179.73
994.49,103.6
992.89,1191.4
1002,205.89
995.31,295.62
1000.5,812.05
1014.5,570.33
1010.6,318.65
1013.4,1147.9
1024.1,538.2
1022,277
1026.4,1060.8
1043.8,284.21
1040.5,757.58
1045.4,823.05
1050.6,729.93
1069.5,777.04
1070.5,949.5
1074.4,382.5
1085,129.77
1083.9,70.346
1100.3,39.264
1107.7,1151
1109.1,185.69
1104.9,1059.1
1106.2,361.06
1107.5,1041.9
1108.6,151.78
1115.4,478.05
1120.8,878.7
1115.9,793.53
1120.4,768.32
1120.1,150.91
1127.4,205.1
1136.4,89.537
1128,286.67
1131.1,468.14
1136,647.87
1142.4,910.5
1152.1,239.44
1162.8,373.16
1172.7,127.3
1177.7,51.549
1172.9,1212.6
1175.6,677.12
1180.2,189.92
1181.8,9.6857
1177.1,74.579
1184.4,578.93
1183.9,1085.6
1194.2,363.12
1201.7,637.77
1198.8,663.78
1201.2,147.88
1203,960
1218.4,71.693
1213.7,814.77
1214.8,242.21
1215.4,1020.5
1227.2,263.75
1219.3,123.53
1223.9,1192.9
1224.3,13.234
1231.6,864.25
1230.3,1045.9
1236,1081.4
1232.9,246.78
1233.9,34.188
1230.7,759.83
1236,1029.4
1242.9,209.52
1241.5,421.71
1242.3,508
1244.6,532.42
1246.4,472.89
1246.8,1134
