5.2552,247.08
12.159,667.73
12.556,920.48
15.385,516.26
23.178,106.18
25.293,380.62
27.206,1227.8
33.488,27.206
27.806,709.45
28.025,1068.6
32.396,1128.3
35.714,1044.3
34.46,151.41
34.5,223.23
35.966,427.73
39.811,663.07
39.947,299.84
51.786,582.4
48.176,988.24
53.982,451.37
51.458,957.07
57.198,681.44
63.382,924.89
67.477,389.17
67.571,170.43
71.056,849.07
73.049,939.99
75.618,566.25
79.219,9.7018
77.377,897.18
86.333,835.92
82.353,304.57
87.056,608.89
91.265,578.59
91.595,884.9
99.658,946.06
90.286,55.071
93.679,1020.6
98.139,562.3
103.45,39.135
112.92,1110.7
115.89,759.67
123.16,598.8
124.38,388.92
125.37,70.188
128.12,1064.2
126.04,1106.1
131.1,322.41
141.23,753.59
140.8,175.05
139.64,1156.9
144.35,1188.5
141.3,18.17
146.58,552.42
154.94,146.92
157.54,980.62
160,515.5
168.29,295.31
168.42,1157.6
170.32,966.95
182.57,882.18
185.93,609.95
185.36,514.5
188.41,581.43
196.12,158.12
213.07,598.11
214.05,693.59
216.85,76.991
214.86,131.09
213.41,2.9259
220.82,460.61
222.85,1075.8
228.89,825.18
230.64,312.79
236,691.57
234.11,453.33
235,642.5
240.92,795.78
244.06,591.48
247.85,77.383
245.61,815.21
248.55,997.92
244.34,500.8
249.13,24.013
249.18,547.88
250.54,636.68
257.77,49.383
265.73,380.39
261.64,196.68
267.05,1133.7
269.05,508.1
269.02,232.33
272.64,1055.7
268.93,737.41
287.22,749.06
277.49,524.1
280.63,691.7
283.02,217.71
283.53,1215.4
286.19,353.07
285.65,758.88
289.2,136.44
300.03,184.17
289.05,662.05
290,154
290.92,421.92
298.11,903.69
293.42,72.105
295.44,255.31
295.58,148.11
308.16,557
305.73,1038.8
308.26,346.78
313.32,472.04
314.88,747.64
327.68,1001.4
319.91,161.06
320.57,1051.1
325.4,661.6
331,370
333.63,588.77
334.77,1146.4
333.44,673.1
341.52,82.613
340.98,121.36
345.65,519.78
341.42,659.11
344.4,16.4
346.33,222
351.4,1184.6
358.73,1028.2
363.65,396
363.17,222.19
360,92.5
362.51,480.78
365.94,57.03
370.78,253
364.76,459.07
367,142.14
366.33,805
370.31,125.51
369.9,37.78
372.57,344.57
382.61,1019
387.45,219.26
387.42,98.88
388.26,315.56
389.98,601.23
391.04,730.85
395.35,1088.3
404.73,72.808
399.66,9.978
397.08,1068.1
398.64,392.5
404.19,811.71
406.67,1229.4
403.5,887.5
408.88,477.02
407,249.74
406.58,937.58
411.26,1067.9
412,9
432.32,188.88
416.87,761.1
426.73,3.8701
423.95,678.95
430.81,351.01
434.15,833.7
440.6,458.92
441.67,1240.1
444.9,646.66
449.2,1002.1
441.8,421.07
446.88,894.39
456.99,353.38
462.6,40.864
461.76,920.84
465.33,172.8
462,690.41
467.25,211.09
481.61,625.01
480.59,1019.5
480.2,45.427
477.31,720.15
478.32,1002.2
480.49,916
480.93,531.41
488.82,955.82
484.56,609.92
485.24,1099.7
487.47,838.3
498.18,170.03
489.59,324.55
496.37,203.23
496.27,914.74
497.5,1136
513.1,517.9
508,323.66
509.56,27.169
515.43,136.78
511.61,693
513.76,933.12
518.13,616.3
519.43,45.735
518.73,167.3
523.36,897.01
524.56,87.93
534.95,158.04
538,170
549.75,818.14
563.81,185.05
586.51,140.22
571.77,63
573.53,304.92
575.41,253.26
586.57,866.52
582.41,963.53
588.14,11.451
586.03,428.85
586.49,589.23
588.13,813.32
584.71,1044.5
590.28,352.78
595.63,210.98
596.88,1225.9
604.5,359.5
620.76,733.81
612.49,777.85
627.18,664.58
631.45,700.71
636.07,37.705
641.95,262.76
642.77,644.09
655.4,407.92
667.03,474.74
674.14,425.68
665.36,386.09
672.73,568.39
672.98,265.82
673.8,158.56
675.91,867.94
702.57,414.61
710.89,498.56
713,901.55
713.53,1086.6
719.37,439.08
723.95,328.63
723.5,893
730.09,1001
738.15,466.2
753.03,298.26
743.83,279.91
745.44,431.54
755.08,817.85
764.98,361.76
765.41,400.93
765.9,211.38
768.55,690
769.91,741.04
780.59,928.11
779.07,440.57
784.5,1204
789.41,397.07
791.81,341.04
809.02,396.59
812.37,3.4691
814.88,810.62
824.84,717.23
830.47,164.09
840.55,184.76
847.82,116.69
847.11,574.98
853.35,341.37
855.88,616.2
862.94,842.51
868.03,787.07
867.44,649.13
887.32,224.32
887.5,443.9
886.33,960
889.24,1050
889.18,258.67
892.17,1003.7
896.5,677.68
908.76,85.559
913.37,730.42
918.07,660.26
920.08,552.08
925.55,148.46
926.31,283.11
929.85,943.06
950.45,134.43
953.5,650
967.5,360
971.55,217.29
979.78,773.02
980.85,717.58
984.31,8.8286
996.96,646.04
1009.2,61.569
1012.6,906.14
1021.9,37.389
1025,802.65
1031.1,472.07
1051.3,615.08
1062,413.06
1070.5,705.37
1073.1,1124.1
1081.6,529.56
1100,169.37
1100.3,787.53
1098.4,389.63
1112.5,972.09
1116.5,33.042
1131.2,117.57
1134,310.5
1145.9,1216.2
1146.9,123.46
1155.3,734.05
1161.5,693.22
1168.1,1041.2
1183.4,65.844
1183.5,1152.6
1188.9,218.13
1197,367.06
1200.9,211.51
1202.9,1177.6
1206.4,612.91
1208.2,87.625
1215.6,200.01
1219.8,106.74
1223.8,850.81
1223.5,1048.4
1227.4,143.92
1244.7,917.53
