2.9394,247.15
3.2,296.23
2.2069,333.55
2.25,1027.7
2.4681,1050.8
18.188,1130.5
6.2807,112.68
5.3333,186
7.2766,615.4
7.8947,384.58
8.1538,915.31
12.144,599.87
13.588,176.06
21.915,917.6
19.196,954.5
20.834,286.37
20.797,633.06
22.559,427.59
25.05,230.85
28.166,1100.2
30.92,331.3
32.351,22.672
29.5,959.39
31.091,143.09
37.829,601.5
33.341,353
32.083,560.08
35.333,111.33
35,726
39.546,308.86
40.25,665.44
40.446,1014.4
39.538,50.436
39.44,644.2
51.335,129.35
48.572,968.72
43.115,1041.1
42.075,1073.8
42,164.33
55.236,286.38
46.324,689.79
43.224,222.73
70.528,620.25
58.517,89.732
54.046,1117.7
50.542,325.19
54.295,510.2
51.105,999.58
54.634,1093
53.766,1196.4
54.132,1075.6
59.489,182.69
58.696,1146.6
57.919,256.95
58.493,342.9
62.284,310.7
65.169,1179.2
66.563,6.0172
60.5,243
70.976,1066
70.104,42.935
61.897,267.14
68.437,703.76
74.347,229.79
69.833,357.4
80.979,1220.5
75.941,174
78.143,1101.3
73.863,1019.3
81.551,498.49
78.5,695.5
84.772,302.48
88.398,962.29
100.11,236.71
87,473
93.252,23.097
98.865,1072.3
89.556,163.07
93.618,331.73
91.091,530.23
92.1,2.7
96.177,646.69
106.11,725.47
105.17,1098
106.03,134.95
102.08,277.94
101.08,422.73
103.16,102.94
104.63,1053.4
111.93,801.13
110.28,309.03
109.5,1003.5
109.57,597.48
112.96,1129
116.02,611.08
116.58,1023.7
113.46,88.77
115.21,475.24
116.67,581.41
114.29,661.55
120.84,498.41
126.64,684.55
117.48,814.91
121.5,443.18
132.87,213.58
125.5,20.367
137.32,470.26
127.6,1204.2
127.75,1048.8
131.03,796.87
135.44,1031.4
133.5,1003
138.14,708.08
137.25,34.904
136,280
138.07,348.41
140.23,973.97
145.2,75.434
150.31,662.87
143.68,1059.5
146.27,537
141,649.33
141.67,813.67
150.09,139.61
147.62,510.02
148.17,609.12
150.83,987.15
149.37,1232.5
153.23,1085.3
151.06,326.8
155.23,86.992
148.29,396.43
152.02,780.8
153.5,835
158.34,908.92
159.58,952.6
159.53,110.35
155,795
157.22,824.75
159.41,446.41
162.37,215.84
169.22,788.53
167.4,981.86
164.91,234.43
166.08,995.6
169.47,550.11
175.97,87.826
172.56,468
175.69,717.72
176.49,670.15
175.66,110.14
178,1018.9
176.16,1157.8
177.38,803.35
178.2,26.065
178.73,588.35
180.47,1070.9
180.42,262.55
180.39,369.43
183.63,1046.4
182.66,1183.4
194.68,407.15
184.23,743.81
183.91,567.91
204.29,117.17
190.67,1134.6
192.31,854.42
189,13
192.49,963.72
195.56,150.36
191.5,1150
192,542
199.8,1014.6
194.98,482.44
197.43,775.43
219.04,516.73
204.15,1220.9
205.8,912.21
202.39,11.605
202.11,33.579
204.56,73.098
205.42,492.38
215.39,875.79
210.88,43.8
210.68,143.06
214.74,932.2
211.85,562.65
213.65,779.48
208.4,846.36
214.79,1081
213.42,13.895
215,635.5
237.56,76.211
224.13,236.77
218,407
227.93,159.76
219.5,256.5
219.88,889.35
221.97,703.42
225.07,577.6
232.28,1049.1
231.15,319.57
231.92,443.66
234.71,264.48
237.34,839.44
237.1,910.39
239.3,934.14
233.14,1075.1
240.18,457.79
236.44,235.2
244.25,760.45
244.21,179.33
245.7,401.37
245.78,666.86
243,15.903
244.3,788.5
246.58,1117.6
243,1189.7
251.26,432.68
260.08,962.48
249.43,546.55
248,370.62
249.33,517.28
249.98,728.11
286.2,1190.8
269.21,106.44
253.89,32.292
251.5,851.5
258.18,690.19
255.81,831.14
264.13,744.28
266.67,987.38
279.99,32.089
269.87,398.29
268.75,489.66
265.42,793.11
271.41,896.72
279.07,772.48
278.75,657.25
276.08,354.56
279.21,273.69
278.94,872.98
285.15,246.79
280,740.32
284.97,830.14
281,372
284.05,142.36
293.34,162.4
289.5,533.57
291.31,923.38
290.35,1069.4
290.94,107.59
293.94,506.82
291,1084
304.51,983.74
299.86,87.131
302.73,276.24
309.78,360.77
295.24,428.94
295.96,1114.4
297.06,776.41
297.5,788
301.71,809.47
325.72,338.84
302.06,238.15
299.36,1095.5
309.72,114.84
308.77,51.642
306.11,1043
305.91,315.82
307.44,1017.4
315.16,28.942
311.69,757.44
309.62,201.05
307,419.6
310.98,453.54
313.5,831.14
317.3,136.3
314.18,544.05
337.49,569.4
320,1157.6
323.21,605.22
321.65,989.77
329.92,450.27
329.26,1206.4
327.3,183.8
327.25,307.75
329.61,762.96
327.56,15.972
330.75,68.906
329.15,322.45
340.44,506.78
330.12,817.98
334.28,7.7692
334.37,251.91
336.33,148.42
336.9,209.97
337,1117.9
337,15.667
340.91,803
345.54,257.2
343.28,465.97
344.35,586.69
344.44,612.94
347.95,1008.9
350.89,289.42
349.79,840.47
356.09,919.55
354.01,183.15
352.33,1077.8
362.46,873.07
356.07,73.725
362.79,11.378
356,152
362.4,106.61
358.57,799.48
364.6,1162.4
366.59,33.197
365.2,323.44
371.31,463.75
372.49,844.75
368.68,606
367.17,618.7
367.58,994.91
370.36,97.434
368.12,344.65
372.63,243.27
375,1139
381.87,1051.7
378.53,1243.2
382.62,529.2
385.42,29.74
383.28,878.85
384.65,186.63
388.76,1170.1
385.84,167.13
400.14,474.35
388.86,67.5
390,42.5
390.96,1187.4
398.61,344.31
400.95,893.04
403.36,210.55
396.51,558.79
400.37,262.26
398.54,582
399.5,954.14
401.44,799.49
399.44,1074.3
400.06,118.92
402,686.67
402.89,934.96
406.97,300.39
403.17,378.07
405.98,242.45
412.74,36.898
410.37,833.14
410.75,1026
410.4,278.96
420.11,382.98
416,726.82
411,21
413.82,767.05
420.1,589.25
418.09,259.83
415.88,796.16
420.49,67.151
416.88,867.65
420.51,9.0882
422.11,341.55
422.92,1052.6
421.14,688
431.4,294.47
438.84,752.3
432.87,446.52
432,370
433.74,79.235
434.62,243.83
438.3,399.82
436.5,300.5
438.39,11.452
447.96,29.612
441.41,983.97
439.8,809.66
444.22,376.06
443.67,3.0465
444.43,852.29
444.48,620.75
449.07,686.4
449.9,58.281
454.64,717.77
448.21,280.79
447,1082.5
451.43,527.12
453.23,538.38
454.44,557.1
454.65,243.67
464.98,392.02
453.5,798
456.16,593
457.87,981.92
458.33,909.33
459.42,1183.8
459.05,660.09
463.19,959.42
484.39,75.87
462.84,145.2
464.44,125.8
464.95,874.05
468.77,155.05
467.3,1030.4
480.7,230.44
473.11,514.34
480.25,172.63
479.08,468
485.73,483.64
483.41,768.19
481.41,1028.2
479.5,809
485.64,915.25
483.48,687.25
484.5,88
492.96,532.15
486.58,549.53
485.61,1136
493.79,706.55
497.17,749.33
507.59,243.18
507.12,856.12
508.43,649.09
517.8,949.22
515.91,377.09
516.91,582.44
518.77,1055.1
519.84,175.07
536,208.17
518.64,456.48
522.1,816.14
522.08,475.13
525.71,518.42
529.02,870.42
528.4,996.81
526.57,1080.3
533.03,403.32
537.48,948.17
536.03,628.8
534.47,272.66
536.01,288.87
533.71,426.43
534.87,986.39
541.5,87.936
540.61,528.16
543.61,1242.1
546.96,1181.3
549.98,145.65
549.58,45.642
547,255
548.88,450.61
550.76,559.86
557.44,699.08
551.16,496.64
549.07,464.56
549.94,1066.1
551.92,174.29
561.99,639.7
553.81,377.81
553,760.14
557.84,511.44
559.26,589.14
561,829.62
561.19,1017.5
560.39,235.43
564.59,482.15
564.62,404.62
567.94,573.63
583.7,225.67
567.78,1045.7
570.91,208.35
576.32,419.55
573.95,729.2
574.21,342.31
572.86,846.39
575.3,99.279
578.93,194.07
577.72,381.96
577.82,259.66
583.48,1038.1
588.86,920.34
584.92,206.77
585.24,1164.2
588.65,563.11
591.61,287.09
589.09,474.81
592.18,79.403
589.35,316.59
604.22,453.01
595.77,58.154
594.25,372.31
602.05,519.39
598.93,981.92
599.13,736.61
598.79,807.67
604.29,592.79
606.82,835.35
605.6,208.07
606.87,93.211
612.67,270.04
609.59,147.07
613.83,633.33
615.08,21.44
619.2,361.37
629.62,477.54
619.91,610.57
623.17,586.17
630.1,168.71
624.57,525.33
627.28,303.76
634.64,632.61
631.48,609.52
634.17,120.15
636.93,1103.5
638.74,223.06
638.99,272.89
636.62,422.5
638.05,131.16
645.33,257.24
644,876
648.05,663.09
647.94,1156.5
648.63,1170.7
656.29,170.58
652.08,155.12
660.11,214.03
655.3,1144.2
655.62,31.048
665.59,305.73
668.08,581.73
675.9,864.62
676.57,1029.3
676.03,380.42
683.43,717.57
684.75,291.37
680.5,417.5
686.55,659.71
689.6,209.25
692.33,484.02
688.58,620.23
694.46,425.69
697.48,577.46
698.77,88.839
705.71,507.58
706.81,395.44
704.5,76.062
709.78,543
707.06,650.65
706.67,749.28
713.8,732.2
716.21,8.7692
716.62,304.29
717.48,227.41
718.53,748.15
718.56,240.11
720.86,1168.7
724.15,437.13
726.01,392.25
731.98,148.46
730.45,1082.6
735.6,600.8
732.22,810.08
734.01,422.25
734.41,104.97
737.64,997.23
733.43,1143.9
733.85,1227.5
739.16,1245.8
738.56,28.168
736.94,326.72
742.45,639.24
737.6,758.86
743.6,254.04
744.12,379.74
746.28,346.28
747.94,953.35
752.56,581.49
757.02,79.211
755,388.95
759.63,7.7368
758.5,939.5
761.93,538.26
769.24,329.41
766.26,350
765.32,755.73
770.99,252.36
771.33,510.31
771.54,1100.4
774.34,1134.2
775.94,470.79
786.64,561.44
778.87,273.52
777.59,640.93
779.22,1187.6
784.68,147.6
791.37,199.38
782.5,529
793.65,71.532
792.18,626.85
788.55,937.71
795.19,278.4
797.16,391.69
808.66,452.33
797.93,660.59
800.93,603.95
804,253.5
803.26,1183
812.89,513.79
811.58,1118.2
812.63,1203
826.17,463.14
827.8,290.33
833.07,1013.5
830,483.5
834.58,446.32
836.73,535.68
837.6,362.79
836.2,267.04
854.01,124.34
841.5,1144.1
844.81,472.12
847.39,562.35
847.22,1189.2
853.43,1224
853.48,646.95
856,42.5
861.18,365.69
861,559.5
868.01,49.551
872.22,95.995
871.71,376.67
871.54,1040
871,35
881.42,223.61
873.12,304.19
881.17,289.96
874.91,247.57
878.97,415.64
889.96,69.713
879.24,61.397
885.15,532.17
880.13,194.92
889.08,999.6
887.75,51.595
884,334
897.61,347.18
888.38,508.38
891.72,128.67
890.43,885.33
893.6,90.174
893.55,804.45
898.32,948.81
900,13
901.64,618.8
904.96,42.063
905.81,386.49
906.77,203.33
905.6,1079.2
906.88,253.5
909.43,687.09
912.69,73.944
913.9,148.95
920.11,1225.8
919.71,169.46
919.56,883.95
923.51,5.6961
920.11,269.42
925.71,287.58
928.43,317.41
928.44,143.85
927.97,181.56
928.3,624.38
933.56,421.7
932.45,365.34
933.42,845.63
933.88,536.87
941.54,688.4
945.28,36.164
945.53,644.81
941.6,150.6
948.21,603.55
946.6,325.83
946.21,379.52
946.37,446.05
945.27,1120.3
953.64,116.57
948.88,66.6
948.32,290.21
946.93,838.58
953.18,256.26
948.32,467
950.7,1227.6
952.8,232.49
958.14,8.6207
959.32,539.83
953.87,883.22
958.14,492.75
956,555.24
955.5,1050
960.83,303.44
958.46,406.38
960.19,514.21
963.77,893.68
965.49,418.62
965.11,281.58
971.05,258.26
971.39,63.435
982.03,379.92
977.66,410.84
977.65,610.01
983.25,637.95
979.32,457.81
979.34,578.68
984.37,911.65
990.95,342.48
985.16,1122.5
987.42,2.2424
998.93,44.606
993.18,659.27
995.25,361.21
1000.8,392.26
999.71,699.81
997.41,1232
1001.2,212.84
1003.6,2.2667
1003.5,1027.5
1005,640
1010.9,1241.9
1009.4,372.12
1011.2,440.56
1014.6,583.8
1012.3,292.03
1014.2,506.76
1013.8,553.37
1020.6,619.43
1019.6,55.888
1019,208.54
1021.8,847.47
1022.7,533.59
1022.9,951.66
1028,143.32
1023.2,298.3
1027.6,474.19
1029.8,666.99
1031.5,519.62
1033.6,14.448
1032.8,583.01
1035.7,40
1037.1,362.17
1045,237.16
1044.4,75.23
1044.5,322.87
1047.3,297.21
1046.2,593.66
1044.1,657.5
1052.8,489.13
1048.4,805.55
1057.5,546
1061.4,774.44
1068.8,16.064
1063.5,337
1064.5,629
1071.2,220.84
1071.9,496.9
1069.8,727.95
1070.8,317.33
1073.9,94.091
1076.6,1086.7
1095,775.73
1083.8,80.679
1085.2,1010.2
1083.9,29.409
1081.3,560.48
1082.8,527.13
1143.4,570.86
1082.9,601.78
1088.3,411.68
1099.6,638.05
1095.8,606.46
1104.8,58.036
1093.9,261.33
1100.3,432.06
1099.8,926.41
1118.1,27.204
1098.1,734.42
1104.1,1090.7
1104.5,743.63
1108.1,265.91
1104.2,490.23
1108.6,694.29
1115,647.71
1114.8,821.83
1116.9,751.42
1115.9,1074.4
1117.5,498
1120.2,224.72
1129.3,488.42
1126,85.333
1132.8,508.57
1132.1,643.84
1133.4,1091.7
1135.5,849.44
1140.8,52.186
1141,652.5
1143.9,221.46
1151.1,774.31
1146.2,805.44
1144.1,717.17
1151.4,373.09
1156.6,29.894
1147.7,458.63
1157.9,335.04
1153.9,663.64
1156.6,3.2727
1157.3,390.67
1162,15
1166.9,239.05
1165,1044.3
1168.3,164.47
1171.5,641.5
1182.4,196.73
1175.5,1134.3
1179.7,17.466
1178.6,653.17
1184,498.11
1183.6,861.22
1189.8,740.84
1186.9,911.95
1187,655
1188,821.14
1189,813.93
1193.5,361.75
1190.6,396.7
1198.3,201.46
1193.2,250.8
1198.5,620.86
1194.6,677.7
1198.3,4.4028
1196.8,987
1198.4,442.34
1202.5,642.52
1204.8,319.04
1204.4,704.87
1205.8,406.07
1207.1,349.17
1210.9,306.5
1210.6,533.69
1217.5,731.07
1214.7,829.81
1215.5,667.98
1216.3,757.72
1215.3,1106.9
1217,604.74
1219.8,2.2917
1221.5,685.19
1222.7,593.85
1233.6,642.26
1227.3,1246.3
1224,588
1228.3,613.6
1231.3,895.96
1231.3,798.53
1231.6,431.08
1238.5,759.67
1231,14
1232.2,1047.2
1233.6,810.04
1239.2,562.67
1240.3,678.02
1241.7,11.529
1239.7,162.78
1236.5,1026.8
1242.6,984.11
1244.1,697.29
1244,448.88
1244.4,615.92
1245.8,583.16
1246,718.58
