6.0385,81.788
9.1991,165.65
10.265,817.28
12.881,1233
16.911,498.34
19.483,742
26,646
28.542,382.84
29.622,250.42
28.625,894.5
43.263,1247.1
47.86,589
55.609,918.96
52.8,830.44
59,524.66
63.634,744.66
64.595,231.64
70.415,147
70.763,1170.2
78.884,923.77
71.633,1221.4
75.676,295.48
77.024,118.13
75.5,935.5
80.593,173.93
83,4.0323
87.964,566.48
85.091,631.91
88.486,479.07
87,16.5
89.884,1031.9
91.581,369.45
95.963,1202.7
105.4,311.36
116.63,71.236
118.39,144.92
115.33,650
120,1098
127.11,373.73
130.25,298.97
132.89,407.24
133.51,1050.6
138.77,543.23
143.49,387.2
141.35,853.06
149.5,549.88
156.39,902.14
161.92,1202.9
173.17,627
177.5,1109.5
183.13,608.16
180.58,748.11
191.6,222.19
191.01,461.75
195.55,108.79
196.58,762.42
199.63,793.1
203.99,1083.2
203,529
204.78,417.46
204.71,1100.7
207.58,976.89
218.03,162.25
223.06,305.43
227.23,819.23
229.39,967.71
228.8,495.85
231.44,1084.1
232.86,1138.9
243.44,776.4
266,489.68
272.47,118.8
286.77,686.05
284.8,1159.9
286.26,228.08
290.06,1066.8
290.09,742.3
294.56,987.2
295.54,309.02
293,777
302.11,746.45
308.15,347.67
311.35,320.47
312.22,1053.3
313.55,524.5
316.9,1207.5
317,994
319.47,1013.9
328.56,1034.5
342.1,1211.6
345.86,3.8571
352.72,676.76
354.39,467.95
352.24,593.79
355,889.5
365.04,517.01
373.94,362.54
377.24,737.6
381,1111.8
383.62,114.24
390.28,430.12
394.5,1047.8
401.5,567.5
402.09,797.91
404.06,132.3
405.28,265.58
402.42,1233.9
409.81,300.19
408.75,407.92
412.04,44.426
413,91.5
415.44,1081.6
421.55,230.69
426.53,94.898
425.23,120.85
439.33,933.77
438.31,664.5
436.7,250.49
435.83,1111
442.67,555.09
441.02,405.13
446.28,207.66
451,228
450.53,1091.3
458.54,556.56
461.55,1140.2
462.59,26.631
467.63,1088.2
469,668
474.81,975.67
471.38,1065.3
476.25,210.39
476.8,626.45
473.11,1157.4
476.09,900.09
479.81,543.13
482.45,718.8
481.1,185.62
502.4,841.42
504.92,1115.4
508.5,318
512.44,754.05
511.54,904.41
521.32,1239.8
524.02,952.94
522.64,838.18
531.77,354.37
530.2,25.44
533.8,551.59
540.16,1050.1
539.76,784.96
541.39,1120.9
540.5,39.5
547.73,176.57
547.83,21
552.58,253.01
553.35,1156.5
554.93,472.25
555.25,523.83
557.58,1009.6
562.5,576
563.1,1180.5
564.78,633.58
570.05,362.36
569.99,659.12
585.07,651.41
591.5,913
597.8,745.36
598.79,58.949
600.81,590.53
602.5,361
611.36,162.09
614.46,245.73
621.8,456.23
623.42,565.42
622.88,1118.9
623.89,974.37
626.02,535.38
629.09,1187
649.98,620.17
638,568
641.13,179.83
643.42,199.58
649.79,484.71
653.5,1074
660,789
663,370.5
669.05,139.64
665.66,320.18
669.63,303.53
672.69,521.99
676.92,291.2
678.12,974.35
680.1,1044.5
682.14,1150.6
683.35,1068.4
694.04,512.25
691.34,991.08
696.39,717.99
701.36,326.5
713.89,1110.4
716.92,919.41
722.32,526.99
721.15,1044.8
721.5,306.5
730.84,1173.7
728.17,114
733.16,543.09
729.05,603.91
730.91,489.13
738.22,378.49
742.29,219.19
743.19,985.33
745.18,201.18
747.42,912.78
744.5,1142
754.72,85.205
757.44,264.84
756.73,1090.3
757.42,46.966
766.41,111.89
770.23,943.08
770.5,840.5
773.66,417.38
773.93,607.59
781.92,1089.6
784.5,158.67
780.5,812
787.06,663.97
792.39,982
795.5,948.8
797.35,781.41
800.65,572.15
798.25,922.71
804.02,212.57
802.15,298.54
805.2,649.28
806.27,466.01
804.33,708
809.51,248.01
810.83,133
815.46,38.024
813,579
817.78,785.78
821.53,701.27
820.61,1091.9
823.45,254.92
830.62,1220.2
833.71,120.33
832.55,1166.3
837.9,1006.4
839.4,1093.6
842.91,858.91
847.48,331.25
847.21,975.69
849.15,45.549
851.07,1069.1
854.05,936.16
855.67,90.561
859.83,17.184
861.42,234.32
865.12,438.01
867.49,1034
871.82,1110.9
872.01,345.64
874,281
880.24,45.465
877.38,818.34
880.93,700.2
879.46,927.93
889.39,117.26
893.7,910.45
899.08,652.3
901.19,94.828
900.96,530.68
898,554.68
911.5,169.5
920,155.5
925.35,532.88
932.76,298.48
934.01,1040
936,778.68
949.99,25.898
945.83,959.09
944.83,932
947.22,213.47
950.7,508.77
963.21,112.19
965.5,272.5
970.26,391.97
975.78,338.62
973.6,617.36
985.36,944.87
986.42,337.53
992.85,34.346
996.43,1112.7
995,94.5
1000.1,136.41
1001.6,435.64
1006.6,1016.9
1007,142
1012.7,666.59
1009.1,779.37
1013.9,120.42
1014.1,204.37
1018.1,591.37
1023.2,242
1027.5,782.5
1032.3,803.75
1030,1229
1032,214.93
1032.1,892.37
1048.3,598.58
1042.4,675.06
1044,578.25
1044,626
1050.5,435.08
1052.6,29.776
1054.5,71
1058.5,1.8
1058.4,1082
1058.8,1228.7
1063,12.174
1066.9,1008.6
1077.3,102.43
1078.1,1136.3
1081.2,659.97
1080.8,1058.3
1082.3,746.75
1086.2,246.38
1083.9,381.62
1086,117.66
1098.5,201.8
1101.4,827.17
1110.9,914.91
1120.4,1102
1124,151.91
1126.7,536.02
1126.1,921.62
1133.9,160.09
1138.4,379.8
1138.9,637.53
1139.5,560.39
1145,221.45
1147.4,697.89
1157.6,83.27
1160,248.5
1162.6,108.14
1164.7,411.15
1168.9,355.05
1166.8,32.432
1175.5,867.97
1178.5,717.64
1179.8,1079.6
1185.6,1111.4
1191.8,27.901
1189.4,674.43
1193.9,1048
1200.7,723.75
1201.9,1062.4
1225,141.15
1225.1,739.08
1230.9,816.48
1227.4,54.424
1239.1,988.81
1235.2,678.5
1234.9,949.12
1238.2,367.87
1243.7,50.041
1245.2,466.78
