3.2857,89.232
4.3509,131.46
4.5972,362.19
12.552,467.54
3,719
3.069,784.64
2.4493,899.91
3.3235,949.68
3.8542,1032.5
6.2459,1078.1
8.407,155.6
7.7197,446.81
6.2308,655.54
12.248,672.63
7.8421,311.16
21.281,171.89
18.33,648.62
15.625,137.09
25.5,734.9
21.971,955.54
23.377,781.62
26.406,700.28
26.048,980.62
31.283,1089.7
25.833,396.8
30.154,895.33
26.645,998.06
26,379.5
34.471,859.74
31.252,5.6
34.31,44.646
33.364,158.18
38.2,961.76
40,85.5
40.033,216.93
39.676,490.95
46.476,728.33
41.745,518.31
46.071,245.71
46.943,451.34
47.389,470.86
52.604,1220.4
53.203,1013.3
60.082,354.85
55.201,416.86
55.523,522.84
55.979,1136.9
54.571,1192.9
61.7,57.625
64.747,581.5
62.05,782.8
60,170
61,175
62.864,1049.4
63.421,683.89
73.54,474.89
69.5,559
70.5,967.5
72.8,977.56
76.382,863.97
76.371,1010.3
75.25,714.25
75.952,884.83
82.357,1226.8
79.915,781.3
89.226,951.88
87.734,588.06
78.5,1042.5
81.6,438.98
89.066,543.61
86.692,67.615
99.423,205.15
95.817,425.27
87.256,616.79
91.458,272.88
93.226,714.1
87.565,993.61
96.497,1109.9
97.232,833.28
96.298,249.46
96.321,228.14
101.88,878.36
99.088,294.12
108.5,1063
103.35,511.71
105.27,182.69
103,687.67
121.21,921.87
108.25,992.31
107.28,1161.8
106.6,745.6
109,1100.7
120.73,860.51
121.15,564.57
111.61,738
114.27,341.91
119.15,223.47
127.01,412.11
113.07,974.8
113,962
117.69,486.13
126.05,313.44
117.5,799.62
185,1002.8
125.2,629.83
123.51,1125.6
122.62,193.78
125.58,665.53
121.65,968.68
123.43,5.4324
129.54,1050.3
130.98,1148.9
129,44.5
128.89,210.65
128.5,613.5
131.86,716.2
127.58,784.11
132.35,519.71
131.42,187.89
133.72,281.77
137.48,574.04
141.02,976.88
136.44,248.05
134.5,756
140.83,340.94
142.08,677.99
156.37,270.61
143.89,605.73
145.06,129.07
147.59,225.33
146.52,662.16
160.78,1230.4
142.29,77.452
150.61,749.8
150,1203.7
148.67,704.66
144.83,510
148.43,884.92
149.24,70.111
163.22,463.68
153.64,527.18
151.06,828.41
152.8,195.07
154.87,1148.8
159.83,348.76
155.81,436.97
154.58,332.89
163.16,370.12
165.96,171.11
160,568.5
164,411.14
165.72,504.76
165.24,720.9
165.08,909
167.11,394.42
170,993
170.95,332.06
172.23,405.99
172.36,572.44
174.29,593.21
174.92,58.083
176.2,805.83
176.17,1187
185.03,120.58
178,495.4
175.58,511.11
179.31,924.06
185.18,562.19
185.53,822.35
185.62,1222.4
183,446
186.46,635.21
190.49,389.27
191.46,94.233
186,490.5
197.82,501.41
192.32,1062.1
195.34,435.92
199.21,1124.3
201.31,325.49
196.73,546.88
195.5,984
202.74,300.73
208.33,1234.5
201.02,1080.5
199.86,565.86
209.83,695.61
203.57,136.91
204.89,206.38
248.7,658.47
206.43,74.459
209.31,425.77
220.06,469.11
206.57,548.86
206.97,855.58
207.15,817.85
218.78,1117.7
220.96,590.74
220.89,261.71
229.51,1182.2
216.13,934.5
224.51,910.15
217.58,31.895
218.08,497.08
221.23,786.16
225.18,104.6
224.08,570.56
226.27,814.02
225.84,832.75
239.7,991.48
226,49
230.64,526.89
236.4,5.9167
229.65,487.62
231.95,756.33
230.69,139.48
231.93,933.22
285.6,1079
232.45,1221
235.04,1244.5
235.61,309.24
244.13,1111.9
240.72,375.9
238.69,493.19
242.81,508.29
284.81,948.81
242.05,30.349
239.49,741.46
238.72,828.65
241.14,1155.1
247.64,892.65
248.14,245.69
247.43,538.9
256.06,1236.2
254.23,341.53
249.65,309.27
252.2,1159.5
251.14,362.86
256.37,555.8
260.01,437.6
260.24,790.08
256.93,816.6
262.46,1016
263.38,153.47
260.67,864.35
258.57,1127.4
259.8,1188
264.43,499.49
267.51,94.11
270.68,71.743
267.75,742.82
266.67,1145
279.73,123
291.69,383.77
267,463.5
275.4,892.91
270,1053.7
274.2,333.68
271.43,714.57
270.58,825.89
271,1231
274,815.89
273.91,448.91
274.46,999.95
276.93,428.98
275.5,877
276.94,1152.3
276.92,841.08
284.92,99.203
280.93,739.02
281.86,750.86
284.24,816.43
289.64,688.71
288.17,832.66
285.4,10.08
284.64,858.5
311.44,39.517
288.21,1003.2
289.05,603.12
287.95,804.83
289.96,229.7
299.71,1017.8
290,895
297.73,309.24
301.02,581.46
295.02,1118.8
292,79.5
294.71,9.2857
326.76,895.35
300.61,182.1
296.37,486.23
299.84,858.02
297.89,1054.3
302.27,90.345
308.17,429.18
301.76,1235
313.39,345.94
304.91,415.57
308.28,876.36
309.11,478.11
311.21,646.79
316.49,496.09
318.6,291.34
318.31,818.02
320.01,527.39
319.53,452.64
322.21,920.32
319.7,70
322.25,861.15
330.73,422.72
324.17,556.11
331.46,722.85
328.82,253.18
336.24,1046.7
329.77,542.09
349.08,1242.3
344.43,532.93
334.35,855.88
336.39,567.71
346.54,486.09
337.57,648.9
343.02,700.92
343.47,123.21
341.09,1009.8
343.93,63.407
349.64,943.74
358.63,801.31
349.31,1198.2
352.13,467.47
350.8,257
346.95,553.9
349.44,1018.9
347.9,673.84
352.44,993.01
348,566.5
353.34,770.81
355.77,630.06
360.75,553.37
353.53,906.75
357.02,115.62
359.59,361.07
355.5,853.5
365.74,52.867
362.03,315.97
365.09,882.46
361.64,39.857
361.59,662.06
363.19,727.84
384.52,137.06
369.62,389.7
366.59,568.1
368.45,971.69
363,65.5
364.77,599.25
365.62,1077
364.71,90.571
365.68,637.84
370.49,10.792
367,655
370.18,1101.8
370,933.38
370.5,612.5
370.5,1016
381.43,580.59
373.86,26.095
372.91,471.91
384.28,102.74
376.55,507.44
383.43,1075.2
375.5,128.5
381.83,369.71
377.98,838.31
378.33,1053.4
378.5,35.605
378.91,876.95
383.8,458.29
383.77,784.39
380.5,1128.1
401.53,552.04
382.67,1178
382.71,233.29
383.75,609.03
382,1043.5
386.38,714.79
387.73,898.37
386.56,929.51
395.07,501.18
391,697.48
390.9,381.92
392.77,992.4
398.32,587.42
398.9,676.6
398.36,957.62
393.93,754.44
395.07,941.93
403.14,1169.5
400.86,1228.7
397.96,720.59
400.02,894.57
407.1,853
403.55,638.97
403.33,692.14
409.51,743.87
406.76,1096.1
403.96,329.41
407,247.16
408.32,412
407.58,602.89
409.85,1197.9
414.52,699.05
417.33,583.92
413.06,655.14
415.24,1121.9
415.25,1088.6
423.3,1145.2
417.31,1050.5
415.29,1235.3
418.92,413.67
417.9,1174.4
418.5,553
427.47,1103.5
420.25,628.75
420.26,821.19
428.93,486.67
428.92,506.29
431.72,648.77
443.41,1076.1
435.96,837.25
445.01,92.29
436.56,880.05
438.43,765.57
430.42,1060.9
436.88,1125.5
434.59,999.41
434.88,810.98
444.69,1215.4
440.22,586.47
445.16,183.98
444.99,305.53
439.84,1170.1
444.71,453.74
443.07,625.74
457.87,938.55
471.39,331.69
448.82,969.72
450.88,466.04
457.84,717.79
448.5,699
461.25,1037
451.17,1140.7
456.01,255.56
458.61,595.85
457.71,833.04
455.1,862.97
455.07,1171.4
456.15,785.37
455,1246
459.66,286.49
462.5,144.72
473.35,917.62
461.83,612.48
461.79,755.81
463.85,819.21
468.67,1085.9
462.93,186.26
469.82,869.17
467,308
476.36,279.69
470.5,1246
477.96,200.01
474.84,881.84
475.38,143.81
481.19,844.39
488.67,981.55
479.7,549.41
483.96,611.05
479.79,1188.7
479,658
494.03,811.12
488.09,164.89
498.44,1237.4
492.96,275.61
488.85,918.08
490.43,756.82
502.77,246.26
493.24,637.21
495.07,120.78
511.56,494.83
500.62,395.84
494.52,1146.5
494.5,349.5
497,417.7
499.91,715.32
499.12,933.69
504.28,608.47
500.79,685.91
500.27,227.91
498.23,342.84
504.76,662.79
503.71,1014.2
500.63,1075.5
501.91,379.09
506.4,69.6
504,325.5
506.6,1140.9
505.1,762.05
508.33,1035.7
510.78,1070.6
526.3,724.95
513.59,757.07
515.22,320.11
515.93,94.593
516.71,119.29
522.15,278.63
528.33,896.06
520.68,260.08
520,87.5
522.55,477.53
528.46,1089.7
530.4,1208.8
531.78,1009.9
523.26,1026.2
524.42,1132.2
525.14,592.23
526.02,1242.4
532.56,249.19
540.66,6.2862
528.6,400.27
533.22,607.3
535.73,461.73
542.27,363.48
554.92,281.01
547.04,500.22
538.2,86
540.09,322.62
545.11,414.45
547.87,380.13
546.13,944.72
541.92,1244.9
543.92,340.92
549.68,219.76
550.48,77.987
551.58,1089.8
549.05,621.84
565,729.77
549.57,1171.9
547.94,1205.9
552.64,311.56
552.17,464.67
556.07,921.19
559.94,532.72
558.76,517.82
557.64,692.32
557.86,815.14
558,1056
565.08,252.42
565.28,615.37
560.93,838.74
563.16,12
563.8,643.9
563.57,873.14
563.75,1073.1
562.11,1208.4
581.09,478.84
568.11,2.8689
565.94,590.22
585.48,1183.8
563,1213.5
566.15,512.81
566.78,1089.9
575.72,1243
569.9,435.38
570.84,1058.4
569.4,1211.4
577.21,357.48
572.5,416
573.64,507.66
586.32,1024.9
577.88,586.83
576.58,385.47
581.23,407.4
583.58,431.31
594.46,979.48
580.89,1154
581.9,249.93
581,675.5
590.73,539.64
583.4,565.6
586.03,293.57
593.28,813.95
588.23,1085.2
587.78,610.62
593.77,1243.6
600.68,303.96
594.63,622.58
594.83,660.87
608.49,769.92
597.93,1066
641.75,475.2
601.59,746.52
599.44,528.8
605.46,214.47
609.64,1003.8
601.09,431.68
608.45,637.57
602.43,729.39
612.12,41.608
608.36,699.19
608.46,1066.7
608.63,489.9
610.94,1104.4
623.67,1128.5
614.41,344.39
614.49,1237.8
618.44,6.2519
615.94,270.29
613.64,65.564
618.96,175.3
621.59,368.95
615.18,1199.4
616.95,90.432
616.5,406.5
617.5,749
617.44,1153.2
619.18,815.98
620.94,1217.7
620,633
626.75,839.25
627.3,978.2
632.08,299.91
632.14,246.87
630.78,639.59
644.65,868.75
647.9,428.45
639.43,553.11
638.11,788.7
642.29,948.88
643.69,1081.1
642.63,662.75
648.71,700.98
642.89,1113.4
644.5,255
653.95,1025.2
647.24,1046.9
649.59,1003.2
649.14,1238.4
650.24,574.61
649.45,495.29
653.85,344.22
662.79,625.01
653.99,269.13
655.86,1071.3
670.78,1161.3
652.71,388.29
652.58,519.89
654,925.5
654.12,1170.7
663.34,192.17
671.93,546.2
656.18,827.36
660.72,954.78
661.67,1110.1
658.77,1046.8
665.68,856.89
684.42,746.67
664.59,913.2
674.29,1198.2
672.3,243.48
666.12,429.62
666.89,419.58
668.93,395.61
669.46,754.38
673.57,466.45
673.56,567.86
672.21,1010.4
674.39,1061.7
673.75,118.12
674.05,888.9
676.17,263.67
677.02,853.35
691.48,934.96
685.89,809.81
681.83,1244.6
683.06,772.9
684.77,1027.9
688.27,1099
681.6,933.4
685.82,24.561
693.94,380.6
704.78,201.58
684.05,969.1
692.34,267.6
721.17,587.26
691.31,156.84
690.46,732.13
690.35,1220.6
690.45,526.59
698.45,1065.6
697.12,995.82
695.02,51.196
696.41,797.21
710.79,465.61
703.01,333.65
699.79,1127.4
703.84,552.71
701.24,620.1
701.58,31.895
703.53,527.32
701,569
705.93,540.46
707.03,1045.4
708.76,703.45
702.12,960.9
708.25,565.01
714.25,1143.5
708.29,886.06
710.94,1084.6
712.46,1237.9
708.67,124.17
708.38,906.12
711.07,350.29
715.99,496.21
711.79,935.47
716.98,1021.2
721.66,320.49
711.41,434
716.33,850.24
717.29,242.93
724.88,92.562
714.39,529.03
721.29,1216.4
717,385
722.57,653.73
720.88,950.21
730.16,804.43
724.9,81.38
725.76,1064.7
733,179.29
737.22,215.01
726.89,354.5
748.14,739.75
730.94,997.42
733.04,700.04
727.5,826
733.43,978.29
743.28,544.42
733.75,115
740.23,1049.9
733,402.83
745.2,893.76
734.54,1011.2
736.78,477.37
738.69,128.07
738.08,1026.9
741.69,360.73
745.7,512.77
740.55,705.39
741.57,1181.6
742,245.5
744.22,484.82
759.5,136.19
747.78,942.88
745.15,1240.2
754.85,236.93
753.3,338.27
756.36,604.66
764.07,94.32
748.5,1003
752.92,805.67
755.23,627.31
754.53,976.57
753,198.5
759.25,472.36
759.4,157.09
757.24,64.196
755.64,646.19
764.08,853.14
762.25,295.79
757.19,688.82
767.99,1080.9
756.55,1185.8
764.72,406.59
759.17,786.12
760.41,379.36
761.61,523.57
765.68,1109.4
762.84,1135.1
764.54,1165.8
763.5,83
763.5,473
765.69,1206.6
767,544.38
772.21,928.29
782.65,243.39
774.05,429.26
773.5,117.5
776.78,1211.7
774.58,649.89
783.24,890.98
781.53,486.94
788.41,565.57
777,677
782.62,188.04
780,694.5
780,1013.5
784.42,353.03
783.59,834.18
781.58,316.11
787.03,719.53
784.72,957.47
786.9,1001.9
785,2.2667
782.88,127.65
782.71,676.43
786.45,858.86
783,323
792.04,392.15
797.83,544.78
790.14,109.31
788.92,766.08
790.62,687.91
790.41,1104
797.15,308.43
792.2,424.76
791.09,607.21
794.23,127.26
800.6,942.62
794.29,1088.4
795.5,702.03
794.35,816.27
800.35,1172.6
795.41,793.07
798.69,1054.9
796.43,189.57
796,772
805.57,742.24
802.06,765.33
802.63,463.37
801.42,986.89
821.61,118.48
808.64,899.67
805.17,822.87
813.82,190.45
812.02,1026.4
807.45,695.39
816.66,334.97
808.33,424
809.06,1101.1
813.32,250.04
817.88,469.2
818.36,160.48
813.32,504.95
818.11,652.91
815.23,934.23
818.13,1135.4
817.83,1225.1
813.89,447.58
818.18,318.37
818,1151
819.11,305.42
823.52,409.76
820.62,1005.1
823.17,850.67
824.52,899.69
823.92,104.54
825.46,432.31
831.42,694.43
825.85,807.45
825.26,829.79
835.09,488.94
831.17,352.38
829.33,767.98
831.11,158.25
829.08,793.08
835.02,916.25
843.04,406.59
832,787.5
838.59,4.99
850.74,741.29
836.14,1032.5
842.38,200.66
836.91,439.91
839.91,541
838.5,1051.5
848.61,39.685
842.01,262.52
841.67,796.71
841.86,149.81
843.23,777.05
853.39,241.85
845.16,938
854.85,176.8
849.63,925.41
847.53,1204.8
849.39,14.734
847.35,1155.5
850.5,826
857.16,379.13
853.41,444.94
856.55,888.39
856.24,66.303
855.5,670.5
855,1200
856.67,332
860,438.32
859.33,521.58
863.94,643.55
865.05,289.21
868.42,327.81
868.97,865.52
863.5,899
866.53,1184.8
879.52,1220.4
864.5,395
872.37,418.68
873.92,482.22
872.59,974.95
874.6,1015.2
870.43,73.391
871.47,147.41
871.5,668
887.55,239.17
880.26,1053.5
875.65,301.3
877.59,2.973
882.4,137.01
887.89,813.84
879,355.32
883.37,602.81
885.84,880.75
880.04,149.46
887.28,573.17
886.13,965.8
883.89,163.58
886.98,295.02
884.33,210
885.07,274.59
885.9,731.57
889.43,1155.8
890.5,102.9
888,320.5
887.5,463
890.9,541.36
888.15,1172.7
898.08,628.08
889.67,1040.7
901.51,207.42
894.28,20.914
892.14,506.86
891.5,796
904.35,1021.2
899.58,269.63
895.69,1079.8
894,1124
899.8,351.13
903.54,292.24
897.88,835.35
904.36,488.02
901.05,157.09
903.88,553.44
907.84,909.09
903.99,856.32
912.45,523.99
909.23,840.03
908.09,162.38
913.57,580.51
919.86,107.13
913.86,244.11
943.59,772.69
913.04,396.34
918.03,799.06
912.67,1172.2
916.22,336.78
915.12,187.4
918.06,172.07
916.89,363.65
921.25,1073.6
919.67,313.35
920.04,1202.8
924.14,1242.5
919.02,295.31
922.05,609.76
938.84,254.93
925.12,558.42
930.04,726.87
919.86,848.86
924.66,1048.8
922.39,813.5
926.13,208.26
925.5,594
926.04,968.23
927.48,417.78
925.6,542.6
928.49,230.06
929.18,1092
936.65,59.294
931.66,190.97
928.88,529.58
928.54,1113.6
937.42,328.44
933.26,502.39
939.07,812.26
946.56,548.9
935.87,1207.9
939.7,592.49
939.34,112.9
935.41,398.41
936.68,959.06
939.76,1022.5
938.84,156.68
939.63,281.2
939,755.83
941.56,856.25
939,228.5
942,994.45
946.8,204.21
954.38,495.83
944.3,1234.7
951.49,394.88
945.9,377.16
955.44,528.76
947.05,633.1
947.07,1081.4
954.84,126.67
950.33,910.78
953.58,79.77
950.88,451.35
957.02,660.75
973.76,801.15
965.56,846.52
961.35,617.71
959.93,1118.5
959.77,171.63
961.36,871.54
960.7,192.57
961.43,1100.4
963.9,64.565
962.71,1198.7
971.73,542.91
963,96.5
970.58,645.51
987.79,982.09
972.53,924.14
972.36,79.269
969.12,880.15
975.38,1073.1
973.72,387.03
982.1,314.47
976.83,954.03
977.54,523.04
984.43,1119.5
979,488
984.38,1235.7
989.44,1061.4
985.09,85.636
984.78,104.38
986.49,514.65
987.1,910.12
986.54,1007.8
996.17,1040.2
994.05,1149.2
989.59,550.49
987,813
992.09,601.91
990.59,704.74
991.67,475
994.57,526.65
993.69,753.72
1011.2,875.63
998.65,3.614
995.5,1023
999.17,775.28
1000.6,827.81
998.57,489.57
1002.4,504.26
1018,443.97
1001.7,951.43
1000.1,376
1004.7,1195
1007.5,656.31
1002.9,586.23
1003.8,798.74
1006.8,401.06
1010.5,564.79
1008.3,591.64
1011.8,983.62
1019.1,480.69
1025.6,606.96
1016.1,213.38
1031.6,1089.5
1028,17.792
1015.8,346.7
1017.5,126
1019.9,379.5
1019.5,582
1024.9,771.59
1022.6,789
1025.4,548.43
1022.8,639.18
1021.4,970.57
1020.4,738.54
1033.9,140.98
1052.2,385.68
1025.6,1243.4
1031.3,828.39
1027.6,983.68
1028.4,1128.5
1040.1,90.634
1033.3,390.92
1035.7,650.36
1042.5,791.24
1037.1,1246.5
1038.7,171
1052.7,499.65
1043.9,974.31
1041.4,105.52
1040.8,747.93
1050.1,833.65
1042,849.41
1049.7,1107.5
1051.8,1142.4
1047,659.31
1045,1204.9
1045.9,16.44
1049.5,474.7
1047.8,568.65
1049.2,286.33
1055.4,1221.8
1053,294.66
1053.9,193.04
1052,523
1053,429.5
1054,607.41
1068.3,223.59
1054.5,328.5
1055.3,673.26
1055.7,766.08
1057.1,48.03
1059.1,661.8
1061.5,211.71
1072.8,123.45
1065.3,645
1062.7,139.32
1062.6,779.09
1065.1,251.22
1090.4,573.03
1065.6,920.72
1066.3,161.67
1065.5,753.58
1069,801.49
1065.8,944.3
1068.2,68.429
1070.7,740.48
1070.3,828.39
1076.3,4.9068
1079.8,1155.8
1071.2,714.41
1081,425.54
1072.8,548.46
1071.9,699.09
1075.5,957.91
1073.3,530.03
1079.7,102.44
1082.9,324.05
1083.9,453.68
1081.3,23.909
1080.3,875.39
1088.2,1234.1
1087.1,188.32
1085.9,817.97
1088.1,485.28
1083.3,797.29
1086.6,295.75
1091.3,66.372
1092.7,147.54
1101.3,849.6
1094.2,510.82
1093.4,551.2
1097.6,805.65
1096.3,1072.9
1096.9,90.939
1095.9,262.5
1097.8,639.31
1096.5,1033
1099.5,479.42
1101.7,726.41
1099.6,954.77
1108.4,818.93
1100.4,835.98
1101.1,52.421
1101.8,274.71
1103,608.5
1103.7,921.7
1103.3,470.95
1103.1,937.15
1105.3,1012.3
1116.4,1194.3
1109.2,402.78
1109.2,145.77
1104.5,372
1105.5,417.12
1108.8,175.27
1115.8,502.64
1107.6,683.36
1111.7,701.29
1110.4,461.85
1110.4,615.8
1113.9,640.55
1111.1,257.1
1109.9,448.31
1111,36.419
1110.5,956.55
1118.8,1122.7
1120,752.13
1117.7,862.09
1120.4,1004.4
1118.8,1028.4
1117.8,292.56
1119.5,724.72
1122.2,930.12
1124.6,221.48
1117.5,607
1125.6,27.862
1131.4,1079.2
1127.5,242.88
1124.8,658.08
1121.4,671.11
1122.4,797.5
1123,973.5
1136.6,104.57
1131.1,454.53
1128.7,120.26
1130.2,529.49
1133,845.38
1133,202.76
1133.6,986.4
1130.9,187
1133,235.5
1132.6,768.94
1137.2,504.24
1140.2,1110.7
1135.9,91.407
1135.6,735.61
1144.5,1152.1
1149.2,709.89
1146.3,910.54
1138.9,539.05
1140.1,631.97
1147.9,607.31
1145.3,1005.8
1160,442.02
1149.7,728.2
1149.1,67.258
1151.7,648.69
1150.7,1128.5
1160.2,405.87
1161,826.29
1153.4,1026.7
1157,1072.7
1155.2,208.64
1151.6,1198.9
1153.4,229.82
1154.4,863.4
1159.7,928.05
1165.6,46.817
1156.3,165.38
1159.2,687.88
1158.6,876.12
1159.2,1107.5
1157.2,419.79
1157.1,1141.6
1157.5,849
1158.7,892.29
1157.4,1171.9
1160.3,121.95
1162.6,243.28
1162.8,546.33
1162.6,1195.6
1161.4,1210.6
1162.7,86.324
1162.8,1246.2
1171.1,319
1170.4,601.17
1166.3,1159.5
1167,171.5
1169.7,619.94
1186.7,873.65
1170.1,357.84
1170.1,3.5789
1177.8,83.439
1182.5,1065.7
1175,57.836
1175.2,659.15
1173,672.71
1174.4,725.97
1176.8,515.05
1176,580.46
1175,1042
1175.8,18.036
1184.8,192.1
1183.9,832.11
1181.4,1203.3
1179.6,764.45
1182.2,433.57
1190.7,1153.9
1179,1178
1188.1,694.38
1183.4,850.36
1192,963.06
1182,250.9
1188.8,1094
1185.8,236.73
1191.8,633.91
1185.4,895.15
1190.7,68.14
1185.6,298.6
1193.3,165.26
1190.3,773.31
1189.4,977.89
1194.9,1195.9
1192.7,1222.4
1199.3,304.45
1200,608.77
1195.3,1239.3
1195.5,102
1200.9,430.18
1196.3,894.89
1199.3,86.443
1197.1,807.09
1207.1,143.18
1200.7,853.96
1198.5,1012.9
1204,768.44
1203.7,20.179
1205.8,57.368
1204.8,386.71
1205,795.73
1205.9,464.4
1203.4,676.84
1211.3,901.93
1209.5,1242.3
1207.9,841.09
1208.4,1095.1
1213.5,238.52
1212.3,453.07
1214.4,1179.5
1211.6,781.91
1211.5,32
1211,329
1213.5,159
1218.6,259.78
1216,975.19
1224,735.52
1216.9,200.66
1223.9,1201.5
1216.5,962.5
1223.3,1001.2
1224,807.11
1222.7,46.357
1223.3,177.3
1233.4,1038.6
1223.2,1142
1225.8,120.91
1219.3,833
1225.4,9.9882
1225,864.72
1235.2,1067.2
1221,1227
1232.5,308.53
1231.7,625.43
1224.5,710.35
1226.7,233.81
1225.5,472
1237.5,386.6
1238.5,1219
1227.5,35.771
1236.7,339.39
1227,776
1240.9,827.73
1232.3,62.914
1234.4,206.11
1233.5,772.8
1233.6,1181
1239,95.564
1234.5,1084.5
1235.6,50.119
1236,846.5
1241.1,948.82
1240.1,1109.4
1238.5,366.29
1239.3,144.57
1239.4,873.25
1245,123.99
1243.7,480.61
1244.1,589.56
1243.3,1091.1
1244.8,1053.4
1244.7,1245.5
1241.3,253.45
1244.9,1144.4
1245.8,736.11
1245,783
1246.4,183.89
1246.4,460.7
1247.2,1013.2
