2.4444,614.11
7.6,1179.6
5.5862,494.45
13.15,540.85
14.033,819.93
15.611,699.14
18.698,884.67
26.507,1010.2
32.559,1142.3
34.394,1071
30.826,909
32.577,645.65
43.361,418.73
38.5,948
46.955,1015.7
60.582,806.26
47.44,39.92
54.608,909.62
55.088,462.88
58.634,1065.6
61.744,1228.6
67.622,236.07
59.885,410.35
64.5,451
68.75,123.17
69.043,421.88
76.042,24.647
67.92,1172.6
81.731,38.701
84.391,370.69
87.059,919.45
90.099,199.99
89.807,457.07
90.889,418.33
90,442
91.719,1019.1
97.075,325.89
100.44,1224.6
98.364,65.5
99.679,447.11
103.36,377.11
101.5,702.62
107,416.5
115.6,439.79
112.5,757
115.31,526.34
117.5,143.5
120.14,45.534
140.95,1010.7
121.46,1163.3
124.83,285.78
126.42,881.89
131.09,970.13
131.5,720
135.44,1085.8
137,787
139.12,948.65
146.24,182.65
143.09,504.91
146.88,1148.4
146.8,1133.3
152.94,793.92
149.39,390.86
152.55,974.5
161.48,1155.8
169.94,175.61
167.43,862.43
175.41,423.11
168.94,753.25
169.38,909.65
174.42,833.3
183.1,231.07
176.69,31.281
181.55,346.27
182.98,382.28
188.07,486.85
187.07,1162
190.33,993
204.02,1141.7
202.12,60.5
205.3,972.82
207.35,803.24
207.88,1114.1
212.44,790.44
215.81,1004.1
217.88,958.88
220.26,929.08
217.58,1047.9
220.34,18.585
236.62,569.29
233.23,294.96
238.45,241.32
239.44,411.19
237.81,937.35
242.26,922.23
241.79,137.9
239.5,368.5
246.9,986.06
246.39,881.53
246.26,651
255.98,793.75
254.24,813
260,949.5
258.58,1000.9
256.5,1209.4
260.6,1120.1
262.93,222.48
265.93,478.93
267.93,906.4
264.23,874.84
270.97,73.693
273.87,429.25
272.03,1070.3
274.35,1087.2
271.31,41.914
277.99,223.35
277.62,460.12
280.02,164.21
280.05,368.71
288.3,1054
283.55,267.44
281.09,1074.9
281.5,1175
282.5,473
287.8,346.46
289,108
287.86,847.5
290.34,520.52
293.32,1124
293.07,85.045
294.44,196.83
295,802.32
295.96,904.18
296.11,564.42
304.12,438.56
301,1213
305,515
306.37,1021.6
306.91,551.6
306.92,270.92
312.23,650.44
310.94,922.34
317.97,53.625
311.5,811.5
317.43,1100.2
319.11,335.05
316.42,1056.1
322.06,10.329
323.78,418.11
321.14,733.5
323.1,77.517
327.27,1124.6
326.5,940
330.16,452.75
332.68,402.86
331.07,604.44
333.66,213.31
332.08,772.92
334.05,1205.1
335,302.74
334.37,808.37
336.22,670.44
346.83,793.39
344.47,533.09
346.87,96.652
357.54,1014.2
360.41,478.98
362.11,334.03
366.44,1027
368.22,371.98
368.97,732.11
367.76,840.64
370.09,1239.1
377.39,973.58
380.84,483.05
377.92,1034.9
382.89,998.41
384.21,199.7
380.5,1020.5
387.5,1243
388.89,946.58
397,65.24
395.09,1154.6
395.91,83.091
401.04,498.94
408,357.91
407.4,848.6
411.06,747.2
410.5,282.5
420.18,923.75
418.4,796.6
424.41,455.83
427.84,92.835
425.23,683.44
431.21,665.39
429.89,832.39
427.96,801.09
435.56,244.2
438.33,703.45
441.46,1000.6
441.44,194.48
439.08,903.08
443.36,1015.6
441.93,216.41
447.44,876.92
454.91,407.88
445.83,677.49
456.59,701.94
454.44,530.92
462.49,336.87
468,281.21
464.71,915.98
463.67,988.79
464.92,181.47
463.92,796.92
466.43,9.3913
475.45,713.53
469.95,941.17
477.9,49.26
478.77,508.88
482.17,1170.3
478.54,561.77
479.5,634
485.21,314.5
487.9,618.19
488.14,224.71
486.89,66.37
489.85,843.23
488.88,339.54
495.88,630.88
498.08,540.5
492.6,578.6
494.45,275.08
497.74,455.64
497.5,576
497.5,789
504.37,23.013
499,1169.5
508.6,151.53
502.5,684.5
504.95,1214.9
507.43,1182
509.42,773.89
516.48,864.53
512.74,459
517.04,474.79
515,1177
516.48,1111.3
518.38,191.73
519.78,599.56
517.42,706.45
530.26,438.43
530.83,959.6
528.45,1170.3
530.41,180.41
532.47,653.76
530.5,377
536.65,333.71
534.34,634.46
542.97,934.76
541.62,474.25
541.91,287.91
541.86,662.17
544.57,916.83
545.41,611.93
548.5,1039.9
552.31,289.35
555.29,109.24
554.67,530
569.61,440.33
570.43,95.054
578.36,600.35
578.07,1077.9
578.37,500.63
580.07,175.41
582.33,274.87
587.48,156.05
585.58,209.89
586.5,1066.5
589.2,304.46
590.8,591.49
593.26,1084.3
596,190
597.15,708.57
597.71,650.91
604.46,129.91
604.33,42
616.7,70.231
608.93,175.07
613.45,970.75
613.09,953.57
614.22,813.44
615.95,123.83
617.7,728.5
619.85,1102.9
624.31,320
623.85,404.55
625.42,475.56
628.08,1026.9
629.37,568.63
633.58,330.11
640.33,997.69
642.18,46.63
645.68,461.37
640.75,648.75
652.92,393.67
653,205.5
655.09,1036.4
653.83,344.42
654.8,416.57
669.27,821.56
658.21,534.15
658.58,1076.5
661.22,85.327
662.39,234.75
662.7,318.8
668.07,346.84
670.57,788.8
669,463.5
669.55,61.69
673.83,300.14
677.73,413.94
671.5,522
678.81,768.6
674.88,562.35
681.42,60.977
680.15,510.02
685.27,253.73
685.37,690.52
684.86,712.86
690.28,438.55
689.46,565.04
689.09,609.09
689.5,597
694.25,370.75
697.71,858.4
698.54,938.09
701.62,80.673
701,281
701.41,486.07
706.14,745.6
704,268
706.89,547.42
715.52,354.39
716.93,268.93
718.27,365.63
723.18,814.4
728.58,1050.8
728.5,588.5
735.26,282
736.5,136
737.69,1165.1
746.29,930.61
745,1223.5
744.42,722.11
746.78,1060.4
748.44,185.92
750.36,439.57
753.26,710.07
756.54,933.59
760.68,1124.6
766.4,1195.1
765.92,213.56
776.37,98.612
770.39,721
771.55,470
777.25,426.86
779,346.5
783.68,476.7
783.5,606
785.73,189.35
789.76,967.59
789.93,867.27
795.26,459.26
794.35,567.71
794.91,52.909
799.02,901.73
801.5,1217.5
801.6,423.4
803.39,159.14
809.61,329.42
812.66,847.36
814.38,920.1
816.44,737.02
815.92,240.56
818.62,1037.1
820.26,173.6
822.09,6.9091
822.67,1077
824.5,228.5
825.91,761.48
829.8,17.914
836.66,676.85
838.61,399.17
836.5,1200
840.77,916.97
841.22,500.38
841,1128.2
846.5,454.1
850.08,765.33
852.72,146.78
855.13,612.02
858.88,576.65
856.09,1038
858,853.5
864.14,1086.5
868.25,454.47
869.17,150.3
868.11,958.5
869.08,245.08
868.5,586.5
879.35,914.51
869.58,996.42
871.72,871.45
877.83,96.095
876.92,431.6
879.44,947.89
883.5,1055
884.12,1123.9
888.74,309.57
883.5,351.5
885.74,776.65
888.11,73.333
889.24,529.95
889.06,762.58
895.83,1019.1
896.06,548.03
899.48,621.59
902.84,855.27
907.57,562.72
904.95,541.31
908.5,633.15
909,700
913.1,297.45
918.89,280.09
919.23,959.92
926.52,604.21
918.55,753.42
926.55,68.121
927.79,740.91
927.95,547.29
926.5,806.5
934.09,670.03
929.5,1100
932.5,249.5
937.39,1022.9
933.82,1149.6
935.53,721.17
935.94,885.55
951.88,377.29
943.19,1066.4
941.16,236.57
944.21,739.64
941.85,186.35
943.87,261.59
942.56,957.92
947.15,889.54
953.93,303.31
952.09,340.83
951.92,640.95
952.34,1037.7
960.27,138.38
959.37,506.42
961.38,679.31
959.19,1240.8
965.08,1004.6
965.14,276.93
979.08,1002.1
980.38,617.5
983.08,791.36
991.05,863.45
990.68,1056.5
991.46,715.06
992.35,821.91
995.51,1105.3
994,94.5
996.12,763.26
997.63,112.67
1001.1,369.25
997.04,489.07
996,933.82
997.71,530.29
1005.1,587.64
1005.9,434.95
1013.9,869.63
1024.2,173.41
1013.4,210.32
1020.5,1056.6
1021.9,96.603
1018.9,387
1022.5,693.26
1021.9,329.6
1021.1,1092.9
1024.9,544.02
1024,862.05
1026.1,454.05
1025.6,400.57
1032.2,652.32
1024.5,810
1025.5,720.5
1028.9,1211.9
1029.8,783.22
1037.9,1173.8
1033.1,1105.1
1032.1,351.77
1033.9,981.65
1033.3,501.93
1037.5,549.22
1046.5,287.12
1043.9,674.1
1051.9,744.44
1057.2,20.902
1051.6,1160.3
1060.2,391.57
1054.6,1061.2
1056.3,541.62
1058.4,1139.3
1057.6,1147.6
1067.9,82.955
1066.7,413.25
1064.7,575.76
1067.7,984.91
1066.9,656.69
1066.6,909.89
1068.1,1024.9
1072.4,548.43
1073.4,850.13
1080.9,10.654
1080.5,1060
1080,1106
1084.5,489.88
1083,1095.6
1088.1,614.78
1088.4,1067.3
1090.2,589.23
1100.1,413.46
1094.8,570.52
1100.7,211.66
1103.4,919.27
1099,985
1098.9,1050.1
1100.9,720.48
1100.6,1118.5
1101.5,32.818
1104.4,328.63
1106.4,580.04
1107.7,1172.2
1109.4,18.949
1105.4,1007.1
1110.4,761.34
1114.5,1087.4
1116,142.62
1116.6,739.62
1114.4,801.89
1121,728.17
1124.2,1018
1128.6,72.352
1125.5,38
1125,555.5
1126.4,919.74
1128.2,610.46
1129.6,976.9
1133.3,464.09
1134.9,705.98
1135.7,26.417
1139.1,62.026
1140.6,871.39
1141.4,814.83
1142.7,89.171
1144.3,734.83
1146.8,14.633
1146,474.5
1152.3,547.31
1152.7,42.779
1167.7,840.94
1159.7,1170.8
1162.4,756.5
1168.9,4.6804
1163.9,47.44
1168.3,1141.4
1171.5,603
1174.2,754.52
1173.4,630.89
1175.9,1170.9
1177.9,281.7
1182.4,951.15
1180.7,21.671
1183.4,73.443
1182.1,1140.6
1181.9,366.86
1182,853.59
1191.8,126.95
1184.4,1028.1
1183,1130.5
1187.9,538
1188.3,1171.5
1193,1083.3
1194,233.85
1193.7,786.91
1198,30.265
1199.6,12.451
1197.4,444.11
1205,677.52
1201.8,1162.8
1206,932.86
1205.9,247.44
1214.4,812.42
1214.1,645.5
1219.3,14.079
1214,411.5
1213.5,465.5
1216.9,923.75
1220.2,760.97
1223.6,93.196
1222.7,1100
1223.4,1180.2
1228,1022.1
1227.9,478.38
1229.5,1005.3
1231.5,914.64
1236.3,15.158
1236.5,2.6364
1241.7,1155.3
1238.4,847.18
1243.8,978.38
1240.6,1173.1
1242.6,1056.6
1244.6,75.375
1245.7,304.47
1247.1,261
