3.5072,910.42
2.6562,1087.7
6.7778,635.44
23.88,716.36
32,819
38.667,1156.7
40.328,135.69
65.174,928
66.5,9.5
80.367,629.37
87.167,208
94.5,368.5
96.816,1093.3
98.326,392.57
96.837,348.57
99.388,89.553
100.05,942.93
102.86,1011
115.17,50.288
125.85,27.402
136.37,1176.9
135.12,761.98
143.25,941.95
150.59,78.419
166.92,27.718
180.33,807.64
186,248.5
190.02,362.68
195.02,740.81
194.32,1202.8
199.12,519.98
200.38,265.66
206.54,39.917
206,425.24
207.96,862.79
215.63,617.34
226.5,322.25
236.11,95.143
235.84,698.5
236.5,369
242,750.32
254.22,895.13
255.88,144.06
259.04,776.08
268.57,234.47
267,735
275.19,819.72
273.06,167.69
282.09,1014.9
287.54,377.56
295.23,902.63
296.53,1201.8
299.62,703.62
305,623.5
308.57,996.45
312.25,213.08
322.83,1099.1
323.53,99.733
328.58,729.42
331.29,531.71
343.84,308.14
347.72,1055.2
351.29,631.5
351.83,1124
354.29,1170.9
355.75,370.83
358.25,816.03
369.66,1178.8
374,45.5
376.88,446.12
377.42,153.89
378.42,72.105
386.52,571.91
386.91,792.03
386.5,141.5
395.69,1234.1
397.88,323.5
406.63,914.63
414.85,485.58
415.83,960
433.14,825.65
432.95,1195.4
442.57,372.36
445.53,9.9438
450.11,332.21
459.41,923.07
464.43,34.163
463.33,682.56
479.44,1232.7
483.35,193.39
512.85,867.14
513.1,1115.9
515.93,1133.6
516,995
519.47,571.44
519.12,140.88
522.68,193
538.81,80.465
536.89,592.63
541.49,491.84
558.83,406
563,879.5
568.58,246.56
570.99,437.29
572.59,1244.1
574.45,98.955
581.18,1041.6
591,1238
598.76,348.4
599.04,1176.7
605.9,12.324
610.9,513.28
615.91,730.16
619.96,1217.4
623,531.17
625.6,971.16
633.18,532.61
642.28,762.88
655.98,621.38
666.5,736.5
676.91,165.66
675,508.25
677.62,1245.4
679.02,663.72
684.52,804.68
685.15,890.17
686,276.5
691.29,966.88
689.32,742
692.63,866.63
699.08,987.47
699.45,806.59
702.06,1107.5
707.88,206.47
709.32,754
714.93,114.42
715.12,725.7
713.58,854.55
720.09,1192.1
720.83,1043.9
727.58,880.06
735.6,637.46
744.87,1093.6
750.31,360.33
762.6,1015.2
773.19,861.09
773.56,148.17
779.79,389.24
789.42,1078.6
791.87,573.26
807.4,151.73
807.46,698.22
813.6,1104.2
811.42,485.11
815.46,1054.2
816,197.68
821.45,947.98
822.06,337.03
830.2,604.06
835.66,669.15
838.4,524.11
840.26,88.043
848.16,4.5714
853.03,651.28
866.68,414.78
866.42,1141.9
874.45,948.06
889,846
892.05,751.03
892,954
905.99,1127.1
911.37,484.23
926.5,501
934.04,1158.6
933,1213
942.06,100.09
950.26,479.43
952.63,565.63
957.95,739.63
956,381.5
965.46,684.01
968.8,1139.4
970.5,824
971.33,855
979.71,628.29
982.39,249.13
990.66,963.16
993.34,354.85
1014.4,1008.9
1018.8,486.9
1019.4,1132.9
1024.8,613.92
1039.9,1110.2
1057.5,160.76
1055.4,283.58
1072.2,1217
1074.4,11.677
1074.5,524.87
1081.4,236.24
1086.4,813.05
1090.5,395.33
1104.7,515.85
1108.3,810.93
1109,297.52
1116.4,575
1130.5,31.279
1137.3,695.65
1158.6,1129.5
1168.1,398.64
1172.9,236.64
1177.2,129.42
1182.9,551.98
1185,269.66
1189.6,260.4
1213.3,11.614
1220.5,667.91
1225,1133.5
1227.3,1164
1237.8,1156
1241.6,1174.3
1244.7,588.41
1245.3,1049.3
