2.8462,1190.5
8.9091,1060.1
18,1097.5
34.739,747.87
33,1160.5
41.328,1005.3
47.92,184.56
51.058,981.19
52.414,1107.1
52.174,846
54.5,1123.1
64.147,1177.4
73.605,276.77
75.413,390.89
82,579
83.367,1153.6
92.091,1140.9
96.871,528.11
99,186.29
97.419,1195.5
107,904
110.58,824.42
117.84,1076.4
113.11,922.63
122.74,1196.2
121.7,1094.9
126,507
138.04,1105.9
140.8,214.86
148.48,510.79
145.86,1122.5
153,398.17
155.08,232.56
159.84,567.13
164.4,1237.6
171,474.17
181.47,342.56
180.77,1157.1
196.37,189.43
199.09,107.23
205.82,287.89
219.15,316.66
249.89,68.021
251.33,24.852
259.98,1093.2
262.22,378.24
262.5,1189.4
263.57,1127.4
281.28,336.53
286.41,1088.6
295.57,68.946
303.09,118.95
309.29,842.75
313.66,87.961
313.45,1172.7
313,191.5
322.55,206.07
324,1215.2
329.55,414.08
333,476.5
340.55,154.8
340.33,434.59
341.18,112.68
346.32,206
348.16,270.53
348.85,982.41
359.8,180.53
356.76,290.77
359.32,97.059
365.44,1048.6
368.97,1245.8
394.09,238.09
394.42,740.58
404.85,1074.2
403.5,1188
409.12,511.17
420.67,1043
423.58,313.58
425.08,115.92
433.58,99.57
433.03,1110.9
433.95,198.05
433.33,1158.9
436.93,355.49
442.92,226.42
442.75,1200.6
443.82,308.33
448.57,506.39
452.61,1136.1
467.22,580.16
470.99,391.79
473.55,564.94
477.71,521.45
482.11,443.92
480.44,948.08
490.93,269.2
499.47,600.57
494.29,485.04
496.68,362
506.89,549.63
504.89,512.42
506.5,496
520.56,377.21
525.16,1029.7
524.58,259.11
528.38,402.64
527.86,1117.3
531.59,356.77
533.86,473.01
531.97,514.97
534,229
534.07,1008.4
536.5,592.5
542.89,354.53
545.79,744.78
544.5,651.5
546.82,582.39
550.65,663.34
548,534.5
553.49,807.54
555.39,269.04
555.22,730.78
554.5,984
555.6,204.5
557.79,1204.4
562.93,130.41
565.15,731.12
565.17,479.93
564.43,689.03
567.03,786.23
572.77,677.78
568.05,709.59
570.67,761.19
571.32,1240.8
573.37,825.38
579.49,1119.8
582.46,626.04
584.26,845.09
613.83,942.92
597.5,581.12
607.28,522.58
610.26,365.59
611.5,719.22
617.83,388.05
625.75,587.83
622.5,133.22
622.86,556.25
620.5,692
621,809.5
632.92,1212.9
648,867.32
657.03,489.93
658.31,461.5
659.57,680.62
669.06,755.06
669.65,903.76
670.67,303.28
671.67,869.91
673,1026.5
676.98,1158.1
677.07,518.41
684.15,293.55
688.66,778.63
692.59,421.29
691.15,1134
698.86,251.86
701.58,1161.6
705.15,517.74
702,784
702.67,227.17
708.85,1013.5
712.41,170.04
717.1,894.38
715.94,870.45
722.18,935.05
729.49,1047.9
750.27,844.41
752.4,792.11
754.5,746.5
771.43,1209.1
777.77,727.3
784.07,947.47
791.09,655.97
788.54,797.4
793.19,710.73
797.94,473.3
805.4,928.4
812.44,999.32
812.17,933.62
824.1,706.16
834.02,1024.1
841.71,750.31
842.09,773.46
849.48,1225.6
853.23,540.77
852.32,1209.2
857.93,517.59
859,387
870.56,594.48
872.09,1045.9
879,13
894.1,999.62
893.82,1152.3
896.11,510.93
902.88,1066.8
902.08,528.08
907.93,864.95
919.83,513
918,525.5
923.52,764.55
932.62,660.53
932.08,1206.1
934.92,529.92
946.39,223.13
946.87,690.13
961.03,493.16
966,1067
965.7,955.87
970,1214.2
983.95,1011
984.04,902.57
989.22,937.18
991.93,1143.6
993.07,355.41
1011.5,1130.5
1024.3,588.33
1027.3,1174.5
1031,714.85
1032.4,1052
1039.4,64.861
1045.7,437.07
1048.2,1119.2
1051.7,1139.1
1055.3,443.53
1056.3,469.12
1058.4,1192.5
1062.9,450.82
1063.6,1085.4
1072.6,156.33
1071,958.85
1072.1,1157.9
1077.6,572.36
1079.7,993.33
1080,1151.5
1095,732.93
1096.9,592.91
1102.8,689.67
1114.5,912.54
1116.4,1233.7
1116.9,959.92
1117.5,1093.1
1129,309
1134.4,346.92
1136.5,261
1144.5,1197.5
1146,1215
1160.5,334.3
1162.4,1227.1
1177.4,1236.3
1179.7,458.7
1181.1,265.76
1182,54.574
1204.5,97.048
1201.4,827.4
1209.5,1046
1218.1,126.09
1215,1116.5
1224.1,700.44
1234.9,435.56
1240.8,112.16
1243,1030.6
1245.4,631.08
