4.0958,248.2
4.3667,441.37
5.5,536
8.2969,224.44
15.689,361.45
12.061,983.8
10.116,294.88
14.978,1046.3
18.396,147.79
17.686,1080.1
17.5,568.5
17.636,1153.7
19.674,549
22.692,936.5
29.869,602.51
28.343,805.67
33.802,1081.5
29.421,1195.1
38.857,524.5
44.931,243.01
46.642,839.29
42.5,84
42.692,185.83
42.92,744.56
48.606,595.64
48.911,1049.6
50.579,1131.9
59.767,500.79
57.699,160.85
58.086,981.8
64.55,62.955
64.627,242.03
62,1123.5
64.901,896.1
67.733,412.22
69.271,1189.4
70.216,112.92
75.162,309.91
74.659,565.41
80.538,597.94
77.938,466.09
83.633,259.04
85.395,824
90.814,106.08
90.377,182.05
89.385,342.91
89.576,566.58
91.7,965.92
89.909,937.95
94.087,36.942
96.739,55.174
95.654,1177.2
97.161,868.52
100.77,1085.5
106.62,838.62
107.47,80.787
108.5,891.29
112.64,1176.8
112.92,207.72
113.37,773.77
117.06,787.64
119.33,961.56
123.27,65.268
119.05,100.95
128.56,315.69
123.06,487.7
123.19,1026
125.95,169.5
123.94,290.91
126.69,1046.8
129.91,680.22
131.07,121.74
134.2,866.15
135.59,948.71
136.01,31.412
135.39,1123.1
136.54,1190.2
138,174.5
138.44,377.92
141.5,697.39
143.04,127.43
142.39,975.39
143.07,479.41
148.12,518.65
143.85,1244.2
150.52,294.62
149.47,1162.7
154.92,357.34
154.91,144.66
151,799.17
154.17,1104.4
154.49,399.22
157.13,40.435
156.7,385.55
161.74,1228.2
163,878.36
164.08,1111.4
163.61,1176.8
166.5,518.5
168.38,289.88
171.47,897.67
170,1143.6
171.63,671.23
170.93,360.41
171.93,433.02
182.05,631.13
179.71,34.429
183.92,955.74
189.43,65.547
185.33,450
196.38,123.75
191.03,783.83
191.5,1053.9
192.58,557.23
192.31,1089
195.68,647.23
194.84,238.16
198,1076
199.59,292.86
200.38,1123.3
203.72,32.858
203.58,165.93
201.5,279.37
203.73,989.45
209.45,667.41
204.96,781.42
205.5,358
207,1061.5
210.11,456.09
214.34,1164
212,1008.5
219.17,560.95
226,99.244
225.17,163
236.67,559.29
231.17,598.72
236,803.95
233.98,418.54
237.53,444.23
236.74,1072
238.38,677.38
239.21,726.49
240.15,21.15
238.39,229.41
245.24,774.74
239.55,737.71
244.94,521.59
246.41,858.59
247.37,49.439
249.08,905.54
265.3,306.15
253.37,1055.6
259.46,1117.1
258.5,1078.5
267.96,41.25
260.5,675
263.65,972.5
264.71,530
266.56,1099.8
268.5,588.5
268.47,724.28
277.84,99.158
279.1,973.61
282.32,495.7
277.63,1161.6
280.34,243.05
278.09,1134.1
281.76,510
284.87,26.478
287.05,554.68
290.86,925.6
292.28,1156.2
295.2,67.969
299.03,122.95
296.58,544.58
298.45,1231
299.48,375.54
298,620.83
299,666
303.12,472.03
302.57,871.68
303.77,22.533
305.5,56
312.08,307.03
307.03,1064.6
308.09,133.91
313.03,414.44
310.07,602.41
311.23,747.63
311.5,564
312.92,1235
315.37,440.8
316.6,493.28
320.18,289.9
322.12,525.64
323.1,760.94
325.56,551.65
324.12,1200.8
325.66,909.59
325.5,1132.5
326.13,1225.4
327.8,400.13
329.6,797.6
332.16,964.29
332.47,267.72
332.82,341.32
333.41,500.63
335.43,190.32
337.87,519.35
335.92,44.917
339.45,400.41
344.83,535.87
344.3,1121.2
354.03,182.62
350.5,669
352.5,39.5
353.88,726.85
354.99,769.1
352,1197.5
355.22,1171
355.88,222
355.57,611.61
359.43,1003.3
357.95,959.57
358.87,1069.4
357.89,344.42
359.29,489.57
362.78,550.68
363.12,674.35
367.43,1197.7
367.18,47.353
367.58,472.44
367.93,137.59
370.86,122.92
371.08,205.89
378.13,438.41
378.08,516.99
380.81,189.22
383.5,296.14
385.31,376.73
383.5,139.5
383,821.17
389.31,642.45
393.73,976.67
388.99,666.74
385.83,678.87
390.41,321.25
390.95,434.68
394.82,408.41
392.38,361.88
394.39,553.64
402.85,124.82
404.25,294.18
407.98,1136.9
410.09,185.91
411.85,380.55
414.91,720.09
416.57,580.5
423.11,496.16
418,659
422.47,75.064
422.77,304.67
426.67,1008.4
423.56,1044.6
424.39,617.39
425.93,938.41
435.09,1226
432.22,305.32
432.3,666.92
431.8,709.1
434,7.8261
439.23,647.23
442.96,87.809
441,1237.3
449.96,292.01
447.26,417.11
448.28,447.43
448.63,740.24
453.76,1209.3
453.36,1052.7
457.8,346.18
456.48,816.15
456.93,1143.6
453.18,1183
461.89,630.53
460.96,644.57
463.95,689.56
465.74,860.29
468,825.5
469.33,1037
476.28,326.65
471.83,349
474.58,375.97
473.39,986.41
472.47,1217.9
473.59,232.93
473.9,561.65
477.14,310.94
487.17,406.04
481.5,865
483,694
483.42,595.11
486.34,947.88
487.81,40.219
485.81,737.07
490.9,123.82
494.15,506.11
488.64,57.5
495.07,618.98
496,643.12
496.04,579.67
502.78,849
503.81,1088.2
503.42,251.45
507.33,509
509.85,549.46
510.18,989.27
517.89,88.882
514.91,343.86
514.5,488.12
514.5,1055.4
517.18,899.15
516.94,206.06
523.69,522.12
527.03,990.03
523.43,1019.1
526.25,725.25
528.87,788.61
528,883.5
531.08,359.38
531.86,182.93
532.2,666.56
540.07,554.77
536.38,227.06
536.16,523.23
540.79,767.26
542.57,1133.5
542.5,928.5
548.16,962.94
543.07,353.95
546.72,5.3158
544.63,477.37
550.89,420.13
549.54,216.38
550.17,166.09
553.23,105.32
554.5,335.5
556.07,1037.6
563.13,377.83
564.68,60.264
564.58,1173.5
570.2,27.514
566.14,994.86
567.53,50.279
571.91,341.55
571.6,741.73
575.2,181.78
574.06,552.94
576.71,467.21
575.22,499.54
576.27,615.73
578.12,1073.2
589.09,818.71
576.78,1029.5
583.01,140.95
579.85,1166.5
585.57,260.07
591.01,1158.5
591.36,692.44
590.88,93.349
591.76,184.41
594.02,157.56
599.37,79.746
602.4,136.05
603.99,191.43
602.55,362.54
609.03,854.12
604.38,906.81
614.83,43.23
610.07,205.41
611,663.26
613.57,1197.9
617.88,1182.4
614,212
615.5,946
618.25,519.63
619.45,1245.3
621.68,213.15
625.18,79.281
624.42,915.3
630.33,492.66
634.54,616.68
629.37,1208.4
633.44,1101.1
635.27,121.37
638.53,143.95
645.55,210.85
645.13,242.57
644.83,259.48
645.84,275.4
649.44,683.86
647.83,170
650.3,1038.2
650.74,1079.9
650.89,80.482
655.92,293.78
665.37,563.29
661.46,912.94
658.83,999.13
668.65,388.43
663.29,454.29
669.96,819.29
667.17,244.85
671.28,226.61
682.22,119.85
679.4,721.21
679.69,1082.6
677.42,779.11
684.86,591.26
692.74,317.67
691.12,1025.8
689.5,445
694.39,1182.9
690.5,82.5
697.18,896.39
694.06,959.51
701.17,847.02
701.7,465.23
695.9,486.38
696.37,1207.8
702.72,408.65
698.37,932.37
704,1013.9
703.41,630.04
703,319
718.24,72.342
706.37,926.78
714.89,541.76
715.58,614.62
717.35,909.74
720.54,281.81
720.45,842.71
721.88,941.2
721.63,1158.6
723.06,716.94
727.71,444.92
730.03,1004
725.5,135.5
730.43,214.98
730.62,1136.7
732.33,685.59
730.5,868
731.42,116.89
733.16,810.16
733.04,1061.8
733.5,1124.5
737.52,666.48
737.93,728.41
739.65,436.12
739.1,764.16
741,304.18
743.25,97.825
742.39,110.14
742.5,261.38
748.18,539.64
751.19,1136.6
751.58,226.91
749.45,456.58
754.81,650.64
750.96,616.43
758.38,321.05
758.59,266.93
764.11,299.34
764.52,453.9
763.6,999.91
765.42,254.42
772.25,1168.1
776.65,343.43
782.49,922.21
774.35,1114.8
777.57,421
776.62,539.38
781.81,516.83
782.58,329.78
783.45,1033.8
784.57,235.18
793.58,837.56
789.34,940.53
795.33,1238
804.22,278.23
797.75,1153.5
802.9,790.66
801.72,136.27
801,547
802.69,194.17
812.48,636.54
809.82,719.34
811.88,682.89
812.79,421.55
812.89,568.98
812.45,593.59
814.11,1195.4
825.17,56.913
822.19,671.04
828.04,533.54
824.75,179.06
836.42,331.11
827.67,21.167
833.46,120.83
835.08,466.89
838.76,1177.5
836.86,172.79
838.91,1065.1
843.57,1210.2
839.5,721
844.3,46.619
847.42,150.18
852.38,166.7
855.83,72.84
854.75,1150.5
853.09,1200.1
860.09,563.95
863.57,20.977
865.69,215.8
866.15,361.16
865.31,241.95
866.09,621.6
866.5,317.5
870.46,545.45
869.11,1116.1
867.85,446.65
868.58,74.105
873.84,191.5
871.43,709.45
880.57,945.44
879.06,1224.3
877.14,1051.5
879.87,731.17
886.9,521.78
885.5,845.5
887.29,74.405
889.71,1035.4
892.16,321.56
892.14,408.83
894.54,606.39
892.93,990.07
903.16,20.208
899.55,575.71
900.8,111.44
900.88,646.35
910.45,668.71
903.9,961.55
911.07,498.06
907.5,46
909.39,621.86
922.43,390.01
915.79,412.81
911.83,564
915.65,172.26
914.91,322.43
917.07,240.93
919.29,30.29
921.34,935.47
927.67,580
930.91,166.91
931.58,203.58
939.28,716.85
934.68,364.64
933.96,1175.9
938.89,185.8
936.04,393.59
937.5,83.5
943.93,545.4
936.42,986.89
946.6,1128.8
943.71,693.4
945.5,423
950.73,950.91
949.15,28.093
946.91,614.91
950.17,741.91
948.19,317.25
948.72,1062.2
953.07,881.41
958.81,144.32
956.2,326.56
959.9,596.59
957.58,848.11
966.89,1031
966.52,20.586
970.55,1217.5
969.19,460.91
971.08,96.375
970.42,1061.9
977.05,515.66
976.75,1088.8
980.73,367.01
980.91,876.87
985.53,379.56
985,758.5
985.5,536
988.5,1046.3
991.52,229.19
1002.5,650.09
991,119
991.12,719.35
992.53,741.39
992.93,1199.6
996.6,476.5
997.91,799.81
997.04,362.37
1002.6,48.428
1002.4,290.12
998.4,580.4
1001.7,1104
1007.9,1071.1
1009.3,589.34
1007.4,1019.9
1008.1,36.455
1010.4,523.27
1011.2,827.84
1016.6,322.92
1017.3,50.833
1018.6,1070.5
1022.7,693.38
1024.4,19.265
1026.2,854.48
1027.3,1170.1
1031.1,924.65
1032.5,1040.1
1035.7,1096.7
1037.8,165.37
1038.7,761.71
1038.7,280.84
1034.5,1245.8
1041.3,230.09
1037.9,1076.6
1041.7,572.11
1041.5,529.5
1042.6,122.58
1043.2,472.65
1043,1046.5
1046.7,1208.7
1046.8,109.73
1045.2,1009.6
1046.7,1037.3
1048.3,609.55
1051,1119.2
1052.5,673.71
1055.9,773.82
1057.9,120.95
1060.2,516.06
1059,989.74
1070,859.45
1066.7,6.5586
1066.2,826.47
1063,913
1068.7,135.83
1067.9,447.5
1071.3,569.39
1071.1,523.88
1073.4,947.08
1074.4,254.65
1075.6,538.95
1081,557.4
1085.3,318.57
1085.2,988.67
1089.6,42.273
1086.4,1113.6
1095.1,659.52
1105.8,1111.9
1099.9,574.55
1099,177.86
1102.7,429.16
1102.1,561.82
1103.6,504.89
1109,753.97
1108.3,723.25
1112.6,548.82
1116.4,197.07
1109.9,45.421
1113.5,103.78
1116.8,996.23
1126.7,35.261
1128.1,557.97
1130.5,173.5
1128.6,1055.6
1132.6,1014.1
1136.9,1080.7
1134,1243.3
1139.9,1033.5
1142.7,456.04
1140.3,47.255
1138.9,1107.2
1143.2,108.68
1140.5,427
1145.2,170.04
1150.2,2.7955
1152.3,1168.5
1154.5,674.35
1153.5,50.585
1157.1,834.89
1158.1,863.82
1157.4,786.55
1155.7,903
1159.6,320.41
1159.9,818.44
1166.5,96.259
1165.7,1079.5
1165.5,58.2
1166.9,825.09
1171,910.37
1167.8,1196.5
1169.6,949.59
1176.6,476.89
1170.9,738.5
1171.4,791.61
1174.5,809.59
1174.8,835.87
1180.1,725.91
1181.4,1196.2
1180.7,762.17
1186.2,40.714
1183.6,898.42
1193.9,580.87
1194.9,701.91
1197.4,1061.3
1200,669.6
1199.7,1193
1208.4,57.475
1209.4,713.95
1208.1,682.48
1211.5,13.307
1207.5,267.5
1215.9,992.07
1213.8,1099.7
1218.5,1246.7
1217.4,582.33
1217.8,767.86
1219.4,1133.5
1221.3,474.3
1225.4,270.95
1227,871.5
1228.9,1187.9
1234.1,299.1
1235.8,547.34
1243.5,117.5
1244.9,78.969
1245.4,557.96
1246.7,803.63
1247,1034.8
