6.6871,71.405
4.5098,206.1
3.6512,899.47
9.4138,288.08
12.098,775.64
14.292,314
20.893,383.83
20.546,12.647
17.36,447.64
21.031,585.16
25.256,832.98
26,525.19
26.667,40.356
33.959,251.63
38.545,136.1
39.034,299.73
40,95.075
41.398,1008.7
44.503,195.81
45.397,913.42
52.607,24.342
49.676,338.18
57.92,465.56
64.346,696.48
61.857,388.2
63.375,180.62
64.051,1207
64.391,892.43
71.177,332.86
69.581,846.55
72.833,280.8
80.23,441.72
87.905,410.89
82.607,1147.5
86.148,612.62
90.528,84.889
90.6,659.82
98.686,507.65
106.16,152.45
102.5,216.5
113.86,228.93
115.23,1073.9
122.75,48.241
122.5,743
133.22,18.255
137.06,384.79
134.86,546.86
140.73,976.52
142.76,110.22
142.05,190.95
145.56,1022.3
144.5,79.19
145.17,151.55
149.83,275.33
153.19,766.12
152.48,122.46
159.16,852.99
163.45,531.27
163.55,1022.1
163.5,666.5
170.54,720.49
169.76,883.47
171.64,227.01
175.22,75.204
172.66,185.68
179,166
186.37,431.32
183.89,143.58
195.34,205.47
190.39,1037.4
194.6,496.86
197.95,762.36
201.5,254.5
209.52,18.097
209.59,655.66
210.78,95.484
213.81,526.86
216.58,52.829
220.57,1004
225.53,326.53
229.8,607.58
223.93,739.95
228.77,223.8
226.5,403.36
233.17,903.63
228.88,945.35
234.83,1159.3
230.18,469
239.42,718.6
240.29,474.78
242.12,72.134
247.26,35.211
250,185.5
250,233
252.24,384.15
253.42,508.64
255.64,345.81
264.82,1077.2
266.54,1160.2
270,772.5
273.29,763.73
275.2,7.1364
277.14,224.17
284.56,444.32
275.12,61.5
286,425.92
286,491
288.03,599.59
293.65,369.73
294.41,158.05
298.85,562.67
293.5,275.5
310.49,862.64
302.14,463.81
302,59
307.68,412.67
319.19,248.35
306.4,946.9
315.82,202.28
307.4,987.5
311.26,144.07
320.95,694.35
325.66,162.71
316.48,1108.5
320.17,1025.7
331.11,335.58
334.7,493
337.28,62.547
340.93,470.82
342.51,1021.3
342.26,6.5882
346.99,814.35
345.72,625.9
345.82,871.41
344,385
347.59,508.52
349.28,495.66
365.31,441.08
353.2,206.56
361.29,1060.2
357.35,135.55
361.54,8.2288
362.09,294.98
368.88,974.31
369.4,711.96
373.57,137.96
375.07,879.59
378.74,516.13
377.86,1092.4
380.76,609.54
390.39,417.75
388.88,1161.5
386.37,391.78
384.56,842.44
388.95,168.16
393.01,808.69
397.84,228.93
410.31,267.17
407,512
414.31,131.03
414.64,195.37
421.1,614.73
421.73,224.89
424.95,1113.4
421.95,935.57
424,567.5
428.11,106.58
428.94,269.76
429.08,848.75
431.62,334.96
433.42,452.67
453.61,546.27
439,472
441.57,771.43
447.77,987.43
447.22,777.68
454.32,321.53
452.49,676.51
459.8,1116.2
461.17,400
469.88,229.6
471.16,970.71
471.5,657.5
470.89,956.42
475.66,428.38
475.63,754.63
479.71,200.79
481.74,992.07
483.7,784.24
488.74,539.31
491.36,65.879
492.5,644.5
495.88,119.63
497.25,319.4
498.33,754.87
501.67,250.39
499.5,477.5
512.52,1089.9
504.4,260.4
508.54,412.89
517.79,735.79
514.84,995.15
516.59,62.941
513.26,962.53
517.55,561.58
519.71,856.12
522.79,143.45
525.94,1171.9
540.01,442.8
527.91,525.09
542.99,528.57
544.2,206.56
559.9,914.14
551.68,34.629
550.2,1225.3
555.77,746.69
561.45,562.03
564.35,1078.6
563.01,337.22
566.2,970.52
570.2,753.05
570,712.5
576.31,471.52
570.08,1167.1
572,1199
577.65,732.46
577,1172
583.72,486.05
581.65,1039.8
585.04,120.13
594.25,451.19
593,1204.7
599.09,2.3396
601.48,854.98
599.42,219.5
598,1223.5
600.86,1190.4
606.87,1016.1
608.98,989
616.28,314.72
614.89,724.41
616.07,804.61
614.5,881.88
615.07,1057.8
621,1210.8
618.51,406.67
618.89,361.41
621.48,210.3
622.87,906.64
628.38,928
628.27,187.98
629.65,265.75
632.57,832.4
631.6,869.4
632.61,594.39
631.09,852.91
637.64,573.58
640.33,339.31
640.08,942.7
641.89,740.04
645.49,1046.6
646.63,1195.8
644.65,392.56
647.78,599.61
650.33,992.33
653.09,333.45
656.92,60.872
659.33,515.8
661,356.5
663.59,423.18
663.24,7.1818
671.08,722.48
665,785
666,963.5
674.48,567.55
673.7,1228.7
672.46,77.914
677.01,1055.2
677.37,521.7
678.97,772.72
687.17,193.79
680.89,113.32
681.03,403.47
682.5,1159.5
683.11,1189.3
685.78,57.5
689.88,1033.3
691.56,986.72
688.58,28.654
693.58,286.11
696,1132.7
700.33,106.22
699,89.5
697.5,820
701.54,374.78
706.54,332.57
707.97,499.4
710.12,987.5
719.11,1143.9
726.29,811.18
723.4,456.96
732.53,745.4
728.46,938.65
730.12,542.55
729.81,971.47
734.72,1201
733.09,906.05
734.91,285.69
736.66,1008.1
741.77,487.08
739.09,591.91
743.32,55.08
746.55,713.3
749.62,7.8255
752.1,732.66
755.02,980.38
757.62,1097.6
756.53,425.65
759.06,1084.2
757.59,665.93
763.08,379.91
764.22,572.82
763.57,77.037
765.97,496.19
765.37,545.82
772.41,451.59
768.87,825.87
774.25,255.98
782.86,907.14
785.88,15.7
791.32,318.92
792.94,1210.6
793.03,138.45
794.17,93.472
793.83,630.05
801.5,548
806.29,282.67
813.89,627.72
807.83,772.87
811.06,969.12
814.29,911.13
824.03,861.2
823.23,796.28
819.42,820.11
833.27,376.12
832.31,471.88
833.71,1112.5
844.03,236.43
852.13,1239.1
851.61,496.56
851.72,1171.2
852.62,72.625
858.15,790.87
857.87,735.13
866.06,375.43
864.5,251.39
870.28,622.25
869,275
872.66,90.375
878.45,123.64
881.97,866.55
881.08,291.72
884.2,548.67
894.18,35.646
890.6,839.32
898.76,486.83
898.64,955.16
894.79,874.79
898.25,706.23
898.36,543.38
912.28,772.14
906.91,313.64
907.51,1034.6
915.99,465.31
908.69,193.17
913.82,42.317
910,870
915.43,855.8
917.86,64.919
922.48,629.72
940.48,18.399
934.83,684.74
943.28,1058.5
938,269.1
942.63,66.338
940,583.17
954.11,183.89
956.4,1138.4
965.9,851.2
967.38,992.38
964,1164.8
969.6,144.08
966,600
967.95,785.15
974,678.69
973.91,115.23
979.52,446.8
983.5,176.92
985.09,1001.7
984.46,627.35
988.5,233.5
995.52,421.59
1001.3,579.47
1001.3,344.91
1003.8,137.81
1006.7,516.58
1009,834.55
1020.7,233.4
1018.2,624.05
1025.4,1165.1
1026.9,193.41
1024,881
1044,597.5
1044.3,836.88
1051.5,351.21
1051,1201.2
1045.8,750
1056.1,650
1060.2,904.27
1067.3,202.47
1066.5,596.5
1069.1,711.05
1070,287.73
1079.7,1222
1090.2,977.41
1097.3,484.39
1097.3,544.11
1099,1039.5
1104.5,1111.3
1108.3,386.8
1109.2,206.3
1111.6,908
1117.4,66.074
1120.3,95.739
1121.5,216
1129.9,59.508
1130.4,1058.6
1138.4,33.753
1140.2,321.94
1139.8,657.18
1144.2,1189.7
1145.3,915.24
1148.9,429.62
1156.3,892.23
1154.5,1101
1167.7,61.513
1170.6,1109.1
1175.4,915.33
1177.1,234.61
1182.1,153.1
1196.4,986.34
1204.5,557.66
1207.7,581.5
1224.7,1067.5
1238.8,339.25
1240.3,154.38
1240,900.13
