9.0506,123.2
9.0891,230.26
2.7727,624.95
5.8081,664.42
8.6707,1074.8
1.8947,1241
7.0093,978.51
5.5,271
8.8857,406.31
11.125,1043.2
18.182,1119.7
12.143,287.78
16.772,1214.9
17.892,403.2
17.673,988.98
21.653,818.1
19.465,1238.6
28.492,952.33
36.229,764.73
35.829,160.31
35,403
38.083,1113.1
40.5,1184.9
43.5,91
47.949,277.07
43.091,944.91
44.4,974.51
50.618,839.71
51.785,1013.8
53.256,988.33
55.045,1131
56.437,81
69.097,61.194
63.191,478.89
64.367,39.347
65,1172.5
67,886
70.736,963.31
72.333,1171.5
75.462,1116.4
76.269,1086
75.944,747.8
81.743,483.78
83.734,509.59
82.421,219.11
85.074,61.407
87.284,129.77
84,517.5
85.2,1011.7
85.412,917.94
89.705,234.72
93.188,522.67
93,1095.2
93.419,618.98
95.36,540.94
95,383.5
98.897,404.92
103.49,474.01
101.93,322.17
108.29,1067.8
104.84,1113.4
105.3,952.07
113.28,693.72
112.25,31.603
110,194.32
111.59,629.34
113.42,1133.9
115.94,778.48
116.85,381.65
124.51,907.05
124.44,1155.9
130.83,7.3057
122.17,481
128.9,1009.2
133.16,45.684
131.78,102.12
132.41,457.88
138.74,157.52
139.44,914.92
140.39,954.91
137.5,1089
145.65,328.38
143.79,684.17
142.82,308.1
143.45,114.92
144.45,175.42
147.25,554.37
144.87,734.85
147.15,29.208
146.19,1027.4
148.38,884.23
153.51,971.27
153.77,70.535
161.99,7.6078
164.82,674.49
157.77,26.897
156.7,846.8
157.42,1192.4
159.21,767.64
159,1156.5
167.14,1083
167.57,712.45
170.47,625.32
173.98,435.6
177.41,976.42
174.98,168.35
175.22,1153
178.32,1000.1
181.45,1112.7
186.39,852.8
184.14,944.29
186.69,618.53
186.95,287.57
188.62,1101.8
188,790
194.64,327.66
204.32,7.5168
198,1045
198.16,87.033
202.72,116.76
195,1189
198.41,1134.6
202.72,1162.6
207.13,561.77
204.29,849.45
213.57,990.63
215.94,158.92
214.09,70.489
212.92,1238.2
211.89,471.11
217.35,1069
214.86,1153.4
215.5,511.5
224.72,23.508
219.93,138.36
219.28,738.95
218,756.5
219,118
223.8,314.26
228.78,256.12
225.87,764.03
228.28,1039.3
229.67,639.48
231.97,609.38
231.99,504.64
229,915
234.01,932.85
232.73,333.1
233.56,699.75
235.5,87.5
238.23,184.27
243.82,230.72
244.29,998.83
246.23,1052.8
243.27,972.78
260.73,565.07
247.09,193.75
247.69,305.2
250.25,429.63
250.45,1122.3
248.49,1166.8
252.14,759.24
249.08,1150.9
253.31,34.521
255.07,880.18
266.04,1075.9
260.97,55.624
260,205
263.98,456.82
267.85,891.81
268.08,1175.1
271.09,310.09
275.77,1118.6
278.12,1017.6
281.63,85.496
275.14,548.36
280.85,785.67
281.02,839.71
286.56,457.17
285.94,996.53
292.12,1154
287.38,572.23
289.34,281.41
290.53,481.88
294.14,609.62
291.41,305.77
295.07,1187.9
297.87,851.97
301.72,415.17
300.93,784.78
303.42,452.24
300.58,1083.9
301.59,1180.1
310.49,871.99
311.83,304.29
307.59,328.76
307,1157
311.66,685.22
312.63,919.79
315.47,1016.6
318.74,1165.1
318.09,838.75
316.71,826.29
319.24,1040.1
323.71,514.07
324.72,1062.5
323.45,581.68
333.55,461.76
325,503
326,1206.6
332.04,870.69
333.05,442.84
337.89,402.89
339.6,934.55
339.29,1141.5
338.9,81.95
346.23,1096.8
339.67,484
339.6,745.4
343.59,1217.4
347.89,565.28
347.88,761.53
345.33,185.97
346.16,694.13
355.38,1226.5
351.91,864.68
352.58,374.89
359.62,1171.2
353.93,107.59
353.25,407.88
356,1240.5
354,401
359.95,520.66
364.51,1055.6
364.02,172.58
365.12,758.25
367.1,778.19
367.09,500.82
376.05,887.03
372.81,1139.7
381.22,1111.3
381.8,950.7
382.1,830.56
380.84,9.8224
383.62,280.85
382.32,402.97
381.81,1160.9
388.58,97.261
383.97,1147.1
383.2,124.09
388.24,199.78
385.25,227.65
387.82,310.23
385.08,800.56
386.84,788.44
389.61,640.61
389.76,875.7
393.98,893.31
395.85,1123.7
398.64,3.2784
395.1,1241
399.24,278.27
405.56,246.63
401.91,554.91
406.83,711.81
409.22,1087.8
410.87,445.41
415.88,777.15
422.56,596.11
417.62,529.41
419.42,1017.4
419.69,3.75
422.05,1132.1
422.75,346.11
432.87,162.26
425.06,320.57
425.5,752.5
435.96,1215.9
431.38,1091.6
437.47,817.8
437.34,515.62
435.61,627.14
440.06,929.44
451.92,140.21
445.6,229.11
450.19,1044.3
453.96,341.07
454.2,557
456.75,1174.5
458.87,186.63
457.5,237
459,591
464.55,751.6
466.5,607.55
469.78,793.51
474.43,1018.9
471.36,149.25
471.58,478.15
479.89,224.68
470.85,488.35
472.59,425.06
477,302
481.95,849.94
478.92,933.57
483.4,435.61
486.85,506.48
484.79,607.12
485.79,987.61
488.72,968.38
488.5,1240.9
496.81,1098.3
494.12,856.92
496.07,271.95
497.46,891.96
497.89,1048.5
498.6,821.32
497.95,1027.1
506.94,324.2
547.66,513.71
506.28,392.17
514.4,427.14
507.65,738.88
512.74,1176.5
516.66,634.09
516.81,1007.6
515.74,1202.8
520.15,855.44
530.09,1228.4
518.5,836.5
521.55,1055.5
522.46,878.42
523,806.16
527.36,929.72
534,280.72
533.82,22.101
534.43,1069.5
577.74,367.9
538.59,402.59
544.31,627.53
544.25,744.21
547.52,873.48
548.47,695.29
550.16,439.93
546.22,482.28
550.36,1030.1
549.09,50.745
549,354.84
550.76,789.26
557.44,1077.7
556.57,544.08
557.84,32.09
553.5,469
564.4,796.69
566.67,64.459
563.24,1014.3
565.66,100.06
566,346
566.5,12.5
572.48,599.98
570.43,888.61
571,11
577.1,676.94
576.32,1073.4
577.02,1143.4
575.32,292.02
581.58,1058
578.24,767.79
580.4,1189.5
580.71,644.45
592.3,75.815
592.58,1101
597.47,148.08
606.11,1221.2
593.97,1143.5
594.08,584.56
598.44,903.57
600.52,692.02
600.34,935.69
598.6,1247.2
603.58,856.42
605.48,811.37
610.54,987.14
607.07,1060.8
612.74,382.67
612.3,869.44
612.75,50.857
614.16,116.39
617.1,533.51
614.61,856.43
620.5,918.71
622.55,964.84
633.04,148.63
634.36,112.18
629.85,823.1
631.92,790.02
630.5,461
635.05,706.9
637.49,1208.5
639.5,753.5
642.5,611
647.81,1037.6
646.24,618.9
648.79,1189.4
647.54,993.56
653.23,1222.3
647.43,898.61
652.7,13.83
661.12,217.23
656.57,90
658.17,371.38
659.52,521.1
662.09,568.8
660.94,1246.4
664.06,1100.2
667,918.46
664.33,469.67
667.69,7.4423
665.4,548.4
674.37,22.333
678.6,187.09
677.91,1066.6
674.61,34.556
680.28,101.61
678,4.6604
680.64,678.27
687.45,209.24
680.91,524.09
684.68,1046.7
685.02,50.512
687,1140.2
693.02,974.78
691.43,288.39
692.5,169
693.6,1212.6
697.71,116.59
707.26,184.31
702.68,653.32
705.3,447.34
705.49,507.07
705.49,745.12
704.94,537.08
711.67,423.67
712.91,253.21
712.68,1104.3
712.88,4.6786
714,1154
720.03,80.493
718.2,865.8
721.91,24.943
728.05,912.64
725.67,314
728.26,290.52
723.41,1131.9
727.52,533.92
731.82,30.604
727.58,153.89
733.11,259.07
731.89,1129.9
729.81,977.26
732.35,1031.9
733.29,1241.4
735.74,63.278
741.69,1226.9
742.62,313.05
740.65,617.45
750.12,719.45
748.32,85.658
748.8,1000.6
753.51,927.53
750.5,223
762.01,1148.1
754.14,1243.9
765.07,1208.9
763.09,1170.9
765.38,50.5
774.73,119.7
768.29,645.86
768.02,271.2
778.29,791.16
775.32,633.14
776.44,717.07
785.44,27.599
776.35,966.71
787.81,969.6
787.11,293.52
786.83,607.11
789.37,4.1977
789.74,985.53
792.47,1132.1
795.68,800.67
800.98,161.89
792.31,843.69
798.51,215.96
797.56,342.92
812.22,111.51
802.19,235.26
802.41,885.93
807.13,295.5
808.71,777.35
816.92,4.0125
818.72,439.93
821.26,1040.4
821.46,190.54
822.23,50.884
822,712
823,858.82
830.73,1125.8
825.18,914.64
825.44,23.077
833.14,1192.3
835.64,1086.9
834.07,15.407
842.4,120.59
839.89,165.67
839.72,201.19
842.26,644.24
843.81,876.47
851.08,1177.7
846.08,677.02
845.5,58.5
848.41,4.4138
849.83,766.05
859.57,77.517
852.8,263.27
854.32,14.362
854.59,997.06
860.36,40.649
855.5,272.5
865.62,942.07
868.88,119.23
862.93,518.59
862,1171
893.51,251.22
869.12,1178.7
871.54,233.89
873.27,1137.1
872.38,160.45
873.28,983.05
875.38,1199.9
878.61,179.37
886.98,706.27
886.3,992.53
884.18,213.05
884.79,169
888.01,887.9
885.55,238.42
888.95,72.571
889.62,680.88
895.02,726.25
890.5,946
896.38,56.016
897.97,671.61
897.69,189.83
901.44,969.05
902.46,106.93
901.08,162.42
900.07,876.56
901.06,143.41
902.36,684.08
908.73,23.244
909.5,613.23
914.59,1006.9
915.72,110.9
913.43,325.06
917,171.5
918.04,1144.4
921.15,35.217
933.66,70.906
934.47,106.1
946.07,832.56
942.5,181.78
941.54,1056.5
946.73,58.311
951.87,72.698
959.55,104.26
957.51,223.37
958,969.29
969.27,150.31
963.36,838.5
967.4,1.8
973.84,1056.2
965.55,1173.6
975.3,845.91
980.87,1096.9
976.8,1199.1
979.05,223.43
983.39,7.8816
987.57,49.765
984.54,155.33
986.33,962.54
993.33,109.61
990.99,135.62
992.12,947.96
1000.9,873.72
998.7,754.87
1007.1,502.5
1011.6,428.47
1009.5,264.53
1013.9,214.42
1015,198
1020.1,169.24
1028.4,631.71
1033.7,939.22
1040.1,517.93
1042.8,6.7
1042.4,26.024
1039,318.67
1040.2,1109.3
1044.1,849.06
1045.1,659.69
1049.7,239.88
1048.4,682.07
1063.9,27.407
1072.6,92.818
1073.9,603.11
1077.1,862.98
1089.4,186.93
1092.2,105.49
1092.9,1087.9
1118.8,53.234
1098.5,577.83
1112.6,1176.2
1121.2,841.57
1119.6,137.75
1127.4,1134.2
1124.2,1245.2
1127.4,269.92
1128.3,355.83
1127.7,598.6
1137.6,1210.1
1134.9,4.4
1150.9,9.1652
1144,1242.5
1146.9,1141.6
1151.8,1058.4
1156,1153
1155.8,1130.7
1158.3,1099.2
1160.3,106.05
1160,41.529
1171.7,1147.3
1175.2,364.28
1177.7,107.09
1173.5,1094.8
1188.9,593.47
1190.6,100.11
1195.5,256.49
1219.5,7.79
1224.5,164.43
1228,23.161
1236.4,100.11
1243.2,9.1658
1240.7,1156.4
1246.2,1216.5
