1.7368,1169.4
3.3333,33
5,275.14
9.3378,462.47
7,1080
7.4211,761.89
9.8209,1120.9
8.1429,1232.5
10.023,51.023
9.6667,582
21.564,1051.9
26.701,145
29.057,501.21
28.5,988.5
35.094,327.3
36.282,296.65
35.633,671.63
43.104,732.52
46.704,440.21
45.333,1181
48.844,267.44
53.204,1154.1
57.691,792.26
55,191.17
58.38,1214.8
66.871,529.26
69.5,147.86
73.535,1007.7
76,465.5
80.919,689.87
84.341,30.481
88.615,813.67
97.03,890.79
104.79,592.69
102.43,685.28
100.3,812.13
101.33,974
106.02,1160.5
108.5,1225.6
111.42,1147.5
120.52,48.05
124,579.5
125.57,499.09
126.5,709
134.36,173.76
131.5,1123.5
135.58,147.11
136.94,550.19
137.8,1179.2
136.93,586.59
146.97,187.8
145.08,746.08
145.93,802.59
148.43,769.4
150.37,546.32
160.69,985.73
160.85,1099.2
164.44,818.33
163.63,102.97
165.89,394.63
172.41,721.61
173.44,429.97
174.16,170.43
175.48,1084.2
178.1,369.06
184.16,246.93
179.11,702.55
183.35,379.94
184.36,59.132
188.02,861.85
187.76,88.086
187.63,1097.4
192.88,907.87
192.52,837.6
194.05,762.47
200.13,1177.7
204.4,101.4
206.5,842.78
209.43,1073.3
207.29,600.12
217.5,430.5
229.08,622.17
230.89,137.58
231.93,840.77
243.74,1212.3
244.56,787.97
247.93,68.407
248.5,461.5
253.16,1144.4
255.22,549.49
252.63,619.37
256.63,884.71
257.08,1022.7
259.98,485.15
259.38,1225.4
265.59,16.826
266.8,148.56
283.63,852.75
272.7,1030.4
277.43,1072.7
285.89,978.84
289.42,691.47
286.92,592.72
291.88,204.84
288.5,262.5
292.24,611.35
291.5,561
297.08,921.38
296.16,116.85
297.59,468.75
306.52,758.3
304.53,781.31
308.38,139.27
310,165
322.42,720.11
332.16,390.53
325.71,470.55
331.14,281.36
327.87,834.06
331.93,614.87
334.72,440.32
338.62,1133.8
346.13,862.47
351.97,974.21
355.76,616.61
353.82,551.07
355.5,2.3636
361.6,295.44
361.86,1228.3
368,1136.2
384.69,694.82
382.95,26.679
391.8,838.43
389.32,1114.9
393.47,1128.2
391.17,167
397.73,341.44
404.95,549.92
403,1214
410.79,651.84
409.97,769.05
414.86,25.391
412.58,88.105
421.73,115.64
423.53,439.71
428.84,1103
428.5,925
431,503
431,95.5
434.31,1134.9
434.08,162.92
439.9,560.43
444.28,99.662
443.7,2.25
446.89,176.26
445.09,748.91
448.96,962.02
448.13,568.97
451.04,1072.1
453.03,11.26
456.12,786.47
455.66,1087.3
459,207
461.93,335.03
459,552.32
463.43,879.6
464.5,363.5
467.29,494.46
474.1,378.18
474.43,1196.2
483.82,649.84
491.5,363
492,382
494.7,1107.3
493.25,315.83
497.84,1045.4
500,379.23
502.39,1162.4
503.71,455.61
507.8,157.52
513.39,1013.4
511.27,1038.6
511.83,982.93
516,1119.2
519.1,377.06
520.2,219.11
521.28,1037.6
523.36,442.63
537.31,387.23
535.39,1060.1
543.52,1038.3
554.26,533.97
550,1152
550.93,473.44
556.32,771.2
557.05,879.97
557.58,897.42
563.09,572.09
569.42,1081.9
574.83,435.15
579.55,956.68
580.94,1244.3
579.86,940.39
586.94,824.89
590.28,293.09
590,1215
592.93,1242.7
595.8,392.12
596.67,1076.6
597.04,409.55
595.06,423.91
599.05,643.12
597.37,86.633
604.06,544.18
605.18,316.6
609.9,1130.5
615.07,59.739
615.66,1184.1
621.27,112.55
621.59,1150.3
623.56,682.92
633.36,191.87
636.3,754.65
638.54,566.47
637.46,290.43
639.47,1047.3
653.19,198.05
656.88,146.01
658.61,375.14
658.95,1244.9
660.44,1140.8
665.06,1092.3
672.65,848.9
673.02,408.94
676.69,356.18
676.16,383.21
677.38,1240.4
678.57,72.471
683.51,131.99
682.23,771.78
681.37,659.44
683,54.625
686.83,607.72
688.78,1058.6
693.79,1004.5
695.78,1188.9
699.82,261.89
701.74,366.53
700.68,312.16
708,875.6
706.72,640.27
710.58,1075.7
709.18,1202.6
708,763
714.85,400.93
718.42,618
718,654
720.5,27
729.91,495.91
732.05,543.15
730.89,1130.4
738.52,261.44
748.06,442.86
745.47,487.93
754.09,1184.4
759.07,1192.4
764.21,558.88
763.68,379.77
763.02,987.02
766,17.143
770.6,135.28
770.58,784.29
774.58,329.76
772.56,1123.5
779.6,1017.4
780.62,259.7
786.62,185.17
785.16,674.13
786.54,389.78
787.65,34.059
790.22,524.79
789.94,1205
791,1174
795.57,359.16
799.09,720.91
803.68,7.0714
802.19,992.74
808.08,398.86
804.34,604.99
805.89,384.37
822.38,301.12
818.13,369.17
821.34,1140.2
819.58,1238.3
819.4,990.36
826.29,44.318
831.44,80.468
828,516
834.43,556.82
836.64,264.01
835.43,326.8
842.97,677.16
841.25,56.678
846.45,185.97
844.09,315.09
849.74,1034.5
848.07,115.8
851.5,1191.5
854.37,1119.2
855.94,583.49
858.09,686.29
861.68,293.78
869.15,981.84
866.37,105.63
865.42,251.11
875.28,136.4
871,1209.5
874,421.65
878.78,52
878.15,169.35
882.37,1241.1
883,538.5
887.72,354
887.93,159.46
888.6,828.36
896.22,879.21
893,1174
901.43,845.39
901.92,565.41
907.35,113.91
913.98,1184.6
912.3,506.5
907.33,406
912.21,240.32
910.42,937.42
913.23,1063.5
912.97,379.51
911.17,799
919.46,489.65
917.31,1088.8
923.9,669.13
929.87,410.51
926,377.5
942.06,49.851
940.96,254.01
947.41,611.73
958.62,582.31
951.95,1200.1
952.5,213.5
967.19,301.37
962,88.5
967.55,630.71
981.75,884.11
973.84,847.13
975.56,699.57
979.99,831.51
978.33,481
987.37,998.03
983.34,20.905
980.45,585.41
987.56,1017.4
987.25,358.58
989.9,1085.8
989.5,793
1004.2,633.62
1011.3,960.3
1006,657.62
1009.3,90.798
1006.5,242.5
1009.3,616.08
1009.8,578.13
1009.3,796.97
1013.9,419.64
1022.8,857.63
1027.7,895.75
1027.8,1176.6
1036,994.57
1041,912.61
1040,875
1049.9,537.97
1046,777.32
1049.8,621.9
1047.9,825.36
1053.4,364.09
1053,233
1059.7,2.25
1062,152.15
1068.8,729.98
1065.5,337
1067.4,531.26
1069.8,471.57
1071.8,826.86
1078.3,952.89
1077.9,857.12
1078.1,1045.6
1091.2,441.82
1089.1,573.05
1093.7,810.96
1091.2,137.91
1091.7,259.14
1094.4,513.56
1092.1,1192.6
1101.5,766.59
1099.4,20.857
1104.2,793.38
1102.9,1141
1104.5,293.37
1106.5,104.42
1109.2,560.07
1110.2,309.66
1117.4,69.537
1117.5,1228.5
1130.4,174.48
1131.5,1159.8
1135.7,1175.6
1137.4,728.11
1140.5,1082.5
1141.3,537.88
1145.1,589.04
1140.5,31
1153.1,220.31
1144.1,952
1148.4,1053.4
1153,18.26
1150.6,178.97
1153,703.9
1158.2,1161.9
1155.4,940.34
1156.1,1035.8
1165.4,461.79
1165.6,478.05
1166.1,439.2
1181.1,285.71
1170.9,910.59
1179.7,235.48
1183.1,1048.8
1179.6,1234.6
1181.1,882.1
1181.4,770.89
1192,401.08
1195.3,150.55
1201.9,964.9
1204.2,1245.5
1203.6,1113.5
1207.9,489.67
1208.6,897.98
1211,558.5
1214.7,229
1214.1,700.41
1217.6,614.23
1225.6,429.46
1226.4,81.946
1228.3,95.048
1230.1,664.59
1233.6,543.83
1235.6,467.44
1234.5,326.21
1238.5,1220.8
1237.4,784.31
1240,706.5
1243.5,958.73
1243.1,344.42
