6.7707,409.75
5.2393,477.02
7.0565,611.11
14.364,117.05
6.9259,241.26
9.6087,645
14,311
17.787,516.09
16,600.5
18,210
22.102,569.75
21.5,90
39.571,14.784
34.012,94.689
33.759,1126.7
27.4,446.4
29.541,429.22
34.454,542.77
39.558,1005.2
35.581,1043.5
44.49,1211.5
40.552,566.69
46.218,580.93
44.5,199.18
49.534,645.28
49.916,1060.8
49.495,839.47
56.869,775.37
51.5,56
52.386,975.54
61.768,8
62.078,328.41
60.893,624.32
66.677,1092.2
64.435,554.39
69.325,985.65
74.434,586.55
72,745.5
74.158,569.84
80.172,678.4
82.433,714.91
80.819,1188.5
80.944,94.483
79.95,341.32
78.5,908.14
86.991,313.06
94.859,16.276
100.62,749.33
98.65,423.97
105.43,99.545
102.46,166.44
100.94,64.094
106.74,770.26
113.09,656.02
109.81,958.98
118.04,4.9926
118.46,491.12
114.37,536.5
121.49,618.15
123.15,1187.6
127.29,21.779
128.09,179.45
130.98,275.18
129.86,109.86
132.81,302.09
131.89,1246.4
134.22,721.22
134.06,1082.2
143.45,197.46
139.6,41.877
142.9,795.29
145.59,163.2
145.13,556.67
148.86,698.5
150.09,69.091
150.56,268.91
161.35,53.698
154.9,569.13
158.53,1235.7
162.89,253.57
167.1,926.58
162.02,846.26
168.79,1204.8
166.98,1054.1
170.91,570.02
171.01,767.18
178.6,1172.8
170.59,109.06
174.49,344.43
179.95,626.7
184.55,157.77
186.76,33.811
181.92,639.36
183.49,429.15
185.77,192.59
187.47,897.94
196,657.41
205.82,218.45
208.92,63.692
205.17,1209.5
204.57,98.086
210.39,185.57
215.8,540.01
219.79,42.938
220.8,397.59
224.43,1246.2
232.01,440.81
239.97,70.251
237.41,711.69
234.82,807.58
233.33,726.97
236.08,1143.1
244.85,488.12
243.57,301.6
247.52,656.83
253.97,285.2
247.85,1161.6
257.5,425.76
252.9,141.07
253.71,611.55
263.87,526.68
262.91,182.64
262.55,1009.7
270.02,759.01
266.06,266.41
266.98,796.42
271.03,354.9
271.51,1043.5
277.25,189.69
271.6,378.07
272.92,915.92
274.58,727.89
275.91,893.09
277.92,30.568
283.92,209.98
281.51,326.24
288.76,818.28
286.61,250.61
288.34,152.85
287.44,953.46
301.1,692.06
295.12,1062.8
299.39,352.81
299.18,619.21
298.65,218.12
301.78,1167.4
306.37,461.37
299.64,386.5
303.76,744.37
309.6,896.21
307.99,1098
310.62,435.94
316.79,326.43
312.2,1115.1
315.34,1083.1
315.5,1179.5
320.72,149.01
316,1127.3
325.62,758.49
324.95,856.62
332.4,694.9
328.06,399.68
332.18,507.36
330.71,308.24
331.34,1116.1
340.46,429.71
344.61,266.26
343.3,236.86
349.19,854.44
345.48,189.13
346.05,559.94
347.8,515.08
355.31,610.47
356.28,737.28
348.5,1074.1
351.72,446.82
350.42,590.58
353.24,75.074
355.45,248.27
353.58,935
357.63,390.13
357.27,1076.3
357.13,1094.5
356.56,817.2
363.01,1148.4
365.19,286.77
362,413.67
364.2,534.83
370.34,508.44
367.75,486.36
370.12,790.73
370.59,563.07
372.29,1183.6
376.13,463.73
377.55,680.61
381.43,405.4
377,770
379.66,906.66
379.81,811.35
387.12,762.02
382,1016
386.27,1206
390.09,237.06
388.45,1153.3
392.62,363.99
391.15,506.86
402.5,948.51
398.47,751.42
407.19,179.74
406.79,1169.9
418.15,96.318
417.39,597.35
421.02,570.33
421.66,721.27
420.58,657.66
418.07,283.41
420.93,923.35
420.35,867.83
419.39,1169.5
421.17,348.38
431.76,248.68
430.38,813.88
431.95,860.62
436.31,782.34
433,985.22
432.59,630.93
437.36,1150.7
441.73,404.9
443.02,1105.9
444.8,288.51
447.44,26.926
453.6,662.91
455.96,985.48
461.98,1181.4
452.19,350.29
457.36,1199.7
460.11,1046.6
467.2,854.34
464.68,361.01
461.91,538.09
465.07,186.04
469.29,785.14
475.06,277.13
470.8,833.43
473.99,93.128
478.97,655.25
474,973.5
479.18,332.2
484.43,304.4
485.15,903.85
480,1028
482.88,576.71
493.5,809.69
485.29,1242.4
487.37,752.3
491.51,1214.9
494.01,39.913
493.86,608.86
496.09,831.94
506.28,386.32
503.89,1143.6
511.88,171.09
509.27,606.36
510.11,576.23
509.03,898.58
519.34,1118.5
508.94,1154.1
510.25,325.75
516.45,448.93
521.91,679.25
521.96,878
527.06,1197.6
527.44,1245.8
529.51,531.59
529.65,1096.1
533.5,161.12
537.24,828.24
539.39,725.93
538.42,796.58
540.61,1073.9
543.12,494.59
545.31,45.385
548.13,765.86
548.35,1153.2
547.1,1217.8
549.59,558.06
553.42,982.19
556.68,78.256
554.45,515.42
559.11,920.81
569.29,412.51
564.14,481.59
568.81,835.71
569.71,253.67
571.62,1233.6
583.66,951.13
577.33,818.04
575.91,999.09
579,521.5
583.54,14.13
582.4,141.4
587.53,176.76
589.55,786.37
589.69,1187.2
596.96,409.16
591,465
595.06,966.59
594.4,1093.4
603.34,113.94
607.27,1212.3
601.5,1147.5
604.26,526.2
607.35,896.63
604.63,842.28
608.58,305.5
607.14,1007.6
610.3,575.54
610,1089.5
616.4,716.59
611.89,1177.7
620.44,499.45
622.64,214.59
623.09,880.32
625.14,193.19
628.86,1048.1
625.89,323.42
629.9,473.68
632.44,52.86
630.5,837
638.64,498.29
635.78,376.6
637.54,103.46
634.47,1064.3
634.5,403
637.92,657.73
638.11,323.42
643.35,755.5
642.41,945.94
645,87.5
649.16,1206
655.53,1015.9
652.5,1227.2
654.2,5.1845
651.84,1100.5
652.5,1090
661.54,183.19
660.73,865.8
661,492
663.62,527.17
661.91,467.42
666.95,1105.2
685.59,749.9
672.91,39.818
672.5,581.5
674.05,1239.2
680.5,810.79
685.01,556.46
684,676.5
684.27,1163.7
693.85,911.9
693.19,978.39
693.83,1058.2
697.07,1090.4
702.69,877.46
700.08,1068.1
703,1113
710.12,551.86
711.88,1091.3
713.7,178.43
717.86,888.53
718.76,120.24
716.28,1219.8
720,307.36
721.43,1159
727.79,13.223
725.12,1115.6
728.62,36.594
733.13,408.33
736.28,642.68
732.29,784.45
743.05,1234.1
745.79,300.25
749.32,948.94
745.82,525.45
747.31,896.41
750.75,11.021
754.09,666.67
755.66,136.32
765.15,1202.3
769.34,486.42
772.21,1163.1
780.43,1109.7
779.51,242.24
783.19,933.1
784.7,1016.8
781.59,285.93
787.64,619.12
788.18,92.218
798.26,915.8
797,433.5
797.41,966.48
806.83,1243.1
808.07,445.12
816.59,535.49
813.59,1207.6
820.28,1164
829.43,883.48
840.74,446.09
838.3,689.94
841.17,1131
847.15,1187.5
850.73,565.88
858.14,279.14
862.41,634.64
859.62,951.78
860.5,1145.5
864.7,30.944
862.4,522.4
864.2,1126.6
868.96,674.52
866.56,285.08
870.4,1165.4
882.37,210.46
886.55,20.412
886.34,1137
886.31,445.19
891.17,872.89
893.54,526.11
899.98,506.71
894,664.65
899.38,599.74
904.49,1244.8
911.62,632.03
916.15,476.1
915.41,520
921.79,80.043
922.62,565
924.97,1019.2
926.93,433.05
930.93,182.93
933.89,488.92
938.02,1046
933.07,853.41
940.16,296.97
942.15,1000.3
948.48,677.31
945.61,425.09
949.39,1148.5
951.48,1216.8
945.69,841.26
951.12,1114.5
954.76,824.78
956.6,377.53
959.71,882
962.58,221.91
963.44,398.83
967.99,38.277
968.25,117.24
971.35,172.44
980.67,350.15
976.26,503
984.42,438.42
986.37,251.91
989.13,1143.6
988.5,395
996.1,126.04
989.88,941.35
991.81,320.05
993.78,108.68
994.41,565.07
1001.6,890.89
999.13,471.65
998.74,712.87
998.41,848.82
999.31,1087.8
1000.2,614.89
1004.4,108.88
1003.4,338.05
1003.6,1061.2
1004,984.5
1011.1,420.06
1014.7,1221.7
1009.3,91
1010,520
1018.9,350.05
1021,208.83
1024.5,152.54
1023.8,788.71
1037.1,802.83
1033,1044.8
1037.4,158.42
1039.3,290.55
1040.7,759.14
1041.8,1224.4
1042.7,888.9
1048.4,999.49
1045.8,1183.7
1044.4,559.84
1053.1,135.16
1053,219
1061.5,436.63
1059.3,830.54
1063.5,881.2
1062,718.41
1061.8,988.69
1062.2,1.9091
1068,156.61
1064.1,655.81
1068.9,600.41
1068.9,769.43
1068,1224
1082.2,528.65
1078.2,1083.4
1084.8,259.42
1083.1,377.19
1086.1,592.5
1087.8,703.72
1090.8,1032.6
1085.4,1187.7
1085.2,689.91
1089.3,460.82
1095.5,449
1096,652.41
1097.2,114.49
1099.7,996.96
1106.5,1122.3
1111.6,891.74
1110.6,76.294
1109.1,671.74
1116.3,562.44
1113.5,411.5
1117,540.94
1121.5,427.26
1121.4,487.04
1118,772.5
1118.7,1046.4
1122.3,122.95
1123.8,796.59
1127.2,955.09
1123.3,113.08
1125.5,668.97
1128,246.57
1134.9,637.31
1127.6,822.57
1132.8,928.86
1133.1,1210.6
1137.5,967.73
1134.3,1242.4
1138.6,1232
1144.6,1048.4
1142.2,735.56
1150,488.52
1150.1,665.27
1153.1,372.78
1155.1,982
1162,131.16
1159.4,675.55
1161.3,750.36
1161.9,101.29
1163.4,1033.2
1163.1,693.25
1168.8,24.698
1169.6,540.35
1167.7,729.16
1174,1125.6
1171,442
1177.8,1015.8
1183.3,66.312
1180.5,431.34
1177,441
1181.3,710.9
1177.9,803.5
1183.2,165.66
1186.5,531.59
1189.4,720.61
1186.6,1038.1
1195.1,626.15
1195.5,45
1197,995.09
1195.9,786.08
1202,967.98
1202.8,764.14
1200.5,604
1204.2,459.28
1203.6,1024.6
1204,143.29
1207.7,312.24
1211.5,697.05
1210.7,114.55
1210.9,1087.6
1210.9,638.35
1217.9,1150.8
1215.8,125.62
1215.7,658.92
1217.3,472.7
1227.6,770.17
1218,102
1220.1,986.57
1219.6,793.57
1226.5,810.72
1226.5,1205.7
1229,310.03
1230.6,28.5
1231.5,582
1232.4,73.982
1235.6,949.02
1234.1,921.26
1238,896.63
1236.6,560.86
1239.1,402.14
1240.8,426.54
1243.5,654.23
1242.7,747.63
1245.6,513.65
1246.5,119.5
