2.6875,136.5
7.5879,669.87
2.1111,782.78
5.5015,1061.6
9.7677,423.73
8,203.5
11.143,922.5
17.099,735.15
19.808,975.4
24.374,1079.2
30.712,28.719
36.175,1045.6
39.109,666.33
40.12,883.76
42.633,985.01
41.321,903
44.633,866.63
48.025,210.93
52.443,453.15
49,1163.5
51.364,582.89
55.077,683.91
52,236
61.096,833.58
59.263,28.667
60.068,217.47
60.132,864.29
65.917,391.08
68.731,149.36
70.355,853.29
70,878.14
85.799,837.99
78.667,5.8333
89.127,580.05
84.074,995.59
85.5,605.5
89.5,499.12
90.114,887.36
98.035,948.01
104.5,824.5
113.57,761.53
118.17,662.73
118.03,840.92
123.39,319.13
117.58,880.11
117.95,920.91
124.87,72.636
124.56,599.47
127.17,1065.4
141.34,1186.9
142.37,753.8
139.36,176.73
140.17,20.379
142.07,136.81
145.43,554.26
145.19,1169.5
154.07,149.41
154.67,1119.1
159.12,516.98
158.88,645.88
167.5,296.04
161.07,682.59
161.62,1246.8
167.8,1114.6
187.63,582.16
187,539.5
196.17,178.13
212.32,600.59
212.91,695.68
213.09,78.936
220.36,462
219.83,72.2
227.88,826.68
230.24,314.07
228.5,1107.5
236.14,692.29
243.44,592.66
246.63,78.294
239.5,974
246.55,998.42
242.75,1179.8
248.3,25.862
249.11,637.72
255.56,482.13
255.77,49.923
258.87,288.83
264.34,383.52
265.66,740.54
262.87,247.23
263.2,679.91
266.01,977.25
267.28,1135.1
267.74,509.16
267,231.32
271,1056.8
270.58,952.11
275.72,446.63
273.4,535.64
275.38,905.67
273.5,264.5
279.75,281.35
277.53,690.27
278,103
294.9,187.72
285.23,355.75
282.67,1144
286.3,466.36
287.82,137.44
292.13,74.529
289.13,998.03
292.42,279.45
294.76,759.24
296.62,905.77
296.35,145
303,110.29
304.79,747.37
306.26,62.842
307.54,349.59
303,549
309.18,563.65
307.58,690.73
306.44,281.8
307.52,1242.3
313.34,472.75
312.23,138.85
313.25,241.14
309.93,274.93
309.44,736.92
312.19,915.07
327.76,1004.1
318.5,33.5
318.84,163.68
320.82,222.82
323.42,664.64
320.58,1128.9
326.5,1022
331.92,1177.3
333.99,1148.7
333.94,453.3
345.27,521.25
345.54,145.2
346.32,1182
345.5,210.5
356.72,96.108
358.61,115.82
364.39,245.83
361.15,482.16
358.96,972.64
359.43,994.27
358.55,1027.6
362.14,396.06
360.41,340.06
362.65,458.09
366.67,4.9355
367.07,145.07
368.05,184.99
368.91,127.47
374.77,1177.9
373.94,234.09
376,1013.8
386,319.76
382.6,716.07
386.13,102.41
387.54,220.1
388.39,602.75
385.88,294.12
386.9,403.81
389.53,1093.1
391.23,642.25
399.68,75.862
396.57,1059.8
403.38,814.05
402.61,354.86
408.43,245.11
407.23,478.18
411.42,50.881
413.04,306.16
413.2,1028.4
422.84,681.12
431.8,202.23
419.58,1201.9
426.69,175.99
426.54,834.32
429.13,352.15
430.61,6.2991
440.3,1241.5
437.32,462.2
443.93,648.1
439.42,423.19
447.98,1004.6
445.55,896.29
443,1018.5
447.14,183.93
458.94,41.376
456.42,276.94
464.8,213.2
458.54,1025.9
466.65,239.56
468.33,178.53
476.33,1016.1
477.18,533.71
475.3,721.31
479.79,623.97
486.01,918.57
484.51,1067.2
482.61,71.25
483.28,885.4
490.38,518.52
486.82,600
485.93,956.9
488.16,165.23
495.46,994.91
498.82,331.08
502.44,124.27
497.86,347.81
501,1015.5
511.87,519.25
508.59,29.052
517.84,189.71
509.09,171.09
509.43,693.43
514.3,937.03
519.09,137.98
517.03,617.91
517.64,171.14
518.36,894.68
535.46,1145.9
539.4,81.479
545.31,182.91
568.29,97.882
578.2,141.64
580.99,965.96
584.67,429.15
583.6,588.21
586.71,819.66
588.56,866.7
591.5,811.5
594.1,18.655
593.65,211.88
596.72,143.15
599.23,452.77
603.36,361.58
604,1047.5
613.82,779.61
614.76,717.61
614.57,754.55
621.65,406.5
625.3,740.06
626.36,665.1
631.16,195.57
635.31,3.8431
667.64,421.67
649.44,932.56
650,762.5
657,671.11
662.35,387.42
665.97,595.46
672.5,159.78
703.14,814.57
704.48,407.69
712.57,1087.6
717.85,439.9
717.28,358.62
721.86,895.86
736.69,467.5
738.91,375.91
751.64,303.58
742.58,433.55
748.6,359.4
753.78,819.81
756.47,261.86
763.69,364.65
767.03,691.49
764.21,905.77
768.25,314.63
777.74,438.68
779.18,929.26
780.76,2.88
787.26,365.17
789.81,340.95
791.58,188.11
812.15,3
813.32,400.24
821.18,719.8
822.42,893.89
839.06,665.83
834.68,626.5
846.61,118.32
849.31,590.55
852.48,343.96
856.2,617.19
861.27,427.99
861.19,843.6
866.25,788.61
872.13,1017.1
875.65,230.44
880.9,113.12
881.91,577.09
886.03,593.12
893.05,151.86
895.5,680
907.42,86.773
916.78,552.57
924.23,149.62
925.03,285.33
928.88,312.02
939.06,174.3
947.35,133.12
946.42,622.11
948,632.04
948,59.5
964.19,777.99
963.5,1243
983.34,16.644
985,847.5
1038.9,545.59
1049.8,617.26
1071,1126.5
1081.9,778.26
1081.4,787.88
1085.7,290.91
1099.1,789.55
1100.7,172.22
1141.9,1044.4
1148.6,262.11
1156.1,736.5
1166,122.5
1169.6,1049.6
1177.7,150.06
1181.1,67.254
1183.2,1153
1187,218.08
1202.2,1178.8
1203.2,90.308
1212.5,206.49
1219.6,854.5
1230,455
1245.9,1195.8
