3.0476,32.167
1.5,77
64.307,101.04
14.203,395.46
3.3294,452.53
1.8571,602.38
1.7419,620.84
4.7862,953.58
62.459,943.15
9.3711,711.68
8.5,159
12.537,546.79
11.581,573.45
12.944,366.69
25.375,31.701
22.797,126.03
20.444,172.07
26.167,112.2
29.871,520.05
30.189,198.08
49.817,584.65
39.502,177.67
38.108,154
38,143.83
69.183,901.88
43.7,27.35
47.847,409.81
64.056,11.273
49.216,18.541
57.72,699.54
54.725,489.22
56.861,991.28
61.005,1009.6
70.414,241.51
225.13,591.9
74.791,991.81
82.043,364.82
75.33,784.79
115.4,940.15
81.106,569.28
95.701,20.566
82.565,983.61
92.613,58.338
88.586,553.41
92.708,479.58
90.115,989.65
105.97,1227.6
99.303,172.39
96.5,1204.6
116.09,984.87
113.38,265.58
108.48,676.9
111.6,44.6
112.79,34.724
114.43,159.16
118.17,410.75
130.4,702.04
168.84,139.17
135.99,528.75
153,792.28
148.04,34.888
137.26,558.33
136,813
141.72,582.4
142.8,1068.2
143.91,1138.2
149.59,841.29
154.54,876.76
196.71,56.416
155.2,263.8
174.63,922.98
154.95,1093.6
181.37,1196.2
170.38,71.769
165,275.61
184.44,976.38
167.11,1056.1
168,1121
171.56,259.44
172.98,1075.1
192.33,1122.5
193.77,238.74
182.76,994.34
241.12,876.98
186.21,1233.6
191.44,564.11
195,1084.5
197,395.33
197.91,409.38
204.81,1219.3
203.81,777.52
208.11,1003.3
209.87,115.13
206.95,1148.3
209.73,1013.3
213.42,1033.8
227.16,387.36
212.29,185.43
219.19,94.814
218.92,756.97
217.67,370
219.12,529
232.68,15.199
225.64,462.87
264.71,1166.8
225.07,237.79
225.48,583.96
224.59,995.3
223,1196.8
229.03,298.88
225.59,405.06
342.92,1052.1
227,1069
242.07,1178.8
232.19,1023.4
237.44,522.09
236.11,119.67
235.66,153.27
251.87,699.86
240.93,70.364
239.9,209.38
249.57,325.59
239,706
247.01,94.128
246.71,401.82
243.38,498.74
245.5,842.94
336.13,223.14
244.5,310
248.2,34.476
253.01,977.57
254.74,122.88
255.07,477.04
258.6,455.27
257.5,470
260.58,929.45
263,240.5
263.62,343
270.33,954.33
268.71,504.58
268.21,328.72
268.88,1074.3
279.48,450.87
272.82,204.91
278.47,522.25
277.43,248.77
276.87,1008.2
283.08,343.32
302.13,74.123
284.77,268.23
286.38,1082.3
307.11,1063.8
288,1000.1
290.5,532.5
291.42,21.895
303.05,395.99
296.22,817.25
297.47,234.58
310.59,449.19
307.72,307.66
306.77,349.35
305.67,1017
323.98,989.38
310.88,887.03
313.92,852.45
310.9,943.05
313.07,319.07
313.9,422.62
315.46,1102.9
315.47,635.23
314.5,902.5
339.77,1195
322.02,380.14
324.64,332.96
329.27,352.09
329.02,364.39
331.15,85.495
378.95,923.78
328.5,461.5
331.36,888.31
331.98,257.54
339.84,450.02
335.83,768.53
331.1,1113.7
334.29,387.5
338.43,170.62
340.1,858.39
343.44,302.85
351.01,670.83
343,101.5
358.21,92.793
345.89,1107.6
353.07,150.98
355.91,284.59
358.11,599.82
372.95,1126.8
361.23,378.01
357.17,586.67
359.96,51.037
395.46,126.99
472.08,281.86
363.96,582.93
435.47,581.95
371.47,647.53
380.17,8.053
374,258
380.9,418.25
394.33,677.7
385.11,1246
393.03,478.2
381.82,1186.8
382.15,101.54
382.6,400.6
383.66,583.59
385,835
390.5,342
423.18,1208
394.5,1180
399,846.82
400.39,1002.2
405.11,296.59
403,1247.5
412.19,388.48
404.33,1033.2
408.34,1049.1
407.55,2.25
449.28,689.3
425.31,1108.9
420.76,183.26
414.65,327.59
424.01,951.07
429.63,655.82
423.72,355.21
431.86,10.059
426.89,545.59
423.86,826.5
428.5,788.67
445.51,116.19
426.95,1144
428.92,1172
430.64,690.52
432.06,823.14
434.88,630.92
431,643
442.2,325.92
439.5,855.5
441.83,139
441.5,794
496.53,783.43
450,178.5
451.63,437.07
452.95,1076.4
452.07,347.52
452.95,361.65
454.98,144.9
452,1106
464.58,8.4622
455.82,1049.3
454.4,1111.6
458.26,1244
460.22,306.01
475.6,150.8
503.16,392.09
477.48,39.464
470.05,983.53
473.15,936.21
472.12,962.17
477.59,714.71
482.9,903.67
480.26,135.13
483.87,871.68
482.78,678.72
485.55,355.58
485.93,8.0545
485.82,921.71
494.88,1017.2
510.66,32.34
513.67,154.43
509.34,327.9
518.38,240.72
520.13,816.54
510.66,212.06
509.23,737.77
510.02,979.12
502.79,180.42
517.29,1009.6
518.5,955.5
525.32,116.13
520.13,724.43
541.47,1115.3
529.07,883.03
522.55,933.41
524.5,914
528.9,1223.1
530.17,695.38
527.89,1002.4
530.05,855.05
530,910.67
530.36,893.32
531,949
543.16,1197.2
635.85,320.35
552.27,457.91
555.36,973.26
535.52,1046.4
537.73,708.36
538,60
541.33,941.83
541,949
545.88,685.21
600.59,116.48
550.43,692.61
560.34,71.739
555.67,900.56
579.4,847.73
569.45,913.97
561.05,98.403
564.63,541.02
566.2,708.08
568.14,1174.1
571.57,767.51
581.34,949.51
576.07,752.34
610.08,418.78
576.58,1076.9
582.57,720.22
577,1171.5
595.35,1095.1
580.12,1087.1
585.95,55.793
584.6,930.4
636.98,1125.3
618.49,743.47
591.45,224.56
595.3,1001.1
614.19,783.83
598.5,473
605.4,1061.9
600.09,482.91
605.61,950.08
618.69,6.7009
613.06,609.35
616.7,841.68
607.59,710.52
610.42,1239.1
613.4,970.02
614.4,375.4
640.13,259.45
626.17,395.09
625.27,1243.1
624.5,50
635.14,715.86
665,22.072
641.1,779.25
666.16,950.19
648.68,1026.7
647.36,760.09
649.54,787.21
652.07,101.25
650.91,230.06
672.82,693.95
654.22,989.46
658.14,161.43
669.88,184.14
666.09,115.56
668.05,231.88
659.86,551.86
723.2,71.103
663.42,975.89
666.46,497.87
671.71,103.45
670.88,1243.3
671.5,219.5
678.28,415.06
683.23,46.696
741.82,760.69
679.46,1213.7
687.81,244.52
725.46,992.86
684,227.5
693.39,125.86
698.12,538.96
693.5,658.5
694.39,854.57
697.15,972.75
735.3,274.72
737.18,1138.3
702.42,1115.9
706.48,1009.9
715.84,513.7
713.09,32.284
710.82,789.73
714.35,778.44
714.14,947
721.34,231.4
718.91,682.77
720.74,1089.6
723.38,209.23
722.5,8
736.71,11.282
749.99,180.22
865.02,305.02
736.78,898.9
737.8,487.3
741.09,311.38
740,1229
742.25,959.25
742.85,1175.5
762.17,5.2874
751.87,813.87
751.74,23.194
765.36,219.84
760.97,207.55
764.74,833.84
769.09,440.22
773.26,259.33
800.77,1144.4
774.66,180.81
777.71,201.82
781.36,219.22
844.35,439.66
781.45,135.3
828.62,116.32
780.08,1117.4
785.77,3.7097
788.15,977.88
788.91,39.091
790.07,926.1
789,1084.5
799.85,212.49
808.06,12.403
814.33,43.401
801.04,1059.9
835.97,1241.3
801,45
833.47,1004.7
827.36,228.04
815.56,75.205
815.84,1037.4
817.18,91.964
823.57,978.57
827.13,84.418
836.01,1168
838.8,24.689
896.34,873.16
843.61,1054.6
849.52,1189.2
847.95,1085.9
845.96,1154.6
848.81,1039.7
856.74,1098.2
863.02,361.42
872.93,991.71
880.14,1071.3
873.11,948.81
876.21,1185.3
888.42,377.46
879.88,4.5
1017.7,524.07
883.22,936.38
887.97,947.86
904.26,1171.8
891.38,709.32
919.94,908.98
900.93,172.57
907.2,806.24
908.43,1107.5
913.39,3.2807
911.68,744.77
921.33,787.78
925.22,32.694
925.23,1030.8
927.26,160.55
924.67,854
930.61,1114.6
931.52,182.48
939.88,743.8
930.62,148.48
1032.1,132.42
959.52,1048.7
945.07,1231.3
978.16,759.81
938.63,794.44
938,111.5
939,142.5
951.25,263.77
943.72,948.56
946.21,1202.4
946.58,607.45
950.54,413.81
959.2,871.98
971.49,821.7
957.54,61.304
961.62,968.43
958.39,427.7
1029.1,888.14
972.96,1101.6
973.51,88.177
960.43,739.57
960.56,748.11
963.41,1122.9
968.09,729.91
973.95,3.875
984.38,718.13
977.72,889.68
984.28,871.16
986.08,69.135
986.37,108.37
991.48,956.77
1009.9,766.26
1000.2,1224.1
1007.6,56.174
997.5,1005.5
998,850.33
999.09,968.62
1001.4,696.1
1003.8,1165.3
1012,989.46
1011,125.67
1015.9,418.04
1021.6,785.05
1009.6,832.43
1015.4,944.33
1012.3,603.8
1012,67.5
1016.2,434.15
1013.5,683.5
1020.3,820.17
1017.1,575.05
1022.5,1124.1
1025,110.99
1062.5,301.94
1025,50
1029.4,804.9
1046.5,1080.1
1038.7,229.26
1030.2,648.54
1044.6,1185.9
1035.3,812.89
1035.8,661.78
1034.9,715.09
1036.2,956.6
1074.1,524.8
1039.5,166
1045.4,1239.1
1046.5,997.14
1079.3,763.37
1042,1060
1052.1,485.94
1061.6,904.78
1057,1246.3
1068.5,9.7107
1083,709.2
1071.4,691.89
1079.4,1184.6
1073,160
1076.1,853.14
1102.4,938.55
1080.3,1017.5
1080,1042.5
1090.1,167.72
1088.8,386.7
1091.3,790.42
1129.8,1138.7
1098,514.67
1100.5,810.38
1100.5,78.846
1100.5,133.22
1116.2,676.36
1125.8,808.78
1109.3,1145.1
1106.3,1171.4
1110.3,411.94
1111.5,1124.9
1111.6,148.2
1113.6,1109.3
1172.3,64.745
1143.4,539.21
1170.5,993.21
1136.5,254.22
1121.6,175.41
1202.2,738.18
1123.2,247.4
1125.7,1131.4
1135.8,322.14
1190.7,633.88
1131.9,780.01
1128.3,835.92
1132.7,190.67
1131,139
1137.2,492.62
1164.2,907.17
1139.1,737.89
1145,114.16
1143,139.74
1174.2,220.38
1160.5,297.08
1177.8,378.86
1150.5,795.5
1154.7,585.78
1154.7,570.4
1153.4,824.6
1175.8,147.57
1157,417.44
1161.1,753.24
1165.2,618.25
1165.3,124.45
1183.5,70.863
1168.4,317.03
1168.3,674.72
1171.9,868.27
1170.5,1043
1171.7,12.167
1181.8,1074.2
1182.6,924.6
1186.8,707.52
1211.6,883.33
1195.1,1217.2
1193.4,323.06
1217.8,129.12
1198.8,1135.4
1201.5,146.63
1203.1,190.97
1205.9,345.2
1206,960.5
1229.9,1142.5
1220.6,1076.1
1219.7,249.29
1229.7,354.62
1217.6,179.59
1219.4,810.04
1226.8,1245.7
1238,1203.1
1232.1,763.95
1229.6,809.2
1242.3,804.94
1230.5,1032.3
1238.6,114.45
1234.9,984.95
1240.2,929.81
1243.5,39.711
1241,153.03
1240.6,247.04
1244.8,185.01
1245.7,1036.5
1246.2,77.34
1246.9,133.6
1246.8,1057.9
