4.1282,156.27
1.8,1196.4
15.672,53.9
23.034,1116.8
24.3,739.54
31.162,825.13
42.617,902.59
42.5,1015.5
46.978,602.66
50.34,242.58
46.875,727.5
52.071,467.34
62.08,803.46
65.056,43.455
70.86,859.32
79.279,70.184
81.089,1240.8
92.351,962.1
98.478,1070.5
92.231,660.54
98.804,885.86
102.2,231.38
105.7,639.88
107.83,458.95
110.09,894.88
114.39,217.16
124.48,1212.8
131.5,826.37
138.27,895.77
142.62,540.32
143.1,939.11
145.52,48.748
145.65,1057.3
152.73,1036.5
156.05,746.81
156.34,908.85
163.7,817.17
167.24,1058.3
178.76,1083.4
184.94,713.41
188.31,1022.4
193.57,360.61
199.79,1107.6
202.69,979.9
205.59,881.08
210.74,769.05
223.88,857.32
218.93,446.15
223.77,338.84
239.97,605.24
245,414
246.29,1146.5
251.71,951.54
258.48,636.43
262.16,774.26
259,166.35
261.54,1022.7
264.55,262.61
273.99,348.65
279,722
309.41,1095
307.92,649.2
317.27,598.28
319.68,283.68
325.72,1014.4
327.65,156.74
340.68,232.95
352.66,103.32
354.38,328.06
355.45,1042.3
358.69,676.51
356.4,1220.3
355.85,1247
365.49,7.455
364.91,858.02
362.97,151.63
365,596.5
368.78,1167.1
374.69,183.36
372.5,325.3
377.31,637.19
382.57,125.62
381.59,320.93
385.02,706.49
382.59,1087.9
394.95,322.9
398.84,704.45
401.44,773.52
400.07,1176.4
407.57,170.37
407.61,425
418.54,646.37
425.25,1220
429.16,297.35
430.63,903.81
439.42,867.63
441.78,2.1111
449.3,500.65
469.11,874.66
469,39.587
474.13,484.34
479.2,774.86
477.14,541.09
488.36,1041.9
490.5,894.2
497.71,108.15
499.45,309.29
501.5,351.59
500.67,380.51
504.69,495.51
505.17,427.64
502.82,746.18
509.15,771.9
508.76,1143.4
515.88,380.62
529.49,1238.1
530.91,589.05
537.4,73.117
541.35,517.21
540.96,262.11
549.89,823.47
552.73,963.43
562.54,298.2
564.75,375.89
573.35,859.93
574.02,386.12
575.77,657.12
579.95,133.08
586.83,81.077
587.86,1023.7
591.88,518.31
599.78,453.31
596.5,848.38
606.88,1134.4
610,404
612,535
629.42,932.24
632.25,680
637.41,40.84
641.02,610.02
639.14,777.86
644.39,101.5
654.12,938.66
659.86,1137.1
654,1059.8
661.02,350.88
679.07,615.12
676.89,995.42
681.52,865.72
688.73,337.17
690.59,152.93
695.21,535.67
696.76,274.28
707.41,1189
713.2,769.1
713.78,155.02
714.06,926.91
726.14,28.857
733.67,410.29
737.83,1064
737.85,735.5
741.64,465.11
744.71,1172.6
748.42,127.03
754.76,386.9
754.28,1110.5
755.43,1155.8
757.09,991.95
762.87,1088.1
766.19,927.6
771,460.1
777.1,1156.9
788.52,142.03
799.95,1230.5
799.53,675.37
802.69,858.21
801,366.77
801.5,649.5
809.96,267.2
821.24,336.1
825.69,1145.8
836.91,160.89
836.5,289
848.33,69.07
846.4,277.6
849.3,984.23
851.79,266.62
861.05,311.32
875.25,538.95
877.39,304.82
885,1032
893.68,1146.7
895.93,1077.4
898.6,1046.4
902.73,1212.5
906.88,500.67
916.54,828.65
918.91,1242.7
920.84,89.462
926,1160.5
936.45,622.28
934.53,1190.1
937.36,27.088
939.43,313.95
945.05,264.18
951.56,712.08
960.55,1203.5
964.3,529.66
970.81,895.61
973.22,762.21
973.45,402.4
982.22,288.5
978.29,1160.5
980.7,29.842
999.09,53.077
1009.9,134.93
1017.5,402.87
1027.6,176.44
1022.9,1135.1
1044.7,248.33
1041.8,220.96
1041.4,897.39
1044.5,11.017
1044.5,387.17
1046,57.85
1044.8,346.83
1049.2,159.46
1050.6,989.35
1057.9,1233.6
1055.8,377.69
1071,435.74
1072.5,616.03
1082.9,28.33
1088.9,387.05
1094.7,1033.7
1096.8,180.89
1097.9,12.473
1099,719.19
1096.6,88.957
1098.9,100
1106.7,1238.2
1101.3,372.3
1132.6,96.777
1107,1067.9
1112.9,1103.7
1120.2,299.15
1126.7,1060.2
1124.5,242.5
1143.1,1141
1148.4,161.07
1137.6,999.3
1139.8,772.58
1145.7,1118.4
1149.8,189.56
1151.5,133.5
1152,550
1156,261.31
1155.4,382.94
1155.6,937.52
1156.4,1022.3
1161.4,293.83
1161.7,1233.1
1181.3,559.72
1168.5,685.5
1167.6,1221.4
1176,1240.3
1178.1,1103.6
1182.1,1164.8
1179.5,118.73
1187.6,1203.7
1180.5,537.12
1175.1,1127.8
1176.8,1057
1180.4,309.02
1184.3,1139.9
1185.5,146.24
1184.8,820.2
1189,165.98
1193.9,67.85
1190.6,199.61
1194.5,335.9
1200.3,543.43
1199.2,687.46
1209.8,161.29
1200.2,1089.1
1215,1166.9
1201.7,1241.3
1205.4,325.02
1206.8,841.23
1209.5,633.52
1207.4,347.05
1213,652.82
1229.9,196.93
1223.7,420.22
1228,678.62
1226.6,34.309
1224.4,329.93
1230,1071.8
1226.5,294
1229.9,598.69
1237.2,494.68
1235.2,314.19
1236.6,1032.9
1241.8,224.97
1244,387.15
1243.1,1158.1
1245.5,149.29
1243.6,1203.6
1246.8,416.32
