5.3036,25.116
4.5938,312.66
3.6144,346.15
3.5033,723.05
12.139,995.23
15.642,1096.2
9.1429,1156.6
9,1062.5
15.659,94.826
16.652,1184.4
12.303,1205.3
15,1247.1
21.211,621.53
14.857,292.5
19.673,901.31
15.958,493.08
24.652,684.52
22.283,249.88
24.254,934.7
23,1012
25.451,5.8028
28.956,272.21
28.23,380.39
27.909,1076.1
31.25,38.402
29.559,357.15
33.333,427.23
29.579,1015.1
35.509,540.81
34.636,1138.9
42.316,735.56
38.679,499.58
40.381,987.01
38.83,955.32
49.359,1002.1
41.752,714.57
41.529,1212.2
40.875,1121.6
41.612,1154.4
42.174,434.13
49.213,592.41
46.66,557.45
52.894,472.35
51.604,71.288
48.949,1233
50.255,904.88
55.848,1033.6
73.039,982.92
51,986
54.677,211.58
59.341,450.02
55.412,237.94
59.848,292.59
61.367,22.273
57.633,885.77
61.58,2.82
65.594,506.93
59.286,264.36
65.256,337.23
66.725,408.43
68.356,33.378
73.222,264.91
73.143,647.3
72.091,53.773
78.993,1144.9
78.435,222.79
79.467,1246
80.688,14.104
88.06,31.451
80.778,898.67
93.031,247.45
85.577,966.76
90.079,936.24
87.257,7.2
90.055,422.04
89,705
91.677,605.66
90.421,1023.9
91.5,629
92.8,767.82
97.513,1156.1
95.3,187.36
97.228,322.25
103.9,7.9415
97.073,449.51
102.99,983.84
97.618,736.88
100.08,1115
101.13,59.916
104.33,790.85
101.17,894.1
101.14,1183.6
101.78,643.66
103.41,727.06
108.86,310.3
109.56,336.43
115.81,578.75
111.44,824.08
115.8,125.97
119,800.58
117.48,67.411
115.47,620.75
118.63,726.36
122.99,673.41
121.17,932.25
121.33,441.6
120.91,324.09
124.94,604.79
124,382.09
127.34,226.51
124.61,424.14
125.98,826.16
127.86,654.86
130.62,401.5
131.52,728.91
135.5,965.2
144.13,567.32
144.33,891.94
140.45,22
142.29,1110.9
144.93,1157.7
140.71,55.357
144.1,808.62
150.34,750.69
146.64,1021.3
157.41,605.4
161.09,631.35
163.14,1135.5
162.85,1088.9
162.88,147.69
162.09,280.05
167.03,1110.9
168.93,485.05
171.14,265.07
167.78,530.08
172.3,883.88
174.82,606.21
172.38,1201.9
182.51,986.17
184.16,23.957
184,1194.2
190.38,385.36
188.45,444.86
188.38,632.21
190.78,1075.5
190.69,1176.2
200.31,497.43
194.17,1004.5
198.52,112.84
202.92,918.82
197.56,1041.1
205.17,1166.6
206.06,585.59
204.28,1209.6
210.51,1132.5
207.57,870.24
210.82,27.55
205.29,1040.8
208.85,49.795
211.38,313.96
212.26,723.82
217.7,679.16
222.23,484.83
216.7,247.56
219.7,635.7
216.18,750
220.53,910.91
224.85,788.21
221.93,943.1
224.36,440.87
226.18,710.85
227.73,561.44
235.58,996.15
231.85,897.11
238.02,683.33
237.45,114.23
234.98,401.2
233.33,825.83
250.3,1103.7
245.21,656.07
237.97,1205.2
235.42,910.89
240.9,449.94
242.12,573.69
243.3,793.8
250.41,50.752
240.5,824.5
247.37,283.14
248.6,1145.3
254.79,312.23
256.65,32.544
258.91,148.3
261.67,1032
272.9,988.27
266.01,112.66
267.06,1211.5
268.48,593.62
266.4,274.4
267.74,364.19
275.06,610.67
273.88,76.137
268.83,554.67
271.6,240.4
275.23,923.44
275.74,317.13
274.33,842
287.55,62.265
278.74,505.19
279.59,865
285.5,888.55
282.93,625.41
294.76,9.1639
292.93,771.81
290,623
299.37,288.66
296.01,755.92
298.11,896.64
304.77,956.8
301.63,446.54
298.8,689.47
302.14,487.9
297.6,632.6
299.11,679.58
305.23,32.617
302.6,418.19
311.01,1029
302.89,1099.3
303.41,256.07
306.55,523.92
303.86,741.5
305.83,699.13
315.67,638.82
312,994.6
312.22,1128.1
313,15
315.22,918.53
320.06,3.4179
321.41,28.017
320.99,140.72
318.64,1055.8
324.82,992.49
325.18,283.07
328.18,536.78
337.77,730.98
339.45,1238.3
328.67,375.17
330.83,1079.8
331.79,210.89
332.66,521.45
335.44,13.419
336.6,1096.6
338.72,598.65
337.62,1124.5
342.04,101.29
346.04,930.25
341.83,37.667
342.57,555.06
346.19,913.71
347.14,1048.9
350.9,765.82
349.93,1158.5
355.32,867.82
355.41,482.86
359.72,1206.1
358.05,372.68
365.63,807.72
358.14,993.5
364.08,583.29
365.1,287.15
362.72,927.21
367.97,76.1
373.32,1241.7
374.58,1169.5
379.25,422.72
372.38,271.57
381.72,1005.5
377.36,530.58
382.75,587.12
376.44,1030.2
380.35,75.923
404.74,919.06
390.85,617.55
382.39,736.2
404.46,959.47
383.92,870.08
388.06,890.39
391.51,720.61
390.81,1190.1
400.06,536.89
403.16,235.52
406.81,98.017
406.36,571.34
407,697.81
412.14,1107.9
413.3,266.51
413.22,386.96
417.92,538.95
415.96,123.08
422.91,405.26
418.87,13.923
419,936
425.51,1187.8
421.44,160.08
430.5,1053.1
437.63,69.33
431,546.83
433.88,1001
437.8,832.96
441.52,175.83
440.74,1073.5
440,917
441.34,1000.7
442.93,557.41
444.71,114
449.1,1127.3
449.96,609.18
457.19,560.49
448.17,1034.2
449.4,39.07
453.58,123.04
449.4,340.4
450.68,428
456.14,1022.2
450.92,240.44
459.79,699.51
457.8,466.31
458.62,146.78
461.49,952.39
458.36,837.5
467.25,63.633
465.43,415.84
464.89,1035.4
468,1078.5
471,100.5
473.1,246.94
472.85,546.56
477.66,168.01
479.95,4.9726
479.34,1094
475,787.5
483.14,1028.9
476.43,381.61
480.08,397
481.86,427.69
477.61,717.5
480.94,614.73
482.43,1159.8
488.55,68.379
485.12,209.3
493.14,710.07
489.35,952.38
485.27,731.52
486.3,382.8
492.91,1104.6
489.66,677.09
494.53,1243.7
497.88,466.15
493.23,226.73
499.12,529.35
497.26,869.54
502.19,22.194
507.75,941.33
502.93,1214.6
510.6,314.74
506.13,646.39
505.55,1064.3
509.99,628.25
515.8,43.385
515.52,258.78
517.24,23.396
522.67,716.6
518,522.5
527.18,92.529
538.7,1153.7
527.68,298.15
527.95,1185.8
531.68,586.22
531.96,615.04
531.35,850.69
531.73,183.53
536.37,348.62
532.67,755
535.68,811.12
534.5,118
539.82,459.6
538.95,509.73
551.29,858.44
547.56,268.08
546.5,1006.5
552.14,561.97
549.14,757.1
551.59,1101.9
552.42,887.52
557.18,511.38
553.45,589.58
556.5,949.5
561.55,1077.3
561.97,832.79
564,490.5
563.43,684.39
584.6,812.59
570.59,12.103
571.15,978.16
572.43,619.66
572.93,661.52
576.03,103.49
572.73,840.44
583.31,860.31
578.54,1052.6
577.67,1215.8
585.18,1143.2
591.49,383.89
589.37,1223.4
590.09,46.091
591.87,223.03
592.94,525.98
594.07,878.07
592.63,1239.5
599.71,1049.2
594.91,846.91
603.97,599.17
603.98,120.94
601.55,474.05
601.42,741.85
608.6,1176.5
607.88,97.882
605.73,259.4
608.56,1032.9
616.95,566.47
611.79,708.87
609.62,882.62
609.81,41.86
610.89,171.07
612.96,276.65
621.46,1233.7
617.97,404.13
619.08,545.92
621.95,20.721
620.5,146.5
629.16,686.75
631.36,300.35
625.14,740.57
627.69,557.49
628,865.75
631.04,1106.6
629.88,415.5
634.48,62.355
639.83,991.2
661.13,1143.2
638.15,944.45
644.87,30.667
650,1023.7
653.62,170.71
649.35,1240.7
659.63,127.96
656.25,241.76
664.77,1193.5
660.78,284.72
673.39,1007
663.39,1167.9
662.58,315.45
674.53,482.86
667.94,862.91
671.56,637.66
676.35,969.98
682.15,829.02
676.22,30.541
678.34,40.224
681.71,1049.7
681.67,674.49
682.2,93.837
687.38,712.55
691.05,875.82
692.33,1156.5
683.87,1199.2
686.6,82.6
690.57,460.69
696.85,21.024
687,432
689.57,335.34
689.07,938.59
692.57,423.28
697.29,484.06
696.25,920.85
698.84,804.04
697.45,326.13
699.88,106.42
700.88,150.35
699.76,240.97
704.03,672.1
703.91,730.13
701.79,897.29
702.61,1178.6
702.57,632.95
706.35,123.75
703.96,412.24
704.5,1068.5
708.84,383.41
708.89,909.56
708.55,1084.7
715.75,1209.7
709.58,90.895
715.64,109.58
712,189
713.15,684.58
718.07,1129.4
722.74,363.99
718.9,268.52
721.07,293.02
723.94,878.56
728.05,731.36
734.91,11.105
733,186.16
739.53,758.93
736.15,610.95
739.09,683.86
740.15,820.82
742.72,93.391
741.13,164.36
741,339
746.25,127.26
745.5,581.5
751.44,307.53
749.09,62.062
749.11,248.58
754.09,175.87
753.06,653.27
753.86,679.23
757.32,86.98
754.09,105.87
754.46,40.357
761.61,822.02
761.27,335.08
761.51,749.03
761.76,261.6
761.95,1209.9
770.26,909.8
769.22,1168.4
772.68,491.18
774.33,1131.5
782.15,264.49
780.17,192.07
782.6,922.92
778.49,968.45
788.71,1077.6
785.44,137.89
788.37,778.86
785.78,1246.6
788,35
789.73,704.56
799.84,194.75
807.15,420.56
805.52,466.4
801.92,680.92
803,933.5
809.74,539.21
809.92,966.78
813.93,1047.5
814.42,940.06
828.65,88.952
815,384
821.56,1245.5
820.23,799.56
824.48,834.96
826.81,316.65
827.24,353.01
828.67,441.24
834.02,625.52
826.65,752.03
829.4,965.21
839.42,121.07
834.05,1209.5
833.12,645.26
837.15,72.615
841.56,402.48
843.62,1044.1
844.33,260.74
848.21,19.104
849.32,203.54
849.42,639.42
854.16,708.51
853,327.17
858.35,516.4
855.92,1232
861.73,52.196
861.6,92.554
859.09,616.87
859.08,895.08
861.67,942
864.57,221.57
867.09,336.45
872,1018.5
878.16,672.63
874.57,10.163
875.53,75.782
889.77,787.4
883.19,836.29
884.93,1195.8
881.13,451.89
887.71,228.49
886.66,146.45
893.67,892.45
892.68,1113
897.85,949.54
896.78,170.54
900.8,724.37
905.45,282.56
900.63,551.37
905.72,1006.4
903.42,707.45
904.6,181.4
909.74,747.37
906.14,239.86
907.66,807.81
905.5,969
911.15,1114.1
910.83,215.24
908.36,829.5
908.84,871.42
912.72,982.55
915.04,844.15
915.56,1142.2
923.61,624.86
927.67,48.421
927.15,247.62
931.13,203.59
928.15,986.26
934.4,899.38
939,1235.5
943.21,803.76
938,1.5
943.25,553.98
942.25,617.25
942.94,426.26
947.13,368.56
947.96,2.8909
961.54,445.87
950,256.83
953.02,13.263
957.01,665.14
960.84,1056
957.09,77.281
959.94,982.24
958,5.5
954.05,760.32
958.86,165.07
964.62,110.7
959.93,237.41
963.2,791.77
970.65,305.12
973,13.237
971.43,784.38
974.28,858.87
977.5,592.5
979.34,1184.1
977.92,104.66
978.6,1008.4
987.6,328.18
992.18,654.05
995.36,694.19
992.24,378.18
994.06,759.41
993,774
998.21,1167
998.12,135.55
1003.5,799.6
1001.9,175.63
1005.9,385.16
1003.6,77.581
1006.3,238.6
1004.5,715.5
1013.8,209.06
1015,527.94
1014.4,359.37
1015.1,630.84
1014.7,1.8947
1019.2,271.57
1021.2,166.34
1021.4,573
1024.4,961.9
1033.3,83.817
1033.4,978.18
1036,107.07
1034.8,1231.2
1034.5,1091.1
1040.1,1074.7
1043,444.82
1044.7,1034.9
1037.9,1059.1
1038.8,1163.1
1044.2,49.802
1040.2,277.24
1043.8,16.022
1040,995
1045.4,609.42
1045.1,891
1046.2,467.87
1054.7,155.49
1052.1,237.81
1056.1,259.92
1050.9,1052.4
1053.5,928.5
1057.9,1175.7
1061.4,884.7
1071,359.64
1076.2,524.56
1075.2,571.3
1075.9,204.1
1073.9,157.41
1076.3,46.75
1076.6,250.37
1081.3,437.11
1082,1.9
1082.8,385.79
1084.4,1067
1089.5,843.94
1091.9,875.15
1088.3,24.892
1090.4,686.71
1094.4,985.89
1090.3,298.78
1091.9,1224.2
1099,156.42
1092.8,804.85
1101.7,787.15
1099.2,117.48
1101.7,41.96
1103.3,342.29
1101.4,541.91
1101.9,57.654
1107.8,246.38
1109.1,141.97
1109.6,595.42
1114.8,1055.5
1112.3,548.28
1110.5,103.5
1121.2,641.27
1118,30.97
1115.6,982.89
1113,287
1122,79.919
1124.2,1112.2
1123.5,529.85
1126.2,1168.5
1130.2,594
1134.2,1220
1132.4,286.6
1141.7,237.84
1136.4,890.6
1141.1,795.99
1140,897
1143.8,1103.1
1160.2,99.891
1147.3,138.06
1147.9,201.46
1149,339
1147.4,152.61
1150,372.97
1158.4,58.6
1151.8,286.45
1156.8,127.15
1153.9,159.42
1153.5,433.5
1155.6,452.43
1159.1,1065.1
1159.6,351.05
1164.9,818.89
1163.1,1000.2
1169,139.98
1164.3,388
1168.7,1042.5
1166.3,195.1
1164.9,606.5
1169.6,366.35
1169,702.5
1179.5,263.83
1178.9,53.036
1173,71.5
1174.5,87.5
1177,1218
1178.9,331.26
1179.2,73
1182.2,540.18
1179.7,577
1210.7,51.689
1185.8,1131.9
1190.8,1220.7
1192.9,524.97
1188.9,360.3
1190.4,405.43
1195.3,380.66
1192.9,161.93
1192.5,41
1195.8,739.22
1196.6,781.93
1196.9,1028.1
1199.8,552.13
1201.6,246.94
1202.9,139.95
1205,915.02
1203.3,1090.2
1205.3,181.41
1203.6,86.895
1208.1,1065.3
1211.9,1167.9
1212.1,290.95
1213,403.83
1215,1186.5
1219.1,340.41
1222.7,936.9
1221.6,1220.7
1228,286.22
1222.9,636.26
1230.9,315.65
1233.9,1137.5
1236.1,15.654
1230.2,486.52
1239.7,83.835
1233.8,1195.5
1242,586.47
1236.1,639.09
1242.1,1183.1
1243.6,153.69
1240.8,177.51
1239.6,1219.9
1244.3,995.99
1244.2,328.62
1245.3,612.62
1247.5,1015
