5.7321,234.59
3.8621,569.19
2.7059,611.5
2.5333,708.58
3,799.68
3.5526,949.26
3.5571,1099
4.7681,1243.6
4.7917,1037.5
6.4048,420.64
8.3692,655.86
8.9348,1054.9
11.979,1005.4
14.424,78.091
16.909,283.09
18.635,574.23
21.917,1168.7
22.821,537.59
23.576,43.047
21.605,154.13
25.31,712.6
25.432,819
28.536,1153.5
26.174,787
31.503,413.87
30.091,1064.9
32.9,230.28
33.186,1179.4
33.935,469.07
36.768,72.561
34,912.17
41.841,1209.9
37.859,826.08
41.09,394.01
37.074,525.56
38.5,639
41.74,266.59
39.5,26.5
43.347,1057.3
49.844,1103
49.096,430.05
48.909,922.09
50.633,7.6333
53.19,366.29
55.391,411.43
55.9,31.95
55.5,533.5
59.466,839.95
59.885,327.29
60.217,240.46
64.115,971.77
68.131,897.24
68.147,180.73
70.487,353.56
74.492,8.121
71.082,92.507
69.411,1145.9
69.1,229.62
71,170
74.023,1103.7
72.627,42.137
75.014,516.41
75.5,1116.5
78.239,209.67
77.083,484.92
80.184,653.84
82.993,235.04
79.714,331.29
83.304,1123.2
88.446,1026.2
88.2,834.09
89,339
90,718.61
90.361,1189.9
89.5,278.5
94.565,319.39
97.8,400.3
105.28,797.86
100.68,1084.4
101.12,429.42
102.69,344.48
102,1112.9
107.01,158.48
105.61,495.54
103.93,552.59
105.65,583.44
109.09,869.98
107.35,1202.7
110,44
113,451
113.53,1104.2
114.54,887.08
117.88,920.38
116.44,136.2
124.2,653.23
118.91,215.45
121.67,392.63
118.13,637.05
121.65,532.03
118.6,629.4
119.93,777.59
124.78,500.17
124.03,57.939
123.78,24.459
127.25,598.53
129.22,410.67
127,1185.4
129.62,305.66
129.11,909.42
131.14,1030.7
131.15,628.47
134.64,833.45
131.6,1239.5
133.5,213.64
133.98,1125.2
134,526.5
136.02,900.27
139.45,257
149.6,384.89
143.26,224.38
144.6,599.99
145.94,998.43
148.09,1228.6
146.96,648.41
147.89,1058.4
153.49,91.794
153.72,285.55
154.1,1071.3
154.24,1085
155,1022
157.46,1030.6
158.17,200.85
162.57,149.35
160.6,226.6
161.25,595.56
172.47,780.44
171.84,847.42
170.54,45.066
179.42,393.3
176.57,562.14
175.09,337.91
174.5,1068.5
179.86,173.44
183.67,429.8
188.78,722.76
181.42,17.548
181,147.5
187.71,350.75
188.69,1036.6
198.48,307.58
189.58,453.68
189.88,752.55
192.58,27.596
190.08,289.44
195,975.08
195.94,337.45
199.74,242.46
198,370.82
197.62,382.12
200.99,97.905
200.62,675.3
201,147.5
206.8,533.09
202.91,982.91
207.28,699.51
209.94,965.15
210.59,357.07
212.3,772.08
212.14,93.161
216.23,484.39
216,1182.8
218.39,170.91
221.67,565.45
220.5,114
225.24,370.17
232.12,241.17
239.08,740.44
235.44,528.2
237.81,134
245.45,809.74
239,290
242.76,550.91
241.28,687.18
242.14,443.5
246.17,590
253.47,53.024
251.39,170.55
256.63,780.21
254,678.5
253.45,873.41
254.85,621.93
255.46,973.15
256,562.5
256.09,1016.9
265.45,464.49
262.79,500.66
262.17,273
264.5,709.84
266.31,1202.6
266.92,183.08
265.42,828.89
269.97,18.417
270.55,288.27
274.58,1160.6
276.5,825
280.17,246.88
282.3,688.58
281.56,324.22
285.46,497.72
280.66,569.66
281.32,726.04
284.37,38.456
292.59,972.41
286.22,1079.7
286,67.174
286.58,161.58
289.08,545.14
292.57,764.83
292.26,97.274
293.6,584.85
294.88,559.35
296.91,1159.7
293,870.5
305.14,854.72
301.3,87.406
303.38,669.79
299.35,688.74
302.3,537.78
303.37,995.51
307.6,196.39
306.24,457.66
305.52,618.29
307.66,703.24
308.43,235.35
309.04,283.95
307.07,1125.4
311.62,389.91
309.46,1216.8
310,718.5
311.1,647.05
317.12,334.05
319.49,438.41
315.77,144.09
320.14,678.72
319.14,287.5
319.38,1244.5
321.08,493.46
324.23,1105.5
322.35,158.5
322,470.68
323.43,645.75
324.23,663.53
325.47,278.28
330.39,148.32
334.13,655.65
334.88,850.65
342.27,581.32
338.54,912.22
340.69,544.27
340.88,797.92
345.42,557.89
347.72,736.57
351.55,454.77
349.66,656.57
348.56,683.56
348,1027
350.55,197.06
350,260.5
351.46,694.93
349.91,988.91
355.64,568.06
357.46,24.227
361,378.03
364.44,235.05
361.93,339.59
362.58,928.11
364.07,426.59
373.06,296.14
370.96,366.41
370.53,556.07
370.6,861.6
375.48,874.04
375.51,94.551
380.88,456.6
379.58,64.105
382.2,258.64
384.23,584
387.37,95.76
388.88,472.15
386.41,438.45
391.27,798.55
391.15,535.95
393.5,635
390.9,815.9
390,1133.5
392,733.5
393.98,202.93
393.78,427.32
397.81,352.4
395.89,840.58
398.44,331.45
398.58,1219.9
406.39,122.49
402.5,1045.5
409.1,98.309
407.86,247.97
408,648
411.18,950.05
410.33,593
411,1159.8
412,1206
416.93,841.47
421.41,575.93
421.91,250.91
424.58,769.95
427.04,226.88
431.71,264.43
432.83,581.47
434.69,123.92
438.82,673.73
430.5,936
434.2,1075.8
431.5,827.61
433.33,915.11
434.81,748.9
437.51,464.02
434.09,857.91
440.62,256.38
443.76,766.13
442.5,1208
447.31,1218.1
447.33,290.94
448.39,944.21
450.64,1059.9
451,628.5
452.69,604.09
453.34,1107.5
453.42,751.11
458.27,60.344
459,271.5
464.95,599.18
469.29,469.68
471.01,800.08
473.32,6.8092
470.7,1105.6
473.21,825.53
472.06,394.91
473,513.35
473.07,906.41
476.52,317.66
476.85,534
478.88,733.45
474.15,1070.3
479.92,154.92
482.25,591.25
491.55,197.48
483.42,620.55
491.36,397.9
489.14,555.5
486.95,705.91
490.74,767.07
490.18,29.591
494.29,241.85
492.47,741.67
493.71,534.43
495.62,1083.6
500.19,753.52
499.34,1136.3
498.67,130
506.87,515.89
502.07,667.12
503.18,1153.3
502.5,471.5
504.91,843.91
518.45,291.5
509.5,551
510.95,625.82
511.67,347
512.11,425.58
519.95,950.61
525.22,689.29
520.83,1107
522.66,498.38
524.95,563.35
526.64,192.84
524.07,857.41
532.85,261.97
531.71,1148.3
540.16,1103.5
537,112
538.06,1136.9
546.37,106.57
542.46,1088.1
542,1191.3
549.58,1072.8
548,230
553.55,128.39
556.01,449.17
554.31,316.83
560.13,489.73
559.6,937.24
557.6,1211.3
559.91,1021.2
558.08,80.083
562.31,246.71
563.61,222.4
560.7,1124.6
561.57,922.91
566.17,566.35
568.47,1004.5
568.07,836.82
568.17,523
570.04,30.071
575.54,498.43
576.59,159.59
587.16,7.5292
585.7,684.83
582.39,200.31
582.28,830.09
582.54,128.08
584.14,79.389
591.83,141.98
587.86,759.39
590.74,492.6
591.79,987.65
592.32,350.95
594.79,1175
594.42,467.11
598.29,643.35
597.08,501.08
597.77,191.77
603.99,240.76
605.77,484.4
607.13,526.74
608.63,967.47
609.5,292.13
614.21,596.46
612.38,1158.9
614,167.5
614.14,1092.5
615.08,868.44
619.89,433.63
615.6,1032.6
617.4,894.36
629.5,1108.5
620.61,398.86
625,123.83
621.09,280.09
621.5,460.5
627.07,693.42
626.11,1041.6
625.76,1085
627,825.5
630.89,1011.9
628.52,488.4
631.74,533.3
629.42,559.89
635.16,869.56
641.81,353.27
635.66,749.53
637.5,40.5
639.03,812.31
638.73,212.3
638.5,488.14
642.65,1175.2
641.69,444.17
646.05,298.48
645.34,412.26
645.5,1202.5
650.4,311.74
647,527.82
653.18,1133
649.87,102.84
651.26,254.14
650.46,780.78
653.44,909.36
651.06,135.91
657.47,737.52
656.13,195.87
660.54,400.54
659.11,41.553
658.06,553.83
667.78,1047.3
664.57,274.84
665.64,184.95
665.81,568.26
666.29,968.24
668.78,125.07
675.4,795.18
669.11,486.63
674.08,96.579
670.83,241.95
671.22,464.62
674.39,359.45
675.88,620.47
672.09,891.91
674,345.5
675.66,958.46
679,292
684.2,414.47
681.14,603.91
682,142
687.27,1018.7
686.67,194.01
683.5,332
689.67,521.26
691.05,327.81
690.12,643.12
691.12,888.17
691.65,253.85
693.38,366.3
693.35,568.06
694,771.5
697.19,384.07
696,558.5
699.08,45.94
696.93,707.41
697.86,861.86
704.57,117.95
703.88,909.49
704.32,794.62
705.39,182.68
707.85,1079.7
704.5,1121
707.68,93.784
709.47,734.17
709.5,806.5
713.57,43.057
714,340
717.44,1202.1
718.4,122.64
719.84,566.36
717.5,892.5
719.36,904.21
724.48,830.93
721.64,937.18
720.07,1004.6
724.41,608.19
728.71,206.08
723.5,273
731.86,592.95
731.44,967.53
727.5,96
729.8,1224.1
730.05,354.93
731.5,806.36
733.26,402.56
735.94,247.92
732.83,452
735.65,519.06
735.82,532.36
735.82,268.47
738.81,550.48
737.62,663.05
738.24,1089.9
738.62,1139.4
741.45,1038.3
740.68,189
741.14,765.1
747.63,53.715
746.01,258.93
748.6,537.52
749.54,130.86
748.62,524
751.1,715.98
754.11,1065.8
753.12,1181.9
754.85,628.38
754.76,790.79
753.93,641.59
759.64,394.74
755.64,236.5
755.58,987.89
762.2,578.24
760.94,689.82
763.4,370.76
765.02,146.19
766.69,157.72
765.58,172.55
764.42,351.89
765.58,383.89
770.27,748.83
768.05,328.68
774.1,1140.2
767,1242
768.87,127.13
768.88,247
769.4,493.4
773.19,672.46
771.58,687.42
771.71,1031.9
773.94,729.52
772.42,194.11
776,53.174
783.23,710.35
784.71,332.29
785,493
785.01,1037.1
786,1053
790.5,1097.2
792.86,748.62
790.6,897.11
793.65,488.14
793,704.55
790.93,723.41
796.87,272.44
795.79,938.84
792.5,1051
797.27,985.45
803.9,421.13
803.06,781.3
803.83,242.91
804.16,852.24
809.85,175.57
804.92,474.8
804.31,1183.4
810.48,91.017
809.36,897.51
816.4,524.56
809.55,345.29
813.1,760.44
810.57,655.94
810.59,862.07
817.54,251.32
814.65,456.53
818.22,1190.3
818.47,936.15
816.34,953.63
816.74,1023
818.08,342.02
821.03,651.75
818.92,827.92
826.37,1133.6
824,964.26
823.33,1168
830.97,944.26
827.82,312.07
828.33,584.06
828.12,608
827.09,1022
834.88,719.88
842.04,129.78
836.5,557
837.2,770.67
839.88,345.64
840.05,904.93
839.75,1000.4
843.82,222.24
844.63,390.59
846.5,300.9
843.09,498.69
843.31,948.19
846.89,1217
851.07,438.26
846.86,938.86
850.29,25.397
848.59,329.04
853.55,1164.5
852.5,378
852.5,637
856.37,220.5
863.78,506.62
858.68,1059.5
860.96,555.33
863.02,671.91
862.76,1191.2
863.2,776.04
865.89,1041.9
868.34,372.37
866.66,821.56
870.45,995.6
867.15,91.538
870.28,262.72
870.29,582.12
869.17,834
875.38,415.03
875.11,1095.6
874,1187.2
879.49,48.709
878.06,682.59
877.66,796.94
879.05,1152.4
881.55,950.49
882.62,32.219
888.3,589.11
885.31,1071.4
890.5,492.83
890.44,674.95
890.62,37.125
891.16,287.56
890.59,375.34
890.42,1059.4
890.05,1154.9
896.49,820.67
895.93,2.8222
900.43,610.92
900.5,474
902.88,1062.7
905.29,414.02
905.06,973.04
907.71,292.32
913.9,560.05
914.43,261.49
910.98,486.09
909.12,732.5
909.67,215.83
914.32,466.23
913.78,995.53
917.58,226.83
914.44,651.08
916.29,592.29
918.52,1078
918.6,49.984
917.28,1191.8
919.06,251.09
920.8,719.44
920.89,840.58
921.91,62.091
923.48,738.67
929.47,280.83
926.53,5.9722
927.5,794.5
933,164.5
930.81,574.66
933.99,1158.9
936.58,1062.1
938.85,108.8
942.94,345.58
951.6,569.5
945.77,1114.8
945.73,148.92
946.44,241.46
946.35,723.88
958.87,984.55
949,353
953.5,226.5
956.81,255.44
959.25,1058
955,524
965.53,653.19
957,749
959.59,390.48
961.45,180.73
962.34,706.35
964.95,50.559
968.09,1240.4
967.77,796.77
969.89,909.89
973.58,948.66
976.67,333.56
975.75,1033.4
974.12,1160.1
975,96
977.09,171.06
978.54,557.07
981.26,785.15
982.2,112.28
982.71,131.75
981,285.17
983.4,1196.5
982.5,416
987.34,181.06
984.38,251.43
985.92,41.564
987,511
991.02,808.79
990.75,967.99
990.94,660.48
993.43,603.71
995.17,112.89
995.06,628.3
1000.8,761.43
999.27,1079
998.26,83.815
1000.3,339.73
998,729.17
998.58,899.45
1001.7,1054.4
1002.1,809.87
1002.2,673.46
1007.4,1162.1
1008.7,1200
1013.4,289.86
1014,517
1017.2,155.22
1014.5,201.38
1015.4,997.89
1019.1,247.37
1023.4,864.38
1021,169.26
1022.1,612.31
1024.7,824.14
1024.5,1179
1032,1042
1032.1,284.41
1036.3,216.71
1035.9,589.58
1038.4,240.11
1041.3,872.64
1041.7,89.341
1040.1,678.41
1042.4,158.74
1041,644
1042.7,445.09
1044.3,1106.1
1047,601.74
1044,940
1049.7,762.98
1048.1,1173.4
1049.5,1242.7
1049.9,499.59
1050.8,905.87
1059.2,432.95
1062,597.57
1059.7,1048.5
1066.1,1208
1060.6,18.139
1061.1,535.95
1063.5,738.5
1069.1,562.72
1070.8,51.396
1070.6,774.14
1070.5,1242.2
1082.7,728.5
1082.5,162.39
1086.6,933.17
1084.8,452.47
1085.5,587
1087.5,97.957
1094.4,1233
1091.8,328.54
1093.7,795.7
1098.5,896.7
1098.6,1019.4
1099.6,229.42
1101.9,429.19
1102.9,1202.9
1103.4,782.02
1100.4,1068.9
1103.1,536.61
1103,118.65
1109.4,22.577
1111,370.65
1110.4,923.22
1116.9,587.95
1112.3,1006.8
1113.3,741.88
1117.3,872.99
1118.9,485.09
1119.5,470.16
1125.4,103.01
1123.7,760.13
1131.1,27.99
1129.1,287.71
1127.1,223.43
1132.5,48.232
1139,419.28
1136.4,644.42
1140.1,808.6
1140.1,1231.2
1138.9,502.47
1137.8,622.54
1139.4,772.37
1140.1,1076.2
1144.3,541.28
1140.5,1201
1146.1,258.54
1143,31.1
1143.5,276.61
1147,101.55
1145.5,670.95
1147.7,1222.4
1155.5,67.561
1153.5,1059
1158,746.58
1158.5,770.42
1159.2,568.36
1160.1,47.909
1161.6,264.45
1161.7,1074
1162.1,877.53
1165.7,310.14
1170.2,800.23
1170,227
1171.9,884.7
1176.6,387.82
1176,1183.2
1180.2,118.88
1178.2,364.73
1184.1,167.28
1179.5,1196
1179.9,416.86
1190.2,491.97
1182.2,568.44
1188.1,731.55
1184.1,834.41
1185.4,875.58
1190.9,939.04
1189.6,267.64
1189.5,700
1195.5,765
1199.4,259.47
1208.3,112.22
1201.4,812.06
1205.7,88
1208.5,871.49
1209.1,936.31
1210.9,147.09
1212.4,204.12
1216.5,392.89
1218,532.74
1218.4,1223.4
1223.9,7.623
1225.1,790.94
1222.2,838
1227.5,128.62
1225,179
1225.1,222.41
1228.4,25.763
1233.5,108.37
1237.8,1084.6
1237.1,537.34
1242.7,59.565
1242.1,693.39
1240.1,941.91
1245.7,963.56
1246,1003.6
1247.2,709.83
