52.324,91.438
1.8462,134
4.0802,192.04
6.3022,276.2
9.0822,317.79
1.8333,490.89
22.483,521.82
14.113,543.44
2.1724,694.24
8.8442,793.85
4.8451,835.34
1.5,843
4.7671,864.86
13.333,892.63
2.1591,930.68
4.7981,951.62
5.8254,971.25
6.6582,1044.3
6.8855,389.98
6.4348,490.61
6,814
35.569,718.31
43.602,980.55
18.16,4.084
14.706,949.26
18.348,229.01
18.965,331.93
296.38,257.59
22.601,491.81
43.427,135.96
65.22,185.17
24.967,824.12
18.5,864.5
20.098,971
19,859.5
142.24,807.34
26.391,797.43
28.344,846.62
42.723,325.07
29.955,860.64
29.5,834.5
30.887,1031.8
36.757,166.51
38.036,1024.6
44.011,440.98
37,834.5
43.079,1017.3
51.196,819.27
44.87,833.06
51.917,66.358
68.254,849.03
60,1.5
73.372,356.5
63.358,436.66
73.404,3.8586
64,726
68.806,821.79
68.1,662
145.44,650.45
67.091,756.95
82,32.321
76.466,63.166
70.562,310.97
73.7,404.2
78.087,765.67
75.595,881.92
74,980
81.142,136.8
86.705,910.14
83.421,197.11
88.425,352.91
135.78,390.6
86,587
87,884.83
87.5,591.5
88.667,197.17
97,903
98,128
98,862
98,979
103.92,961.28
102.34,770.32
106,640
112.86,543.8
122.63,851.6
131.92,898.84
119.67,191
123,969.5
128.28,166.35
136.09,984.6
132.18,108.52
139.53,941.3
133.97,363.69
160.3,681.22
141.35,750.4
145.8,156.38
166.34,104.86
155.52,705.74
155.63,133.86
159.52,419.08
168.15,209.53
155,792
165.59,915.54
162.7,171.92
166.87,793.54
164.57,873.43
170.18,130.09
278.81,1205.8
170,1232
171.57,410.39
173.21,430.52
172.94,576.03
183.66,893.28
192.39,540.74
178.98,704.33
174.41,380.06
179.47,7.3275
180.8,842
181.03,172.45
180.32,234.81
189.06,448.49
187,481
204.85,582.28
188,95
191.16,140.46
191.42,749.97
197.26,484
219.27,876.07
195.56,780.89
200.33,462
202.6,895.4
204.06,911.41
208.59,254.5
206.55,464.41
208.31,695.86
207,919.5
212,789
219.99,51.747
212.91,893.91
219,853.12
218,915
225.08,666.45
221,548
230.69,140.55
240.34,578.38
242.12,214.1
242,790.59
246.71,927.91
230,994
231.68,2.36
235.25,544.51
236.88,997.9
237.28,383.38
268.47,522.68
249.51,70.425
238.28,200.55
252.21,638.65
243.44,594.18
244.37,1197.5
245.28,695.7
247.95,1014.9
245.71,479.57
276.97,1140.1
249,726
254.39,1179
251.5,862
252,331
261.75,1108.9
258.67,867.87
264.96,982.95
256.92,890.56
261.86,798.27
274.45,338.75
265,1086.5
266.91,577.91
267.71,869.43
282.03,891.76
274.47,1066.7
271.09,60.804
273.8,213.24
285.44,861.11
272.5,1083
273.5,814.5
279.35,1042.7
325.36,775.79
330.32,1044.1
282.04,767.72
289.4,923.73
282.59,395.81
293.66,167.34
346.99,660.24
285.59,1082.1
287.72,506.34
299.03,1023.1
292.48,193.09
293.5,201.39
292.44,1154
293.95,154.9
306.23,820.85
299.61,712.19
305.79,740.82
314.48,557.52
310.5,874.5
314.71,719.33
313,869
314,855.5
316.41,677.93
316.29,1031
357.32,860.87
327.85,5.163
351.21,928.59
327,1071
329.4,229.4
335.44,888.28
335.13,991.87
340.79,611.92
344.76,193.73
347.12,229.97
346,493.22
345.5,798
355.82,1072.1
356.05,543.76
358.29,721.84
357.29,45.244
352.91,611.05
352.5,802.5
359.97,1139.3
361.84,979.34
360,734
366,568.87
366,446
370.13,699.53
383.04,1034.8
372.77,453.33
375.73,781.65
375.5,985
452.29,702.41
389.69,555.82
379.56,588.92
392.46,466.33
380.6,607.6
382.42,838.12
406.34,759.04
400.37,1059.1
390,939
396.08,811.13
396.73,610.33
397.82,737.84
402.26,829.49
419.27,604.21
402.5,889
403.5,846.5
411.96,196.96
404,507
409.32,1069
412.93,488.64
407.04,632.18
417.83,557.67
412.75,515.75
412.5,838
415,140.89
458.72,518.43
440.18,889.24
420.56,790.8
420.67,1035
475.08,827.1
428.34,1044.6
439.93,847.83
432.5,1176.7
432.05,1142.1
431.33,145.1
432,1153.5
438.95,74.52
439.17,134.5
435.39,537.88
438.84,755.51
496.64,1024.1
442.55,828.75
443.65,1082
439,1138
440.5,590
443.36,653.16
445.8,534.74
445.6,596.6
450.25,1112.7
447.6,550.26
461.36,137.26
449.04,576.6
449.33,997.36
454.81,642.95
469.56,567.94
452,601.5
452,607
461.91,1215.1
454,160
454,613.5
457.82,873.63
468.12,9.2054
463,584.82
464.57,848.81
465.67,535.17
478.67,1238.7
489.14,391.17
474.99,898.27
471.74,585.9
527.43,638.68
474,883
474,1053.5
478,783.5
511.25,1068.9
484.66,12.719
486.48,97.913
551.62,157.39
489.55,900.73
492.09,891.03
494.37,989.37
495.45,1000.2
493,817
500.72,91.303
499.4,661.95
500.65,1247
500,550.5
492.81,435.65
502,1145.5
503.5,134.5
640.57,895.54
508.55,980.77
507.64,1200.4
509,529.5
526.67,900.14
511.71,1110.3
520.57,500.17
509.42,679.47
512.05,1141.9
513.37,1133.9
514.94,138.06
569.42,1206.8
523.55,682.7
517.83,453.74
518.56,1185.3
536.19,533.93
538.82,813.13
541.88,458.38
529.16,719.97
527.9,56.608
530.63,836.96
558.23,1134.5
531.5,479
533.79,564.86
533.57,1151.4
546.86,745.89
542.23,552.3
539.4,887.88
535.77,1177.2
540.83,43.75
538,855
540.67,518.17
543.64,847.49
542.47,983.74
579.93,779.52
546.5,925
552.22,519.94
624.96,620.95
549,726
549.83,1166.1
561.75,20.061
552,911.5
556.31,699.12
553.5,788.5
556.6,996.74
557,856
562.26,1092.5
563.53,1225.1
561.58,522.53
561,1076
562.4,854.6
575.17,815.49
568.5,873.5
579.04,852.25
616.4,708.05
573.5,940
580.63,423.07
574.5,621.5
574.5,1008.5
577.94,1096.4
578,1107
591.83,1099.9
592.49,570.16
588.74,1126.4
588.57,697.61
590.32,1112.8
595.59,586.59
594.31,814.96
602.41,672.57
609.53,890.85
595,1162.5
612.81,7.1022
601.27,380.39
617.47,528.16
631.9,1052.2
602.56,813.92
607.13,1083.4
625.88,66.862
604.89,1147.4
613.14,1166.6
635.51,572.54
609.31,751.05
610.56,643.89
613.85,858.17
613.16,1023.6
611.07,1236.1
613.5,658.5
614,584
614.39,396.39
616.83,735.33
618.11,917.52
624.01,816.86
623.55,192.45
626.73,1218.7
633.66,242.98
624.39,413.57
633.64,747.02
629.32,362.59
631.84,37.455
642.51,12.579
633.71,126.4
629.41,398.06
631.92,1172.9
630.59,851.06
636.72,268.36
633.25,412.17
636.07,1235.9
697.33,71.257
636.17,874.87
637.95,372.64
636.6,768.4
638.09,399.05
638.67,729.72
640,502.5
641.5,497
642.98,990.43
728.18,404.54
702.95,190.73
650.49,195.01
823.41,367.58
647.91,532.12
647,273
650.14,787.06
650.08,261.68
652.91,1174.7
649,1184.5
671.4,1004.4
654.04,35.417
697.31,497.39
669.59,685.49
654.48,734.12
654.9,1246.3
656.68,432.91
656.63,451.87
681.97,542.24
662.4,761.13
670.07,1214.8
665.87,629.11
660,728
665.38,701.12
664,730
668.5,747.5
670,343.67
672.68,725.25
673.23,440.47
676.27,587.87
672.21,1246.7
675.24,350.93
674,455
678.36,472.02
677.5,343
679.65,775.19
680.68,706.84
681,1247.2
688.71,1058.2
683.33,1079.4
689.25,1131.1
686,575
742.61,1231.4
687,31.5
689.26,1163.1
699.54,1191.1
689.5,710
699.66,746.87
689.81,1093.9
690.42,434.11
690,1118
695.4,1141.5
691.74,570.29
702.04,701.21
693.19,1227.7
716.69,601.3
694.5,1098
697.66,428.78
697.7,719.68
695.5,780.5
698.26,572.41
697,1199.5
698.5,1212
703.66,524.12
705.31,134.85
705.51,768.35
714.17,905.42
795.97,235.75
708,724
739.54,543.91
710.77,740.91
729.51,848.08
738.39,1153.3
713,1204.5
713.61,1213.6
714.78,113.44
714.42,1152.1
773.11,129.51
727.16,687.71
720.69,1104.5
718,52.857
718.11,1190.4
718.96,351.41
723.98,109.64
823.51,623.68
723.94,670.06
723,1184
731.56,155.96
732.29,719.39
725.5,889.5
733.86,458.93
729.93,481.29
733.11,894.47
790.09,767.44
737.03,295.51
739.89,425.53
772.72,1109
740.13,252.47
740,453
742.2,770.2
782.41,1051.6
743,151
746,113.77
747.43,813.46
748.28,293.39
747.95,718.43
749.17,504.67
768.56,692.01
754.38,458.33
787.2,563.87
753,783.58
752.5,1068
755.61,497.2
756.5,816.5
758,313.5
761.2,802.21
759.5,737.5
760.97,985.93
759,1051.5
777.2,44.878
766.56,316.21
764.95,993.38
765.11,119.42
764.55,732.39
767.16,784.24
768.45,442.71
769,505.5
770.56,818.08
772.09,1160.9
774.17,305.09
772.75,358.25
773,789
801.49,852.9
782.67,1240.5
775,724.5
774.4,1155.6
783.26,991.96
777.66,651.14
778.07,790.59
780.57,1192.8
780.32,1203.9
840.74,795.73
784.86,1150.2
784.14,316
795.63,5.2203
788.17,1177.4
788.29,959.76
791.82,1208.9
796.53,726.34
802.57,1002.2
800.74,73.951
823.31,394.68
800.38,60.773
801.86,423.59
799.59,590.63
800.09,94.522
802.33,298.1
805.63,538.6
801.64,140.05
806.04,1223.7
846.37,1095.7
809.01,23.141
806.5,759.5
838.82,942.94
813.69,1101.6
820.96,736.69
826.99,1051.3
812.1,1073
814.67,909.27
814.77,483.2
813.5,1065.5
817.78,285.61
818.38,887.62
818.43,1003.6
883.84,34.488
825.48,1200
822,425
824.92,1185.3
825.6,416.92
836.65,464.75
829.06,60.806
857.26,142.44
831.59,701.31
834.58,874.97
836.12,115.46
833,1201
834,822
839.98,716.55
842.65,743.19
846.27,276.45
858.61,87.545
844,759.19
865.94,857.21
849.38,700.33
856.4,429.03
865.39,485.37
848.5,753.5
850.29,1067.5
855.16,291.58
851.59,809.96
925.26,1075.2
854,775
860.28,1188.8
857.38,253.88
858,270.67
858.67,1072.8
859,222
860.93,207.07
861.11,215.68
865.38,291.79
863.36,714.5
891.4,715.03
921.27,636.46
871.24,655.42
883.38,590.68
870.91,753.52
870.4,794.6
872.48,818.14
873.26,990.05
874.31,229.45
873.6,111.6
875,797
876,644
879,118.11
886.54,277.81
881.34,1013.1
883.04,369.09
883.44,447.33
884.49,825.09
883,1000
887.3,320.4
911.67,531.83
894.01,795.94
885.58,1023.1
898.44,97.432
890,376.89
896.41,490.33
896.09,662.83
892.47,835.72
901.97,684.56
898.55,1235.3
903.67,45.4
903.69,147.81
903.69,602.8
902.64,1011.1
903.76,646.28
912.85,1236.5
911.49,775.51
922.11,753.9
915.52,495.91
920.36,835.57
916.12,1209.4
924.7,862.96
923.83,720.08
928.48,906.65
927.36,791.5
928.83,894.07
942.28,11.889
941.2,494.65
931.91,695.77
931,914
934,742
937.32,840.38
1024.5,1205.3
939.4,826.6
967.1,792.38
941.83,912.91
941.13,1183.8
952.47,82.175
941,905.5
944.5,831.5
1002,398.54
960.82,684.31
955.03,903.28
959.84,567.33
965.94,30.394
958.43,579.74
957,588
957.58,1233.9
961.23,470.35
964.2,703.36
965.67,1159.4
962.13,938.91
961.58,920.89
962,1221.5
970.8,2.8519
964.16,713.68
997.51,958.12
971.04,440.51
968.71,549.43
970.66,848.28
987.68,638.45
1095.1,635.6
976.21,923.28
986.91,605.4
982.89,674.03
978,1077
980.14,1157.7
985.1,3.1356
981,1169
985.6,934.4
991.95,41.932
1034.4,929.29
987.5,436
1008.1,18.326
990.06,840.59
996.13,746.62
998.91,1021.9
1009.7,1025.7
1005.5,797.54
1000.6,1152.9
1002.9,730.56
1007.5,809
1012.4,1002.3
1012.9,1051
1009.9,758
1009.9,990.41
1010,637.5
1015,1091.1
1032.4,784.37
1022.6,1139.3
1016,1247.5
1024.4,878.6
1033.3,677.15
1027.8,1093.3
1022,1159.5
1023.2,946.77
1026.5,753.85
1026.2,443.67
1033.7,723.06
1025.5,1245.5
1040.7,1041
1028.9,569.75
1035.9,1017.1
1033.7,1245.7
1036,646.5
1039,434.5
1054.2,847.49
1045.8,1227.8
1046.8,505.35
1051,1058
1049,1067
1051.9,511.94
1055.4,1244.6
1057.5,776.5
1058.5,932
1061,1238.7
1059.4,564.06
1060.1,691.42
1063,766.04
1066,12.634
1064.6,553.39
1067.3,922.04
1069.8,421.18
1079.3,792.03
1068.3,1022
1067.9,1110.9
1078.1,2.8916
1071,1059.7
1089.8,946.77
1077,971.04
1084.5,1051.6
1088.5,1035.8
1096,464
1154.5,875.38
1098.9,1217.1
1099.6,537.4
1100.6,1231.4
1106.3,1155.6
1103.4,566.6
1105.4,542.71
1114.7,580.88
1106,1167
1143.7,1003.2
1193.3,221.7
1114.3,950.16
1114.4,1137.3
1114,730
1119.6,1059.5
1122.6,1161.4
1122.5,965.73
1132.5,1039.5
1134.7,607.22
1128.8,1049.7
1137.9,1151.4
1139.8,1213.7
1129.6,24.4
1134.1,983.97
1135.7,781.73
1134.7,963
1136.6,1028.1
1154.5,20.649
1145,978.22
1150.8,1060.3
1151.3,1088.2
1147.9,370.08
1164.6,1033.6
1151.1,802.94
1149.5,1073
1153.5,837.94
1157.9,619.11
1155,972.5
1158.8,981.35
1165.9,506.32
1169.8,1181
1160,1048
1167.4,1087.7
1166.6,651.48
1175.4,1225.9
1171.4,1155
1170,828
1205.6,771.11
1173.8,402.72
1190.5,944.26
1181.1,1052.2
1182.4,1206.4
1184,1018.7
1186,1151.1
1185,775
1185.7,1171.1
1192.8,1124.7
1192,27.571
1192.3,1234.8
1220.3,976.51
1209.1,1016.8
1224.3,342.55
1196.3,217.35
1221.4,1191.1
1200.6,705.17
1222.8,1156.2
1201.7,1241
1225.9,824.12
1203.2,1003.8
1202.5,924.5
1208.5,690.33
1223.8,620.92
1209,831.5
1211.2,884.32
1215.7,495.33
1215.8,1200.2
1220.1,307.9
1218,1226
1222.3,570.93
1223,434
1224.2,680.75
1224,561
1237.2,520.33
1225,884
1227.1,868.44
1228.9,244.83
1238.4,1073.3
1230.2,557.32
1232.3,947.99
1237.5,1025.8
1234.5,568.62
1229,692
1232.6,280.39
1235.7,481.67
1235.6,102.6
1238,265.48
1235.8,401.23
1242.3,240.34
1242.4,204.96
1238.6,582.11
1240.6,145.37
1242.4,296.2
1245.2,346.21
1244.1,6.0909
1244,376
1244.7,879.59
1246,805.88
1246.8,645.5
