8.5641,604.08
11.294,615.21
13.5,826.5
15.439,768.34
21.197,229.34
22.034,589.4
23.58,10.84
20.633,883.37
27.37,351.98
28.143,905.19
31.504,85.016
30.564,993.08
33.311,1114.9
43.276,1223.6
37.091,143.91
40.566,335.66
44.333,666
53.522,342.07
57.745,246.5
58.46,1187.5
62.5,328
64.932,703.47
70.959,1035
72.378,368.02
73.097,1212.2
81.465,1185.3
85.143,338.5
92.275,1170.2
91.474,127.93
95.68,484.9
98.917,571.92
101.83,275.51
103.2,179.11
103,327.17
103,385
103.07,1228.4
105.35,427.43
103.91,1015.9
124.27,174.15
128.39,696.89
128.11,187.58
136.92,310.49
140.84,1020.7
144.24,548.37
142.63,597.97
143,1170
154.4,535.71
153.57,317.83
157.22,719.4
157.5,921.78
160.69,795.91
166.16,412.07
175.37,285.63
181.39,1218.2
180.2,1104.5
176.58,333.11
181.12,877.63
191.96,380.85
189.5,136.5
192.24,588.62
194.88,1047
196.95,347.48
197.33,609.47
199.54,856.72
202.5,81
207.82,474.76
206.57,1060.1
211.94,1230.3
213.65,457.5
215.85,1184.4
215.33,424.56
227.98,555.16
220.33,234.83
223.53,931.76
222,957.17
224.94,294.74
235.57,805.18
234.44,1171.9
240.94,181.8
245.54,1125.9
245.65,656.17
246.86,325.5
247.61,1194.4
248.5,528.5
258.2,629.93
266.5,275.8
264.71,985.07
271.62,600.79
273.11,928.49
275.07,613.8
276.73,294.24
279.4,1171.6
298.83,717
304.6,899.38
317.51,1195.5
306.39,306.1
302.08,1162
306.56,1210.2
306.21,465
306.84,594.43
308.54,851.85
311.27,420.35
310.91,519.09
318.08,767.92
318.5,904
324.43,260.24
331.91,17.552
329.5,859.5
329.93,954.98
340.08,1173.8
338.4,391.6
341.91,487.91
344.07,22.036
346.75,391.25
350.73,643.47
348.43,678.05
355.22,1110.3
356.54,537.35
354.93,1186.9
362.52,717.42
361.86,863.86
368.66,381.48
369.02,1033.1
370.22,751.23
373.11,923.61
373.36,1169.7
377.5,433.35
382.94,152.53
386.52,203.7
389.74,1096.5
395.94,1044.4
396.6,761.82
397.06,711.43
405.17,791.74
404.79,223.61
405.86,452.65
409.35,868.58
410.79,559.12
410.88,962.12
413.64,933.26
411.46,1123.9
413.93,246.41
420.42,4.1053
427.95,508.37
426,623
428.82,370.38
429,19.5
430.5,1042.5
432.39,950.14
432,1212
443.11,1111.4
446.42,1049.9
451.22,53.374
449.4,959.96
453.69,477.17
456.68,28.267
456.2,437.56
458.48,1224.6
460.77,387.1
460.46,446.08
460.46,638.08
465.12,838.13
478.06,720.24
477,928
481.02,1122.8
480.47,257.95
499.07,55.924
490.07,9.4138
490.14,1001.2
492.88,24.234
494.09,649.91
494.93,869.49
496.42,102.89
497.07,201.59
506,297.75
509.91,512.84
512.88,999.88
512.57,1084.9
514.43,115.43
518.85,1231
517,898.83
518.57,916.32
520.7,33.5
527.27,67.602
523.94,154.59
526.92,320.54
528.94,818.41
533.44,33.237
535.46,89.833
533.08,915.08
535.5,857.5
536.23,1154.7
543.84,770.17
542.06,194.6
541.61,732.86
542,1143.5
542.69,338.14
546.59,746.67
543.81,1011.9
544.56,1056
549.58,31.689
548.41,383.65
546.09,895.09
549.42,1100.4
549.93,514.41
555.19,1142
557.04,119.43
560.08,158.96
560.27,104.35
562.52,308.15
565.76,1240.8
570.23,817.18
566.5,987.14
567.29,350.55
572.05,231.53
572.75,1142.4
576.68,976.3
575.21,82.034
577.47,991.84
581.06,25.03
581.1,720.57
591.8,68.495
592.6,427.91
594.5,954.5
594.07,937.01
598.6,45.405
599,21.25
599.41,770.5
600.71,975.71
602.74,115.45
603.39,1025.3
605.86,1214.5
603,229.5
606.5,1121
611.09,561.84
607.86,335.35
608.46,930.04
608.5,1140.3
609.79,1174.6
611.65,671.5
615.16,17.722
613.88,965
616.56,194.62
614.9,1106.4
618.39,31.455
618.79,637.5
619.15,1027.9
623.69,392.66
624,809.5
629.43,943.57
631,314.5
631.09,1012.9
637.85,18.438
634.93,530.41
648.59,319.32
648.32,1246.6
654.6,1057.2
652.63,641.62
652,860.5
655.92,45.763
659.71,73.712
662.1,151.02
660.69,199
665.88,1221.9
674.03,236.25
675.27,294.95
681.85,1224.5
687.24,1101.4
686.42,721.26
691.13,668.87
692.5,365
694.43,1057.9
702.19,692.62
701.89,1246.3
703.57,468.55
700.94,867.09
703.53,33.581
704.59,751.93
705.2,1122
712,717.68
717.62,655.6
721.07,1045.2
729.83,832.64
729,336.68
730.83,387
735.04,631.29
735.31,899.89
734,12.5
734.56,563.56
739.05,466.75
741.59,697.93
744.54,1066.8
747.94,100.4
751,53.5
753.75,367.77
759.53,501.95
759.66,620.93
765.6,940.61
769.98,341.64
770,752.5
776.37,426.27
775.5,60.353
778.49,1185.3
783.18,1030.7
782.61,1155.1
786.29,777.69
783.6,733.4
786,18.679
788.65,1088.2
791.31,730.16
800.58,50.97
803.6,1108.4
803.11,745.37
805.63,534.37
810.23,103.29
811.07,704.47
813.31,859.98
819.25,89.05
821.67,769.89
830.2,244.03
824.83,843.78
826.92,30.56
831.92,794.59
837.55,578.96
834.26,752
841.62,611.62
847.21,1065.1
854.41,1087.1
852.6,54.46
852.62,508.3
851.15,1048.5
851,499
854.81,1245.1
860.17,1102.9
860.77,99.774
866.91,1044
863.98,1191.6
864.05,879.63
864.63,774.37
867.94,678.98
880.31,48.377
878,1244.3
881.31,803.47
889.67,1047.8
891.28,355.37
888.19,882.95
889.84,58.132
891,111
899.56,269.91
901.96,500.71
903.59,478.9
903.9,550.39
907.76,1202.5
910.46,11.646
912.25,30.261
915.57,1083.3
913.92,698.46
923.43,619.15
924.06,4.5
922.29,1146.5
927,27.5
927.9,752.38
931.93,703.59
936.13,839.96
936.73,383.31
935.55,1001.6
939.53,578.21
944.01,24.067
942,369
951.73,1059
949.5,600.22
951.55,714.43
952.44,963
961.89,539.55
960.5,929
961.5,727
967.63,196.28
965.09,681.5
969.12,906.86
969.95,347.08
973.12,110.88
976.23,1167.2
978.67,576.56
979.7,1079.8
980.73,961.51
983.07,1155.1
985.86,855.38
993.98,554.12
990.24,736.76
993.38,147.49
997.25,56.494
996.83,186.82
996.67,495.89
998.06,1244.2
1000.1,213.37
999.18,1008
1001,1071.2
1000.5,599.38
1004.8,988.51
1006.6,769.4
1005.1,1180.9
1006.7,873.99
1007.7,959
1006.3,891.6
1009.4,756.97
1012.9,108.33
1017.4,875.45
1018.9,525.96
1021.1,998.63
1026.3,122.53
1029.1,516.93
1029.6,535.45
1031.6,885.88
1031.4,249.94
1033.9,407.13
1036,817.83
1036.8,1071
1044.4,6.8588
1049.5,800
1056.4,315.68
1050.9,29.091
1057.7,779.13
1061.4,989.1
1059.3,376
1071.1,1183.6
1070,62.346
1082,24.435
1088.6,651.87
1092.6,248.89
1096,207.57
1099,907.31
1100.5,1184.4
1110.9,893.5
1112.2,988.93
1111.4,1138.6
1120.7,109.44
1120.2,238.53
1119.9,424.09
1121.9,159.59
1125.1,930.12
1130.2,212.79
1130.2,1090.5
1137.9,74.028
1146.3,1003.7
1141.6,498.63
1148.7,795.52
1147.3,941.13
1148.5,622.24
1152.2,979.43
1152.6,272.54
1151.4,719.14
1153.1,1038.3
1152.5,540
1156.9,356.07
1178.9,1116.6
1177.1,813.59
1183.4,1200
1186.4,1168.4
1190.8,673.72
1194.8,397.41
1192.5,926.04
1193.6,1217.2
1195.9,794.31
1200,1073
1202.4,252.11
1204.5,784
1206.9,117.44
1211.5,193.48
1215.3,1167.5
1210.6,513.6
1217,499.54
1219.2,1098.2
1220,901.5
1220.7,184
1228.3,1079.2
1231.7,619.4
1230.9,1025
1237.3,1061.3
1239.6,31.914
1243.1,915.8
1239.5,223.78
1239.7,540.78
1242.3,7.3469
1242,167.5
1245.2,848.24
