4.6405,312.54
4.8511,343.93
4.3286,716.66
2.2333,732.93
3.1053,870.58
4.6071,1148
5.6,439.92
12.14,965.18
17.363,1095
17.545,95.582
15.521,293.79
17.786,753.88
14.244,1061.1
15.968,492.21
16.165,993.19
20.011,1184.8
16.781,1246.7
22.551,621.13
23.903,249.46
20,900
22.822,681.94
25.683,934.62
26.772,31.911
28.536,444.98
29.314,3.9608
29.264,1017.9
29.773,339.11
30.558,353.88
30.5,378
34.519,426.9
34.556,538.06
36.236,1136.5
34.962,292.46
38.941,498.93
43.615,734.2
41.315,1156.9
42.803,714.4
50.709,591.39
47.189,1231.2
44.897,322
45.6,554.5
48.521,810.88
53.341,70.022
53.495,276.36
61.634,18.304
57.017,1032.9
57.185,903.88
69.022,983.81
64.726,505.83
60.464,886.03
58.447,237.23
61.148,291.54
60.375,262.34
60.5,1203
60.579,450.11
66.539,335.24
67.011,115.48
67,488.15
74.51,647.62
77.954,222.66
75.091,264.09
87.138,31.073
88.78,700.76
79.5,746.5
86,678.61
90.897,935.95
96.693,244.95
89.208,1144.5
91.876,421.63
93.878,624.24
93.754,768.22
95.309,543.66
94.84,603.28
103.51,9.404
99.412,1082
104.5,983.09
98.472,1160.2
109.3,62.691
99.074,295.59
99.857,642.8
112.12,795
103.2,428.39
107.42,922.62
106,72
109.29,333.79
110.12,454.51
109.67,308.2
116.6,576.62
117.23,620.14
117.32,124.89
117.38,1196.4
118.22,1246.7
125.15,673.19
123.54,1048.8
121.58,338.11
126.45,423.84
124.67,378.17
126.09,825.87
128.88,225.95
130.91,401.1
126.5,370
134.75,960.3
140.58,55.919
145.2,566.39
141.68,16.622
145.43,891.11
146.07,1157
146.41,810.53
146.64,81.211
147.19,1021.4
148.13,240.11
146.5,395
149.67,877
153.93,756.41
158.85,604.38
162.51,633.56
162.54,1089.7
165.22,1137.1
164.1,147.17
165.56,274.61
167.89,900.23
165.95,1107.5
171.25,484.6
168.88,530.12
175.57,605.03
172.74,1206.2
173.2,881.68
174.58,715.42
176.59,842.59
188.13,992.21
184.48,1192.4
178.47,942.43
184.49,23.128
182.09,764.09
183.55,469.79
183,790.33
198.22,497.14
189.05,631.94
191.66,384.83
189.58,444.85
190.79,1176
190.47,101.65
191.9,37.62
190,791
192.71,1246.7
204.79,919.77
207.64,583.91
205.05,1209.2
213.09,1133
210.17,51.179
206.6,444.6
214.79,22.384
212.62,313.46
212.08,873.07
210.59,852.93
216.6,120.09
216.86,676.94
213.45,723.91
217.02,750.24
217.55,245.14
215.12,902.38
222.67,481.42
220.37,634.97
219.3,1108.3
220.6,1021.1
224.25,936.68
227.29,705.71
223.43,909.61
227.72,558.62
227.76,769.39
233.57,792.07
230.09,582.58
242.43,996.09
235.5,892.98
235.69,83.882
237.11,824.27
240.58,1203.7
251.44,657.36
238.74,113.22
237.68,717.92
245.12,449.25
238.12,675.65
243.47,1100.9
242.3,572.87
245.11,1175
249.12,48.518
247.07,282.85
249.91,1144.5
252.54,963
260.24,1102.3
263.51,1030.2
267.83,112.14
267.96,1210.9
266.04,47.4
268.97,76.551
267.95,94.784
269.45,553.55
268.91,612.79
292.57,973.89
268.38,274.12
272.53,594.16
275.5,1065.1
276.61,317.71
278.54,504.87
275.65,921.88
283.33,58.517
281.15,864.68
281.11,24.421
283.94,702.41
292.67,770.43
293.13,620.2
294.81,841.54
293.72,5
298.47,895.17
300.46,287.4
296,632
298.84,1028.2
300.48,743.39
303.36,1101.9
302.84,446.4
304.39,490.36
300.2,691.44
302,429.21
303.33,418.05
314.12,1034.1
312.72,435.84
313.7,1127.5
316.85,1179.8
317.58,640.02
315.36,1146.5
322.56,140.51
326,281.41
327.55,809.49
327.16,536.96
331.66,1141.7
331.55,376.91
337.75,727.7
331.8,1079.3
333.57,209.86
333.73,931.57
344.66,1237.4
337.08,1096.3
343.24,595.73
343.05,101.35
343.04,284.82
345.45,912.59
347.22,929.22
370.35,865.82
347.5,1051
350.37,1158.7
351.22,764.67
356.32,481.83
365.12,807.34
360.47,1203.4
361.35,371.78
378.79,588.61
369.08,286.38
362.62,931.07
374,1241.3
372.81,70.913
380.35,421.9
379.82,1175.5
381.95,1006.7
374.67,270
382.13,154.5
406.36,919.16
389.26,722.44
395.13,957.24
389.16,898.74
387.61,123.14
388.5,34
395.35,617.85
395.23,1191.2
401.52,534.95
403.78,234.77
400.06,134.58
408.62,95.364
407.41,570.11
413.61,265.83
407.5,695
414.2,960.5
412.8,1108
411.22,452.57
413.96,119.68
414.63,552.13
419.45,537.08
418.67,1084.7
424.29,404.43
422.14,933.03
426.84,1187.1
428.94,234.79
427.5,536
435.05,958.64
434.83,1002.2
434.09,349.94
439.38,829.15
440.41,915.22
441.57,1071.9
441,62.55
443.08,174.57
453.29,560.88
444.21,1040
451.98,1128.7
450.07,37.129
452.13,608.25
463.43,699.7
458.52,465.44
454.79,121.58
462.53,952.17
459.37,213.37
461.13,146.94
469,61.859
465.6,1075.7
473,246.89
469.92,602.46
473.12,648.28
468,1037.5
472.63,750.84
475.02,782.68
479.12,167.14
473.83,546.13
481.56,4.8026
480.66,584.49
477.9,571.84
482.84,1159.6
480,428
494.22,710.95
483.36,381.51
482.9,612.22
485.02,128.49
485.84,1027.4
485.05,50.909
484,431
490.58,951.53
493.66,1105.9
490.15,66.68
486,543
489.86,279.79
495.8,1245.4
498.12,465.59
500.43,528.22
497.92,870.12
500.88,22.534
508.32,940.22
507,643.09
504.28,1214.3
512.18,314.29
511.24,625.85
516.07,43.218
509,423.5
516.03,257.47
515.5,1238.5
524.59,714.92
525.47,1186.4
523.32,803.88
528.88,91.506
527.49,1147.8
530.13,296.67
529.61,609.83
534.2,120.26
534.56,185.28
534.81,753.75
534.08,1101.9
538.92,805.89
538.04,563.04
541.59,458.96
540.68,1072.6
546.87,1155.4
540.83,510
548.64,267.36
551.33,856.84
545.53,1183.7
552.09,722.55
549.54,758.57
551.81,887.22
549.32,1192
553.73,1102.5
556.67,507.55
557.02,637.17
555.87,587.95
559.56,142.54
563.61,830.73
564.8,489.25
572.3,619.01
582.97,812.21
571.24,976.19
574.03,660
573.17,181.21
574.48,837.96
575.08,146.44
579.59,1051.7
579.67,103.91
577.63,905.09
586.21,1142.9
590.83,384.62
583.5,408
584.42,173.89
590.43,626.33
590.5,849
588.96,864.46
593.62,222.45
603.12,1044.1
597.56,184.15
604.76,847.18
598.5,785
599.5,509
605.83,598.23
605.07,120.83
601.8,739.5
611.23,1177.5
608.17,97.593
609.37,884.51
609.1,583.74
610.82,39.446
610.67,159
612.06,172.96
612.66,560.02
611.29,984.66
613.16,707.6
617.96,401.34
617.9,1239.2
620.32,547.09
621.28,572.87
623.06,467.43
632.71,299.84
629.73,689.48
629.03,733.89
628.46,1227.2
631.07,413.94
632.03,1106.3
632.25,512.82
633.38,1019.8
633,820.5
635.91,62.909
641.74,990.1
651.87,1151.8
643.01,38.025
643.91,971.09
655.69,170.39
650.49,1240.1
657.4,240.99
655.48,1002.8
662.8,1196.7
661.65,128.05
662.37,284.58
660.63,452.32
661.86,812.44
664.92,985.54
661.13,524.97
675.86,481.8
674.42,968
672.51,636.51
682.82,828.35
677.41,1109.4
674.5,1246.8
678.16,539.5
676.72,1141.1
681.37,673.87
679.11,157.98
683.66,1034.8
681,32.826
681.45,260.45
688.1,58.368
692.58,873.71
695.32,1148.2
689.69,335.45
688.7,704.85
691.07,936.91
692.4,459.13
698.65,18.091
698.16,483.05
693.3,422.1
697.8,920.31
696.19,254.59
699.92,803.4
696.84,117.8
698.31,1064.1
698.41,775.07
700.04,78.578
702.28,149.6
699.41,1184.1
705.37,670.73
706.1,728.76
705.07,410.59
705.54,895.85
705.41,1174
709.5,910.5
717.82,108.89
723.17,363.92
717.56,983.9
718.88,1129.3
721.77,292.15
721.49,1204.7
727.06,731.05
727,1174.5
728.88,544.71
731.3,833.45
736.5,610.71
736.88,10.99
734.79,219.27
740.06,683.5
738.5,754.5
744.9,125.32
740.84,339.22
741.73,818.55
745.12,1025.3
743.74,163
746.25,974.91
744.03,91.322
755.74,37.197
749.79,1159.5
753.33,306.4
754.71,83.034
751.58,405.11
752.32,648.76
757.11,173.56
761.98,820.87
758.96,249.85
755.9,382.76
753.43,632.43
762.65,333.43
763.69,689.86
765.48,1208.8
767.06,728.31
771.19,909.67
774.86,484.12
775.09,1130.3
783.52,264.03
778.23,1225.3
778.79,595.88
777.92,1171.3
781.49,191.23
779.49,812.54
779.33,967
785.79,136.92
784.58,923.05
789.45,1076.7
788.91,779.88
788.14,33.429
795.52,103.32
798.21,1017.5
799.87,193.5
806.8,465.38
809.86,423.89
829,86.158
814.71,656.94
814.38,38.375
817.77,1139.1
816.53,505.07
816.99,1045.8
818.69,1246.4
820.21,798.61
818.61,596.25
827.26,315.31
821.58,969.03
824.22,832.92
829.89,441.18
826.5,1183.8
835.04,623.86
829.13,349.76
827.93,751.41
833.31,1155.4
835.69,1203.6
837.69,330.58
838.65,62.619
836.5,277.5
846.07,258.91
845.19,1044.5
843.78,401.54
849.31,148.37
846.81,995.17
849.49,18.118
849.94,203.49
850.21,483.5
854.51,1233.7
855.89,325.91
861.39,519.94
855.44,708.92
859.2,894.33
860.91,617.54
865.47,213.93
863.1,50.552
863.85,89.62
873.58,1018.1
869.25,336.25
873.57,633.43
879.66,672.68
873,808
877.22,9
874.06,1071.9
878.52,72.947
875.5,721.5
879.77,393.14
879.73,451.02
878.17,109
886.14,835.47
890.64,1192
888.3,227.84
892.45,1111.5
893.69,965.83
889,145.33
894.57,891.12
894.91,1033.1
892.54,766.22
896.52,815.05
898.74,947.18
901.07,172.11
903.05,715.12
900.91,551.82
904.77,863.96
907.12,281.63
907.5,302.7
909.19,831.52
906.36,1007.5
907.58,115.89
911.63,453.37
911.97,1113.3
913.05,746.83
917.05,334.26
915,982
920.13,546.79
927.71,48.219
922.46,1129
926.75,624.46
927.04,983.62
931.32,248
933.24,899.13
933.12,202.62
932.54,858.09
943.73,804.58
941.13,1236
944.52,757.58
944.48,553
943.55,615.49
948.04,368.93
961.51,446.02
958.04,664.07
956.42,888
960.95,983.38
958.58,13.167
962.42,1054.3
964.87,111
970.44,167.69
970.71,304.52
974.02,11.444
967.95,322.31
986.04,1177.9
972.33,1018.9
972.42,1134.9
974.91,692.17
974.93,858.4
979.78,107.18
977.34,999
982.31,515
981.38,591.62
989.77,326.48
985.55,1083.3
988.55,603.69
993.76,653.9
996.31,692.69
1004.3,799.08
1003.3,174.01
1007.4,238.08
1007.9,384.87
1005.3,33.588
1008.2,1240.6
1004.6,78.105
1015.1,208.6
1011.1,473.41
1013.8,630.24
1019.9,527.2
1020,271.16
1018.8,423.24
1022.9,571.44
1022.4,165.05
1026.2,959.58
1025.6,766.3
1034.6,977.19
1036.4,84.844
1039.3,1067
1036.7,1192.8
1037.5,104.11
1036,1230.3
1040.3,277.91
1042.3,1034.2
1040.6,433.48
1040.6,1162.3
1045,52.714
1046.4,450.13
1052.7,887.07
1053.3,926.18
1054.7,155.06
1053.9,236.55
1057.5,259.25
1058.7,1175.4
1072.5,570.66
1060.6,946.6
1067.6,1246.3
1066,639.5
1073.5,358.61
1069.9,623.8
1070.1,1.7368
1077.5,248.68
1074.7,156.6
1078,524.22
1074.8,911.76
1076.8,696.98
1077.9,201.91
1080.9,40.079
1082.8,436.14
1082.8,1117.2
1086.8,660.99
1083,1065.5
1094.3,985.79
1085.4,539.48
1089,897.25
1090.3,844.26
1091.4,874.3
1091.5,1224
1091.7,686.48
1090.7,22.793
1094.9,806.2
1097.3,110.62
1104,786.25
1099.8,135.57
1101.9,154.09
1101,594
1105.9,340.61
1111.3,425.16
1108.5,593.58
1119.9,642.14
1116.7,1106.8
1113.9,103.58
1116.6,981.73
1113.2,1053.2
1112.7,548
1120.1,15.087
1117.5,1063.5
1119.5,1125.2
1123,78.714
1120.5,207.5
1125.9,528.46
1129.9,1118.7
1134.3,888.46
1132.2,165.62
1131.1,288.35
1131.4,869.91
1131,37
1133.8,123.25
1140.2,237.59
1135.1,1222.2
1136.4,20.964
1138.3,89.25
1142.5,795
1147.6,137.24
1149.7,372.91
1152.3,917.05
1154.4,101
1148.2,1097
1148.4,895.06
1159.6,57.13
1152.5,453.5
1155.9,1192.8
1156.4,427.87
1159.6,333.61
1159.9,126.34
1161.2,1064.8
1165.6,817.25
1163.8,198.46
1166.6,388.69
1165.6,997.1
1166.6,142.05
1170.4,365.11
1169.8,1042
1170.3,612.21
1175.7,32.246
1190,260.19
1180.9,642.26
1178.5,106.61
1180.9,873.55
1181,330.41
1180.6,49.339
1183.1,538.4
1180.6,582.61
1186.5,1134.1
1192.4,160.87
1194,523.76
1188.1,347.42
1193,1219.7
1193.7,24.431
1189.7,502.07
1198.1,380.36
1199.5,552.39
1217.5,56.938
1196,592.22
1199.3,1022
1201,291.9
1197.5,506.18
1197.5,738.17
1197.9,811.14
1200.1,844.68
1203.9,1090.4
1206.6,914.12
1206,178.64
1207.4,130.2
1210.3,575.23
1210.5,1066.2
1213.7,1165.8
1218.5,1225.5
1216,901.5
1224,936
1219.9,339
1219.7,108.65
1224.5,1132
1228.8,285.11
1230.4,315.66
1226.5,142.84
1232.3,495.08
1228.1,838.62
1226,1150.5
1234.4,17.966
1231.9,1192.3
1240.6,1128.9
1240.6,340.81
1242.4,585.37
1243.8,992.31
1241,1167.5
1243.3,608.27
1243.8,152.62
1240.4,173.89
1245.1,772.18
1246.1,27.917
