2.6154,716.13
9.1799,190.76
6.8243,806.34
9.0412,775.39
8.7442,287.14
13.016,845.19
8.6111,1235.1
13.161,337.45
16.292,217.52
18.541,293.93
20.344,457.91
17.5,816
20.549,252.08
22.366,275.41
24,493
33.883,1055
36.663,570.64
50.045,286.03
41.191,439.37
40.633,21.633
47.566,44.547
50,1205
54.475,301.27
62.745,893.79
63.765,1211.7
62.576,1188.6
64.635,613.58
65.787,999.84
66.549,626.02
72.215,214.4
72.571,448.39
71.429,316.5
71.698,818.62
72.071,3.6905
73.593,253.3
78.796,363.12
76.5,606.5
79.25,107.56
79.312,66.494
80.611,163.14
87.077,242.24
87.524,279.65
86.524,428.48
89.44,12.08
93.389,844.39
101.55,269.31
101.9,634.62
110.34,139.09
113.37,805.63
114.36,1245.5
116.7,713.92
121.76,16.809
119,1099.4
119.83,214
122.94,782.15
132.82,980.01
134.11,1035
137.21,579.79
141.13,261.55
140.81,327.53
144.72,196.77
142.97,230.06
154.92,1011.4
160.08,448.28
160.93,211.07
166.67,976
169.92,831.44
171.54,149.91
173.57,1192.4
172.09,782.91
179.37,556.81
183.1,491.46
183.12,366.09
183.3,386.25
184.88,165.35
187.46,1235.1
196.25,670.01
196.5,591
200.44,88.08
199.5,556.5
202,519.82
203.55,1124.1
205.5,1223
210.63,35.648
209.82,1042
215.18,194.28
217.15,144.4
216.22,1149
219.95,1062.7
221.39,1244.9
223.04,6.6458
224.59,1186.5
228,571.5
236.83,1173.6
250.2,1013.7
253.38,342.29
260.41,93
260.93,533.2
263.61,1028
264.91,803.09
272.56,610.97
276.84,1073.2
280.58,162.55
290.76,796.9
294.56,74.361
297.5,532.28
300.19,158.95
302.88,418.36
307.71,31.743
305.6,361.1
306.57,122.28
309,1001
317.32,1200.1
314.64,1186.3
313.85,146.46
315.06,626.82
319.36,771.32
329.24,319.74
322.58,1120.6
330.31,793.09
331.5,182
331.55,648.58
334.06,88.694
334,497.5
341.03,550.55
341.99,60.659
343,584.5
355.58,436.11
363.42,1059.8
366.5,178.5
369.36,1085
370.83,305
374.08,528.77
371.26,814.03
373.98,285.28
378,404
381.35,593.49
378.98,879.92
383.11,650.2
380,931.5
381.97,980.46
384,958.5
388.4,842.46
387.7,817.5
394.24,1241
397.41,555.82
397.33,1193
402.07,1161.9
405.5,1232.5
406.45,306.55
406.12,795.65
420.38,1046.1
417.94,1232.9
432.06,1112.7
447.98,459.21
442.37,546.37
443.82,997.18
447,26.333
452.4,972.1
452.58,588.45
456.09,668.47
466.09,549.43
470.4,34.256
468.5,1089
472.43,849.05
478.68,1123.2
482.54,422.41
485.05,1023.5
483.44,358.8
487.61,838.14
491.09,756.91
494.39,573.45
507.26,565.76
510.55,1159.5
511.86,1088.5
514.5,516.5
518.5,1223.1
521.84,762.93
525.86,449.31
525.2,734.93
526.88,312.93
527.49,396.82
527.93,61.957
527.12,852.12
527.88,536.35
534.05,889.83
534.14,521
536.16,1216.5
541.51,349.81
551.5,441.38
552.91,504.09
554.15,1144.7
557,698.5
563.11,805.86
560.5,606
566.45,1168
570.97,440.07
574.5,1.8
578.56,995.4
580.09,736.91
582,642.65
585.78,875.32
587.56,373.04
586.67,111.83
591.04,163.26
599.38,91.371
596,922
595.5,1141.5
600,707.35
602.18,630.14
599.55,687.55
605.39,420.61
605,589.5
608.56,358.52
612.95,317.04
610,390.75
611,642.5
620.72,1052.2
630.78,495.9
630.5,1074.5
633.18,415.82
636.64,529.72
636.22,1154.3
635,910.68
638.89,711.13
644.97,832.64
645.02,870.4
651.63,793.67
650.97,149.03
652,196.5
653.49,336.07
652.4,643.6
658.06,1029
663.47,305.93
663.96,835.61
665.35,664.47
668.5,365.38
670.83,145.23
670.5,1146
672.71,720.57
676.73,774.87
680.51,36.417
679.5,1246.2
681.46,619.92
685.76,606.22
687.4,116.84
685,307
687.06,862.7
691.51,807.42
689.39,650.16
701.32,489.97
716.29,867.93
710.71,1049.9
711.13,755.09
729.18,783.07
738.82,715.33
739.74,663.4
747.22,353.49
753.5,1002.6
755.47,70.729
757.2,632.49
756.16,1046.3
770.55,1233.5
762.53,420.28
764.63,283.37
764,499.83
769.68,511.83
767.83,1211
769.62,924.43
775.58,298.11
780.61,796.44
779.04,1115.6
782.37,602.8
784.61,168.14
783.8,921.44
790.59,32.049
787.84,324.43
798.41,1085.1
799.16,620.11
797,1059.1
796.8,994.56
800.05,706.39
802.63,608.37
804.04,725.74
802.85,767.35
809.13,1119.7
808.42,821.91
811.16,1168
817.38,373.86
819.42,1058.6
822,441
821.07,1173.4
824.12,747.12
829.92,368.59
828.74,780.07
830.84,820.56
831.48,910.48
829.45,1167.4
832.6,262.03
835.91,91.397
835.55,504.54
837.61,215.39
841.35,183.48
850.41,49.898
847.25,340.36
849.91,28.091
854.41,940.08
858.98,1081.9
866.23,28.613
865.54,119.35
865.18,1132.5
867.53,941.16
872.34,43.698
880.08,1182.9
876.59,160.37
878.55,1003
881,992.5
887.83,939.48
889.55,276.92
889.16,530.83
890.45,673.66
894.42,826.58
896.07,465.38
897.73,1098.5
903.4,733.82
906.46,988.22
911.64,699.45
912.22,168.82
916.95,289.95
918.33,857.35
919.47,813.24
920.64,271.45
920,118
927.67,968.12
924.57,124.61
927.62,946
929.43,13.485
930.02,248.08
930.29,1072.5
939.55,815.72
940.19,257.47
939.57,899.53
942.36,1166.1
946.51,592.08
942.09,917.09
948.15,429.65
951.14,794.99
950.65,478.58
950.5,1032.5
951.87,192.03
954.12,238.88
954.56,547.34
960.17,97.372
957.91,180.91
957.88,1159.2
962.14,1042.2
961.46,128.59
964.47,860.16
966.91,346
967.88,412.37
965.46,823.41
965.93,1016.6
973.83,229.45
976.61,1121.1
974.82,642.67
978.5,626.13
978.5,139.5
984.45,779.75
983.25,873.09
984.23,1010.9
983,245.5
987.68,195.62
985.5,987.5
986.91,167.09
988.81,282.07
999.38,115.53
995.52,172.57
991.08,234.44
991.78,269.9
993.27,1078.4
999.4,546.44
997,495.5
998.77,284.97
998.08,1184.7
1001,48.618
1000.3,201.57
999,717.5
1002.3,1005.6
1006.4,813.25
1003.7,329.04
1004.5,636
1007.2,156.44
1011.5,1067.8
1008.7,565
1014.6,20.587
1012.9,1119.6
1018.4,136.04
1016.7,216.76
1018,409
1019.5,259.5
1018.6,822.11
1021.9,177.08
1023.4,376.4
1025.2,828.07
1026.6,215.59
1027.3,776.79
1034.3,496.6
1037.9,600.96
1036.9,782.06
1038.9,285.83
1043.6,74.887
1049.5,114.19
1049.7,957.58
1055.7,1178.2
1053,356.07
1063,514.11
1063.5,1083.6
1067.6,560.56
1064.5,148.5
1066.7,229.35
1069.1,753.45
1070,905
1075,340.07
1077.2,419.07
1075,604
1075.8,657.1
1079.7,681.94
1079.3,866.53
1081,920.58
1083.5,185.55
1083,103.5
1085,1005.9
1086.4,762.02
1087.8,482.6
1088.1,221.48
1089.1,249
1091.1,231.09
1091.4,987.31
1097.9,47.819
1096.6,113.6
1097,209.41
1095.2,586.48
1095.8,1165.8
1099,239.77
1098.1,396.7
1097.5,1004.5
1106.5,865.04
1105,192.54
1111.6,233.93
1111.5,350
1115.8,1000.2
1118.2,1237.3
1120.8,338.45
1121.1,536.01
1120.6,722.22
1123.4,277
1128.4,84.895
1138.2,788.38
1143.8,1208.1
1142.3,161.4
1142.2,509.38
1144.8,478.32
1147.9,551.43
1149.6,301.62
1147.5,520
1154.1,1143.7
1155.2,1238.8
1164.7,1196.5
1162.3,628.22
1165.9,835.66
1163.5,993.11
1164.8,1129.6
1169.2,478.84
1171.9,1156.2
1170.4,700.08
1177,1230.4
1173.9,14.586
1178,654.16
1186.2,1049.5
1189.2,1200.6
1191.5,735.5
1194,940.88
1208.1,90.232
1209.9,1124.7
1214.4,1094.2
1213.3,1140.5
1214.6,302.98
1214.6,49.105
1216.6,136.09
1220.6,286.53
1224.1,830.08
1226,752.03
1229.5,1197.7
1232.6,1024.8
1238,39.441
1240.5,1146.4
1240.7,1078
1243.5,282.83
1244.5,413.5
1245.6,1028.4
